 Incident particle is a Tau with M = 1776.82000 MeV
 Index = 0: A150TissueEquivalentPlastic
      Absorber with <Z/A> = 0.54903
 Density effect computed following Fano (1963)
 Models for Radloss: brems =  SSR, pair =  SSR, photonuc = DRSS

 *** Table generated with PUMAS v1.1 ***

      T         p     Ionization  brems     pair     photonuc  Radloss    dE/dx   CSDA Range  delta   beta
    [MeV]    [MeV/c]  -----------------------[MeV cm^2/g]------------------------  [g/cm^2]
  1.000E+05 1.018E+05 2.412E+00 3.481E-05 1.874E-03 6.795E-03 8.704E-03 2.420E+00 2.066E+04  5.0485 0.99985
  1.122E+05 1.140E+05 2.432E+00 4.215E-05 2.267E-03 7.705E-03 1.001E-02 2.442E+00 2.568E+04  5.2641 0.99988
  1.259E+05 1.277E+05 2.453E+00 5.095E-05 2.731E-03 8.718E-03 1.150E-02 2.464E+00 3.126E+04  5.4818 0.99990
  1.413E+05 1.430E+05 2.473E+00 6.149E-05 3.279E-03 9.838E-03 1.318E-02 2.486E+00 3.746E+04  5.7015 0.99992
  1.585E+05 1.603E+05 2.493E+00 7.407E-05 3.923E-03 1.111E-02 1.511E-02 2.508E+00 4.437E+04  5.9229 0.99994
  1.778E+05 1.796E+05 2.514E+00 8.905E-05 4.679E-03 1.252E-02 1.729E-02 2.531E+00 5.204E+04  6.1456 0.99995
  1.995E+05 2.013E+05 2.534E+00 1.069E-04 5.565E-03 1.412E-02 1.979E-02 2.554E+00 6.057E+04  6.3695 0.99996
  2.239E+05 2.256E+05 2.554E+00 1.280E-04 6.601E-03 1.589E-02 2.262E-02 2.577E+00 7.006E+04  6.5944 0.99997
  2.512E+05 2.530E+05 2.574E+00 1.531E-04 7.811E-03 1.788E-02 2.584E-02 2.600E+00 8.062E+04  6.8201 0.99998
  2.818E+05 2.836E+05 2.595E+00 1.827E-04 9.222E-03 2.012E-02 2.952E-02 2.624E+00 9.235E+04  7.0465 0.99998
  3.162E+05 3.180E+05 2.615E+00 2.176E-04 1.086E-02 2.265E-02 3.373E-02 2.648E+00 1.054E+05  7.2735 0.99998
  3.548E+05 3.566E+05 2.635E+00 2.588E-04 1.277E-02 2.548E-02 3.851E-02 2.673E+00 1.199E+05  7.5009 0.99999
  3.981E+05 3.999E+05 2.655E+00 3.072E-04 1.499E-02 2.865E-02 4.394E-02 2.699E+00 1.360E+05  7.7288 0.99999
  4.467E+05 4.485E+05 2.675E+00 3.639E-04 1.755E-02 3.223E-02 5.014E-02 2.725E+00 1.539E+05  7.9570 0.99999
  5.012E+05 5.030E+05 2.695E+00 4.305E-04 2.052E-02 3.623E-02 5.718E-02 2.752E+00 1.738E+05  8.1855 0.99999
  5.623E+05 5.641E+05 2.715E+00 5.084E-04 2.395E-02 4.075E-02 6.521E-02 2.780E+00 1.959E+05  8.4142 1.00000
  6.310E+05 6.327E+05 2.735E+00 5.994E-04 2.791E-02 4.587E-02 7.438E-02 2.809E+00 2.205E+05  8.6432 1.00000
  7.079E+05 7.097E+05 2.754E+00 7.056E-04 3.247E-02 5.165E-02 8.483E-02 2.839E+00 2.477E+05  8.8723 1.00000
  7.943E+05 7.961E+05 2.774E+00 8.295E-04 3.772E-02 5.816E-02 9.671E-02 2.871E+00 2.780E+05  9.1016 1.00000
  8.913E+05 8.930E+05 2.794E+00 9.734E-04 4.376E-02 6.549E-02 1.102E-01 2.904E+00 3.116E+05  9.3310 1.00000
  1.000E+06 1.002E+06 2.813E+00 1.141E-03 5.070E-02 7.382E-02 1.257E-01 2.939E+00 3.488E+05  9.5606 1.00000
  1.122E+06 1.124E+06 2.833E+00 1.335E-03 5.866E-02 8.320E-02 1.432E-01 2.976E+00 3.900E+05  9.7902 1.00000
  1.259E+06 1.261E+06 2.852E+00 1.561E-03 6.778E-02 9.387E-02 1.632E-01 3.015E+00 4.357E+05 10.0199 1.00000
  1.413E+06 1.414E+06 2.871E+00 1.823E-03 7.822E-02 1.059E-01 1.860E-01 3.057E+00 4.863E+05 10.2497 1.00000
  1.585E+06 1.587E+06 2.890E+00 2.125E-03 9.016E-02 1.196E-01 2.119E-01 3.102E+00 5.423E+05 10.4796 1.00000
  1.778E+06 1.780E+06 2.909E+00 2.475E-03 1.038E-01 1.351E-01 2.413E-01 3.150E+00 6.042E+05 10.7095 1.00000
  1.995E+06 1.997E+06 2.928E+00 2.878E-03 1.194E-01 1.526E-01 2.749E-01 3.203E+00 6.725E+05 10.9395 1.00000
  2.239E+06 2.240E+06 2.946E+00 3.345E-03 1.371E-01 1.726E-01 3.131E-01 3.259E+00 7.478E+05 11.1695 1.00000
  2.512E+06 2.514E+06 2.965E+00 3.884E-03 1.573E-01 1.953E-01 3.565E-01 3.321E+00 8.308E+05 11.3995 1.00000
  2.818E+06 2.820E+06 2.983E+00 4.505E-03 1.804E-01 2.211E-01 4.059E-01 3.389E+00 9.222E+05 11.6296 1.00000
  3.162E+06 3.164E+06 3.001E+00 5.219E-03 2.065E-01 2.503E-01 4.621E-01 3.463E+00 1.023E+06 11.8597 1.00000
  3.548E+06 3.550E+06 3.019E+00 6.040E-03 2.363E-01 2.836E-01 5.259E-01 3.545E+00 1.133E+06 12.0898 1.00000
  3.981E+06 3.983E+06 3.037E+00 6.983E-03 2.701E-01 3.214E-01 5.984E-01 3.635E+00 1.253E+06 12.3199 1.00000
  4.467E+06 4.469E+06 3.055E+00 8.066E-03 3.084E-01 3.644E-01 6.809E-01 3.736E+00 1.385E+06 12.5501 1.00000
  5.012E+06 5.014E+06 3.072E+00 9.313E-03 3.519E-01 4.134E-01 7.746E-01 3.847E+00 1.529E+06 12.7802 1.00000
  5.623E+06 5.625E+06 3.089E+00 1.075E-02 4.011E-01 4.692E-01 8.811E-01 3.970E+00 1.685E+06 13.0104 1.00000
  6.310E+06 6.311E+06 3.106E+00 1.239E-02 4.569E-01 5.328E-01 1.002E+00 4.108E+00 1.855E+06 13.2406 1.00000
  7.079E+06 7.081E+06 3.123E+00 1.427E-02 5.200E-01 6.051E-01 1.139E+00 4.263E+00 2.039E+06 13.4708 1.00000
  7.943E+06 7.945E+06 3.140E+00 1.643E-02 5.914E-01 6.875E-01 1.295E+00 4.435E+00 2.238E+06 13.7010 1.00000
  8.913E+06 8.914E+06 3.157E+00 1.890E-02 6.721E-01 7.815E-01 1.472E+00 4.629E+00 2.452E+06 13.9312 1.00000
  1.000E+07 1.000E+07 3.173E+00 2.172E-02 7.633E-01 8.885E-01 1.674E+00 4.847E+00 2.681E+06 14.1614 1.00000
  1.122E+07 1.122E+07 3.189E+00 2.495E-02 8.663E-01 1.011E+00 1.902E+00 5.091E+00 2.927E+06 14.3916 1.00000
  1.259E+07 1.259E+07 3.205E+00 2.864E-02 9.826E-01 1.150E+00 2.161E+00 5.366E+00 3.189E+06 14.6218 1.00000
  1.413E+07 1.413E+07 3.221E+00 3.285E-02 1.114E+00 1.308E+00 2.455E+00 5.676E+00 3.467E+06 14.8520 1.00000
  1.585E+07 1.585E+07 3.237E+00 3.767E-02 1.262E+00 1.489E+00 2.789E+00 6.026E+00 3.762E+06 15.0823 1.00000
  1.778E+07 1.778E+07 3.253E+00 4.316E-02 1.429E+00 1.696E+00 3.167E+00 6.421E+00 4.073E+06 15.3125 1.00000
  1.995E+07 1.995E+07 3.269E+00 4.943E-02 1.617E+00 1.931E+00 3.597E+00 6.866E+00 4.399E+06 15.5427 1.00000
  2.239E+07 2.239E+07 3.284E+00 5.657E-02 1.828E+00 2.200E+00 4.085E+00 7.369E+00 4.742E+06 15.7730 1.00000
  2.512E+07 2.512E+07 3.300E+00 6.473E-02 2.067E+00 2.507E+00 4.638E+00 7.938E+00 5.099E+06 16.0032 1.00000
  2.818E+07 2.819E+07 3.315E+00 7.402E-02 2.336E+00 2.857E+00 5.266E+00 8.582E+00 5.470E+06 16.2335 1.00000
  3.162E+07 3.162E+07 3.331E+00 8.461E-02 2.638E+00 3.256E+00 5.979E+00 9.309E+00 5.855E+06 16.4637 1.00000
  3.548E+07 3.548E+07 3.346E+00 9.666E-02 2.978E+00 3.712E+00 6.787E+00 1.013E+01 6.252E+06 16.6939 1.00000
  3.981E+07 3.981E+07 3.361E+00 1.104E-01 3.361E+00 4.233E+00 7.704E+00 1.107E+01 6.661E+06 16.9242 1.00000
  4.467E+07 4.467E+07 3.377E+00 1.260E-01 3.792E+00 4.827E+00 8.745E+00 1.212E+01 7.080E+06 17.1544 1.00000
  5.012E+07 5.012E+07 3.392E+00 1.437E-01 4.276E+00 5.506E+00 9.926E+00 1.332E+01 7.509E+06 17.3847 1.00000
  5.623E+07 5.624E+07 3.407E+00 1.638E-01 4.821E+00 6.281E+00 1.127E+01 1.467E+01 7.946E+06 17.6149 1.00000
  6.310E+07 6.310E+07 3.422E+00 1.867E-01 5.433E+00 7.167E+00 1.279E+01 1.621E+01 8.391E+06 17.8452 1.00000
  7.079E+07 7.080E+07 3.438E+00 2.127E-01 6.121E+00 8.178E+00 1.451E+01 1.795E+01 8.842E+06 18.0754 1.00000
  7.943E+07 7.943E+07 3.453E+00 2.423E-01 6.894E+00 9.333E+00 1.647E+01 1.992E+01 9.299E+06 18.3057 1.00000
  8.913E+07 8.913E+07 3.468E+00 2.757E-01 7.763E+00 1.065E+01 1.869E+01 2.216E+01 9.760E+06 18.5360 1.00000
  1.000E+08 1.000E+08 3.483E+00 3.137E-01 8.739E+00 1.216E+01 2.121E+01 2.470E+01 1.022E+07 18.7662 1.00000
  1.122E+08 1.122E+08 3.499E+00 3.568E-01 9.836E+00 1.388E+01 2.408E+01 2.757E+01 1.069E+07 18.9965 1.00000
  1.259E+08 1.259E+08 3.514E+00 4.056E-01 1.107E+01 1.585E+01 2.732E+01 3.084E+01 1.116E+07 19.2267 1.00000
  1.413E+08 1.413E+08 3.530E+00 4.609E-01 1.245E+01 1.810E+01 3.101E+01 3.454E+01 1.163E+07 19.4570 1.00000
  1.585E+08 1.585E+08 3.545E+00 5.235E-01 1.400E+01 2.067E+01 3.520E+01 3.874E+01 1.210E+07 19.6872 1.00000
  1.778E+08 1.778E+08 3.561E+00 5.944E-01 1.575E+01 2.361E+01 3.995E+01 4.351E+01 1.257E+07 19.9175 1.00000
  1.995E+08 1.995E+08 3.576E+00 6.746E-01 1.771E+01 2.697E+01 4.535E+01 4.892E+01 1.304E+07 20.1477 1.00000
  2.239E+08 2.239E+08 3.592E+00 7.654E-01 1.991E+01 3.080E+01 5.147E+01 5.507E+01 1.351E+07 20.3780 1.00000
  2.512E+08 2.512E+08 3.608E+00 8.680E-01 2.238E+01 3.519E+01 5.843E+01 6.204E+01 1.398E+07 20.6083 1.00000
  2.818E+08 2.818E+08 3.623E+00 9.841E-01 2.515E+01 4.020E+01 6.634E+01 6.996E+01 1.444E+07 20.8385 1.00000
  3.162E+08 3.162E+08 3.639E+00 1.115E+00 2.826E+01 4.594E+01 7.531E+01 7.895E+01 1.491E+07 21.0688 1.00000
  3.548E+08 3.548E+08 3.655E+00 1.263E+00 3.175E+01 5.249E+01 8.551E+01 8.916E+01 1.537E+07 21.2990 1.00000
  3.981E+08 3.981E+08 3.671E+00 1.431E+00 3.567E+01 5.998E+01 9.709E+01 1.008E+02 1.582E+07 21.5293 1.00000
  4.467E+08 4.467E+08 3.687E+00 1.620E+00 4.007E+01 6.855E+01 1.102E+02 1.139E+02 1.628E+07 21.7595 1.00000
  5.012E+08 5.012E+08 3.703E+00 1.833E+00 4.501E+01 7.835E+01 1.252E+02 1.289E+02 1.673E+07 21.9898 1.00000
  5.623E+08 5.623E+08 3.720E+00 2.074E+00 5.055E+01 8.956E+01 1.422E+02 1.459E+02 1.717E+07 22.2201 1.00000
  6.310E+08 6.310E+08 3.736E+00 2.345E+00 5.677E+01 1.024E+02 1.615E+02 1.652E+02 1.761E+07 22.4503 1.00000
  7.079E+08 7.079E+08 3.752E+00 2.652E+00 6.375E+01 1.170E+02 1.834E+02 1.872E+02 1.805E+07 22.6806 1.00000
  7.943E+08 7.943E+08 3.769E+00 2.997E+00 7.159E+01 1.338E+02 2.084E+02 2.121E+02 1.848E+07 22.9108 1.00000
  8.913E+08 8.913E+08 3.785E+00 3.386E+00 8.038E+01 1.530E+02 2.367E+02 2.405E+02 1.891E+07 23.1411 1.00000
  1.000E+09 1.000E+09 3.802E+00 3.825E+00 9.025E+01 1.749E+02 2.690E+02 2.728E+02 1.934E+07 23.3713 1.00000
  1.122E+09 1.122E+09 3.819E+00 4.319E+00 1.013E+02 2.000E+02 3.056E+02 3.094E+02 1.976E+07 23.6016 1.00000
  1.259E+09 1.259E+09 3.836E+00 4.875E+00 1.137E+02 2.287E+02 3.473E+02 3.512E+02 2.017E+07 23.8319 1.00000
  1.413E+09 1.413E+09 3.852E+00 5.502E+00 1.277E+02 2.615E+02 3.947E+02 3.986E+02 2.058E+07 24.0621 1.00000
  1.585E+09 1.585E+09 3.869E+00 6.208E+00 1.433E+02 2.991E+02 4.487E+02 4.525E+02 2.099E+07 24.2924 1.00000
  1.778E+09 1.778E+09 3.887E+00 7.002E+00 1.609E+02 3.421E+02 5.100E+02 5.139E+02 2.139E+07 24.5226 1.00000
  1.995E+09 1.995E+09 3.904E+00 7.896E+00 1.806E+02 3.913E+02 5.798E+02 5.837E+02 2.178E+07 24.7529 1.00000
  2.239E+09 2.239E+09 3.921E+00 8.902E+00 2.027E+02 4.476E+02 6.592E+02 6.631E+02 2.218E+07 24.9832 1.00000
  2.512E+09 2.512E+09 3.938E+00 1.003E+01 2.275E+02 5.120E+02 7.496E+02 7.535E+02 2.256E+07 25.2134 1.00000
  2.818E+09 2.818E+09 3.956E+00 1.131E+01 2.553E+02 5.858E+02 8.524E+02 8.564E+02 2.294E+07 25.4437 1.00000
  3.162E+09 3.162E+09 3.973E+00 1.274E+01 2.866E+02 6.702E+02 9.695E+02 9.735E+02 2.332E+07 25.6739 1.00000
  3.548E+09 3.548E+09 3.991E+00 1.435E+01 3.216E+02 7.668E+02 1.103E+03 1.107E+03 2.369E+07 25.9042 1.00000
  3.981E+09 3.981E+09 4.009E+00 1.616E+01 3.609E+02 8.774E+02 1.254E+03 1.258E+03 2.406E+07 26.1344 1.00000
  4.467E+09 4.467E+09 4.027E+00 1.819E+01 4.051E+02 1.004E+03 1.427E+03 1.431E+03 2.442E+07 26.3647 1.00000
  5.012E+09 5.012E+09 4.045E+00 2.048E+01 4.546E+02 1.149E+03 1.624E+03 1.628E+03 2.478E+07 26.5950 1.00000
  5.623E+09 5.623E+09 4.063E+00 2.305E+01 5.101E+02 1.315E+03 1.848E+03 1.852E+03 2.513E+07 26.8252 1.00000
  6.310E+09 6.310E+09 4.081E+00 2.594E+01 5.724E+02 1.505E+03 2.103E+03 2.107E+03 2.548E+07 27.0555 1.00000
  7.079E+09 7.079E+09 4.099E+00 2.918E+01 6.424E+02 1.722E+03 2.394E+03 2.398E+03 2.582E+07 27.2857 1.00000
  7.943E+09 7.943E+09 4.118E+00 3.283E+01 7.209E+02 1.971E+03 2.725E+03 2.729E+03 2.616E+07 27.5160 1.00000
  8.913E+09 8.913E+09 4.136E+00 3.692E+01 8.089E+02 2.256E+03 3.102E+03 3.106E+03 2.649E+07 27.7462 1.00000
  1.000E+10 1.000E+10 4.155E+00 4.152E+01 9.077E+02 2.583E+03 3.532E+03 3.536E+03 2.682E+07 27.9765 1.00000
  1.122E+10 1.122E+10 4.173E+00 4.669E+01 1.019E+03 2.957E+03 4.022E+03 4.026E+03 2.714E+07 28.2067 1.00000
  1.259E+10 1.259E+10 4.192E+00 5.249E+01 1.143E+03 3.385E+03 4.581E+03 4.585E+03 2.746E+07 28.4370 1.00000
  1.413E+10 1.413E+10 4.211E+00 5.901E+01 1.283E+03 3.876E+03 5.217E+03 5.222E+03 2.777E+07 28.6673 1.00000
  1.585E+10 1.585E+10 4.230E+00 6.632E+01 1.439E+03 4.438E+03 5.943E+03 5.947E+03 2.808E+07 28.8974 1.00000
  1.778E+10 1.778E+10 4.249E+00 7.454E+01 1.615E+03 5.082E+03 6.771E+03 6.775E+03 2.839E+07 29.1277 1.00000
  1.995E+10 1.995E+10 4.268E+00 8.376E+01 1.812E+03 5.819E+03 7.715E+03 7.719E+03 2.869E+07 29.3579 1.00000
  2.239E+10 2.239E+10 4.288E+00 9.412E+01 2.033E+03 6.664E+03 8.791E+03 8.795E+03 2.898E+07 29.5878 1.00000
  2.512E+10 2.512E+10 4.307E+00 1.057E+02 2.281E+03 7.632E+03 1.002E+04 1.002E+04 2.927E+07 29.8181 1.00000
  2.818E+10 2.818E+10 4.327E+00 1.188E+02 2.560E+03 8.740E+03 1.142E+04 1.142E+04 2.956E+07 30.0483 1.00000
  3.162E+10 3.162E+10 4.347E+00 1.334E+02 2.872E+03 1.001E+04 1.302E+04 1.302E+04 2.984E+07 30.2771 1.00000
  3.548E+10 3.548E+10 4.366E+00 1.499E+02 3.223E+03 1.147E+04 1.484E+04 1.484E+04 3.012E+07 30.5073 1.00000
  3.981E+10 3.981E+10 4.386E+00 1.684E+02 3.616E+03 1.314E+04 1.692E+04 1.692E+04 3.039E+07 30.7376 1.00000
  4.467E+10 4.467E+10 4.406E+00 1.891E+02 4.058E+03 1.505E+04 1.929E+04 1.930E+04 3.066E+07 30.9678 1.00000
  5.012E+10 5.012E+10 4.427E+00 2.123E+02 4.553E+03 1.724E+04 2.200E+04 2.201E+04 3.092E+07 31.1916 1.00000
  5.623E+10 5.623E+10 4.447E+00 2.384E+02 5.108E+03 1.975E+04 2.510E+04 2.510E+04 3.118E+07 31.4219 1.00000
  6.310E+10 6.310E+10 4.468E+00 2.677E+02 5.732E+03 2.263E+04 2.863E+04 2.863E+04 3.144E+07 31.6521 1.00000
  7.079E+10 7.079E+10 4.490E+00 3.006E+02 6.431E+03 2.593E+04 3.266E+04 3.266E+04 3.169E+07 31.8532 1.00000
  7.943E+10 7.943E+10 4.511E+00 3.375E+02 7.216E+03 2.971E+04 3.726E+04 3.727E+04 3.194E+07 32.0835 1.00000
  8.913E+10 8.913E+10 4.532E+00 3.789E+02 8.097E+03 3.404E+04 4.252E+04 4.252E+04 3.218E+07 32.3137 1.00000
  1.000E+11 1.000E+11 4.552E+00 4.254E+02 9.085E+03 3.901E+04 4.852E+04 4.853E+04 3.242E+07 32.5440 1.00000
  1.122E+11 1.122E+11 4.573E+00 4.775E+02 1.019E+04 4.471E+04 5.538E+04 5.539E+04 3.266E+07 32.7743 1.00000
  1.259E+11 1.259E+11 4.608E+00 5.360E+02 1.144E+04 5.124E+04 6.322E+04 6.322E+04 3.289E+07 32.8491 1.00000
  1.413E+11 1.413E+11 4.629E+00 6.017E+02 1.283E+04 5.874E+04 7.217E+04 7.217E+04 3.311E+07 33.0793 1.00000
  1.585E+11 1.585E+11 4.650E+00 6.754E+02 1.440E+04 6.732E+04 8.240E+04 8.240E+04 3.334E+07 33.3096 1.00000
  1.778E+11 1.778E+11 4.671E+00 7.580E+02 1.616E+04 7.717E+04 9.409E+04 9.409E+04 3.356E+07 33.5398 1.00000
  1.995E+11 1.995E+11 4.693E+00 8.508E+02 1.813E+04 8.847E+04 1.074E+05 1.075E+05 3.377E+07 33.7701 1.00000
  2.239E+11 2.239E+11 4.715E+00 9.549E+02 2.034E+04 1.014E+05 1.227E+05 1.227E+05 3.398E+07 34.0003 1.00000
  2.512E+11 2.512E+11 4.736E+00 1.072E+03 2.282E+04 1.163E+05 1.402E+05 1.402E+05 3.419E+07 34.2306 1.00000
  2.818E+11 2.818E+11 4.758E+00 1.203E+03 2.561E+04 1.333E+05 1.601E+05 1.601E+05 3.440E+07 34.4609 1.00000
  3.162E+11 3.162E+11 4.780E+00 1.350E+03 2.873E+04 1.529E+05 1.829E+05 1.830E+05 3.460E+07 34.6911 1.00000
  3.548E+11 3.548E+11 4.802E+00 1.515E+03 3.224E+04 1.753E+05 2.090E+05 2.090E+05 3.480E+07 34.9214 1.00000
  3.981E+11 3.981E+11 4.825E+00 1.700E+03 3.617E+04 2.010E+05 2.389E+05 2.389E+05 3.499E+07 35.1516 1.00000
  4.467E+11 4.467E+11 4.847E+00 1.908E+03 4.058E+04 2.305E+05 2.730E+05 2.730E+05 3.518E+07 35.3819 1.00000
  5.012E+11 5.012E+11 4.869E+00 2.141E+03 4.554E+04 2.644E+05 3.120E+05 3.120E+05 3.537E+07 35.6122 1.00000
  5.623E+11 5.623E+11 4.892E+00 2.403E+03 5.109E+04 3.032E+05 3.567E+05 3.567E+05 3.555E+07 35.8424 1.00000
  6.310E+11 6.310E+11 4.915E+00 2.696E+03 5.733E+04 3.478E+05 4.078E+05 4.078E+05 3.573E+07 36.0727 1.00000
  7.079E+11 7.079E+11 4.938E+00 3.025E+03 6.432E+04 3.989E+05 4.662E+05 4.662E+05 3.591E+07 36.3029 1.00000
  7.943E+11 7.943E+11 4.961E+00 3.395E+03 7.217E+04 4.576E+05 5.331E+05 5.331E+05 3.608E+07 36.5332 1.00000
  8.913E+11 8.913E+11 4.984E+00 3.810E+03 8.098E+04 5.249E+05 6.097E+05 6.097E+05 3.625E+07 36.7634 1.00000
  1.000E+12 1.000E+12 5.007E+00 4.275E+03 9.086E+04 6.022E+05 6.973E+05 6.973E+05 3.642E+07 36.9937 1.00000
  1.122E+12 1.122E+12 5.030E+00 4.797E+03 1.019E+05 6.908E+05 7.976E+05 7.976E+05 3.658E+07 37.2240 1.00000
  1.259E+12 1.259E+12 5.054E+00 5.383E+03 1.144E+05 7.926E+05 9.124E+05 9.124E+05 3.674E+07 37.4542 1.00000
  1.413E+12 1.413E+12 5.078E+00 6.040E+03 1.283E+05 9.094E+05 1.044E+06 1.044E+06 3.690E+07 37.6845 1.00000
  1.585E+12 1.585E+12 5.101E+00 6.777E+03 1.440E+05 1.044E+06 1.194E+06 1.194E+06 3.705E+07 37.9147 1.00000
  1.778E+12 1.778E+12 5.125E+00 7.605E+03 1.616E+05 1.197E+06 1.367E+06 1.367E+06 3.720E+07 38.1450 1.00000
  1.995E+12 1.995E+12 5.149E+00 8.533E+03 1.813E+05 1.374E+06 1.564E+06 1.564E+06 3.735E+07 38.3753 1.00000
  2.239E+12 2.239E+12 5.174E+00 9.575E+03 2.034E+05 1.577E+06 1.790E+06 1.790E+06 3.750E+07 38.6055 1.00000
  2.512E+12 2.512E+12 5.198E+00 1.074E+04 2.282E+05 1.810E+06 2.049E+06 2.049E+06 3.764E+07 38.8358 1.00000
  2.818E+12 2.818E+12 5.222E+00 1.205E+04 2.561E+05 2.077E+06 2.345E+06 2.345E+06 3.778E+07 39.0660 1.00000
  3.162E+12 3.162E+12 5.247E+00 1.353E+04 2.873E+05 2.384E+06 2.685E+06 2.685E+06 3.792E+07 39.2963 1.00000
  3.548E+12 3.548E+12 5.272E+00 1.518E+04 3.224E+05 2.737E+06 3.074E+06 3.074E+06 3.805E+07 39.5266 1.00000
  3.981E+12 3.981E+12 5.297E+00 1.703E+04 3.617E+05 3.142E+06 3.520E+06 3.520E+06 3.818E+07 39.7568 1.00000
  4.467E+12 4.467E+12 5.322E+00 1.911E+04 4.058E+05 3.607E+06 4.032E+06 4.032E+06 3.831E+07 39.9871 1.00000
  5.012E+12 5.012E+12 5.347E+00 2.144E+04 4.554E+05 4.140E+06 4.617E+06 4.617E+06 3.844E+07 40.2173 1.00000
  5.623E+12 5.623E+12 5.372E+00 2.406E+04 5.109E+05 4.754E+06 5.289E+06 5.289E+06 3.856E+07 40.4476 1.00000
  6.310E+12 6.310E+12 5.397E+00 2.699E+04 5.733E+05 5.458E+06 6.058E+06 6.058E+06 3.868E+07 40.6778 1.00000
  7.079E+12 7.079E+12 5.423E+00 3.029E+04 6.432E+05 6.267E+06 6.940E+06 6.940E+06 3.880E+07 40.9081 1.00000
  7.943E+12 7.943E+12 5.449E+00 3.398E+04 7.217E+05 7.196E+06 7.952E+06 7.952E+06 3.892E+07 41.1384 1.00000
  8.913E+12 8.913E+12 5.474E+00 3.813E+04 8.097E+05 8.263E+06 9.111E+06 9.111E+06 3.903E+07 41.3686 1.00000
  1.000E+13 1.000E+13 5.500E+00 4.278E+04 9.085E+05 9.489E+06 1.044E+07 1.044E+07 3.914E+07 41.5989 1.00000
  1.122E+13 1.122E+13 5.526E+00 4.800E+04 1.019E+06 1.090E+07 1.197E+07 1.197E+07 3.925E+07 41.8291 1.00000
  1.259E+13 1.259E+13 5.553E+00 5.386E+04 1.144E+06 1.252E+07 1.371E+07 1.371E+07 3.936E+07 42.0594 1.00000
  1.413E+13 1.413E+13 5.579E+00 6.043E+04 1.283E+06 1.438E+07 1.572E+07 1.572E+07 3.946E+07 42.2897 1.00000
  1.585E+13 1.585E+13 5.606E+00 6.781E+04 1.440E+06 1.651E+07 1.802E+07 1.802E+07 3.956E+07 42.5199 1.00000
  1.778E+13 1.778E+13 5.632E+00 7.608E+04 1.616E+06 1.897E+07 2.066E+07 2.066E+07 3.966E+07 42.7502 1.00000
  1.995E+13 1.995E+13 5.659E+00 8.536E+04 1.813E+06 2.179E+07 2.368E+07 2.368E+07 3.976E+07 42.9804 1.00000
  2.239E+13 2.239E+13 5.686E+00 9.578E+04 2.034E+06 2.503E+07 2.716E+07 2.716E+07 3.986E+07 43.2107 1.00000
  2.512E+13 2.512E+13 5.713E+00 1.075E+05 2.282E+06 2.875E+07 3.114E+07 3.114E+07 3.995E+07 43.4409 1.00000
  2.818E+13 2.818E+13 5.740E+00 1.206E+05 2.561E+06 3.303E+07 3.571E+07 3.571E+07 4.004E+07 43.6712 1.00000
  3.162E+13 3.162E+13 5.768E+00 1.353E+05 2.873E+06 3.795E+07 4.096E+07 4.096E+07 4.013E+07 43.9015 1.00000
  3.548E+13 3.548E+13 5.795E+00 1.518E+05 3.224E+06 4.361E+07 4.698E+07 4.698E+07 4.022E+07 44.1317 1.00000
  3.981E+13 3.981E+13 5.823E+00 1.703E+05 3.617E+06 5.011E+07 5.389E+07 5.389E+07 4.031E+07 44.3620 1.00000
  4.467E+13 4.467E+13 5.851E+00 1.911E+05 4.058E+06 5.758E+07 6.182E+07 6.182E+07 4.039E+07 44.5922 1.00000
  5.012E+13 5.012E+13 5.879E+00 2.144E+05 4.553E+06 6.616E+07 7.093E+07 7.093E+07 4.047E+07 44.8225 1.00000
  5.623E+13 5.623E+13 5.907E+00 2.406E+05 5.109E+06 7.603E+07 8.138E+07 8.138E+07 4.055E+07 45.0528 1.00000
  6.310E+13 6.310E+13 5.935E+00 2.700E+05 5.732E+06 8.738E+07 9.338E+07 9.338E+07 4.063E+07 45.2830 1.00000
  7.079E+13 7.079E+13 5.964E+00 3.029E+05 6.432E+06 1.004E+08 1.072E+08 1.072E+08 4.071E+07 45.5133 1.00000
  7.943E+13 7.943E+13 5.992E+00 3.399E+05 7.216E+06 1.154E+08 1.230E+08 1.230E+08 4.079E+07 45.7435 1.00000
  8.913E+13 8.913E+13 6.021E+00 3.813E+05 8.097E+06 1.327E+08 1.412E+08 1.412E+08 4.086E+07 45.9738 1.00000
  1.000E+14 1.000E+14 6.050E+00 4.278E+05 9.085E+06 1.525E+08 1.620E+08 1.620E+08 4.093E+07 46.2040 1.00000
  1.122E+14 1.122E+14 6.079E+00 4.801E+05 1.019E+07 1.753E+08 1.860E+08 1.860E+08 4.100E+07 46.4343 1.00000
  1.259E+14 1.259E+14 6.108E+00 5.386E+05 1.144E+07 2.015E+08 2.135E+08 2.135E+08 4.107E+07 46.6646 1.00000
  1.413E+14 1.413E+14 6.138E+00 6.044E+05 1.283E+07 2.317E+08 2.451E+08 2.451E+08 4.114E+07 46.8948 1.00000
  1.585E+14 1.585E+14 6.167E+00 6.781E+05 1.440E+07 2.664E+08 2.814E+08 2.814E+08 4.120E+07 47.1251 1.00000
  1.778E+14 1.778E+14 6.197E+00 7.608E+05 1.615E+07 3.062E+08 3.232E+08 3.232E+08 4.127E+07 47.3553 1.00000
  1.995E+14 1.995E+14 6.227E+00 8.537E+05 1.813E+07 3.521E+08 3.711E+08 3.711E+08 4.133E+07 47.5856 1.00000
  2.239E+14 2.239E+14 6.257E+00 9.578E+05 2.034E+07 4.049E+08 4.262E+08 4.262E+08 4.139E+07 47.8159 1.00000
  2.512E+14 2.512E+14 6.287E+00 1.075E+06 2.282E+07 4.655E+08 4.894E+08 4.894E+08 4.145E+07 48.0461 1.00000
  2.818E+14 2.818E+14 6.317E+00 1.206E+06 2.560E+07 5.353E+08 5.622E+08 5.622E+08 4.151E+07 48.2764 1.00000
  3.162E+14 3.162E+14 6.348E+00 1.353E+06 2.873E+07 6.156E+08 6.457E+08 6.457E+08 4.157E+07 48.5066 1.00000
  3.548E+14 3.548E+14 6.378E+00 1.518E+06 3.223E+07 7.080E+08 7.417E+08 7.417E+08 4.162E+07 48.7369 1.00000
  3.981E+14 3.981E+14 6.409E+00 1.703E+06 3.616E+07 8.142E+08 8.521E+08 8.521E+08 4.168E+07 48.9671 1.00000
  4.467E+14 4.467E+14 6.440E+00 1.911E+06 4.058E+07 9.365E+08 9.790E+08 9.790E+08 4.173E+07 49.1974 1.00000
  5.012E+14 5.012E+14 6.471E+00 2.144E+06 4.553E+07 1.077E+09 1.125E+09 1.125E+09 4.178E+07 49.4277 1.00000
  5.623E+14 5.623E+14 6.502E+00 2.406E+06 5.108E+07 1.239E+09 1.292E+09 1.292E+09 4.183E+07 49.6579 1.00000
  6.310E+14 6.310E+14 6.534E+00 2.700E+06 5.732E+07 1.425E+09 1.485E+09 1.485E+09 4.188E+07 49.8882 1.00000
  7.079E+14 7.079E+14 6.565E+00 3.029E+06 6.431E+07 1.639E+09 1.707E+09 1.707E+09 4.193E+07 50.1184 1.00000
  7.943E+14 7.943E+14 6.597E+00 3.399E+06 7.216E+07 1.886E+09 1.961E+09 1.961E+09 4.198E+07 50.3487 1.00000
  8.913E+14 8.913E+14 6.629E+00 3.813E+06 8.096E+07 2.170E+09 2.254E+09 2.254E+09 4.202E+07 50.5790 1.00000
  1.000E+15 1.000E+15 6.661E+00 4.279E+06 9.084E+07 2.496E+09 2.591E+09 2.591E+09 4.207E+07 50.8092 1.00000
