 Incident particle is a Tau with M = 1776.82000 MeV
 Index = 0: Aniline
      Absorber with <Z/A> = 0.53690
 Density effect computed following Fano (1963)
 Models for Radloss: brems =  SSR, pair =  SSR, photonuc = DRSS

 *** Table generated with PUMAS v1.1 ***

      T         p     Ionization  brems     pair     photonuc  Radloss    dE/dx   CSDA Range  delta   beta
    [MeV]    [MeV/c]  -----------------------[MeV cm^2/g]------------------------  [g/cm^2]
  1.000E+05 1.018E+05 2.368E+00 3.408E-05 1.818E-03 6.780E-03 8.632E-03 2.377E+00 2.104E+04  4.8934 0.99985
  1.122E+05 1.140E+05 2.388E+00 4.126E-05 2.199E-03 7.688E-03 9.928E-03 2.398E+00 2.615E+04  5.1085 0.99988
  1.259E+05 1.277E+05 2.408E+00 4.987E-05 2.650E-03 8.698E-03 1.140E-02 2.420E+00 3.183E+04  5.3260 0.99990
  1.413E+05 1.430E+05 2.428E+00 6.017E-05 3.181E-03 9.815E-03 1.306E-02 2.442E+00 3.815E+04  5.5455 0.99992
  1.585E+05 1.603E+05 2.448E+00 7.247E-05 3.806E-03 1.108E-02 1.496E-02 2.463E+00 4.518E+04  5.7668 0.99994
  1.778E+05 1.796E+05 2.468E+00 8.711E-05 4.540E-03 1.249E-02 1.712E-02 2.485E+00 5.299E+04  5.9896 0.99995
  1.995E+05 2.013E+05 2.488E+00 1.045E-04 5.400E-03 1.408E-02 1.959E-02 2.508E+00 6.168E+04  6.2137 0.99996
  2.239E+05 2.256E+05 2.508E+00 1.252E-04 6.407E-03 1.585E-02 2.238E-02 2.530E+00 7.135E+04  6.4387 0.99997
  2.512E+05 2.530E+05 2.528E+00 1.496E-04 7.582E-03 1.783E-02 2.556E-02 2.553E+00 8.209E+04  6.6646 0.99998
  2.818E+05 2.836E+05 2.547E+00 1.786E-04 8.952E-03 2.006E-02 2.919E-02 2.576E+00 9.404E+04  6.8912 0.99998
  3.162E+05 3.180E+05 2.567E+00 2.127E-04 1.055E-02 2.258E-02 3.334E-02 2.600E+00 1.073E+05  7.1184 0.99998
  3.548E+05 3.566E+05 2.587E+00 2.529E-04 1.240E-02 2.541E-02 3.806E-02 2.625E+00 1.221E+05  7.3461 0.99999
  3.981E+05 3.999E+05 2.606E+00 3.001E-04 1.455E-02 2.857E-02 4.342E-02 2.650E+00 1.385E+05  7.5742 0.99999
  4.467E+05 4.485E+05 2.626E+00 3.555E-04 1.704E-02 3.213E-02 4.953E-02 2.675E+00 1.568E+05  7.8026 0.99999
  5.012E+05 5.030E+05 2.645E+00 4.205E-04 1.993E-02 3.611E-02 5.646E-02 2.702E+00 1.770E+05  8.0314 0.99999
  5.623E+05 5.641E+05 2.665E+00 4.965E-04 2.326E-02 4.062E-02 6.438E-02 2.729E+00 1.995E+05  8.2603 1.00000
  6.310E+05 6.327E+05 2.684E+00 5.853E-04 2.711E-02 4.572E-02 7.341E-02 2.757E+00 2.246E+05  8.4894 1.00000
  7.079E+05 7.097E+05 2.703E+00 6.889E-04 3.154E-02 5.148E-02 8.370E-02 2.787E+00 2.523E+05  8.7187 1.00000
  7.943E+05 7.961E+05 2.723E+00 8.097E-04 3.664E-02 5.796E-02 9.542E-02 2.818E+00 2.831E+05  8.9482 1.00000
  8.913E+05 8.930E+05 2.742E+00 9.501E-04 4.251E-02 6.527E-02 1.087E-01 2.851E+00 3.173E+05  9.1777 1.00000
  1.000E+06 1.002E+06 2.761E+00 1.114E-03 4.926E-02 7.356E-02 1.239E-01 2.885E+00 3.553E+05  9.4074 1.00000
  1.122E+06 1.124E+06 2.780E+00 1.303E-03 5.699E-02 8.290E-02 1.412E-01 2.921E+00 3.973E+05  9.6371 1.00000
  1.259E+06 1.261E+06 2.799E+00 1.523E-03 6.586E-02 9.353E-02 1.609E-01 2.960E+00 4.439E+05  9.8669 1.00000
  1.413E+06 1.414E+06 2.817E+00 1.778E-03 7.601E-02 1.055E-01 1.833E-01 3.001E+00 4.954E+05 10.0968 1.00000
  1.585E+06 1.587E+06 2.836E+00 2.073E-03 8.761E-02 1.191E-01 2.088E-01 3.045E+00 5.524E+05 10.3267 1.00000
  1.778E+06 1.780E+06 2.855E+00 2.414E-03 1.009E-01 1.346E-01 2.378E-01 3.092E+00 6.154E+05 10.5567 1.00000
  1.995E+06 1.997E+06 2.873E+00 2.806E-03 1.160E-01 1.520E-01 2.709E-01 3.144E+00 6.850E+05 10.7867 1.00000
  2.239E+06 2.240E+06 2.891E+00 3.262E-03 1.333E-01 1.720E-01 3.085E-01 3.200E+00 7.618E+05 11.0167 1.00000
  2.512E+06 2.514E+06 2.909E+00 3.787E-03 1.530E-01 1.945E-01 3.512E-01 3.260E+00 8.464E+05 11.2467 1.00000
  2.818E+06 2.820E+06 2.927E+00 4.392E-03 1.753E-01 2.202E-01 3.999E-01 3.327E+00 9.394E+05 11.4768 1.00000
  3.162E+06 3.164E+06 2.945E+00 5.088E-03 2.008E-01 2.493E-01 4.552E-01 3.400E+00 1.042E+06 11.7069 1.00000
  3.548E+06 3.550E+06 2.962E+00 5.888E-03 2.298E-01 2.824E-01 5.181E-01 3.480E+00 1.154E+06 11.9370 1.00000
  3.981E+06 3.983E+06 2.980E+00 6.807E-03 2.626E-01 3.201E-01 5.895E-01 3.569E+00 1.277E+06 12.1672 1.00000
  4.467E+06 4.469E+06 2.997E+00 7.862E-03 2.999E-01 3.629E-01 6.707E-01 3.668E+00 1.411E+06 12.3973 1.00000
  5.012E+06 5.014E+06 3.014E+00 9.077E-03 3.422E-01 4.117E-01 7.630E-01 3.777E+00 1.557E+06 12.6275 1.00000
  5.623E+06 5.625E+06 3.031E+00 1.047E-02 3.901E-01 4.672E-01 8.679E-01 3.899E+00 1.717E+06 12.8577 1.00000
  6.310E+06 6.311E+06 3.048E+00 1.207E-02 4.444E-01 5.305E-01 9.870E-01 4.035E+00 1.890E+06 13.0879 1.00000
  7.079E+06 7.081E+06 3.064E+00 1.391E-02 5.059E-01 6.025E-01 1.122E+00 4.186E+00 2.077E+06 13.3181 1.00000
  7.943E+06 7.945E+06 3.080E+00 1.601E-02 5.753E-01 6.846E-01 1.276E+00 4.356E+00 2.279E+06 13.5483 1.00000
  8.913E+06 8.914E+06 3.097E+00 1.841E-02 6.539E-01 7.781E-01 1.450E+00 4.547E+00 2.497E+06 13.7785 1.00000
  1.000E+07 1.000E+07 3.113E+00 2.116E-02 7.427E-01 8.847E-01 1.648E+00 4.761E+00 2.731E+06 14.0087 1.00000
  1.122E+07 1.122E+07 3.129E+00 2.431E-02 8.429E-01 1.006E+00 1.873E+00 5.002E+00 2.981E+06 14.2389 1.00000
  1.259E+07 1.259E+07 3.144E+00 2.790E-02 9.561E-01 1.145E+00 2.129E+00 5.273E+00 3.247E+06 14.4691 1.00000
  1.413E+07 1.413E+07 3.160E+00 3.201E-02 1.084E+00 1.303E+00 2.418E+00 5.579E+00 3.530E+06 14.6993 1.00000
  1.585E+07 1.585E+07 3.176E+00 3.670E-02 1.228E+00 1.483E+00 2.747E+00 5.923E+00 3.830E+06 14.9296 1.00000
  1.778E+07 1.778E+07 3.191E+00 4.205E-02 1.390E+00 1.688E+00 3.121E+00 6.312E+00 4.147E+06 15.1598 1.00000
  1.995E+07 1.995E+07 3.206E+00 4.815E-02 1.573E+00 1.923E+00 3.544E+00 6.751E+00 4.479E+06 15.3901 1.00000
  2.239E+07 2.239E+07 3.222E+00 5.511E-02 1.780E+00 2.190E+00 4.025E+00 7.247E+00 4.827E+06 15.6203 1.00000
  2.512E+07 2.512E+07 3.237E+00 6.305E-02 2.012E+00 2.495E+00 4.571E+00 7.807E+00 5.190E+06 15.8505 1.00000
  2.818E+07 2.819E+07 3.252E+00 7.210E-02 2.274E+00 2.844E+00 5.190E+00 8.441E+00 5.567E+06 16.0808 1.00000
  3.162E+07 3.162E+07 3.267E+00 8.241E-02 2.568E+00 3.242E+00 5.892E+00 9.159E+00 5.958E+06 16.3110 1.00000
  3.548E+07 3.548E+07 3.282E+00 9.415E-02 2.899E+00 3.696E+00 6.689E+00 9.971E+00 6.362E+06 16.5413 1.00000
  3.981E+07 3.981E+07 3.297E+00 1.075E-01 3.272E+00 4.214E+00 7.594E+00 1.089E+01 6.778E+06 16.7715 1.00000
  4.467E+07 4.467E+07 3.312E+00 1.227E-01 3.692E+00 4.806E+00 8.620E+00 1.193E+01 7.204E+06 17.0018 1.00000
  5.012E+07 5.012E+07 3.327E+00 1.400E-01 4.163E+00 5.481E+00 9.785E+00 1.311E+01 7.639E+06 17.2320 1.00000
  5.623E+07 5.624E+07 3.342E+00 1.596E-01 4.694E+00 6.253E+00 1.111E+01 1.445E+01 8.083E+06 17.4623 1.00000
  6.310E+07 6.310E+07 3.357E+00 1.819E-01 5.290E+00 7.135E+00 1.261E+01 1.596E+01 8.535E+06 17.6925 1.00000
  7.079E+07 7.080E+07 3.371E+00 2.072E-01 5.960E+00 8.141E+00 1.431E+01 1.768E+01 8.993E+06 17.9228 1.00000
  7.943E+07 7.943E+07 3.386E+00 2.360E-01 6.713E+00 9.291E+00 1.624E+01 1.963E+01 9.457E+06 18.1530 1.00000
  8.913E+07 8.913E+07 3.401E+00 2.686E-01 7.559E+00 1.060E+01 1.843E+01 2.183E+01 9.925E+06 18.3833 1.00000
  1.000E+08 1.000E+08 3.416E+00 3.056E-01 8.510E+00 1.211E+01 2.092E+01 2.434E+01 1.040E+07 18.6135 1.00000
  1.122E+08 1.122E+08 3.431E+00 3.476E-01 9.578E+00 1.382E+01 2.375E+01 2.718E+01 1.087E+07 18.8438 1.00000
  1.259E+08 1.259E+08 3.446E+00 3.951E-01 1.078E+01 1.578E+01 2.695E+01 3.040E+01 1.135E+07 19.0740 1.00000
  1.413E+08 1.413E+08 3.461E+00 4.490E-01 1.213E+01 1.802E+01 3.059E+01 3.405E+01 1.182E+07 19.3043 1.00000
  1.585E+08 1.585E+08 3.477E+00 5.100E-01 1.364E+01 2.058E+01 3.473E+01 3.820E+01 1.230E+07 19.5345 1.00000
  1.778E+08 1.778E+08 3.492E+00 5.791E-01 1.534E+01 2.350E+01 3.942E+01 4.291E+01 1.278E+07 19.7648 1.00000
  1.995E+08 1.995E+08 3.507E+00 6.572E-01 1.724E+01 2.684E+01 4.475E+01 4.825E+01 1.326E+07 19.9951 1.00000
  2.239E+08 2.239E+08 3.522E+00 7.457E-01 1.939E+01 3.066E+01 5.080E+01 5.432E+01 1.373E+07 20.2253 1.00000
  2.512E+08 2.512E+08 3.538E+00 8.457E-01 2.179E+01 3.503E+01 5.767E+01 6.121E+01 1.420E+07 20.4556 1.00000
  2.818E+08 2.818E+08 3.553E+00 9.588E-01 2.449E+01 4.002E+01 6.547E+01 6.903E+01 1.468E+07 20.6858 1.00000
  3.162E+08 3.162E+08 3.569E+00 1.087E+00 2.752E+01 4.573E+01 7.434E+01 7.791E+01 1.514E+07 20.9161 1.00000
  3.548E+08 3.548E+08 3.584E+00 1.231E+00 3.092E+01 5.225E+01 8.441E+01 8.799E+01 1.561E+07 21.1463 1.00000
  3.981E+08 3.981E+08 3.600E+00 1.394E+00 3.474E+01 5.971E+01 9.585E+01 9.945E+01 1.607E+07 21.3766 1.00000
  4.467E+08 4.467E+08 3.616E+00 1.578E+00 3.903E+01 6.824E+01 1.088E+02 1.125E+02 1.653E+07 21.6069 1.00000
  5.012E+08 5.012E+08 3.631E+00 1.786E+00 4.384E+01 7.800E+01 1.236E+02 1.273E+02 1.699E+07 21.8371 1.00000
  5.623E+08 5.623E+08 3.647E+00 2.021E+00 4.923E+01 8.915E+01 1.404E+02 1.441E+02 1.744E+07 22.0674 1.00000
  6.310E+08 6.310E+08 3.663E+00 2.285E+00 5.529E+01 1.019E+02 1.595E+02 1.632E+02 1.789E+07 22.2976 1.00000
  7.079E+08 7.079E+08 3.679E+00 2.584E+00 6.209E+01 1.165E+02 1.812E+02 1.849E+02 1.833E+07 22.5279 1.00000
  7.943E+08 7.943E+08 3.695E+00 2.921E+00 6.972E+01 1.332E+02 2.058E+02 2.095E+02 1.877E+07 22.7581 1.00000
  8.913E+08 8.913E+08 3.712E+00 3.300E+00 7.829E+01 1.523E+02 2.339E+02 2.376E+02 1.920E+07 22.9884 1.00000
  1.000E+09 1.000E+09 3.728E+00 3.727E+00 8.790E+01 1.741E+02 2.657E+02 2.695E+02 1.963E+07 23.2187 1.00000
  1.122E+09 1.122E+09 3.744E+00 4.209E+00 9.868E+01 1.991E+02 3.020E+02 3.057E+02 2.006E+07 23.4489 1.00000
  1.259E+09 1.259E+09 3.761E+00 4.752E+00 1.108E+02 2.277E+02 3.432E+02 3.470E+02 2.048E+07 23.6792 1.00000
  1.413E+09 1.413E+09 3.777E+00 5.363E+00 1.244E+02 2.604E+02 3.901E+02 3.939E+02 2.089E+07 23.9094 1.00000
  1.585E+09 1.585E+09 3.794E+00 6.051E+00 1.396E+02 2.978E+02 4.434E+02 4.472E+02 2.130E+07 24.1397 1.00000
  1.778E+09 1.778E+09 3.811E+00 6.825E+00 1.567E+02 3.406E+02 5.041E+02 5.079E+02 2.171E+07 24.3700 1.00000
  1.995E+09 1.995E+09 3.827E+00 7.697E+00 1.759E+02 3.895E+02 5.731E+02 5.770E+02 2.211E+07 24.6002 1.00000
  2.239E+09 2.239E+09 3.844E+00 8.677E+00 1.974E+02 4.456E+02 6.517E+02 6.555E+02 2.250E+07 24.8305 1.00000
  2.512E+09 2.512E+09 3.861E+00 9.781E+00 2.216E+02 5.097E+02 7.411E+02 7.449E+02 2.290E+07 25.0607 1.00000
  2.818E+09 2.818E+09 3.878E+00 1.102E+01 2.487E+02 5.831E+02 8.428E+02 8.467E+02 2.328E+07 25.2910 1.00000
  3.162E+09 3.162E+09 3.895E+00 1.242E+01 2.791E+02 6.671E+02 9.587E+02 9.626E+02 2.366E+07 25.5212 1.00000
  3.548E+09 3.548E+09 3.913E+00 1.399E+01 3.132E+02 7.633E+02 1.091E+03 1.094E+03 2.404E+07 25.7515 1.00000
  3.981E+09 3.981E+09 3.930E+00 1.575E+01 3.515E+02 8.734E+02 1.241E+03 1.245E+03 2.441E+07 25.9818 1.00000
  4.467E+09 4.467E+09 3.948E+00 1.774E+01 3.945E+02 9.994E+02 1.412E+03 1.416E+03 2.477E+07 26.2120 1.00000
  5.012E+09 5.012E+09 3.965E+00 1.997E+01 4.427E+02 1.144E+03 1.606E+03 1.610E+03 2.513E+07 26.4423 1.00000
  5.623E+09 5.623E+09 3.983E+00 2.247E+01 4.969E+02 1.309E+03 1.828E+03 1.832E+03 2.549E+07 26.6725 1.00000
  6.310E+09 6.310E+09 4.001E+00 2.529E+01 5.576E+02 1.498E+03 2.081E+03 2.085E+03 2.584E+07 26.9028 1.00000
  7.079E+09 7.079E+09 4.019E+00 2.845E+01 6.257E+02 1.714E+03 2.369E+03 2.373E+03 2.619E+07 27.1331 1.00000
  7.943E+09 7.943E+09 4.036E+00 3.201E+01 7.021E+02 1.962E+03 2.696E+03 2.700E+03 2.653E+07 27.3633 1.00000
  8.913E+09 8.913E+09 4.055E+00 3.600E+01 7.879E+02 2.246E+03 3.070E+03 3.074E+03 2.686E+07 27.5936 1.00000
  1.000E+10 1.000E+10 4.073E+00 4.048E+01 8.841E+02 2.571E+03 3.496E+03 3.500E+03 2.720E+07 27.8238 1.00000
  1.122E+10 1.122E+10 4.091E+00 4.552E+01 9.921E+02 2.944E+03 3.981E+03 3.985E+03 2.752E+07 28.0541 1.00000
  1.259E+10 1.259E+10 4.109E+00 5.118E+01 1.113E+03 3.370E+03 4.534E+03 4.539E+03 2.784E+07 28.2843 1.00000
  1.413E+10 1.413E+10 4.128E+00 5.753E+01 1.249E+03 3.858E+03 5.165E+03 5.169E+03 2.816E+07 28.5146 1.00000
  1.585E+10 1.585E+10 4.146E+00 6.467E+01 1.402E+03 4.418E+03 5.884E+03 5.888E+03 2.847E+07 28.7447 1.00000
  1.778E+10 1.778E+10 4.165E+00 7.268E+01 1.573E+03 5.059E+03 6.704E+03 6.708E+03 2.878E+07 28.9750 1.00000
  1.995E+10 1.995E+10 4.184E+00 8.168E+01 1.765E+03 5.793E+03 7.639E+03 7.643E+03 2.908E+07 29.2053 1.00000
  2.239E+10 2.239E+10 4.203E+00 9.178E+01 1.980E+03 6.634E+03 8.706E+03 8.710E+03 2.938E+07 29.4351 1.00000
  2.512E+10 2.512E+10 4.222E+00 1.031E+02 2.222E+03 7.597E+03 9.922E+03 9.926E+03 2.968E+07 29.6654 1.00000
  2.818E+10 2.818E+10 4.241E+00 1.158E+02 2.493E+03 8.701E+03 1.131E+04 1.131E+04 2.996E+07 29.8957 1.00000
  3.162E+10 3.162E+10 4.260E+00 1.301E+02 2.798E+03 9.966E+03 1.289E+04 1.290E+04 3.025E+07 30.1244 1.00000
  3.548E+10 3.548E+10 4.280E+00 1.462E+02 3.139E+03 1.141E+04 1.470E+04 1.470E+04 3.053E+07 30.3546 1.00000
  3.981E+10 3.981E+10 4.299E+00 1.642E+02 3.522E+03 1.308E+04 1.676E+04 1.677E+04 3.081E+07 30.5849 1.00000
  4.467E+10 4.467E+10 4.319E+00 1.844E+02 3.952E+03 1.498E+04 1.912E+04 1.912E+04 3.108E+07 30.8152 1.00000
  5.012E+10 5.012E+10 4.339E+00 2.071E+02 4.434E+03 1.716E+04 2.180E+04 2.181E+04 3.134E+07 31.0389 1.00000
  5.623E+10 5.623E+10 4.359E+00 2.325E+02 4.976E+03 1.966E+04 2.487E+04 2.487E+04 3.161E+07 31.2692 1.00000
  6.310E+10 6.310E+10 4.379E+00 2.611E+02 5.583E+03 2.253E+04 2.837E+04 2.837E+04 3.186E+07 31.4994 1.00000
  7.079E+10 7.079E+10 4.401E+00 2.931E+02 6.264E+03 2.581E+04 3.237E+04 3.237E+04 3.212E+07 31.7005 1.00000
  7.943E+10 7.943E+10 4.421E+00 3.291E+02 7.029E+03 2.957E+04 3.693E+04 3.694E+04 3.237E+07 31.9308 1.00000
  8.913E+10 8.913E+10 4.441E+00 3.695E+02 7.886E+03 3.389E+04 4.215E+04 4.215E+04 3.261E+07 32.1611 1.00000
  1.000E+11 1.000E+11 4.462E+00 4.148E+02 8.849E+03 3.884E+04 4.810E+04 4.811E+04 3.285E+07 32.3913 1.00000
  1.122E+11 1.122E+11 4.482E+00 4.656E+02 9.929E+03 4.451E+04 5.490E+04 5.491E+04 3.309E+07 32.6216 1.00000
  1.259E+11 1.259E+11 4.516E+00 5.227E+02 1.114E+04 5.101E+04 6.268E+04 6.268E+04 3.332E+07 32.6964 1.00000
  1.413E+11 1.413E+11 4.536E+00 5.867E+02 1.250E+04 5.847E+04 7.156E+04 7.156E+04 3.355E+07 32.9266 1.00000
  1.585E+11 1.585E+11 4.557E+00 6.586E+02 1.403E+04 6.702E+04 8.170E+04 8.171E+04 3.378E+07 33.1569 1.00000
  1.778E+11 1.778E+11 4.578E+00 7.392E+02 1.574E+04 7.682E+04 9.330E+04 9.330E+04 3.400E+07 33.3871 1.00000
  1.995E+11 1.995E+11 4.599E+00 8.297E+02 1.766E+04 8.807E+04 1.066E+05 1.066E+05 3.422E+07 33.6174 1.00000
  2.239E+11 2.239E+11 4.620E+00 9.312E+02 1.981E+04 1.010E+05 1.217E+05 1.217E+05 3.443E+07 33.8477 1.00000
  2.512E+11 2.512E+11 4.641E+00 1.045E+03 2.223E+04 1.158E+05 1.390E+05 1.390E+05 3.464E+07 34.0779 1.00000
  2.818E+11 2.818E+11 4.663E+00 1.173E+03 2.494E+04 1.327E+05 1.588E+05 1.588E+05 3.485E+07 34.3082 1.00000
  3.162E+11 3.162E+11 4.684E+00 1.316E+03 2.798E+04 1.522E+05 1.815E+05 1.815E+05 3.505E+07 34.5384 1.00000
  3.548E+11 3.548E+11 4.706E+00 1.477E+03 3.140E+04 1.745E+05 2.074E+05 2.074E+05 3.525E+07 34.7687 1.00000
  3.981E+11 3.981E+11 4.728E+00 1.658E+03 3.523E+04 2.001E+05 2.370E+05 2.370E+05 3.544E+07 34.9990 1.00000
  4.467E+11 4.467E+11 4.750E+00 1.861E+03 3.953E+04 2.295E+05 2.709E+05 2.709E+05 3.564E+07 35.2292 1.00000
  5.012E+11 5.012E+11 4.772E+00 2.088E+03 4.435E+04 2.632E+05 3.096E+05 3.096E+05 3.582E+07 35.4595 1.00000
  5.623E+11 5.623E+11 4.794E+00 2.343E+03 4.977E+04 3.018E+05 3.539E+05 3.539E+05 3.601E+07 35.6897 1.00000
  6.310E+11 6.310E+11 4.816E+00 2.629E+03 5.584E+04 3.462E+05 4.046E+05 4.047E+05 3.619E+07 35.9200 1.00000
  7.079E+11 7.079E+11 4.838E+00 2.950E+03 6.265E+04 3.971E+05 4.627E+05 4.627E+05 3.637E+07 36.1502 1.00000
  7.943E+11 7.943E+11 4.861E+00 3.311E+03 7.030E+04 4.555E+05 5.291E+05 5.291E+05 3.654E+07 36.3805 1.00000
  8.913E+11 8.913E+11 4.883E+00 3.715E+03 7.887E+04 5.225E+05 6.051E+05 6.051E+05 3.671E+07 36.6108 1.00000
  1.000E+12 1.000E+12 4.906E+00 4.169E+03 8.850E+04 5.994E+05 6.921E+05 6.921E+05 3.688E+07 36.8410 1.00000
  1.122E+12 1.122E+12 4.929E+00 4.678E+03 9.929E+04 6.877E+05 7.917E+05 7.917E+05 3.705E+07 37.0713 1.00000
  1.259E+12 1.259E+12 4.952E+00 5.249E+03 1.114E+05 7.890E+05 9.057E+05 9.057E+05 3.721E+07 37.3015 1.00000
  1.413E+12 1.413E+12 4.975E+00 5.890E+03 1.250E+05 9.053E+05 1.036E+06 1.036E+06 3.737E+07 37.5318 1.00000
  1.585E+12 1.585E+12 4.999E+00 6.609E+03 1.403E+05 1.039E+06 1.186E+06 1.186E+06 3.752E+07 37.7621 1.00000
  1.778E+12 1.778E+12 5.022E+00 7.416E+03 1.574E+05 1.192E+06 1.357E+06 1.357E+06 3.767E+07 37.9923 1.00000
  1.995E+12 1.995E+12 5.045E+00 8.321E+03 1.766E+05 1.368E+06 1.553E+06 1.553E+06 3.782E+07 38.2226 1.00000
  2.239E+12 2.239E+12 5.069E+00 9.337E+03 1.981E+05 1.570E+06 1.777E+06 1.777E+06 3.797E+07 38.4528 1.00000
  2.512E+12 2.512E+12 5.093E+00 1.048E+04 2.223E+05 1.802E+06 2.034E+06 2.034E+06 3.811E+07 38.6831 1.00000
  2.818E+12 2.818E+12 5.117E+00 1.176E+04 2.494E+05 2.068E+06 2.329E+06 2.329E+06 3.825E+07 38.9133 1.00000
  3.162E+12 3.162E+12 5.141E+00 1.319E+04 2.798E+05 2.374E+06 2.667E+06 2.667E+06 3.839E+07 39.1436 1.00000
  3.548E+12 3.548E+12 5.165E+00 1.480E+04 3.140E+05 2.724E+06 3.053E+06 3.053E+06 3.853E+07 39.3739 1.00000
  3.981E+12 3.981E+12 5.189E+00 1.661E+04 3.523E+05 3.127E+06 3.496E+06 3.496E+06 3.866E+07 39.6041 1.00000
  4.467E+12 4.467E+12 5.214E+00 1.863E+04 3.953E+05 3.590E+06 4.004E+06 4.004E+06 3.879E+07 39.8344 1.00000
  5.012E+12 5.012E+12 5.238E+00 2.091E+04 4.435E+05 4.122E+06 4.586E+06 4.586E+06 3.892E+07 40.0646 1.00000
  5.623E+12 5.623E+12 5.263E+00 2.346E+04 4.976E+05 4.732E+06 5.253E+06 5.253E+06 3.904E+07 40.2949 1.00000
  6.310E+12 6.310E+12 5.288E+00 2.632E+04 5.584E+05 5.433E+06 6.018E+06 6.018E+06 3.916E+07 40.5252 1.00000
  7.079E+12 7.079E+12 5.313E+00 2.953E+04 6.265E+05 6.238E+06 6.894E+06 6.894E+06 3.928E+07 40.7554 1.00000
  7.943E+12 7.943E+12 5.338E+00 3.314E+04 7.029E+05 7.163E+06 7.899E+06 7.899E+06 3.940E+07 40.9857 1.00000
  8.913E+12 8.913E+12 5.363E+00 3.718E+04 7.887E+05 8.226E+06 9.052E+06 9.052E+06 3.951E+07 41.2159 1.00000
  1.000E+13 1.000E+13 5.389E+00 4.172E+04 8.849E+05 9.446E+06 1.037E+07 1.037E+07 3.963E+07 41.4462 1.00000
  1.122E+13 1.122E+13 5.414E+00 4.681E+04 9.929E+05 1.085E+07 1.189E+07 1.189E+07 3.974E+07 41.6765 1.00000
  1.259E+13 1.259E+13 5.440E+00 5.252E+04 1.114E+06 1.246E+07 1.363E+07 1.363E+07 3.984E+07 41.9067 1.00000
  1.413E+13 1.413E+13 5.466E+00 5.893E+04 1.250E+06 1.431E+07 1.562E+07 1.562E+07 3.995E+07 42.1370 1.00000
  1.585E+13 1.585E+13 5.492E+00 6.612E+04 1.402E+06 1.644E+07 1.791E+07 1.791E+07 4.005E+07 42.3672 1.00000
  1.778E+13 1.778E+13 5.518E+00 7.419E+04 1.574E+06 1.888E+07 2.053E+07 2.053E+07 4.015E+07 42.5975 1.00000
  1.995E+13 1.995E+13 5.544E+00 8.325E+04 1.766E+06 2.169E+07 2.354E+07 2.354E+07 4.025E+07 42.8277 1.00000
  2.239E+13 2.239E+13 5.570E+00 9.341E+04 1.981E+06 2.491E+07 2.699E+07 2.699E+07 4.035E+07 43.0580 1.00000
  2.512E+13 2.512E+13 5.597E+00 1.048E+05 2.223E+06 2.862E+07 3.095E+07 3.095E+07 4.044E+07 43.2883 1.00000
  2.818E+13 2.818E+13 5.623E+00 1.176E+05 2.494E+06 3.288E+07 3.549E+07 3.549E+07 4.053E+07 43.5185 1.00000
  3.162E+13 3.162E+13 5.650E+00 1.319E+05 2.798E+06 3.778E+07 4.071E+07 4.071E+07 4.063E+07 43.7488 1.00000
  3.548E+13 3.548E+13 5.677E+00 1.480E+05 3.140E+06 4.341E+07 4.670E+07 4.670E+07 4.071E+07 43.9790 1.00000
  3.981E+13 3.981E+13 5.704E+00 1.661E+05 3.523E+06 4.988E+07 5.357E+07 5.357E+07 4.080E+07 44.2093 1.00000
  4.467E+13 4.467E+13 5.731E+00 1.864E+05 3.953E+06 5.731E+07 6.145E+07 6.145E+07 4.088E+07 44.4396 1.00000
  5.012E+13 5.012E+13 5.759E+00 2.091E+05 4.435E+06 6.586E+07 7.051E+07 7.051E+07 4.097E+07 44.6698 1.00000
  5.623E+13 5.623E+13 5.786E+00 2.346E+05 4.976E+06 7.569E+07 8.090E+07 8.090E+07 4.105E+07 44.9001 1.00000
  6.310E+13 6.310E+13 5.814E+00 2.633E+05 5.583E+06 8.699E+07 9.283E+07 9.283E+07 4.113E+07 45.1303 1.00000
  7.079E+13 7.079E+13 5.842E+00 2.954E+05 6.264E+06 9.998E+07 1.065E+08 1.065E+08 4.120E+07 45.3606 1.00000
  7.943E+13 7.943E+13 5.870E+00 3.314E+05 7.029E+06 1.149E+08 1.223E+08 1.223E+08 4.128E+07 45.5908 1.00000
  8.913E+13 8.913E+13 5.898E+00 3.719E+05 7.886E+06 1.321E+08 1.403E+08 1.403E+08 4.135E+07 45.8211 1.00000
  1.000E+14 1.000E+14 5.926E+00 4.172E+05 8.849E+06 1.518E+08 1.611E+08 1.611E+08 4.143E+07 46.0514 1.00000
  1.122E+14 1.122E+14 5.955E+00 4.682E+05 9.928E+06 1.745E+08 1.849E+08 1.849E+08 4.150E+07 46.2816 1.00000
  1.259E+14 1.259E+14 5.983E+00 5.253E+05 1.114E+07 2.006E+08 2.123E+08 2.123E+08 4.157E+07 46.5119 1.00000
  1.413E+14 1.413E+14 6.012E+00 5.894E+05 1.250E+07 2.306E+08 2.437E+08 2.437E+08 4.163E+07 46.7421 1.00000
  1.585E+14 1.585E+14 6.041E+00 6.613E+05 1.402E+07 2.652E+08 2.798E+08 2.798E+08 4.170E+07 46.9724 1.00000
  1.778E+14 1.778E+14 6.070E+00 7.420E+05 1.573E+07 3.049E+08 3.213E+08 3.213E+08 4.176E+07 47.2027 1.00000
  1.995E+14 1.995E+14 6.099E+00 8.325E+05 1.765E+07 3.505E+08 3.690E+08 3.690E+08 4.183E+07 47.4329 1.00000
  2.239E+14 2.239E+14 6.128E+00 9.341E+05 1.981E+07 4.030E+08 4.238E+08 4.238E+08 4.189E+07 47.6632 1.00000
  2.512E+14 2.512E+14 6.158E+00 1.048E+06 2.223E+07 4.634E+08 4.867E+08 4.867E+08 4.195E+07 47.8934 1.00000
  2.818E+14 2.818E+14 6.187E+00 1.176E+06 2.494E+07 5.329E+08 5.590E+08 5.590E+08 4.201E+07 48.1237 1.00000
  3.162E+14 3.162E+14 6.217E+00 1.319E+06 2.798E+07 6.128E+08 6.421E+08 6.421E+08 4.207E+07 48.3539 1.00000
  3.548E+14 3.548E+14 6.247E+00 1.480E+06 3.139E+07 7.048E+08 7.377E+08 7.377E+08 4.212E+07 48.5842 1.00000
  3.981E+14 3.981E+14 6.277E+00 1.661E+06 3.522E+07 8.106E+08 8.474E+08 8.474E+08 4.218E+07 48.8145 1.00000
  4.467E+14 4.467E+14 6.307E+00 1.864E+06 3.952E+07 9.323E+08 9.736E+08 9.736E+08 4.223E+07 49.0447 1.00000
  5.012E+14 5.012E+14 6.338E+00 2.091E+06 4.434E+07 1.072E+09 1.119E+09 1.119E+09 4.228E+07 49.2750 1.00000
  5.623E+14 5.623E+14 6.368E+00 2.346E+06 4.976E+07 1.233E+09 1.285E+09 1.285E+09 4.233E+07 49.5052 1.00000
  6.310E+14 6.310E+14 6.399E+00 2.633E+06 5.583E+07 1.419E+09 1.477E+09 1.477E+09 4.238E+07 49.7355 1.00000
  7.079E+14 7.079E+14 6.430E+00 2.954E+06 6.264E+07 1.632E+09 1.698E+09 1.698E+09 4.243E+07 49.9658 1.00000
  7.943E+14 7.943E+14 6.461E+00 3.314E+06 7.028E+07 1.877E+09 1.951E+09 1.951E+09 4.248E+07 50.1960 1.00000
  8.913E+14 8.913E+14 6.492E+00 3.719E+06 7.885E+07 2.160E+09 2.242E+09 2.242E+09 4.252E+07 50.4263 1.00000
  1.000E+15 1.000E+15 6.524E+00 4.172E+06 8.848E+07 2.485E+09 2.577E+09 2.577E+09 4.257E+07 50.6565 1.00000
