 Incident particle is a Tau with M = 1776.82000 MeV
 Index = 0: Anthracene
      Absorber with <Z/A> = 0.52741
 Density effect computed following Fano (1963)
 Models for Radloss: brems =  SSR, pair =  SSR, photonuc = DRSS

 *** Table generated with PUMAS v1.1 ***

      T         p     Ionization  brems     pair     photonuc  Radloss    dE/dx   CSDA Range  delta   beta
    [MeV]    [MeV/c]  -----------------------[MeV cm^2/g]------------------------  [g/cm^2]
  1.000E+05 1.018E+05 2.310E+00 3.372E-05 1.795E-03 6.769E-03 8.598E-03 2.319E+00 2.156E+04  4.9976 0.99985
  1.122E+05 1.140E+05 2.330E+00 4.082E-05 2.171E-03 7.675E-03 9.888E-03 2.340E+00 2.680E+04  5.2139 0.99988
  1.259E+05 1.277E+05 2.349E+00 4.934E-05 2.616E-03 8.684E-03 1.135E-02 2.361E+00 3.263E+04  5.4324 0.99990
  1.413E+05 1.430E+05 2.369E+00 5.953E-05 3.140E-03 9.798E-03 1.300E-02 2.382E+00 3.910E+04  5.6528 0.99992
  1.585E+05 1.603E+05 2.388E+00 7.169E-05 3.757E-03 1.106E-02 1.489E-02 2.403E+00 4.631E+04  5.8749 0.99994
  1.778E+05 1.796E+05 2.408E+00 8.618E-05 4.481E-03 1.247E-02 1.703E-02 2.425E+00 5.432E+04  6.0983 0.99995
  1.995E+05 2.013E+05 2.427E+00 1.034E-04 5.330E-03 1.406E-02 1.949E-02 2.447E+00 6.322E+04  6.3228 0.99996
  2.239E+05 2.256E+05 2.447E+00 1.238E-04 6.323E-03 1.582E-02 2.227E-02 2.469E+00 7.313E+04  6.5483 0.99997
  2.512E+05 2.530E+05 2.466E+00 1.480E-04 7.483E-03 1.780E-02 2.543E-02 2.492E+00 8.414E+04  6.7745 0.99998
  2.818E+05 2.836E+05 2.485E+00 1.766E-04 8.835E-03 2.003E-02 2.904E-02 2.514E+00 9.639E+04  7.0014 0.99998
  3.162E+05 3.180E+05 2.505E+00 2.103E-04 1.041E-02 2.254E-02 3.316E-02 2.538E+00 1.100E+05  7.2289 0.99998
  3.548E+05 3.566E+05 2.524E+00 2.500E-04 1.224E-02 2.535E-02 3.784E-02 2.562E+00 1.251E+05  7.4567 0.99999
  3.981E+05 3.999E+05 2.543E+00 2.967E-04 1.436E-02 2.851E-02 4.316E-02 2.586E+00 1.419E+05  7.6850 0.99999
  4.467E+05 4.485E+05 2.562E+00 3.515E-04 1.682E-02 3.206E-02 4.923E-02 2.612E+00 1.606E+05  7.9135 0.99999
  5.012E+05 5.030E+05 2.582E+00 4.157E-04 1.967E-02 3.604E-02 5.612E-02 2.638E+00 1.814E+05  8.1423 0.99999
  5.623E+05 5.641E+05 2.601E+00 4.909E-04 2.296E-02 4.054E-02 6.398E-02 2.665E+00 2.045E+05  8.3713 1.00000
  6.310E+05 6.327E+05 2.620E+00 5.786E-04 2.675E-02 4.562E-02 7.295E-02 2.693E+00 2.301E+05  8.6005 1.00000
  7.079E+05 7.097E+05 2.639E+00 6.810E-04 3.113E-02 5.136E-02 8.317E-02 2.722E+00 2.585E+05  8.8299 1.00000
  7.943E+05 7.961E+05 2.658E+00 8.003E-04 3.617E-02 5.783E-02 9.479E-02 2.752E+00 2.901E+05  9.0594 1.00000
  8.913E+05 8.930E+05 2.676E+00 9.390E-04 4.196E-02 6.511E-02 1.080E-01 2.784E+00 3.251E+05  9.2889 1.00000
  1.000E+06 1.002E+06 2.695E+00 1.101E-03 4.861E-02 7.339E-02 1.231E-01 2.818E+00 3.639E+05  9.5186 1.00000
  1.122E+06 1.124E+06 2.714E+00 1.288E-03 5.625E-02 8.270E-02 1.402E-01 2.854E+00 4.069E+05  9.7484 1.00000
  1.259E+06 1.261E+06 2.732E+00 1.505E-03 6.500E-02 9.329E-02 1.598E-01 2.892E+00 4.546E+05  9.9782 1.00000
  1.413E+06 1.414E+06 2.751E+00 1.757E-03 7.502E-02 1.053E-01 1.820E-01 2.933E+00 5.073E+05 10.2081 1.00000
  1.585E+06 1.587E+06 2.769E+00 2.048E-03 8.648E-02 1.188E-01 2.074E-01 2.976E+00 5.656E+05 10.4380 1.00000
  1.778E+06 1.780E+06 2.787E+00 2.385E-03 9.957E-02 1.342E-01 2.362E-01 3.023E+00 6.301E+05 10.6680 1.00000
  1.995E+06 1.997E+06 2.805E+00 2.773E-03 1.145E-01 1.516E-01 2.689E-01 3.074E+00 7.013E+05 10.8980 1.00000
  2.239E+06 2.240E+06 2.823E+00 3.223E-03 1.316E-01 1.715E-01 3.063E-01 3.129E+00 7.798E+05 11.1280 1.00000
  2.512E+06 2.514E+06 2.841E+00 3.741E-03 1.510E-01 1.940E-01 3.487E-01 3.189E+00 8.662E+05 11.3581 1.00000
  2.818E+06 2.820E+06 2.858E+00 4.339E-03 1.731E-01 2.196E-01 3.970E-01 3.255E+00 9.613E+05 11.5881 1.00000
  3.162E+06 3.164E+06 2.876E+00 5.026E-03 1.982E-01 2.486E-01 4.519E-01 3.328E+00 1.066E+06 11.8183 1.00000
  3.548E+06 3.550E+06 2.893E+00 5.816E-03 2.268E-01 2.816E-01 5.142E-01 3.407E+00 1.180E+06 12.0484 1.00000
  3.981E+06 3.983E+06 2.910E+00 6.723E-03 2.592E-01 3.192E-01 5.851E-01 3.495E+00 1.306E+06 12.2785 1.00000
  4.467E+06 4.469E+06 2.927E+00 7.765E-03 2.961E-01 3.619E-01 6.657E-01 3.593E+00 1.443E+06 12.5087 1.00000
  5.012E+06 5.014E+06 2.944E+00 8.965E-03 3.378E-01 4.105E-01 7.573E-01 3.701E+00 1.592E+06 12.7388 1.00000
  5.623E+06 5.625E+06 2.960E+00 1.034E-02 3.851E-01 4.659E-01 8.614E-01 3.822E+00 1.755E+06 12.9690 1.00000
  6.310E+06 6.311E+06 2.977E+00 1.192E-02 4.387E-01 5.290E-01 9.796E-01 3.956E+00 1.931E+06 13.1992 1.00000
  7.079E+06 7.081E+06 2.993E+00 1.373E-02 4.994E-01 6.008E-01 1.114E+00 4.107E+00 2.122E+06 13.4294 1.00000
  7.943E+06 7.945E+06 3.009E+00 1.581E-02 5.680E-01 6.826E-01 1.266E+00 4.276E+00 2.329E+06 13.6596 1.00000
  8.913E+06 8.914E+06 3.025E+00 1.818E-02 6.455E-01 7.758E-01 1.440E+00 4.465E+00 2.550E+06 13.8898 1.00000
  1.000E+07 1.000E+07 3.041E+00 2.090E-02 7.332E-01 8.821E-01 1.636E+00 4.677E+00 2.788E+06 14.1200 1.00000
  1.122E+07 1.122E+07 3.056E+00 2.400E-02 8.322E-01 1.003E+00 1.859E+00 4.916E+00 3.043E+06 14.3502 1.00000
  1.259E+07 1.259E+07 3.072E+00 2.755E-02 9.439E-01 1.141E+00 2.113E+00 5.185E+00 3.314E+06 14.5805 1.00000
  1.413E+07 1.413E+07 3.087E+00 3.161E-02 1.070E+00 1.299E+00 2.400E+00 5.488E+00 3.602E+06 14.8107 1.00000
  1.585E+07 1.585E+07 3.103E+00 3.623E-02 1.212E+00 1.478E+00 2.727E+00 5.829E+00 3.907E+06 15.0409 1.00000
  1.778E+07 1.778E+07 3.118E+00 4.152E-02 1.373E+00 1.683E+00 3.097E+00 6.215E+00 4.228E+06 15.2711 1.00000
  1.995E+07 1.995E+07 3.133E+00 4.754E-02 1.553E+00 1.917E+00 3.518E+00 6.651E+00 4.565E+06 15.5014 1.00000
  2.239E+07 2.239E+07 3.148E+00 5.441E-02 1.757E+00 2.184E+00 3.995E+00 7.143E+00 4.918E+06 15.7316 1.00000
  2.512E+07 2.512E+07 3.163E+00 6.225E-02 1.986E+00 2.488E+00 4.537E+00 7.699E+00 5.287E+06 15.9619 1.00000
  2.818E+07 2.819E+07 3.177E+00 7.119E-02 2.245E+00 2.835E+00 5.151E+00 8.329E+00 5.669E+06 16.1921 1.00000
  3.162E+07 3.162E+07 3.192E+00 8.137E-02 2.536E+00 3.232E+00 5.849E+00 9.041E+00 6.066E+06 16.4224 1.00000
  3.548E+07 3.548E+07 3.207E+00 9.295E-02 2.863E+00 3.684E+00 6.640E+00 9.847E+00 6.474E+06 16.6526 1.00000
  3.981E+07 3.981E+07 3.222E+00 1.061E-01 3.231E+00 4.201E+00 7.538E+00 1.076E+01 6.895E+06 16.8828 1.00000
  4.467E+07 4.467E+07 3.236E+00 1.211E-01 3.645E+00 4.791E+00 8.557E+00 1.179E+01 7.326E+06 17.1131 1.00000
  5.012E+07 5.012E+07 3.251E+00 1.382E-01 4.111E+00 5.465E+00 9.714E+00 1.296E+01 7.767E+06 17.3433 1.00000
  5.623E+07 5.624E+07 3.266E+00 1.576E-01 4.635E+00 6.234E+00 1.103E+01 1.429E+01 8.216E+06 17.5736 1.00000
  6.310E+07 6.310E+07 3.280E+00 1.796E-01 5.223E+00 7.113E+00 1.252E+01 1.580E+01 8.672E+06 17.8038 1.00000
  7.079E+07 7.080E+07 3.295E+00 2.046E-01 5.885E+00 8.117E+00 1.421E+01 1.750E+01 9.135E+06 18.0341 1.00000
  7.943E+07 7.943E+07 3.310E+00 2.330E-01 6.629E+00 9.263E+00 1.612E+01 1.943E+01 9.603E+06 18.2644 1.00000
  8.913E+07 8.913E+07 3.324E+00 2.652E-01 7.464E+00 1.057E+01 1.830E+01 2.163E+01 1.008E+07 18.4946 1.00000
  1.000E+08 1.000E+08 3.339E+00 3.017E-01 8.403E+00 1.207E+01 2.077E+01 2.411E+01 1.055E+07 18.7249 1.00000
  1.122E+08 1.122E+08 3.354E+00 3.431E-01 9.458E+00 1.378E+01 2.358E+01 2.693E+01 1.103E+07 18.9551 1.00000
  1.259E+08 1.259E+08 3.369E+00 3.901E-01 1.064E+01 1.573E+01 2.676E+01 3.013E+01 1.151E+07 19.1854 1.00000
  1.413E+08 1.413E+08 3.383E+00 4.432E-01 1.197E+01 1.796E+01 3.038E+01 3.376E+01 1.199E+07 19.4156 1.00000
  1.585E+08 1.585E+08 3.398E+00 5.035E-01 1.347E+01 2.051E+01 3.448E+01 3.788E+01 1.247E+07 19.6459 1.00000
  1.778E+08 1.778E+08 3.413E+00 5.717E-01 1.514E+01 2.343E+01 3.915E+01 4.256E+01 1.296E+07 19.8761 1.00000
  1.995E+08 1.995E+08 3.428E+00 6.488E-01 1.703E+01 2.676E+01 4.444E+01 4.787E+01 1.344E+07 20.1064 1.00000
  2.239E+08 2.239E+08 3.443E+00 7.361E-01 1.914E+01 3.057E+01 5.045E+01 5.389E+01 1.392E+07 20.3367 1.00000
  2.512E+08 2.512E+08 3.458E+00 8.349E-01 2.152E+01 3.492E+01 5.728E+01 6.073E+01 1.439E+07 20.5669 1.00000
  2.818E+08 2.818E+08 3.473E+00 9.465E-01 2.418E+01 3.990E+01 6.503E+01 6.850E+01 1.487E+07 20.7972 1.00000
  3.162E+08 3.162E+08 3.489E+00 1.073E+00 2.718E+01 4.559E+01 7.384E+01 7.733E+01 1.534E+07 21.0274 1.00000
  3.548E+08 3.548E+08 3.504E+00 1.215E+00 3.053E+01 5.209E+01 8.384E+01 8.735E+01 1.581E+07 21.2577 1.00000
  3.981E+08 3.981E+08 3.519E+00 1.376E+00 3.430E+01 5.953E+01 9.521E+01 9.873E+01 1.627E+07 21.4879 1.00000
  4.467E+08 4.467E+08 3.535E+00 1.558E+00 3.854E+01 6.803E+01 1.081E+02 1.117E+02 1.674E+07 21.7182 1.00000
  5.012E+08 5.012E+08 3.550E+00 1.763E+00 4.329E+01 7.776E+01 1.228E+02 1.264E+02 1.720E+07 21.9485 1.00000
  5.623E+08 5.623E+08 3.566E+00 1.995E+00 4.862E+01 8.888E+01 1.395E+02 1.431E+02 1.765E+07 22.1787 1.00000
  6.310E+08 6.310E+08 3.582E+00 2.256E+00 5.460E+01 1.016E+02 1.585E+02 1.620E+02 1.810E+07 22.4090 1.00000
  7.079E+08 7.079E+08 3.597E+00 2.551E+00 6.131E+01 1.161E+02 1.800E+02 1.836E+02 1.855E+07 22.6392 1.00000
  7.943E+08 7.943E+08 3.613E+00 2.883E+00 6.885E+01 1.328E+02 2.045E+02 2.081E+02 1.899E+07 22.8695 1.00000
  8.913E+08 8.913E+08 3.629E+00 3.258E+00 7.731E+01 1.518E+02 2.324E+02 2.360E+02 1.943E+07 23.0997 1.00000
  1.000E+09 1.000E+09 3.645E+00 3.680E+00 8.680E+01 1.736E+02 2.640E+02 2.677E+02 1.986E+07 23.3300 1.00000
  1.122E+09 1.122E+09 3.661E+00 4.155E+00 9.745E+01 1.985E+02 3.001E+02 3.037E+02 2.029E+07 23.5603 1.00000
  1.259E+09 1.259E+09 3.677E+00 4.691E+00 1.094E+02 2.270E+02 3.410E+02 3.447E+02 2.071E+07 23.7905 1.00000
  1.413E+09 1.413E+09 3.693E+00 5.294E+00 1.228E+02 2.596E+02 3.877E+02 3.913E+02 2.113E+07 24.0208 1.00000
  1.585E+09 1.585E+09 3.710E+00 5.973E+00 1.379E+02 2.968E+02 4.407E+02 4.444E+02 2.154E+07 24.2510 1.00000
  1.778E+09 1.778E+09 3.726E+00 6.738E+00 1.547E+02 3.395E+02 5.010E+02 5.047E+02 2.195E+07 24.4813 1.00000
  1.995E+09 1.995E+09 3.743E+00 7.598E+00 1.737E+02 3.883E+02 5.696E+02 5.734E+02 2.235E+07 24.7115 1.00000
  2.239E+09 2.239E+09 3.759E+00 8.567E+00 1.949E+02 4.442E+02 6.477E+02 6.515E+02 2.275E+07 24.9418 1.00000
  2.512E+09 2.512E+09 3.776E+00 9.656E+00 2.188E+02 5.082E+02 7.366E+02 7.404E+02 2.314E+07 25.1721 1.00000
  2.818E+09 2.818E+09 3.793E+00 1.088E+01 2.456E+02 5.813E+02 8.378E+02 8.416E+02 2.353E+07 25.4023 1.00000
  3.162E+09 3.162E+09 3.810E+00 1.226E+01 2.756E+02 6.651E+02 9.530E+02 9.568E+02 2.391E+07 25.6326 1.00000
  3.548E+09 3.548E+09 3.827E+00 1.381E+01 3.093E+02 7.610E+02 1.084E+03 1.088E+03 2.429E+07 25.8628 1.00000
  3.981E+09 3.981E+09 3.844E+00 1.555E+01 3.471E+02 8.707E+02 1.233E+03 1.237E+03 2.466E+07 26.0931 1.00000
  4.467E+09 4.467E+09 3.861E+00 1.751E+01 3.896E+02 9.963E+02 1.403E+03 1.407E+03 2.503E+07 26.3234 1.00000
  5.012E+09 5.012E+09 3.878E+00 1.971E+01 4.372E+02 1.140E+03 1.597E+03 1.601E+03 2.540E+07 26.5536 1.00000
  5.623E+09 5.623E+09 3.896E+00 2.218E+01 4.906E+02 1.305E+03 1.818E+03 1.821E+03 2.575E+07 26.7839 1.00000
  6.310E+09 6.310E+09 3.913E+00 2.496E+01 5.506E+02 1.493E+03 2.069E+03 2.073E+03 2.611E+07 27.0141 1.00000
  7.079E+09 7.079E+09 3.931E+00 2.809E+01 6.178E+02 1.709E+03 2.355E+03 2.359E+03 2.645E+07 27.2444 1.00000
  7.943E+09 7.943E+09 3.948E+00 3.160E+01 6.933E+02 1.956E+03 2.681E+03 2.685E+03 2.680E+07 27.4746 1.00000
  8.913E+09 8.913E+09 3.966E+00 3.554E+01 7.780E+02 2.239E+03 3.053E+03 3.057E+03 2.714E+07 27.7049 1.00000
  1.000E+10 1.000E+10 3.984E+00 3.997E+01 8.730E+02 2.563E+03 3.476E+03 3.480E+03 2.747E+07 27.9352 1.00000
  1.122E+10 1.122E+10 4.002E+00 4.494E+01 9.797E+02 2.935E+03 3.959E+03 3.963E+03 2.780E+07 28.1654 1.00000
  1.259E+10 1.259E+10 4.020E+00 5.053E+01 1.099E+03 3.360E+03 4.509E+03 4.513E+03 2.812E+07 28.3957 1.00000
  1.413E+10 1.413E+10 4.038E+00 5.680E+01 1.234E+03 3.847E+03 5.137E+03 5.141E+03 2.844E+07 28.6259 1.00000
  1.585E+10 1.585E+10 4.056E+00 6.385E+01 1.384E+03 4.404E+03 5.852E+03 5.856E+03 2.875E+07 28.8561 1.00000
  1.778E+10 1.778E+10 4.075E+00 7.176E+01 1.553E+03 5.043E+03 6.668E+03 6.672E+03 2.906E+07 29.0863 1.00000
  1.995E+10 1.995E+10 4.093E+00 8.064E+01 1.743E+03 5.775E+03 7.598E+03 7.602E+03 2.937E+07 29.3166 1.00000
  2.239E+10 2.239E+10 4.112E+00 9.061E+01 1.955E+03 6.613E+03 8.659E+03 8.663E+03 2.967E+07 29.5465 1.00000
  2.512E+10 2.512E+10 4.130E+00 1.018E+02 2.194E+03 7.574E+03 9.870E+03 9.874E+03 2.996E+07 29.7767 1.00000
  2.818E+10 2.818E+10 4.149E+00 1.144E+02 2.462E+03 8.674E+03 1.125E+04 1.125E+04 3.025E+07 30.0070 1.00000
  3.162E+10 3.162E+10 4.168E+00 1.285E+02 2.763E+03 9.935E+03 1.283E+04 1.283E+04 3.054E+07 30.2357 1.00000
  3.548E+10 3.548E+10 4.187E+00 1.443E+02 3.100E+03 1.138E+04 1.462E+04 1.463E+04 3.082E+07 30.4660 1.00000
  3.981E+10 3.981E+10 4.206E+00 1.621E+02 3.478E+03 1.304E+04 1.668E+04 1.668E+04 3.110E+07 30.6962 1.00000
  4.467E+10 4.467E+10 4.225E+00 1.820E+02 3.903E+03 1.493E+04 1.902E+04 1.902E+04 3.137E+07 30.9265 1.00000
  5.012E+10 5.012E+10 4.245E+00 2.044E+02 4.379E+03 1.711E+04 2.169E+04 2.169E+04 3.164E+07 31.1503 1.00000
  5.623E+10 5.623E+10 4.265E+00 2.295E+02 4.913E+03 1.960E+04 2.474E+04 2.475E+04 3.190E+07 31.3805 1.00000
  6.310E+10 6.310E+10 4.284E+00 2.577E+02 5.513E+03 2.246E+04 2.823E+04 2.823E+04 3.216E+07 31.6108 1.00000
  7.079E+10 7.079E+10 4.306E+00 2.894E+02 6.186E+03 2.573E+04 3.221E+04 3.221E+04 3.242E+07 31.8119 1.00000
  7.943E+10 7.943E+10 4.326E+00 3.249E+02 6.941E+03 2.948E+04 3.675E+04 3.675E+04 3.267E+07 32.0421 1.00000
  8.913E+10 8.913E+10 4.346E+00 3.648E+02 7.788E+03 3.379E+04 4.194E+04 4.194E+04 3.291E+07 32.2724 1.00000
  1.000E+11 1.000E+11 4.366E+00 4.095E+02 8.738E+03 3.872E+04 4.787E+04 4.787E+04 3.316E+07 32.5027 1.00000
  1.122E+11 1.122E+11 4.386E+00 4.597E+02 9.804E+03 4.437E+04 5.464E+04 5.464E+04 3.340E+07 32.7329 1.00000
  1.259E+11 1.259E+11 4.419E+00 5.160E+02 1.100E+04 5.086E+04 6.237E+04 6.238E+04 3.363E+07 32.8077 1.00000
  1.413E+11 1.413E+11 4.439E+00 5.793E+02 1.234E+04 5.829E+04 7.121E+04 7.122E+04 3.386E+07 33.0380 1.00000
  1.585E+11 1.585E+11 4.460E+00 6.502E+02 1.385E+04 6.681E+04 8.131E+04 8.132E+04 3.409E+07 33.2682 1.00000
  1.778E+11 1.778E+11 4.480E+00 7.298E+02 1.554E+04 7.659E+04 9.286E+04 9.286E+04 3.431E+07 33.4985 1.00000
  1.995E+11 1.995E+11 4.501E+00 8.191E+02 1.744E+04 8.780E+04 1.061E+05 1.061E+05 3.453E+07 33.7287 1.00000
  2.239E+11 2.239E+11 4.522E+00 9.194E+02 1.956E+04 1.007E+05 1.211E+05 1.211E+05 3.474E+07 33.9590 1.00000
  2.512E+11 2.512E+11 4.542E+00 1.032E+03 2.195E+04 1.154E+05 1.384E+05 1.384E+05 3.495E+07 34.1893 1.00000
  2.818E+11 2.818E+11 4.564E+00 1.158E+03 2.463E+04 1.323E+05 1.581E+05 1.581E+05 3.516E+07 34.4195 1.00000
  3.162E+11 3.162E+11 4.585E+00 1.300E+03 2.763E+04 1.517E+05 1.806E+05 1.806E+05 3.536E+07 34.6498 1.00000
  3.548E+11 3.548E+11 4.606E+00 1.459E+03 3.101E+04 1.740E+05 2.064E+05 2.064E+05 3.556E+07 34.8800 1.00000
  3.981E+11 3.981E+11 4.627E+00 1.637E+03 3.479E+04 1.995E+05 2.359E+05 2.359E+05 3.576E+07 35.1103 1.00000
  4.467E+11 4.467E+11 4.649E+00 1.837E+03 3.903E+04 2.288E+05 2.696E+05 2.696E+05 3.595E+07 35.3405 1.00000
  5.012E+11 5.012E+11 4.670E+00 2.061E+03 4.380E+04 2.624E+05 3.082E+05 3.082E+05 3.614E+07 35.5708 1.00000
  5.623E+11 5.623E+11 4.692E+00 2.313E+03 4.914E+04 3.009E+05 3.524E+05 3.524E+05 3.633E+07 35.8011 1.00000
  6.310E+11 6.310E+11 4.714E+00 2.596E+03 5.514E+04 3.451E+05 4.029E+05 4.029E+05 3.651E+07 36.0313 1.00000
  7.079E+11 7.079E+11 4.736E+00 2.913E+03 6.187E+04 3.959E+05 4.606E+05 4.606E+05 3.669E+07 36.2616 1.00000
  7.943E+11 7.943E+11 4.758E+00 3.269E+03 6.941E+04 4.541E+05 5.268E+05 5.268E+05 3.686E+07 36.4918 1.00000
  8.913E+11 8.913E+11 4.780E+00 3.668E+03 7.788E+04 5.209E+05 6.025E+05 6.025E+05 3.703E+07 36.7221 1.00000
  1.000E+12 1.000E+12 4.803E+00 4.116E+03 8.739E+04 5.976E+05 6.891E+05 6.891E+05 3.720E+07 36.9524 1.00000
  1.122E+12 1.122E+12 4.825E+00 4.618E+03 9.805E+04 6.856E+05 7.883E+05 7.883E+05 3.737E+07 37.1826 1.00000
  1.259E+12 1.259E+12 4.848E+00 5.182E+03 1.100E+05 7.866E+05 9.018E+05 9.018E+05 3.753E+07 37.4129 1.00000
  1.413E+12 1.413E+12 4.870E+00 5.815E+03 1.234E+05 9.025E+05 1.032E+06 1.032E+06 3.769E+07 37.6431 1.00000
  1.585E+12 1.585E+12 4.893E+00 6.525E+03 1.385E+05 1.036E+06 1.181E+06 1.181E+06 3.785E+07 37.8734 1.00000
  1.778E+12 1.778E+12 4.916E+00 7.322E+03 1.554E+05 1.188E+06 1.351E+06 1.351E+06 3.800E+07 38.1037 1.00000
  1.995E+12 1.995E+12 4.939E+00 8.215E+03 1.744E+05 1.364E+06 1.546E+06 1.546E+06 3.815E+07 38.3339 1.00000
  2.239E+12 2.239E+12 4.963E+00 9.218E+03 1.956E+05 1.565E+06 1.770E+06 1.770E+06 3.830E+07 38.5642 1.00000
  2.512E+12 2.512E+12 4.986E+00 1.034E+04 2.195E+05 1.796E+06 2.026E+06 2.026E+06 3.844E+07 38.7944 1.00000
  2.818E+12 2.818E+12 5.009E+00 1.161E+04 2.463E+05 2.062E+06 2.319E+06 2.319E+06 3.858E+07 39.0247 1.00000
  3.162E+12 3.162E+12 5.033E+00 1.302E+04 2.763E+05 2.366E+06 2.656E+06 2.656E+06 3.872E+07 39.2549 1.00000
  3.548E+12 3.548E+12 5.057E+00 1.461E+04 3.101E+05 2.716E+06 3.041E+06 3.041E+06 3.886E+07 39.4852 1.00000
  3.981E+12 3.981E+12 5.081E+00 1.640E+04 3.479E+05 3.118E+06 3.482E+06 3.482E+06 3.899E+07 39.7155 1.00000
  4.467E+12 4.467E+12 5.105E+00 1.840E+04 3.903E+05 3.579E+06 3.988E+06 3.988E+06 3.912E+07 39.9457 1.00000
  5.012E+12 5.012E+12 5.129E+00 2.064E+04 4.380E+05 4.109E+06 4.568E+06 4.568E+06 3.925E+07 40.1760 1.00000
  5.623E+12 5.623E+12 5.153E+00 2.316E+04 4.914E+05 4.718E+06 5.232E+06 5.232E+06 3.937E+07 40.4062 1.00000
  6.310E+12 6.310E+12 5.177E+00 2.599E+04 5.514E+05 5.417E+06 5.994E+06 5.994E+06 3.949E+07 40.6365 1.00000
  7.079E+12 7.079E+12 5.202E+00 2.916E+04 6.186E+05 6.219E+06 6.867E+06 6.867E+06 3.961E+07 40.8668 1.00000
  7.943E+12 7.943E+12 5.227E+00 3.272E+04 6.941E+05 7.141E+06 7.868E+06 7.868E+06 3.973E+07 41.0970 1.00000
  8.913E+12 8.913E+12 5.251E+00 3.671E+04 7.788E+05 8.201E+06 9.016E+06 9.016E+06 3.985E+07 41.3273 1.00000
  1.000E+13 1.000E+13 5.276E+00 4.119E+04 8.738E+05 9.417E+06 1.033E+07 1.033E+07 3.996E+07 41.5575 1.00000
  1.122E+13 1.122E+13 5.302E+00 4.622E+04 9.805E+05 1.082E+07 1.184E+07 1.184E+07 4.007E+07 41.7878 1.00000
  1.259E+13 1.259E+13 5.327E+00 5.185E+04 1.100E+06 1.242E+07 1.357E+07 1.357E+07 4.018E+07 42.0180 1.00000
  1.413E+13 1.413E+13 5.352E+00 5.818E+04 1.234E+06 1.427E+07 1.556E+07 1.556E+07 4.028E+07 42.2483 1.00000
  1.585E+13 1.585E+13 5.378E+00 6.528E+04 1.385E+06 1.639E+07 1.784E+07 1.784E+07 4.039E+07 42.4786 1.00000
  1.778E+13 1.778E+13 5.403E+00 7.325E+04 1.554E+06 1.882E+07 2.045E+07 2.045E+07 4.049E+07 42.7088 1.00000
  1.995E+13 1.995E+13 5.429E+00 8.219E+04 1.743E+06 2.162E+07 2.345E+07 2.345E+07 4.059E+07 42.9391 1.00000
  2.239E+13 2.239E+13 5.455E+00 9.222E+04 1.956E+06 2.484E+07 2.689E+07 2.689E+07 4.068E+07 43.1693 1.00000
  2.512E+13 2.512E+13 5.481E+00 1.035E+05 2.195E+06 2.853E+07 3.083E+07 3.083E+07 4.078E+07 43.3996 1.00000
  2.818E+13 2.818E+13 5.507E+00 1.161E+05 2.463E+06 3.278E+07 3.536E+07 3.536E+07 4.087E+07 43.6299 1.00000
  3.162E+13 3.162E+13 5.533E+00 1.303E+05 2.763E+06 3.766E+07 4.056E+07 4.056E+07 4.096E+07 43.8601 1.00000
  3.548E+13 3.548E+13 5.560E+00 1.462E+05 3.100E+06 4.328E+07 4.652E+07 4.652E+07 4.105E+07 44.0904 1.00000
  3.981E+13 3.981E+13 5.586E+00 1.640E+05 3.479E+06 4.973E+07 5.337E+07 5.337E+07 4.114E+07 44.3206 1.00000
  4.467E+13 4.467E+13 5.613E+00 1.840E+05 3.903E+06 5.714E+07 6.123E+07 6.123E+07 4.122E+07 44.5509 1.00000
  5.012E+13 5.012E+13 5.640E+00 2.064E+05 4.379E+06 6.566E+07 7.025E+07 7.025E+07 4.131E+07 44.7811 1.00000
  5.623E+13 5.623E+13 5.667E+00 2.316E+05 4.914E+06 7.546E+07 8.060E+07 8.060E+07 4.139E+07 45.0114 1.00000
  6.310E+13 6.310E+13 5.694E+00 2.599E+05 5.513E+06 8.672E+07 9.249E+07 9.249E+07 4.147E+07 45.2417 1.00000
  7.079E+13 7.079E+13 5.722E+00 2.916E+05 6.186E+06 9.967E+07 1.061E+08 1.061E+08 4.154E+07 45.4719 1.00000
  7.943E+13 7.943E+13 5.749E+00 3.272E+05 6.941E+06 1.146E+08 1.218E+08 1.218E+08 4.162E+07 45.7022 1.00000
  8.913E+13 8.913E+13 5.777E+00 3.671E+05 7.787E+06 1.317E+08 1.398E+08 1.398E+08 4.169E+07 45.9324 1.00000
  1.000E+14 1.000E+14 5.805E+00 4.119E+05 8.738E+06 1.514E+08 1.605E+08 1.605E+08 4.177E+07 46.1627 1.00000
  1.122E+14 1.122E+14 5.832E+00 4.622E+05 9.804E+06 1.740E+08 1.842E+08 1.842E+08 4.184E+07 46.3930 1.00000
  1.259E+14 1.259E+14 5.860E+00 5.186E+05 1.100E+07 2.000E+08 2.115E+08 2.115E+08 4.191E+07 46.6232 1.00000
  1.413E+14 1.413E+14 5.889E+00 5.819E+05 1.234E+07 2.299E+08 2.429E+08 2.429E+08 4.197E+07 46.8535 1.00000
  1.585E+14 1.585E+14 5.917E+00 6.529E+05 1.385E+07 2.643E+08 2.788E+08 2.788E+08 4.204E+07 47.0837 1.00000
  1.778E+14 1.778E+14 5.946E+00 7.325E+05 1.554E+07 3.039E+08 3.202E+08 3.202E+08 4.211E+07 47.3140 1.00000
  1.995E+14 1.995E+14 5.974E+00 8.219E+05 1.743E+07 3.494E+08 3.677E+08 3.677E+08 4.217E+07 47.5442 1.00000
  2.239E+14 2.239E+14 6.003E+00 9.222E+05 1.956E+07 4.018E+08 4.223E+08 4.223E+08 4.223E+07 47.7745 1.00000
  2.512E+14 2.512E+14 6.032E+00 1.035E+06 2.195E+07 4.620E+08 4.850E+08 4.850E+08 4.229E+07 48.0048 1.00000
  2.818E+14 2.818E+14 6.061E+00 1.161E+06 2.462E+07 5.313E+08 5.571E+08 5.571E+08 4.235E+07 48.2350 1.00000
  3.162E+14 3.162E+14 6.090E+00 1.303E+06 2.763E+07 6.110E+08 6.399E+08 6.399E+08 4.241E+07 48.4653 1.00000
  3.548E+14 3.548E+14 6.120E+00 1.462E+06 3.100E+07 7.026E+08 7.351E+08 7.351E+08 4.246E+07 48.6955 1.00000
  3.981E+14 3.981E+14 6.149E+00 1.640E+06 3.478E+07 8.081E+08 8.445E+08 8.445E+08 4.252E+07 48.9258 1.00000
  4.467E+14 4.467E+14 6.179E+00 1.840E+06 3.903E+07 9.294E+08 9.703E+08 9.703E+08 4.257E+07 49.1561 1.00000
  5.012E+14 5.012E+14 6.209E+00 2.065E+06 4.379E+07 1.069E+09 1.115E+09 1.115E+09 4.262E+07 49.3863 1.00000
  5.623E+14 5.623E+14 6.239E+00 2.316E+06 4.913E+07 1.230E+09 1.281E+09 1.281E+09 4.268E+07 49.6166 1.00000
  6.310E+14 6.310E+14 6.269E+00 2.599E+06 5.513E+07 1.414E+09 1.472E+09 1.472E+09 4.273E+07 49.8468 1.00000
  7.079E+14 7.079E+14 6.300E+00 2.916E+06 6.185E+07 1.627E+09 1.692E+09 1.692E+09 4.277E+07 50.0771 1.00000
  7.943E+14 7.943E+14 6.330E+00 3.272E+06 6.940E+07 1.872E+09 1.944E+09 1.944E+09 4.282E+07 50.3074 1.00000
  8.913E+14 8.913E+14 6.361E+00 3.671E+06 7.787E+07 2.153E+09 2.235E+09 2.235E+09 4.287E+07 50.5376 1.00000
  1.000E+15 1.000E+15 6.391E+00 4.119E+06 8.737E+07 2.477E+09 2.569E+09 2.569E+09 4.291E+07 50.7679 1.00000
