 Incident particle is a Tau with M = 1776.82000 MeV
 Index = 0: Antimony
      Absorber with <Z/A> = 0.41886
 Density effect computed following Fano (1963)
 Models for Radloss: brems =  SSR, pair =  SSR, photonuc = DRSS

 *** Table generated with PUMAS v1.1 ***

      T         p     Ionization  brems     pair     photonuc  Radloss    dE/dx   CSDA Range  delta   beta
    [MeV]    [MeV/c]  -----------------------[MeV cm^2/g]------------------------  [g/cm^2]
  1.000E+05 1.018E+05 1.706E+00 1.612E-04 1.231E-02 6.223E-03 1.869E-02 1.725E+00 2.899E+04  3.1000 0.99985
  1.122E+05 1.140E+05 1.725E+00 1.959E-04 1.474E-02 7.020E-03 2.196E-02 1.747E+00 3.602E+04  3.2735 0.99988
  1.259E+05 1.277E+05 1.743E+00 2.378E-04 1.761E-02 7.902E-03 2.575E-02 1.769E+00 4.381E+04  3.4506 0.99990
  1.413E+05 1.430E+05 1.761E+00 2.882E-04 2.098E-02 8.869E-03 3.014E-02 1.791E+00 5.244E+04  3.6312 0.99992
  1.585E+05 1.603E+05 1.779E+00 3.486E-04 2.493E-02 9.963E-03 3.524E-02 1.814E+00 6.200E+04  3.8151 0.99994
  1.778E+05 1.796E+05 1.797E+00 4.208E-04 2.955E-02 1.117E-02 4.114E-02 1.838E+00 7.259E+04  4.0021 0.99995
  1.995E+05 2.013E+05 1.814E+00 5.071E-04 3.494E-02 1.252E-02 4.797E-02 1.862E+00 8.431E+04  4.1922 0.99996
  2.239E+05 2.256E+05 1.832E+00 6.098E-04 4.122E-02 1.402E-02 5.585E-02 1.888E+00 9.730E+04  4.3854 0.99997
  2.512E+05 2.530E+05 1.849E+00 7.321E-04 4.852E-02 1.569E-02 6.494E-02 1.914E+00 1.117E+05  4.5815 0.99998
  2.818E+05 2.836E+05 1.866E+00 8.771E-04 5.700E-02 1.756E-02 7.544E-02 1.942E+00 1.276E+05  4.7805 0.99998
  3.162E+05 3.180E+05 1.883E+00 1.049E-03 6.683E-02 1.966E-02 8.755E-02 1.971E+00 1.451E+05  4.9823 0.99998
  3.548E+05 3.566E+05 1.900E+00 1.252E-03 7.821E-02 2.200E-02 1.015E-01 2.002E+00 1.646E+05  5.1868 0.99999
  3.981E+05 3.999E+05 1.917E+00 1.491E-03 9.136E-02 2.461E-02 1.175E-01 2.034E+00 1.860E+05  5.3938 0.99999
  4.467E+05 4.485E+05 1.933E+00 1.773E-03 1.065E-01 2.754E-02 1.359E-01 2.069E+00 2.097E+05  5.6031 0.99999
  5.012E+05 5.030E+05 1.950E+00 2.105E-03 1.240E-01 3.080E-02 1.569E-01 2.107E+00 2.358E+05  5.8144 0.99999
  5.623E+05 5.641E+05 1.966E+00 2.494E-03 1.442E-01 3.448E-02 1.811E-01 2.147E+00 2.646E+05  6.0276 1.00000
  6.310E+05 6.327E+05 1.982E+00 2.949E-03 1.673E-01 3.862E-02 2.089E-01 2.191E+00 2.962E+05  6.2424 1.00000
  7.079E+05 7.097E+05 1.998E+00 3.483E-03 1.938E-01 4.328E-02 2.406E-01 2.238E+00 3.310E+05  6.4587 1.00000
  7.943E+05 7.961E+05 2.013E+00 4.105E-03 2.243E-01 4.851E-02 2.769E-01 2.290E+00 3.691E+05  6.6763 1.00000
  8.913E+05 8.930E+05 2.029E+00 4.831E-03 2.591E-01 5.438E-02 3.183E-01 2.347E+00 4.109E+05  6.8950 1.00000
  1.000E+06 1.002E+06 2.045E+00 5.676E-03 2.990E-01 6.103E-02 3.657E-01 2.410E+00 4.566E+05  7.1148 1.00000
  1.122E+06 1.124E+06 2.060E+00 6.659E-03 3.445E-01 6.849E-02 4.197E-01 2.480E+00 5.065E+05  7.3356 1.00000
  1.259E+06 1.261E+06 2.075E+00 7.803E-03 3.965E-01 7.696E-02 4.813E-01 2.556E+00 5.609E+05  7.5573 1.00000
  1.413E+06 1.414E+06 2.090E+00 9.127E-03 4.558E-01 8.650E-02 5.514E-01 2.642E+00 6.200E+05  7.7798 1.00000
  1.585E+06 1.587E+06 2.105E+00 1.066E-02 5.233E-01 9.731E-02 6.312E-01 2.737E+00 6.841E+05  8.0031 1.00000
  1.778E+06 1.780E+06 2.120E+00 1.244E-02 6.001E-01 1.095E-01 7.220E-01 2.842E+00 7.534E+05  8.2272 1.00000
  1.995E+06 1.997E+06 2.135E+00 1.450E-02 6.874E-01 1.234E-01 8.253E-01 2.960E+00 8.282E+05  8.4521 1.00000
  2.239E+06 2.240E+06 2.149E+00 1.687E-02 7.866E-01 1.391E-01 9.426E-01 3.092E+00 9.087E+05  8.6777 1.00000
  2.512E+06 2.514E+06 2.164E+00 1.961E-02 8.992E-01 1.568E-01 1.076E+00 3.239E+00 9.950E+05  8.9039 1.00000
  2.818E+06 2.820E+06 2.178E+00 2.278E-02 1.027E+00 1.771E-01 1.227E+00 3.404E+00 1.087E+06  9.1307 1.00000
  3.162E+06 3.164E+06 2.192E+00 2.643E-02 1.172E+00 2.000E-01 1.398E+00 3.590E+00 1.186E+06  9.3580 1.00000
  3.548E+06 3.550E+06 2.206E+00 3.063E-02 1.335E+00 2.260E-01 1.592E+00 3.798E+00 1.290E+06  9.5858 1.00000
  3.981E+06 3.983E+06 2.219E+00 3.546E-02 1.521E+00 2.555E-01 1.812E+00 4.031E+00 1.401E+06  9.8140 1.00000
  4.467E+06 4.469E+06 2.233E+00 4.100E-02 1.731E+00 2.891E-01 2.061E+00 4.294E+00 1.518E+06 10.0426 1.00000
  5.012E+06 5.014E+06 2.246E+00 4.736E-02 1.968E+00 3.274E-01 2.342E+00 4.589E+00 1.640E+06 10.2715 1.00000
  5.623E+06 5.625E+06 2.259E+00 5.465E-02 2.236E+00 3.708E-01 2.661E+00 4.921E+00 1.769E+06 10.5006 1.00000
  6.310E+06 6.311E+06 2.273E+00 6.304E-02 2.538E+00 4.204E-01 3.021E+00 5.294E+00 1.903E+06 10.7299 1.00000
  7.079E+06 7.081E+06 2.285E+00 7.267E-02 2.879E+00 4.767E-01 3.429E+00 5.714E+00 2.043E+06 10.9594 1.00000
  7.943E+06 7.945E+06 2.298E+00 8.369E-02 3.265E+00 5.408E-01 3.889E+00 6.187E+00 2.189E+06 11.1891 1.00000
  8.913E+06 8.914E+06 2.311E+00 9.630E-02 3.699E+00 6.139E-01 4.409E+00 6.720E+00 2.339E+06 11.4188 1.00000
  1.000E+07 1.000E+07 2.324E+00 1.107E-01 4.188E+00 6.971E-01 4.996E+00 7.320E+00 2.494E+06 11.6487 1.00000
  1.122E+07 1.122E+07 2.336E+00 1.272E-01 4.740E+00 7.919E-01 5.659E+00 7.995E+00 2.653E+06 11.8786 1.00000
  1.259E+07 1.259E+07 2.348E+00 1.460E-01 5.362E+00 9.000E-01 6.408E+00 8.756E+00 2.817E+06 12.1086 1.00000
  1.413E+07 1.413E+07 2.360E+00 1.675E-01 6.061E+00 1.023E+00 7.252E+00 9.613E+00 2.984E+06 12.3386 1.00000
  1.585E+07 1.585E+07 2.373E+00 1.920E-01 6.849E+00 1.164E+00 8.205E+00 1.058E+01 3.155E+06 12.5687 1.00000
  1.778E+07 1.778E+07 2.385E+00 2.199E-01 7.736E+00 1.324E+00 9.280E+00 1.166E+01 3.329E+06 12.7988 1.00000
  1.995E+07 1.995E+07 2.397E+00 2.518E-01 8.733E+00 1.507E+00 1.049E+01 1.289E+01 3.506E+06 13.0290 1.00000
  2.239E+07 2.239E+07 2.408E+00 2.880E-01 9.856E+00 1.715E+00 1.186E+01 1.427E+01 3.686E+06 13.2592 1.00000
  2.512E+07 2.512E+07 2.420E+00 3.293E-01 1.112E+01 1.953E+00 1.340E+01 1.582E+01 3.867E+06 13.4893 1.00000
  2.818E+07 2.819E+07 2.432E+00 3.763E-01 1.254E+01 2.225E+00 1.514E+01 1.757E+01 4.051E+06 13.7195 1.00000
  3.162E+07 3.162E+07 2.444E+00 4.298E-01 1.413E+01 2.535E+00 1.710E+01 1.954E+01 4.237E+06 13.9497 1.00000
  3.548E+07 3.548E+07 2.456E+00 4.906E-01 1.593E+01 2.888E+00 1.930E+01 2.176E+01 4.424E+06 14.1800 1.00000
  3.981E+07 3.981E+07 2.467E+00 5.597E-01 1.794E+01 3.292E+00 2.179E+01 2.426E+01 4.612E+06 14.4102 1.00000
  4.467E+07 4.467E+07 2.479E+00 6.382E-01 2.021E+01 3.753E+00 2.460E+01 2.708E+01 4.801E+06 14.6404 1.00000
  5.012E+07 5.012E+07 2.490E+00 7.273E-01 2.275E+01 4.279E+00 2.776E+01 3.025E+01 4.992E+06 14.8706 1.00000
  5.623E+07 5.624E+07 2.502E+00 8.284E-01 2.561E+01 4.880E+00 3.132E+01 3.382E+01 5.183E+06 15.1009 1.00000
  6.310E+07 6.310E+07 2.514E+00 9.430E-01 2.882E+01 5.567E+00 3.533E+01 3.785E+01 5.375E+06 15.3311 1.00000
  7.079E+07 7.080E+07 2.525E+00 1.073E+00 3.243E+01 6.351E+00 3.985E+01 4.238E+01 5.567E+06 15.5614 1.00000
  7.943E+07 7.943E+07 2.537E+00 1.220E+00 3.648E+01 7.246E+00 4.495E+01 4.748E+01 5.759E+06 15.7916 1.00000
  8.913E+07 8.913E+07 2.549E+00 1.387E+00 4.103E+01 8.269E+00 5.069E+01 5.324E+01 5.952E+06 16.0219 1.00000
  1.000E+08 1.000E+08 2.560E+00 1.575E+00 4.614E+01 9.438E+00 5.715E+01 5.971E+01 6.145E+06 16.2521 1.00000
  1.122E+08 1.122E+08 2.572E+00 1.789E+00 5.188E+01 1.077E+01 6.444E+01 6.701E+01 6.337E+06 16.4824 1.00000
  1.259E+08 1.259E+08 2.584E+00 2.030E+00 5.832E+01 1.230E+01 7.264E+01 7.523E+01 6.530E+06 16.7126 1.00000
  1.413E+08 1.413E+08 2.596E+00 2.303E+00 6.555E+01 1.404E+01 8.189E+01 8.449E+01 6.723E+06 16.9429 1.00000
  1.585E+08 1.585E+08 2.607E+00 2.612E+00 7.366E+01 1.603E+01 9.231E+01 9.491E+01 6.915E+06 17.1731 1.00000
  1.778E+08 1.778E+08 2.619E+00 2.960E+00 8.277E+01 1.831E+01 1.040E+02 1.067E+02 7.107E+06 17.4034 1.00000
  1.995E+08 1.995E+08 2.631E+00 3.354E+00 9.300E+01 2.091E+01 1.173E+02 1.199E+02 7.299E+06 17.6336 1.00000
  2.239E+08 2.239E+08 2.643E+00 3.798E+00 1.045E+02 2.389E+01 1.322E+02 1.348E+02 7.490E+06 17.8639 1.00000
  2.512E+08 2.512E+08 2.655E+00 4.300E+00 1.174E+02 2.728E+01 1.489E+02 1.516E+02 7.681E+06 18.0942 1.00000
  2.818E+08 2.818E+08 2.667E+00 4.865E+00 1.318E+02 3.117E+01 1.679E+02 1.705E+02 7.872E+06 18.3244 1.00000
  3.162E+08 3.162E+08 2.679E+00 5.503E+00 1.481E+02 3.561E+01 1.892E+02 1.919E+02 8.062E+06 18.5547 1.00000
  3.548E+08 3.548E+08 2.691E+00 6.222E+00 1.663E+02 4.069E+01 2.132E+02 2.159E+02 8.251E+06 18.7849 1.00000
  3.981E+08 3.981E+08 2.704E+00 7.032E+00 1.867E+02 4.650E+01 2.403E+02 2.430E+02 8.440E+06 19.0152 1.00000
  4.467E+08 4.467E+08 2.716E+00 7.946E+00 2.097E+02 5.314E+01 2.707E+02 2.735E+02 8.629E+06 19.2454 1.00000
  5.012E+08 5.012E+08 2.728E+00 8.974E+00 2.354E+02 6.073E+01 3.051E+02 3.078E+02 8.816E+06 19.4757 1.00000
  5.623E+08 5.623E+08 2.741E+00 1.013E+01 2.643E+02 6.941E+01 3.439E+02 3.466E+02 9.004E+06 19.7060 1.00000
  6.310E+08 6.310E+08 2.753E+00 1.144E+01 2.967E+02 7.934E+01 3.875E+02 3.903E+02 9.190E+06 19.9362 1.00000
  7.079E+08 7.079E+08 2.766E+00 1.290E+01 3.331E+02 9.070E+01 4.367E+02 4.395E+02 9.376E+06 20.1665 1.00000
  7.943E+08 7.943E+08 2.778E+00 1.456E+01 3.739E+02 1.037E+02 4.922E+02 4.950E+02 9.561E+06 20.3967 1.00000
  8.913E+08 8.913E+08 2.791E+00 1.641E+01 4.198E+02 1.185E+02 5.547E+02 5.575E+02 9.745E+06 20.6270 1.00000
  1.000E+09 1.000E+09 2.803E+00 1.850E+01 4.712E+02 1.355E+02 6.252E+02 6.280E+02 9.929E+06 20.8572 1.00000
  1.122E+09 1.122E+09 2.816E+00 2.086E+01 5.289E+02 1.550E+02 7.047E+02 7.075E+02 1.011E+07 21.0875 1.00000
  1.259E+09 1.259E+09 2.829E+00 2.350E+01 5.936E+02 1.772E+02 7.943E+02 7.972E+02 1.029E+07 21.3178 1.00000
  1.413E+09 1.413E+09 2.842E+00 2.647E+01 6.663E+02 2.027E+02 8.954E+02 8.982E+02 1.048E+07 21.5480 1.00000
  1.585E+09 1.585E+09 2.855E+00 2.981E+01 7.478E+02 2.318E+02 1.009E+03 1.012E+03 1.066E+07 21.7783 1.00000
  1.778E+09 1.778E+09 2.868E+00 3.357E+01 8.392E+02 2.651E+02 1.138E+03 1.141E+03 1.084E+07 22.0085 1.00000
  1.995E+09 1.995E+09 2.881E+00 3.779E+01 9.419E+02 3.032E+02 1.283E+03 1.286E+03 1.102E+07 22.2388 1.00000
  2.239E+09 2.239E+09 2.894E+00 4.253E+01 1.057E+03 3.469E+02 1.446E+03 1.449E+03 1.119E+07 22.4691 1.00000
  2.512E+09 2.512E+09 2.907E+00 4.785E+01 1.186E+03 3.968E+02 1.631E+03 1.634E+03 1.137E+07 22.6993 1.00000
  2.818E+09 2.818E+09 2.921E+00 5.384E+01 1.331E+03 4.539E+02 1.839E+03 1.842E+03 1.155E+07 22.9296 1.00000
  3.162E+09 3.162E+09 2.934E+00 6.056E+01 1.494E+03 5.193E+02 2.074E+03 2.077E+03 1.172E+07 23.1598 1.00000
  3.548E+09 3.548E+09 2.948E+00 6.811E+01 1.676E+03 5.942E+02 2.339E+03 2.342E+03 1.190E+07 23.3901 1.00000
  3.981E+09 3.981E+09 2.961E+00 7.659E+01 1.881E+03 6.799E+02 2.638E+03 2.641E+03 1.207E+07 23.6203 1.00000
  4.467E+09 4.467E+09 2.975E+00 8.611E+01 2.111E+03 7.779E+02 2.975E+03 2.978E+03 1.225E+07 23.8506 1.00000
  5.012E+09 5.012E+09 2.989E+00 9.680E+01 2.369E+03 8.902E+02 3.356E+03 3.359E+03 1.242E+07 24.0809 1.00000
  5.623E+09 5.623E+09 3.002E+00 1.088E+02 2.658E+03 1.019E+03 3.786E+03 3.789E+03 1.259E+07 24.3111 1.00000
  6.310E+09 6.310E+09 3.016E+00 1.223E+02 2.983E+03 1.166E+03 4.271E+03 4.274E+03 1.276E+07 24.5414 1.00000
  7.079E+09 7.079E+09 3.030E+00 1.374E+02 3.347E+03 1.334E+03 4.819E+03 4.822E+03 1.293E+07 24.7716 1.00000
  7.943E+09 7.943E+09 3.044E+00 1.544E+02 3.756E+03 1.527E+03 5.438E+03 5.441E+03 1.310E+07 25.0019 1.00000
  8.913E+09 8.913E+09 3.058E+00 1.735E+02 4.214E+03 1.748E+03 6.136E+03 6.139E+03 1.326E+07 25.2321 1.00000
  1.000E+10 1.000E+10 3.073E+00 1.949E+02 4.729E+03 2.001E+03 6.925E+03 6.928E+03 1.343E+07 25.4624 1.00000
  1.122E+10 1.122E+10 3.087E+00 2.189E+02 5.306E+03 2.291E+03 7.816E+03 7.820E+03 1.360E+07 25.6926 1.00000
  1.259E+10 1.259E+10 3.101E+00 2.459E+02 5.954E+03 2.623E+03 8.823E+03 8.826E+03 1.376E+07 25.9229 1.00000
  1.413E+10 1.413E+10 3.116E+00 2.761E+02 6.681E+03 3.003E+03 9.960E+03 9.963E+03 1.393E+07 26.1532 1.00000
  1.585E+10 1.585E+10 3.130E+00 3.101E+02 7.496E+03 3.439E+03 1.125E+04 1.125E+04 1.409E+07 26.3833 1.00000
  1.778E+10 1.778E+10 3.145E+00 3.482E+02 8.411E+03 3.938E+03 1.270E+04 1.270E+04 1.425E+07 26.6136 1.00000
  1.995E+10 1.995E+10 3.159E+00 3.910E+02 9.438E+03 4.509E+03 1.434E+04 1.434E+04 1.441E+07 26.8438 1.00000
  2.239E+10 2.239E+10 3.174E+00 4.390E+02 1.059E+04 5.164E+03 1.619E+04 1.620E+04 1.457E+07 27.0737 1.00000
  2.512E+10 2.512E+10 3.189E+00 4.929E+02 1.188E+04 5.913E+03 1.829E+04 1.829E+04 1.473E+07 27.3040 1.00000
  2.818E+10 2.818E+10 3.204E+00 5.534E+02 1.333E+04 6.773E+03 2.066E+04 2.066E+04 1.489E+07 27.5342 1.00000
  3.162E+10 3.162E+10 3.219E+00 6.213E+02 1.496E+04 7.757E+03 2.334E+04 2.334E+04 1.504E+07 27.7630 1.00000
  3.548E+10 3.548E+10 3.234E+00 6.974E+02 1.679E+04 8.885E+03 2.637E+04 2.637E+04 1.520E+07 27.9932 1.00000
  3.981E+10 3.981E+10 3.249E+00 7.829E+02 1.883E+04 1.018E+04 2.980E+04 2.980E+04 1.535E+07 28.2235 1.00000
  4.467E+10 4.467E+10 3.264E+00 8.788E+02 2.113E+04 1.166E+04 3.367E+04 3.367E+04 1.551E+07 28.4537 1.00000
  5.012E+10 5.012E+10 3.280E+00 9.864E+02 2.371E+04 1.336E+04 3.806E+04 3.806E+04 1.566E+07 28.6775 1.00000
  5.623E+10 5.623E+10 3.296E+00 1.107E+03 2.661E+04 1.530E+04 4.302E+04 4.302E+04 1.581E+07 28.9078 1.00000
  6.310E+10 6.310E+10 3.311E+00 1.243E+03 2.985E+04 1.753E+04 4.863E+04 4.863E+04 1.596E+07 29.1380 1.00000
  7.079E+10 7.079E+10 3.329E+00 1.395E+03 3.350E+04 2.009E+04 5.498E+04 5.498E+04 1.611E+07 29.3391 1.00000
  7.943E+10 7.943E+10 3.344E+00 1.565E+03 3.758E+04 2.302E+04 6.217E+04 6.217E+04 1.626E+07 29.5694 1.00000
  8.913E+10 8.913E+10 3.360E+00 1.757E+03 4.217E+04 2.638E+04 7.030E+04 7.031E+04 1.640E+07 29.7996 1.00000
  1.000E+11 1.000E+11 3.376E+00 1.972E+03 4.731E+04 3.023E+04 7.952E+04 7.952E+04 1.655E+07 30.0299 1.00000
  1.122E+11 1.122E+11 3.392E+00 2.213E+03 5.309E+04 3.465E+04 8.995E+04 8.995E+04 1.669E+07 30.2602 1.00000
  1.259E+11 1.259E+11 3.418E+00 2.483E+03 5.957E+04 3.971E+04 1.018E+05 1.018E+05 1.683E+07 30.3350 1.00000
  1.413E+11 1.413E+11 3.434E+00 2.786E+03 6.683E+04 4.551E+04 1.151E+05 1.151E+05 1.698E+07 30.5652 1.00000
  1.585E+11 1.585E+11 3.450E+00 3.127E+03 7.499E+04 5.217E+04 1.303E+05 1.303E+05 1.712E+07 30.7955 1.00000
  1.778E+11 1.778E+11 3.467E+00 3.509E+03 8.414E+04 5.980E+04 1.474E+05 1.475E+05 1.726E+07 31.0257 1.00000
  1.995E+11 1.995E+11 3.483E+00 3.938E+03 9.441E+04 6.855E+04 1.669E+05 1.669E+05 1.740E+07 31.2560 1.00000
  2.239E+11 2.239E+11 3.500E+00 4.419E+03 1.059E+05 7.859E+04 1.889E+05 1.889E+05 1.753E+07 31.4862 1.00000
  2.512E+11 2.512E+11 3.516E+00 4.958E+03 1.189E+05 9.010E+04 2.139E+05 2.139E+05 1.767E+07 31.7165 1.00000
  2.818E+11 2.818E+11 3.533E+00 5.564E+03 1.334E+05 1.033E+05 2.422E+05 2.422E+05 1.780E+07 31.9468 1.00000
  3.162E+11 3.162E+11 3.550E+00 6.243E+03 1.496E+05 1.184E+05 2.743E+05 2.743E+05 1.794E+07 32.1770 1.00000
  3.548E+11 3.548E+11 3.567E+00 7.005E+03 1.679E+05 1.358E+05 3.107E+05 3.107E+05 1.807E+07 32.4073 1.00000
  3.981E+11 3.981E+11 3.584E+00 7.861E+03 1.884E+05 1.558E+05 3.520E+05 3.520E+05 1.820E+07 32.6375 1.00000
  4.467E+11 4.467E+11 3.601E+00 8.821E+03 2.114E+05 1.786E+05 3.988E+05 3.988E+05 1.833E+07 32.8678 1.00000
  5.012E+11 5.012E+11 3.618E+00 9.897E+03 2.371E+05 2.048E+05 4.519E+05 4.519E+05 1.846E+07 33.0981 1.00000
  5.623E+11 5.623E+11 3.635E+00 1.111E+04 2.661E+05 2.349E+05 5.121E+05 5.121E+05 1.858E+07 33.3283 1.00000
  6.310E+11 6.310E+11 3.652E+00 1.246E+04 2.985E+05 2.695E+05 5.805E+05 5.805E+05 1.871E+07 33.5586 1.00000
  7.079E+11 7.079E+11 3.670E+00 1.398E+04 3.350E+05 3.091E+05 6.580E+05 6.580E+05 1.883E+07 33.7888 1.00000
  7.943E+11 7.943E+11 3.687E+00 1.569E+04 3.758E+05 3.545E+05 7.461E+05 7.461E+05 1.896E+07 34.0191 1.00000
  8.913E+11 8.913E+11 3.705E+00 1.760E+04 4.217E+05 4.067E+05 8.460E+05 8.460E+05 1.908E+07 34.2493 1.00000
  1.000E+12 1.000E+12 3.723E+00 1.975E+04 4.732E+05 4.666E+05 9.595E+05 9.595E+05 1.920E+07 34.4796 1.00000
  1.122E+12 1.122E+12 3.741E+00 2.216E+04 5.309E+05 5.353E+05 1.088E+06 1.088E+06 1.932E+07 34.7099 1.00000
  1.259E+12 1.259E+12 3.759E+00 2.487E+04 5.957E+05 6.142E+05 1.235E+06 1.235E+06 1.944E+07 34.9401 1.00000
  1.413E+12 1.413E+12 3.777E+00 2.790E+04 6.684E+05 7.047E+05 1.401E+06 1.401E+06 1.955E+07 35.1704 1.00000
  1.585E+12 1.585E+12 3.795E+00 3.131E+04 7.499E+05 8.086E+05 1.590E+06 1.590E+06 1.967E+07 35.4006 1.00000
  1.778E+12 1.778E+12 3.813E+00 3.513E+04 8.414E+05 9.279E+05 1.804E+06 1.804E+06 1.978E+07 35.6309 1.00000
  1.995E+12 1.995E+12 3.831E+00 3.942E+04 9.441E+05 1.065E+06 2.048E+06 2.048E+06 1.990E+07 35.8612 1.00000
  2.239E+12 2.239E+12 3.850E+00 4.423E+04 1.059E+06 1.222E+06 2.325E+06 2.325E+06 2.001E+07 36.0914 1.00000
  2.512E+12 2.512E+12 3.868E+00 4.962E+04 1.189E+06 1.402E+06 2.641E+06 2.641E+06 2.012E+07 36.3217 1.00000
  2.818E+12 2.818E+12 3.887E+00 5.568E+04 1.334E+06 1.610E+06 2.999E+06 2.999E+06 2.023E+07 36.5519 1.00000
  3.162E+12 3.162E+12 3.906E+00 6.247E+04 1.496E+06 1.848E+06 3.406E+06 3.406E+06 2.033E+07 36.7822 1.00000
  3.548E+12 3.548E+12 3.925E+00 7.010E+04 1.679E+06 2.121E+06 3.870E+06 3.870E+06 2.044E+07 37.0124 1.00000
  3.981E+12 3.981E+12 3.944E+00 7.865E+04 1.884E+06 2.434E+06 4.397E+06 4.397E+06 2.055E+07 37.2427 1.00000
  4.467E+12 4.467E+12 3.963E+00 8.825E+04 2.113E+06 2.795E+06 4.996E+06 4.996E+06 2.065E+07 37.4730 1.00000
  5.012E+12 5.012E+12 3.982E+00 9.902E+04 2.371E+06 3.208E+06 5.679E+06 5.679E+06 2.075E+07 37.7032 1.00000
  5.623E+12 5.623E+12 4.001E+00 1.111E+05 2.661E+06 3.683E+06 6.455E+06 6.455E+06 2.085E+07 37.9335 1.00000
  6.310E+12 6.310E+12 4.020E+00 1.247E+05 2.985E+06 4.229E+06 7.339E+06 7.339E+06 2.095E+07 38.1637 1.00000
  7.079E+12 7.079E+12 4.040E+00 1.399E+05 3.350E+06 4.856E+06 8.345E+06 8.345E+06 2.105E+07 38.3940 1.00000
  7.943E+12 7.943E+12 4.060E+00 1.569E+05 3.758E+06 5.576E+06 9.491E+06 9.491E+06 2.115E+07 38.6243 1.00000
  8.913E+12 8.913E+12 4.079E+00 1.761E+05 4.217E+06 6.403E+06 1.080E+07 1.080E+07 2.124E+07 38.8545 1.00000
  1.000E+13 1.000E+13 4.099E+00 1.976E+05 4.731E+06 7.353E+06 1.228E+07 1.228E+07 2.134E+07 39.0848 1.00000
  1.122E+13 1.122E+13 4.119E+00 2.217E+05 5.309E+06 8.444E+06 1.397E+07 1.397E+07 2.143E+07 39.3150 1.00000
  1.259E+13 1.259E+13 4.139E+00 2.487E+05 5.956E+06 9.698E+06 1.590E+07 1.590E+07 2.152E+07 39.5453 1.00000
  1.413E+13 1.413E+13 4.159E+00 2.791E+05 6.683E+06 1.114E+07 1.810E+07 1.810E+07 2.161E+07 39.7756 1.00000
  1.585E+13 1.585E+13 4.179E+00 3.131E+05 7.499E+06 1.279E+07 2.061E+07 2.061E+07 2.170E+07 40.0058 1.00000
  1.778E+13 1.778E+13 4.200E+00 3.513E+05 8.414E+06 1.470E+07 2.346E+07 2.346E+07 2.179E+07 40.2361 1.00000
  1.995E+13 1.995E+13 4.220E+00 3.942E+05 9.440E+06 1.688E+07 2.672E+07 2.672E+07 2.188E+07 40.4663 1.00000
  2.239E+13 2.239E+13 4.241E+00 4.423E+05 1.059E+07 1.939E+07 3.043E+07 3.043E+07 2.196E+07 40.6966 1.00000
  2.512E+13 2.512E+13 4.261E+00 4.963E+05 1.188E+07 2.228E+07 3.466E+07 3.466E+07 2.205E+07 40.9268 1.00000
  2.818E+13 2.818E+13 4.282E+00 5.568E+05 1.333E+07 2.560E+07 3.949E+07 3.949E+07 2.213E+07 41.1571 1.00000
  3.162E+13 3.162E+13 4.303E+00 6.248E+05 1.496E+07 2.941E+07 4.499E+07 4.499E+07 2.221E+07 41.3874 1.00000
  3.548E+13 3.548E+13 4.324E+00 7.010E+05 1.679E+07 3.379E+07 5.128E+07 5.128E+07 2.229E+07 41.6176 1.00000
  3.981E+13 3.981E+13 4.345E+00 7.866E+05 1.884E+07 3.882E+07 5.845E+07 5.845E+07 2.237E+07 41.8479 1.00000
  4.467E+13 4.467E+13 4.367E+00 8.825E+05 2.113E+07 4.461E+07 6.663E+07 6.663E+07 2.245E+07 42.0781 1.00000
  5.012E+13 5.012E+13 4.388E+00 9.902E+05 2.371E+07 5.127E+07 7.597E+07 7.597E+07 2.252E+07 42.3084 1.00000
  5.623E+13 5.623E+13 4.409E+00 1.111E+06 2.661E+07 5.892E+07 8.663E+07 8.663E+07 2.260E+07 42.5387 1.00000
  6.310E+13 6.310E+13 4.431E+00 1.247E+06 2.985E+07 6.771E+07 9.881E+07 9.881E+07 2.267E+07 42.7689 1.00000
  7.079E+13 7.079E+13 4.453E+00 1.399E+06 3.349E+07 7.782E+07 1.127E+08 1.127E+08 2.275E+07 42.9992 1.00000
  7.943E+13 7.943E+13 4.474E+00 1.569E+06 3.758E+07 8.944E+07 1.286E+08 1.286E+08 2.282E+07 43.2294 1.00000
  8.913E+13 8.913E+13 4.496E+00 1.761E+06 4.217E+07 1.028E+08 1.467E+08 1.467E+08 2.289E+07 43.4597 1.00000
  1.000E+14 1.000E+14 4.518E+00 1.976E+06 4.731E+07 1.182E+08 1.675E+08 1.675E+08 2.296E+07 43.6899 1.00000
  1.122E+14 1.122E+14 4.541E+00 2.217E+06 5.308E+07 1.358E+08 1.911E+08 1.911E+08 2.303E+07 43.9202 1.00000
  1.259E+14 1.259E+14 4.563E+00 2.487E+06 5.956E+07 1.562E+08 2.182E+08 2.182E+08 2.309E+07 44.1505 1.00000
  1.413E+14 1.413E+14 4.585E+00 2.791E+06 6.683E+07 1.795E+08 2.491E+08 2.491E+08 2.316E+07 44.3807 1.00000
  1.585E+14 1.585E+14 4.608E+00 3.131E+06 7.498E+07 2.064E+08 2.845E+08 2.845E+08 2.322E+07 44.6110 1.00000
  1.778E+14 1.778E+14 4.630E+00 3.513E+06 8.413E+07 2.373E+08 3.249E+08 3.249E+08 2.329E+07 44.8412 1.00000
  1.995E+14 1.995E+14 4.653E+00 3.942E+06 9.439E+07 2.728E+08 3.712E+08 3.712E+08 2.335E+07 45.0715 1.00000
  2.239E+14 2.239E+14 4.676E+00 4.423E+06 1.059E+08 3.137E+08 4.240E+08 4.240E+08 2.341E+07 45.3018 1.00000
  2.512E+14 2.512E+14 4.699E+00 4.963E+06 1.188E+08 3.607E+08 4.845E+08 4.845E+08 2.347E+07 45.5320 1.00000
  2.818E+14 2.818E+14 4.722E+00 5.568E+06 1.333E+08 4.148E+08 5.537E+08 5.537E+08 2.353E+07 45.7623 1.00000
  3.162E+14 3.162E+14 4.745E+00 6.248E+06 1.496E+08 4.770E+08 6.329E+08 6.329E+08 2.359E+07 45.9925 1.00000
  3.548E+14 3.548E+14 4.769E+00 7.010E+06 1.679E+08 5.486E+08 7.235E+08 7.235E+08 2.365E+07 46.2228 1.00000
  3.981E+14 3.981E+14 4.792E+00 7.866E+06 1.883E+08 6.309E+08 8.271E+08 8.271E+08 2.370E+07 46.4530 1.00000
  4.467E+14 4.467E+14 4.816E+00 8.825E+06 2.113E+08 7.257E+08 9.458E+08 9.458E+08 2.376E+07 46.6833 1.00000
  5.012E+14 5.012E+14 4.840E+00 9.902E+06 2.371E+08 8.346E+08 1.082E+09 1.082E+09 2.381E+07 46.9136 1.00000
  5.623E+14 5.623E+14 4.863E+00 1.111E+07 2.660E+08 9.600E+08 1.237E+09 1.237E+09 2.386E+07 47.1438 1.00000
  6.310E+14 6.310E+14 4.887E+00 1.247E+07 2.985E+08 1.104E+09 1.415E+09 1.415E+09 2.391E+07 47.3741 1.00000
  7.079E+14 7.079E+14 4.912E+00 1.399E+07 3.349E+08 1.270E+09 1.619E+09 1.619E+09 2.397E+07 47.6043 1.00000
  7.943E+14 7.943E+14 4.936E+00 1.569E+07 3.758E+08 1.461E+09 1.853E+09 1.853E+09 2.402E+07 47.8346 1.00000
  8.913E+14 8.913E+14 4.960E+00 1.761E+07 4.216E+08 1.681E+09 2.120E+09 2.120E+09 2.406E+07 48.0649 1.00000
  1.000E+15 1.000E+15 4.985E+00 1.976E+07 4.731E+08 1.934E+09 2.427E+09 2.427E+09 2.411E+07 48.2951 1.00000
