 Incident particle is a Tau with M = 1776.82000 MeV
 Index = 0: Arsenic
      Absorber with <Z/A> = 0.44046
 Density effect computed following Fano (1963)
 Models for Radloss: brems =  SSR, pair =  SSR, photonuc = DRSS

 *** Table generated with PUMAS v1.1 ***

      T         p     Ionization  brems     pair     photonuc  Radloss    dE/dx   CSDA Range  delta   beta
    [MeV]    [MeV/c]  -----------------------[MeV cm^2/g]------------------------  [g/cm^2]
  1.000E+05 1.018E+05 1.810E+00 1.211E-04 8.448E-03 6.325E-03 1.489E-02 1.825E+00 2.740E+04  3.5488 0.99985
  1.122E+05 1.140E+05 1.829E+00 1.470E-04 1.013E-02 7.141E-03 1.742E-02 1.846E+00 3.405E+04  3.7281 0.99988
  1.259E+05 1.277E+05 1.847E+00 1.780E-04 1.211E-02 8.047E-03 2.034E-02 1.868E+00 4.142E+04  3.9113 0.99990
  1.413E+05 1.430E+05 1.866E+00 2.153E-04 1.444E-02 9.041E-03 2.369E-02 1.890E+00 4.960E+04  4.0985 0.99992
  1.585E+05 1.603E+05 1.884E+00 2.599E-04 1.717E-02 1.017E-02 2.759E-02 1.912E+00 5.867E+04  4.2894 0.99994
  1.778E+05 1.796E+05 1.903E+00 3.132E-04 2.036E-02 1.141E-02 3.208E-02 1.935E+00 6.872E+04  4.4840 0.99995
  1.995E+05 2.013E+05 1.921E+00 3.767E-04 2.409E-02 1.281E-02 3.727E-02 1.958E+00 7.987E+04  4.6819 0.99996
  2.239E+05 2.256E+05 1.939E+00 4.521E-04 2.844E-02 1.435E-02 4.324E-02 1.982E+00 9.222E+04  4.8828 0.99997
  2.512E+05 2.530E+05 1.956E+00 5.417E-04 3.350E-02 1.607E-02 5.011E-02 2.006E+00 1.059E+05  5.0865 0.99998
  2.818E+05 2.836E+05 1.974E+00 6.477E-04 3.938E-02 1.801E-02 5.804E-02 2.032E+00 1.211E+05  5.2926 0.99998
  3.162E+05 3.180E+05 1.991E+00 7.731E-04 4.620E-02 2.019E-02 6.716E-02 2.058E+00 1.379E+05  5.5008 0.99998
  3.548E+05 3.566E+05 2.009E+00 9.211E-04 5.410E-02 2.261E-02 7.763E-02 2.086E+00 1.565E+05  5.7109 0.99999
  3.981E+05 3.999E+05 2.026E+00 1.095E-03 6.323E-02 2.532E-02 8.965E-02 2.115E+00 1.771E+05  5.9227 0.99999
  4.467E+05 4.485E+05 2.043E+00 1.300E-03 7.378E-02 2.836E-02 1.034E-01 2.146E+00 1.999E+05  6.1359 0.99999
  5.012E+05 5.030E+05 2.060E+00 1.541E-03 8.595E-02 3.175E-02 1.192E-01 2.179E+00 2.251E+05  6.3505 0.99999
  5.623E+05 5.641E+05 2.077E+00 1.822E-03 9.996E-02 3.558E-02 1.374E-01 2.214E+00 2.530E+05  6.5664 1.00000
  6.310E+05 6.327E+05 2.093E+00 2.152E-03 1.161E-01 3.989E-02 1.581E-01 2.251E+00 2.837E+05  6.7835 1.00000
  7.079E+05 7.097E+05 2.110E+00 2.537E-03 1.346E-01 4.474E-02 1.819E-01 2.292E+00 3.176E+05  7.0018 1.00000
  7.943E+05 7.961E+05 2.126E+00 2.986E-03 1.558E-01 5.019E-02 2.090E-01 2.335E+00 3.549E+05  7.2212 1.00000
  8.913E+05 8.930E+05 2.143E+00 3.510E-03 1.802E-01 5.631E-02 2.400E-01 2.383E+00 3.960E+05  7.4417 1.00000
  1.000E+06 1.002E+06 2.159E+00 4.118E-03 2.080E-01 6.325E-02 2.754E-01 2.434E+00 4.412E+05  7.6633 1.00000
  1.122E+06 1.124E+06 2.175E+00 4.826E-03 2.399E-01 7.104E-02 3.158E-01 2.491E+00 4.907E+05  7.8859 1.00000
  1.259E+06 1.261E+06 2.191E+00 5.646E-03 2.763E-01 7.989E-02 3.618E-01 2.553E+00 5.450E+05  8.1095 1.00000
  1.413E+06 1.414E+06 2.206E+00 6.597E-03 3.178E-01 8.986E-02 4.142E-01 2.621E+00 6.044E+05  8.3340 1.00000
  1.585E+06 1.587E+06 2.222E+00 7.701E-03 3.651E-01 1.012E-01 4.740E-01 2.696E+00 6.693E+05  8.5594 1.00000
  1.778E+06 1.780E+06 2.237E+00 8.976E-03 4.190E-01 1.139E-01 5.419E-01 2.779E+00 7.399E+05  8.7855 1.00000
  1.995E+06 1.997E+06 2.253E+00 1.045E-02 4.803E-01 1.284E-01 6.192E-01 2.872E+00 8.167E+05  9.0123 1.00000
  2.239E+06 2.240E+06 2.268E+00 1.214E-02 5.500E-01 1.449E-01 7.070E-01 2.975E+00 9.000E+05  9.2397 1.00000
  2.512E+06 2.514E+06 2.283E+00 1.411E-02 6.291E-01 1.635E-01 8.067E-01 3.090E+00 9.901E+05  9.4676 1.00000
  2.818E+06 2.820E+06 2.298E+00 1.638E-02 7.189E-01 1.847E-01 9.200E-01 3.218E+00 1.087E+06  9.6959 1.00000
  3.162E+06 3.164E+06 2.312E+00 1.898E-02 8.208E-01 2.087E-01 1.048E+00 3.361E+00 1.192E+06  9.9245 1.00000
  3.548E+06 3.550E+06 2.327E+00 2.198E-02 9.362E-01 2.359E-01 1.194E+00 3.521E+00 1.304E+06 10.1535 1.00000
  3.981E+06 3.983E+06 2.341E+00 2.542E-02 1.067E+00 2.669E-01 1.359E+00 3.700E+00 1.424E+06 10.3827 1.00000
  4.467E+06 4.469E+06 2.355E+00 2.937E-02 1.215E+00 3.021E-01 1.546E+00 3.901E+00 1.552E+06 10.6121 1.00000
  5.012E+06 5.014E+06 2.369E+00 3.391E-02 1.382E+00 3.422E-01 1.758E+00 4.127E+00 1.688E+06 10.8416 1.00000
  5.623E+06 5.625E+06 2.383E+00 3.912E-02 1.571E+00 3.878E-01 1.998E+00 4.381E+00 1.831E+06 11.0713 1.00000
  6.310E+06 6.311E+06 2.397E+00 4.511E-02 1.784E+00 4.397E-01 2.269E+00 4.666E+00 1.983E+06 11.3011 1.00000
  7.079E+06 7.081E+06 2.411E+00 5.197E-02 2.026E+00 4.987E-01 2.576E+00 4.987E+00 2.143E+06 11.5310 1.00000
  7.943E+06 7.945E+06 2.424E+00 5.982E-02 2.298E+00 5.660E-01 2.923E+00 5.347E+00 2.310E+06 11.7609 1.00000
  8.913E+06 8.914E+06 2.437E+00 6.880E-02 2.605E+00 6.427E-01 3.316E+00 5.753E+00 2.485E+06 11.9909 1.00000
  1.000E+07 1.000E+07 2.450E+00 7.907E-02 2.951E+00 7.300E-01 3.760E+00 6.210E+00 2.667E+06 12.2210 1.00000
  1.122E+07 1.122E+07 2.464E+00 9.080E-02 3.341E+00 8.295E-01 4.261E+00 6.725E+00 2.855E+06 12.4511 1.00000
  1.259E+07 1.259E+07 2.477E+00 1.042E-01 3.780E+00 9.429E-01 4.828E+00 7.304E+00 3.051E+06 12.6812 1.00000
  1.413E+07 1.413E+07 2.489E+00 1.195E-01 4.276E+00 1.072E+00 5.467E+00 7.957E+00 3.252E+06 12.9114 1.00000
  1.585E+07 1.585E+07 2.502E+00 1.370E-01 4.833E+00 1.220E+00 6.190E+00 8.692E+00 3.459E+06 13.1415 1.00000
  1.778E+07 1.778E+07 2.515E+00 1.568E-01 5.461E+00 1.388E+00 7.006E+00 9.520E+00 3.672E+06 13.3717 1.00000
  1.995E+07 1.995E+07 2.527E+00 1.795E-01 6.168E+00 1.580E+00 7.927E+00 1.045E+01 3.889E+06 13.6019 1.00000
  2.239E+07 2.239E+07 2.540E+00 2.053E-01 6.962E+00 1.798E+00 8.966E+00 1.151E+01 4.111E+06 13.8321 1.00000
  2.512E+07 2.512E+07 2.552E+00 2.347E-01 7.857E+00 2.048E+00 1.014E+01 1.269E+01 4.337E+06 14.0623 1.00000
  2.818E+07 2.819E+07 2.565E+00 2.682E-01 8.862E+00 2.333E+00 1.146E+01 1.403E+01 4.567E+06 14.2926 1.00000
  3.162E+07 3.162E+07 2.577E+00 3.064E-01 9.993E+00 2.658E+00 1.296E+01 1.553E+01 4.800E+06 14.5228 1.00000
  3.548E+07 3.548E+07 2.589E+00 3.497E-01 1.126E+01 3.030E+00 1.464E+01 1.723E+01 5.035E+06 14.7530 1.00000
  3.981E+07 3.981E+07 2.602E+00 3.990E-01 1.269E+01 3.453E+00 1.655E+01 1.915E+01 5.274E+06 14.9833 1.00000
  4.467E+07 4.467E+07 2.614E+00 4.549E-01 1.430E+01 3.937E+00 1.869E+01 2.131E+01 5.514E+06 15.2135 1.00000
  5.012E+07 5.012E+07 2.626E+00 5.184E-01 1.610E+01 4.490E+00 2.111E+01 2.374E+01 5.756E+06 15.4437 1.00000
  5.623E+07 5.624E+07 2.638E+00 5.905E-01 1.813E+01 5.121E+00 2.384E+01 2.648E+01 6.000E+06 15.6740 1.00000
  6.310E+07 6.310E+07 2.650E+00 6.723E-01 2.041E+01 5.841E+00 2.692E+01 2.957E+01 6.245E+06 15.9042 1.00000
  7.079E+07 7.080E+07 2.663E+00 7.649E-01 2.297E+01 6.664E+00 3.040E+01 3.306E+01 6.491E+06 16.1345 1.00000
  7.943E+07 7.943E+07 2.675E+00 8.700E-01 2.584E+01 7.604E+00 3.432E+01 3.699E+01 6.738E+06 16.3647 1.00000
  8.913E+07 8.913E+07 2.687E+00 9.890E-01 2.907E+01 8.677E+00 3.874E+01 4.142E+01 6.986E+06 16.5950 1.00000
  1.000E+08 1.000E+08 2.700E+00 1.124E+00 3.269E+01 9.904E+00 4.372E+01 4.642E+01 7.233E+06 16.8252 1.00000
  1.122E+08 1.122E+08 2.712E+00 1.276E+00 3.676E+01 1.131E+01 4.935E+01 5.206E+01 7.482E+06 17.0555 1.00000
  1.259E+08 1.259E+08 2.724E+00 1.449E+00 4.133E+01 1.291E+01 5.569E+01 5.841E+01 7.730E+06 17.2857 1.00000
  1.413E+08 1.413E+08 2.737E+00 1.644E+00 4.646E+01 1.474E+01 6.285E+01 6.558E+01 7.978E+06 17.5160 1.00000
  1.585E+08 1.585E+08 2.749E+00 1.864E+00 5.222E+01 1.683E+01 7.092E+01 7.367E+01 8.226E+06 17.7463 1.00000
  1.778E+08 1.778E+08 2.761E+00 2.113E+00 5.869E+01 1.922E+01 8.002E+01 8.278E+01 8.473E+06 17.9765 1.00000
  1.995E+08 1.995E+08 2.774E+00 2.395E+00 6.595E+01 2.195E+01 9.029E+01 9.307E+01 8.720E+06 18.2068 1.00000
  2.239E+08 2.239E+08 2.787E+00 2.713E+00 7.410E+01 2.507E+01 1.019E+02 1.047E+02 8.967E+06 18.4370 1.00000
  2.512E+08 2.512E+08 2.799E+00 3.072E+00 8.324E+01 2.864E+01 1.150E+02 1.178E+02 9.213E+06 18.6673 1.00000
  2.818E+08 2.818E+08 2.812E+00 3.477E+00 9.351E+01 3.272E+01 1.297E+02 1.325E+02 9.458E+06 18.8975 1.00000
  3.162E+08 3.162E+08 2.825E+00 3.933E+00 1.050E+02 3.738E+01 1.463E+02 1.492E+02 9.702E+06 19.1278 1.00000
  3.548E+08 3.548E+08 2.837E+00 4.449E+00 1.180E+02 4.271E+01 1.651E+02 1.680E+02 9.946E+06 19.3580 1.00000
  3.981E+08 3.981E+08 2.850E+00 5.029E+00 1.325E+02 4.881E+01 1.863E+02 1.892E+02 1.019E+07 19.5883 1.00000
  4.467E+08 4.467E+08 2.863E+00 5.684E+00 1.488E+02 5.578E+01 2.102E+02 2.131E+02 1.043E+07 19.8186 1.00000
  5.012E+08 5.012E+08 2.876E+00 6.421E+00 1.670E+02 6.375E+01 2.372E+02 2.401E+02 1.067E+07 20.0488 1.00000
  5.623E+08 5.623E+08 2.889E+00 7.252E+00 1.876E+02 7.286E+01 2.677E+02 2.706E+02 1.091E+07 20.2791 1.00000
  6.310E+08 6.310E+08 2.902E+00 8.187E+00 2.106E+02 8.329E+01 3.020E+02 3.049E+02 1.115E+07 20.5093 1.00000
  7.079E+08 7.079E+08 2.915E+00 9.240E+00 2.364E+02 9.521E+01 3.409E+02 3.438E+02 1.139E+07 20.7396 1.00000
  7.943E+08 7.943E+08 2.928E+00 1.043E+01 2.654E+02 1.088E+02 3.847E+02 3.876E+02 1.162E+07 20.9699 1.00000
  8.913E+08 8.913E+08 2.942E+00 1.176E+01 2.979E+02 1.244E+02 4.341E+02 4.371E+02 1.186E+07 21.2001 1.00000
  1.000E+09 1.000E+09 2.955E+00 1.326E+01 3.344E+02 1.423E+02 4.900E+02 4.929E+02 1.209E+07 21.4304 1.00000
  1.122E+09 1.122E+09 2.969E+00 1.495E+01 3.754E+02 1.627E+02 5.530E+02 5.560E+02 1.233E+07 21.6606 1.00000
  1.259E+09 1.259E+09 2.982E+00 1.685E+01 4.213E+02 1.860E+02 6.242E+02 6.272E+02 1.256E+07 21.8909 1.00000
  1.413E+09 1.413E+09 2.996E+00 1.898E+01 4.729E+02 2.128E+02 7.047E+02 7.077E+02 1.279E+07 22.1211 1.00000
  1.585E+09 1.585E+09 3.009E+00 2.139E+01 5.308E+02 2.433E+02 7.955E+02 7.985E+02 1.302E+07 22.3514 1.00000
  1.778E+09 1.778E+09 3.023E+00 2.408E+01 5.957E+02 2.783E+02 8.981E+02 9.011E+02 1.325E+07 22.5817 1.00000
  1.995E+09 1.995E+09 3.037E+00 2.712E+01 6.686E+02 3.183E+02 1.014E+03 1.017E+03 1.347E+07 22.8119 1.00000
  2.239E+09 2.239E+09 3.051E+00 3.053E+01 7.504E+02 3.641E+02 1.145E+03 1.148E+03 1.370E+07 23.0422 1.00000
  2.512E+09 2.512E+09 3.065E+00 3.436E+01 8.421E+02 4.165E+02 1.293E+03 1.296E+03 1.392E+07 23.2724 1.00000
  2.818E+09 2.818E+09 3.079E+00 3.866E+01 9.450E+02 4.765E+02 1.460E+03 1.463E+03 1.414E+07 23.5027 1.00000
  3.162E+09 3.162E+09 3.093E+00 4.350E+01 1.061E+03 5.452E+02 1.649E+03 1.652E+03 1.436E+07 23.7329 1.00000
  3.548E+09 3.548E+09 3.107E+00 4.893E+01 1.190E+03 6.237E+02 1.863E+03 1.866E+03 1.458E+07 23.9632 1.00000
  3.981E+09 3.981E+09 3.121E+00 5.503E+01 1.336E+03 7.137E+02 2.104E+03 2.107E+03 1.480E+07 24.1935 1.00000
  4.467E+09 4.467E+09 3.135E+00 6.188E+01 1.499E+03 8.166E+02 2.377E+03 2.380E+03 1.502E+07 24.4237 1.00000
  5.012E+09 5.012E+09 3.150E+00 6.958E+01 1.682E+03 9.345E+02 2.686E+03 2.689E+03 1.523E+07 24.6540 1.00000
  5.623E+09 5.623E+09 3.164E+00 7.822E+01 1.887E+03 1.069E+03 3.035E+03 3.038E+03 1.545E+07 24.8842 1.00000
  6.310E+09 6.310E+09 3.179E+00 8.792E+01 2.118E+03 1.224E+03 3.430E+03 3.433E+03 1.566E+07 25.1145 1.00000
  7.079E+09 7.079E+09 3.194E+00 9.882E+01 2.376E+03 1.401E+03 3.876E+03 3.879E+03 1.587E+07 25.3448 1.00000
  7.943E+09 7.943E+09 3.208E+00 1.110E+02 2.667E+03 1.603E+03 4.381E+03 4.384E+03 1.608E+07 25.5750 1.00000
  8.913E+09 8.913E+09 3.223E+00 1.248E+02 2.992E+03 1.835E+03 4.952E+03 4.956E+03 1.629E+07 25.8053 1.00000
  1.000E+10 1.000E+10 3.238E+00 1.402E+02 3.357E+03 2.101E+03 5.599E+03 5.602E+03 1.650E+07 26.0355 1.00000
  1.122E+10 1.122E+10 3.253E+00 1.575E+02 3.767E+03 2.405E+03 6.330E+03 6.333E+03 1.670E+07 26.2658 1.00000
  1.259E+10 1.259E+10 3.268E+00 1.769E+02 4.227E+03 2.754E+03 7.158E+03 7.161E+03 1.690E+07 26.4960 1.00000
  1.413E+10 1.413E+10 3.283E+00 1.987E+02 4.743E+03 3.153E+03 8.095E+03 8.098E+03 1.710E+07 26.7263 1.00000
  1.585E+10 1.585E+10 3.299E+00 2.232E+02 5.322E+03 3.610E+03 9.156E+03 9.159E+03 1.730E+07 26.9564 1.00000
  1.778E+10 1.778E+10 3.314E+00 2.507E+02 5.972E+03 4.133E+03 1.036E+04 1.036E+04 1.750E+07 27.1867 1.00000
  1.995E+10 1.995E+10 3.329E+00 2.815E+02 6.701E+03 4.733E+03 1.172E+04 1.172E+04 1.770E+07 27.4170 1.00000
  2.239E+10 2.239E+10 3.345E+00 3.161E+02 7.519E+03 5.420E+03 1.326E+04 1.326E+04 1.790E+07 27.6468 1.00000
  2.512E+10 2.512E+10 3.360E+00 3.549E+02 8.437E+03 6.208E+03 1.500E+04 1.500E+04 1.809E+07 27.8771 1.00000
  2.818E+10 2.818E+10 3.376E+00 3.985E+02 9.467E+03 7.110E+03 1.697E+04 1.698E+04 1.828E+07 28.1074 1.00000
  3.162E+10 3.162E+10 3.392E+00 4.474E+02 1.062E+04 8.143E+03 1.921E+04 1.922E+04 1.847E+07 28.3361 1.00000
  3.548E+10 3.548E+10 3.408E+00 5.022E+02 1.192E+04 9.327E+03 2.175E+04 2.175E+04 1.866E+07 28.5663 1.00000
  3.981E+10 3.981E+10 3.424E+00 5.638E+02 1.337E+04 1.068E+04 2.462E+04 2.462E+04 1.885E+07 28.7966 1.00000
  4.467E+10 4.467E+10 3.440E+00 6.329E+02 1.500E+04 1.224E+04 2.788E+04 2.788E+04 1.903E+07 29.0269 1.00000
  5.012E+10 5.012E+10 3.456E+00 7.105E+02 1.684E+04 1.402E+04 3.157E+04 3.157E+04 1.922E+07 29.2506 1.00000
  5.623E+10 5.623E+10 3.473E+00 7.975E+02 1.889E+04 1.606E+04 3.575E+04 3.576E+04 1.940E+07 29.4809 1.00000
  6.310E+10 6.310E+10 3.489E+00 8.951E+02 2.120E+04 1.841E+04 4.050E+04 4.050E+04 1.958E+07 29.7111 1.00000
  7.079E+10 7.079E+10 3.507E+00 1.005E+03 2.378E+04 2.109E+04 4.588E+04 4.588E+04 1.976E+07 29.9122 1.00000
  7.943E+10 7.943E+10 3.524E+00 1.128E+03 2.668E+04 2.417E+04 5.198E+04 5.198E+04 1.993E+07 30.1425 1.00000
  8.913E+10 8.913E+10 3.540E+00 1.266E+03 2.994E+04 2.769E+04 5.890E+04 5.890E+04 2.011E+07 30.3728 1.00000
  1.000E+11 1.000E+11 3.557E+00 1.420E+03 3.359E+04 3.173E+04 6.675E+04 6.675E+04 2.028E+07 30.6030 1.00000
  1.122E+11 1.122E+11 3.574E+00 1.594E+03 3.769E+04 3.637E+04 7.566E+04 7.566E+04 2.045E+07 30.8333 1.00000
  1.259E+11 1.259E+11 3.601E+00 1.789E+03 4.229E+04 4.168E+04 8.577E+04 8.577E+04 2.062E+07 30.9081 1.00000
  1.413E+11 1.413E+11 3.618E+00 2.008E+03 4.745E+04 4.778E+04 9.724E+04 9.724E+04 2.079E+07 31.1383 1.00000
  1.585E+11 1.585E+11 3.635E+00 2.253E+03 5.325E+04 5.476E+04 1.103E+05 1.103E+05 2.096E+07 31.3686 1.00000
  1.778E+11 1.778E+11 3.653E+00 2.528E+03 5.974E+04 6.277E+04 1.250E+05 1.250E+05 2.112E+07 31.5988 1.00000
  1.995E+11 1.995E+11 3.670E+00 2.837E+03 6.703E+04 7.196E+04 1.418E+05 1.418E+05 2.128E+07 31.8291 1.00000
  2.239E+11 2.239E+11 3.687E+00 3.184E+03 7.521E+04 8.250E+04 1.609E+05 1.609E+05 2.145E+07 32.0594 1.00000
  2.512E+11 2.512E+11 3.705E+00 3.573E+03 8.439E+04 9.458E+04 1.825E+05 1.825E+05 2.161E+07 32.2896 1.00000
  2.818E+11 2.818E+11 3.722E+00 4.009E+03 9.469E+04 1.084E+05 2.071E+05 2.071E+05 2.176E+07 32.5199 1.00000
  3.162E+11 3.162E+11 3.740E+00 4.499E+03 1.062E+05 1.243E+05 2.351E+05 2.351E+05 2.192E+07 32.7501 1.00000
  3.548E+11 3.548E+11 3.758E+00 5.048E+03 1.192E+05 1.426E+05 2.668E+05 2.668E+05 2.207E+07 32.9804 1.00000
  3.981E+11 3.981E+11 3.775E+00 5.665E+03 1.337E+05 1.635E+05 3.029E+05 3.029E+05 2.222E+07 33.2107 1.00000
  4.467E+11 4.467E+11 3.793E+00 6.356E+03 1.501E+05 1.875E+05 3.439E+05 3.439E+05 2.238E+07 33.4409 1.00000
  5.012E+11 5.012E+11 3.811E+00 7.132E+03 1.684E+05 2.150E+05 3.905E+05 3.905E+05 2.252E+07 33.6712 1.00000
  5.623E+11 5.623E+11 3.830E+00 8.003E+03 1.889E+05 2.466E+05 4.436E+05 4.436E+05 2.267E+07 33.9014 1.00000
  6.310E+11 6.310E+11 3.848E+00 8.980E+03 2.120E+05 2.829E+05 5.038E+05 5.038E+05 2.282E+07 34.1317 1.00000
  7.079E+11 7.079E+11 3.866E+00 1.008E+04 2.378E+05 3.245E+05 5.724E+05 5.724E+05 2.296E+07 34.3620 1.00000
  7.943E+11 7.943E+11 3.885E+00 1.131E+04 2.669E+05 3.722E+05 6.504E+05 6.504E+05 2.310E+07 34.5922 1.00000
  8.913E+11 8.913E+11 3.903E+00 1.269E+04 2.994E+05 4.270E+05 7.391E+05 7.391E+05 2.324E+07 34.8225 1.00000
  1.000E+12 1.000E+12 3.922E+00 1.424E+04 3.360E+05 4.898E+05 8.400E+05 8.400E+05 2.338E+07 35.0527 1.00000
  1.122E+12 1.122E+12 3.941E+00 1.597E+04 3.770E+05 5.619E+05 9.549E+05 9.549E+05 2.351E+07 35.2830 1.00000
  1.259E+12 1.259E+12 3.960E+00 1.792E+04 4.229E+05 6.447E+05 1.086E+06 1.086E+06 2.365E+07 35.5132 1.00000
  1.413E+12 1.413E+12 3.978E+00 2.011E+04 4.746E+05 7.398E+05 1.234E+06 1.234E+06 2.378E+07 35.7435 1.00000
  1.585E+12 1.585E+12 3.998E+00 2.256E+04 5.325E+05 8.488E+05 1.404E+06 1.404E+06 2.391E+07 35.9738 1.00000
  1.778E+12 1.778E+12 4.017E+00 2.532E+04 5.974E+05 9.740E+05 1.597E+06 1.597E+06 2.404E+07 36.2040 1.00000
  1.995E+12 1.995E+12 4.036E+00 2.841E+04 6.703E+05 1.118E+06 1.816E+06 1.817E+06 2.417E+07 36.4343 1.00000
  2.239E+12 2.239E+12 4.055E+00 3.187E+04 7.521E+05 1.283E+06 2.067E+06 2.067E+06 2.429E+07 36.6645 1.00000
  2.512E+12 2.512E+12 4.075E+00 3.576E+04 8.439E+05 1.472E+06 2.352E+06 2.352E+06 2.442E+07 36.8948 1.00000
  2.818E+12 2.818E+12 4.095E+00 4.013E+04 9.468E+05 1.690E+06 2.677E+06 2.677E+06 2.454E+07 37.1251 1.00000
  3.162E+12 3.162E+12 4.114E+00 4.503E+04 1.062E+06 1.939E+06 3.047E+06 3.047E+06 2.466E+07 37.3553 1.00000
  3.548E+12 3.548E+12 4.134E+00 5.052E+04 1.192E+06 2.226E+06 3.469E+06 3.469E+06 2.478E+07 37.5856 1.00000
  3.981E+12 3.981E+12 4.154E+00 5.668E+04 1.337E+06 2.556E+06 3.950E+06 3.950E+06 2.490E+07 37.8158 1.00000
  4.467E+12 4.467E+12 4.174E+00 6.360E+04 1.501E+06 2.934E+06 4.498E+06 4.498E+06 2.501E+07 38.0461 1.00000
  5.012E+12 5.012E+12 4.194E+00 7.136E+04 1.684E+06 3.368E+06 5.123E+06 5.123E+06 2.512E+07 38.2763 1.00000
  5.623E+12 5.623E+12 4.215E+00 8.007E+04 1.889E+06 3.867E+06 5.836E+06 5.836E+06 2.524E+07 38.5066 1.00000
  6.310E+12 6.310E+12 4.235E+00 8.984E+04 2.120E+06 4.440E+06 6.649E+06 6.649E+06 2.535E+07 38.7369 1.00000
  7.079E+12 7.079E+12 4.255E+00 1.008E+05 2.378E+06 5.098E+06 7.577E+06 7.577E+06 2.545E+07 38.9671 1.00000
  7.943E+12 7.943E+12 4.276E+00 1.131E+05 2.669E+06 5.853E+06 8.635E+06 8.635E+06 2.556E+07 39.1974 1.00000
  8.913E+12 8.913E+12 4.297E+00 1.269E+05 2.994E+06 6.721E+06 9.843E+06 9.843E+06 2.567E+07 39.4276 1.00000
  1.000E+13 1.000E+13 4.318E+00 1.424E+05 3.359E+06 7.719E+06 1.122E+07 1.122E+07 2.577E+07 39.6579 1.00000
  1.122E+13 1.122E+13 4.339E+00 1.598E+05 3.769E+06 8.864E+06 1.279E+07 1.279E+07 2.587E+07 39.8882 1.00000
  1.259E+13 1.259E+13 4.360E+00 1.793E+05 4.229E+06 1.018E+07 1.459E+07 1.459E+07 2.597E+07 40.1184 1.00000
  1.413E+13 1.413E+13 4.381E+00 2.011E+05 4.745E+06 1.169E+07 1.664E+07 1.664E+07 2.607E+07 40.3487 1.00000
  1.585E+13 1.585E+13 4.402E+00 2.257E+05 5.324E+06 1.343E+07 1.898E+07 1.898E+07 2.617E+07 40.5789 1.00000
  1.778E+13 1.778E+13 4.423E+00 2.532E+05 5.974E+06 1.543E+07 2.165E+07 2.165E+07 2.626E+07 40.8092 1.00000
  1.995E+13 1.995E+13 4.445E+00 2.841E+05 6.703E+06 1.772E+07 2.471E+07 2.471E+07 2.636E+07 41.0394 1.00000
  2.239E+13 2.239E+13 4.467E+00 3.188E+05 7.521E+06 2.036E+07 2.820E+07 2.820E+07 2.645E+07 41.2697 1.00000
  2.512E+13 2.512E+13 4.488E+00 3.577E+05 8.438E+06 2.339E+07 3.218E+07 3.218E+07 2.654E+07 41.5000 1.00000
  2.818E+13 2.818E+13 4.510E+00 4.013E+05 9.468E+06 2.687E+07 3.674E+07 3.674E+07 2.663E+07 41.7302 1.00000
  3.162E+13 3.162E+13 4.532E+00 4.503E+05 1.062E+07 3.087E+07 4.194E+07 4.194E+07 2.672E+07 41.9605 1.00000
  3.548E+13 3.548E+13 4.554E+00 5.052E+05 1.192E+07 3.547E+07 4.789E+07 4.789E+07 2.680E+07 42.1907 1.00000
  3.981E+13 3.981E+13 4.576E+00 5.669E+05 1.337E+07 4.076E+07 5.470E+07 5.470E+07 2.689E+07 42.4210 1.00000
  4.467E+13 4.467E+13 4.599E+00 6.361E+05 1.501E+07 4.683E+07 6.247E+07 6.247E+07 2.697E+07 42.6513 1.00000
  5.012E+13 5.012E+13 4.621E+00 7.137E+05 1.684E+07 5.382E+07 7.137E+07 7.137E+07 2.705E+07 42.8815 1.00000
  5.623E+13 5.623E+13 4.644E+00 8.008E+05 1.889E+07 6.185E+07 8.154E+07 8.154E+07 2.713E+07 43.1118 1.00000
  6.310E+13 6.310E+13 4.667E+00 8.985E+05 2.120E+07 7.108E+07 9.317E+07 9.317E+07 2.721E+07 43.3420 1.00000
  7.079E+13 7.079E+13 4.689E+00 1.008E+06 2.378E+07 8.169E+07 1.065E+08 1.065E+08 2.729E+07 43.5723 1.00000
  7.943E+13 7.943E+13 4.712E+00 1.131E+06 2.668E+07 9.389E+07 1.217E+08 1.217E+08 2.736E+07 43.8026 1.00000
  8.913E+13 8.913E+13 4.735E+00 1.269E+06 2.994E+07 1.079E+08 1.391E+08 1.391E+08 2.744E+07 44.0328 1.00000
  1.000E+14 1.000E+14 4.759E+00 1.424E+06 3.359E+07 1.241E+08 1.591E+08 1.591E+08 2.751E+07 44.2631 1.00000
  1.122E+14 1.122E+14 4.782E+00 1.598E+06 3.769E+07 1.426E+08 1.819E+08 1.819E+08 2.758E+07 44.4933 1.00000
  1.259E+14 1.259E+14 4.805E+00 1.793E+06 4.229E+07 1.639E+08 2.080E+08 2.080E+08 2.765E+07 44.7236 1.00000
  1.413E+14 1.413E+14 4.829E+00 2.011E+06 4.745E+07 1.885E+08 2.379E+08 2.379E+08 2.772E+07 44.9538 1.00000
  1.585E+14 1.585E+14 4.853E+00 2.257E+06 5.324E+07 2.167E+08 2.722E+08 2.722E+08 2.779E+07 45.1841 1.00000
  1.778E+14 1.778E+14 4.876E+00 2.532E+06 5.973E+07 2.491E+08 3.114E+08 3.114E+08 2.786E+07 45.4144 1.00000
  1.995E+14 1.995E+14 4.900E+00 2.841E+06 6.702E+07 2.864E+08 3.563E+08 3.563E+08 2.792E+07 45.6446 1.00000
  2.239E+14 2.239E+14 4.924E+00 3.188E+06 7.520E+07 3.293E+08 4.077E+08 4.077E+08 2.798E+07 45.8749 1.00000
  2.512E+14 2.512E+14 4.949E+00 3.577E+06 8.438E+07 3.787E+08 4.666E+08 4.666E+08 2.805E+07 46.1051 1.00000
  2.818E+14 2.818E+14 4.973E+00 4.013E+06 9.467E+07 4.355E+08 5.341E+08 5.341E+08 2.811E+07 46.3354 1.00000
  3.162E+14 3.162E+14 4.997E+00 4.503E+06 1.062E+08 5.008E+08 6.115E+08 6.115E+08 2.817E+07 46.5657 1.00000
  3.548E+14 3.548E+14 5.022E+00 5.052E+06 1.192E+08 5.759E+08 7.001E+08 7.001E+08 2.823E+07 46.7959 1.00000
  3.981E+14 3.981E+14 5.047E+00 5.669E+06 1.337E+08 6.623E+08 8.017E+08 8.017E+08 2.829E+07 47.0262 1.00000
  4.467E+14 4.467E+14 5.071E+00 6.361E+06 1.500E+08 7.618E+08 9.182E+08 9.182E+08 2.834E+07 47.2564 1.00000
  5.012E+14 5.012E+14 5.096E+00 7.137E+06 1.683E+08 8.762E+08 1.052E+09 1.052E+09 2.840E+07 47.4867 1.00000
  5.623E+14 5.623E+14 5.121E+00 8.008E+06 1.889E+08 1.008E+09 1.205E+09 1.205E+09 2.845E+07 47.7169 1.00000
  6.310E+14 6.310E+14 5.147E+00 8.985E+06 2.119E+08 1.159E+09 1.380E+09 1.380E+09 2.851E+07 47.9472 1.00000
  7.079E+14 7.079E+14 5.172E+00 1.008E+07 2.378E+08 1.333E+09 1.581E+09 1.581E+09 2.856E+07 48.1775 1.00000
  7.943E+14 7.943E+14 5.197E+00 1.131E+07 2.668E+08 1.534E+09 1.812E+09 1.812E+09 2.861E+07 48.4077 1.00000
  8.913E+14 8.913E+14 5.223E+00 1.269E+07 2.994E+08 1.765E+09 2.077E+09 2.077E+09 2.866E+07 48.6380 1.00000
  1.000E+15 1.000E+15 5.249E+00 1.424E+07 3.359E+08 2.030E+09 2.380E+09 2.380E+09 2.871E+07 48.8682 1.00000
