 Incident particle is a Tau with M = 1776.82000 MeV
 Index = 0: B100BoneEquivalentPlastic
      Absorber with <Z/A> = 0.52740
 Density effect computed following Fano (1963)
 Models for Radloss: brems =  SSR, pair =  SSR, photonuc = DRSS

 *** Table generated with PUMAS v1.1 ***

      T         p     Ionization  brems     pair     photonuc  Radloss    dE/dx   CSDA Range  delta   beta
    [MeV]    [MeV/c]  -----------------------[MeV cm^2/g]------------------------  [g/cm^2]
  1.000E+05 1.018E+05 2.294E+00 4.624E-05 2.639E-03 6.711E-03 9.397E-03 2.303E+00 2.171E+04  4.7749 0.99985
  1.122E+05 1.140E+05 2.314E+00 5.599E-05 3.182E-03 7.605E-03 1.084E-02 2.325E+00 2.698E+04  4.9846 0.99988
  1.259E+05 1.277E+05 2.334E+00 6.768E-05 3.823E-03 8.600E-03 1.249E-02 2.347E+00 3.284E+04  5.1969 0.99990
  1.413E+05 1.430E+05 2.354E+00 8.166E-05 4.577E-03 9.697E-03 1.436E-02 2.369E+00 3.936E+04  5.4113 0.99992
  1.585E+05 1.603E+05 2.374E+00 9.835E-05 5.463E-03 1.094E-02 1.650E-02 2.391E+00 4.660E+04  5.6278 0.99994
  1.778E+05 1.796E+05 2.394E+00 1.182E-04 6.502E-03 1.232E-02 1.894E-02 2.413E+00 5.465E+04  5.8459 0.99995
  1.995E+05 2.013E+05 2.414E+00 1.419E-04 7.719E-03 1.389E-02 2.175E-02 2.436E+00 6.360E+04  6.0655 0.99996
  2.239E+05 2.256E+05 2.434E+00 1.699E-04 9.140E-03 1.562E-02 2.493E-02 2.459E+00 7.355E+04  6.2864 0.99997
  2.512E+05 2.530E+05 2.453E+00 2.031E-04 1.080E-02 1.756E-02 2.856E-02 2.482E+00 8.461E+04  6.5083 0.99998
  2.818E+05 2.836E+05 2.473E+00 2.424E-04 1.273E-02 1.975E-02 3.272E-02 2.506E+00 9.690E+04  6.7312 0.99998
  3.162E+05 3.180E+05 2.493E+00 2.887E-04 1.497E-02 2.221E-02 3.747E-02 2.530E+00 1.106E+05  6.9549 0.99998
  3.548E+05 3.566E+05 2.512E+00 3.432E-04 1.758E-02 2.497E-02 4.289E-02 2.555E+00 1.257E+05  7.1793 0.99999
  3.981E+05 3.999E+05 2.532E+00 4.073E-04 2.060E-02 2.806E-02 4.907E-02 2.581E+00 1.426E+05  7.4044 0.99999
  4.467E+05 4.485E+05 2.551E+00 4.825E-04 2.409E-02 3.154E-02 5.612E-02 2.607E+00 1.613E+05  7.6300 0.99999
  5.012E+05 5.030E+05 2.570E+00 5.707E-04 2.813E-02 3.543E-02 6.414E-02 2.635E+00 1.821E+05  7.8563 0.99999
  5.623E+05 5.641E+05 2.590E+00 6.739E-04 3.280E-02 3.984E-02 7.331E-02 2.663E+00 2.052E+05  8.0829 1.00000
  6.310E+05 6.327E+05 2.609E+00 7.943E-04 3.817E-02 4.481E-02 8.378E-02 2.693E+00 2.308E+05  8.3101 1.00000
  7.079E+05 7.097E+05 2.628E+00 9.350E-04 4.436E-02 5.042E-02 9.572E-02 2.724E+00 2.592E+05  8.5376 1.00000
  7.943E+05 7.961E+05 2.647E+00 1.099E-03 5.148E-02 5.675E-02 1.093E-01 2.756E+00 2.908E+05  8.7656 1.00000
  8.913E+05 8.930E+05 2.666E+00 1.289E-03 5.965E-02 6.387E-02 1.248E-01 2.791E+00 3.257E+05  8.9938 1.00000
  1.000E+06 1.002E+06 2.685E+00 1.511E-03 6.903E-02 7.195E-02 1.425E-01 2.827E+00 3.644E+05  9.2224 1.00000
  1.122E+06 1.124E+06 2.704E+00 1.768E-03 7.978E-02 8.104E-02 1.626E-01 2.866E+00 4.073E+05  9.4512 1.00000
  1.259E+06 1.261E+06 2.722E+00 2.066E-03 9.208E-02 9.139E-02 1.855E-01 2.908E+00 4.547E+05  9.6802 1.00000
  1.413E+06 1.414E+06 2.741E+00 2.412E-03 1.061E-01 1.031E-01 2.116E-01 2.952E+00 5.071E+05  9.9094 1.00000
  1.585E+06 1.587E+06 2.759E+00 2.812E-03 1.222E-01 1.163E-01 2.414E-01 3.000E+00 5.650E+05 10.1388 1.00000
  1.778E+06 1.780E+06 2.777E+00 3.273E-03 1.406E-01 1.313E-01 2.752E-01 3.052E+00 6.289E+05 10.3684 1.00000
  1.995E+06 1.997E+06 2.795E+00 3.806E-03 1.615E-01 1.483E-01 3.136E-01 3.109E+00 6.994E+05 10.5980 1.00000
  2.239E+06 2.240E+06 2.813E+00 4.423E-03 1.853E-01 1.677E-01 3.574E-01 3.170E+00 7.769E+05 10.8278 1.00000
  2.512E+06 2.514E+06 2.831E+00 5.134E-03 2.124E-01 1.896E-01 4.072E-01 3.238E+00 8.622E+05 11.0576 1.00000
  2.818E+06 2.820E+06 2.848E+00 5.953E-03 2.432E-01 2.146E-01 4.638E-01 3.312E+00 9.558E+05 11.2875 1.00000
  3.162E+06 3.164E+06 2.866E+00 6.895E-03 2.783E-01 2.429E-01 5.281E-01 3.394E+00 1.058E+06 11.5175 1.00000
  3.548E+06 3.550E+06 2.883E+00 7.978E-03 3.180E-01 2.751E-01 6.011E-01 3.484E+00 1.171E+06 11.7475 1.00000
  3.981E+06 3.983E+06 2.900E+00 9.222E-03 3.631E-01 3.117E-01 6.841E-01 3.584E+00 1.293E+06 11.9775 1.00000
  4.467E+06 4.469E+06 2.917E+00 1.065E-02 4.143E-01 3.533E-01 7.783E-01 3.695E+00 1.426E+06 12.2076 1.00000
  5.012E+06 5.014E+06 2.934E+00 1.229E-02 4.722E-01 4.008E-01 8.853E-01 3.819E+00 1.572E+06 12.4377 1.00000
  5.623E+06 5.625E+06 2.950E+00 1.418E-02 5.378E-01 4.547E-01 1.007E+00 3.957E+00 1.729E+06 12.6678 1.00000
  6.310E+06 6.311E+06 2.967E+00 1.635E-02 6.120E-01 5.162E-01 1.145E+00 4.111E+00 1.899E+06 12.8980 1.00000
  7.079E+06 7.081E+06 2.983E+00 1.882E-02 6.960E-01 5.862E-01 1.301E+00 4.284E+00 2.082E+06 13.1282 1.00000
  7.943E+06 7.945E+06 2.999E+00 2.166E-02 7.908E-01 6.659E-01 1.478E+00 4.478E+00 2.280E+06 13.3583 1.00000
  8.913E+06 8.914E+06 3.015E+00 2.491E-02 8.980E-01 7.568E-01 1.680E+00 4.695E+00 2.491E+06 13.5885 1.00000
  1.000E+07 1.000E+07 3.031E+00 2.862E-02 1.019E+00 8.603E-01 1.908E+00 4.939E+00 2.717E+06 13.8187 1.00000
  1.122E+07 1.122E+07 3.047E+00 3.287E-02 1.156E+00 9.783E-01 2.167E+00 5.213E+00 2.957E+06 14.0489 1.00000
  1.259E+07 1.259E+07 3.062E+00 3.772E-02 1.310E+00 1.113E+00 2.460E+00 5.522E+00 3.212E+06 14.2791 1.00000
  1.413E+07 1.413E+07 3.077E+00 4.326E-02 1.483E+00 1.266E+00 2.793E+00 5.870E+00 3.482E+06 14.5094 1.00000
  1.585E+07 1.585E+07 3.093E+00 4.958E-02 1.679E+00 1.441E+00 3.170E+00 6.263E+00 3.766E+06 14.7396 1.00000
  1.778E+07 1.778E+07 3.108E+00 5.679E-02 1.900E+00 1.641E+00 3.598E+00 6.706E+00 4.065E+06 14.9698 1.00000
  1.995E+07 1.995E+07 3.123E+00 6.502E-02 2.149E+00 1.869E+00 4.082E+00 7.205E+00 4.377E+06 15.2000 1.00000
  2.239E+07 2.239E+07 3.138E+00 7.439E-02 2.429E+00 2.128E+00 4.632E+00 7.769E+00 4.702E+06 15.4303 1.00000
  2.512E+07 2.512E+07 3.153E+00 8.508E-02 2.744E+00 2.425E+00 5.254E+00 8.407E+00 5.040E+06 15.6605 1.00000
  2.818E+07 2.819E+07 3.168E+00 9.726E-02 3.099E+00 2.763E+00 5.959E+00 9.127E+00 5.390E+06 15.8908 1.00000
  3.162E+07 3.162E+07 3.182E+00 1.111E-01 3.498E+00 3.150E+00 6.759E+00 9.941E+00 5.751E+06 16.1210 1.00000
  3.548E+07 3.548E+07 3.197E+00 1.269E-01 3.947E+00 3.591E+00 7.665E+00 1.086E+01 6.122E+06 16.3512 1.00000
  3.981E+07 3.981E+07 3.212E+00 1.448E-01 4.452E+00 4.094E+00 8.691E+00 1.190E+01 6.503E+06 16.5815 1.00000
  4.467E+07 4.467E+07 3.226E+00 1.653E-01 5.020E+00 4.669E+00 9.854E+00 1.308E+01 6.892E+06 16.8117 1.00000
  5.012E+07 5.012E+07 3.241E+00 1.884E-01 5.659E+00 5.325E+00 1.117E+01 1.441E+01 7.289E+06 17.0420 1.00000
  5.623E+07 5.624E+07 3.256E+00 2.148E-01 6.377E+00 6.075E+00 1.267E+01 1.592E+01 7.692E+06 17.2722 1.00000
  6.310E+07 6.310E+07 3.270E+00 2.447E-01 7.184E+00 6.931E+00 1.436E+01 1.763E+01 8.102E+06 17.5025 1.00000
  7.079E+07 7.080E+07 3.285E+00 2.786E-01 8.090E+00 7.908E+00 1.628E+01 1.956E+01 8.516E+06 17.7327 1.00000
  7.943E+07 7.943E+07 3.300E+00 3.171E-01 9.109E+00 9.025E+00 1.845E+01 2.175E+01 8.935E+06 17.9630 1.00000
  8.913E+07 8.913E+07 3.314E+00 3.607E-01 1.025E+01 1.030E+01 2.092E+01 2.423E+01 9.357E+06 18.1932 1.00000
  1.000E+08 1.000E+08 3.329E+00 4.102E-01 1.154E+01 1.176E+01 2.371E+01 2.704E+01 9.781E+06 18.4235 1.00000
  1.122E+08 1.122E+08 3.344E+00 4.663E-01 1.298E+01 1.342E+01 2.687E+01 3.022E+01 1.021E+07 18.6538 1.00000
  1.259E+08 1.259E+08 3.359E+00 5.298E-01 1.460E+01 1.533E+01 3.046E+01 3.382E+01 1.064E+07 18.8840 1.00000
  1.413E+08 1.413E+08 3.373E+00 6.017E-01 1.643E+01 1.750E+01 3.453E+01 3.790E+01 1.107E+07 19.1143 1.00000
  1.585E+08 1.585E+08 3.388E+00 6.831E-01 1.847E+01 1.999E+01 3.914E+01 4.253E+01 1.149E+07 19.3445 1.00000
  1.778E+08 1.778E+08 3.403E+00 7.752E-01 2.077E+01 2.283E+01 4.437E+01 4.777E+01 1.192E+07 19.5748 1.00000
  1.995E+08 1.995E+08 3.418E+00 8.794E-01 2.334E+01 2.607E+01 5.030E+01 5.371E+01 1.235E+07 19.8050 1.00000
  2.239E+08 2.239E+08 3.433E+00 9.971E-01 2.624E+01 2.978E+01 5.702E+01 6.045E+01 1.278E+07 20.0353 1.00000
  2.512E+08 2.512E+08 3.448E+00 1.130E+00 2.949E+01 3.402E+01 6.464E+01 6.809E+01 1.320E+07 20.2655 1.00000
  2.818E+08 2.818E+08 3.464E+00 1.281E+00 3.313E+01 3.887E+01 7.329E+01 7.675E+01 1.363E+07 20.4958 1.00000
  3.162E+08 3.162E+08 3.479E+00 1.450E+00 3.723E+01 4.441E+01 8.309E+01 8.657E+01 1.405E+07 20.7261 1.00000
  3.548E+08 3.548E+08 3.494E+00 1.642E+00 4.182E+01 5.075E+01 9.421E+01 9.771E+01 1.447E+07 20.9563 1.00000
  3.981E+08 3.981E+08 3.509E+00 1.859E+00 4.698E+01 5.799E+01 1.068E+02 1.103E+02 1.489E+07 21.1866 1.00000
  4.467E+08 4.467E+08 3.525E+00 2.103E+00 5.277E+01 6.628E+01 1.212E+02 1.247E+02 1.530E+07 21.4168 1.00000
  5.012E+08 5.012E+08 3.540E+00 2.379E+00 5.927E+01 7.575E+01 1.374E+02 1.409E+02 1.571E+07 21.6471 1.00000
  5.623E+08 5.623E+08 3.556E+00 2.689E+00 6.656E+01 8.658E+01 1.558E+02 1.594E+02 1.612E+07 21.8773 1.00000
  6.310E+08 6.310E+08 3.572E+00 3.040E+00 7.474E+01 9.897E+01 1.768E+02 1.803E+02 1.652E+07 22.1076 1.00000
  7.079E+08 7.079E+08 3.587E+00 3.435E+00 8.392E+01 1.131E+02 2.005E+02 2.041E+02 1.692E+07 22.3379 1.00000
  7.943E+08 7.943E+08 3.603E+00 3.880E+00 9.423E+01 1.293E+02 2.275E+02 2.311E+02 1.732E+07 22.5681 1.00000
  8.913E+08 8.913E+08 3.619E+00 4.381E+00 1.058E+02 1.479E+02 2.581E+02 2.617E+02 1.772E+07 22.7984 1.00000
  1.000E+09 1.000E+09 3.635E+00 4.946E+00 1.188E+02 1.691E+02 2.928E+02 2.964E+02 1.811E+07 23.0286 1.00000
  1.122E+09 1.122E+09 3.651E+00 5.582E+00 1.333E+02 1.933E+02 3.323E+02 3.359E+02 1.849E+07 23.2589 1.00000
  1.259E+09 1.259E+09 3.667E+00 6.298E+00 1.497E+02 2.211E+02 3.771E+02 3.807E+02 1.887E+07 23.4892 1.00000
  1.413E+09 1.413E+09 3.684E+00 7.104E+00 1.680E+02 2.528E+02 4.280E+02 4.317E+02 1.925E+07 23.7194 1.00000
  1.585E+09 1.585E+09 3.700E+00 8.011E+00 1.886E+02 2.892E+02 4.858E+02 4.895E+02 1.963E+07 23.9497 1.00000
  1.778E+09 1.778E+09 3.716E+00 9.031E+00 2.117E+02 3.307E+02 5.515E+02 5.552E+02 2.000E+07 24.1799 1.00000
  1.995E+09 1.995E+09 3.733E+00 1.018E+01 2.376E+02 3.783E+02 6.261E+02 6.298E+02 2.037E+07 24.4102 1.00000
  2.239E+09 2.239E+09 3.749E+00 1.147E+01 2.667E+02 4.327E+02 7.109E+02 7.146E+02 2.073E+07 24.6404 1.00000
  2.512E+09 2.512E+09 3.766E+00 1.292E+01 2.993E+02 4.950E+02 8.072E+02 8.110E+02 2.109E+07 24.8707 1.00000
  2.818E+09 2.818E+09 3.783E+00 1.455E+01 3.359E+02 5.663E+02 9.168E+02 9.206E+02 2.144E+07 25.1010 1.00000
  3.162E+09 3.162E+09 3.800E+00 1.639E+01 3.770E+02 6.479E+02 1.041E+03 1.045E+03 2.179E+07 25.3312 1.00000
  3.548E+09 3.548E+09 3.817E+00 1.845E+01 4.231E+02 7.413E+02 1.183E+03 1.187E+03 2.214E+07 25.5615 1.00000
  3.981E+09 3.981E+09 3.834E+00 2.077E+01 4.748E+02 8.482E+02 1.344E+03 1.348E+03 2.248E+07 25.7917 1.00000
  4.467E+09 4.467E+09 3.851E+00 2.338E+01 5.328E+02 9.706E+02 1.527E+03 1.531E+03 2.282E+07 26.0220 1.00000
  5.012E+09 5.012E+09 3.868E+00 2.631E+01 5.979E+02 1.111E+03 1.735E+03 1.739E+03 2.315E+07 26.2523 1.00000
  5.623E+09 5.623E+09 3.886E+00 2.960E+01 6.710E+02 1.271E+03 1.972E+03 1.976E+03 2.348E+07 26.4825 1.00000
  6.310E+09 6.310E+09 3.903E+00 3.329E+01 7.530E+02 1.455E+03 2.241E+03 2.245E+03 2.381E+07 26.7128 1.00000
  7.079E+09 7.079E+09 3.921E+00 3.745E+01 8.449E+02 1.665E+03 2.547E+03 2.551E+03 2.413E+07 26.9430 1.00000
  7.943E+09 7.943E+09 3.938E+00 4.211E+01 9.481E+02 1.906E+03 2.896E+03 2.900E+03 2.445E+07 27.1733 1.00000
  8.913E+09 8.913E+09 3.956E+00 4.735E+01 1.064E+03 2.181E+03 3.293E+03 3.297E+03 2.476E+07 27.4035 1.00000
  1.000E+10 1.000E+10 3.974E+00 5.323E+01 1.194E+03 2.497E+03 3.744E+03 3.748E+03 2.507E+07 27.6338 1.00000
  1.122E+10 1.122E+10 3.992E+00 5.984E+01 1.340E+03 2.859E+03 4.258E+03 4.262E+03 2.537E+07 27.8640 1.00000
  1.259E+10 1.259E+10 4.010E+00 6.725E+01 1.503E+03 3.273E+03 4.843E+03 4.847E+03 2.568E+07 28.0943 1.00000
  1.413E+10 1.413E+10 4.028E+00 7.558E+01 1.687E+03 3.747E+03 5.509E+03 5.513E+03 2.597E+07 28.3246 1.00000
  1.585E+10 1.585E+10 4.046E+00 8.493E+01 1.893E+03 4.290E+03 6.268E+03 6.272E+03 2.627E+07 28.5547 1.00000
  1.778E+10 1.778E+10 4.065E+00 9.543E+01 2.124E+03 4.913E+03 7.132E+03 7.136E+03 2.655E+07 28.7850 1.00000
  1.995E+10 1.995E+10 4.083E+00 1.072E+02 2.383E+03 5.626E+03 8.116E+03 8.120E+03 2.684E+07 29.0152 1.00000
  2.239E+10 2.239E+10 4.102E+00 1.204E+02 2.674E+03 6.442E+03 9.237E+03 9.241E+03 2.712E+07 29.2451 1.00000
  2.512E+10 2.512E+10 4.120E+00 1.353E+02 3.000E+03 7.378E+03 1.051E+04 1.052E+04 2.740E+07 29.4754 1.00000
  2.818E+10 2.818E+10 4.139E+00 1.520E+02 3.367E+03 8.450E+03 1.197E+04 1.197E+04 2.767E+07 29.7056 1.00000
  3.162E+10 3.162E+10 4.158E+00 1.707E+02 3.778E+03 9.678E+03 1.363E+04 1.363E+04 2.794E+07 29.9344 1.00000
  3.548E+10 3.548E+10 4.177E+00 1.917E+02 4.239E+03 1.109E+04 1.552E+04 1.552E+04 2.820E+07 30.1646 1.00000
  3.981E+10 3.981E+10 4.196E+00 2.153E+02 4.756E+03 1.270E+04 1.767E+04 1.767E+04 2.847E+07 30.3949 1.00000
  4.467E+10 4.467E+10 4.216E+00 2.417E+02 5.336E+03 1.455E+04 2.012E+04 2.013E+04 2.872E+07 30.6251 1.00000
  5.012E+10 5.012E+10 4.235E+00 2.714E+02 5.988E+03 1.667E+04 2.292E+04 2.293E+04 2.898E+07 30.8489 1.00000
  5.623E+10 5.623E+10 4.255E+00 3.047E+02 6.718E+03 1.909E+04 2.612E+04 2.612E+04 2.923E+07 31.0792 1.00000
  6.310E+10 6.310E+10 4.274E+00 3.421E+02 7.538E+03 2.188E+04 2.976E+04 2.976E+04 2.947E+07 31.3094 1.00000
  7.079E+10 7.079E+10 4.296E+00 3.841E+02 8.458E+03 2.506E+04 3.391E+04 3.391E+04 2.971E+07 31.5105 1.00000
  7.943E+10 7.943E+10 4.316E+00 4.312E+02 9.490E+03 2.872E+04 3.864E+04 3.865E+04 2.995E+07 31.7408 1.00000
  8.913E+10 8.913E+10 4.336E+00 4.840E+02 1.065E+04 3.291E+04 4.404E+04 4.405E+04 3.019E+07 31.9710 1.00000
  1.000E+11 1.000E+11 4.356E+00 5.433E+02 1.195E+04 3.772E+04 5.021E+04 5.021E+04 3.042E+07 32.2013 1.00000
  1.122E+11 1.122E+11 4.376E+00 6.099E+02 1.341E+04 4.323E+04 5.724E+04 5.725E+04 3.065E+07 32.4316 1.00000
  1.259E+11 1.259E+11 4.409E+00 6.846E+02 1.504E+04 4.954E+04 6.527E+04 6.527E+04 3.087E+07 32.5063 1.00000
  1.413E+11 1.413E+11 4.429E+00 7.684E+02 1.688E+04 5.678E+04 7.443E+04 7.443E+04 3.109E+07 32.7366 1.00000
  1.585E+11 1.585E+11 4.450E+00 8.624E+02 1.894E+04 6.509E+04 8.489E+04 8.489E+04 3.131E+07 32.9669 1.00000
  1.778E+11 1.778E+11 4.470E+00 9.679E+02 2.125E+04 7.461E+04 9.682E+04 9.683E+04 3.152E+07 33.1971 1.00000
  1.995E+11 1.995E+11 4.491E+00 1.086E+03 2.384E+04 8.553E+04 1.105E+05 1.105E+05 3.173E+07 33.4274 1.00000
  2.239E+11 2.239E+11 4.512E+00 1.219E+03 2.675E+04 9.805E+04 1.260E+05 1.260E+05 3.194E+07 33.6576 1.00000
  2.512E+11 2.512E+11 4.533E+00 1.368E+03 3.001E+04 1.124E+05 1.438E+05 1.438E+05 3.214E+07 33.8879 1.00000
  2.818E+11 2.818E+11 4.554E+00 1.535E+03 3.368E+04 1.289E+05 1.641E+05 1.641E+05 3.234E+07 34.1182 1.00000
  3.162E+11 3.162E+11 4.575E+00 1.723E+03 3.779E+04 1.478E+05 1.873E+05 1.873E+05 3.253E+07 34.3484 1.00000
  3.548E+11 3.548E+11 4.596E+00 1.934E+03 4.240E+04 1.695E+05 2.138E+05 2.138E+05 3.273E+07 34.5787 1.00000
  3.981E+11 3.981E+11 4.617E+00 2.170E+03 4.757E+04 1.943E+05 2.441E+05 2.441E+05 3.292E+07 34.8089 1.00000
  4.467E+11 4.467E+11 4.639E+00 2.435E+03 5.337E+04 2.228E+05 2.787E+05 2.787E+05 3.310E+07 35.0392 1.00000
  5.012E+11 5.012E+11 4.660E+00 2.733E+03 5.989E+04 2.556E+05 3.182E+05 3.182E+05 3.329E+07 35.2694 1.00000
  5.623E+11 5.623E+11 4.682E+00 3.066E+03 6.719E+04 2.931E+05 3.634E+05 3.634E+05 3.347E+07 35.4997 1.00000
  6.310E+11 6.310E+11 4.704E+00 3.441E+03 7.539E+04 3.362E+05 4.150E+05 4.150E+05 3.364E+07 35.7300 1.00000
  7.079E+11 7.079E+11 4.726E+00 3.861E+03 8.459E+04 3.856E+05 4.741E+05 4.741E+05 3.382E+07 35.9602 1.00000
  7.943E+11 7.943E+11 4.748E+00 4.333E+03 9.491E+04 4.423E+05 5.416E+05 5.416E+05 3.399E+07 36.1905 1.00000
  8.913E+11 8.913E+11 4.770E+00 4.862E+03 1.065E+05 5.074E+05 6.188E+05 6.188E+05 3.415E+07 36.4207 1.00000
  1.000E+12 1.000E+12 4.793E+00 5.456E+03 1.195E+05 5.821E+05 7.071E+05 7.071E+05 3.432E+07 36.6510 1.00000
  1.122E+12 1.122E+12 4.815E+00 6.122E+03 1.341E+05 6.679E+05 8.081E+05 8.081E+05 3.448E+07 36.8813 1.00000
  1.259E+12 1.259E+12 4.838E+00 6.869E+03 1.504E+05 7.663E+05 9.236E+05 9.236E+05 3.464E+07 37.1115 1.00000
  1.413E+12 1.413E+12 4.860E+00 7.708E+03 1.688E+05 8.792E+05 1.056E+06 1.056E+06 3.479E+07 37.3418 1.00000
  1.585E+12 1.585E+12 4.883E+00 8.648E+03 1.894E+05 1.009E+06 1.207E+06 1.207E+06 3.495E+07 37.5720 1.00000
  1.778E+12 1.778E+12 4.906E+00 9.704E+03 2.125E+05 1.158E+06 1.380E+06 1.380E+06 3.510E+07 37.8023 1.00000
  1.995E+12 1.995E+12 4.929E+00 1.089E+04 2.384E+05 1.328E+06 1.578E+06 1.578E+06 3.524E+07 38.0326 1.00000
  2.239E+12 2.239E+12 4.953E+00 1.222E+04 2.675E+05 1.525E+06 1.804E+06 1.804E+06 3.539E+07 38.2628 1.00000
  2.512E+12 2.512E+12 4.976E+00 1.371E+04 3.001E+05 1.750E+06 2.064E+06 2.064E+06 3.553E+07 38.4931 1.00000
  2.818E+12 2.818E+12 4.999E+00 1.538E+04 3.368E+05 2.008E+06 2.360E+06 2.360E+06 3.567E+07 38.7233 1.00000
  3.162E+12 3.162E+12 5.023E+00 1.726E+04 3.779E+05 2.305E+06 2.700E+06 2.700E+06 3.580E+07 38.9536 1.00000
  3.548E+12 3.548E+12 5.047E+00 1.937E+04 4.240E+05 2.646E+06 3.089E+06 3.089E+06 3.594E+07 39.1838 1.00000
  3.981E+12 3.981E+12 5.071E+00 2.173E+04 4.757E+05 3.037E+06 3.535E+06 3.535E+06 3.607E+07 39.4141 1.00000
  4.467E+12 4.467E+12 5.095E+00 2.438E+04 5.337E+05 3.487E+06 4.045E+06 4.045E+06 3.620E+07 39.6444 1.00000
  5.012E+12 5.012E+12 5.119E+00 2.736E+04 5.988E+05 4.003E+06 4.629E+06 4.629E+06 3.632E+07 39.8746 1.00000
  5.623E+12 5.623E+12 5.143E+00 3.070E+04 6.719E+05 4.596E+06 5.298E+06 5.298E+06 3.645E+07 40.1049 1.00000
  6.310E+12 6.310E+12 5.168E+00 3.444E+04 7.539E+05 5.277E+06 6.065E+06 6.065E+06 3.657E+07 40.3351 1.00000
  7.079E+12 7.079E+12 5.192E+00 3.864E+04 8.459E+05 6.059E+06 6.943E+06 6.943E+06 3.668E+07 40.5654 1.00000
  7.943E+12 7.943E+12 5.217E+00 4.336E+04 9.491E+05 6.957E+06 7.949E+06 7.949E+06 3.680E+07 40.7957 1.00000
  8.913E+12 8.913E+12 5.242E+00 4.865E+04 1.065E+06 7.989E+06 9.102E+06 9.102E+06 3.691E+07 41.0259 1.00000
  1.000E+13 1.000E+13 5.266E+00 5.459E+04 1.195E+06 9.174E+06 1.042E+07 1.042E+07 3.703E+07 41.2562 1.00000
  1.122E+13 1.122E+13 5.292E+00 6.125E+04 1.341E+06 1.054E+07 1.194E+07 1.194E+07 3.714E+07 41.4864 1.00000
  1.259E+13 1.259E+13 5.317E+00 6.872E+04 1.504E+06 1.210E+07 1.367E+07 1.367E+07 3.724E+07 41.7167 1.00000
  1.413E+13 1.413E+13 5.342E+00 7.711E+04 1.688E+06 1.390E+07 1.566E+07 1.566E+07 3.735E+07 41.9469 1.00000
  1.585E+13 1.585E+13 5.368E+00 8.652E+04 1.894E+06 1.596E+07 1.794E+07 1.794E+07 3.745E+07 42.1772 1.00000
  1.778E+13 1.778E+13 5.393E+00 9.708E+04 2.125E+06 1.834E+07 2.056E+07 2.056E+07 3.755E+07 42.4075 1.00000
  1.995E+13 1.995E+13 5.419E+00 1.089E+05 2.384E+06 2.106E+07 2.355E+07 2.355E+07 3.765E+07 42.6377 1.00000
  2.239E+13 2.239E+13 5.445E+00 1.222E+05 2.675E+06 2.420E+07 2.699E+07 2.699E+07 3.775E+07 42.8680 1.00000
  2.512E+13 2.512E+13 5.471E+00 1.371E+05 3.001E+06 2.780E+07 3.093E+07 3.093E+07 3.784E+07 43.0982 1.00000
  2.818E+13 2.818E+13 5.497E+00 1.539E+05 3.367E+06 3.193E+07 3.546E+07 3.546E+07 3.793E+07 43.3285 1.00000
  3.162E+13 3.162E+13 5.523E+00 1.726E+05 3.778E+06 3.669E+07 4.064E+07 4.064E+07 3.802E+07 43.5588 1.00000
  3.548E+13 3.548E+13 5.550E+00 1.937E+05 4.239E+06 4.216E+07 4.659E+07 4.659E+07 3.811E+07 43.7890 1.00000
  3.981E+13 3.981E+13 5.577E+00 2.173E+05 4.757E+06 4.844E+07 5.341E+07 5.341E+07 3.820E+07 44.0193 1.00000
  4.467E+13 4.467E+13 5.603E+00 2.438E+05 5.337E+06 5.566E+07 6.124E+07 6.124E+07 3.828E+07 44.2495 1.00000
  5.012E+13 5.012E+13 5.630E+00 2.736E+05 5.988E+06 6.396E+07 7.023E+07 7.023E+07 3.837E+07 44.4798 1.00000
  5.623E+13 5.623E+13 5.657E+00 3.070E+05 6.719E+06 7.351E+07 8.053E+07 8.053E+07 3.845E+07 44.7100 1.00000
  6.310E+13 6.310E+13 5.684E+00 3.444E+05 7.538E+06 8.448E+07 9.236E+07 9.236E+07 3.853E+07 44.9403 1.00000
  7.079E+13 7.079E+13 5.712E+00 3.865E+05 8.458E+06 9.709E+07 1.059E+08 1.059E+08 3.861E+07 45.1706 1.00000
  7.943E+13 7.943E+13 5.739E+00 4.336E+05 9.490E+06 1.116E+08 1.215E+08 1.215E+08 3.868E+07 45.4008 1.00000
  8.913E+13 8.913E+13 5.767E+00 4.865E+05 1.065E+07 1.283E+08 1.394E+08 1.394E+08 3.876E+07 45.6311 1.00000
  1.000E+14 1.000E+14 5.795E+00 5.459E+05 1.195E+07 1.474E+08 1.599E+08 1.599E+08 3.883E+07 45.8613 1.00000
  1.122E+14 1.122E+14 5.822E+00 6.125E+05 1.341E+07 1.695E+08 1.835E+08 1.835E+08 3.890E+07 46.0916 1.00000
  1.259E+14 1.259E+14 5.851E+00 6.873E+05 1.504E+07 1.948E+08 2.106E+08 2.106E+08 3.897E+07 46.3219 1.00000
  1.413E+14 1.413E+14 5.879E+00 7.711E+05 1.688E+07 2.240E+08 2.416E+08 2.416E+08 3.904E+07 46.5521 1.00000
  1.585E+14 1.585E+14 5.907E+00 8.652E+05 1.893E+07 2.575E+08 2.773E+08 2.773E+08 3.910E+07 46.7824 1.00000
  1.778E+14 1.778E+14 5.936E+00 9.708E+05 2.125E+07 2.961E+08 3.183E+08 3.183E+08 3.917E+07 47.0126 1.00000
  1.995E+14 1.995E+14 5.964E+00 1.089E+06 2.384E+07 3.404E+08 3.653E+08 3.653E+08 3.923E+07 47.2429 1.00000
  2.239E+14 2.239E+14 5.993E+00 1.222E+06 2.675E+07 3.914E+08 4.194E+08 4.194E+08 3.930E+07 47.4731 1.00000
  2.512E+14 2.512E+14 6.022E+00 1.371E+06 3.001E+07 4.501E+08 4.815E+08 4.815E+08 3.936E+07 47.7034 1.00000
  2.818E+14 2.818E+14 6.051E+00 1.539E+06 3.367E+07 5.175E+08 5.528E+08 5.528E+08 3.942E+07 47.9337 1.00000
  3.162E+14 3.162E+14 6.080E+00 1.726E+06 3.778E+07 5.952E+08 6.347E+08 6.347E+08 3.947E+07 48.1639 1.00000
  3.548E+14 3.548E+14 6.110E+00 1.937E+06 4.239E+07 6.845E+08 7.288E+08 7.288E+08 3.953E+07 48.3942 1.00000
  3.981E+14 3.981E+14 6.139E+00 2.173E+06 4.756E+07 7.872E+08 8.369E+08 8.369E+08 3.959E+07 48.6244 1.00000
  4.467E+14 4.467E+14 6.169E+00 2.439E+06 5.336E+07 9.054E+08 9.612E+08 9.612E+08 3.964E+07 48.8547 1.00000
  5.012E+14 5.012E+14 6.199E+00 2.736E+06 5.987E+07 1.041E+09 1.104E+09 1.104E+09 3.969E+07 49.0850 1.00000
  5.623E+14 5.623E+14 6.229E+00 3.070E+06 6.718E+07 1.198E+09 1.268E+09 1.268E+09 3.974E+07 49.3152 1.00000
  6.310E+14 6.310E+14 6.259E+00 3.445E+06 7.538E+07 1.378E+09 1.457E+09 1.457E+09 3.979E+07 49.5455 1.00000
  7.079E+14 7.079E+14 6.290E+00 3.865E+06 8.457E+07 1.585E+09 1.673E+09 1.673E+09 3.984E+07 49.7757 1.00000
  7.943E+14 7.943E+14 6.320E+00 4.336E+06 9.489E+07 1.823E+09 1.922E+09 1.922E+09 3.989E+07 50.0060 1.00000
  8.913E+14 8.913E+14 6.351E+00 4.865E+06 1.065E+08 2.097E+09 2.209E+09 2.209E+09 3.994E+07 50.2363 1.00000
  1.000E+15 1.000E+15 6.382E+00 5.459E+06 1.195E+08 2.413E+09 2.538E+09 2.538E+09 3.998E+07 50.4665 1.00000
