 Incident particle is a Tau with M = 1776.82000 MeV
 Index = 0: B100BoneEquivalentPlastic
      Absorber with <Z/A> = 0.52735
 Sternheimer coef:  a     k=m_s   x_0    x_1    I[eV]   Cbar  delta0
                 0.0527  3.7365  0.1252  3.0420   85.9  3.4528 0.00

 *** Table generated with PUMAS v1.00 ***

      T         p     Ionization  brems     pair     photonuc  Radloss    dE/dx   CSDA Range  delta   beta
    [MeV]    [MeV/c]  -----------------------[MeV cm^2/g]------------------------  [g/cm^2]
  1.000E+05 1.018E+05 2.293E+00 1.679E-04 2.649E-03 8.323E-03 1.114E-02 2.305E+00 2.170E+04  4.7769 0.99985
  1.122E+05 1.140E+05 2.314E+00 1.941E-04 3.193E-03 9.399E-03 1.279E-02 2.327E+00 2.697E+04  4.9852 0.99988
  1.259E+05 1.277E+05 2.334E+00 2.242E-04 3.835E-03 1.056E-02 1.462E-02 2.349E+00 3.282E+04  5.1958 0.99990
  1.413E+05 1.430E+05 2.354E+00 2.588E-04 4.591E-03 1.186E-02 1.671E-02 2.371E+00 3.933E+04  5.4084 0.99992
  1.585E+05 1.603E+05 2.374E+00 2.987E-04 5.480E-03 1.332E-02 1.910E-02 2.393E+00 4.657E+04  5.6230 0.99994
  1.778E+05 1.796E+05 2.394E+00 3.445E-04 6.522E-03 1.495E-02 2.182E-02 2.416E+00 5.461E+04  5.8394 0.99995
  1.995E+05 2.013E+05 2.414E+00 3.972E-04 7.742E-03 1.681E-02 2.495E-02 2.439E+00 6.355E+04  6.0574 0.99996
  2.239E+05 2.256E+05 2.434E+00 4.578E-04 9.167E-03 1.884E-02 2.846E-02 2.463E+00 7.348E+04  6.2770 0.99997
  2.512E+05 2.530E+05 2.454E+00 5.273E-04 1.083E-02 2.112E-02 3.247E-02 2.486E+00 8.452E+04  6.4979 0.99998
  2.818E+05 2.836E+05 2.474E+00 6.071E-04 1.276E-02 2.368E-02 3.705E-02 2.511E+00 9.679E+04  6.7201 0.99998
  3.162E+05 3.180E+05 2.493E+00 6.987E-04 1.501E-02 2.658E-02 4.229E-02 2.536E+00 1.104E+05  6.9434 0.99998
  3.548E+05 3.566E+05 2.513E+00 8.037E-04 1.762E-02 2.984E-02 4.826E-02 2.561E+00 1.256E+05  7.1678 0.99999
  3.981E+05 3.999E+05 2.532E+00 9.242E-04 2.063E-02 3.347E-02 5.503E-02 2.587E+00 1.424E+05  7.3930 0.99999
  4.467E+05 4.485E+05 2.552E+00 1.062E-03 2.413E-02 3.755E-02 6.273E-02 2.614E+00 1.611E+05  7.6191 0.99999
  5.012E+05 5.030E+05 2.571E+00 1.220E-03 2.816E-02 4.213E-02 7.151E-02 2.643E+00 1.818E+05  7.8459 0.99999
  5.623E+05 5.641E+05 2.590E+00 1.402E-03 3.281E-02 4.710E-02 8.132E-02 2.672E+00 2.048E+05  8.0733 1.00000
  6.310E+05 6.327E+05 2.609E+00 1.609E-03 3.817E-02 5.270E-02 9.248E-02 2.702E+00 2.303E+05  8.3013 1.00000
  7.079E+05 7.097E+05 2.628E+00 1.847E-03 4.434E-02 5.902E-02 1.052E-01 2.734E+00 2.587E+05  8.5298 1.00000
  7.943E+05 7.961E+05 2.647E+00 2.119E-03 5.142E-02 6.616E-02 1.197E-01 2.767E+00 2.901E+05  8.7586 1.00000
  8.913E+05 8.930E+05 2.666E+00 2.430E-03 5.955E-02 7.423E-02 1.362E-01 2.802E+00 3.249E+05  8.9877 1.00000
  1.000E+06 1.002E+06 2.685E+00 2.786E-03 6.888E-02 8.336E-02 1.550E-01 2.840E+00 3.634E+05  9.2171 1.00000
  1.122E+06 1.124E+06 2.704E+00 3.193E-03 7.955E-02 9.369E-02 1.764E-01 2.880E+00 4.061E+05  9.4467 1.00000
  1.259E+06 1.261E+06 2.722E+00 3.658E-03 9.177E-02 1.054E-01 2.008E-01 2.923E+00 4.533E+05  9.6765 1.00000
  1.413E+06 1.414E+06 2.741E+00 4.190E-03 1.057E-01 1.187E-01 2.286E-01 2.969E+00 5.054E+05  9.9064 1.00000
  1.585E+06 1.587E+06 2.759E+00 4.797E-03 1.217E-01 1.337E-01 2.601E-01 3.019E+00 5.630E+05 10.1363 1.00000
  1.778E+06 1.780E+06 2.777E+00 5.492E-03 1.398E-01 1.508E-01 2.961E-01 3.073E+00 6.265E+05 10.3663 1.00000
  1.995E+06 1.997E+06 2.795E+00 6.284E-03 1.605E-01 1.701E-01 3.369E-01 3.132E+00 6.964E+05 10.5964 1.00000
  2.239E+06 2.240E+06 2.813E+00 7.190E-03 1.841E-01 1.921E-01 3.834E-01 3.196E+00 7.734E+05 10.8265 1.00000
  2.512E+06 2.514E+06 2.831E+00 8.223E-03 2.109E-01 2.171E-01 4.362E-01 3.267E+00 8.579E+05 11.0565 1.00000
  2.818E+06 2.820E+06 2.848E+00 9.402E-03 2.414E-01 2.455E-01 4.963E-01 3.344E+00 9.507E+05 11.2866 1.00000
  3.162E+06 3.164E+06 2.866E+00 1.075E-02 2.760E-01 2.778E-01 5.645E-01 3.430E+00 1.052E+06 11.5168 1.00000
  3.548E+06 3.550E+06 2.883E+00 1.228E-02 3.152E-01 3.146E-01 6.421E-01 3.525E+00 1.163E+06 11.7469 1.00000
  3.981E+06 3.983E+06 2.900E+00 1.403E-02 3.597E-01 3.564E-01 7.301E-01 3.630E+00 1.284E+06 11.9771 1.00000
  4.467E+06 4.469E+06 2.917E+00 1.603E-02 4.101E-01 4.040E-01 8.301E-01 3.747E+00 1.416E+06 12.2072 1.00000
  5.012E+06 5.014E+06 2.934E+00 1.830E-02 4.672E-01 4.581E-01 9.436E-01 3.877E+00 1.559E+06 12.4374 1.00000
  5.623E+06 5.625E+06 2.950E+00 2.089E-02 5.318E-01 5.198E-01 1.072E+00 4.023E+00 1.714E+06 12.6676 1.00000
  6.310E+06 6.311E+06 2.967E+00 2.384E-02 6.049E-01 5.900E-01 1.219E+00 4.185E+00 1.881E+06 12.8978 1.00000
  7.079E+06 7.081E+06 2.983E+00 2.720E-02 6.874E-01 6.701E-01 1.385E+00 4.368E+00 2.061E+06 13.1280 1.00000
  7.943E+06 7.945E+06 2.999E+00 3.103E-02 7.807E-01 7.612E-01 1.573E+00 4.572E+00 2.255E+06 13.3582 1.00000
  8.913E+06 8.914E+06 3.015E+00 3.538E-02 8.860E-01 8.651E-01 1.787E+00 4.801E+00 2.462E+06 13.5884 1.00000
  1.000E+07 1.000E+07 3.031E+00 4.034E-02 1.005E+00 9.836E-01 2.029E+00 5.059E+00 2.682E+06 13.8186 1.00000
  1.122E+07 1.122E+07 3.046E+00 4.597E-02 1.139E+00 1.119E+00 2.303E+00 5.350E+00 2.917E+06 14.0488 1.00000
  1.259E+07 1.259E+07 3.062E+00 5.238E-02 1.290E+00 1.273E+00 2.615E+00 5.677E+00 3.165E+06 14.2790 1.00000
  1.413E+07 1.413E+07 3.077E+00 5.966E-02 1.460E+00 1.448E+00 2.968E+00 6.045E+00 3.428E+06 14.5093 1.00000
  1.585E+07 1.585E+07 3.092E+00 6.794E-02 1.652E+00 1.648E+00 3.369E+00 6.461E+00 3.704E+06 14.7395 1.00000
  1.778E+07 1.778E+07 3.108E+00 7.734E-02 1.869E+00 1.877E+00 3.823E+00 6.930E+00 3.993E+06 14.9697 1.00000
  1.995E+07 1.995E+07 3.123E+00 8.803E-02 2.112E+00 2.137E+00 4.337E+00 7.460E+00 4.295E+06 15.2000 1.00000
  2.239E+07 2.239E+07 3.138E+00 1.002E-01 2.386E+00 2.434E+00 4.920E+00 8.058E+00 4.609E+06 15.4302 1.00000
  2.512E+07 2.512E+07 3.152E+00 1.139E-01 2.695E+00 2.773E+00 5.582E+00 8.734E+00 4.935E+06 15.6604 1.00000
  2.818E+07 2.819E+07 3.167E+00 1.295E-01 3.041E+00 3.160E+00 6.331E+00 9.498E+00 5.272E+06 15.8907 1.00000
  3.162E+07 3.162E+07 3.182E+00 1.473E-01 3.432E+00 3.602E+00 7.181E+00 1.036E+01 5.619E+06 16.1209 1.00000
  3.548E+07 3.548E+07 3.197E+00 1.674E-01 3.871E+00 4.105E+00 8.143E+00 1.134E+01 5.975E+06 16.3512 1.00000
  3.981E+07 3.981E+07 3.211E+00 1.902E-01 4.364E+00 4.680E+00 9.234E+00 1.245E+01 6.340E+06 16.5814 1.00000
  4.467E+07 4.467E+07 3.226E+00 2.160E-01 4.919E+00 5.337E+00 1.047E+01 1.370E+01 6.712E+06 16.8117 1.00000
  5.012E+07 5.012E+07 3.241E+00 2.452E-01 5.542E+00 6.086E+00 1.187E+01 1.511E+01 7.092E+06 17.0419 1.00000
  5.623E+07 5.624E+07 3.255E+00 2.784E-01 6.242E+00 6.941E+00 1.346E+01 1.672E+01 7.477E+06 17.2722 1.00000
  6.310E+07 6.310E+07 3.270E+00 3.159E-01 7.029E+00 7.918E+00 1.526E+01 1.853E+01 7.867E+06 17.5024 1.00000
  7.079E+07 7.080E+07 3.285E+00 3.584E-01 7.914E+00 9.033E+00 1.730E+01 2.059E+01 8.262E+06 17.7327 1.00000
  7.943E+07 7.943E+07 3.299E+00 4.065E-01 8.907E+00 1.031E+01 1.962E+01 2.292E+01 8.660E+06 17.9629 1.00000
  8.913E+07 8.913E+07 3.314E+00 4.609E-01 1.002E+01 1.176E+01 2.224E+01 2.556E+01 9.061E+06 18.1932 1.00000
  1.000E+08 1.000E+08 3.329E+00 5.225E-01 1.128E+01 1.342E+01 2.522E+01 2.855E+01 9.464E+06 18.4234 1.00000
  1.122E+08 1.122E+08 3.344E+00 5.920E-01 1.268E+01 1.531E+01 2.859E+01 3.193E+01 9.869E+06 18.6537 1.00000
  1.259E+08 1.259E+08 3.358E+00 6.707E-01 1.426E+01 1.748E+01 3.241E+01 3.577E+01 1.027E+07 18.8839 1.00000
  1.413E+08 1.413E+08 3.373E+00 7.596E-01 1.604E+01 1.995E+01 3.675E+01 4.012E+01 1.068E+07 19.1142 1.00000
  1.585E+08 1.585E+08 3.388E+00 8.600E-01 1.803E+01 2.278E+01 4.166E+01 4.505E+01 1.109E+07 19.3445 1.00000
  1.778E+08 1.778E+08 3.403E+00 9.735E-01 2.026E+01 2.600E+01 4.724E+01 5.064E+01 1.149E+07 19.5747 1.00000
  1.995E+08 1.995E+08 3.418E+00 1.102E+00 2.277E+01 2.969E+01 5.356E+01 5.698E+01 1.190E+07 19.8050 1.00000
  2.239E+08 2.239E+08 3.433E+00 1.246E+00 2.559E+01 3.390E+01 6.074E+01 6.417E+01 1.230E+07 20.0352 1.00000
  2.512E+08 2.512E+08 3.448E+00 1.409E+00 2.875E+01 3.871E+01 6.887E+01 7.232E+01 1.270E+07 20.2655 1.00000
  2.818E+08 2.818E+08 3.463E+00 1.593E+00 3.230E+01 4.421E+01 7.810E+01 8.157E+01 1.310E+07 20.4957 1.00000
  3.162E+08 3.162E+08 3.478E+00 1.801E+00 3.628E+01 5.049E+01 8.857E+01 9.205E+01 1.350E+07 20.7260 1.00000
  3.548E+08 3.548E+08 3.494E+00 2.035E+00 4.075E+01 5.767E+01 1.005E+02 1.039E+02 1.389E+07 20.9563 1.00000
  3.981E+08 3.981E+08 3.509E+00 2.299E+00 4.577E+01 6.587E+01 1.139E+02 1.174E+02 1.429E+07 21.1865 1.00000
  4.467E+08 4.467E+08 3.525E+00 2.597E+00 5.140E+01 7.524E+01 1.292E+02 1.328E+02 1.468E+07 21.4168 1.00000
  5.012E+08 5.012E+08 3.540E+00 2.932E+00 5.772E+01 8.595E+01 1.466E+02 1.501E+02 1.506E+07 21.6470 1.00000
  5.623E+08 5.623E+08 3.556E+00 3.310E+00 6.481E+01 9.819E+01 1.663E+02 1.699E+02 1.545E+07 21.8773 1.00000
  6.310E+08 6.310E+08 3.571E+00 3.736E+00 7.277E+01 1.122E+02 1.887E+02 1.923E+02 1.583E+07 22.1075 1.00000
  7.079E+08 7.079E+08 3.587E+00 4.215E+00 8.170E+01 1.282E+02 2.141E+02 2.177E+02 1.621E+07 22.3378 1.00000
  7.943E+08 7.943E+08 3.603E+00 4.755E+00 9.172E+01 1.465E+02 2.429E+02 2.465E+02 1.658E+07 22.5681 1.00000
  8.913E+08 8.913E+08 3.619E+00 5.363E+00 1.030E+02 1.674E+02 2.757E+02 2.793E+02 1.695E+07 22.7983 1.00000
  1.000E+09 1.000E+09 3.635E+00 6.047E+00 1.156E+02 1.913E+02 3.129E+02 3.165E+02 1.732E+07 23.0286 1.00000
  1.122E+09 1.122E+09 3.651E+00 6.816E+00 1.297E+02 2.186E+02 3.551E+02 3.588E+02 1.768E+07 23.2588 1.00000
  1.259E+09 1.259E+09 3.667E+00 7.682E+00 1.456E+02 2.498E+02 4.031E+02 4.068E+02 1.804E+07 23.4891 1.00000
  1.413E+09 1.413E+09 3.683E+00 8.657E+00 1.635E+02 2.855E+02 4.576E+02 4.613E+02 1.839E+07 23.7193 1.00000
  1.585E+09 1.585E+09 3.700E+00 9.752E+00 1.835E+02 3.263E+02 5.196E+02 5.233E+02 1.874E+07 23.9496 1.00000
  1.778E+09 1.778E+09 3.716E+00 1.098E+01 2.059E+02 3.730E+02 5.899E+02 5.937E+02 1.909E+07 24.1799 1.00000
  1.995E+09 1.995E+09 3.732E+00 1.237E+01 2.311E+02 4.264E+02 6.699E+02 6.736E+02 1.944E+07 24.4101 1.00000
  2.239E+09 2.239E+09 3.749E+00 1.393E+01 2.594E+02 4.875E+02 7.608E+02 7.645E+02 1.978E+07 24.6404 1.00000
  2.512E+09 2.512E+09 3.766E+00 1.568E+01 2.911E+02 5.573E+02 8.641E+02 8.679E+02 2.011E+07 24.8706 1.00000
  2.818E+09 2.818E+09 3.783E+00 1.765E+01 3.267E+02 6.372E+02 9.815E+02 9.853E+02 2.044E+07 25.1009 1.00000
  3.162E+09 3.162E+09 3.799E+00 1.986E+01 3.666E+02 7.286E+02 1.115E+03 1.119E+03 2.077E+07 25.3312 1.00000
  3.548E+09 3.548E+09 3.816E+00 2.235E+01 4.114E+02 8.331E+02 1.267E+03 1.271E+03 2.110E+07 25.5614 1.00000
  3.981E+09 3.981E+09 3.834E+00 2.514E+01 4.617E+02 9.527E+02 1.439E+03 1.443E+03 2.142E+07 25.7917 1.00000
  4.467E+09 4.467E+09 3.851E+00 2.828E+01 5.181E+02 1.089E+03 1.636E+03 1.640E+03 2.173E+07 26.0219 1.00000
  5.012E+09 5.012E+09 3.868E+00 3.180E+01 5.813E+02 1.246E+03 1.859E+03 1.863E+03 2.205E+07 26.2522 1.00000
  5.623E+09 5.623E+09 3.885E+00 3.576E+01 6.523E+02 1.425E+03 2.113E+03 2.117E+03 2.235E+07 26.4824 1.00000
  6.310E+09 6.310E+09 3.903E+00 4.021E+01 7.320E+02 1.630E+03 2.402E+03 2.406E+03 2.266E+07 26.7127 1.00000
  7.079E+09 7.079E+09 3.920E+00 4.520E+01 8.214E+02 1.864E+03 2.731E+03 2.735E+03 2.296E+07 26.9430 1.00000
  7.943E+09 7.943E+09 3.938E+00 5.081E+01 9.217E+02 2.132E+03 3.105E+03 3.109E+03 2.326E+07 27.1732 1.00000
  8.913E+09 8.913E+09 3.956E+00 5.711E+01 1.034E+03 2.439E+03 3.531E+03 3.534E+03 2.355E+07 27.4035 1.00000
  1.000E+10 1.000E+10 3.974E+00 6.419E+01 1.160E+03 2.790E+03 4.015E+03 4.019E+03 2.384E+07 27.6337 1.00000
  1.122E+10 1.122E+10 3.992E+00 7.213E+01 1.302E+03 3.192E+03 4.567E+03 4.571E+03 2.412E+07 27.8640 1.00000
  1.259E+10 1.259E+10 4.010E+00 8.105E+01 1.461E+03 3.652E+03 5.195E+03 5.199E+03 2.440E+07 28.0943 1.00000
  1.413E+10 1.413E+10 4.028E+00 9.106E+01 1.639E+03 4.179E+03 5.909E+03 5.913E+03 2.468E+07 28.3245 1.00000
  1.585E+10 1.585E+10 4.046E+00 1.023E+02 1.840E+03 4.782E+03 6.724E+03 6.728E+03 2.496E+07 28.5548 1.00000
  1.778E+10 1.778E+10 4.064E+00 1.149E+02 2.064E+03 5.472E+03 7.651E+03 7.655E+03 2.523E+07 28.7850 1.00000
  1.995E+10 1.995E+10 4.083E+00 1.291E+02 2.316E+03 6.261E+03 8.706E+03 8.711E+03 2.549E+07 29.0153 1.00000
  2.239E+10 2.239E+10 4.101E+00 1.450E+02 2.599E+03 7.166E+03 9.909E+03 9.913E+03 2.576E+07 29.2456 1.00000
  2.512E+10 2.512E+10 4.120E+00 1.628E+02 2.916E+03 8.201E+03 1.128E+04 1.128E+04 2.601E+07 29.4758 1.00000
  2.818E+10 2.818E+10 4.139E+00 1.828E+02 3.271E+03 9.386E+03 1.284E+04 1.284E+04 2.627E+07 29.7061 1.00000
  3.162E+10 3.162E+10 4.158E+00 2.053E+02 3.671E+03 1.074E+04 1.462E+04 1.462E+04 2.652E+07 29.9363 1.00000
  3.548E+10 3.548E+10 4.177E+00 2.305E+02 4.119E+03 1.230E+04 1.665E+04 1.665E+04 2.677E+07 30.1666 1.00000
  3.981E+10 3.981E+10 4.196E+00 2.589E+02 4.621E+03 1.408E+04 1.896E+04 1.896E+04 2.701E+07 30.3968 1.00000
  4.467E+10 4.467E+10 4.215E+00 2.906E+02 5.185E+03 1.611E+04 2.159E+04 2.159E+04 2.725E+07 30.6271 1.00000
  5.012E+10 5.012E+10 4.234E+00 3.263E+02 5.818E+03 1.845E+04 2.459E+04 2.460E+04 2.749E+07 30.8574 1.00000
  5.623E+10 5.623E+10 4.254E+00 3.663E+02 6.527E+03 2.112E+04 2.801E+04 2.802E+04 2.772E+07 31.0876 1.00000
  6.310E+10 6.310E+10 4.273E+00 4.112E+02 7.324E+03 2.418E+04 3.192E+04 3.192E+04 2.795E+07 31.3179 1.00000
  7.079E+10 7.079E+10 4.293E+00 4.616E+02 8.217E+03 2.769E+04 3.637E+04 3.637E+04 2.818E+07 31.5481 1.00000
  7.943E+10 7.943E+10 4.313E+00 5.182E+02 9.220E+03 3.171E+04 4.144E+04 4.145E+04 2.840E+07 31.7784 1.00000
  8.913E+10 8.913E+10 4.333E+00 5.816E+02 1.034E+04 3.631E+04 4.723E+04 4.724E+04 2.862E+07 32.0087 1.00000
  1.000E+11 1.000E+11 4.353E+00 6.529E+02 1.161E+04 4.158E+04 5.384E+04 5.384E+04 2.884E+07 32.2389 1.00000
  1.122E+11 1.122E+11 4.373E+00 7.328E+02 1.302E+04 4.762E+04 6.137E+04 6.138E+04 2.905E+07 32.4692 1.00000
  1.259E+11 1.259E+11 4.393E+00 8.224E+02 1.461E+04 5.454E+04 6.997E+04 6.997E+04 2.926E+07 32.6994 1.00000
  1.413E+11 1.413E+11 4.413E+00 9.231E+02 1.639E+04 6.246E+04 7.978E+04 7.979E+04 2.947E+07 32.9297 1.00000
  1.585E+11 1.585E+11 4.434E+00 1.036E+03 1.839E+04 7.155E+04 9.098E+04 9.098E+04 2.967E+07 33.1599 1.00000
  1.778E+11 1.778E+11 4.454E+00 1.163E+03 2.064E+04 8.196E+04 1.038E+05 1.038E+05 2.987E+07 33.3902 1.00000
  1.995E+11 1.995E+11 4.475E+00 1.305E+03 2.316E+04 9.389E+04 1.183E+05 1.184E+05 3.007E+07 33.6205 1.00000
  2.239E+11 2.239E+11 4.496E+00 1.464E+03 2.598E+04 1.076E+05 1.350E+05 1.350E+05 3.026E+07 33.8507 1.00000
  2.512E+11 2.512E+11 4.517E+00 1.643E+03 2.915E+04 1.232E+05 1.540E+05 1.540E+05 3.045E+07 34.0810 1.00000
  2.818E+11 2.818E+11 4.538E+00 1.844E+03 3.271E+04 1.412E+05 1.757E+05 1.757E+05 3.063E+07 34.3112 1.00000
  3.162E+11 3.162E+11 4.559E+00 2.070E+03 3.669E+04 1.618E+05 2.005E+05 2.005E+05 3.082E+07 34.5415 1.00000
  3.548E+11 3.548E+11 4.580E+00 2.322E+03 4.117E+04 1.853E+05 2.288E+05 2.288E+05 3.100E+07 34.7718 1.00000
  3.981E+11 3.981E+11 4.601E+00 2.606E+03 4.619E+04 2.124E+05 2.612E+05 2.612E+05 3.118E+07 35.0020 1.00000
  4.467E+11 4.467E+11 4.623E+00 2.924E+03 5.183E+04 2.434E+05 2.981E+05 2.981E+05 3.135E+07 35.2323 1.00000
  5.012E+11 5.012E+11 4.644E+00 3.282E+03 5.815E+04 2.789E+05 3.404E+05 3.404E+05 3.152E+07 35.4625 1.00000
  5.623E+11 5.623E+11 4.666E+00 3.682E+03 6.524E+04 3.197E+05 3.886E+05 3.886E+05 3.169E+07 35.6928 1.00000
  6.310E+11 6.310E+11 4.688E+00 4.132E+03 7.320E+04 3.664E+05 4.437E+05 4.437E+05 3.186E+07 35.9230 1.00000
  7.079E+11 7.079E+11 4.710E+00 4.637E+03 8.213E+04 4.200E+05 5.067E+05 5.067E+05 3.202E+07 36.1533 1.00000
  7.943E+11 7.943E+11 4.732E+00 5.203E+03 9.215E+04 4.814E+05 5.787E+05 5.787E+05 3.218E+07 36.3836 1.00000
  8.913E+11 8.913E+11 4.754E+00 5.838E+03 1.034E+05 5.518E+05 6.610E+05 6.610E+05 3.234E+07 36.6138 1.00000
  1.000E+12 1.000E+12 4.777E+00 6.551E+03 1.160E+05 6.326E+05 7.551E+05 7.551E+05 3.249E+07 36.8441 1.00000
  1.122E+12 1.122E+12 4.799E+00 7.351E+03 1.302E+05 7.252E+05 8.627E+05 8.627E+05 3.264E+07 37.0743 1.00000
  1.259E+12 1.259E+12 4.822E+00 8.248E+03 1.460E+05 8.314E+05 9.857E+05 9.857E+05 3.279E+07 37.3046 1.00000
  1.413E+12 1.413E+12 4.844E+00 9.255E+03 1.638E+05 9.533E+05 1.126E+06 1.126E+06 3.294E+07 37.5349 1.00000
  1.585E+12 1.585E+12 4.867E+00 1.038E+04 1.838E+05 1.093E+06 1.287E+06 1.287E+06 3.308E+07 37.7651 1.00000
  1.778E+12 1.778E+12 4.890E+00 1.165E+04 2.062E+05 1.253E+06 1.471E+06 1.471E+06 3.322E+07 37.9954 1.00000
  1.995E+12 1.995E+12 4.913E+00 1.307E+04 2.314E+05 1.437E+06 1.682E+06 1.682E+06 3.336E+07 38.2256 1.00000
  2.239E+12 2.239E+12 4.937E+00 1.467E+04 2.596E+05 1.648E+06 1.922E+06 1.922E+06 3.349E+07 38.4559 1.00000
  2.512E+12 2.512E+12 4.960E+00 1.646E+04 2.913E+05 1.890E+06 2.198E+06 2.198E+06 3.363E+07 38.6861 1.00000
  2.818E+12 2.818E+12 4.983E+00 1.847E+04 3.268E+05 2.168E+06 2.513E+06 2.513E+06 3.376E+07 38.9164 1.00000
  3.162E+12 3.162E+12 5.007E+00 2.072E+04 3.667E+05 2.486E+06 2.874E+06 2.874E+06 3.389E+07 39.1467 1.00000
  3.548E+12 3.548E+12 5.031E+00 2.325E+04 4.114E+05 2.852E+06 3.287E+06 3.287E+06 3.401E+07 39.3769 1.00000
  3.981E+12 3.981E+12 5.055E+00 2.609E+04 4.616E+05 3.271E+06 3.759E+06 3.759E+06 3.414E+07 39.6072 1.00000
  4.467E+12 4.467E+12 5.079E+00 2.927E+04 5.179E+05 3.753E+06 4.300E+06 4.300E+06 3.426E+07 39.8374 1.00000
  5.012E+12 5.012E+12 5.103E+00 3.285E+04 5.810E+05 4.305E+06 4.919E+06 4.919E+06 3.438E+07 40.0677 1.00000
  5.623E+12 5.623E+12 5.127E+00 3.685E+04 6.519E+05 4.939E+06 5.628E+06 5.628E+06 3.449E+07 40.2980 1.00000
  6.310E+12 6.310E+12 5.151E+00 4.135E+04 7.314E+05 5.666E+06 6.439E+06 6.439E+06 3.461E+07 40.5282 1.00000
  7.079E+12 7.079E+12 5.176E+00 4.640E+04 8.206E+05 6.501E+06 7.368E+06 7.368E+06 3.472E+07 40.7585 1.00000
  7.943E+12 7.943E+12 5.201E+00 5.206E+04 9.207E+05 7.459E+06 8.432E+06 8.432E+06 3.483E+07 40.9887 1.00000
  8.913E+12 8.913E+12 5.225E+00 5.841E+04 1.033E+06 8.559E+06 9.651E+06 9.651E+06 3.494E+07 41.2190 1.00000
  1.000E+13 1.000E+13 5.250E+00 6.554E+04 1.159E+06 9.822E+06 1.105E+07 1.105E+07 3.504E+07 41.4493 1.00000
  1.122E+13 1.122E+13 5.275E+00 7.354E+04 1.300E+06 1.127E+07 1.265E+07 1.265E+07 3.515E+07 41.6795 1.00000
  1.259E+13 1.259E+13 5.301E+00 8.251E+04 1.459E+06 1.294E+07 1.448E+07 1.448E+07 3.525E+07 41.9098 1.00000
  1.413E+13 1.413E+13 5.326E+00 9.258E+04 1.637E+06 1.485E+07 1.658E+07 1.658E+07 3.535E+07 42.1400 1.00000
  1.585E+13 1.585E+13 5.351E+00 1.039E+05 1.837E+06 1.704E+07 1.898E+07 1.898E+07 3.544E+07 42.3703 1.00000
  1.778E+13 1.778E+13 5.377E+00 1.166E+05 2.061E+06 1.956E+07 2.173E+07 2.173E+07 3.554E+07 42.6005 1.00000
  1.995E+13 1.995E+13 5.403E+00 1.308E+05 2.312E+06 2.245E+07 2.489E+07 2.489E+07 3.563E+07 42.8308 1.00000
  2.239E+13 2.239E+13 5.429E+00 1.467E+05 2.594E+06 2.577E+07 2.851E+07 2.851E+07 3.572E+07 43.0611 1.00000
  2.512E+13 2.512E+13 5.455E+00 1.646E+05 2.910E+06 2.958E+07 3.266E+07 3.266E+07 3.581E+07 43.2913 1.00000
  2.818E+13 2.818E+13 5.481E+00 1.847E+05 3.265E+06 3.396E+07 3.741E+07 3.741E+07 3.590E+07 43.5216 1.00000
  3.162E+13 3.162E+13 5.507E+00 2.073E+05 3.663E+06 3.899E+07 4.286E+07 4.286E+07 3.599E+07 43.7518 1.00000
  3.548E+13 3.548E+13 5.534E+00 2.326E+05 4.110E+06 4.477E+07 4.911E+07 4.911E+07 3.607E+07 43.9821 1.00000
  3.981E+13 3.981E+13 5.560E+00 2.609E+05 4.611E+06 5.140E+07 5.627E+07 5.627E+07 3.615E+07 44.2124 1.00000
  4.467E+13 4.467E+13 5.587E+00 2.928E+05 5.174E+06 5.902E+07 6.448E+07 6.448E+07 3.624E+07 44.4426 1.00000
  5.012E+13 5.012E+13 5.614E+00 3.285E+05 5.805E+06 6.777E+07 7.390E+07 7.390E+07 3.631E+07 44.6729 1.00000
  5.623E+13 5.623E+13 5.641E+00 3.686E+05 6.512E+06 7.782E+07 8.470E+07 8.470E+07 3.639E+07 44.9031 1.00000
  6.310E+13 6.310E+13 5.668E+00 4.136E+05 7.307E+06 8.937E+07 9.709E+07 9.709E+07 3.647E+07 45.1334 1.00000
  7.079E+13 7.079E+13 5.696E+00 4.640E+05 8.198E+06 1.026E+08 1.113E+08 1.113E+08 3.654E+07 45.3636 1.00000
  7.943E+13 7.943E+13 5.723E+00 5.206E+05 9.197E+06 1.179E+08 1.276E+08 1.276E+08 3.661E+07 45.5939 1.00000
  8.913E+13 8.913E+13 5.751E+00 5.842E+05 1.032E+07 1.354E+08 1.463E+08 1.463E+08 3.669E+07 45.8242 1.00000
  1.000E+14 1.000E+14 5.778E+00 6.554E+05 1.158E+07 1.555E+08 1.677E+08 1.677E+08 3.676E+07 46.0544 1.00000
  1.122E+14 1.122E+14 5.806E+00 7.354E+05 1.299E+07 1.786E+08 1.924E+08 1.924E+08 3.682E+07 46.2847 1.00000
  1.259E+14 1.259E+14 5.834E+00 8.252E+05 1.457E+07 2.052E+08 2.206E+08 2.206E+08 3.689E+07 46.5149 1.00000
  1.413E+14 1.413E+14 5.863E+00 9.258E+05 1.635E+07 2.357E+08 2.530E+08 2.530E+08 3.696E+07 46.7452 1.00000
  1.585E+14 1.585E+14 5.891E+00 1.039E+06 1.834E+07 2.708E+08 2.902E+08 2.902E+08 3.702E+07 46.9755 1.00000
  1.778E+14 1.778E+14 5.919E+00 1.166E+06 2.058E+07 3.111E+08 3.329E+08 3.329E+08 3.708E+07 47.2057 1.00000
  1.995E+14 1.995E+14 5.948E+00 1.308E+06 2.309E+07 3.575E+08 3.819E+08 3.819E+08 3.714E+07 47.4360 1.00000
  2.239E+14 2.239E+14 5.977E+00 1.467E+06 2.591E+07 4.107E+08 4.381E+08 4.381E+08 3.720E+07 47.6662 1.00000
  2.512E+14 2.512E+14 6.006E+00 1.646E+06 2.907E+07 4.719E+08 5.026E+08 5.026E+08 3.726E+07 47.8965 1.00000
  2.818E+14 2.818E+14 6.035E+00 1.847E+06 3.261E+07 5.423E+08 5.767E+08 5.767E+08 3.732E+07 48.1267 1.00000
  3.162E+14 3.162E+14 6.064E+00 2.073E+06 3.659E+07 6.231E+08 6.618E+08 6.618E+08 3.737E+07 48.3570 1.00000
  3.548E+14 3.548E+14 6.094E+00 2.326E+06 4.105E+07 7.161E+08 7.595E+08 7.595E+08 3.743E+07 48.5873 1.00000
  3.981E+14 3.981E+14 6.123E+00 2.609E+06 4.606E+07 8.229E+08 8.716E+08 8.716E+08 3.748E+07 48.8175 1.00000
  4.467E+14 4.467E+14 6.153E+00 2.928E+06 5.167E+07 9.458E+08 1.000E+09 1.000E+09 3.753E+07 49.0478 1.00000
  5.012E+14 5.012E+14 6.183E+00 3.285E+06 5.797E+07 1.087E+09 1.148E+09 1.148E+09 3.758E+07 49.2780 1.00000
  5.623E+14 5.623E+14 6.213E+00 3.686E+06 6.504E+07 1.249E+09 1.318E+09 1.318E+09 3.763E+07 49.5083 1.00000
  6.310E+14 6.310E+14 6.243E+00 4.136E+06 7.297E+07 1.436E+09 1.513E+09 1.513E+09 3.768E+07 49.7386 1.00000
  7.079E+14 7.079E+14 6.273E+00 4.640E+06 8.187E+07 1.651E+09 1.737E+09 1.737E+09 3.773E+07 49.9688 1.00000
  7.943E+14 7.943E+14 6.304E+00 5.206E+06 9.185E+07 1.898E+09 1.995E+09 1.995E+09 3.778E+07 50.1991 1.00000
  8.913E+14 8.913E+14 6.335E+00 5.842E+06 1.031E+08 2.181E+09 2.290E+09 2.290E+09 3.782E+07 50.4293 1.00000
  1.000E+15 1.000E+15 6.365E+00 6.555E+06 1.156E+08 2.508E+09 2.630E+09 2.630E+09 3.787E+07 50.6596 1.00000
