 Incident particle is a Tau with M = 1776.82000 MeV
 Index = 0: Bakelite
      Absorber with <Z/A> = 0.52792
 Density effect computed following Fano (1963)
 Models for Radloss: brems =  SSR, pair =  SSR, photonuc = DRSS

 *** Table generated with PUMAS v1.1 ***

      T         p     Ionization  brems     pair     photonuc  Radloss    dE/dx   CSDA Range  delta   beta
    [MeV]    [MeV/c]  -----------------------[MeV cm^2/g]------------------------  [g/cm^2]
  1.000E+05 1.018E+05 2.313E+00 3.530E-05 1.891E-03 6.760E-03 8.686E-03 2.322E+00 2.153E+04  4.9023 0.99985
  1.122E+05 1.140E+05 2.333E+00 4.273E-05 2.286E-03 7.664E-03 9.993E-03 2.343E+00 2.676E+04  5.1168 0.99988
  1.259E+05 1.277E+05 2.353E+00 5.165E-05 2.753E-03 8.670E-03 1.148E-02 2.365E+00 3.258E+04  5.3338 0.99990
  1.413E+05 1.430E+05 2.373E+00 6.230E-05 3.304E-03 9.782E-03 1.315E-02 2.386E+00 3.904E+04  5.5528 0.99992
  1.585E+05 1.603E+05 2.392E+00 7.503E-05 3.952E-03 1.104E-02 1.507E-02 2.407E+00 4.624E+04  5.7737 0.99994
  1.778E+05 1.796E+05 2.412E+00 9.018E-05 4.712E-03 1.244E-02 1.725E-02 2.429E+00 5.423E+04  5.9961 0.99995
  1.995E+05 2.013E+05 2.431E+00 1.082E-04 5.603E-03 1.403E-02 1.974E-02 2.451E+00 6.312E+04  6.2198 0.99996
  2.239E+05 2.256E+05 2.451E+00 1.295E-04 6.645E-03 1.579E-02 2.256E-02 2.474E+00 7.301E+04  6.4445 0.99997
  2.512E+05 2.530E+05 2.470E+00 1.548E-04 7.862E-03 1.776E-02 2.577E-02 2.496E+00 8.400E+04  6.6702 0.99998
  2.818E+05 2.836E+05 2.490E+00 1.847E-04 9.280E-03 1.998E-02 2.944E-02 2.519E+00 9.622E+04  6.8966 0.99998
  3.162E+05 3.180E+05 2.509E+00 2.200E-04 1.093E-02 2.248E-02 3.364E-02 2.543E+00 1.098E+05  7.1236 0.99998
  3.548E+05 3.566E+05 2.528E+00 2.615E-04 1.285E-02 2.529E-02 3.840E-02 2.567E+00 1.249E+05  7.3512 0.99999
  3.981E+05 3.999E+05 2.548E+00 3.103E-04 1.507E-02 2.843E-02 4.382E-02 2.592E+00 1.417E+05  7.5792 0.99999
  4.467E+05 4.485E+05 2.567E+00 3.675E-04 1.765E-02 3.197E-02 4.999E-02 2.617E+00 1.603E+05  7.8075 0.99999
  5.012E+05 5.030E+05 2.586E+00 4.346E-04 2.064E-02 3.593E-02 5.700E-02 2.643E+00 1.811E+05  8.0362 0.99999
  5.623E+05 5.641E+05 2.605E+00 5.132E-04 2.408E-02 4.042E-02 6.501E-02 2.670E+00 2.041E+05  8.2650 1.00000
  6.310E+05 6.327E+05 2.624E+00 6.048E-04 2.806E-02 4.548E-02 7.415E-02 2.698E+00 2.296E+05  8.4941 1.00000
  7.079E+05 7.097E+05 2.643E+00 7.118E-04 3.264E-02 5.120E-02 8.456E-02 2.728E+00 2.580E+05  8.7234 1.00000
  7.943E+05 7.961E+05 2.662E+00 8.365E-04 3.792E-02 5.764E-02 9.640E-02 2.759E+00 2.895E+05  8.9528 1.00000
  8.913E+05 8.930E+05 2.681E+00 9.814E-04 4.399E-02 6.490E-02 1.099E-01 2.791E+00 3.244E+05  9.1823 1.00000
  1.000E+06 1.002E+06 2.700E+00 1.150E-03 5.096E-02 7.314E-02 1.252E-01 2.825E+00 3.632E+05  9.4120 1.00000
  1.122E+06 1.124E+06 2.718E+00 1.346E-03 5.895E-02 8.242E-02 1.427E-01 2.861E+00 4.061E+05  9.6417 1.00000
  1.259E+06 1.261E+06 2.737E+00 1.572E-03 6.811E-02 9.297E-02 1.627E-01 2.900E+00 4.536E+05  9.8715 1.00000
  1.413E+06 1.414E+06 2.755E+00 1.836E-03 7.859E-02 1.049E-01 1.853E-01 2.941E+00 5.062E+05 10.1013 1.00000
  1.585E+06 1.587E+06 2.774E+00 2.140E-03 9.058E-02 1.184E-01 2.111E-01 2.985E+00 5.644E+05 10.3312 1.00000
  1.778E+06 1.780E+06 2.792E+00 2.491E-03 1.043E-01 1.337E-01 2.405E-01 3.032E+00 6.287E+05 10.5612 1.00000
  1.995E+06 1.997E+06 2.810E+00 2.896E-03 1.199E-01 1.511E-01 2.739E-01 3.084E+00 6.996E+05 10.7912 1.00000
  2.239E+06 2.240E+06 2.828E+00 3.366E-03 1.377E-01 1.709E-01 3.120E-01 3.140E+00 7.778E+05 11.0212 1.00000
  2.512E+06 2.514E+06 2.846E+00 3.908E-03 1.580E-01 1.932E-01 3.552E-01 3.201E+00 8.640E+05 11.2513 1.00000
  2.818E+06 2.820E+06 2.863E+00 4.531E-03 1.812E-01 2.187E-01 4.044E-01 3.268E+00 9.588E+05 11.4813 1.00000
  3.162E+06 3.164E+06 2.881E+00 5.248E-03 2.074E-01 2.476E-01 4.603E-01 3.341E+00 1.063E+06 11.7114 1.00000
  3.548E+06 3.550E+06 2.898E+00 6.073E-03 2.373E-01 2.805E-01 5.239E-01 3.422E+00 1.177E+06 11.9416 1.00000
  3.981E+06 3.983E+06 2.915E+00 7.020E-03 2.712E-01 3.179E-01 5.961E-01 3.511E+00 1.302E+06 12.1717 1.00000
  4.467E+06 4.469E+06 2.932E+00 8.108E-03 3.097E-01 3.604E-01 6.782E-01 3.610E+00 1.438E+06 12.4018 1.00000
  5.012E+06 5.014E+06 2.949E+00 9.360E-03 3.533E-01 4.089E-01 7.715E-01 3.720E+00 1.587E+06 12.6320 1.00000
  5.623E+06 5.625E+06 2.965E+00 1.080E-02 4.027E-01 4.640E-01 8.775E-01 3.843E+00 1.749E+06 12.8622 1.00000
  6.310E+06 6.311E+06 2.982E+00 1.245E-02 4.587E-01 5.268E-01 9.979E-01 3.980E+00 1.924E+06 13.0924 1.00000
  7.079E+06 7.081E+06 2.998E+00 1.434E-02 5.220E-01 5.983E-01 1.135E+00 4.133E+00 2.114E+06 13.3226 1.00000
  7.943E+06 7.945E+06 3.014E+00 1.650E-02 5.937E-01 6.797E-01 1.290E+00 4.304E+00 2.319E+06 13.5528 1.00000
  8.913E+06 8.914E+06 3.030E+00 1.898E-02 6.746E-01 7.726E-01 1.466E+00 4.496E+00 2.539E+06 13.7830 1.00000
  1.000E+07 1.000E+07 3.046E+00 2.181E-02 7.661E-01 8.783E-01 1.666E+00 4.712E+00 2.775E+06 14.0132 1.00000
  1.122E+07 1.122E+07 3.062E+00 2.505E-02 8.695E-01 9.989E-01 1.893E+00 4.955E+00 3.028E+06 14.2434 1.00000
  1.259E+07 1.259E+07 3.077E+00 2.875E-02 9.861E-01 1.136E+00 2.151E+00 5.228E+00 3.297E+06 14.4736 1.00000
  1.413E+07 1.413E+07 3.092E+00 3.298E-02 1.118E+00 1.293E+00 2.444E+00 5.536E+00 3.582E+06 14.7039 1.00000
  1.585E+07 1.585E+07 3.108E+00 3.781E-02 1.266E+00 1.472E+00 2.776E+00 5.884E+00 3.884E+06 14.9341 1.00000
  1.778E+07 1.778E+07 3.123E+00 4.332E-02 1.433E+00 1.676E+00 3.153E+00 6.276E+00 4.202E+06 15.1643 1.00000
  1.995E+07 1.995E+07 3.138E+00 4.960E-02 1.622E+00 1.909E+00 3.580E+00 6.718E+00 4.537E+06 15.3946 1.00000
  2.239E+07 2.239E+07 3.153E+00 5.677E-02 1.835E+00 2.174E+00 4.065E+00 7.218E+00 4.886E+06 15.6248 1.00000
  2.512E+07 2.512E+07 3.168E+00 6.494E-02 2.074E+00 2.477E+00 4.616E+00 7.784E+00 5.250E+06 15.8550 1.00000
  2.818E+07 2.819E+07 3.183E+00 7.426E-02 2.343E+00 2.823E+00 5.241E+00 8.423E+00 5.629E+06 16.0853 1.00000
  3.162E+07 3.162E+07 3.197E+00 8.487E-02 2.647E+00 3.218E+00 5.949E+00 9.147E+00 6.021E+06 16.3155 1.00000
  3.548E+07 3.548E+07 3.212E+00 9.695E-02 2.988E+00 3.668E+00 6.753E+00 9.965E+00 6.425E+06 16.5458 1.00000
  3.981E+07 3.981E+07 3.227E+00 1.107E-01 3.372E+00 4.183E+00 7.665E+00 1.089E+01 6.840E+06 16.7760 1.00000
  4.467E+07 4.467E+07 3.242E+00 1.263E-01 3.804E+00 4.770E+00 8.700E+00 1.194E+01 7.266E+06 17.0063 1.00000
  5.012E+07 5.012E+07 3.256E+00 1.441E-01 4.289E+00 5.441E+00 9.874E+00 1.313E+01 7.701E+06 17.2365 1.00000
  5.623E+07 5.624E+07 3.271E+00 1.643E-01 4.836E+00 6.207E+00 1.121E+01 1.448E+01 8.144E+06 17.4668 1.00000
  6.310E+07 6.310E+07 3.286E+00 1.872E-01 5.449E+00 7.082E+00 1.272E+01 1.600E+01 8.595E+06 17.6970 1.00000
  7.079E+07 7.080E+07 3.300E+00 2.133E-01 6.139E+00 8.081E+00 1.443E+01 1.773E+01 9.052E+06 17.9273 1.00000
  7.943E+07 7.943E+07 3.315E+00 2.429E-01 6.915E+00 9.222E+00 1.638E+01 1.969E+01 9.514E+06 18.1575 1.00000
  8.913E+07 8.913E+07 3.330E+00 2.764E-01 7.786E+00 1.053E+01 1.859E+01 2.192E+01 9.980E+06 18.3878 1.00000
  1.000E+08 1.000E+08 3.344E+00 3.145E-01 8.765E+00 1.202E+01 2.109E+01 2.444E+01 1.045E+07 18.6180 1.00000
  1.122E+08 1.122E+08 3.359E+00 3.576E-01 9.864E+00 1.372E+01 2.394E+01 2.730E+01 1.092E+07 18.8483 1.00000
  1.259E+08 1.259E+08 3.374E+00 4.065E-01 1.110E+01 1.566E+01 2.717E+01 3.054E+01 1.140E+07 19.0785 1.00000
  1.413E+08 1.413E+08 3.389E+00 4.619E-01 1.249E+01 1.788E+01 3.083E+01 3.422E+01 1.187E+07 19.3088 1.00000
  1.585E+08 1.585E+08 3.404E+00 5.246E-01 1.404E+01 2.042E+01 3.499E+01 3.840E+01 1.235E+07 19.5390 1.00000
  1.778E+08 1.778E+08 3.419E+00 5.956E-01 1.579E+01 2.333E+01 3.971E+01 4.313E+01 1.282E+07 19.7693 1.00000
  1.995E+08 1.995E+08 3.434E+00 6.759E-01 1.776E+01 2.664E+01 4.508E+01 4.851E+01 1.330E+07 19.9996 1.00000
  2.239E+08 2.239E+08 3.449E+00 7.668E-01 1.996E+01 3.044E+01 5.116E+01 5.461E+01 1.377E+07 20.2298 1.00000
  2.512E+08 2.512E+08 3.464E+00 8.696E-01 2.244E+01 3.477E+01 5.808E+01 6.154E+01 1.424E+07 20.4601 1.00000
  2.818E+08 2.818E+08 3.479E+00 9.858E-01 2.522E+01 3.972E+01 6.592E+01 6.940E+01 1.471E+07 20.6903 1.00000
  3.162E+08 3.162E+08 3.494E+00 1.117E+00 2.833E+01 4.539E+01 7.484E+01 7.833E+01 1.517E+07 20.9206 1.00000
  3.548E+08 3.548E+08 3.509E+00 1.265E+00 3.184E+01 5.186E+01 8.496E+01 8.847E+01 1.564E+07 21.1508 1.00000
  3.981E+08 3.981E+08 3.525E+00 1.433E+00 3.577E+01 5.927E+01 9.647E+01 9.999E+01 1.610E+07 21.3811 1.00000
  4.467E+08 4.467E+08 3.540E+00 1.622E+00 4.018E+01 6.773E+01 1.095E+02 1.131E+02 1.655E+07 21.6114 1.00000
  5.012E+08 5.012E+08 3.556E+00 1.836E+00 4.513E+01 7.741E+01 1.244E+02 1.279E+02 1.701E+07 21.8416 1.00000
  5.623E+08 5.623E+08 3.571E+00 2.077E+00 5.068E+01 8.849E+01 1.412E+02 1.448E+02 1.746E+07 22.0719 1.00000
  6.310E+08 6.310E+08 3.587E+00 2.348E+00 5.692E+01 1.011E+02 1.604E+02 1.640E+02 1.790E+07 22.3021 1.00000
  7.079E+08 7.079E+08 3.603E+00 2.655E+00 6.392E+01 1.156E+02 1.822E+02 1.858E+02 1.834E+07 22.5324 1.00000
  7.943E+08 7.943E+08 3.619E+00 3.000E+00 7.177E+01 1.322E+02 2.070E+02 2.106E+02 1.878E+07 22.7626 1.00000
  8.913E+08 8.913E+08 3.635E+00 3.390E+00 8.059E+01 1.511E+02 2.351E+02 2.387E+02 1.921E+07 22.9929 1.00000
  1.000E+09 1.000E+09 3.651E+00 3.829E+00 9.048E+01 1.728E+02 2.671E+02 2.708E+02 1.964E+07 23.2232 1.00000
  1.122E+09 1.122E+09 3.667E+00 4.323E+00 1.016E+02 1.976E+02 3.035E+02 3.072E+02 2.006E+07 23.4534 1.00000
  1.259E+09 1.259E+09 3.683E+00 4.880E+00 1.140E+02 2.260E+02 3.449E+02 3.486E+02 2.048E+07 23.6837 1.00000
  1.413E+09 1.413E+09 3.699E+00 5.507E+00 1.280E+02 2.584E+02 3.919E+02 3.956E+02 2.089E+07 23.9139 1.00000
  1.585E+09 1.585E+09 3.716E+00 6.213E+00 1.437E+02 2.955E+02 4.454E+02 4.492E+02 2.130E+07 24.1442 1.00000
  1.778E+09 1.778E+09 3.732E+00 7.008E+00 1.613E+02 3.380E+02 5.063E+02 5.101E+02 2.170E+07 24.3745 1.00000
  1.995E+09 1.995E+09 3.748E+00 7.902E+00 1.811E+02 3.866E+02 5.756E+02 5.793E+02 2.210E+07 24.6047 1.00000
  2.239E+09 2.239E+09 3.765E+00 8.908E+00 2.032E+02 4.422E+02 6.544E+02 6.581E+02 2.250E+07 24.8350 1.00000
  2.512E+09 2.512E+09 3.782E+00 1.004E+01 2.281E+02 5.059E+02 7.440E+02 7.478E+02 2.289E+07 25.0652 1.00000
  2.818E+09 2.818E+09 3.799E+00 1.131E+01 2.560E+02 5.788E+02 8.461E+02 8.499E+02 2.327E+07 25.2955 1.00000
  3.162E+09 3.162E+09 3.816E+00 1.274E+01 2.873E+02 6.622E+02 9.622E+02 9.660E+02 2.365E+07 25.5257 1.00000
  3.548E+09 3.548E+09 3.833E+00 1.435E+01 3.224E+02 7.576E+02 1.094E+03 1.098E+03 2.403E+07 25.7560 1.00000
  3.981E+09 3.981E+09 3.850E+00 1.616E+01 3.619E+02 8.669E+02 1.245E+03 1.249E+03 2.439E+07 25.9863 1.00000
  4.467E+09 4.467E+09 3.867E+00 1.820E+01 4.061E+02 9.919E+02 1.416E+03 1.420E+03 2.476E+07 26.2165 1.00000
  5.012E+09 5.012E+09 3.884E+00 2.049E+01 4.557E+02 1.135E+03 1.611E+03 1.615E+03 2.512E+07 26.4468 1.00000
  5.623E+09 5.623E+09 3.901E+00 2.306E+01 5.114E+02 1.299E+03 1.833E+03 1.837E+03 2.547E+07 26.6770 1.00000
  6.310E+09 6.310E+09 3.919E+00 2.594E+01 5.739E+02 1.487E+03 2.087E+03 2.090E+03 2.582E+07 26.9073 1.00000
  7.079E+09 7.079E+09 3.936E+00 2.919E+01 6.440E+02 1.702E+03 2.375E+03 2.379E+03 2.617E+07 27.1376 1.00000
  7.943E+09 7.943E+09 3.954E+00 3.283E+01 7.227E+02 1.948E+03 2.703E+03 2.707E+03 2.651E+07 27.3678 1.00000
  8.913E+09 8.913E+09 3.972E+00 3.693E+01 8.110E+02 2.229E+03 3.077E+03 3.081E+03 2.684E+07 27.5981 1.00000
  1.000E+10 1.000E+10 3.990E+00 4.153E+01 9.100E+02 2.552E+03 3.504E+03 3.508E+03 2.717E+07 27.8283 1.00000
  1.122E+10 1.122E+10 4.008E+00 4.669E+01 1.021E+03 2.922E+03 3.989E+03 3.993E+03 2.750E+07 28.0586 1.00000
  1.259E+10 1.259E+10 4.026E+00 5.250E+01 1.146E+03 3.345E+03 4.543E+03 4.547E+03 2.782E+07 28.2888 1.00000
  1.413E+10 1.413E+10 4.044E+00 5.901E+01 1.286E+03 3.830E+03 5.174E+03 5.178E+03 2.814E+07 28.5191 1.00000
  1.585E+10 1.585E+10 4.062E+00 6.633E+01 1.443E+03 4.385E+03 5.894E+03 5.898E+03 2.845E+07 28.7492 1.00000
  1.778E+10 1.778E+10 4.081E+00 7.454E+01 1.619E+03 5.021E+03 6.714E+03 6.718E+03 2.876E+07 28.9795 1.00000
  1.995E+10 1.995E+10 4.099E+00 8.376E+01 1.817E+03 5.749E+03 7.650E+03 7.654E+03 2.906E+07 29.2098 1.00000
  2.239E+10 2.239E+10 4.118E+00 9.412E+01 2.038E+03 6.584E+03 8.716E+03 8.720E+03 2.936E+07 29.4396 1.00000
  2.512E+10 2.512E+10 4.136E+00 1.057E+02 2.287E+03 7.540E+03 9.933E+03 9.937E+03 2.965E+07 29.6699 1.00000
  2.818E+10 2.818E+10 4.155E+00 1.188E+02 2.566E+03 8.636E+03 1.132E+04 1.132E+04 2.994E+07 29.9002 1.00000
  3.162E+10 3.162E+10 4.174E+00 1.334E+02 2.879E+03 9.891E+03 1.290E+04 1.291E+04 3.022E+07 30.1289 1.00000
  3.548E+10 3.548E+10 4.193E+00 1.499E+02 3.231E+03 1.133E+04 1.471E+04 1.471E+04 3.050E+07 30.3591 1.00000
  3.981E+10 3.981E+10 4.212E+00 1.683E+02 3.625E+03 1.298E+04 1.677E+04 1.678E+04 3.078E+07 30.5894 1.00000
  4.467E+10 4.467E+10 4.232E+00 1.890E+02 4.068E+03 1.487E+04 1.912E+04 1.913E+04 3.105E+07 30.8197 1.00000
  5.012E+10 5.012E+10 4.252E+00 2.123E+02 4.564E+03 1.703E+04 2.181E+04 2.181E+04 3.132E+07 31.0434 1.00000
  5.623E+10 5.623E+10 4.271E+00 2.384E+02 5.121E+03 1.951E+04 2.487E+04 2.488E+04 3.158E+07 31.2737 1.00000
  6.310E+10 6.310E+10 4.291E+00 2.677E+02 5.746E+03 2.236E+04 2.837E+04 2.837E+04 3.184E+07 31.5039 1.00000
  7.079E+10 7.079E+10 4.313E+00 3.005E+02 6.448E+03 2.562E+04 3.236E+04 3.237E+04 3.209E+07 31.7050 1.00000
  7.943E+10 7.943E+10 4.332E+00 3.374E+02 7.234E+03 2.935E+04 3.692E+04 3.693E+04 3.234E+07 31.9353 1.00000
  8.913E+10 8.913E+10 4.352E+00 3.788E+02 8.117E+03 3.364E+04 4.213E+04 4.214E+04 3.259E+07 32.1656 1.00000
  1.000E+11 1.000E+11 4.372E+00 4.252E+02 9.108E+03 3.855E+04 4.808E+04 4.808E+04 3.283E+07 32.3958 1.00000
  1.122E+11 1.122E+11 4.392E+00 4.774E+02 1.022E+04 4.418E+04 5.487E+04 5.488E+04 3.307E+07 32.6261 1.00000
  1.259E+11 1.259E+11 4.425E+00 5.359E+02 1.147E+04 5.063E+04 6.263E+04 6.264E+04 3.330E+07 32.7009 1.00000
  1.413E+11 1.413E+11 4.446E+00 6.015E+02 1.287E+04 5.803E+04 7.150E+04 7.150E+04 3.353E+07 32.9311 1.00000
  1.585E+11 1.585E+11 4.466E+00 6.751E+02 1.444E+04 6.652E+04 8.163E+04 8.163E+04 3.375E+07 33.1614 1.00000
  1.778E+11 1.778E+11 4.487E+00 7.578E+02 1.620E+04 7.625E+04 9.320E+04 9.321E+04 3.398E+07 33.3916 1.00000
  1.995E+11 1.995E+11 4.507E+00 8.505E+02 1.817E+04 8.741E+04 1.064E+05 1.064E+05 3.419E+07 33.6219 1.00000
  2.239E+11 2.239E+11 4.528E+00 9.546E+02 2.039E+04 1.002E+05 1.216E+05 1.216E+05 3.441E+07 33.8522 1.00000
  2.512E+11 2.512E+11 4.549E+00 1.071E+03 2.288E+04 1.149E+05 1.388E+05 1.388E+05 3.462E+07 34.0824 1.00000
  2.818E+11 2.818E+11 4.570E+00 1.202E+03 2.567E+04 1.317E+05 1.586E+05 1.586E+05 3.482E+07 34.3127 1.00000
  3.162E+11 3.162E+11 4.591E+00 1.349E+03 2.880E+04 1.510E+05 1.812E+05 1.812E+05 3.503E+07 34.5429 1.00000
  3.548E+11 3.548E+11 4.612E+00 1.514E+03 3.232E+04 1.732E+05 2.070E+05 2.070E+05 3.523E+07 34.7732 1.00000
  3.981E+11 3.981E+11 4.634E+00 1.699E+03 3.626E+04 1.986E+05 2.366E+05 2.366E+05 3.542E+07 35.0035 1.00000
  4.467E+11 4.467E+11 4.655E+00 1.907E+03 4.069E+04 2.277E+05 2.703E+05 2.703E+05 3.561E+07 35.2337 1.00000
  5.012E+11 5.012E+11 4.677E+00 2.140E+03 4.565E+04 2.612E+05 3.090E+05 3.090E+05 3.580E+07 35.4640 1.00000
  5.623E+11 5.623E+11 4.699E+00 2.402E+03 5.122E+04 2.996E+05 3.532E+05 3.532E+05 3.599E+07 35.6942 1.00000
  6.310E+11 6.310E+11 4.721E+00 2.695E+03 5.747E+04 3.436E+05 4.038E+05 4.038E+05 3.617E+07 35.9245 1.00000
  7.079E+11 7.079E+11 4.743E+00 3.024E+03 6.448E+04 3.941E+05 4.616E+05 4.616E+05 3.635E+07 36.1547 1.00000
  7.943E+11 7.943E+11 4.765E+00 3.394E+03 7.235E+04 4.521E+05 5.278E+05 5.278E+05 3.652E+07 36.3850 1.00000
  8.913E+11 8.913E+11 4.787E+00 3.808E+03 8.118E+04 5.186E+05 6.036E+05 6.036E+05 3.669E+07 36.6153 1.00000
  1.000E+12 1.000E+12 4.809E+00 4.273E+03 9.109E+04 5.949E+05 6.903E+05 6.903E+05 3.686E+07 36.8455 1.00000
  1.122E+12 1.122E+12 4.832E+00 4.795E+03 1.022E+05 6.826E+05 7.896E+05 7.896E+05 3.703E+07 37.0758 1.00000
  1.259E+12 1.259E+12 4.854E+00 5.381E+03 1.147E+05 7.831E+05 9.032E+05 9.032E+05 3.719E+07 37.3060 1.00000
  1.413E+12 1.413E+12 4.877E+00 6.038E+03 1.287E+05 8.985E+05 1.033E+06 1.033E+06 3.735E+07 37.5363 1.00000
  1.585E+12 1.585E+12 4.900E+00 6.775E+03 1.444E+05 1.031E+06 1.182E+06 1.182E+06 3.750E+07 37.7666 1.00000
  1.778E+12 1.778E+12 4.923E+00 7.602E+03 1.620E+05 1.183E+06 1.353E+06 1.353E+06 3.766E+07 37.9968 1.00000
  1.995E+12 1.995E+12 4.946E+00 8.530E+03 1.817E+05 1.358E+06 1.548E+06 1.548E+06 3.781E+07 38.2271 1.00000
  2.239E+12 2.239E+12 4.969E+00 9.571E+03 2.039E+05 1.558E+06 1.772E+06 1.772E+06 3.795E+07 38.4573 1.00000
  2.512E+12 2.512E+12 4.993E+00 1.074E+04 2.288E+05 1.788E+06 2.028E+06 2.028E+06 3.810E+07 38.6876 1.00000
  2.818E+12 2.818E+12 5.016E+00 1.205E+04 2.567E+05 2.052E+06 2.321E+06 2.321E+06 3.824E+07 38.9179 1.00000
  3.162E+12 3.162E+12 5.040E+00 1.352E+04 2.880E+05 2.356E+06 2.657E+06 2.657E+06 3.838E+07 39.1481 1.00000
  3.548E+12 3.548E+12 5.064E+00 1.517E+04 3.232E+05 2.704E+06 3.042E+06 3.042E+06 3.851E+07 39.3784 1.00000
  3.981E+12 3.981E+12 5.088E+00 1.702E+04 3.626E+05 3.104E+06 3.484E+06 3.484E+06 3.864E+07 39.6086 1.00000
  4.467E+12 4.467E+12 5.112E+00 1.910E+04 4.069E+05 3.563E+06 3.989E+06 3.989E+06 3.878E+07 39.8389 1.00000
  5.012E+12 5.012E+12 5.136E+00 2.143E+04 4.565E+05 4.091E+06 4.569E+06 4.569E+06 3.890E+07 40.0691 1.00000
  5.623E+12 5.623E+12 5.160E+00 2.405E+04 5.122E+05 4.697E+06 5.233E+06 5.233E+06 3.903E+07 40.2994 1.00000
  6.310E+12 6.310E+12 5.185E+00 2.698E+04 5.747E+05 5.393E+06 5.994E+06 5.994E+06 3.915E+07 40.5297 1.00000
  7.079E+12 7.079E+12 5.209E+00 3.027E+04 6.448E+05 6.192E+06 6.867E+06 6.867E+06 3.927E+07 40.7599 1.00000
  7.943E+12 7.943E+12 5.234E+00 3.397E+04 7.235E+05 7.110E+06 7.867E+06 7.867E+06 3.939E+07 40.9902 1.00000
  8.913E+12 8.913E+12 5.259E+00 3.811E+04 8.118E+05 8.164E+06 9.014E+06 9.014E+06 3.950E+07 41.2204 1.00000
  1.000E+13 1.000E+13 5.284E+00 4.276E+04 9.108E+05 9.376E+06 1.033E+07 1.033E+07 3.962E+07 41.4507 1.00000
  1.122E+13 1.122E+13 5.309E+00 4.798E+04 1.022E+06 1.077E+07 1.184E+07 1.184E+07 3.973E+07 41.6810 1.00000
  1.259E+13 1.259E+13 5.334E+00 5.384E+04 1.147E+06 1.237E+07 1.357E+07 1.357E+07 3.983E+07 41.9112 1.00000
  1.413E+13 1.413E+13 5.359E+00 6.041E+04 1.287E+06 1.420E+07 1.555E+07 1.555E+07 3.994E+07 42.1415 1.00000
  1.585E+13 1.585E+13 5.385E+00 6.778E+04 1.444E+06 1.631E+07 1.782E+07 1.782E+07 4.004E+07 42.3717 1.00000
  1.778E+13 1.778E+13 5.411E+00 7.605E+04 1.620E+06 1.874E+07 2.043E+07 2.043E+07 4.014E+07 42.6020 1.00000
  1.995E+13 1.995E+13 5.436E+00 8.533E+04 1.817E+06 2.153E+07 2.343E+07 2.343E+07 4.024E+07 42.8322 1.00000
  2.239E+13 2.239E+13 5.462E+00 9.574E+04 2.039E+06 2.473E+07 2.686E+07 2.686E+07 4.034E+07 43.0625 1.00000
  2.512E+13 2.512E+13 5.488E+00 1.074E+05 2.288E+06 2.841E+07 3.080E+07 3.080E+07 4.044E+07 43.2928 1.00000
  2.818E+13 2.818E+13 5.515E+00 1.205E+05 2.567E+06 3.264E+07 3.532E+07 3.532E+07 4.053E+07 43.5230 1.00000
  3.162E+13 3.162E+13 5.541E+00 1.352E+05 2.880E+06 3.750E+07 4.051E+07 4.051E+07 4.062E+07 43.7533 1.00000
  3.548E+13 3.548E+13 5.567E+00 1.517E+05 3.232E+06 4.308E+07 4.647E+07 4.647E+07 4.071E+07 43.9835 1.00000
  3.981E+13 3.981E+13 5.594E+00 1.703E+05 3.626E+06 4.951E+07 5.330E+07 5.330E+07 4.079E+07 44.2138 1.00000
  4.467E+13 4.467E+13 5.621E+00 1.910E+05 4.068E+06 5.689E+07 6.115E+07 6.115E+07 4.088E+07 44.4441 1.00000
  5.012E+13 5.012E+13 5.648E+00 2.143E+05 4.565E+06 6.537E+07 7.015E+07 7.015E+07 4.096E+07 44.6743 1.00000
  5.623E+13 5.623E+13 5.675E+00 2.405E+05 5.122E+06 7.512E+07 8.049E+07 8.049E+07 4.104E+07 44.9046 1.00000
  6.310E+13 6.310E+13 5.702E+00 2.698E+05 5.747E+06 8.634E+07 9.235E+07 9.235E+07 4.112E+07 45.1348 1.00000
  7.079E+13 7.079E+13 5.729E+00 3.028E+05 6.448E+06 9.923E+07 1.060E+08 1.060E+08 4.120E+07 45.3651 1.00000
  7.943E+13 7.943E+13 5.757E+00 3.397E+05 7.234E+06 1.140E+08 1.216E+08 1.216E+08 4.128E+07 45.5953 1.00000
  8.913E+13 8.913E+13 5.784E+00 3.812E+05 8.117E+06 1.311E+08 1.396E+08 1.396E+08 4.135E+07 45.8256 1.00000
  1.000E+14 1.000E+14 5.812E+00 4.277E+05 9.108E+06 1.507E+08 1.602E+08 1.602E+08 4.142E+07 46.0559 1.00000
  1.122E+14 1.122E+14 5.840E+00 4.799E+05 1.022E+07 1.732E+08 1.839E+08 1.839E+08 4.150E+07 46.2861 1.00000
  1.259E+14 1.259E+14 5.868E+00 5.384E+05 1.147E+07 1.991E+08 2.111E+08 2.111E+08 4.157E+07 46.5164 1.00000
  1.413E+14 1.413E+14 5.897E+00 6.041E+05 1.286E+07 2.289E+08 2.424E+08 2.424E+08 4.163E+07 46.7466 1.00000
  1.585E+14 1.585E+14 5.925E+00 6.778E+05 1.443E+07 2.632E+08 2.783E+08 2.783E+08 4.170E+07 46.9769 1.00000
  1.778E+14 1.778E+14 5.953E+00 7.605E+05 1.620E+07 3.026E+08 3.195E+08 3.195E+08 4.176E+07 47.2072 1.00000
  1.995E+14 1.995E+14 5.982E+00 8.533E+05 1.817E+07 3.479E+08 3.669E+08 3.669E+08 4.183E+07 47.4374 1.00000
  2.239E+14 2.239E+14 6.011E+00 9.575E+05 2.039E+07 4.000E+08 4.214E+08 4.214E+08 4.189E+07 47.6677 1.00000
  2.512E+14 2.512E+14 6.040E+00 1.074E+06 2.288E+07 4.600E+08 4.839E+08 4.839E+08 4.195E+07 47.8979 1.00000
  2.818E+14 2.818E+14 6.069E+00 1.205E+06 2.567E+07 5.289E+08 5.558E+08 5.558E+08 4.201E+07 48.1282 1.00000
  3.162E+14 3.162E+14 6.098E+00 1.352E+06 2.880E+07 6.083E+08 6.384E+08 6.384E+08 4.207E+07 48.3585 1.00000
  3.548E+14 3.548E+14 6.128E+00 1.517E+06 3.231E+07 6.995E+08 7.333E+08 7.333E+08 4.212E+07 48.5887 1.00000
  3.981E+14 3.981E+14 6.157E+00 1.703E+06 3.626E+07 8.045E+08 8.425E+08 8.425E+08 4.218E+07 48.8190 1.00000
  4.467E+14 4.467E+14 6.187E+00 1.910E+06 4.068E+07 9.253E+08 9.679E+08 9.679E+08 4.223E+07 49.0492 1.00000
  5.012E+14 5.012E+14 6.217E+00 2.143E+06 4.564E+07 1.064E+09 1.112E+09 1.112E+09 4.228E+07 49.2795 1.00000
  5.623E+14 5.623E+14 6.247E+00 2.405E+06 5.121E+07 1.224E+09 1.278E+09 1.278E+09 4.234E+07 49.5097 1.00000
  6.310E+14 6.310E+14 6.277E+00 2.698E+06 5.746E+07 1.408E+09 1.468E+09 1.468E+09 4.239E+07 49.7400 1.00000
  7.079E+14 7.079E+14 6.308E+00 3.028E+06 6.447E+07 1.620E+09 1.687E+09 1.687E+09 4.243E+07 49.9703 1.00000
  7.943E+14 7.943E+14 6.338E+00 3.397E+06 7.234E+07 1.863E+09 1.939E+09 1.939E+09 4.248E+07 50.2005 1.00000
  8.913E+14 8.913E+14 6.369E+00 3.812E+06 8.116E+07 2.144E+09 2.229E+09 2.229E+09 4.253E+07 50.4308 1.00000
  1.000E+15 1.000E+15 6.400E+00 4.277E+06 9.107E+07 2.466E+09 2.561E+09 2.561E+09 4.257E+07 50.6610 1.00000
