 Incident particle is a Tau with M = 1776.82000 MeV
 Index = 0: BariumFluoride
      Absorber with <Z/A> = 0.42208
 Density effect computed following Fano (1963)
 Models for Radloss: brems =  SSR, pair =  SSR, photonuc = DRSS

 *** Table generated with PUMAS v1.1 ***

      T         p     Ionization  brems     pair     photonuc  Radloss    dE/dx   CSDA Range  delta   beta
    [MeV]    [MeV/c]  -----------------------[MeV cm^2/g]------------------------  [g/cm^2]
  1.000E+05 1.018E+05 1.739E+00 1.416E-04 1.084E-02 6.286E-03 1.727E-02 1.756E+00 2.847E+04  3.3183 0.99985
  1.122E+05 1.140E+05 1.757E+00 1.722E-04 1.300E-02 7.097E-03 2.026E-02 1.778E+00 3.538E+04  3.4919 0.99988
  1.259E+05 1.277E+05 1.776E+00 2.090E-04 1.553E-02 7.994E-03 2.373E-02 1.799E+00 4.303E+04  3.6697 0.99990
  1.413E+05 1.430E+05 1.794E+00 2.533E-04 1.850E-02 8.979E-03 2.773E-02 1.822E+00 5.152E+04  3.8514 0.99992
  1.585E+05 1.603E+05 1.812E+00 3.064E-04 2.198E-02 1.009E-02 3.238E-02 1.844E+00 6.092E+04  4.0368 0.99994
  1.778E+05 1.796E+05 1.830E+00 3.700E-04 2.606E-02 1.132E-02 3.775E-02 1.867E+00 7.134E+04  4.2254 0.99995
  1.995E+05 2.013E+05 1.847E+00 4.459E-04 3.081E-02 1.271E-02 4.396E-02 1.891E+00 8.289E+04  4.4171 0.99996
  2.239E+05 2.256E+05 1.865E+00 5.364E-04 3.635E-02 1.424E-02 5.113E-02 1.916E+00 9.567E+04  4.6115 0.99997
  2.512E+05 2.530E+05 1.882E+00 6.440E-04 4.279E-02 1.594E-02 5.938E-02 1.942E+00 1.098E+05  4.8086 0.99998
  2.818E+05 2.836E+05 1.899E+00 7.717E-04 5.027E-02 1.786E-02 6.891E-02 1.968E+00 1.255E+05  5.0081 0.99998
  3.162E+05 3.180E+05 1.917E+00 9.228E-04 5.895E-02 2.001E-02 7.988E-02 1.996E+00 1.429E+05  5.2100 0.99998
  3.548E+05 3.566E+05 1.934E+00 1.102E-03 6.898E-02 2.241E-02 9.250E-02 2.026E+00 1.620E+05  5.4141 0.99999
  3.981E+05 3.999E+05 1.950E+00 1.313E-03 8.059E-02 2.509E-02 1.070E-01 2.057E+00 1.832E+05  5.6205 0.99999
  4.467E+05 4.485E+05 1.967E+00 1.561E-03 9.397E-02 2.810E-02 1.236E-01 2.091E+00 2.067E+05  5.8289 0.99999
  5.012E+05 5.030E+05 1.984E+00 1.853E-03 1.094E-01 3.145E-02 1.427E-01 2.126E+00 2.325E+05  6.0394 0.99999
  5.623E+05 5.641E+05 2.000E+00 2.196E-03 1.272E-01 3.522E-02 1.646E-01 2.164E+00 2.610E+05  6.2517 1.00000
  6.310E+05 6.327E+05 2.016E+00 2.598E-03 1.476E-01 3.948E-02 1.896E-01 2.206E+00 2.924E+05  6.4658 1.00000
  7.079E+05 7.097E+05 2.032E+00 3.067E-03 1.710E-01 4.427E-02 2.183E-01 2.251E+00 3.270E+05  6.6815 1.00000
  7.943E+05 7.961E+05 2.048E+00 3.616E-03 1.978E-01 4.966E-02 2.511E-01 2.299E+00 3.649E+05  6.8987 1.00000
  8.913E+05 8.930E+05 2.064E+00 4.256E-03 2.286E-01 5.570E-02 2.886E-01 2.352E+00 4.066E+05  7.1172 1.00000
  1.000E+06 1.002E+06 2.080E+00 5.002E-03 2.638E-01 6.255E-02 3.313E-01 2.411E+00 4.523E+05  7.3368 1.00000
  1.122E+06 1.124E+06 2.095E+00 5.869E-03 3.040E-01 7.024E-02 3.801E-01 2.475E+00 5.022E+05  7.5574 1.00000
  1.259E+06 1.261E+06 2.110E+00 6.878E-03 3.498E-01 7.898E-02 4.357E-01 2.546E+00 5.568E+05  7.7790 1.00000
  1.413E+06 1.414E+06 2.126E+00 8.047E-03 4.021E-01 8.882E-02 4.990E-01 2.625E+00 6.162E+05  8.0013 1.00000
  1.585E+06 1.587E+06 2.141E+00 9.400E-03 4.617E-01 9.998E-02 5.710E-01 2.712E+00 6.808E+05  8.2244 1.00000
  1.778E+06 1.780E+06 2.156E+00 1.097E-02 5.294E-01 1.126E-01 6.530E-01 2.809E+00 7.509E+05  8.4482 1.00000
  1.995E+06 1.997E+06 2.170E+00 1.279E-02 6.065E-01 1.269E-01 7.461E-01 2.917E+00 8.267E+05  8.6726 1.00000
  2.239E+06 2.240E+06 2.185E+00 1.488E-02 6.940E-01 1.431E-01 8.520E-01 3.037E+00 9.085E+05  8.8976 1.00000
  2.512E+06 2.514E+06 2.200E+00 1.730E-02 7.934E-01 1.614E-01 9.721E-01 3.172E+00 9.965E+05  9.1232 1.00000
  2.818E+06 2.820E+06 2.214E+00 2.009E-02 9.061E-01 1.823E-01 1.108E+00 3.322E+00 1.091E+06  9.3493 1.00000
  3.162E+06 3.164E+06 2.228E+00 2.332E-02 1.034E+00 2.060E-01 1.263E+00 3.491E+00 1.192E+06  9.5760 1.00000
  3.548E+06 3.550E+06 2.242E+00 2.702E-02 1.178E+00 2.329E-01 1.438E+00 3.680E+00 1.299E+06  9.8031 1.00000
  3.981E+06 3.983E+06 2.256E+00 3.128E-02 1.342E+00 2.634E-01 1.637E+00 3.893E+00 1.414E+06 10.0307 1.00000
  4.467E+06 4.469E+06 2.270E+00 3.618E-02 1.527E+00 2.982E-01 1.861E+00 4.131E+00 1.535E+06 10.2586 1.00000
  5.012E+06 5.014E+06 2.283E+00 4.180E-02 1.736E+00 3.377E-01 2.116E+00 4.399E+00 1.663E+06 10.4869 1.00000
  5.623E+06 5.625E+06 2.296E+00 4.824E-02 1.973E+00 3.826E-01 2.404E+00 4.700E+00 1.797E+06 10.7156 1.00000
  6.310E+06 6.311E+06 2.310E+00 5.564E-02 2.240E+00 4.338E-01 2.729E+00 5.039E+00 1.938E+06 10.9445 1.00000
  7.079E+06 7.081E+06 2.323E+00 6.414E-02 2.541E+00 4.921E-01 3.097E+00 5.420E+00 2.086E+06 11.1736 1.00000
  7.943E+06 7.945E+06 2.336E+00 7.387E-02 2.881E+00 5.584E-01 3.513E+00 5.849E+00 2.239E+06 11.4030 1.00000
  8.913E+06 8.914E+06 2.348E+00 8.501E-02 3.264E+00 6.340E-01 3.983E+00 6.332E+00 2.398E+06 11.6325 1.00000
  1.000E+07 1.000E+07 2.361E+00 9.774E-02 3.697E+00 7.201E-01 4.514E+00 6.876E+00 2.563E+06 11.8621 1.00000
  1.122E+07 1.122E+07 2.374E+00 1.123E-01 4.184E+00 8.182E-01 5.114E+00 7.488E+00 2.733E+06 12.0919 1.00000
  1.259E+07 1.259E+07 2.386E+00 1.289E-01 4.732E+00 9.300E-01 5.791E+00 8.177E+00 2.908E+06 12.3217 1.00000
  1.413E+07 1.413E+07 2.398E+00 1.479E-01 5.350E+00 1.057E+00 6.555E+00 8.954E+00 3.087E+06 12.5517 1.00000
  1.585E+07 1.585E+07 2.411E+00 1.695E-01 6.045E+00 1.203E+00 7.418E+00 9.828E+00 3.271E+06 12.7817 1.00000
  1.778E+07 1.778E+07 2.423E+00 1.942E-01 6.828E+00 1.369E+00 8.391E+00 1.081E+01 3.459E+06 13.0117 1.00000
  1.995E+07 1.995E+07 2.435E+00 2.224E-01 7.709E+00 1.558E+00 9.489E+00 1.192E+01 3.650E+06 13.2418 1.00000
  2.239E+07 2.239E+07 2.447E+00 2.544E-01 8.700E+00 1.773E+00 1.073E+01 1.317E+01 3.844E+06 13.4719 1.00000
  2.512E+07 2.512E+07 2.459E+00 2.909E-01 9.814E+00 2.020E+00 1.212E+01 1.458E+01 4.041E+06 13.7021 1.00000
  2.818E+07 2.819E+07 2.471E+00 3.324E-01 1.107E+01 2.301E+00 1.370E+01 1.617E+01 4.240E+06 13.9322 1.00000
  3.162E+07 3.162E+07 2.482E+00 3.796E-01 1.248E+01 2.621E+00 1.548E+01 1.796E+01 4.442E+06 14.1624 1.00000
  3.548E+07 3.548E+07 2.494E+00 4.334E-01 1.406E+01 2.987E+00 1.748E+01 1.997E+01 4.646E+06 14.3926 1.00000
  3.981E+07 3.981E+07 2.506E+00 4.944E-01 1.584E+01 3.405E+00 1.974E+01 2.224E+01 4.851E+06 14.6228 1.00000
  4.467E+07 4.467E+07 2.518E+00 5.638E-01 1.784E+01 3.882E+00 2.228E+01 2.480E+01 5.058E+06 14.8530 1.00000
  5.012E+07 5.012E+07 2.529E+00 6.425E-01 2.009E+01 4.427E+00 2.516E+01 2.768E+01 5.265E+06 15.0833 1.00000
  5.623E+07 5.624E+07 2.541E+00 7.318E-01 2.261E+01 5.049E+00 2.839E+01 3.093E+01 5.474E+06 15.3135 1.00000
  6.310E+07 6.310E+07 2.553E+00 8.331E-01 2.545E+01 5.759E+00 3.204E+01 3.459E+01 5.684E+06 15.5437 1.00000
  7.079E+07 7.080E+07 2.565E+00 9.479E-01 2.863E+01 6.570E+00 3.615E+01 3.871E+01 5.894E+06 15.7740 1.00000
  7.943E+07 7.943E+07 2.576E+00 1.078E+00 3.221E+01 7.497E+00 4.078E+01 4.336E+01 6.105E+06 16.0042 1.00000
  8.913E+07 8.913E+07 2.588E+00 1.225E+00 3.623E+01 8.555E+00 4.601E+01 4.859E+01 6.316E+06 16.2345 1.00000
  1.000E+08 1.000E+08 2.600E+00 1.392E+00 4.074E+01 9.764E+00 5.189E+01 5.449E+01 6.527E+06 16.4647 1.00000
  1.122E+08 1.122E+08 2.612E+00 1.581E+00 4.580E+01 1.115E+01 5.853E+01 6.114E+01 6.739E+06 16.6950 1.00000
  1.259E+08 1.259E+08 2.623E+00 1.794E+00 5.149E+01 1.272E+01 6.601E+01 6.863E+01 6.950E+06 16.9252 1.00000
  1.413E+08 1.413E+08 2.635E+00 2.036E+00 5.787E+01 1.453E+01 7.444E+01 7.707E+01 7.161E+06 17.1555 1.00000
  1.585E+08 1.585E+08 2.647E+00 2.308E+00 6.504E+01 1.659E+01 8.394E+01 8.658E+01 7.372E+06 17.3857 1.00000
  1.778E+08 1.778E+08 2.659E+00 2.616E+00 7.308E+01 1.895E+01 9.465E+01 9.731E+01 7.582E+06 17.6160 1.00000
  1.995E+08 1.995E+08 2.671E+00 2.964E+00 8.211E+01 2.164E+01 1.067E+02 1.094E+02 7.793E+06 17.8462 1.00000
  2.239E+08 2.239E+08 2.683E+00 3.357E+00 9.225E+01 2.472E+01 1.203E+02 1.230E+02 8.002E+06 18.0765 1.00000
  2.512E+08 2.512E+08 2.695E+00 3.800E+00 1.036E+02 2.823E+01 1.357E+02 1.384E+02 8.212E+06 18.3067 1.00000
  2.818E+08 2.818E+08 2.707E+00 4.300E+00 1.164E+02 3.225E+01 1.530E+02 1.557E+02 8.420E+06 18.5370 1.00000
  3.162E+08 3.162E+08 2.720E+00 4.864E+00 1.307E+02 3.685E+01 1.724E+02 1.752E+02 8.629E+06 18.7672 1.00000
  3.548E+08 3.548E+08 2.732E+00 5.500E+00 1.468E+02 4.211E+01 1.944E+02 1.972E+02 8.836E+06 18.9975 1.00000
  3.981E+08 3.981E+08 2.744E+00 6.217E+00 1.649E+02 4.812E+01 2.192E+02 2.219E+02 9.043E+06 19.2278 1.00000
  4.467E+08 4.467E+08 2.757E+00 7.024E+00 1.851E+02 5.499E+01 2.471E+02 2.499E+02 9.249E+06 19.4580 1.00000
  5.012E+08 5.012E+08 2.769E+00 7.934E+00 2.079E+02 6.285E+01 2.786E+02 2.814E+02 9.454E+06 19.6883 1.00000
  5.623E+08 5.623E+08 2.781E+00 8.958E+00 2.334E+02 7.183E+01 3.142E+02 3.169E+02 9.659E+06 19.9185 1.00000
  6.310E+08 6.310E+08 2.794E+00 1.011E+01 2.620E+02 8.211E+01 3.542E+02 3.570E+02 9.863E+06 20.1488 1.00000
  7.079E+08 7.079E+08 2.807E+00 1.141E+01 2.941E+02 9.386E+01 3.994E+02 4.022E+02 1.007E+07 20.3791 1.00000
  7.943E+08 7.943E+08 2.819E+00 1.287E+01 3.302E+02 1.073E+02 4.504E+02 4.532E+02 1.027E+07 20.6093 1.00000
  8.913E+08 8.913E+08 2.832E+00 1.451E+01 3.707E+02 1.227E+02 5.078E+02 5.107E+02 1.047E+07 20.8396 1.00000
  1.000E+09 1.000E+09 2.845E+00 1.636E+01 4.161E+02 1.403E+02 5.727E+02 5.755E+02 1.067E+07 21.0698 1.00000
  1.122E+09 1.122E+09 2.858E+00 1.844E+01 4.670E+02 1.604E+02 6.458E+02 6.487E+02 1.087E+07 21.3001 1.00000
  1.259E+09 1.259E+09 2.871E+00 2.078E+01 5.242E+02 1.834E+02 7.284E+02 7.312E+02 1.107E+07 21.5303 1.00000
  1.413E+09 1.413E+09 2.884E+00 2.341E+01 5.883E+02 2.097E+02 8.215E+02 8.243E+02 1.127E+07 21.7606 1.00000
  1.585E+09 1.585E+09 2.897E+00 2.636E+01 6.603E+02 2.399E+02 9.265E+02 9.294E+02 1.146E+07 21.9909 1.00000
  1.778E+09 1.778E+09 2.910E+00 2.969E+01 7.410E+02 2.744E+02 1.045E+03 1.048E+03 1.166E+07 22.2211 1.00000
  1.995E+09 1.995E+09 2.923E+00 3.342E+01 8.317E+02 3.138E+02 1.179E+03 1.182E+03 1.185E+07 22.4514 1.00000
  2.239E+09 2.239E+09 2.936E+00 3.761E+01 9.334E+02 3.589E+02 1.330E+03 1.333E+03 1.205E+07 22.6816 1.00000
  2.512E+09 2.512E+09 2.950E+00 4.233E+01 1.047E+03 4.106E+02 1.500E+03 1.503E+03 1.224E+07 22.9119 1.00000
  2.818E+09 2.818E+09 2.963E+00 4.762E+01 1.175E+03 4.697E+02 1.693E+03 1.696E+03 1.243E+07 23.1421 1.00000
  3.162E+09 3.162E+09 2.977E+00 5.357E+01 1.319E+03 5.374E+02 1.910E+03 1.913E+03 1.262E+07 23.3724 1.00000
  3.548E+09 3.548E+09 2.990E+00 6.025E+01 1.480E+03 6.149E+02 2.155E+03 2.158E+03 1.281E+07 23.6027 1.00000
  3.981E+09 3.981E+09 3.004E+00 6.775E+01 1.661E+03 7.036E+02 2.432E+03 2.435E+03 1.300E+07 23.8329 1.00000
  4.467E+09 4.467E+09 3.018E+00 7.617E+01 1.864E+03 8.051E+02 2.745E+03 2.748E+03 1.319E+07 24.0632 1.00000
  5.012E+09 5.012E+09 3.031E+00 8.563E+01 2.092E+03 9.213E+02 3.099E+03 3.102E+03 1.338E+07 24.2934 1.00000
  5.623E+09 5.623E+09 3.045E+00 9.626E+01 2.347E+03 1.054E+03 3.498E+03 3.501E+03 1.356E+07 24.5237 1.00000
  6.310E+09 6.310E+09 3.059E+00 1.082E+02 2.634E+03 1.207E+03 3.949E+03 3.952E+03 1.375E+07 24.7540 1.00000
  7.079E+09 7.079E+09 3.073E+00 1.216E+02 2.956E+03 1.381E+03 4.458E+03 4.461E+03 1.393E+07 24.9842 1.00000
  7.943E+09 7.943E+09 3.087E+00 1.366E+02 3.316E+03 1.581E+03 5.034E+03 5.037E+03 1.411E+07 25.2145 1.00000
  8.913E+09 8.913E+09 3.102E+00 1.535E+02 3.721E+03 1.809E+03 5.684E+03 5.687E+03 1.429E+07 25.4447 1.00000
  1.000E+10 1.000E+10 3.116E+00 1.724E+02 4.176E+03 2.071E+03 6.419E+03 6.423E+03 1.447E+07 25.6750 1.00000
  1.122E+10 1.122E+10 3.130E+00 1.937E+02 4.686E+03 2.371E+03 7.250E+03 7.254E+03 1.465E+07 25.9052 1.00000
  1.259E+10 1.259E+10 3.145E+00 2.175E+02 5.258E+03 2.715E+03 8.190E+03 8.193E+03 1.483E+07 26.1355 1.00000
  1.413E+10 1.413E+10 3.159E+00 2.443E+02 5.899E+03 3.108E+03 9.252E+03 9.255E+03 1.500E+07 26.3657 1.00000
  1.585E+10 1.585E+10 3.174E+00 2.744E+02 6.620E+03 3.559E+03 1.045E+04 1.046E+04 1.518E+07 26.5959 1.00000
  1.778E+10 1.778E+10 3.189E+00 3.081E+02 7.428E+03 4.075E+03 1.181E+04 1.181E+04 1.535E+07 26.8262 1.00000
  1.995E+10 1.995E+10 3.203E+00 3.460E+02 8.334E+03 4.666E+03 1.335E+04 1.335E+04 1.553E+07 27.0564 1.00000
  2.239E+10 2.239E+10 3.218E+00 3.885E+02 9.351E+03 5.344E+03 1.508E+04 1.509E+04 1.570E+07 27.2863 1.00000
  2.512E+10 2.512E+10 3.233E+00 4.362E+02 1.049E+04 6.120E+03 1.705E+04 1.705E+04 1.587E+07 27.5166 1.00000
  2.818E+10 2.818E+10 3.248E+00 4.897E+02 1.177E+04 7.009E+03 1.927E+04 1.928E+04 1.604E+07 27.7468 1.00000
  3.162E+10 3.162E+10 3.263E+00 5.498E+02 1.321E+04 8.028E+03 2.179E+04 2.179E+04 1.620E+07 27.9755 1.00000
  3.548E+10 3.548E+10 3.279E+00 6.172E+02 1.482E+04 9.195E+03 2.463E+04 2.464E+04 1.637E+07 28.2058 1.00000
  3.981E+10 3.981E+10 3.294E+00 6.928E+02 1.663E+04 1.053E+04 2.786E+04 2.786E+04 1.654E+07 28.4361 1.00000
  4.467E+10 4.467E+10 3.309E+00 7.777E+02 1.866E+04 1.207E+04 3.150E+04 3.151E+04 1.670E+07 28.6663 1.00000
  5.012E+10 5.012E+10 3.325E+00 8.730E+02 2.094E+04 1.382E+04 3.563E+04 3.564E+04 1.686E+07 28.8901 1.00000
  5.623E+10 5.623E+10 3.341E+00 9.798E+02 2.349E+04 1.584E+04 4.031E+04 4.031E+04 1.702E+07 29.1203 1.00000
  6.310E+10 6.310E+10 3.356E+00 1.100E+03 2.636E+04 1.814E+04 4.560E+04 4.561E+04 1.718E+07 29.3506 1.00000
  7.079E+10 7.079E+10 3.374E+00 1.234E+03 2.958E+04 2.079E+04 5.160E+04 5.161E+04 1.734E+07 29.5517 1.00000
  7.943E+10 7.943E+10 3.390E+00 1.385E+03 3.319E+04 2.382E+04 5.839E+04 5.840E+04 1.750E+07 29.7820 1.00000
  8.913E+10 8.913E+10 3.406E+00 1.555E+03 3.724E+04 2.730E+04 6.609E+04 6.609E+04 1.766E+07 30.0122 1.00000
  1.000E+11 1.000E+11 3.422E+00 1.745E+03 4.178E+04 3.128E+04 7.481E+04 7.481E+04 1.781E+07 30.2425 1.00000
  1.122E+11 1.122E+11 3.438E+00 1.958E+03 4.688E+04 3.585E+04 8.469E+04 8.469E+04 1.796E+07 30.4727 1.00000
  1.259E+11 1.259E+11 3.464E+00 2.198E+03 5.260E+04 4.109E+04 9.589E+04 9.589E+04 1.812E+07 30.5475 1.00000
  1.413E+11 1.413E+11 3.480E+00 2.466E+03 5.902E+04 4.710E+04 1.086E+05 1.086E+05 1.827E+07 30.7778 1.00000
  1.585E+11 1.585E+11 3.497E+00 2.768E+03 6.622E+04 5.399E+04 1.230E+05 1.230E+05 1.841E+07 31.0080 1.00000
  1.778E+11 1.778E+11 3.513E+00 3.106E+03 7.430E+04 6.188E+04 1.393E+05 1.393E+05 1.856E+07 31.2383 1.00000
  1.995E+11 1.995E+11 3.530E+00 3.485E+03 8.336E+04 7.094E+04 1.578E+05 1.578E+05 1.871E+07 31.4686 1.00000
  2.239E+11 2.239E+11 3.546E+00 3.911E+03 9.354E+04 8.133E+04 1.788E+05 1.788E+05 1.885E+07 31.6988 1.00000
  2.512E+11 2.512E+11 3.563E+00 4.388E+03 1.050E+05 9.324E+04 2.026E+05 2.026E+05 1.900E+07 31.9291 1.00000
  2.818E+11 2.818E+11 3.580E+00 4.924E+03 1.178E+05 1.069E+05 2.296E+05 2.296E+05 1.914E+07 32.1593 1.00000
  3.162E+11 3.162E+11 3.597E+00 5.526E+03 1.321E+05 1.226E+05 2.602E+05 2.602E+05 1.928E+07 32.3896 1.00000
  3.548E+11 3.548E+11 3.614E+00 6.201E+03 1.482E+05 1.406E+05 2.950E+05 2.950E+05 1.942E+07 32.6199 1.00000
  3.981E+11 3.981E+11 3.631E+00 6.958E+03 1.663E+05 1.612E+05 3.345E+05 3.345E+05 1.956E+07 32.8501 1.00000
  4.467E+11 4.467E+11 3.648E+00 7.807E+03 1.866E+05 1.848E+05 3.793E+05 3.793E+05 1.969E+07 33.0804 1.00000
  5.012E+11 5.012E+11 3.665E+00 8.760E+03 2.094E+05 2.120E+05 4.301E+05 4.302E+05 1.983E+07 33.3106 1.00000
  5.623E+11 5.623E+11 3.683E+00 9.830E+03 2.350E+05 2.431E+05 4.879E+05 4.879E+05 1.996E+07 33.5409 1.00000
  6.310E+11 6.310E+11 3.700E+00 1.103E+04 2.636E+05 2.789E+05 5.535E+05 5.535E+05 2.009E+07 33.7712 1.00000
  7.079E+11 7.079E+11 3.718E+00 1.238E+04 2.958E+05 3.199E+05 6.280E+05 6.280E+05 2.022E+07 34.0014 1.00000
  7.943E+11 7.943E+11 3.735E+00 1.389E+04 3.319E+05 3.669E+05 7.127E+05 7.127E+05 2.035E+07 34.2317 1.00000
  8.913E+11 8.913E+11 3.753E+00 1.558E+04 3.724E+05 4.209E+05 8.089E+05 8.089E+05 2.048E+07 34.4619 1.00000
  1.000E+12 1.000E+12 3.771E+00 1.748E+04 4.178E+05 4.829E+05 9.182E+05 9.182E+05 2.061E+07 34.6922 1.00000
  1.122E+12 1.122E+12 3.789E+00 1.962E+04 4.688E+05 5.540E+05 1.042E+06 1.042E+06 2.073E+07 34.9224 1.00000
  1.259E+12 1.259E+12 3.807E+00 2.201E+04 5.260E+05 6.356E+05 1.184E+06 1.184E+06 2.085E+07 35.1527 1.00000
  1.413E+12 1.413E+12 3.825E+00 2.470E+04 5.902E+05 7.293E+05 1.344E+06 1.344E+06 2.098E+07 35.3830 1.00000
  1.585E+12 1.585E+12 3.844E+00 2.771E+04 6.622E+05 8.368E+05 1.527E+06 1.527E+06 2.110E+07 35.6132 1.00000
  1.778E+12 1.778E+12 3.862E+00 3.109E+04 7.430E+05 9.602E+05 1.734E+06 1.734E+06 2.121E+07 35.8435 1.00000
  1.995E+12 1.995E+12 3.881E+00 3.489E+04 8.336E+05 1.102E+06 1.970E+06 1.970E+06 2.133E+07 36.0737 1.00000
  2.239E+12 2.239E+12 3.899E+00 3.915E+04 9.354E+05 1.265E+06 2.239E+06 2.239E+06 2.145E+07 36.3040 1.00000
  2.512E+12 2.512E+12 3.918E+00 4.392E+04 1.049E+06 1.451E+06 2.545E+06 2.545E+06 2.156E+07 36.5343 1.00000
  2.818E+12 2.818E+12 3.937E+00 4.928E+04 1.178E+06 1.666E+06 2.893E+06 2.893E+06 2.168E+07 36.7645 1.00000
  3.162E+12 3.162E+12 3.956E+00 5.530E+04 1.321E+06 1.912E+06 3.288E+06 3.288E+06 2.179E+07 36.9948 1.00000
  3.548E+12 3.548E+12 3.975E+00 6.205E+04 1.482E+06 2.195E+06 3.739E+06 3.739E+06 2.190E+07 37.2250 1.00000
  3.981E+12 3.981E+12 3.994E+00 6.962E+04 1.663E+06 2.519E+06 4.252E+06 4.252E+06 2.201E+07 37.4553 1.00000
  4.467E+12 4.467E+12 4.013E+00 7.811E+04 1.866E+06 2.892E+06 4.836E+06 4.836E+06 2.211E+07 37.6855 1.00000
  5.012E+12 5.012E+12 4.032E+00 8.764E+04 2.094E+06 3.320E+06 5.502E+06 5.502E+06 2.222E+07 37.9158 1.00000
  5.623E+12 5.623E+12 4.052E+00 9.834E+04 2.349E+06 3.812E+06 6.260E+06 6.260E+06 2.232E+07 38.1461 1.00000
  6.310E+12 6.310E+12 4.071E+00 1.103E+05 2.636E+06 4.377E+06 7.123E+06 7.123E+06 2.242E+07 38.3763 1.00000
  7.079E+12 7.079E+12 4.091E+00 1.238E+05 2.958E+06 5.025E+06 8.107E+06 8.107E+06 2.253E+07 38.6066 1.00000
  7.943E+12 7.943E+12 4.111E+00 1.389E+05 3.319E+06 5.770E+06 9.228E+06 9.228E+06 2.263E+07 38.8368 1.00000
  8.913E+12 8.913E+12 4.130E+00 1.559E+05 3.724E+06 6.626E+06 1.051E+07 1.051E+07 2.272E+07 39.0671 1.00000
  1.000E+13 1.000E+13 4.150E+00 1.749E+05 4.178E+06 7.609E+06 1.196E+07 1.196E+07 2.282E+07 39.2974 1.00000
  1.122E+13 1.122E+13 4.170E+00 1.962E+05 4.688E+06 8.739E+06 1.362E+07 1.362E+07 2.292E+07 39.5276 1.00000
  1.259E+13 1.259E+13 4.191E+00 2.202E+05 5.260E+06 1.004E+07 1.552E+07 1.552E+07 2.301E+07 39.7579 1.00000
  1.413E+13 1.413E+13 4.211E+00 2.470E+05 5.901E+06 1.153E+07 1.768E+07 1.768E+07 2.310E+07 39.9881 1.00000
  1.585E+13 1.585E+13 4.231E+00 2.772E+05 6.622E+06 1.324E+07 2.014E+07 2.014E+07 2.319E+07 40.2184 1.00000
  1.778E+13 1.778E+13 4.252E+00 3.110E+05 7.429E+06 1.521E+07 2.295E+07 2.295E+07 2.328E+07 40.4486 1.00000
  1.995E+13 1.995E+13 4.272E+00 3.489E+05 8.336E+06 1.747E+07 2.615E+07 2.615E+07 2.337E+07 40.6789 1.00000
  2.239E+13 2.239E+13 4.293E+00 3.915E+05 9.353E+06 2.007E+07 2.981E+07 2.981E+07 2.346E+07 40.9092 1.00000
  2.512E+13 2.512E+13 4.314E+00 4.393E+05 1.049E+07 2.306E+07 3.399E+07 3.399E+07 2.355E+07 41.1394 1.00000
  2.818E+13 2.818E+13 4.335E+00 4.929E+05 1.177E+07 2.649E+07 3.876E+07 3.876E+07 2.363E+07 41.3697 1.00000
  3.162E+13 3.162E+13 4.356E+00 5.530E+05 1.321E+07 3.043E+07 4.420E+07 4.420E+07 2.371E+07 41.5999 1.00000
  3.548E+13 3.548E+13 4.377E+00 6.205E+05 1.482E+07 3.497E+07 5.041E+07 5.041E+07 2.380E+07 41.8302 1.00000
  3.981E+13 3.981E+13 4.398E+00 6.962E+05 1.663E+07 4.018E+07 5.751E+07 5.751E+07 2.388E+07 42.0605 1.00000
  4.467E+13 4.467E+13 4.420E+00 7.812E+05 1.866E+07 4.617E+07 6.561E+07 6.561E+07 2.395E+07 42.2907 1.00000
  5.012E+13 5.012E+13 4.441E+00 8.765E+05 2.094E+07 5.306E+07 7.487E+07 7.487E+07 2.403E+07 42.5210 1.00000
  5.623E+13 5.623E+13 4.463E+00 9.834E+05 2.349E+07 6.097E+07 8.545E+07 8.545E+07 2.411E+07 42.7512 1.00000
  6.310E+13 6.310E+13 4.485E+00 1.103E+06 2.636E+07 7.007E+07 9.753E+07 9.753E+07 2.418E+07 42.9815 1.00000
  7.079E+13 7.079E+13 4.507E+00 1.238E+06 2.958E+07 8.053E+07 1.113E+08 1.113E+08 2.426E+07 43.2117 1.00000
  7.943E+13 7.943E+13 4.529E+00 1.389E+06 3.318E+07 9.256E+07 1.271E+08 1.271E+08 2.433E+07 43.4420 1.00000
  8.913E+13 8.913E+13 4.551E+00 1.559E+06 3.723E+07 1.064E+08 1.452E+08 1.452E+08 2.440E+07 43.6723 1.00000
  1.000E+14 1.000E+14 4.573E+00 1.749E+06 4.178E+07 1.223E+08 1.658E+08 1.658E+08 2.447E+07 43.9025 1.00000
  1.122E+14 1.122E+14 4.595E+00 1.962E+06 4.687E+07 1.406E+08 1.894E+08 1.894E+08 2.454E+07 44.1328 1.00000
  1.259E+14 1.259E+14 4.618E+00 2.202E+06 5.259E+07 1.616E+08 2.164E+08 2.164E+08 2.461E+07 44.3630 1.00000
  1.413E+14 1.413E+14 4.640E+00 2.470E+06 5.901E+07 1.858E+08 2.473E+08 2.473E+08 2.467E+07 44.5933 1.00000
  1.585E+14 1.585E+14 4.663E+00 2.772E+06 6.621E+07 2.136E+08 2.826E+08 2.826E+08 2.474E+07 44.8236 1.00000
  1.778E+14 1.778E+14 4.686E+00 3.110E+06 7.429E+07 2.456E+08 3.230E+08 3.230E+08 2.480E+07 45.0538 1.00000
  1.995E+14 1.995E+14 4.709E+00 3.489E+06 8.335E+07 2.824E+08 3.692E+08 3.692E+08 2.487E+07 45.2841 1.00000
  2.239E+14 2.239E+14 4.732E+00 3.915E+06 9.352E+07 3.247E+08 4.221E+08 4.221E+08 2.493E+07 45.5143 1.00000
  2.512E+14 2.512E+14 4.755E+00 4.393E+06 1.049E+08 3.733E+08 4.826E+08 4.826E+08 2.499E+07 45.7446 1.00000
  2.818E+14 2.818E+14 4.778E+00 4.929E+06 1.177E+08 4.293E+08 5.519E+08 5.519E+08 2.505E+07 45.9749 1.00000
  3.162E+14 3.162E+14 4.802E+00 5.530E+06 1.321E+08 4.937E+08 6.313E+08 6.313E+08 2.511E+07 46.2051 1.00000
  3.548E+14 3.548E+14 4.825E+00 6.205E+06 1.482E+08 5.677E+08 7.222E+08 7.222E+08 2.516E+07 46.4354 1.00000
  3.981E+14 3.981E+14 4.849E+00 6.962E+06 1.663E+08 6.529E+08 8.262E+08 8.262E+08 2.522E+07 46.6656 1.00000
  4.467E+14 4.467E+14 4.873E+00 7.812E+06 1.866E+08 7.510E+08 9.454E+08 9.454E+08 2.527E+07 46.8959 1.00000
  5.012E+14 5.012E+14 4.897E+00 8.765E+06 2.094E+08 8.637E+08 1.082E+09 1.082E+09 2.533E+07 47.1261 1.00000
  5.623E+14 5.623E+14 4.921E+00 9.834E+06 2.349E+08 9.935E+08 1.238E+09 1.238E+09 2.538E+07 47.3564 1.00000
  6.310E+14 6.310E+14 4.945E+00 1.103E+07 2.636E+08 1.143E+09 1.417E+09 1.417E+09 2.543E+07 47.5867 1.00000
  7.079E+14 7.079E+14 4.969E+00 1.238E+07 2.957E+08 1.315E+09 1.623E+09 1.623E+09 2.548E+07 47.8169 1.00000
  7.943E+14 7.943E+14 4.994E+00 1.389E+07 3.318E+08 1.512E+09 1.858E+09 1.858E+09 2.553E+07 48.0472 1.00000
  8.913E+14 8.913E+14 5.018E+00 1.559E+07 3.723E+08 1.740E+09 2.128E+09 2.128E+09 2.558E+07 48.2774 1.00000
  1.000E+15 1.000E+15 5.043E+00 1.749E+07 4.177E+08 2.001E+09 2.437E+09 2.437E+09 2.563E+07 48.5077 1.00000
