 Incident particle is a Tau with M = 1776.82000 MeV
 Index = 0: Benzene
      Absorber with <Z/A> = 0.53763
 Sternheimer coef:  a     k=m_s   x_0    x_1    I[eV]   Cbar  delta0
                 0.1652  3.2174  0.1710  2.5091   63.4  3.3269 0.00

 *** Table generated with PUMAS v1.00 ***

      T         p     Ionization  brems     pair     photonuc  Radloss    dE/dx   CSDA Range  delta   beta
    [MeV]    [MeV/c]  -----------------------[MeV cm^2/g]------------------------  [g/cm^2]
  1.000E+05 1.018E+05 2.383E+00 1.146E-04 1.779E-03 8.425E-03 1.032E-02 2.394E+00 2.089E+04  4.8345 0.99985
  1.122E+05 1.140E+05 2.404E+00 1.324E-04 2.152E-03 9.521E-03 1.180E-02 2.416E+00 2.596E+04  5.0481 0.99988
  1.259E+05 1.277E+05 2.424E+00 1.528E-04 2.592E-03 1.070E-02 1.345E-02 2.437E+00 3.160E+04  5.2640 0.99990
  1.413E+05 1.430E+05 2.444E+00 1.763E-04 3.112E-03 1.203E-02 1.532E-02 2.459E+00 3.788E+04  5.4819 0.99992
  1.585E+05 1.603E+05 2.464E+00 2.033E-04 3.724E-03 1.352E-02 1.745E-02 2.482E+00 4.485E+04  5.7017 0.99994
  1.778E+05 1.796E+05 2.484E+00 2.344E-04 4.442E-03 1.519E-02 1.986E-02 2.504E+00 5.261E+04  5.9231 0.99995
  1.995E+05 2.013E+05 2.504E+00 2.700E-04 5.284E-03 1.709E-02 2.264E-02 2.527E+00 6.124E+04  6.1461 0.99996
  2.239E+05 2.256E+05 2.524E+00 3.110E-04 6.269E-03 1.917E-02 2.575E-02 2.550E+00 7.083E+04  6.3704 0.99997
  2.512E+05 2.530E+05 2.544E+00 3.581E-04 7.419E-03 2.150E-02 2.928E-02 2.573E+00 8.149E+04  6.5958 0.99998
  2.818E+05 2.836E+05 2.564E+00 4.121E-04 8.759E-03 2.413E-02 3.330E-02 2.597E+00 9.335E+04  6.8223 0.99998
  3.162E+05 3.180E+05 2.583E+00 4.741E-04 1.032E-02 2.710E-02 3.789E-02 2.621E+00 1.065E+05  7.0496 0.99998
  3.548E+05 3.566E+05 2.603E+00 5.451E-04 1.213E-02 3.044E-02 4.311E-02 2.646E+00 1.212E+05  7.2776 0.99999
  3.981E+05 3.999E+05 2.622E+00 6.266E-04 1.423E-02 3.417E-02 4.902E-02 2.672E+00 1.375E+05  7.5062 0.99999
  4.467E+05 4.485E+05 2.642E+00 7.200E-04 1.666E-02 3.835E-02 5.573E-02 2.698E+00 1.556E+05  7.7352 0.99999
  5.012E+05 5.030E+05 2.661E+00 8.271E-04 1.947E-02 4.306E-02 6.336E-02 2.725E+00 1.757E+05  7.9645 0.99999
  5.623E+05 5.641E+05 2.681E+00 9.498E-04 2.271E-02 4.817E-02 7.184E-02 2.753E+00 1.980E+05  8.1940 1.00000
  6.310E+05 6.327E+05 2.700E+00 1.090E-03 2.646E-02 5.393E-02 8.148E-02 2.782E+00 2.228E+05  8.4235 1.00000
  7.079E+05 7.097E+05 2.720E+00 1.251E-03 3.077E-02 6.044E-02 9.246E-02 2.812E+00 2.503E+05  8.6532 1.00000
  7.943E+05 7.961E+05 2.739E+00 1.435E-03 3.573E-02 6.779E-02 1.050E-01 2.844E+00 2.809E+05  8.8829 1.00000
  8.913E+05 8.930E+05 2.758E+00 1.646E-03 4.143E-02 7.609E-02 1.192E-01 2.877E+00 3.148E+05  9.1127 1.00000
  1.000E+06 1.002E+06 2.777E+00 1.887E-03 4.798E-02 8.549E-02 1.354E-01 2.912E+00 3.523E+05  9.3425 1.00000
  1.122E+06 1.124E+06 2.796E+00 2.163E-03 5.548E-02 9.614E-02 1.538E-01 2.950E+00 3.939E+05  9.5724 1.00000
  1.259E+06 1.261E+06 2.815E+00 2.479E-03 6.408E-02 1.082E-01 1.748E-01 2.990E+00 4.401E+05  9.8023 1.00000
  1.413E+06 1.414E+06 2.834E+00 2.840E-03 7.391E-02 1.219E-01 1.986E-01 3.032E+00 4.911E+05 10.0322 1.00000
  1.585E+06 1.587E+06 2.852E+00 3.253E-03 8.515E-02 1.374E-01 2.258E-01 3.078E+00 5.475E+05 10.2622 1.00000
  1.778E+06 1.780E+06 2.871E+00 3.725E-03 9.798E-02 1.550E-01 2.567E-01 3.128E+00 6.098E+05 10.4922 1.00000
  1.995E+06 1.997E+06 2.889E+00 4.264E-03 1.126E-01 1.749E-01 2.918E-01 3.181E+00 6.786E+05 10.7223 1.00000
  2.239E+06 2.240E+06 2.907E+00 4.881E-03 1.293E-01 1.976E-01 3.318E-01 3.239E+00 7.545E+05 10.9524 1.00000
  2.512E+06 2.514E+06 2.926E+00 5.585E-03 1.483E-01 2.234E-01 3.773E-01 3.303E+00 8.380E+05 11.1824 1.00000
  2.818E+06 2.820E+06 2.943E+00 6.389E-03 1.699E-01 2.527E-01 4.290E-01 3.372E+00 9.298E+05 11.4125 1.00000
  3.162E+06 3.164E+06 2.961E+00 7.307E-03 1.945E-01 2.860E-01 4.878E-01 3.449E+00 1.031E+06 11.6427 1.00000
  3.548E+06 3.550E+06 2.979E+00 8.355E-03 2.224E-01 3.239E-01 5.547E-01 3.533E+00 1.141E+06 11.8728 1.00000
  3.981E+06 3.983E+06 2.996E+00 9.552E-03 2.541E-01 3.671E-01 6.307E-01 3.627E+00 1.262E+06 12.1030 1.00000
  4.467E+06 4.469E+06 3.013E+00 1.092E-02 2.900E-01 4.162E-01 7.171E-01 3.731E+00 1.394E+06 12.3331 1.00000
  5.012E+06 5.014E+06 3.031E+00 1.247E-02 3.307E-01 4.720E-01 8.152E-01 3.846E+00 1.538E+06 12.5633 1.00000
  5.623E+06 5.625E+06 3.047E+00 1.425E-02 3.768E-01 5.357E-01 9.268E-01 3.974E+00 1.695E+06 12.7935 1.00000
  6.310E+06 6.311E+06 3.064E+00 1.627E-02 4.290E-01 6.082E-01 1.053E+00 4.118E+00 1.864E+06 13.0237 1.00000
  7.079E+06 7.081E+06 3.081E+00 1.858E-02 4.880E-01 6.908E-01 1.197E+00 4.278E+00 2.048E+06 13.2539 1.00000
  7.943E+06 7.945E+06 3.097E+00 2.121E-02 5.548E-01 7.849E-01 1.361E+00 4.458E+00 2.246E+06 13.4841 1.00000
  8.913E+06 8.914E+06 3.113E+00 2.421E-02 6.302E-01 8.921E-01 1.547E+00 4.660E+00 2.458E+06 13.7143 1.00000
  1.000E+07 1.000E+07 3.129E+00 2.762E-02 7.154E-01 1.014E+00 1.757E+00 4.887E+00 2.686E+06 13.9445 1.00000
  1.122E+07 1.122E+07 3.145E+00 3.151E-02 8.116E-01 1.154E+00 1.997E+00 5.142E+00 2.930E+06 14.1747 1.00000
  1.259E+07 1.259E+07 3.161E+00 3.593E-02 9.201E-01 1.313E+00 2.269E+00 5.430E+00 3.189E+06 14.4049 1.00000
  1.413E+07 1.413E+07 3.177E+00 4.096E-02 1.042E+00 1.494E+00 2.577E+00 5.754E+00 3.464E+06 14.6352 1.00000
  1.585E+07 1.585E+07 3.192E+00 4.669E-02 1.180E+00 1.701E+00 2.928E+00 6.120E+00 3.754E+06 14.8654 1.00000
  1.778E+07 1.778E+07 3.208E+00 5.319E-02 1.336E+00 1.936E+00 3.325E+00 6.533E+00 4.060E+06 15.0956 1.00000
  1.995E+07 1.995E+07 3.223E+00 6.059E-02 1.511E+00 2.205E+00 3.777E+00 7.000E+00 4.381E+06 15.3259 1.00000
  2.239E+07 2.239E+07 3.238E+00 6.901E-02 1.708E+00 2.512E+00 4.289E+00 7.528E+00 4.717E+06 15.5561 1.00000
  2.512E+07 2.512E+07 3.254E+00 7.856E-02 1.931E+00 2.862E+00 4.871E+00 8.125E+00 5.067E+06 15.7863 1.00000
  2.818E+07 2.819E+07 3.269E+00 8.942E-02 2.181E+00 3.261E+00 5.531E+00 8.800E+00 5.429E+06 16.0166 1.00000
  3.162E+07 3.162E+07 3.284E+00 1.017E-01 2.462E+00 3.717E+00 6.281E+00 9.564E+00 5.805E+06 16.2468 1.00000
  3.548E+07 3.548E+07 3.299E+00 1.157E-01 2.778E+00 4.237E+00 7.131E+00 1.043E+01 6.191E+06 16.4771 1.00000
  3.981E+07 3.981E+07 3.314E+00 1.316E-01 3.134E+00 4.831E+00 8.097E+00 1.141E+01 6.588E+06 16.7073 1.00000
  4.467E+07 4.467E+07 3.329E+00 1.496E-01 3.534E+00 5.508E+00 9.193E+00 1.252E+01 6.995E+06 16.9376 1.00000
  5.012E+07 5.012E+07 3.344E+00 1.701E-01 3.984E+00 6.282E+00 1.044E+01 1.378E+01 7.411E+06 17.1678 1.00000
  5.623E+07 5.624E+07 3.359E+00 1.932E-01 4.490E+00 7.165E+00 1.185E+01 1.521E+01 7.834E+06 17.3981 1.00000
  6.310E+07 6.310E+07 3.374E+00 2.195E-01 5.058E+00 8.173E+00 1.345E+01 1.682E+01 8.263E+06 17.6283 1.00000
  7.079E+07 7.080E+07 3.388E+00 2.492E-01 5.697E+00 9.324E+00 1.527E+01 1.866E+01 8.698E+06 17.8586 1.00000
  7.943E+07 7.943E+07 3.403E+00 2.829E-01 6.415E+00 1.064E+01 1.734E+01 2.074E+01 9.138E+06 18.0888 1.00000
  8.913E+07 8.913E+07 3.418E+00 3.211E-01 7.221E+00 1.214E+01 1.968E+01 2.310E+01 9.582E+06 18.3191 1.00000
  1.000E+08 1.000E+08 3.433E+00 3.643E-01 8.126E+00 1.385E+01 2.234E+01 2.578E+01 1.003E+07 18.5493 1.00000
  1.122E+08 1.122E+08 3.448E+00 4.131E-01 9.143E+00 1.581E+01 2.537E+01 2.881E+01 1.048E+07 18.7796 1.00000
  1.259E+08 1.259E+08 3.463E+00 4.684E-01 1.028E+01 1.805E+01 2.880E+01 3.226E+01 1.093E+07 19.0098 1.00000
  1.413E+08 1.413E+08 3.479E+00 5.310E-01 1.157E+01 2.060E+01 3.270E+01 3.618E+01 1.138E+07 19.2401 1.00000
  1.585E+08 1.585E+08 3.494E+00 6.018E-01 1.301E+01 2.352E+01 3.712E+01 4.062E+01 1.183E+07 19.4704 1.00000
  1.778E+08 1.778E+08 3.509E+00 6.817E-01 1.462E+01 2.685E+01 4.215E+01 4.566E+01 1.228E+07 19.7006 1.00000
  1.995E+08 1.995E+08 3.524E+00 7.721E-01 1.644E+01 3.065E+01 4.786E+01 5.139E+01 1.273E+07 19.9309 1.00000
  2.239E+08 2.239E+08 3.540E+00 8.743E-01 1.847E+01 3.500E+01 5.435E+01 5.789E+01 1.317E+07 20.1611 1.00000
  2.512E+08 2.512E+08 3.555E+00 9.896E-01 2.076E+01 3.997E+01 6.172E+01 6.527E+01 1.362E+07 20.3914 1.00000
  2.818E+08 2.818E+08 3.570E+00 1.120E+00 2.333E+01 4.564E+01 7.009E+01 7.366E+01 1.406E+07 20.6216 1.00000
  3.162E+08 3.162E+08 3.586E+00 1.267E+00 2.621E+01 5.213E+01 7.960E+01 8.319E+01 1.450E+07 20.8519 1.00000
  3.548E+08 3.548E+08 3.602E+00 1.433E+00 2.944E+01 5.954E+01 9.041E+01 9.401E+01 1.494E+07 21.0822 1.00000
  3.981E+08 3.981E+08 3.617E+00 1.620E+00 3.307E+01 6.801E+01 1.027E+02 1.063E+02 1.537E+07 21.3124 1.00000
  4.467E+08 4.467E+08 3.633E+00 1.831E+00 3.714E+01 7.768E+01 1.167E+02 1.203E+02 1.580E+07 21.5427 1.00000
  5.012E+08 5.012E+08 3.649E+00 2.069E+00 4.172E+01 8.874E+01 1.325E+02 1.362E+02 1.623E+07 21.7729 1.00000
  5.623E+08 5.623E+08 3.665E+00 2.338E+00 4.685E+01 1.014E+02 1.506E+02 1.542E+02 1.665E+07 22.0032 1.00000
  6.310E+08 6.310E+08 3.681E+00 2.640E+00 5.260E+01 1.158E+02 1.711E+02 1.748E+02 1.707E+07 22.2334 1.00000
  7.079E+08 7.079E+08 3.697E+00 2.981E+00 5.906E+01 1.323E+02 1.944E+02 1.981E+02 1.748E+07 22.4637 1.00000
  7.943E+08 7.943E+08 3.713E+00 3.366E+00 6.631E+01 1.512E+02 2.209E+02 2.246E+02 1.790E+07 22.6940 1.00000
  8.913E+08 8.913E+08 3.729E+00 3.799E+00 7.445E+01 1.728E+02 2.510E+02 2.548E+02 1.830E+07 22.9242 1.00000
  1.000E+09 1.000E+09 3.745E+00 4.286E+00 8.358E+01 1.975E+02 2.853E+02 2.891E+02 1.870E+07 23.1545 1.00000
  1.122E+09 1.122E+09 3.762E+00 4.835E+00 9.382E+01 2.257E+02 3.243E+02 3.281E+02 1.910E+07 23.3847 1.00000
  1.259E+09 1.259E+09 3.778E+00 5.453E+00 1.053E+02 2.579E+02 3.687E+02 3.725E+02 1.949E+07 23.6150 1.00000
  1.413E+09 1.413E+09 3.795E+00 6.149E+00 1.182E+02 2.948E+02 4.191E+02 4.229E+02 1.988E+07 23.8452 1.00000
  1.585E+09 1.585E+09 3.811E+00 6.932E+00 1.327E+02 3.369E+02 4.766E+02 4.804E+02 2.026E+07 24.0755 1.00000
  1.778E+09 1.778E+09 3.828E+00 7.813E+00 1.489E+02 3.851E+02 5.419E+02 5.457E+02 2.064E+07 24.3058 1.00000
  1.995E+09 1.995E+09 3.845E+00 8.804E+00 1.672E+02 4.403E+02 6.162E+02 6.201E+02 2.102E+07 24.5360 1.00000
  2.239E+09 2.239E+09 3.862E+00 9.919E+00 1.876E+02 5.033E+02 7.009E+02 7.047E+02 2.138E+07 24.7663 1.00000
  2.512E+09 2.512E+09 3.879E+00 1.117E+01 2.106E+02 5.754E+02 7.972E+02 8.010E+02 2.175E+07 24.9965 1.00000
  2.818E+09 2.818E+09 3.896E+00 1.258E+01 2.363E+02 6.579E+02 9.068E+02 9.107E+02 2.211E+07 25.2268 1.00000
  3.162E+09 3.162E+09 3.913E+00 1.417E+01 2.652E+02 7.522E+02 1.032E+03 1.036E+03 2.246E+07 25.4571 1.00000
  3.548E+09 3.548E+09 3.931E+00 1.595E+01 2.976E+02 8.602E+02 1.174E+03 1.178E+03 2.281E+07 25.6873 1.00000
  3.981E+09 3.981E+09 3.948E+00 1.795E+01 3.340E+02 9.836E+02 1.336E+03 1.339E+03 2.316E+07 25.9176 1.00000
  4.467E+09 4.467E+09 3.965E+00 2.020E+01 3.748E+02 1.125E+03 1.520E+03 1.524E+03 2.350E+07 26.1478 1.00000
  5.012E+09 5.012E+09 3.983E+00 2.273E+01 4.206E+02 1.286E+03 1.730E+03 1.734E+03 2.384E+07 26.3781 1.00000
  5.623E+09 5.623E+09 4.001E+00 2.557E+01 4.719E+02 1.471E+03 1.969E+03 1.973E+03 2.417E+07 26.6083 1.00000
  6.310E+09 6.310E+09 4.019E+00 2.877E+01 5.296E+02 1.683E+03 2.241E+03 2.245E+03 2.449E+07 26.8386 1.00000
  7.079E+09 7.079E+09 4.036E+00 3.235E+01 5.943E+02 1.925E+03 2.551E+03 2.555E+03 2.482E+07 27.0689 1.00000
  7.943E+09 7.943E+09 4.054E+00 3.638E+01 6.668E+02 2.202E+03 2.905E+03 2.909E+03 2.513E+07 27.2991 1.00000
  8.913E+09 8.913E+09 4.073E+00 4.091E+01 7.482E+02 2.518E+03 3.308E+03 3.312E+03 2.545E+07 27.5294 1.00000
  1.000E+10 1.000E+10 4.091E+00 4.599E+01 8.396E+02 2.881E+03 3.767E+03 3.771E+03 2.575E+07 27.7596 1.00000
  1.122E+10 1.122E+10 4.109E+00 5.170E+01 9.421E+02 3.296E+03 4.290E+03 4.294E+03 2.606E+07 27.9899 1.00000
  1.259E+10 1.259E+10 4.127E+00 5.811E+01 1.057E+03 3.771E+03 4.886E+03 4.890E+03 2.636E+07 28.2202 1.00000
  1.413E+10 1.413E+10 4.146E+00 6.530E+01 1.186E+03 4.315E+03 5.566E+03 5.570E+03 2.665E+07 28.4504 1.00000
  1.585E+10 1.585E+10 4.165E+00 7.339E+01 1.331E+03 4.937E+03 6.341E+03 6.345E+03 2.694E+07 28.6807 1.00000
  1.778E+10 1.778E+10 4.183E+00 8.246E+01 1.493E+03 5.649E+03 7.225E+03 7.229E+03 2.723E+07 28.9109 1.00000
  1.995E+10 1.995E+10 4.202E+00 9.264E+01 1.676E+03 6.465E+03 8.233E+03 8.237E+03 2.751E+07 29.1412 1.00000
  2.239E+10 2.239E+10 4.221E+00 1.041E+02 1.880E+03 7.398E+03 9.383E+03 9.387E+03 2.779E+07 29.3715 1.00000
  2.512E+10 2.512E+10 4.240E+00 1.169E+02 2.110E+03 8.467E+03 1.069E+04 1.070E+04 2.806E+07 29.6017 1.00000
  2.818E+10 2.818E+10 4.259E+00 1.313E+02 2.367E+03 9.691E+03 1.219E+04 1.219E+04 2.833E+07 29.8320 1.00000
  3.162E+10 3.162E+10 4.278E+00 1.475E+02 2.656E+03 1.109E+04 1.390E+04 1.390E+04 2.860E+07 30.0622 1.00000
  3.548E+10 3.548E+10 4.298E+00 1.657E+02 2.980E+03 1.270E+04 1.584E+04 1.585E+04 2.886E+07 30.2925 1.00000
  3.981E+10 3.981E+10 4.317E+00 1.860E+02 3.344E+03 1.453E+04 1.806E+04 1.807E+04 2.911E+07 30.5227 1.00000
  4.467E+10 4.467E+10 4.337E+00 2.089E+02 3.752E+03 1.664E+04 2.060E+04 2.060E+04 2.936E+07 30.7530 1.00000
  5.012E+10 5.012E+10 4.357E+00 2.346E+02 4.209E+03 1.905E+04 2.349E+04 2.350E+04 2.961E+07 30.9833 1.00000
  5.623E+10 5.623E+10 4.376E+00 2.634E+02 4.723E+03 2.181E+04 2.679E+04 2.680E+04 2.986E+07 31.2135 1.00000
  6.310E+10 6.310E+10 4.396E+00 2.957E+02 5.299E+03 2.497E+04 3.056E+04 3.057E+04 3.010E+07 31.4438 1.00000
  7.079E+10 7.079E+10 4.416E+00 3.320E+02 5.946E+03 2.859E+04 3.487E+04 3.487E+04 3.033E+07 31.6740 1.00000
  7.943E+10 7.943E+10 4.436E+00 3.727E+02 6.671E+03 3.274E+04 3.978E+04 3.978E+04 3.057E+07 31.9043 1.00000
  8.913E+10 8.913E+10 4.457E+00 4.184E+02 7.485E+03 3.749E+04 4.539E+04 4.539E+04 3.079E+07 32.1346 1.00000
  1.000E+11 1.000E+11 4.477E+00 4.697E+02 8.398E+03 4.293E+04 5.180E+04 5.180E+04 3.102E+07 32.3648 1.00000
  1.122E+11 1.122E+11 4.498E+00 5.272E+02 9.423E+03 4.916E+04 5.911E+04 5.912E+04 3.124E+07 32.5951 1.00000
  1.259E+11 1.259E+11 4.518E+00 5.918E+02 1.057E+04 5.631E+04 6.747E+04 6.748E+04 3.146E+07 32.8253 1.00000
  1.413E+11 1.413E+11 4.539E+00 6.643E+02 1.186E+04 6.449E+04 7.702E+04 7.702E+04 3.167E+07 33.0556 1.00000
  1.585E+11 1.585E+11 4.560E+00 7.456E+02 1.331E+04 7.387E+04 8.793E+04 8.793E+04 3.188E+07 33.2858 1.00000
  1.778E+11 1.778E+11 4.581E+00 8.368E+02 1.493E+04 8.462E+04 1.004E+05 1.004E+05 3.209E+07 33.5161 1.00000
  1.995E+11 1.995E+11 4.602E+00 9.392E+02 1.675E+04 9.693E+04 1.146E+05 1.146E+05 3.229E+07 33.7464 1.00000
  2.239E+11 2.239E+11 4.623E+00 1.054E+03 1.880E+04 1.110E+05 1.309E+05 1.309E+05 3.249E+07 33.9766 1.00000
  2.512E+11 2.512E+11 4.644E+00 1.183E+03 2.109E+04 1.272E+05 1.495E+05 1.495E+05 3.269E+07 34.2069 1.00000
  2.818E+11 2.818E+11 4.666E+00 1.328E+03 2.366E+04 1.458E+05 1.708E+05 1.708E+05 3.288E+07 34.4371 1.00000
  3.162E+11 3.162E+11 4.687E+00 1.490E+03 2.655E+04 1.670E+05 1.951E+05 1.951E+05 3.307E+07 34.6674 1.00000
  3.548E+11 3.548E+11 4.709E+00 1.672E+03 2.979E+04 1.914E+05 2.228E+05 2.228E+05 3.325E+07 34.8977 1.00000
  3.981E+11 3.981E+11 4.731E+00 1.876E+03 3.342E+04 2.193E+05 2.546E+05 2.546E+05 3.343E+07 35.1279 1.00000
  4.467E+11 4.467E+11 4.753E+00 2.106E+03 3.750E+04 2.513E+05 2.909E+05 2.909E+05 3.361E+07 35.3582 1.00000
  5.012E+11 5.012E+11 4.775E+00 2.363E+03 4.208E+04 2.880E+05 3.324E+05 3.324E+05 3.379E+07 35.5884 1.00000
  5.623E+11 5.623E+11 4.797E+00 2.652E+03 4.721E+04 3.301E+05 3.799E+05 3.799E+05 3.396E+07 35.8187 1.00000
  6.310E+11 6.310E+11 4.819E+00 2.976E+03 5.297E+04 3.783E+05 4.342E+05 4.342E+05 3.413E+07 36.0489 1.00000
  7.079E+11 7.079E+11 4.841E+00 3.339E+03 5.943E+04 4.336E+05 4.964E+05 4.964E+05 3.430E+07 36.2792 1.00000
  7.943E+11 7.943E+11 4.864E+00 3.747E+03 6.668E+04 4.970E+05 5.674E+05 5.674E+05 3.446E+07 36.5095 1.00000
  8.913E+11 8.913E+11 4.887E+00 4.204E+03 7.481E+04 5.697E+05 6.487E+05 6.487E+05 3.462E+07 36.7397 1.00000
  1.000E+12 1.000E+12 4.909E+00 4.718E+03 8.393E+04 6.531E+05 7.418E+05 7.418E+05 3.478E+07 36.9700 1.00000
  1.122E+12 1.122E+12 4.932E+00 5.294E+03 9.417E+04 7.488E+05 8.482E+05 8.482E+05 3.493E+07 37.2002 1.00000
  1.259E+12 1.259E+12 4.955E+00 5.940E+03 1.057E+05 8.584E+05 9.700E+05 9.700E+05 3.508E+07 37.4305 1.00000
  1.413E+12 1.413E+12 4.979E+00 6.665E+03 1.185E+05 9.842E+05 1.109E+06 1.109E+06 3.523E+07 37.6608 1.00000
  1.585E+12 1.585E+12 5.002E+00 7.479E+03 1.330E+05 1.129E+06 1.269E+06 1.269E+06 3.538E+07 37.8910 1.00000
  1.778E+12 1.778E+12 5.025E+00 8.392E+03 1.492E+05 1.294E+06 1.452E+06 1.452E+06 3.552E+07 38.1213 1.00000
  1.995E+12 1.995E+12 5.049E+00 9.417E+03 1.674E+05 1.484E+06 1.661E+06 1.661E+06 3.566E+07 38.3515 1.00000
  2.239E+12 2.239E+12 5.072E+00 1.057E+04 1.879E+05 1.702E+06 1.900E+06 1.900E+06 3.580E+07 38.5818 1.00000
  2.512E+12 2.512E+12 5.096E+00 1.186E+04 2.108E+05 1.952E+06 2.174E+06 2.174E+06 3.593E+07 38.8120 1.00000
  2.818E+12 2.818E+12 5.120E+00 1.330E+04 2.365E+05 2.238E+06 2.488E+06 2.488E+06 3.606E+07 39.0423 1.00000
  3.162E+12 3.162E+12 5.144E+00 1.493E+04 2.653E+05 2.567E+06 2.847E+06 2.847E+06 3.619E+07 39.2726 1.00000
  3.548E+12 3.548E+12 5.168E+00 1.675E+04 2.977E+05 2.945E+06 3.259E+06 3.259E+06 3.632E+07 39.5028 1.00000
  3.981E+12 3.981E+12 5.193E+00 1.879E+04 3.340E+05 3.378E+06 3.730E+06 3.730E+06 3.644E+07 39.7331 1.00000
  4.467E+12 4.467E+12 5.217E+00 2.109E+04 3.747E+05 3.874E+06 4.270E+06 4.270E+06 3.657E+07 39.9633 1.00000
  5.012E+12 5.012E+12 5.242E+00 2.366E+04 4.204E+05 4.445E+06 4.889E+06 4.889E+06 3.669E+07 40.1936 1.00000
  5.623E+12 5.623E+12 5.267E+00 2.655E+04 4.717E+05 5.099E+06 5.597E+06 5.597E+06 3.680E+07 40.4239 1.00000
  6.310E+12 6.310E+12 5.292E+00 2.979E+04 5.292E+05 5.850E+06 6.409E+06 6.409E+06 3.692E+07 40.6541 1.00000
  7.079E+12 7.079E+12 5.317E+00 3.342E+04 5.938E+05 6.712E+06 7.339E+06 7.339E+06 3.703E+07 40.8844 1.00000
  7.943E+12 7.943E+12 5.342E+00 3.750E+04 6.662E+05 7.702E+06 8.405E+06 8.405E+06 3.714E+07 41.1146 1.00000
  8.913E+12 8.913E+12 5.367E+00 4.208E+04 7.475E+05 8.837E+06 9.627E+06 9.627E+06 3.725E+07 41.3449 1.00000
  1.000E+13 1.000E+13 5.392E+00 4.721E+04 8.386E+05 1.014E+07 1.103E+07 1.103E+07 3.735E+07 41.5752 1.00000
  1.122E+13 1.122E+13 5.418E+00 5.297E+04 9.409E+05 1.164E+07 1.263E+07 1.263E+07 3.746E+07 41.8054 1.00000
  1.259E+13 1.259E+13 5.444E+00 5.943E+04 1.056E+06 1.336E+07 1.447E+07 1.447E+07 3.756E+07 42.0357 1.00000
  1.413E+13 1.413E+13 5.469E+00 6.669E+04 1.184E+06 1.533E+07 1.658E+07 1.658E+07 3.766E+07 42.2659 1.00000
  1.585E+13 1.585E+13 5.495E+00 7.482E+04 1.329E+06 1.759E+07 1.900E+07 1.900E+07 3.776E+07 42.4962 1.00000
  1.778E+13 1.778E+13 5.522E+00 8.396E+04 1.491E+06 2.019E+07 2.177E+07 2.177E+07 3.785E+07 42.7264 1.00000
  1.995E+13 1.995E+13 5.548E+00 9.420E+04 1.673E+06 2.318E+07 2.495E+07 2.495E+07 3.794E+07 42.9567 1.00000
  2.239E+13 2.239E+13 5.574E+00 1.057E+05 1.877E+06 2.661E+07 2.859E+07 2.859E+07 3.804E+07 43.1870 1.00000
  2.512E+13 2.512E+13 5.601E+00 1.186E+05 2.106E+06 3.054E+07 3.277E+07 3.277E+07 3.813E+07 43.4172 1.00000
  2.818E+13 2.818E+13 5.628E+00 1.331E+05 2.362E+06 3.506E+07 3.756E+07 3.756E+07 3.821E+07 43.6475 1.00000
  3.162E+13 3.162E+13 5.654E+00 1.493E+05 2.651E+06 4.026E+07 4.306E+07 4.306E+07 3.830E+07 43.8777 1.00000
  3.548E+13 3.548E+13 5.681E+00 1.675E+05 2.974E+06 4.622E+07 4.936E+07 4.936E+07 3.838E+07 44.1080 1.00000
  3.981E+13 3.981E+13 5.708E+00 1.880E+05 3.336E+06 5.307E+07 5.659E+07 5.659E+07 3.846E+07 44.3383 1.00000
  4.467E+13 4.467E+13 5.736E+00 2.109E+05 3.743E+06 6.094E+07 6.489E+07 6.489E+07 3.855E+07 44.5685 1.00000
  5.012E+13 5.012E+13 5.763E+00 2.366E+05 4.200E+06 6.997E+07 7.441E+07 7.441E+07 3.862E+07 44.7988 1.00000
  5.623E+13 5.623E+13 5.791E+00 2.655E+05 4.712E+06 8.035E+07 8.533E+07 8.533E+07 3.870E+07 45.0290 1.00000
  6.310E+13 6.310E+13 5.818E+00 2.979E+05 5.287E+06 9.227E+07 9.786E+07 9.786E+07 3.878E+07 45.2593 1.00000
  7.079E+13 7.079E+13 5.846E+00 3.342E+05 5.932E+06 1.060E+08 1.122E+08 1.122E+08 3.885E+07 45.4895 1.00000
  7.943E+13 7.943E+13 5.874E+00 3.750E+05 6.655E+06 1.217E+08 1.287E+08 1.287E+08 3.892E+07 45.7198 1.00000
  8.913E+13 8.913E+13 5.902E+00 4.208E+05 7.466E+06 1.398E+08 1.477E+08 1.477E+08 3.899E+07 45.9501 1.00000
  1.000E+14 1.000E+14 5.931E+00 4.721E+05 8.377E+06 1.606E+08 1.694E+08 1.694E+08 3.906E+07 46.1803 1.00000
  1.122E+14 1.122E+14 5.959E+00 5.297E+05 9.399E+06 1.844E+08 1.944E+08 1.944E+08 3.913E+07 46.4106 1.00000
  1.259E+14 1.259E+14 5.988E+00 5.944E+05 1.054E+07 2.119E+08 2.230E+08 2.230E+08 3.919E+07 46.6408 1.00000
  1.413E+14 1.413E+14 6.017E+00 6.669E+05 1.183E+07 2.434E+08 2.559E+08 2.559E+08 3.926E+07 46.8711 1.00000
  1.585E+14 1.585E+14 6.045E+00 7.483E+05 1.327E+07 2.796E+08 2.936E+08 2.936E+08 3.932E+07 47.1014 1.00000
  1.778E+14 1.778E+14 6.074E+00 8.396E+05 1.489E+07 3.212E+08 3.370E+08 3.370E+08 3.938E+07 47.3316 1.00000
  1.995E+14 1.995E+14 6.104E+00 9.420E+05 1.671E+07 3.691E+08 3.867E+08 3.867E+08 3.944E+07 47.5619 1.00000
  2.239E+14 2.239E+14 6.133E+00 1.057E+06 1.875E+07 4.240E+08 4.438E+08 4.438E+08 3.950E+07 47.7921 1.00000
  2.512E+14 2.512E+14 6.163E+00 1.186E+06 2.103E+07 4.872E+08 5.095E+08 5.095E+08 3.956E+07 48.0224 1.00000
  2.818E+14 2.818E+14 6.192E+00 1.331E+06 2.360E+07 5.599E+08 5.848E+08 5.848E+08 3.962E+07 48.2526 1.00000
  3.162E+14 3.162E+14 6.222E+00 1.493E+06 2.647E+07 6.434E+08 6.713E+08 6.713E+08 3.967E+07 48.4829 1.00000
  3.548E+14 3.548E+14 6.252E+00 1.675E+06 2.970E+07 7.393E+08 7.707E+08 7.707E+08 3.973E+07 48.7132 1.00000
  3.981E+14 3.981E+14 6.282E+00 1.880E+06 3.332E+07 8.497E+08 8.849E+08 8.849E+08 3.978E+07 48.9434 1.00000
  4.467E+14 4.467E+14 6.313E+00 2.109E+06 3.739E+07 9.765E+08 1.016E+09 1.016E+09 3.983E+07 49.1737 1.00000
  5.012E+14 5.012E+14 6.343E+00 2.366E+06 4.195E+07 1.122E+09 1.167E+09 1.167E+09 3.988E+07 49.4039 1.00000
  5.623E+14 5.623E+14 6.374E+00 2.655E+06 4.706E+07 1.290E+09 1.340E+09 1.340E+09 3.993E+07 49.6342 1.00000
  6.310E+14 6.310E+14 6.404E+00 2.979E+06 5.280E+07 1.483E+09 1.539E+09 1.539E+09 3.998E+07 49.8645 1.00000
  7.079E+14 7.079E+14 6.435E+00 3.342E+06 5.924E+07 1.704E+09 1.767E+09 1.767E+09 4.002E+07 50.0947 1.00000
  7.943E+14 7.943E+14 6.466E+00 3.750E+06 6.646E+07 1.959E+09 2.029E+09 2.029E+09 4.007E+07 50.3250 1.00000
  8.913E+14 8.913E+14 6.498E+00 4.208E+06 7.457E+07 2.252E+09 2.331E+09 2.331E+09 4.011E+07 50.5552 1.00000
  1.000E+15 1.000E+15 6.529E+00 4.721E+06 8.366E+07 2.589E+09 2.678E+09 2.678E+09 4.016E+07 50.7855 1.00000
