 Incident particle is a Tau with M = 1776.82000 MeV
 Index = 0: Boron
      Absorber with <Z/A> = 0.46253
 Density effect computed following Fano (1963)
 Models for Radloss: brems =  SSR, pair =  SSR, photonuc = DRSS

 *** Table generated with PUMAS v1.1 ***

      T         p     Ionization  brems     pair     photonuc  Radloss    dE/dx   CSDA Range  delta   beta
    [MeV]    [MeV/c]  -----------------------[MeV cm^2/g]------------------------  [g/cm^2]
  1.000E+05 1.018E+05 1.994E+00 2.739E-05 1.449E-03 6.730E-03 8.206E-03 2.002E+00 2.498E+04  5.2715 0.99985
  1.122E+05 1.140E+05 2.011E+00 3.318E-05 1.755E-03 7.632E-03 9.419E-03 2.020E+00 3.104E+04  5.4933 0.99988
  1.259E+05 1.277E+05 2.028E+00 4.012E-05 2.116E-03 8.636E-03 1.079E-02 2.038E+00 3.779E+04  5.7164 0.99990
  1.413E+05 1.430E+05 2.044E+00 4.843E-05 2.541E-03 9.745E-03 1.233E-02 2.057E+00 4.529E+04  5.9406 0.99992
  1.585E+05 1.603E+05 2.061E+00 5.834E-05 3.042E-03 1.101E-02 1.411E-02 2.075E+00 5.363E+04  6.1658 0.99994
  1.778E+05 1.796E+05 2.078E+00 7.016E-05 3.631E-03 1.240E-02 1.610E-02 2.094E+00 6.291E+04  6.3917 0.99995
  1.995E+05 2.013E+05 2.095E+00 8.422E-05 4.321E-03 1.399E-02 1.839E-02 2.114E+00 7.322E+04  6.6183 0.99996
  2.239E+05 2.256E+05 2.112E+00 1.009E-04 5.128E-03 1.574E-02 2.097E-02 2.133E+00 8.468E+04  6.8454 0.99997
  2.512E+05 2.530E+05 2.129E+00 1.206E-04 6.071E-03 1.771E-02 2.390E-02 2.153E+00 9.743E+04  7.0729 0.99998
  2.818E+05 2.836E+05 2.146E+00 1.440E-04 7.171E-03 1.993E-02 2.724E-02 2.173E+00 1.116E+05  7.3009 0.99998
  3.162E+05 3.180E+05 2.163E+00 1.715E-04 8.451E-03 2.243E-02 3.105E-02 2.194E+00 1.274E+05  7.5292 0.99998
  3.548E+05 3.566E+05 2.180E+00 2.040E-04 9.940E-03 2.523E-02 3.537E-02 2.215E+00 1.449E+05  7.7577 0.99999
  3.981E+05 3.999E+05 2.196E+00 2.421E-04 1.167E-02 2.837E-02 4.028E-02 2.237E+00 1.643E+05  7.9865 0.99999
  4.467E+05 4.485E+05 2.213E+00 2.869E-04 1.367E-02 3.191E-02 4.586E-02 2.259E+00 1.859E+05  8.2155 0.99999
  5.012E+05 5.030E+05 2.230E+00 3.395E-04 1.599E-02 3.586E-02 5.219E-02 2.282E+00 2.099E+05  8.4446 0.99999
  5.623E+05 5.641E+05 2.247E+00 4.009E-04 1.867E-02 4.034E-02 5.941E-02 2.306E+00 2.366E+05  8.6739 1.00000
  6.310E+05 6.327E+05 2.263E+00 4.727E-04 2.176E-02 4.540E-02 6.764E-02 2.331E+00 2.662E+05  8.9033 1.00000
  7.079E+05 7.097E+05 2.280E+00 5.565E-04 2.533E-02 5.111E-02 7.700E-02 2.357E+00 2.990E+05  9.1328 1.00000
  7.943E+05 7.961E+05 2.297E+00 6.541E-04 2.944E-02 5.755E-02 8.764E-02 2.384E+00 3.354E+05  9.3625 1.00000
  8.913E+05 8.930E+05 2.313E+00 7.678E-04 3.416E-02 6.480E-02 9.973E-02 2.413E+00 3.759E+05  9.5921 1.00000
  1.000E+06 1.002E+06 2.329E+00 8.999E-04 3.959E-02 7.303E-02 1.135E-01 2.443E+00 4.206E+05  9.8219 1.00000
  1.122E+06 1.124E+06 2.346E+00 1.053E-03 4.582E-02 8.229E-02 1.292E-01 2.475E+00 4.703E+05 10.0517 1.00000
  1.259E+06 1.261E+06 2.362E+00 1.231E-03 5.296E-02 9.284E-02 1.470E-01 2.509E+00 5.252E+05 10.2816 1.00000
  1.413E+06 1.414E+06 2.378E+00 1.437E-03 6.114E-02 1.047E-01 1.673E-01 2.545E+00 5.860E+05 10.5115 1.00000
  1.585E+06 1.587E+06 2.394E+00 1.676E-03 7.050E-02 1.183E-01 1.904E-01 2.585E+00 6.532E+05 10.7415 1.00000
  1.778E+06 1.780E+06 2.410E+00 1.952E-03 8.119E-02 1.335E-01 2.167E-01 2.627E+00 7.274E+05 10.9715 1.00000
  1.995E+06 1.997E+06 2.426E+00 2.270E-03 9.340E-02 1.509E-01 2.466E-01 2.672E+00 8.093E+05 11.2015 1.00000
  2.239E+06 2.240E+06 2.442E+00 2.638E-03 1.073E-01 1.706E-01 2.806E-01 2.722E+00 8.995E+05 11.4316 1.00000
  2.512E+06 2.514E+06 2.457E+00 3.063E-03 1.232E-01 1.930E-01 3.193E-01 2.776E+00 9.989E+05 11.6616 1.00000
  2.818E+06 2.820E+06 2.473E+00 3.553E-03 1.413E-01 2.185E-01 3.633E-01 2.836E+00 1.108E+06 11.8917 1.00000
  3.162E+06 3.164E+06 2.488E+00 4.117E-03 1.618E-01 2.474E-01 4.133E-01 2.901E+00 1.228E+06 12.1218 1.00000
  3.548E+06 3.550E+06 2.503E+00 4.765E-03 1.852E-01 2.802E-01 4.702E-01 2.973E+00 1.359E+06 12.3520 1.00000
  3.981E+06 3.983E+06 2.518E+00 5.509E-03 2.118E-01 3.176E-01 5.348E-01 3.053E+00 1.503E+06 12.5821 1.00000
  4.467E+06 4.469E+06 2.533E+00 6.364E-03 2.419E-01 3.600E-01 6.083E-01 3.141E+00 1.660E+06 12.8123 1.00000
  5.012E+06 5.014E+06 2.547E+00 7.346E-03 2.761E-01 4.084E-01 6.918E-01 3.239E+00 1.831E+06 13.0424 1.00000
  5.623E+06 5.625E+06 2.562E+00 8.476E-03 3.148E-01 4.635E-01 7.868E-01 3.349E+00 2.016E+06 13.2726 1.00000
  6.310E+06 6.311E+06 2.576E+00 9.773E-03 3.587E-01 5.263E-01 8.947E-01 3.471E+00 2.218E+06 13.5028 1.00000
  7.079E+06 7.081E+06 2.591E+00 1.126E-02 4.084E-01 5.977E-01 1.017E+00 3.608E+00 2.435E+06 13.7330 1.00000
  7.943E+06 7.945E+06 2.605E+00 1.296E-02 4.646E-01 6.791E-01 1.157E+00 3.761E+00 2.670E+06 13.9632 1.00000
  8.913E+06 8.914E+06 2.619E+00 1.491E-02 5.281E-01 7.718E-01 1.315E+00 3.934E+00 2.922E+06 14.1934 1.00000
  1.000E+07 1.000E+07 2.633E+00 1.714E-02 6.000E-01 8.775E-01 1.495E+00 4.127E+00 3.192E+06 14.4236 1.00000
  1.122E+07 1.122E+07 2.646E+00 1.969E-02 6.811E-01 9.980E-01 1.699E+00 4.345E+00 3.480E+06 14.6539 1.00000
  1.259E+07 1.259E+07 2.660E+00 2.260E-02 7.727E-01 1.135E+00 1.931E+00 4.591E+00 3.786E+06 14.8841 1.00000
  1.413E+07 1.413E+07 2.673E+00 2.593E-02 8.762E-01 1.292E+00 2.194E+00 4.867E+00 4.111E+06 15.1143 1.00000
  1.585E+07 1.585E+07 2.687E+00 2.973E-02 9.928E-01 1.471E+00 2.493E+00 5.180E+00 4.454E+06 15.3445 1.00000
  1.778E+07 1.778E+07 2.700E+00 3.407E-02 1.124E+00 1.674E+00 2.833E+00 5.533E+00 4.816E+06 15.5748 1.00000
  1.995E+07 1.995E+07 2.713E+00 3.902E-02 1.273E+00 1.907E+00 3.219E+00 5.932E+00 5.194E+06 15.8050 1.00000
  2.239E+07 2.239E+07 2.726E+00 4.466E-02 1.440E+00 2.172E+00 3.657E+00 6.383E+00 5.590E+06 16.0353 1.00000
  2.512E+07 2.512E+07 2.739E+00 5.110E-02 1.628E+00 2.475E+00 4.154E+00 6.894E+00 6.002E+06 16.2655 1.00000
  2.818E+07 2.819E+07 2.752E+00 5.844E-02 1.840E+00 2.820E+00 4.719E+00 7.472E+00 6.428E+06 16.4957 1.00000
  3.162E+07 3.162E+07 2.765E+00 6.681E-02 2.079E+00 3.215E+00 5.361E+00 8.126E+00 6.870E+06 16.7260 1.00000
  3.548E+07 3.548E+07 2.778E+00 7.633E-02 2.348E+00 3.665E+00 6.089E+00 8.867E+00 7.324E+06 16.9562 1.00000
  3.981E+07 3.981E+07 2.791E+00 8.717E-02 2.650E+00 4.179E+00 6.916E+00 9.708E+00 7.791E+06 17.1865 1.00000
  4.467E+07 4.467E+07 2.804E+00 9.950E-02 2.990E+00 4.766E+00 7.856E+00 1.066E+01 8.268E+06 17.4167 1.00000
  5.012E+07 5.012E+07 2.817E+00 1.135E-01 3.373E+00 5.436E+00 8.923E+00 1.174E+01 8.755E+06 17.6470 1.00000
  5.623E+07 5.624E+07 2.830E+00 1.295E-01 3.803E+00 6.201E+00 1.013E+01 1.296E+01 9.251E+06 17.8772 1.00000
  6.310E+07 6.310E+07 2.843E+00 1.476E-01 4.287E+00 7.075E+00 1.151E+01 1.435E+01 9.754E+06 18.1075 1.00000
  7.079E+07 7.080E+07 2.855E+00 1.681E-01 4.831E+00 8.074E+00 1.307E+01 1.593E+01 1.026E+07 18.3377 1.00000
  7.943E+07 7.943E+07 2.868E+00 1.915E-01 5.442E+00 9.214E+00 1.485E+01 1.772E+01 1.078E+07 18.5680 1.00000
  8.913E+07 8.913E+07 2.881E+00 2.180E-01 6.128E+00 1.052E+01 1.686E+01 1.974E+01 1.129E+07 18.7982 1.00000
  1.000E+08 1.000E+08 2.894E+00 2.480E-01 6.900E+00 1.201E+01 1.915E+01 2.205E+01 1.182E+07 19.0285 1.00000
  1.122E+08 1.122E+08 2.907E+00 2.821E-01 7.767E+00 1.371E+01 2.175E+01 2.466E+01 1.234E+07 19.2587 1.00000
  1.259E+08 1.259E+08 2.920E+00 3.208E-01 8.740E+00 1.565E+01 2.471E+01 2.763E+01 1.286E+07 19.4890 1.00000
  1.413E+08 1.413E+08 2.933E+00 3.646E-01 9.834E+00 1.787E+01 2.807E+01 3.100E+01 1.339E+07 19.7193 1.00000
  1.585E+08 1.585E+08 2.946E+00 4.142E-01 1.106E+01 2.041E+01 3.188E+01 3.483E+01 1.391E+07 19.9495 1.00000
  1.778E+08 1.778E+08 2.959E+00 4.704E-01 1.244E+01 2.331E+01 3.622E+01 3.918E+01 1.444E+07 20.1798 1.00000
  1.995E+08 1.995E+08 2.972E+00 5.339E-01 1.399E+01 2.662E+01 4.114E+01 4.412E+01 1.496E+07 20.4100 1.00000
  2.239E+08 2.239E+08 2.985E+00 6.059E-01 1.573E+01 3.041E+01 4.674E+01 4.973E+01 1.548E+07 20.6403 1.00000
  2.512E+08 2.512E+08 2.999E+00 6.873E-01 1.768E+01 3.474E+01 5.311E+01 5.611E+01 1.599E+07 20.8705 1.00000
  2.818E+08 2.818E+08 3.012E+00 7.793E-01 1.987E+01 3.969E+01 6.034E+01 6.335E+01 1.651E+07 21.1008 1.00000
  3.162E+08 3.162E+08 3.025E+00 8.833E-01 2.233E+01 4.535E+01 6.856E+01 7.159E+01 1.702E+07 21.3310 1.00000
  3.548E+08 3.548E+08 3.039E+00 1.001E+00 2.509E+01 5.182E+01 7.791E+01 8.095E+01 1.752E+07 21.5613 1.00000
  3.981E+08 3.981E+08 3.052E+00 1.134E+00 2.819E+01 5.922E+01 8.854E+01 9.159E+01 1.803E+07 21.7916 1.00000
  4.467E+08 4.467E+08 3.066E+00 1.284E+00 3.167E+01 6.768E+01 1.006E+02 1.037E+02 1.853E+07 22.0218 1.00000
  5.012E+08 5.012E+08 3.079E+00 1.453E+00 3.558E+01 7.735E+01 1.144E+02 1.175E+02 1.902E+07 22.2521 1.00000
  5.623E+08 5.623E+08 3.093E+00 1.644E+00 3.996E+01 8.841E+01 1.300E+02 1.331E+02 1.951E+07 22.4823 1.00000
  6.310E+08 6.310E+08 3.107E+00 1.860E+00 4.488E+01 1.011E+02 1.478E+02 1.509E+02 1.999E+07 22.7126 1.00000
  7.079E+08 7.079E+08 3.121E+00 2.103E+00 5.040E+01 1.155E+02 1.680E+02 1.711E+02 2.047E+07 22.9429 1.00000
  7.943E+08 7.943E+08 3.134E+00 2.377E+00 5.659E+01 1.321E+02 1.910E+02 1.942E+02 2.094E+07 23.1731 1.00000
  8.913E+08 8.913E+08 3.148E+00 2.687E+00 6.355E+01 1.510E+02 2.172E+02 2.204E+02 2.141E+07 23.4034 1.00000
  1.000E+09 1.000E+09 3.162E+00 3.035E+00 7.135E+01 1.727E+02 2.470E+02 2.502E+02 2.187E+07 23.6336 1.00000
  1.122E+09 1.122E+09 3.177E+00 3.428E+00 8.010E+01 1.974E+02 2.810E+02 2.841E+02 2.233E+07 23.8639 1.00000
  1.259E+09 1.259E+09 3.191E+00 3.870E+00 8.993E+01 2.258E+02 3.196E+02 3.228E+02 2.278E+07 24.0941 1.00000
  1.413E+09 1.413E+09 3.205E+00 4.369E+00 1.010E+02 2.582E+02 3.635E+02 3.667E+02 2.323E+07 24.3244 1.00000
  1.585E+09 1.585E+09 3.219E+00 4.930E+00 1.133E+02 2.953E+02 4.135E+02 4.168E+02 2.367E+07 24.5547 1.00000
  1.778E+09 1.778E+09 3.234E+00 5.562E+00 1.272E+02 3.377E+02 4.705E+02 4.737E+02 2.411E+07 24.7849 1.00000
  1.995E+09 1.995E+09 3.248E+00 6.273E+00 1.428E+02 3.863E+02 5.353E+02 5.386E+02 2.454E+07 25.0152 1.00000
  2.239E+09 2.239E+09 3.263E+00 7.073E+00 1.603E+02 4.419E+02 6.092E+02 6.125E+02 2.496E+07 25.2454 1.00000
  2.512E+09 2.512E+09 3.277E+00 7.974E+00 1.799E+02 5.055E+02 6.933E+02 6.966E+02 2.538E+07 25.4757 1.00000
  2.818E+09 2.818E+09 3.292E+00 8.987E+00 2.019E+02 5.783E+02 7.891E+02 7.924E+02 2.579E+07 25.7059 1.00000
  3.162E+09 3.162E+09 3.307E+00 1.013E+01 2.266E+02 6.616E+02 8.983E+02 9.016E+02 2.620E+07 25.9362 1.00000
  3.548E+09 3.548E+09 3.322E+00 1.141E+01 2.543E+02 7.569E+02 1.023E+03 1.026E+03 2.660E+07 26.1665 1.00000
  3.981E+09 3.981E+09 3.337E+00 1.285E+01 2.854E+02 8.661E+02 1.164E+03 1.168E+03 2.699E+07 26.3967 1.00000
  4.467E+09 4.467E+09 3.352E+00 1.447E+01 3.203E+02 9.911E+02 1.326E+03 1.329E+03 2.738E+07 26.6270 1.00000
  5.012E+09 5.012E+09 3.367E+00 1.629E+01 3.594E+02 1.134E+03 1.510E+03 1.513E+03 2.777E+07 26.8572 1.00000
  5.623E+09 5.623E+09 3.382E+00 1.834E+01 4.034E+02 1.298E+03 1.720E+03 1.723E+03 2.814E+07 27.0875 1.00000
  6.310E+09 6.310E+09 3.397E+00 2.064E+01 4.527E+02 1.485E+03 1.959E+03 1.962E+03 2.852E+07 27.3178 1.00000
  7.079E+09 7.079E+09 3.413E+00 2.322E+01 5.080E+02 1.700E+03 2.231E+03 2.235E+03 2.889E+07 27.5480 1.00000
  7.943E+09 7.943E+09 3.428E+00 2.613E+01 5.700E+02 1.946E+03 2.542E+03 2.546E+03 2.925E+07 27.7783 1.00000
  8.913E+09 8.913E+09 3.444E+00 2.939E+01 6.396E+02 2.227E+03 2.896E+03 2.900E+03 2.960E+07 28.0085 1.00000
  1.000E+10 1.000E+10 3.460E+00 3.305E+01 7.178E+02 2.550E+03 3.301E+03 3.304E+03 2.995E+07 28.2388 1.00000
  1.122E+10 1.122E+10 3.475E+00 3.717E+01 8.054E+02 2.919E+03 3.762E+03 3.765E+03 3.030E+07 28.4690 1.00000
  1.259E+10 1.259E+10 3.491E+00 4.179E+01 9.038E+02 3.342E+03 4.287E+03 4.291E+03 3.064E+07 28.6993 1.00000
  1.413E+10 1.413E+10 3.507E+00 4.699E+01 1.014E+03 3.826E+03 4.887E+03 4.891E+03 3.098E+07 28.9295 1.00000
  1.585E+10 1.585E+10 3.523E+00 5.282E+01 1.138E+03 4.381E+03 5.572E+03 5.575E+03 3.131E+07 29.1597 1.00000
  1.778E+10 1.778E+10 3.539E+00 5.936E+01 1.277E+03 5.016E+03 6.353E+03 6.356E+03 3.163E+07 29.3900 1.00000
  1.995E+10 1.995E+10 3.555E+00 6.672E+01 1.433E+03 5.744E+03 7.244E+03 7.247E+03 3.195E+07 29.6202 1.00000
  2.239E+10 2.239E+10 3.572E+00 7.497E+01 1.608E+03 6.578E+03 8.261E+03 8.265E+03 3.226E+07 29.8501 1.00000
  2.512E+10 2.512E+10 3.588E+00 8.424E+01 1.804E+03 7.534E+03 9.422E+03 9.425E+03 3.257E+07 30.0804 1.00000
  2.818E+10 2.818E+10 3.605E+00 9.464E+01 2.024E+03 8.628E+03 1.075E+04 1.075E+04 3.288E+07 30.3106 1.00000
  3.162E+10 3.162E+10 3.621E+00 1.063E+02 2.271E+03 9.883E+03 1.226E+04 1.226E+04 3.318E+07 30.5393 1.00000
  3.548E+10 3.548E+10 3.638E+00 1.194E+02 2.549E+03 1.132E+04 1.399E+04 1.399E+04 3.347E+07 30.7696 1.00000
  3.981E+10 3.981E+10 3.655E+00 1.341E+02 2.860E+03 1.297E+04 1.596E+04 1.596E+04 3.376E+07 30.9999 1.00000
  4.467E+10 4.467E+10 3.671E+00 1.507E+02 3.209E+03 1.485E+04 1.821E+04 1.822E+04 3.405E+07 31.2301 1.00000
  5.012E+10 5.012E+10 3.689E+00 1.692E+02 3.600E+03 1.702E+04 2.079E+04 2.079E+04 3.433E+07 31.4539 1.00000
  5.623E+10 5.623E+10 3.706E+00 1.900E+02 4.040E+03 1.950E+04 2.373E+04 2.373E+04 3.460E+07 31.6841 1.00000
  6.310E+10 6.310E+10 3.723E+00 2.134E+02 4.533E+03 2.234E+04 2.708E+04 2.709E+04 3.487E+07 31.9144 1.00000
  7.079E+10 7.079E+10 3.742E+00 2.396E+02 5.086E+03 2.559E+04 3.092E+04 3.092E+04 3.514E+07 32.1155 1.00000
  7.943E+10 7.943E+10 3.760E+00 2.690E+02 5.706E+03 2.933E+04 3.530E+04 3.531E+04 3.540E+07 32.3458 1.00000
  8.913E+10 8.913E+10 3.777E+00 3.020E+02 6.403E+03 3.361E+04 4.031E+04 4.032E+04 3.566E+07 32.5760 1.00000
  1.000E+11 1.000E+11 3.795E+00 3.390E+02 7.184E+03 3.851E+04 4.604E+04 4.604E+04 3.591E+07 32.8063 1.00000
  1.122E+11 1.122E+11 3.812E+00 3.806E+02 8.061E+03 4.414E+04 5.258E+04 5.258E+04 3.616E+07 33.0365 1.00000
  1.259E+11 1.259E+11 3.841E+00 4.273E+02 9.045E+03 5.059E+04 6.006E+04 6.006E+04 3.640E+07 33.1113 1.00000
  1.413E+11 1.413E+11 3.859E+00 4.796E+02 1.015E+04 5.798E+04 6.861E+04 6.861E+04 3.664E+07 33.3416 1.00000
  1.585E+11 1.585E+11 3.877E+00 5.384E+02 1.139E+04 6.646E+04 7.839E+04 7.839E+04 3.687E+07 33.5718 1.00000
  1.778E+11 1.778E+11 3.895E+00 6.043E+02 1.278E+04 7.618E+04 8.956E+04 8.957E+04 3.710E+07 33.8021 1.00000
  1.995E+11 1.995E+11 3.913E+00 6.783E+02 1.434E+04 8.733E+04 1.023E+05 1.024E+05 3.733E+07 34.0324 1.00000
  2.239E+11 2.239E+11 3.931E+00 7.613E+02 1.608E+04 1.001E+05 1.170E+05 1.170E+05 3.755E+07 34.2626 1.00000
  2.512E+11 2.512E+11 3.950E+00 8.544E+02 1.805E+04 1.148E+05 1.337E+05 1.337E+05 3.777E+07 34.4929 1.00000
  2.818E+11 2.818E+11 3.968E+00 9.589E+02 2.025E+04 1.316E+05 1.528E+05 1.528E+05 3.799E+07 34.7231 1.00000
  3.162E+11 3.162E+11 3.986E+00 1.076E+03 2.272E+04 1.509E+05 1.747E+05 1.747E+05 3.820E+07 34.9534 1.00000
  3.548E+11 3.548E+11 4.005E+00 1.208E+03 2.549E+04 1.730E+05 1.997E+05 1.997E+05 3.840E+07 35.1837 1.00000
  3.981E+11 3.981E+11 4.024E+00 1.355E+03 2.860E+04 1.984E+05 2.284E+05 2.284E+05 3.861E+07 35.4139 1.00000
  4.467E+11 4.467E+11 4.043E+00 1.521E+03 3.209E+04 2.276E+05 2.612E+05 2.612E+05 3.880E+07 35.6442 1.00000
  5.012E+11 5.012E+11 4.062E+00 1.707E+03 3.601E+04 2.610E+05 2.987E+05 2.987E+05 3.900E+07 35.8744 1.00000
  5.623E+11 5.623E+11 4.081E+00 1.916E+03 4.040E+04 2.993E+05 3.416E+05 3.416E+05 3.919E+07 36.1047 1.00000
  6.310E+11 6.310E+11 4.100E+00 2.150E+03 4.533E+04 3.433E+05 3.908E+05 3.908E+05 3.938E+07 36.3350 1.00000
  7.079E+11 7.079E+11 4.119E+00 2.412E+03 5.086E+04 3.938E+05 4.470E+05 4.470E+05 3.956E+07 36.5652 1.00000
  7.943E+11 7.943E+11 4.139E+00 2.707E+03 5.707E+04 4.517E+05 5.115E+05 5.115E+05 3.974E+07 36.7955 1.00000
  8.913E+11 8.913E+11 4.158E+00 3.038E+03 6.403E+04 5.182E+05 5.852E+05 5.852E+05 3.992E+07 37.0257 1.00000
  1.000E+12 1.000E+12 4.178E+00 3.409E+03 7.185E+04 5.944E+05 6.697E+05 6.697E+05 4.009E+07 37.2560 1.00000
  1.122E+12 1.122E+12 4.197E+00 3.825E+03 8.061E+04 6.820E+05 7.664E+05 7.664E+05 4.026E+07 37.4862 1.00000
  1.259E+12 1.259E+12 4.217E+00 4.292E+03 9.045E+04 7.824E+05 8.772E+05 8.772E+05 4.043E+07 37.7165 1.00000
  1.413E+12 1.413E+12 4.237E+00 4.816E+03 1.015E+05 8.978E+05 1.004E+06 1.004E+06 4.059E+07 37.9468 1.00000
  1.585E+12 1.585E+12 4.257E+00 5.404E+03 1.139E+05 1.030E+06 1.149E+06 1.149E+06 4.075E+07 38.1770 1.00000
  1.778E+12 1.778E+12 4.277E+00 6.064E+03 1.278E+05 1.182E+06 1.316E+06 1.316E+06 4.091E+07 38.4073 1.00000
  1.995E+12 1.995E+12 4.298E+00 6.804E+03 1.434E+05 1.357E+06 1.507E+06 1.507E+06 4.107E+07 38.6375 1.00000
  2.239E+12 2.239E+12 4.318E+00 7.634E+03 1.608E+05 1.557E+06 1.725E+06 1.725E+06 4.122E+07 38.8678 1.00000
  2.512E+12 2.512E+12 4.338E+00 8.566E+03 1.805E+05 1.787E+06 1.976E+06 1.976E+06 4.136E+07 39.0981 1.00000
  2.818E+12 2.818E+12 4.359E+00 9.612E+03 2.025E+05 2.051E+06 2.263E+06 2.263E+06 4.151E+07 39.3283 1.00000
  3.162E+12 3.162E+12 4.380E+00 1.079E+04 2.272E+05 2.354E+06 2.592E+06 2.592E+06 4.165E+07 39.5586 1.00000
  3.548E+12 3.548E+12 4.401E+00 1.210E+04 2.549E+05 2.702E+06 2.969E+06 2.969E+06 4.179E+07 39.7888 1.00000
  3.981E+12 3.981E+12 4.421E+00 1.358E+04 2.860E+05 3.101E+06 3.401E+06 3.401E+06 4.193E+07 40.0191 1.00000
  4.467E+12 4.467E+12 4.443E+00 1.524E+04 3.209E+05 3.560E+06 3.897E+06 3.897E+06 4.206E+07 40.2493 1.00000
  5.012E+12 5.012E+12 4.464E+00 1.710E+04 3.601E+05 4.087E+06 4.465E+06 4.465E+06 4.219E+07 40.4796 1.00000
  5.623E+12 5.623E+12 4.485E+00 1.918E+04 4.040E+05 4.693E+06 5.116E+06 5.116E+06 4.232E+07 40.7099 1.00000
  6.310E+12 6.310E+12 4.506E+00 2.152E+04 4.533E+05 5.388E+06 5.863E+06 5.863E+06 4.244E+07 40.9401 1.00000
  7.079E+12 7.079E+12 4.528E+00 2.415E+04 5.086E+05 6.186E+06 6.719E+06 6.719E+06 4.257E+07 41.1704 1.00000
  7.943E+12 7.943E+12 4.550E+00 2.710E+04 5.707E+05 7.104E+06 7.701E+06 7.701E+06 4.269E+07 41.4006 1.00000
  8.913E+12 8.913E+12 4.571E+00 3.040E+04 6.403E+05 8.157E+06 8.828E+06 8.828E+06 4.280E+07 41.6309 1.00000
  1.000E+13 1.000E+13 4.593E+00 3.411E+04 7.185E+05 9.368E+06 1.012E+07 1.012E+07 4.292E+07 41.8612 1.00000
  1.122E+13 1.122E+13 4.615E+00 3.828E+04 8.061E+05 1.076E+07 1.160E+07 1.160E+07 4.303E+07 42.0914 1.00000
  1.259E+13 1.259E+13 4.637E+00 4.295E+04 9.045E+05 1.236E+07 1.330E+07 1.330E+07 4.314E+07 42.3217 1.00000
  1.413E+13 1.413E+13 4.659E+00 4.819E+04 1.015E+06 1.419E+07 1.525E+07 1.525E+07 4.325E+07 42.5519 1.00000
  1.585E+13 1.585E+13 4.682E+00 5.407E+04 1.139E+06 1.630E+07 1.749E+07 1.749E+07 4.335E+07 42.7822 1.00000
  1.778E+13 1.778E+13 4.704E+00 6.066E+04 1.278E+06 1.872E+07 2.006E+07 2.006E+07 4.346E+07 43.0124 1.00000
  1.995E+13 1.995E+13 4.727E+00 6.807E+04 1.433E+06 2.151E+07 2.301E+07 2.301E+07 4.356E+07 43.2427 1.00000
  2.239E+13 2.239E+13 4.750E+00 7.637E+04 1.608E+06 2.471E+07 2.639E+07 2.639E+07 4.366E+07 43.4730 1.00000
  2.512E+13 2.512E+13 4.772E+00 8.569E+04 1.805E+06 2.838E+07 3.027E+07 3.027E+07 4.375E+07 43.7032 1.00000
  2.818E+13 2.818E+13 4.795E+00 9.615E+04 2.025E+06 3.261E+07 3.473E+07 3.473E+07 4.385E+07 43.9335 1.00000
  3.162E+13 3.162E+13 4.819E+00 1.079E+05 2.272E+06 3.747E+07 3.984E+07 3.984E+07 4.394E+07 44.1637 1.00000
  3.548E+13 3.548E+13 4.842E+00 1.210E+05 2.549E+06 4.305E+07 4.572E+07 4.572E+07 4.403E+07 44.3940 1.00000
  3.981E+13 3.981E+13 4.865E+00 1.358E+05 2.860E+06 4.946E+07 5.246E+07 5.246E+07 4.412E+07 44.6243 1.00000
  4.467E+13 4.467E+13 4.889E+00 1.524E+05 3.209E+06 5.684E+07 6.020E+07 6.020E+07 4.421E+07 44.8545 1.00000
  5.012E+13 5.012E+13 4.912E+00 1.710E+05 3.601E+06 6.531E+07 6.909E+07 6.909E+07 4.429E+07 45.0848 1.00000
  5.623E+13 5.623E+13 4.936E+00 1.918E+05 4.040E+06 7.506E+07 7.929E+07 7.929E+07 4.437E+07 45.3150 1.00000
  6.310E+13 6.310E+13 4.960E+00 2.153E+05 4.533E+06 8.626E+07 9.101E+07 9.101E+07 4.445E+07 45.5453 1.00000
  7.079E+13 7.079E+13 4.984E+00 2.415E+05 5.086E+06 9.914E+07 1.045E+08 1.045E+08 4.453E+07 45.7755 1.00000
  7.943E+13 7.943E+13 5.008E+00 2.710E+05 5.706E+06 1.139E+08 1.199E+08 1.199E+08 4.461E+07 46.0058 1.00000
  8.913E+13 8.913E+13 5.032E+00 3.041E+05 6.403E+06 1.310E+08 1.377E+08 1.377E+08 4.469E+07 46.2361 1.00000
  1.000E+14 1.000E+14 5.056E+00 3.412E+05 7.184E+06 1.506E+08 1.581E+08 1.581E+08 4.476E+07 46.4663 1.00000
  1.122E+14 1.122E+14 5.081E+00 3.828E+05 8.060E+06 1.731E+08 1.815E+08 1.815E+08 4.483E+07 46.6966 1.00000
  1.259E+14 1.259E+14 5.105E+00 4.295E+05 9.044E+06 1.989E+08 2.084E+08 2.084E+08 4.490E+07 46.9268 1.00000
  1.413E+14 1.413E+14 5.130E+00 4.819E+05 1.015E+07 2.287E+08 2.393E+08 2.393E+08 4.497E+07 47.1571 1.00000
  1.585E+14 1.585E+14 5.155E+00 5.407E+05 1.139E+07 2.629E+08 2.749E+08 2.749E+08 4.504E+07 47.3874 1.00000
  1.778E+14 1.778E+14 5.180E+00 6.067E+05 1.277E+07 3.023E+08 3.157E+08 3.157E+08 4.510E+07 47.6176 1.00000
  1.995E+14 1.995E+14 5.205E+00 6.807E+05 1.433E+07 3.476E+08 3.626E+08 3.626E+08 4.517E+07 47.8479 1.00000
  2.239E+14 2.239E+14 5.230E+00 7.638E+05 1.608E+07 3.997E+08 4.165E+08 4.165E+08 4.523E+07 48.0781 1.00000
  2.512E+14 2.512E+14 5.256E+00 8.570E+05 1.804E+07 4.596E+08 4.785E+08 4.785E+08 4.529E+07 48.3084 1.00000
  2.818E+14 2.818E+14 5.281E+00 9.615E+05 2.025E+07 5.285E+08 5.497E+08 5.497E+08 4.535E+07 48.5387 1.00000
  3.162E+14 3.162E+14 5.307E+00 1.079E+06 2.272E+07 6.077E+08 6.315E+08 6.315E+08 4.541E+07 48.7689 1.00000
  3.548E+14 3.548E+14 5.333E+00 1.210E+06 2.549E+07 6.989E+08 7.256E+08 7.256E+08 4.547E+07 48.9992 1.00000
  3.981E+14 3.981E+14 5.359E+00 1.358E+06 2.860E+07 8.038E+08 8.338E+08 8.338E+08 4.552E+07 49.2294 1.00000
  4.467E+14 4.467E+14 5.385E+00 1.524E+06 3.209E+07 9.245E+08 9.581E+08 9.581E+08 4.558E+07 49.4597 1.00000
  5.012E+14 5.012E+14 5.411E+00 1.710E+06 3.600E+07 1.063E+09 1.101E+09 1.101E+09 4.563E+07 49.6899 1.00000
  5.623E+14 5.623E+14 5.437E+00 1.918E+06 4.040E+07 1.223E+09 1.265E+09 1.265E+09 4.568E+07 49.9202 1.00000
  6.310E+14 6.310E+14 5.464E+00 2.153E+06 4.532E+07 1.407E+09 1.454E+09 1.454E+09 4.573E+07 50.1505 1.00000
  7.079E+14 7.079E+14 5.490E+00 2.415E+06 5.085E+07 1.618E+09 1.672E+09 1.672E+09 4.578E+07 50.3807 1.00000
  7.943E+14 7.943E+14 5.517E+00 2.710E+06 5.706E+07 1.862E+09 1.921E+09 1.921E+09 4.583E+07 50.6110 1.00000
  8.913E+14 8.913E+14 5.544E+00 3.041E+06 6.402E+07 2.142E+09 2.209E+09 2.209E+09 4.588E+07 50.8412 1.00000
  1.000E+15 1.000E+15 5.571E+00 3.412E+06 7.183E+07 2.464E+09 2.539E+09 2.539E+09 4.592E+07 51.0715 1.00000
