 Incident particle is a Tau with M = 1776.82000 MeV
 Index = 0: BoronCarbide
      Absorber with <Z/A> = 0.47058
 Density effect computed following Fano (1963)
 Models for Radloss: brems =  SSR, pair =  SSR, photonuc = DRSS

 *** Table generated with PUMAS v1.1 ***

      T         p     Ionization  brems     pair     photonuc  Radloss    dE/dx   CSDA Range  delta   beta
    [MeV]    [MeV/c]  -----------------------[MeV cm^2/g]------------------------  [g/cm^2]
  1.000E+05 1.018E+05 2.022E+00 2.901E-05 1.537E-03 6.728E-03 8.295E-03 2.031E+00 2.462E+04  5.1405 0.99985
  1.122E+05 1.140E+05 2.040E+00 3.512E-05 1.860E-03 7.630E-03 9.525E-03 2.049E+00 3.061E+04  5.3610 0.99988
  1.259E+05 1.277E+05 2.057E+00 4.246E-05 2.242E-03 8.633E-03 1.092E-02 2.068E+00 3.726E+04  5.5830 0.99990
  1.413E+05 1.430E+05 2.074E+00 5.125E-05 2.693E-03 9.741E-03 1.248E-02 2.087E+00 4.465E+04  5.8063 0.99992
  1.585E+05 1.603E+05 2.091E+00 6.173E-05 3.222E-03 1.100E-02 1.428E-02 2.106E+00 5.287E+04  6.0307 0.99994
  1.778E+05 1.796E+05 2.109E+00 7.421E-05 3.845E-03 1.239E-02 1.631E-02 2.125E+00 6.202E+04  6.2560 0.99995
  1.995E+05 2.013E+05 2.126E+00 8.906E-05 4.574E-03 1.398E-02 1.864E-02 2.144E+00 7.218E+04  6.4821 0.99996
  2.239E+05 2.256E+05 2.143E+00 1.067E-04 5.428E-03 1.573E-02 2.126E-02 2.164E+00 8.348E+04  6.7088 0.99997
  2.512E+05 2.530E+05 2.160E+00 1.275E-04 6.425E-03 1.769E-02 2.424E-02 2.184E+00 9.604E+04  6.9360 0.99998
  2.818E+05 2.836E+05 2.177E+00 1.522E-04 7.587E-03 1.991E-02 2.765E-02 2.205E+00 1.100E+05  7.1637 0.99998
  3.162E+05 3.180E+05 2.195E+00 1.813E-04 8.940E-03 2.241E-02 3.153E-02 2.226E+00 1.255E+05  7.3918 0.99998
  3.548E+05 3.566E+05 2.212E+00 2.155E-04 1.051E-02 2.520E-02 3.593E-02 2.248E+00 1.428E+05  7.6202 0.99999
  3.981E+05 3.999E+05 2.229E+00 2.558E-04 1.234E-02 2.834E-02 4.093E-02 2.270E+00 1.619E+05  7.8488 0.99999
  4.467E+05 4.485E+05 2.246E+00 3.031E-04 1.445E-02 3.187E-02 4.663E-02 2.293E+00 1.832E+05  8.0777 0.99999
  5.012E+05 5.030E+05 2.263E+00 3.585E-04 1.690E-02 3.582E-02 5.308E-02 2.316E+00 2.069E+05  8.3068 0.99999
  5.623E+05 5.641E+05 2.280E+00 4.233E-04 1.973E-02 4.029E-02 6.044E-02 2.340E+00 2.332E+05  8.5360 1.00000
  6.310E+05 6.327E+05 2.297E+00 4.991E-04 2.300E-02 4.534E-02 6.884E-02 2.366E+00 2.623E+05  8.7654 1.00000
  7.079E+05 7.097E+05 2.314E+00 5.875E-04 2.677E-02 5.104E-02 7.839E-02 2.392E+00 2.947E+05  8.9948 1.00000
  7.943E+05 7.961E+05 2.331E+00 6.904E-04 3.110E-02 5.746E-02 8.926E-02 2.420E+00 3.306E+05  9.2244 1.00000
  8.913E+05 8.930E+05 2.348E+00 8.103E-04 3.609E-02 6.470E-02 1.016E-01 2.449E+00 3.704E+05  9.4541 1.00000
  1.000E+06 1.002E+06 2.364E+00 9.496E-04 4.182E-02 7.291E-02 1.157E-01 2.480E+00 4.145E+05  9.6838 1.00000
  1.122E+06 1.124E+06 2.381E+00 1.111E-03 4.840E-02 8.216E-02 1.317E-01 2.513E+00 4.634E+05  9.9136 1.00000
  1.259E+06 1.261E+06 2.397E+00 1.299E-03 5.593E-02 9.268E-02 1.499E-01 2.547E+00 5.175E+05 10.1435 1.00000
  1.413E+06 1.414E+06 2.414E+00 1.516E-03 6.456E-02 1.046E-01 1.706E-01 2.584E+00 5.774E+05 10.3734 1.00000
  1.585E+06 1.587E+06 2.430E+00 1.768E-03 7.444E-02 1.180E-01 1.942E-01 2.624E+00 6.435E+05 10.6034 1.00000
  1.778E+06 1.780E+06 2.446E+00 2.059E-03 8.572E-02 1.333E-01 2.211E-01 2.667E+00 7.166E+05 10.8334 1.00000
  1.995E+06 1.997E+06 2.462E+00 2.394E-03 9.860E-02 1.506E-01 2.516E-01 2.714E+00 7.973E+05 11.0634 1.00000
  2.239E+06 2.240E+06 2.478E+00 2.782E-03 1.133E-01 1.703E-01 2.864E-01 2.765E+00 8.861E+05 11.2934 1.00000
  2.512E+06 2.514E+06 2.494E+00 3.230E-03 1.300E-01 1.926E-01 3.259E-01 2.820E+00 9.840E+05 11.5235 1.00000
  2.818E+06 2.820E+06 2.510E+00 3.746E-03 1.491E-01 2.181E-01 3.709E-01 2.881E+00 1.091E+06 11.7536 1.00000
  3.162E+06 3.164E+06 2.525E+00 4.339E-03 1.708E-01 2.469E-01 4.220E-01 2.947E+00 1.209E+06 11.9837 1.00000
  3.548E+06 3.550E+06 2.541E+00 5.022E-03 1.954E-01 2.796E-01 4.801E-01 3.021E+00 1.339E+06 12.2138 1.00000
  3.981E+06 3.983E+06 2.556E+00 5.806E-03 2.234E-01 3.169E-01 5.461E-01 3.102E+00 1.480E+06 12.4440 1.00000
  4.467E+06 4.469E+06 2.571E+00 6.706E-03 2.552E-01 3.593E-01 6.212E-01 3.192E+00 1.635E+06 12.6741 1.00000
  5.012E+06 5.014E+06 2.586E+00 7.741E-03 2.912E-01 4.076E-01 7.065E-01 3.293E+00 1.803E+06 12.9043 1.00000
  5.623E+06 5.625E+06 2.601E+00 8.931E-03 3.320E-01 4.625E-01 8.035E-01 3.404E+00 1.985E+06 13.1345 1.00000
  6.310E+06 6.311E+06 2.616E+00 1.030E-02 3.782E-01 5.252E-01 9.137E-01 3.529E+00 2.183E+06 13.3647 1.00000
  7.079E+06 7.081E+06 2.630E+00 1.186E-02 4.306E-01 5.964E-01 1.039E+00 3.669E+00 2.397E+06 13.5949 1.00000
  7.943E+06 7.945E+06 2.644E+00 1.365E-02 4.898E-01 6.776E-01 1.181E+00 3.825E+00 2.628E+06 13.8251 1.00000
  8.913E+06 8.914E+06 2.659E+00 1.570E-02 5.568E-01 7.702E-01 1.343E+00 4.001E+00 2.875E+06 14.0553 1.00000
  1.000E+07 1.000E+07 2.673E+00 1.805E-02 6.324E-01 8.756E-01 1.526E+00 4.199E+00 3.141E+06 14.2855 1.00000
  1.122E+07 1.122E+07 2.687E+00 2.073E-02 7.179E-01 9.958E-01 1.734E+00 4.421E+00 3.424E+06 14.5157 1.00000
  1.259E+07 1.259E+07 2.700E+00 2.380E-02 8.144E-01 1.133E+00 1.971E+00 4.672E+00 3.725E+06 14.7459 1.00000
  1.413E+07 1.413E+07 2.714E+00 2.730E-02 9.234E-01 1.289E+00 2.240E+00 4.954E+00 4.044E+06 14.9762 1.00000
  1.585E+07 1.585E+07 2.728E+00 3.130E-02 1.046E+00 1.467E+00 2.545E+00 5.273E+00 4.382E+06 15.2064 1.00000
  1.778E+07 1.778E+07 2.741E+00 3.587E-02 1.185E+00 1.671E+00 2.891E+00 5.633E+00 4.736E+06 15.4366 1.00000
  1.995E+07 1.995E+07 2.755E+00 4.108E-02 1.341E+00 1.903E+00 3.285E+00 6.039E+00 5.108E+06 15.6669 1.00000
  2.239E+07 2.239E+07 2.768E+00 4.702E-02 1.517E+00 2.167E+00 3.731E+00 6.499E+00 5.497E+06 15.8971 1.00000
  2.512E+07 2.512E+07 2.781E+00 5.379E-02 1.715E+00 2.469E+00 4.238E+00 7.020E+00 5.901E+06 16.1273 1.00000
  2.818E+07 2.819E+07 2.795E+00 6.152E-02 1.938E+00 2.814E+00 4.814E+00 7.609E+00 6.321E+06 16.3576 1.00000
  3.162E+07 3.162E+07 2.808E+00 7.032E-02 2.190E+00 3.208E+00 5.468E+00 8.276E+00 6.754E+06 16.5878 1.00000
  3.548E+07 3.548E+07 2.821E+00 8.034E-02 2.473E+00 3.657E+00 6.210E+00 9.031E+00 7.200E+06 16.8181 1.00000
  3.981E+07 3.981E+07 2.834E+00 9.174E-02 2.791E+00 4.170E+00 7.052E+00 9.887E+00 7.658E+06 17.0483 1.00000
  4.467E+07 4.467E+07 2.847E+00 1.047E-01 3.149E+00 4.755E+00 8.009E+00 1.086E+01 8.127E+06 17.2786 1.00000
  5.012E+07 5.012E+07 2.860E+00 1.195E-01 3.552E+00 5.424E+00 9.095E+00 1.196E+01 8.605E+06 17.5088 1.00000
  5.623E+07 5.624E+07 2.873E+00 1.362E-01 4.005E+00 6.187E+00 1.033E+01 1.320E+01 9.092E+06 17.7391 1.00000
  6.310E+07 6.310E+07 2.886E+00 1.553E-01 4.514E+00 7.059E+00 1.173E+01 1.461E+01 9.586E+06 17.9693 1.00000
  7.079E+07 7.080E+07 2.899E+00 1.769E-01 5.086E+00 8.056E+00 1.332E+01 1.622E+01 1.009E+07 18.1996 1.00000
  7.943E+07 7.943E+07 2.912E+00 2.014E-01 5.729E+00 9.193E+00 1.512E+01 1.804E+01 1.059E+07 18.4298 1.00000
  8.913E+07 8.913E+07 2.926E+00 2.293E-01 6.452E+00 1.049E+01 1.717E+01 2.010E+01 1.110E+07 18.6601 1.00000
  1.000E+08 1.000E+08 2.939E+00 2.609E-01 7.264E+00 1.198E+01 1.950E+01 2.244E+01 1.161E+07 18.8903 1.00000
  1.122E+08 1.122E+08 2.952E+00 2.968E-01 8.176E+00 1.367E+01 2.215E+01 2.510E+01 1.212E+07 19.1206 1.00000
  1.259E+08 1.259E+08 2.965E+00 3.374E-01 9.201E+00 1.561E+01 2.515E+01 2.812E+01 1.264E+07 19.3509 1.00000
  1.413E+08 1.413E+08 2.978E+00 3.834E-01 1.035E+01 1.783E+01 2.856E+01 3.154E+01 1.316E+07 19.5811 1.00000
  1.585E+08 1.585E+08 2.992E+00 4.355E-01 1.164E+01 2.036E+01 3.244E+01 3.543E+01 1.367E+07 19.8114 1.00000
  1.778E+08 1.778E+08 3.005E+00 4.946E-01 1.309E+01 2.325E+01 3.684E+01 3.985E+01 1.419E+07 20.0416 1.00000
  1.995E+08 1.995E+08 3.018E+00 5.614E-01 1.472E+01 2.656E+01 4.185E+01 4.486E+01 1.470E+07 20.2719 1.00000
  2.239E+08 2.239E+08 3.032E+00 6.370E-01 1.655E+01 3.034E+01 4.753E+01 5.056E+01 1.521E+07 20.5021 1.00000
  2.512E+08 2.512E+08 3.045E+00 7.225E-01 1.861E+01 3.466E+01 5.399E+01 5.704E+01 1.572E+07 20.7324 1.00000
  2.818E+08 2.818E+08 3.059E+00 8.192E-01 2.091E+01 3.960E+01 6.133E+01 6.439E+01 1.622E+07 20.9626 1.00000
  3.162E+08 3.162E+08 3.072E+00 9.285E-01 2.350E+01 4.525E+01 6.968E+01 7.275E+01 1.673E+07 21.1929 1.00000
  3.548E+08 3.548E+08 3.086E+00 1.052E+00 2.641E+01 5.170E+01 7.916E+01 8.225E+01 1.722E+07 21.4232 1.00000
  3.981E+08 3.981E+08 3.100E+00 1.191E+00 2.967E+01 5.908E+01 8.994E+01 9.304E+01 1.772E+07 21.6534 1.00000
  4.467E+08 4.467E+08 3.113E+00 1.349E+00 3.333E+01 6.752E+01 1.022E+02 1.053E+02 1.821E+07 21.8837 1.00000
  5.012E+08 5.012E+08 3.127E+00 1.527E+00 3.744E+01 7.717E+01 1.161E+02 1.193E+02 1.870E+07 22.1139 1.00000
  5.623E+08 5.623E+08 3.141E+00 1.728E+00 4.205E+01 8.821E+01 1.320E+02 1.351E+02 1.918E+07 22.3442 1.00000
  6.310E+08 6.310E+08 3.155E+00 1.954E+00 4.723E+01 1.008E+02 1.500E+02 1.532E+02 1.965E+07 22.5744 1.00000
  7.079E+08 7.079E+08 3.169E+00 2.209E+00 5.303E+01 1.153E+02 1.705E+02 1.737E+02 2.013E+07 22.8047 1.00000
  7.943E+08 7.943E+08 3.183E+00 2.497E+00 5.955E+01 1.318E+02 1.938E+02 1.970E+02 2.059E+07 23.0350 1.00000
  8.913E+08 8.913E+08 3.197E+00 2.822E+00 6.687E+01 1.507E+02 2.204E+02 2.235E+02 2.105E+07 23.2652 1.00000
  1.000E+09 1.000E+09 3.212E+00 3.188E+00 7.508E+01 1.723E+02 2.505E+02 2.537E+02 2.151E+07 23.4955 1.00000
  1.122E+09 1.122E+09 3.226E+00 3.600E+00 8.429E+01 1.970E+02 2.849E+02 2.881E+02 2.196E+07 23.7257 1.00000
  1.259E+09 1.259E+09 3.241E+00 4.065E+00 9.463E+01 2.252E+02 3.239E+02 3.272E+02 2.241E+07 23.9560 1.00000
  1.413E+09 1.413E+09 3.255E+00 4.588E+00 1.062E+02 2.576E+02 3.684E+02 3.717E+02 2.285E+07 24.1863 1.00000
  1.585E+09 1.585E+09 3.270E+00 5.177E+00 1.192E+02 2.946E+02 4.190E+02 4.223E+02 2.328E+07 24.4165 1.00000
  1.778E+09 1.778E+09 3.284E+00 5.840E+00 1.339E+02 3.370E+02 4.766E+02 4.799E+02 2.371E+07 24.6468 1.00000
  1.995E+09 1.995E+09 3.299E+00 6.586E+00 1.502E+02 3.854E+02 5.422E+02 5.455E+02 2.414E+07 24.8770 1.00000
  2.239E+09 2.239E+09 3.314E+00 7.426E+00 1.686E+02 4.409E+02 6.169E+02 6.202E+02 2.455E+07 25.1073 1.00000
  2.512E+09 2.512E+09 3.329E+00 8.371E+00 1.893E+02 5.043E+02 7.020E+02 7.053E+02 2.497E+07 25.3375 1.00000
  2.818E+09 2.818E+09 3.344E+00 9.434E+00 2.124E+02 5.769E+02 7.988E+02 8.022E+02 2.537E+07 25.5678 1.00000
  3.162E+09 3.162E+09 3.359E+00 1.063E+01 2.384E+02 6.601E+02 9.091E+02 9.125E+02 2.578E+07 25.7981 1.00000
  3.548E+09 3.548E+09 3.374E+00 1.197E+01 2.676E+02 7.552E+02 1.035E+03 1.038E+03 2.617E+07 26.0283 1.00000
  3.981E+09 3.981E+09 3.389E+00 1.349E+01 3.003E+02 8.641E+02 1.178E+03 1.181E+03 2.656E+07 26.2586 1.00000
  4.467E+09 4.467E+09 3.404E+00 1.519E+01 3.370E+02 9.888E+02 1.341E+03 1.344E+03 2.695E+07 26.4888 1.00000
  5.012E+09 5.012E+09 3.420E+00 1.710E+01 3.782E+02 1.132E+03 1.527E+03 1.530E+03 2.733E+07 26.7191 1.00000
  5.623E+09 5.623E+09 3.435E+00 1.924E+01 4.244E+02 1.295E+03 1.739E+03 1.742E+03 2.770E+07 26.9494 1.00000
  6.310E+09 6.310E+09 3.451E+00 2.166E+01 4.763E+02 1.482E+03 1.980E+03 1.983E+03 2.807E+07 27.1796 1.00000
  7.079E+09 7.079E+09 3.467E+00 2.437E+01 5.345E+02 1.696E+03 2.255E+03 2.259E+03 2.843E+07 27.4099 1.00000
  7.943E+09 7.943E+09 3.482E+00 2.741E+01 5.998E+02 1.942E+03 2.569E+03 2.572E+03 2.879E+07 27.6401 1.00000
  8.913E+09 8.913E+09 3.498E+00 3.084E+01 6.730E+02 2.222E+03 2.926E+03 2.930E+03 2.915E+07 27.8704 1.00000
  1.000E+10 1.000E+10 3.514E+00 3.468E+01 7.552E+02 2.544E+03 3.334E+03 3.337E+03 2.949E+07 28.1006 1.00000
  1.122E+10 1.122E+10 3.530E+00 3.900E+01 8.475E+02 2.912E+03 3.799E+03 3.802E+03 2.984E+07 28.3309 1.00000
  1.259E+10 1.259E+10 3.546E+00 4.385E+01 9.510E+02 3.334E+03 4.329E+03 4.333E+03 3.017E+07 28.5611 1.00000
  1.413E+10 1.413E+10 3.562E+00 4.929E+01 1.067E+03 3.817E+03 4.934E+03 4.937E+03 3.050E+07 28.7914 1.00000
  1.585E+10 1.585E+10 3.579E+00 5.541E+01 1.197E+03 4.371E+03 5.624E+03 5.627E+03 3.083E+07 29.0216 1.00000
  1.778E+10 1.778E+10 3.595E+00 6.227E+01 1.344E+03 5.005E+03 6.411E+03 6.414E+03 3.115E+07 29.2518 1.00000
  1.995E+10 1.995E+10 3.612E+00 6.998E+01 1.508E+03 5.731E+03 7.309E+03 7.312E+03 3.147E+07 29.4821 1.00000
  2.239E+10 2.239E+10 3.628E+00 7.864E+01 1.692E+03 6.563E+03 8.334E+03 8.337E+03 3.178E+07 29.7120 1.00000
  2.512E+10 2.512E+10 3.645E+00 8.836E+01 1.898E+03 7.517E+03 9.503E+03 9.507E+03 3.209E+07 29.9422 1.00000
  2.818E+10 2.818E+10 3.662E+00 9.927E+01 2.130E+03 8.609E+03 1.084E+04 1.084E+04 3.239E+07 30.1725 1.00000
  3.162E+10 3.162E+10 3.679E+00 1.115E+02 2.390E+03 9.860E+03 1.236E+04 1.237E+04 3.269E+07 30.4012 1.00000
  3.548E+10 3.548E+10 3.696E+00 1.253E+02 2.682E+03 1.129E+04 1.410E+04 1.410E+04 3.298E+07 30.6315 1.00000
  3.981E+10 3.981E+10 3.713E+00 1.407E+02 3.009E+03 1.294E+04 1.609E+04 1.609E+04 3.327E+07 30.8617 1.00000
  4.467E+10 4.467E+10 3.730E+00 1.580E+02 3.376E+03 1.482E+04 1.835E+04 1.836E+04 3.355E+07 31.0920 1.00000
  5.012E+10 5.012E+10 3.747E+00 1.775E+02 3.788E+03 1.698E+04 2.094E+04 2.095E+04 3.383E+07 31.3157 1.00000
  5.623E+10 5.623E+10 3.765E+00 1.993E+02 4.250E+03 1.945E+04 2.390E+04 2.391E+04 3.410E+07 31.5460 1.00000
  6.310E+10 6.310E+10 3.782E+00 2.238E+02 4.769E+03 2.229E+04 2.728E+04 2.728E+04 3.437E+07 31.7763 1.00000
  7.079E+10 7.079E+10 3.802E+00 2.512E+02 5.351E+03 2.554E+04 3.114E+04 3.114E+04 3.463E+07 31.9774 1.00000
  7.943E+10 7.943E+10 3.819E+00 2.821E+02 6.004E+03 2.926E+04 3.555E+04 3.555E+04 3.489E+07 32.2076 1.00000
  8.913E+10 8.913E+10 3.837E+00 3.167E+02 6.737E+03 3.353E+04 4.058E+04 4.059E+04 3.515E+07 32.4379 1.00000
  1.000E+11 1.000E+11 3.855E+00 3.556E+02 7.559E+03 3.843E+04 4.634E+04 4.634E+04 3.540E+07 32.6681 1.00000
  1.122E+11 1.122E+11 3.873E+00 3.991E+02 8.482E+03 4.404E+04 5.292E+04 5.292E+04 3.564E+07 32.8984 1.00000
  1.259E+11 1.259E+11 3.902E+00 4.481E+02 9.517E+03 5.047E+04 6.044E+04 6.044E+04 3.588E+07 32.9732 1.00000
  1.413E+11 1.413E+11 3.920E+00 5.030E+02 1.068E+04 5.785E+04 6.903E+04 6.903E+04 3.612E+07 33.2034 1.00000
  1.585E+11 1.585E+11 3.939E+00 5.646E+02 1.198E+04 6.631E+04 7.886E+04 7.886E+04 3.636E+07 33.4337 1.00000
  1.778E+11 1.778E+11 3.957E+00 6.337E+02 1.344E+04 7.601E+04 9.009E+04 9.009E+04 3.659E+07 33.6640 1.00000
  1.995E+11 1.995E+11 3.975E+00 7.112E+02 1.508E+04 8.714E+04 1.029E+05 1.029E+05 3.681E+07 33.8942 1.00000
  2.239E+11 2.239E+11 3.994E+00 7.983E+02 1.692E+04 9.989E+04 1.176E+05 1.176E+05 3.703E+07 34.1245 1.00000
  2.512E+11 2.512E+11 4.013E+00 8.960E+02 1.899E+04 1.145E+05 1.344E+05 1.344E+05 3.725E+07 34.3547 1.00000
  2.818E+11 2.818E+11 4.031E+00 1.006E+03 2.131E+04 1.313E+05 1.536E+05 1.536E+05 3.746E+07 34.5850 1.00000
  3.162E+11 3.162E+11 4.050E+00 1.129E+03 2.391E+04 1.506E+05 1.756E+05 1.756E+05 3.767E+07 34.8153 1.00000
  3.548E+11 3.548E+11 4.069E+00 1.266E+03 2.682E+04 1.726E+05 2.007E+05 2.007E+05 3.788E+07 35.0455 1.00000
  3.981E+11 3.981E+11 4.088E+00 1.421E+03 3.010E+04 1.980E+05 2.295E+05 2.295E+05 3.808E+07 35.2758 1.00000
  4.467E+11 4.467E+11 4.107E+00 1.595E+03 3.377E+04 2.270E+05 2.624E+05 2.624E+05 3.828E+07 35.5060 1.00000
  5.012E+11 5.012E+11 4.127E+00 1.790E+03 3.789E+04 2.604E+05 3.001E+05 3.001E+05 3.847E+07 35.7363 1.00000
  5.623E+11 5.623E+11 4.146E+00 2.009E+03 4.251E+04 2.986E+05 3.431E+05 3.431E+05 3.866E+07 35.9665 1.00000
  6.310E+11 6.310E+11 4.166E+00 2.254E+03 4.770E+04 3.425E+05 3.925E+05 3.925E+05 3.885E+07 36.1968 1.00000
  7.079E+11 7.079E+11 4.185E+00 2.529E+03 5.352E+04 3.929E+05 4.489E+05 4.489E+05 3.903E+07 36.4271 1.00000
  7.943E+11 7.943E+11 4.205E+00 2.838E+03 6.005E+04 4.507E+05 5.135E+05 5.136E+05 3.921E+07 36.6573 1.00000
  8.913E+11 8.913E+11 4.225E+00 3.185E+03 6.738E+04 5.170E+05 5.875E+05 5.875E+05 3.939E+07 36.8876 1.00000
  1.000E+12 1.000E+12 4.245E+00 3.574E+03 7.560E+04 5.931E+05 6.722E+05 6.723E+05 3.956E+07 37.1178 1.00000
  1.122E+12 1.122E+12 4.265E+00 4.011E+03 8.482E+04 6.804E+05 7.692E+05 7.693E+05 3.973E+07 37.3481 1.00000
  1.259E+12 1.259E+12 4.285E+00 4.500E+03 9.517E+04 7.807E+05 8.803E+05 8.803E+05 3.990E+07 37.5784 1.00000
  1.413E+12 1.413E+12 4.305E+00 5.050E+03 1.068E+05 8.957E+05 1.008E+06 1.008E+06 4.006E+07 37.8086 1.00000
  1.585E+12 1.585E+12 4.326E+00 5.666E+03 1.198E+05 1.028E+06 1.153E+06 1.153E+06 4.022E+07 38.0389 1.00000
  1.778E+12 1.778E+12 4.346E+00 6.358E+03 1.344E+05 1.179E+06 1.320E+06 1.320E+06 4.038E+07 38.2691 1.00000
  1.995E+12 1.995E+12 4.367E+00 7.134E+03 1.508E+05 1.353E+06 1.511E+06 1.511E+06 4.053E+07 38.4994 1.00000
  2.239E+12 2.239E+12 4.387E+00 8.005E+03 1.692E+05 1.553E+06 1.730E+06 1.730E+06 4.068E+07 38.7296 1.00000
  2.512E+12 2.512E+12 4.408E+00 8.982E+03 1.899E+05 1.783E+06 1.982E+06 1.982E+06 4.083E+07 38.9599 1.00000
  2.818E+12 2.818E+12 4.429E+00 1.008E+04 2.131E+05 2.046E+06 2.269E+06 2.269E+06 4.097E+07 39.1902 1.00000
  3.162E+12 3.162E+12 4.450E+00 1.131E+04 2.391E+05 2.348E+06 2.599E+06 2.599E+06 4.111E+07 39.4204 1.00000
  3.548E+12 3.548E+12 4.471E+00 1.269E+04 2.682E+05 2.696E+06 2.977E+06 2.977E+06 4.125E+07 39.6507 1.00000
  3.981E+12 3.981E+12 4.493E+00 1.424E+04 3.010E+05 3.094E+06 3.410E+06 3.410E+06 4.139E+07 39.8809 1.00000
  4.467E+12 4.467E+12 4.514E+00 1.598E+04 3.377E+05 3.552E+06 3.906E+06 3.906E+06 4.152E+07 40.1112 1.00000
  5.012E+12 5.012E+12 4.536E+00 1.793E+04 3.789E+05 4.078E+06 4.475E+06 4.475E+06 4.165E+07 40.3415 1.00000
  5.623E+12 5.623E+12 4.557E+00 2.011E+04 4.251E+05 4.682E+06 5.127E+06 5.127E+06 4.178E+07 40.5717 1.00000
  6.310E+12 6.310E+12 4.579E+00 2.257E+04 4.770E+05 5.376E+06 5.875E+06 5.875E+06 4.190E+07 40.8020 1.00000
  7.079E+12 7.079E+12 4.601E+00 2.532E+04 5.352E+05 6.172E+06 6.733E+06 6.733E+06 4.203E+07 41.0322 1.00000
  7.943E+12 7.943E+12 4.623E+00 2.841E+04 6.005E+05 7.087E+06 7.716E+06 7.716E+06 4.215E+07 41.2625 1.00000
  8.913E+12 8.913E+12 4.645E+00 3.188E+04 6.737E+05 8.139E+06 8.844E+06 8.844E+06 4.226E+07 41.4928 1.00000
  1.000E+13 1.000E+13 4.667E+00 3.577E+04 7.559E+05 9.346E+06 1.014E+07 1.014E+07 4.238E+07 41.7230 1.00000
  1.122E+13 1.122E+13 4.690E+00 4.013E+04 8.482E+05 1.073E+07 1.162E+07 1.162E+07 4.249E+07 41.9533 1.00000
  1.259E+13 1.259E+13 4.712E+00 4.503E+04 9.517E+05 1.233E+07 1.332E+07 1.332E+07 4.260E+07 42.1835 1.00000
  1.413E+13 1.413E+13 4.735E+00 5.053E+04 1.068E+06 1.416E+07 1.528E+07 1.528E+07 4.271E+07 42.4138 1.00000
  1.585E+13 1.585E+13 4.758E+00 5.669E+04 1.198E+06 1.626E+07 1.752E+07 1.752E+07 4.281E+07 42.6440 1.00000
  1.778E+13 1.778E+13 4.780E+00 6.361E+04 1.344E+06 1.868E+07 2.009E+07 2.009E+07 4.292E+07 42.8743 1.00000
  1.995E+13 1.995E+13 4.803E+00 7.137E+04 1.508E+06 2.146E+07 2.304E+07 2.304E+07 4.302E+07 43.1046 1.00000
  2.239E+13 2.239E+13 4.827E+00 8.008E+04 1.692E+06 2.465E+07 2.642E+07 2.642E+07 4.312E+07 43.3348 1.00000
  2.512E+13 2.512E+13 4.850E+00 8.985E+04 1.899E+06 2.832E+07 3.031E+07 3.031E+07 4.321E+07 43.5651 1.00000
  2.818E+13 2.818E+13 4.873E+00 1.008E+05 2.130E+06 3.253E+07 3.477E+07 3.477E+07 4.331E+07 43.7953 1.00000
  3.162E+13 3.162E+13 4.897E+00 1.131E+05 2.390E+06 3.738E+07 3.988E+07 3.988E+07 4.340E+07 44.0256 1.00000
  3.548E+13 3.548E+13 4.920E+00 1.269E+05 2.682E+06 4.295E+07 4.576E+07 4.576E+07 4.349E+07 44.2559 1.00000
  3.981E+13 3.981E+13 4.944E+00 1.424E+05 3.009E+06 4.935E+07 5.250E+07 5.250E+07 4.358E+07 44.4861 1.00000
  4.467E+13 4.467E+13 4.968E+00 1.598E+05 3.377E+06 5.671E+07 6.024E+07 6.024E+07 4.366E+07 44.7164 1.00000
  5.012E+13 5.012E+13 4.992E+00 1.793E+05 3.788E+06 6.517E+07 6.913E+07 6.913E+07 4.375E+07 44.9466 1.00000
  5.623E+13 5.623E+13 5.016E+00 2.012E+05 4.251E+06 7.489E+07 7.934E+07 7.934E+07 4.383E+07 45.1769 1.00000
  6.310E+13 6.310E+13 5.040E+00 2.257E+05 4.769E+06 8.607E+07 9.106E+07 9.106E+07 4.391E+07 45.4071 1.00000
  7.079E+13 7.079E+13 5.065E+00 2.532E+05 5.351E+06 9.892E+07 1.045E+08 1.045E+08 4.399E+07 45.6374 1.00000
  7.943E+13 7.943E+13 5.089E+00 2.841E+05 6.004E+06 1.137E+08 1.200E+08 1.200E+08 4.407E+07 45.8677 1.00000
  8.913E+13 8.913E+13 5.114E+00 3.188E+05 6.737E+06 1.307E+08 1.377E+08 1.377E+08 4.414E+07 46.0979 1.00000
  1.000E+14 1.000E+14 5.139E+00 3.577E+05 7.559E+06 1.502E+08 1.581E+08 1.581E+08 4.422E+07 46.3282 1.00000
  1.122E+14 1.122E+14 5.163E+00 4.014E+05 8.481E+06 1.727E+08 1.815E+08 1.815E+08 4.429E+07 46.5584 1.00000
  1.259E+14 1.259E+14 5.189E+00 4.503E+05 9.516E+06 1.985E+08 2.085E+08 2.085E+08 4.436E+07 46.7887 1.00000
  1.413E+14 1.413E+14 5.214E+00 5.053E+05 1.068E+07 2.282E+08 2.394E+08 2.394E+08 4.443E+07 47.0190 1.00000
  1.585E+14 1.585E+14 5.239E+00 5.670E+05 1.198E+07 2.623E+08 2.749E+08 2.749E+08 4.449E+07 47.2492 1.00000
  1.778E+14 1.778E+14 5.264E+00 6.361E+05 1.344E+07 3.016E+08 3.157E+08 3.157E+08 4.456E+07 47.4795 1.00000
  1.995E+14 1.995E+14 5.290E+00 7.138E+05 1.508E+07 3.468E+08 3.626E+08 3.626E+08 4.462E+07 47.7097 1.00000
  2.239E+14 2.239E+14 5.316E+00 8.008E+05 1.692E+07 3.988E+08 4.165E+08 4.165E+08 4.469E+07 47.9400 1.00000
  2.512E+14 2.512E+14 5.342E+00 8.986E+05 1.899E+07 4.585E+08 4.784E+08 4.784E+08 4.475E+07 48.1702 1.00000
  2.818E+14 2.818E+14 5.368E+00 1.008E+06 2.130E+07 5.273E+08 5.496E+08 5.496E+08 4.481E+07 48.4005 1.00000
  3.162E+14 3.162E+14 5.394E+00 1.131E+06 2.390E+07 6.064E+08 6.314E+08 6.314E+08 4.487E+07 48.6308 1.00000
  3.548E+14 3.548E+14 5.420E+00 1.269E+06 2.682E+07 6.973E+08 7.254E+08 7.254E+08 4.492E+07 48.8610 1.00000
  3.981E+14 3.981E+14 5.446E+00 1.424E+06 3.009E+07 8.020E+08 8.335E+08 8.335E+08 4.498E+07 49.0913 1.00000
  4.467E+14 4.467E+14 5.473E+00 1.598E+06 3.376E+07 9.224E+08 9.577E+08 9.577E+08 4.503E+07 49.3215 1.00000
  5.012E+14 5.012E+14 5.499E+00 1.793E+06 3.788E+07 1.061E+09 1.101E+09 1.101E+09 4.509E+07 49.5518 1.00000
  5.623E+14 5.623E+14 5.526E+00 2.012E+06 4.250E+07 1.220E+09 1.265E+09 1.265E+09 4.514E+07 49.7821 1.00000
  6.310E+14 6.310E+14 5.553E+00 2.257E+06 4.769E+07 1.404E+09 1.454E+09 1.454E+09 4.519E+07 50.0123 1.00000
  7.079E+14 7.079E+14 5.580E+00 2.532E+06 5.351E+07 1.615E+09 1.671E+09 1.671E+09 4.524E+07 50.2426 1.00000
  7.943E+14 7.943E+14 5.607E+00 2.842E+06 6.004E+07 1.857E+09 1.920E+09 1.920E+09 4.529E+07 50.4728 1.00000
  8.913E+14 8.913E+14 5.635E+00 3.188E+06 6.736E+07 2.137E+09 2.207E+09 2.207E+09 4.533E+07 50.7031 1.00000
  1.000E+15 1.000E+15 5.662E+00 3.577E+06 7.558E+07 2.458E+09 2.538E+09 2.538E+09 4.538E+07 50.9333 1.00000
