 Incident particle is a Tau with M = 1776.82000 MeV
 Index = 0: C552AirEquivalentPlastic
      Absorber with <Z/A> = 0.49967
 Sternheimer coef:  a     k=m_s   x_0    x_1    I[eV]   Cbar  delta0
                 0.1049  3.4344  0.1510  2.7083   86.8  3.3338 0.00

 *** Table generated with PUMAS v1.00 ***

      T         p     Ionization  brems     pair     photonuc  Radloss    dE/dx   CSDA Range  delta   beta
    [MeV]    [MeV/c]  -----------------------[MeV cm^2/g]------------------------  [g/cm^2]
  1.000E+05 1.018E+05 2.166E+00 1.401E-04 2.185E-03 8.313E-03 1.064E-02 2.176E+00 2.297E+04  4.8499 0.99985
  1.122E+05 1.140E+05 2.185E+00 1.619E-04 2.636E-03 9.387E-03 1.218E-02 2.197E+00 2.855E+04  5.0617 0.99988
  1.259E+05 1.277E+05 2.204E+00 1.869E-04 3.169E-03 1.054E-02 1.390E-02 2.218E+00 3.476E+04  5.2757 0.99990
  1.413E+05 1.430E+05 2.223E+00 2.158E-04 3.797E-03 1.184E-02 1.586E-02 2.238E+00 4.165E+04  5.4918 0.99992
  1.585E+05 1.603E+05 2.241E+00 2.489E-04 4.535E-03 1.330E-02 1.808E-02 2.260E+00 4.931E+04  5.7097 0.99994
  1.778E+05 1.796E+05 2.260E+00 2.870E-04 5.402E-03 1.492E-02 2.061E-02 2.281E+00 5.783E+04  5.9293 0.99995
  1.995E+05 2.013E+05 2.279E+00 3.308E-04 6.416E-03 1.678E-02 2.353E-02 2.302E+00 6.730E+04  6.1505 0.99996
  2.239E+05 2.256E+05 2.297E+00 3.811E-04 7.603E-03 1.881E-02 2.679E-02 2.324E+00 7.783E+04  6.3731 0.99997
  2.512E+05 2.530E+05 2.316E+00 4.388E-04 8.986E-03 2.108E-02 3.050E-02 2.346E+00 8.952E+04  6.5969 0.99998
  2.818E+05 2.836E+05 2.334E+00 5.051E-04 1.060E-02 2.363E-02 3.474E-02 2.369E+00 1.025E+05  6.8218 0.99998
  3.162E+05 3.180E+05 2.353E+00 5.812E-04 1.247E-02 2.653E-02 3.958E-02 2.392E+00 1.170E+05  7.0477 0.99998
  3.548E+05 3.566E+05 2.371E+00 6.684E-04 1.464E-02 2.977E-02 4.508E-02 2.416E+00 1.330E+05  7.2744 0.99999
  3.981E+05 3.999E+05 2.389E+00 7.684E-04 1.716E-02 3.339E-02 5.132E-02 2.441E+00 1.508E+05  7.5019 0.99999
  4.467E+05 4.485E+05 2.408E+00 8.830E-04 2.008E-02 3.746E-02 5.842E-02 2.466E+00 1.706E+05  7.7300 0.99999
  5.012E+05 5.030E+05 2.426E+00 1.014E-03 2.345E-02 4.203E-02 6.649E-02 2.492E+00 1.926E+05  7.9586 0.99999
  5.623E+05 5.641E+05 2.444E+00 1.165E-03 2.733E-02 4.698E-02 7.548E-02 2.519E+00 2.170E+05  8.1875 1.00000
  6.310E+05 6.327E+05 2.462E+00 1.337E-03 3.181E-02 5.256E-02 8.571E-02 2.548E+00 2.441E+05  8.4168 1.00000
  7.079E+05 7.097E+05 2.480E+00 1.534E-03 3.697E-02 5.886E-02 9.737E-02 2.577E+00 2.742E+05  8.6463 1.00000
  7.943E+05 7.961E+05 2.498E+00 1.760E-03 4.290E-02 6.598E-02 1.106E-01 2.608E+00 3.075E+05  8.8760 1.00000
  8.913E+05 8.930E+05 2.516E+00 2.018E-03 4.971E-02 7.402E-02 1.257E-01 2.641E+00 3.444E+05  9.1058 1.00000
  1.000E+06 1.002E+06 2.533E+00 2.314E-03 5.752E-02 8.311E-02 1.429E-01 2.676E+00 3.853E+05  9.3356 1.00000
  1.122E+06 1.124E+06 2.551E+00 2.651E-03 6.647E-02 9.341E-02 1.625E-01 2.714E+00 4.306E+05  9.5655 1.00000
  1.259E+06 1.261E+06 2.569E+00 3.038E-03 7.671E-02 1.051E-01 1.848E-01 2.753E+00 4.807E+05  9.7954 1.00000
  1.413E+06 1.414E+06 2.586E+00 3.479E-03 8.842E-02 1.183E-01 2.102E-01 2.796E+00 5.360E+05 10.0253 1.00000
  1.585E+06 1.587E+06 2.603E+00 3.984E-03 1.018E-01 1.333E-01 2.390E-01 2.842E+00 5.972E+05 10.2553 1.00000
  1.778E+06 1.780E+06 2.620E+00 4.561E-03 1.171E-01 1.503E-01 2.719E-01 2.892E+00 6.646E+05 10.4853 1.00000
  1.995E+06 1.997E+06 2.638E+00 5.219E-03 1.345E-01 1.696E-01 3.092E-01 2.947E+00 7.390E+05 10.7154 1.00000
  2.239E+06 2.240E+06 2.655E+00 5.971E-03 1.543E-01 1.915E-01 3.517E-01 3.006E+00 8.208E+05 10.9455 1.00000
  2.512E+06 2.514E+06 2.671E+00 6.830E-03 1.768E-01 2.164E-01 4.000E-01 3.071E+00 9.107E+05 11.1755 1.00000
  2.818E+06 2.820E+06 2.688E+00 7.810E-03 2.025E-01 2.447E-01 4.549E-01 3.143E+00 1.009E+06 11.4056 1.00000
  3.162E+06 3.164E+06 2.704E+00 8.928E-03 2.316E-01 2.768E-01 5.174E-01 3.222E+00 1.117E+06 11.6358 1.00000
  3.548E+06 3.550E+06 2.721E+00 1.020E-02 2.646E-01 3.134E-01 5.883E-01 3.309E+00 1.236E+06 11.8659 1.00000
  3.981E+06 3.983E+06 2.737E+00 1.166E-02 3.021E-01 3.551E-01 6.689E-01 3.406E+00 1.365E+06 12.0961 1.00000
  4.467E+06 4.469E+06 2.753E+00 1.332E-02 3.446E-01 4.025E-01 7.604E-01 3.513E+00 1.505E+06 12.3262 1.00000
  5.012E+06 5.014E+06 2.769E+00 1.521E-02 3.928E-01 4.564E-01 8.644E-01 3.633E+00 1.658E+06 12.5564 1.00000
  5.623E+06 5.625E+06 2.785E+00 1.737E-02 4.473E-01 5.179E-01 9.825E-01 3.767E+00 1.823E+06 12.7866 1.00000
  6.310E+06 6.311E+06 2.800E+00 1.982E-02 5.090E-01 5.878E-01 1.117E+00 3.917E+00 2.002E+06 13.0168 1.00000
  7.079E+06 7.081E+06 2.816E+00 2.262E-02 5.787E-01 6.675E-01 1.269E+00 4.084E+00 2.194E+06 13.2470 1.00000
  7.943E+06 7.945E+06 2.831E+00 2.581E-02 6.574E-01 7.583E-01 1.442E+00 4.272E+00 2.401E+06 13.4772 1.00000
  8.913E+06 8.914E+06 2.846E+00 2.944E-02 7.464E-01 8.618E-01 1.638E+00 4.484E+00 2.622E+06 13.7074 1.00000
  1.000E+07 1.000E+07 2.861E+00 3.356E-02 8.468E-01 9.798E-01 1.860E+00 4.721E+00 2.859E+06 13.9376 1.00000
  1.122E+07 1.122E+07 2.876E+00 3.826E-02 9.602E-01 1.114E+00 2.113E+00 4.988E+00 3.110E+06 14.1678 1.00000
  1.259E+07 1.259E+07 2.890E+00 4.360E-02 1.088E+00 1.268E+00 2.399E+00 5.290E+00 3.377E+06 14.3980 1.00000
  1.413E+07 1.413E+07 2.905E+00 4.968E-02 1.232E+00 1.442E+00 2.724E+00 5.629E+00 3.659E+06 14.6283 1.00000
  1.585E+07 1.585E+07 2.919E+00 5.659E-02 1.394E+00 1.642E+00 3.093E+00 6.012E+00 3.955E+06 14.8585 1.00000
  1.778E+07 1.778E+07 2.934E+00 6.444E-02 1.577E+00 1.869E+00 3.511E+00 6.445E+00 4.266E+06 15.0887 1.00000
  1.995E+07 1.995E+07 2.948E+00 7.335E-02 1.783E+00 2.129E+00 3.985E+00 6.933E+00 4.591E+06 15.3190 1.00000
  2.239E+07 2.239E+07 2.962E+00 8.348E-02 2.015E+00 2.425E+00 4.524E+00 7.486E+00 4.929E+06 15.5492 1.00000
  2.512E+07 2.512E+07 2.976E+00 9.498E-02 2.277E+00 2.762E+00 5.134E+00 8.110E+00 5.280E+06 15.7794 1.00000
  2.818E+07 2.819E+07 2.990E+00 1.080E-01 2.570E+00 3.148E+00 5.826E+00 8.816E+00 5.643E+06 16.0097 1.00000
  3.162E+07 3.162E+07 3.004E+00 1.229E-01 2.901E+00 3.587E+00 6.611E+00 9.615E+00 6.017E+06 16.2399 1.00000
  3.548E+07 3.548E+07 3.018E+00 1.397E-01 3.272E+00 4.089E+00 7.501E+00 1.052E+01 6.401E+06 16.4702 1.00000
  3.981E+07 3.981E+07 3.032E+00 1.587E-01 3.690E+00 4.662E+00 8.511E+00 1.154E+01 6.794E+06 16.7004 1.00000
  4.467E+07 4.467E+07 3.046E+00 1.803E-01 4.160E+00 5.315E+00 9.656E+00 1.270E+01 7.196E+06 16.9307 1.00000
  5.012E+07 5.012E+07 3.060E+00 2.048E-01 4.688E+00 6.062E+00 1.095E+01 1.401E+01 7.605E+06 17.1609 1.00000
  5.623E+07 5.624E+07 3.074E+00 2.326E-01 5.282E+00 6.914E+00 1.243E+01 1.550E+01 8.020E+06 17.3912 1.00000
  6.310E+07 6.310E+07 3.088E+00 2.640E-01 5.949E+00 7.886E+00 1.410E+01 1.719E+01 8.441E+06 17.6214 1.00000
  7.079E+07 7.080E+07 3.102E+00 2.996E-01 6.698E+00 8.996E+00 1.599E+01 1.910E+01 8.866E+06 17.8517 1.00000
  7.943E+07 7.943E+07 3.115E+00 3.399E-01 7.540E+00 1.026E+01 1.814E+01 2.126E+01 9.296E+06 18.0819 1.00000
  8.913E+07 8.913E+07 3.129E+00 3.855E-01 8.485E+00 1.171E+01 2.058E+01 2.371E+01 9.728E+06 18.3122 1.00000
  1.000E+08 1.000E+08 3.143E+00 4.371E-01 9.547E+00 1.337E+01 2.335E+01 2.649E+01 1.016E+07 18.5424 1.00000
  1.122E+08 1.122E+08 3.157E+00 4.955E-01 1.074E+01 1.525E+01 2.649E+01 2.965E+01 1.060E+07 18.7727 1.00000
  1.259E+08 1.259E+08 3.171E+00 5.615E-01 1.208E+01 1.741E+01 3.005E+01 3.322E+01 1.104E+07 19.0029 1.00000
  1.413E+08 1.413E+08 3.185E+00 6.361E-01 1.358E+01 1.987E+01 3.409E+01 3.728E+01 1.147E+07 19.2332 1.00000
  1.585E+08 1.585E+08 3.199E+00 7.204E-01 1.527E+01 2.269E+01 3.868E+01 4.188E+01 1.191E+07 19.4635 1.00000
  1.778E+08 1.778E+08 3.214E+00 8.157E-01 1.717E+01 2.590E+01 4.388E+01 4.709E+01 1.235E+07 19.6937 1.00000
  1.995E+08 1.995E+08 3.228E+00 9.233E-01 1.929E+01 2.957E+01 4.979E+01 5.301E+01 1.278E+07 19.9240 1.00000
  2.239E+08 2.239E+08 3.242E+00 1.045E+00 2.168E+01 3.377E+01 5.649E+01 5.973E+01 1.321E+07 20.1542 1.00000
  2.512E+08 2.512E+08 3.256E+00 1.182E+00 2.436E+01 3.856E+01 6.410E+01 6.736E+01 1.365E+07 20.3845 1.00000
  2.818E+08 2.818E+08 3.271E+00 1.337E+00 2.737E+01 4.403E+01 7.274E+01 7.601E+01 1.408E+07 20.6147 1.00000
  3.162E+08 3.162E+08 3.285E+00 1.511E+00 3.075E+01 5.029E+01 8.255E+01 8.583E+01 1.450E+07 20.8450 1.00000
  3.548E+08 3.548E+08 3.300E+00 1.708E+00 3.454E+01 5.744E+01 9.368E+01 9.698E+01 1.493E+07 21.0753 1.00000
  3.981E+08 3.981E+08 3.314E+00 1.931E+00 3.879E+01 6.560E+01 1.063E+02 1.096E+02 1.535E+07 21.3055 1.00000
  4.467E+08 4.467E+08 3.329E+00 2.181E+00 4.357E+01 7.494E+01 1.207E+02 1.240E+02 1.576E+07 21.5358 1.00000
  5.012E+08 5.012E+08 3.343E+00 2.464E+00 4.892E+01 8.561E+01 1.370E+02 1.403E+02 1.618E+07 21.7660 1.00000
  5.623E+08 5.623E+08 3.358E+00 2.782E+00 5.494E+01 9.780E+01 1.555E+02 1.589E+02 1.659E+07 21.9963 1.00000
  6.310E+08 6.310E+08 3.373E+00 3.140E+00 6.168E+01 1.117E+02 1.766E+02 1.799E+02 1.699E+07 22.2265 1.00000
  7.079E+08 7.079E+08 3.388E+00 3.544E+00 6.926E+01 1.277E+02 2.005E+02 2.039E+02 1.740E+07 22.4568 1.00000
  7.943E+08 7.943E+08 3.403E+00 3.999E+00 7.775E+01 1.459E+02 2.276E+02 2.310E+02 1.780E+07 22.6871 1.00000
  8.913E+08 8.913E+08 3.418E+00 4.511E+00 8.729E+01 1.667E+02 2.585E+02 2.619E+02 1.819E+07 22.9173 1.00000
  1.000E+09 1.000E+09 3.433E+00 5.088E+00 9.799E+01 1.905E+02 2.936E+02 2.970E+02 1.858E+07 23.1476 1.00000
  1.122E+09 1.122E+09 3.448E+00 5.737E+00 1.100E+02 2.177E+02 3.334E+02 3.369E+02 1.897E+07 23.3778 1.00000
  1.259E+09 1.259E+09 3.464E+00 6.467E+00 1.235E+02 2.488E+02 3.787E+02 3.822E+02 1.935E+07 23.6081 1.00000
  1.413E+09 1.413E+09 3.479E+00 7.289E+00 1.386E+02 2.844E+02 4.302E+02 4.337E+02 1.973E+07 23.8383 1.00000
  1.585E+09 1.585E+09 3.495E+00 8.214E+00 1.555E+02 3.250E+02 4.888E+02 4.923E+02 2.010E+07 24.0686 1.00000
  1.778E+09 1.778E+09 3.510E+00 9.254E+00 1.746E+02 3.715E+02 5.554E+02 5.589E+02 2.047E+07 24.2989 1.00000
  1.995E+09 1.995E+09 3.526E+00 1.042E+01 1.959E+02 4.247E+02 6.311E+02 6.346E+02 2.084E+07 24.5291 1.00000
  2.239E+09 2.239E+09 3.542E+00 1.174E+01 2.199E+02 4.855E+02 7.172E+02 7.207E+02 2.120E+07 24.7594 1.00000
  2.512E+09 2.512E+09 3.557E+00 1.322E+01 2.468E+02 5.551E+02 8.151E+02 8.187E+02 2.155E+07 24.9896 1.00000
  2.818E+09 2.818E+09 3.573E+00 1.488E+01 2.770E+02 6.347E+02 9.265E+02 9.301E+02 2.191E+07 25.2199 1.00000
  3.162E+09 3.162E+09 3.589E+00 1.675E+01 3.108E+02 7.257E+02 1.053E+03 1.057E+03 2.225E+07 25.4502 1.00000
  3.548E+09 3.548E+09 3.605E+00 1.885E+01 3.488E+02 8.297E+02 1.197E+03 1.201E+03 2.260E+07 25.6804 1.00000
  3.981E+09 3.981E+09 3.622E+00 2.121E+01 3.914E+02 9.488E+02 1.361E+03 1.365E+03 2.294E+07 25.9107 1.00000
  4.467E+09 4.467E+09 3.638E+00 2.386E+01 4.393E+02 1.085E+03 1.548E+03 1.552E+03 2.327E+07 26.1409 1.00000
  5.012E+09 5.012E+09 3.654E+00 2.684E+01 4.929E+02 1.241E+03 1.761E+03 1.764E+03 2.360E+07 26.3712 1.00000
  5.623E+09 5.623E+09 3.671E+00 3.018E+01 5.531E+02 1.419E+03 2.002E+03 2.006E+03 2.393E+07 26.6014 1.00000
  6.310E+09 6.310E+09 3.687E+00 3.394E+01 6.207E+02 1.623E+03 2.278E+03 2.281E+03 2.425E+07 26.8317 1.00000
  7.079E+09 7.079E+09 3.704E+00 3.816E+01 6.965E+02 1.857E+03 2.591E+03 2.595E+03 2.456E+07 27.0620 1.00000
  7.943E+09 7.943E+09 3.721E+00 4.290E+01 7.815E+02 2.124E+03 2.948E+03 2.952E+03 2.488E+07 27.2922 1.00000
  8.913E+09 8.913E+09 3.737E+00 4.823E+01 8.769E+02 2.429E+03 3.355E+03 3.358E+03 2.519E+07 27.5225 1.00000
  1.000E+10 1.000E+10 3.754E+00 5.421E+01 9.840E+02 2.779E+03 3.817E+03 3.821E+03 2.549E+07 27.7527 1.00000
  1.122E+10 1.122E+10 3.771E+00 6.092E+01 1.104E+03 3.180E+03 4.345E+03 4.348E+03 2.579E+07 27.9830 1.00000
  1.259E+10 1.259E+10 3.788E+00 6.846E+01 1.239E+03 3.638E+03 4.945E+03 4.949E+03 2.609E+07 28.2133 1.00000
  1.413E+10 1.413E+10 3.806E+00 7.693E+01 1.390E+03 4.162E+03 5.629E+03 5.633E+03 2.638E+07 28.4435 1.00000
  1.585E+10 1.585E+10 3.823E+00 8.643E+01 1.560E+03 4.762E+03 6.409E+03 6.412E+03 2.666E+07 28.6738 1.00000
  1.778E+10 1.778E+10 3.840E+00 9.710E+01 1.750E+03 5.450E+03 7.297E+03 7.301E+03 2.695E+07 28.9040 1.00000
  1.995E+10 1.995E+10 3.858E+00 1.091E+02 1.964E+03 6.236E+03 8.309E+03 8.313E+03 2.723E+07 29.1343 1.00000
  2.239E+10 2.239E+10 3.875E+00 1.225E+02 2.203E+03 7.137E+03 9.463E+03 9.467E+03 2.750E+07 29.3646 1.00000
  2.512E+10 2.512E+10 3.893E+00 1.376E+02 2.472E+03 8.168E+03 1.078E+04 1.078E+04 2.777E+07 29.5948 1.00000
  2.818E+10 2.818E+10 3.911E+00 1.545E+02 2.774E+03 9.348E+03 1.228E+04 1.228E+04 2.804E+07 29.8251 1.00000
  3.162E+10 3.162E+10 3.929E+00 1.736E+02 3.113E+03 1.070E+04 1.399E+04 1.399E+04 2.830E+07 30.0553 1.00000
  3.548E+10 3.548E+10 3.947E+00 1.949E+02 3.492E+03 1.225E+04 1.593E+04 1.594E+04 2.856E+07 30.2856 1.00000
  3.981E+10 3.981E+10 3.965E+00 2.188E+02 3.918E+03 1.402E+04 1.816E+04 1.816E+04 2.882E+07 30.5158 1.00000
  4.467E+10 4.467E+10 3.983E+00 2.457E+02 4.397E+03 1.605E+04 2.069E+04 2.070E+04 2.907E+07 30.7461 1.00000
  5.012E+10 5.012E+10 4.001E+00 2.759E+02 4.933E+03 1.837E+04 2.358E+04 2.359E+04 2.931E+07 30.9764 1.00000
  5.623E+10 5.623E+10 4.020E+00 3.097E+02 5.535E+03 2.104E+04 2.688E+04 2.688E+04 2.956E+07 31.2066 1.00000
  6.310E+10 6.310E+10 4.038E+00 3.477E+02 6.210E+03 2.409E+04 3.064E+04 3.065E+04 2.980E+07 31.4369 1.00000
  7.079E+10 7.079E+10 4.057E+00 3.903E+02 6.968E+03 2.758E+04 3.494E+04 3.494E+04 3.003E+07 31.6671 1.00000
  7.943E+10 7.943E+10 4.076E+00 4.382E+02 7.818E+03 3.158E+04 3.983E+04 3.984E+04 3.027E+07 31.8974 1.00000
  8.913E+10 8.913E+10 4.094E+00 4.919E+02 8.772E+03 3.616E+04 4.542E+04 4.543E+04 3.049E+07 32.1277 1.00000
  1.000E+11 1.000E+11 4.113E+00 5.521E+02 9.842E+03 4.141E+04 5.181E+04 5.181E+04 3.072E+07 32.3579 1.00000
  1.122E+11 1.122E+11 4.132E+00 6.197E+02 1.104E+04 4.743E+04 5.909E+04 5.909E+04 3.094E+07 32.5882 1.00000
  1.259E+11 1.259E+11 4.152E+00 6.956E+02 1.239E+04 5.432E+04 6.740E+04 6.741E+04 3.116E+07 32.8184 1.00000
  1.413E+11 1.413E+11 4.171E+00 7.807E+02 1.390E+04 6.221E+04 7.689E+04 7.690E+04 3.137E+07 33.0487 1.00000
  1.585E+11 1.585E+11 4.190E+00 8.762E+02 1.560E+04 7.126E+04 8.773E+04 8.774E+04 3.158E+07 33.2789 1.00000
  1.778E+11 1.778E+11 4.210E+00 9.834E+02 1.750E+04 8.163E+04 1.001E+05 1.001E+05 3.179E+07 33.5092 1.00000
  1.995E+11 1.995E+11 4.229E+00 1.104E+03 1.963E+04 9.351E+04 1.142E+05 1.142E+05 3.199E+07 33.7395 1.00000
  2.239E+11 2.239E+11 4.249E+00 1.239E+03 2.203E+04 1.071E+05 1.304E+05 1.304E+05 3.219E+07 33.9697 1.00000
  2.512E+11 2.512E+11 4.269E+00 1.390E+03 2.472E+04 1.227E+05 1.488E+05 1.488E+05 3.239E+07 34.2000 1.00000
  2.818E+11 2.818E+11 4.289E+00 1.560E+03 2.773E+04 1.406E+05 1.699E+05 1.699E+05 3.258E+07 34.4302 1.00000
  3.162E+11 3.162E+11 4.309E+00 1.751E+03 3.112E+04 1.611E+05 1.940E+05 1.940E+05 3.277E+07 34.6605 1.00000
  3.548E+11 3.548E+11 4.329E+00 1.964E+03 3.491E+04 1.846E+05 2.215E+05 2.215E+05 3.296E+07 34.8908 1.00000
  3.981E+11 3.981E+11 4.349E+00 2.204E+03 3.917E+04 2.115E+05 2.529E+05 2.529E+05 3.314E+07 35.1210 1.00000
  4.467E+11 4.467E+11 4.369E+00 2.474E+03 4.395E+04 2.424E+05 2.888E+05 2.888E+05 3.332E+07 35.3513 1.00000
  5.012E+11 5.012E+11 4.390E+00 2.776E+03 4.931E+04 2.778E+05 3.299E+05 3.299E+05 3.350E+07 35.5815 1.00000
  5.623E+11 5.623E+11 4.410E+00 3.115E+03 5.532E+04 3.184E+05 3.768E+05 3.768E+05 3.367E+07 35.8118 1.00000
  6.310E+11 6.310E+11 4.431E+00 3.495E+03 6.207E+04 3.649E+05 4.305E+05 4.305E+05 3.384E+07 36.0420 1.00000
  7.079E+11 7.079E+11 4.452E+00 3.922E+03 6.964E+04 4.183E+05 4.918E+05 4.918E+05 3.401E+07 36.2723 1.00000
  7.943E+11 7.943E+11 4.473E+00 4.401E+03 7.814E+04 4.794E+05 5.620E+05 5.620E+05 3.417E+07 36.5026 1.00000
  8.913E+11 8.913E+11 4.494E+00 4.939E+03 8.767E+04 5.496E+05 6.422E+05 6.422E+05 3.434E+07 36.7328 1.00000
  1.000E+12 1.000E+12 4.515E+00 5.542E+03 9.836E+04 6.300E+05 7.339E+05 7.339E+05 3.449E+07 36.9631 1.00000
  1.122E+12 1.122E+12 4.536E+00 6.218E+03 1.104E+05 7.223E+05 8.389E+05 8.389E+05 3.465E+07 37.1933 1.00000
  1.259E+12 1.259E+12 4.558E+00 6.977E+03 1.238E+05 8.281E+05 9.589E+05 9.589E+05 3.480E+07 37.4236 1.00000
  1.413E+12 1.413E+12 4.579E+00 7.829E+03 1.389E+05 9.494E+05 1.096E+06 1.096E+06 3.495E+07 37.6539 1.00000
  1.585E+12 1.585E+12 4.601E+00 8.785E+03 1.559E+05 1.089E+06 1.253E+06 1.253E+06 3.510E+07 37.8841 1.00000
  1.778E+12 1.778E+12 4.623E+00 9.857E+03 1.749E+05 1.248E+06 1.433E+06 1.433E+06 3.525E+07 38.1144 1.00000
  1.995E+12 1.995E+12 4.645E+00 1.106E+04 1.962E+05 1.431E+06 1.639E+06 1.639E+06 3.539E+07 38.3446 1.00000
  2.239E+12 2.239E+12 4.667E+00 1.241E+04 2.201E+05 1.642E+06 1.874E+06 1.874E+06 3.553E+07 38.5749 1.00000
  2.512E+12 2.512E+12 4.689E+00 1.393E+04 2.470E+05 1.883E+06 2.143E+06 2.143E+06 3.566E+07 38.8051 1.00000
  2.818E+12 2.818E+12 4.711E+00 1.562E+04 2.771E+05 2.159E+06 2.452E+06 2.452E+06 3.580E+07 39.0354 1.00000
  3.162E+12 3.162E+12 4.733E+00 1.753E+04 3.109E+05 2.476E+06 2.805E+06 2.805E+06 3.593E+07 39.2657 1.00000
  3.548E+12 3.548E+12 4.756E+00 1.967E+04 3.488E+05 2.840E+06 3.209E+06 3.209E+06 3.606E+07 39.4959 1.00000
  3.981E+12 3.981E+12 4.779E+00 2.207E+04 3.914E+05 3.258E+06 3.672E+06 3.672E+06 3.618E+07 39.7262 1.00000
  4.467E+12 4.467E+12 4.801E+00 2.477E+04 4.391E+05 3.738E+06 4.201E+06 4.201E+06 3.631E+07 39.9564 1.00000
  5.012E+12 5.012E+12 4.824E+00 2.779E+04 4.927E+05 4.288E+06 4.808E+06 4.808E+06 3.643E+07 40.1867 1.00000
  5.623E+12 5.623E+12 4.847E+00 3.118E+04 5.528E+05 4.919E+06 5.503E+06 5.503E+06 3.655E+07 40.4170 1.00000
  6.310E+12 6.310E+12 4.870E+00 3.498E+04 6.202E+05 5.643E+06 6.299E+06 6.299E+06 3.667E+07 40.6472 1.00000
  7.079E+12 7.079E+12 4.894E+00 3.925E+04 6.959E+05 6.475E+06 7.210E+06 7.210E+06 3.678E+07 40.8775 1.00000
  7.943E+12 7.943E+12 4.917E+00 4.404E+04 7.807E+05 7.429E+06 8.254E+06 8.254E+06 3.689E+07 41.1077 1.00000
  8.913E+12 8.913E+12 4.940E+00 4.942E+04 8.759E+05 8.525E+06 9.450E+06 9.450E+06 3.700E+07 41.3380 1.00000
  1.000E+13 1.000E+13 4.964E+00 5.545E+04 9.828E+05 9.783E+06 1.082E+07 1.082E+07 3.711E+07 41.5683 1.00000
  1.122E+13 1.122E+13 4.988E+00 6.221E+04 1.103E+06 1.123E+07 1.239E+07 1.239E+07 3.722E+07 41.7985 1.00000
  1.259E+13 1.259E+13 5.012E+00 6.980E+04 1.237E+06 1.288E+07 1.419E+07 1.419E+07 3.732E+07 42.0288 1.00000
  1.413E+13 1.413E+13 5.036E+00 7.832E+04 1.388E+06 1.479E+07 1.625E+07 1.625E+07 3.742E+07 42.2590 1.00000
  1.585E+13 1.585E+13 5.060E+00 8.788E+04 1.557E+06 1.697E+07 1.862E+07 1.862E+07 3.752E+07 42.4893 1.00000
  1.778E+13 1.778E+13 5.084E+00 9.860E+04 1.747E+06 1.948E+07 2.132E+07 2.132E+07 3.762E+07 42.7195 1.00000
  1.995E+13 1.995E+13 5.109E+00 1.106E+05 1.960E+06 2.236E+07 2.443E+07 2.443E+07 3.771E+07 42.9498 1.00000
  2.239E+13 2.239E+13 5.133E+00 1.241E+05 2.199E+06 2.567E+07 2.799E+07 2.799E+07 3.781E+07 43.1801 1.00000
  2.512E+13 2.512E+13 5.158E+00 1.393E+05 2.468E+06 2.946E+07 3.207E+07 3.207E+07 3.790E+07 43.4103 1.00000
  2.818E+13 2.818E+13 5.183E+00 1.563E+05 2.769E+06 3.382E+07 3.675E+07 3.675E+07 3.799E+07 43.6406 1.00000
  3.162E+13 3.162E+13 5.207E+00 1.753E+05 3.106E+06 3.883E+07 4.211E+07 4.211E+07 3.807E+07 43.8708 1.00000
  3.548E+13 3.548E+13 5.233E+00 1.967E+05 3.485E+06 4.459E+07 4.827E+07 4.827E+07 3.816E+07 44.1011 1.00000
  3.981E+13 3.981E+13 5.258E+00 2.208E+05 3.910E+06 5.119E+07 5.532E+07 5.532E+07 3.824E+07 44.3314 1.00000
  4.467E+13 4.467E+13 5.283E+00 2.477E+05 4.387E+06 5.878E+07 6.342E+07 6.342E+07 3.833E+07 44.5616 1.00000
  5.012E+13 5.012E+13 5.309E+00 2.779E+05 4.922E+06 6.750E+07 7.270E+07 7.270E+07 3.841E+07 44.7919 1.00000
  5.623E+13 5.623E+13 5.334E+00 3.118E+05 5.522E+06 7.751E+07 8.334E+07 8.334E+07 3.849E+07 45.0221 1.00000
  6.310E+13 6.310E+13 5.360E+00 3.499E+05 6.196E+06 8.901E+07 9.556E+07 9.556E+07 3.856E+07 45.2524 1.00000
  7.079E+13 7.079E+13 5.386E+00 3.926E+05 6.951E+06 1.022E+08 1.096E+08 1.096E+08 3.864E+07 45.4826 1.00000
  7.943E+13 7.943E+13 5.412E+00 4.405E+05 7.799E+06 1.174E+08 1.256E+08 1.256E+08 3.871E+07 45.7129 1.00000
  8.913E+13 8.913E+13 5.438E+00 4.942E+05 8.750E+06 1.348E+08 1.441E+08 1.441E+08 3.878E+07 45.9432 1.00000
  1.000E+14 1.000E+14 5.464E+00 5.545E+05 9.817E+06 1.549E+08 1.653E+08 1.653E+08 3.885E+07 46.1734 1.00000
  1.122E+14 1.122E+14 5.491E+00 6.222E+05 1.101E+07 1.779E+08 1.895E+08 1.895E+08 3.892E+07 46.4037 1.00000
  1.259E+14 1.259E+14 5.517E+00 6.981E+05 1.236E+07 2.044E+08 2.174E+08 2.174E+08 3.899E+07 46.6339 1.00000
  1.413E+14 1.413E+14 5.544E+00 7.833E+05 1.386E+07 2.348E+08 2.494E+08 2.494E+08 3.906E+07 46.8642 1.00000
  1.585E+14 1.585E+14 5.571E+00 8.788E+05 1.556E+07 2.697E+08 2.861E+08 2.861E+08 3.912E+07 47.0945 1.00000
  1.778E+14 1.778E+14 5.598E+00 9.861E+05 1.745E+07 3.099E+08 3.283E+08 3.283E+08 3.919E+07 47.3247 1.00000
  1.995E+14 1.995E+14 5.625E+00 1.106E+06 1.958E+07 3.560E+08 3.767E+08 3.767E+08 3.925E+07 47.5550 1.00000
  2.239E+14 2.239E+14 5.652E+00 1.241E+06 2.197E+07 4.090E+08 4.323E+08 4.323E+08 3.931E+07 47.7852 1.00000
  2.512E+14 2.512E+14 5.680E+00 1.393E+06 2.465E+07 4.700E+08 4.960E+08 4.960E+08 3.937E+07 48.0155 1.00000
  2.818E+14 2.818E+14 5.707E+00 1.563E+06 2.765E+07 5.401E+08 5.693E+08 5.693E+08 3.942E+07 48.2457 1.00000
  3.162E+14 3.162E+14 5.735E+00 1.754E+06 3.102E+07 6.206E+08 6.534E+08 6.534E+08 3.948E+07 48.4760 1.00000
  3.548E+14 3.548E+14 5.763E+00 1.967E+06 3.481E+07 7.132E+08 7.500E+08 7.500E+08 3.954E+07 48.7063 1.00000
  3.981E+14 3.981E+14 5.791E+00 2.208E+06 3.905E+07 8.196E+08 8.609E+08 8.609E+08 3.959E+07 48.9365 1.00000
  4.467E+14 4.467E+14 5.819E+00 2.477E+06 4.381E+07 9.420E+08 9.883E+08 9.883E+08 3.964E+07 49.1668 1.00000
  5.012E+14 5.012E+14 5.848E+00 2.779E+06 4.916E+07 1.083E+09 1.135E+09 1.135E+09 3.969E+07 49.3970 1.00000
  5.623E+14 5.623E+14 5.876E+00 3.118E+06 5.515E+07 1.244E+09 1.303E+09 1.303E+09 3.975E+07 49.6273 1.00000
  6.310E+14 6.310E+14 5.905E+00 3.499E+06 6.188E+07 1.430E+09 1.496E+09 1.496E+09 3.979E+07 49.8576 1.00000
  7.079E+14 7.079E+14 5.933E+00 3.926E+06 6.942E+07 1.644E+09 1.717E+09 1.717E+09 3.984E+07 50.0878 1.00000
  7.943E+14 7.943E+14 5.962E+00 4.405E+06 7.789E+07 1.890E+09 1.972E+09 1.972E+09 3.989E+07 50.3181 1.00000
  8.913E+14 8.913E+14 5.991E+00 4.942E+06 8.739E+07 2.173E+09 2.265E+09 2.265E+09 3.994E+07 50.5483 1.00000
  1.000E+15 1.000E+15 6.020E+00 5.545E+06 9.804E+07 2.498E+09 2.601E+09 2.601E+09 3.998E+07 50.7786 1.00000
