 Incident particle is a Tau with M = 1776.82000 MeV
 Index = 0: CadmiumTelluride
      Absorber with <Z/A> = 0.41664
 Sternheimer coef:  a     k=m_s   x_0    x_1    I[eV]   Cbar  delta0
                 0.2484  2.6665  0.0438  3.2836  539.3  5.9096 0.00

 *** Table generated with PUMAS v1.00 ***

      T         p     Ionization  brems     pair     photonuc  Radloss    dE/dx   CSDA Range  delta   beta
    [MeV]    [MeV/c]  -----------------------[MeV cm^2/g]------------------------  [g/cm^2]
  1.000E+05 1.018E+05 1.694E+00 7.013E-04 1.207E-02 7.691E-03 2.046E-02 1.714E+00 2.917E+04  2.9522 0.99985
  1.122E+05 1.140E+05 1.713E+00 8.126E-04 1.445E-02 8.641E-03 2.391E-02 1.736E+00 3.624E+04  3.1146 0.99988
  1.259E+05 1.277E+05 1.731E+00 9.410E-04 1.726E-02 9.659E-03 2.786E-02 1.759E+00 4.408E+04  3.2808 0.99990
  1.413E+05 1.430E+05 1.750E+00 1.089E-03 2.056E-02 1.080E-02 3.245E-02 1.783E+00 5.275E+04  3.4506 0.99992
  1.585E+05 1.603E+05 1.769E+00 1.260E-03 2.443E-02 1.207E-02 3.776E-02 1.806E+00 6.236E+04  3.6240 0.99994
  1.778E+05 1.796E+05 1.787E+00 1.457E-03 2.895E-02 1.348E-02 4.388E-02 1.831E+00 7.299E+04  3.8009 0.99995
  1.995E+05 2.013E+05 1.805E+00 1.683E-03 3.423E-02 1.508E-02 5.099E-02 1.856E+00 8.476E+04  3.9811 0.99996
  2.239E+05 2.256E+05 1.823E+00 1.944E-03 4.038E-02 1.682E-02 5.914E-02 1.882E+00 9.779E+04  4.1647 0.99997
  2.512E+05 2.530E+05 1.841E+00 2.243E-03 4.753E-02 1.876E-02 6.853E-02 1.910E+00 1.122E+05  4.3515 0.99998
  2.818E+05 2.836E+05 1.859E+00 2.588E-03 5.582E-02 2.094E-02 7.935E-02 1.938E+00 1.281E+05  4.5413 0.99998
  3.162E+05 3.180E+05 1.876E+00 2.983E-03 6.543E-02 2.339E-02 9.181E-02 1.968E+00 1.457E+05  4.7342 0.99998
  3.548E+05 3.566E+05 1.893E+00 3.437E-03 7.655E-02 2.613E-02 1.061E-01 2.000E+00 1.652E+05  4.9300 0.99999
  3.981E+05 3.999E+05 1.911E+00 3.959E-03 8.938E-02 2.918E-02 1.225E-01 2.033E+00 1.867E+05  5.1285 0.99999
  4.467E+05 4.485E+05 1.927E+00 4.557E-03 1.042E-01 3.259E-02 1.413E-01 2.069E+00 2.103E+05  5.3298 0.99999
  5.012E+05 5.030E+05 1.944E+00 5.243E-03 1.212E-01 3.641E-02 1.629E-01 2.107E+00 2.365E+05  5.5337 0.99999
  5.623E+05 5.641E+05 1.961E+00 6.029E-03 1.408E-01 4.052E-02 1.874E-01 2.148E+00 2.652E+05  5.7402 1.00000
  6.310E+05 6.327E+05 1.977E+00 6.929E-03 1.633E-01 4.515E-02 2.154E-01 2.192E+00 2.968E+05  5.9490 1.00000
  7.079E+05 7.097E+05 1.993E+00 7.960E-03 1.891E-01 5.036E-02 2.474E-01 2.241E+00 3.316E+05  6.1601 1.00000
  7.943E+05 7.961E+05 2.009E+00 9.140E-03 2.187E-01 5.623E-02 2.841E-01 2.293E+00 3.697E+05  6.3734 1.00000
  8.913E+05 8.930E+05 2.025E+00 1.049E-02 2.525E-01 6.285E-02 3.258E-01 2.351E+00 4.114E+05  6.5887 1.00000
  1.000E+06 1.002E+06 2.040E+00 1.204E-02 2.911E-01 7.031E-02 3.735E-01 2.414E+00 4.571E+05  6.8061 1.00000
  1.122E+06 1.124E+06 2.056E+00 1.380E-02 3.352E-01 7.875E-02 4.278E-01 2.484E+00 5.069E+05  7.0253 1.00000
  1.259E+06 1.261E+06 2.071E+00 1.582E-02 3.855E-01 8.829E-02 4.896E-01 2.561E+00 5.612E+05  7.2462 1.00000
  1.413E+06 1.414E+06 2.086E+00 1.812E-02 4.428E-01 9.908E-02 5.600E-01 2.646E+00 6.202E+05  7.4687 1.00000
  1.585E+06 1.587E+06 2.101E+00 2.076E-02 5.080E-01 1.113E-01 6.401E-01 2.741E+00 6.842E+05  7.6927 1.00000
  1.778E+06 1.780E+06 2.116E+00 2.376E-02 5.821E-01 1.252E-01 7.310E-01 2.847E+00 7.535E+05  7.9181 1.00000
  1.995E+06 1.997E+06 2.130E+00 2.719E-02 6.663E-01 1.409E-01 8.344E-01 2.964E+00 8.282E+05  8.1447 1.00000
  2.239E+06 2.240E+06 2.144E+00 3.111E-02 7.619E-01 1.587E-01 9.516E-01 3.096E+00 9.086E+05  8.3723 1.00000
  2.512E+06 2.514E+06 2.158E+00 3.557E-02 8.702E-01 1.789E-01 1.085E+00 3.243E+00 9.948E+05  8.6009 1.00000
  2.818E+06 2.820E+06 2.172E+00 4.066E-02 9.930E-01 2.019E-01 1.236E+00 3.408E+00 1.087E+06  8.8302 1.00000
  3.162E+06 3.164E+06 2.186E+00 4.646E-02 1.132E+00 2.279E-01 1.406E+00 3.593E+00 1.185E+06  9.0600 1.00000
  3.548E+06 3.550E+06 2.200E+00 5.307E-02 1.289E+00 2.576E-01 1.600E+00 3.800E+00 1.290E+06  9.2901 1.00000
  3.981E+06 3.983E+06 2.213E+00 6.060E-02 1.467E+00 2.913E-01 1.819E+00 4.032E+00 1.400E+06  9.5203 1.00000
  4.467E+06 4.469E+06 2.227E+00 6.917E-02 1.668E+00 3.297E-01 2.067E+00 4.294E+00 1.517E+06  9.7504 1.00000
  5.012E+06 5.014E+06 2.240E+00 7.892E-02 1.896E+00 3.733E-01 2.348E+00 4.588E+00 1.640E+06  9.9806 1.00000
  5.623E+06 5.625E+06 2.253E+00 9.002E-02 2.152E+00 4.230E-01 2.665E+00 4.918E+00 1.769E+06 10.2108 1.00000
  6.310E+06 6.311E+06 2.266E+00 1.026E-01 2.441E+00 4.795E-01 3.024E+00 5.289E+00 1.904E+06 10.4410 1.00000
  7.079E+06 7.081E+06 2.279E+00 1.170E-01 2.768E+00 5.439E-01 3.429E+00 5.707E+00 2.044E+06 10.6712 1.00000
  7.943E+06 7.945E+06 2.291E+00 1.333E-01 3.136E+00 6.173E-01 3.886E+00 6.178E+00 2.189E+06 10.9014 1.00000
  8.913E+06 8.914E+06 2.304E+00 1.519E-01 3.550E+00 7.009E-01 4.403E+00 6.707E+00 2.340E+06 11.1316 1.00000
  1.000E+07 1.000E+07 2.317E+00 1.729E-01 4.017E+00 7.961E-01 4.986E+00 7.303E+00 2.496E+06 11.3618 1.00000
  1.122E+07 1.122E+07 2.329E+00 1.968E-01 4.543E+00 9.046E-01 5.645E+00 7.974E+00 2.656E+06 11.5920 1.00000
  1.259E+07 1.259E+07 2.341E+00 2.240E-01 5.136E+00 1.028E+00 6.388E+00 8.729E+00 2.820E+06 11.8222 1.00000
  1.413E+07 1.413E+07 2.353E+00 2.548E-01 5.802E+00 1.169E+00 7.226E+00 9.580E+00 2.988E+06 12.0525 1.00000
  1.585E+07 1.585E+07 2.365E+00 2.898E-01 6.552E+00 1.330E+00 8.172E+00 1.054E+01 3.160E+06 12.2827 1.00000
  1.778E+07 1.778E+07 2.377E+00 3.295E-01 7.396E+00 1.514E+00 9.239E+00 1.162E+01 3.335E+06 12.5129 1.00000
  1.995E+07 1.995E+07 2.389E+00 3.744E-01 8.344E+00 1.723E+00 1.044E+01 1.283E+01 3.513E+06 12.7432 1.00000
  2.239E+07 2.239E+07 2.401E+00 4.254E-01 9.411E+00 1.962E+00 1.180E+01 1.420E+01 3.693E+06 12.9734 1.00000
  2.512E+07 2.512E+07 2.413E+00 4.832E-01 1.061E+01 2.234E+00 1.333E+01 1.574E+01 3.876E+06 13.2036 1.00000
  2.818E+07 2.819E+07 2.424E+00 5.486E-01 1.196E+01 2.545E+00 1.505E+01 1.748E+01 4.061E+06 13.4339 1.00000
  3.162E+07 3.162E+07 2.436E+00 6.227E-01 1.347E+01 2.899E+00 1.699E+01 1.943E+01 4.248E+06 13.6641 1.00000
  3.548E+07 3.548E+07 2.448E+00 7.066E-01 1.518E+01 3.304E+00 1.919E+01 2.163E+01 4.437E+06 13.8944 1.00000
  3.981E+07 3.981E+07 2.459E+00 8.015E-01 1.709E+01 3.765E+00 2.165E+01 2.411E+01 4.627E+06 14.1246 1.00000
  4.467E+07 4.467E+07 2.471E+00 9.089E-01 1.924E+01 4.292E+00 2.444E+01 2.691E+01 4.818E+06 14.3549 1.00000
  5.012E+07 5.012E+07 2.483E+00 1.030E+00 2.165E+01 4.894E+00 2.757E+01 3.006E+01 5.010E+06 14.5851 1.00000
  5.623E+07 5.624E+07 2.494E+00 1.168E+00 2.436E+01 5.580E+00 3.111E+01 3.360E+01 5.202E+06 14.8154 1.00000
  6.310E+07 6.310E+07 2.506E+00 1.323E+00 2.740E+01 6.364E+00 3.509E+01 3.760E+01 5.396E+06 15.0456 1.00000
  7.079E+07 7.080E+07 2.517E+00 1.498E+00 3.082E+01 7.259E+00 3.958E+01 4.209E+01 5.589E+06 15.2759 1.00000
  7.943E+07 7.943E+07 2.529E+00 1.696E+00 3.466E+01 8.281E+00 4.463E+01 4.716E+01 5.784E+06 15.5061 1.00000
  8.913E+07 8.913E+07 2.540E+00 1.920E+00 3.897E+01 9.448E+00 5.033E+01 5.287E+01 5.978E+06 15.7364 1.00000
  1.000E+08 1.000E+08 2.552E+00 2.173E+00 4.380E+01 1.078E+01 5.676E+01 5.931E+01 6.173E+06 15.9666 1.00000
  1.122E+08 1.122E+08 2.564E+00 2.458E+00 4.923E+01 1.230E+01 6.399E+01 6.656E+01 6.367E+06 16.1969 1.00000
  1.259E+08 1.259E+08 2.575E+00 2.780E+00 5.533E+01 1.404E+01 7.215E+01 7.472E+01 6.562E+06 16.4271 1.00000
  1.413E+08 1.413E+08 2.587E+00 3.142E+00 6.217E+01 1.603E+01 8.134E+01 8.393E+01 6.756E+06 16.6574 1.00000
  1.585E+08 1.585E+08 2.599E+00 3.552E+00 6.985E+01 1.829E+01 9.170E+01 9.429E+01 6.950E+06 16.8877 1.00000
  1.778E+08 1.778E+08 2.611E+00 4.013E+00 7.847E+01 2.088E+01 1.034E+02 1.060E+02 7.144E+06 17.1179 1.00000
  1.995E+08 1.995E+08 2.622E+00 4.533E+00 8.815E+01 2.384E+01 1.165E+02 1.191E+02 7.337E+06 17.3482 1.00000
  2.239E+08 2.239E+08 2.634E+00 5.119E+00 9.901E+01 2.722E+01 1.313E+02 1.340E+02 7.530E+06 17.5784 1.00000
  2.512E+08 2.512E+08 2.646E+00 5.779E+00 1.112E+02 3.108E+01 1.481E+02 1.507E+02 7.723E+06 17.8087 1.00000
  2.818E+08 2.818E+08 2.658E+00 6.523E+00 1.249E+02 3.549E+01 1.669E+02 1.695E+02 7.915E+06 18.0389 1.00000
  3.162E+08 3.162E+08 2.670E+00 7.361E+00 1.402E+02 4.054E+01 1.881E+02 1.908E+02 8.106E+06 18.2692 1.00000
  3.548E+08 3.548E+08 2.682E+00 8.303E+00 1.574E+02 4.630E+01 2.120E+02 2.147E+02 8.297E+06 18.4995 1.00000
  3.981E+08 3.981E+08 2.694E+00 9.365E+00 1.768E+02 5.288E+01 2.390E+02 2.417E+02 8.488E+06 18.7297 1.00000
  4.467E+08 4.467E+08 2.707E+00 1.056E+01 1.985E+02 6.040E+01 2.694E+02 2.721E+02 8.677E+06 18.9600 1.00000
  5.012E+08 5.012E+08 2.719E+00 1.190E+01 2.228E+02 6.900E+01 3.037E+02 3.064E+02 8.867E+06 19.1902 1.00000
  5.623E+08 5.623E+08 2.731E+00 1.341E+01 2.501E+02 7.882E+01 3.424E+02 3.451E+02 9.055E+06 19.4205 1.00000
  6.310E+08 6.310E+08 2.744E+00 1.512E+01 2.808E+02 9.005E+01 3.859E+02 3.887E+02 9.243E+06 19.6507 1.00000
  7.079E+08 7.079E+08 2.756E+00 1.703E+01 3.152E+02 1.029E+02 4.351E+02 4.379E+02 9.430E+06 19.8810 1.00000
  7.943E+08 7.943E+08 2.769E+00 1.918E+01 3.538E+02 1.176E+02 4.905E+02 4.933E+02 9.616E+06 20.1113 1.00000
  8.913E+08 8.913E+08 2.781E+00 2.160E+01 3.971E+02 1.343E+02 5.530E+02 5.558E+02 9.801E+06 20.3415 1.00000
  1.000E+09 1.000E+09 2.794E+00 2.431E+01 4.457E+02 1.535E+02 6.235E+02 6.263E+02 9.986E+06 20.5718 1.00000
  1.122E+09 1.122E+09 2.806E+00 2.737E+01 5.002E+02 1.754E+02 7.030E+02 7.058E+02 1.017E+07 20.8020 1.00000
  1.259E+09 1.259E+09 2.819E+00 3.080E+01 5.614E+02 2.005E+02 7.927E+02 7.955E+02 1.035E+07 21.0323 1.00000
  1.413E+09 1.413E+09 2.832E+00 3.466E+01 6.300E+02 2.292E+02 8.939E+02 8.967E+02 1.053E+07 21.2625 1.00000
  1.585E+09 1.585E+09 2.845E+00 3.899E+01 7.071E+02 2.619E+02 1.008E+03 1.011E+03 1.072E+07 21.4928 1.00000
  1.778E+09 1.778E+09 2.858E+00 4.386E+01 7.935E+02 2.994E+02 1.137E+03 1.140E+03 1.090E+07 21.7231 1.00000
  1.995E+09 1.995E+09 2.871E+00 4.933E+01 8.905E+02 3.423E+02 1.282E+03 1.285E+03 1.108E+07 21.9533 1.00000
  2.239E+09 2.239E+09 2.884E+00 5.547E+01 9.993E+02 3.913E+02 1.446E+03 1.449E+03 1.126E+07 22.1836 1.00000
  2.512E+09 2.512E+09 2.897E+00 6.237E+01 1.121E+03 4.473E+02 1.631E+03 1.634E+03 1.143E+07 22.4138 1.00000
  2.818E+09 2.818E+09 2.911E+00 7.012E+01 1.258E+03 5.114E+02 1.840E+03 1.843E+03 1.161E+07 22.6441 1.00000
  3.162E+09 3.162E+09 2.924E+00 7.882E+01 1.412E+03 5.848E+02 2.076E+03 2.079E+03 1.179E+07 22.8744 1.00000
  3.548E+09 3.548E+09 2.937E+00 8.859E+01 1.585E+03 6.686E+02 2.342E+03 2.345E+03 1.196E+07 23.1046 1.00000
  3.981E+09 3.981E+09 2.951E+00 9.955E+01 1.778E+03 7.646E+02 2.642E+03 2.645E+03 1.214E+07 23.3349 1.00000
  4.467E+09 4.467E+09 2.964E+00 1.119E+02 1.995E+03 8.744E+02 2.981E+03 2.984E+03 1.231E+07 23.5651 1.00000
  5.012E+09 5.012E+09 2.978E+00 1.257E+02 2.239E+03 9.999E+02 3.365E+03 3.367E+03 1.248E+07 23.7954 1.00000
  5.623E+09 5.623E+09 2.992E+00 1.412E+02 2.512E+03 1.144E+03 3.797E+03 3.800E+03 1.265E+07 24.0256 1.00000
  6.310E+09 6.310E+09 3.005E+00 1.586E+02 2.819E+03 1.308E+03 4.286E+03 4.289E+03 1.282E+07 24.2559 1.00000
  7.079E+09 7.079E+09 3.019E+00 1.782E+02 3.163E+03 1.496E+03 4.837E+03 4.840E+03 1.299E+07 24.4862 1.00000
  7.943E+09 7.943E+09 3.033E+00 2.001E+02 3.549E+03 1.711E+03 5.461E+03 5.464E+03 1.316E+07 24.7164 1.00000
  8.913E+09 8.913E+09 3.047E+00 2.248E+02 3.982E+03 1.958E+03 6.165E+03 6.168E+03 1.333E+07 24.9467 1.00000
  1.000E+10 1.000E+10 3.061E+00 2.524E+02 4.468E+03 2.240E+03 6.960E+03 6.963E+03 1.349E+07 25.1769 1.00000
  1.122E+10 1.122E+10 3.076E+00 2.835E+02 5.014E+03 2.562E+03 7.859E+03 7.862E+03 1.366E+07 25.4072 1.00000
  1.259E+10 1.259E+10 3.090E+00 3.183E+02 5.626E+03 2.931E+03 8.875E+03 8.878E+03 1.382E+07 25.6375 1.00000
  1.413E+10 1.413E+10 3.104E+00 3.574E+02 6.312E+03 3.354E+03 1.002E+04 1.003E+04 1.399E+07 25.8677 1.00000
  1.585E+10 1.585E+10 3.119E+00 4.013E+02 7.083E+03 3.838E+03 1.132E+04 1.132E+04 1.415E+07 26.0980 1.00000
  1.778E+10 1.778E+10 3.133E+00 4.505E+02 7.947E+03 4.391E+03 1.279E+04 1.279E+04 1.431E+07 26.3282 1.00000
  1.995E+10 1.995E+10 3.148E+00 5.058E+02 8.917E+03 5.025E+03 1.445E+04 1.445E+04 1.447E+07 26.5585 1.00000
  2.239E+10 2.239E+10 3.162E+00 5.678E+02 1.000E+04 5.751E+03 1.632E+04 1.633E+04 1.463E+07 26.7888 1.00000
  2.512E+10 2.512E+10 3.177E+00 6.374E+02 1.123E+04 6.582E+03 1.844E+04 1.845E+04 1.479E+07 27.0190 1.00000
  2.818E+10 2.818E+10 3.192E+00 7.155E+02 1.259E+04 7.533E+03 2.084E+04 2.085E+04 1.494E+07 27.2493 1.00000
  3.162E+10 3.162E+10 3.207E+00 8.031E+02 1.413E+04 8.622E+03 2.356E+04 2.356E+04 1.510E+07 27.4795 1.00000
  3.548E+10 3.548E+10 3.222E+00 9.014E+02 1.586E+04 9.870E+03 2.663E+04 2.663E+04 1.525E+07 27.7098 1.00000
  3.981E+10 3.981E+10 3.237E+00 1.012E+03 1.779E+04 1.130E+04 3.010E+04 3.010E+04 1.540E+07 27.9400 1.00000
  4.467E+10 4.467E+10 3.252E+00 1.136E+03 1.996E+04 1.293E+04 3.403E+04 3.403E+04 1.556E+07 28.1703 1.00000
  5.012E+10 5.012E+10 3.267E+00 1.274E+03 2.240E+04 1.481E+04 3.848E+04 3.848E+04 1.571E+07 28.4006 1.00000
  5.623E+10 5.623E+10 3.283E+00 1.430E+03 2.513E+04 1.695E+04 4.351E+04 4.351E+04 1.586E+07 28.6308 1.00000
  6.310E+10 6.310E+10 3.298E+00 1.605E+03 2.819E+04 1.941E+04 4.921E+04 4.921E+04 1.601E+07 28.8611 1.00000
  7.079E+10 7.079E+10 3.314E+00 1.802E+03 3.163E+04 2.222E+04 5.566E+04 5.566E+04 1.615E+07 29.0913 1.00000
  7.943E+10 7.943E+10 3.329E+00 2.022E+03 3.549E+04 2.545E+04 6.296E+04 6.297E+04 1.630E+07 29.3216 1.00000
  8.913E+10 8.913E+10 3.345E+00 2.269E+03 3.982E+04 2.914E+04 7.123E+04 7.124E+04 1.644E+07 29.5519 1.00000
  1.000E+11 1.000E+11 3.361E+00 2.546E+03 4.468E+04 3.337E+04 8.060E+04 8.060E+04 1.659E+07 29.7821 1.00000
  1.122E+11 1.122E+11 3.377E+00 2.857E+03 5.013E+04 3.822E+04 9.121E+04 9.121E+04 1.673E+07 30.0124 1.00000
  1.259E+11 1.259E+11 3.393E+00 3.206E+03 5.625E+04 4.377E+04 1.032E+05 1.032E+05 1.687E+07 30.2426 1.00000
  1.413E+11 1.413E+11 3.409E+00 3.598E+03 6.311E+04 5.013E+04 1.168E+05 1.168E+05 1.701E+07 30.4729 1.00000
  1.585E+11 1.585E+11 3.425E+00 4.038E+03 7.081E+04 5.742E+04 1.323E+05 1.323E+05 1.715E+07 30.7031 1.00000
  1.778E+11 1.778E+11 3.441E+00 4.531E+03 7.945E+04 6.578E+04 1.498E+05 1.498E+05 1.729E+07 30.9334 1.00000
  1.995E+11 1.995E+11 3.457E+00 5.084E+03 8.914E+04 7.535E+04 1.696E+05 1.696E+05 1.743E+07 31.1637 1.00000
  2.239E+11 2.239E+11 3.474E+00 5.705E+03 1.000E+05 8.632E+04 1.920E+05 1.920E+05 1.756E+07 31.3939 1.00000
  2.512E+11 2.512E+11 3.490E+00 6.402E+03 1.122E+05 9.890E+04 2.175E+05 2.175E+05 1.769E+07 31.6242 1.00000
  2.818E+11 2.818E+11 3.507E+00 7.183E+03 1.259E+05 1.133E+05 2.464E+05 2.464E+05 1.783E+07 31.8544 1.00000
  3.162E+11 3.162E+11 3.524E+00 8.060E+03 1.413E+05 1.298E+05 2.791E+05 2.791E+05 1.796E+07 32.0847 1.00000
  3.548E+11 3.548E+11 3.540E+00 9.044E+03 1.585E+05 1.488E+05 3.163E+05 3.163E+05 1.809E+07 32.3150 1.00000
  3.981E+11 3.981E+11 3.557E+00 1.015E+04 1.778E+05 1.705E+05 3.584E+05 3.584E+05 1.822E+07 32.5452 1.00000
  4.467E+11 4.467E+11 3.574E+00 1.139E+04 1.995E+05 1.953E+05 4.062E+05 4.062E+05 1.835E+07 32.7755 1.00000
  5.012E+11 5.012E+11 3.591E+00 1.278E+04 2.239E+05 2.239E+05 4.605E+05 4.605E+05 1.847E+07 33.0057 1.00000
  5.623E+11 5.623E+11 3.609E+00 1.434E+04 2.512E+05 2.566E+05 5.221E+05 5.221E+05 1.860E+07 33.2360 1.00000
  6.310E+11 6.310E+11 3.626E+00 1.609E+04 2.818E+05 2.941E+05 5.919E+05 5.919E+05 1.872E+07 33.4662 1.00000
  7.079E+11 7.079E+11 3.643E+00 1.805E+04 3.162E+05 3.370E+05 6.713E+05 6.713E+05 1.884E+07 33.6965 1.00000
  7.943E+11 7.943E+11 3.661E+00 2.025E+04 3.547E+05 3.863E+05 7.613E+05 7.613E+05 1.896E+07 33.9268 1.00000
  8.913E+11 8.913E+11 3.678E+00 2.272E+04 3.980E+05 4.429E+05 8.636E+05 8.636E+05 1.908E+07 34.1570 1.00000
  1.000E+12 1.000E+12 3.696E+00 2.550E+04 4.466E+05 5.077E+05 9.797E+05 9.797E+05 1.920E+07 34.3873 1.00000
  1.122E+12 1.122E+12 3.714E+00 2.861E+04 5.010E+05 5.820E+05 1.112E+06 1.112E+06 1.932E+07 34.6175 1.00000
  1.259E+12 1.259E+12 3.731E+00 3.210E+04 5.621E+05 6.673E+05 1.262E+06 1.262E+06 1.943E+07 34.8478 1.00000
  1.413E+12 1.413E+12 3.749E+00 3.602E+04 6.307E+05 7.651E+05 1.432E+06 1.432E+06 1.955E+07 35.0781 1.00000
  1.585E+12 1.585E+12 3.767E+00 4.041E+04 7.076E+05 8.772E+05 1.625E+06 1.625E+06 1.966E+07 35.3083 1.00000
  1.778E+12 1.778E+12 3.786E+00 4.535E+04 7.939E+05 1.006E+06 1.845E+06 1.845E+06 1.977E+07 35.5386 1.00000
  1.995E+12 1.995E+12 3.804E+00 5.088E+04 8.908E+05 1.153E+06 2.095E+06 2.095E+06 1.988E+07 35.7688 1.00000
  2.239E+12 2.239E+12 3.822E+00 5.709E+04 9.994E+05 1.323E+06 2.379E+06 2.379E+06 1.999E+07 35.9991 1.00000
  2.512E+12 2.512E+12 3.841E+00 6.406E+04 1.121E+06 1.517E+06 2.702E+06 2.702E+06 2.010E+07 36.2293 1.00000
  2.818E+12 2.818E+12 3.859E+00 7.187E+04 1.258E+06 1.740E+06 3.070E+06 3.070E+06 2.021E+07 36.4596 1.00000
  3.162E+12 3.162E+12 3.878E+00 8.064E+04 1.412E+06 1.996E+06 3.488E+06 3.488E+06 2.031E+07 36.6899 1.00000
  3.548E+12 3.548E+12 3.897E+00 9.048E+04 1.584E+06 2.289E+06 3.963E+06 3.963E+06 2.042E+07 36.9201 1.00000
  3.981E+12 3.981E+12 3.916E+00 1.015E+05 1.777E+06 2.626E+06 4.504E+06 4.504E+06 2.052E+07 37.1504 1.00000
  4.467E+12 4.467E+12 3.934E+00 1.139E+05 1.994E+06 3.012E+06 5.119E+06 5.119E+06 2.062E+07 37.3806 1.00000
  5.012E+12 5.012E+12 3.954E+00 1.278E+05 2.237E+06 3.455E+06 5.820E+06 5.820E+06 2.072E+07 37.6109 1.00000
  5.623E+12 5.623E+12 3.973E+00 1.434E+05 2.510E+06 3.964E+06 6.617E+06 6.617E+06 2.082E+07 37.8412 1.00000
  6.310E+12 6.310E+12 3.992E+00 1.609E+05 2.816E+06 4.548E+06 7.524E+06 7.524E+06 2.092E+07 38.0714 1.00000
  7.079E+12 7.079E+12 4.011E+00 1.805E+05 3.159E+06 5.218E+06 8.557E+06 8.557E+06 2.101E+07 38.3017 1.00000
  7.943E+12 7.943E+12 4.031E+00 2.026E+05 3.544E+06 5.987E+06 9.734E+06 9.734E+06 2.111E+07 38.5319 1.00000
  8.913E+12 8.913E+12 4.050E+00 2.273E+05 3.977E+06 6.870E+06 1.107E+07 1.107E+07 2.120E+07 38.7622 1.00000
  1.000E+13 1.000E+13 4.070E+00 2.550E+05 4.462E+06 7.883E+06 1.260E+07 1.260E+07 2.130E+07 38.9925 1.00000
  1.122E+13 1.122E+13 4.090E+00 2.861E+05 5.006E+06 9.046E+06 1.434E+07 1.434E+07 2.139E+07 39.2227 1.00000
  1.259E+13 1.259E+13 4.110E+00 3.211E+05 5.616E+06 1.038E+07 1.632E+07 1.632E+07 2.148E+07 39.4530 1.00000
  1.413E+13 1.413E+13 4.130E+00 3.602E+05 6.301E+06 1.192E+07 1.858E+07 1.858E+07 2.156E+07 39.6832 1.00000
  1.585E+13 1.585E+13 4.150E+00 4.042E+05 7.070E+06 1.368E+07 2.115E+07 2.115E+07 2.165E+07 39.9135 1.00000
  1.778E+13 1.778E+13 4.170E+00 4.535E+05 7.932E+06 1.570E+07 2.408E+07 2.408E+07 2.174E+07 40.1437 1.00000
  1.995E+13 1.995E+13 4.191E+00 5.089E+05 8.899E+06 1.802E+07 2.743E+07 2.743E+07 2.182E+07 40.3740 1.00000
  2.239E+13 2.239E+13 4.211E+00 5.709E+05 9.985E+06 2.068E+07 3.124E+07 3.124E+07 2.191E+07 40.6043 1.00000
  2.512E+13 2.512E+13 4.232E+00 6.406E+05 1.120E+07 2.374E+07 3.559E+07 3.559E+07 2.199E+07 40.8345 1.00000
  2.818E+13 2.818E+13 4.252E+00 7.188E+05 1.257E+07 2.726E+07 4.054E+07 4.054E+07 2.207E+07 41.0648 1.00000
  3.162E+13 3.162E+13 4.273E+00 8.065E+05 1.410E+07 3.129E+07 4.620E+07 4.620E+07 2.215E+07 41.2950 1.00000
  3.548E+13 3.548E+13 4.294E+00 9.049E+05 1.582E+07 3.593E+07 5.265E+07 5.265E+07 2.223E+07 41.5253 1.00000
  3.981E+13 3.981E+13 4.315E+00 1.015E+06 1.775E+07 4.125E+07 6.002E+07 6.002E+07 2.230E+07 41.7556 1.00000
  4.467E+13 4.467E+13 4.336E+00 1.139E+06 1.992E+07 4.737E+07 6.842E+07 6.842E+07 2.238E+07 41.9858 1.00000
  5.012E+13 5.012E+13 4.357E+00 1.278E+06 2.234E+07 5.439E+07 7.801E+07 7.801E+07 2.245E+07 42.2161 1.00000
  5.623E+13 5.623E+13 4.379E+00 1.434E+06 2.507E+07 6.246E+07 8.896E+07 8.896E+07 2.253E+07 42.4463 1.00000
  6.310E+13 6.310E+13 4.400E+00 1.609E+06 2.813E+07 7.173E+07 1.015E+08 1.015E+08 2.260E+07 42.6766 1.00000
  7.079E+13 7.079E+13 4.422E+00 1.805E+06 3.156E+07 8.238E+07 1.157E+08 1.157E+08 2.267E+07 42.9068 1.00000
  7.943E+13 7.943E+13 4.444E+00 2.026E+06 3.541E+07 9.461E+07 1.320E+08 1.320E+08 2.274E+07 43.1371 1.00000
  8.913E+13 8.913E+13 4.465E+00 2.273E+06 3.972E+07 1.087E+08 1.507E+08 1.507E+08 2.281E+07 43.3674 1.00000
  1.000E+14 1.000E+14 4.487E+00 2.550E+06 4.457E+07 1.248E+08 1.719E+08 1.719E+08 2.288E+07 43.5976 1.00000
  1.122E+14 1.122E+14 4.509E+00 2.862E+06 5.000E+07 1.434E+08 1.962E+08 1.962E+08 2.294E+07 43.8279 1.00000
  1.259E+14 1.259E+14 4.532E+00 3.211E+06 5.610E+07 1.647E+08 2.240E+08 2.240E+08 2.301E+07 44.0581 1.00000
  1.413E+14 1.413E+14 4.554E+00 3.602E+06 6.294E+07 1.892E+08 2.557E+08 2.557E+08 2.307E+07 44.2884 1.00000
  1.585E+14 1.585E+14 4.576E+00 4.042E+06 7.062E+07 2.173E+08 2.920E+08 2.920E+08 2.314E+07 44.5187 1.00000
  1.778E+14 1.778E+14 4.599E+00 4.535E+06 7.923E+07 2.497E+08 3.335E+08 3.335E+08 2.320E+07 44.7489 1.00000
  1.995E+14 1.995E+14 4.621E+00 5.089E+06 8.889E+07 2.869E+08 3.809E+08 3.809E+08 2.326E+07 44.9792 1.00000
  2.239E+14 2.239E+14 4.644E+00 5.709E+06 9.973E+07 3.296E+08 4.351E+08 4.351E+08 2.332E+07 45.2094 1.00000
  2.512E+14 2.512E+14 4.667E+00 6.406E+06 1.119E+08 3.787E+08 4.970E+08 4.970E+08 2.338E+07 45.4397 1.00000
  2.818E+14 2.818E+14 4.690E+00 7.188E+06 1.255E+08 4.352E+08 5.679E+08 5.679E+08 2.344E+07 45.6699 1.00000
  3.162E+14 3.162E+14 4.713E+00 8.065E+06 1.408E+08 5.001E+08 6.490E+08 6.490E+08 2.349E+07 45.9002 1.00000
  3.548E+14 3.548E+14 4.736E+00 9.049E+06 1.580E+08 5.747E+08 7.418E+08 7.418E+08 2.355E+07 46.1305 1.00000
  3.981E+14 3.981E+14 4.760E+00 1.015E+07 1.773E+08 6.605E+08 8.479E+08 8.479E+08 2.360E+07 46.3607 1.00000
  4.467E+14 4.467E+14 4.783E+00 1.139E+07 1.989E+08 7.591E+08 9.694E+08 9.694E+08 2.366E+07 46.5910 1.00000
  5.012E+14 5.012E+14 4.807E+00 1.278E+07 2.232E+08 8.724E+08 1.108E+09 1.108E+09 2.371E+07 46.8212 1.00000
  5.623E+14 5.623E+14 4.831E+00 1.434E+07 2.504E+08 1.003E+09 1.267E+09 1.267E+09 2.376E+07 47.0515 1.00000
  6.310E+14 6.310E+14 4.854E+00 1.609E+07 2.809E+08 1.153E+09 1.450E+09 1.450E+09 2.381E+07 47.2818 1.00000
  7.079E+14 7.079E+14 4.878E+00 1.805E+07 3.152E+08 1.325E+09 1.658E+09 1.658E+09 2.386E+07 47.5120 1.00000
  7.943E+14 7.943E+14 4.903E+00 2.026E+07 3.536E+08 1.523E+09 1.897E+09 1.897E+09 2.391E+07 47.7423 1.00000
  8.913E+14 8.913E+14 4.927E+00 2.273E+07 3.967E+08 1.751E+09 2.170E+09 2.170E+09 2.396E+07 47.9725 1.00000
  1.000E+15 1.000E+15 4.951E+00 2.550E+07 4.451E+08 2.013E+09 2.483E+09 2.483E+09 2.401E+07 48.2028 1.00000
