 Incident particle is a Tau with M = 1776.82000 MeV
 Index = 0: CalciumOxide
      Absorber with <Z/A> = 0.49931
 Sternheimer coef:  a     k=m_s   x_0    x_1    I[eV]   Cbar  delta0
                 0.1213  3.1936  0.0172  3.0171  176.1  4.1209 0.00

 *** Table generated with PUMAS v1.00 ***

      T         p     Ionization  brems     pair     photonuc  Radloss    dE/dx   CSDA Range  delta   beta
    [MeV]    [MeV/c]  -----------------------[MeV cm^2/g]------------------------  [g/cm^2]
  1.000E+05 1.018E+05 2.103E+00 3.061E-04 4.906E-03 8.075E-03 1.329E-02 2.117E+00 2.362E+04  4.2279 0.99985
  1.122E+05 1.140E+05 2.124E+00 3.540E-04 5.893E-03 9.101E-03 1.535E-02 2.139E+00 2.936E+04  4.4242 0.99988
  1.259E+05 1.277E+05 2.144E+00 4.092E-04 7.056E-03 1.020E-02 1.767E-02 2.161E+00 3.572E+04  4.6234 0.99990
  1.413E+05 1.430E+05 2.164E+00 4.728E-04 8.424E-03 1.144E-02 2.034E-02 2.184E+00 4.279E+04  4.8253 0.99992
  1.585E+05 1.603E+05 2.183E+00 5.459E-04 1.003E-02 1.283E-02 2.340E-02 2.207E+00 5.064E+04  5.0300 0.99994
  1.778E+05 1.796E+05 2.203E+00 6.301E-04 1.191E-02 1.437E-02 2.691E-02 2.230E+00 5.936E+04  5.2371 0.99995
  1.995E+05 2.013E+05 2.223E+00 7.269E-04 1.411E-02 1.612E-02 3.096E-02 2.254E+00 6.904E+04  5.4465 0.99996
  2.239E+05 2.256E+05 2.242E+00 8.381E-04 1.667E-02 1.804E-02 3.555E-02 2.278E+00 7.979E+04  5.6582 0.99997
  2.512E+05 2.530E+05 2.261E+00 9.658E-04 1.966E-02 2.018E-02 4.081E-02 2.302E+00 9.172E+04  5.8719 0.99998
  2.818E+05 2.836E+05 2.281E+00 1.112E-03 2.313E-02 2.259E-02 4.684E-02 2.327E+00 1.050E+05  6.0875 0.99998
  3.162E+05 3.180E+05 2.300E+00 1.281E-03 2.716E-02 2.532E-02 5.376E-02 2.353E+00 1.197E+05  6.3050 0.99998
  3.548E+05 3.566E+05 2.319E+00 1.474E-03 3.183E-02 2.836E-02 6.167E-02 2.380E+00 1.360E+05  6.5241 0.99999
  3.981E+05 3.999E+05 2.337E+00 1.695E-03 3.723E-02 3.176E-02 7.069E-02 2.408E+00 1.540E+05  6.7447 0.99999
  4.467E+05 4.485E+05 2.356E+00 1.949E-03 4.347E-02 3.557E-02 8.099E-02 2.437E+00 1.741E+05  6.9668 0.99999
  5.012E+05 5.030E+05 2.375E+00 2.240E-03 5.067E-02 3.985E-02 9.276E-02 2.467E+00 1.963E+05  7.1901 0.99999
  5.623E+05 5.641E+05 2.393E+00 2.573E-03 5.896E-02 4.448E-02 1.060E-01 2.499E+00 2.210E+05  7.4146 1.00000
  6.310E+05 6.327E+05 2.411E+00 2.954E-03 6.850E-02 4.969E-02 1.211E-01 2.532E+00 2.482E+05  7.6401 1.00000
  7.079E+05 7.097E+05 2.429E+00 3.391E-03 7.946E-02 5.557E-02 1.384E-01 2.568E+00 2.784E+05  7.8665 1.00000
  7.943E+05 7.961E+05 2.448E+00 3.890E-03 9.204E-02 6.219E-02 1.581E-01 2.606E+00 3.118E+05  8.0938 1.00000
  8.913E+05 8.930E+05 2.465E+00 4.461E-03 1.065E-01 6.968E-02 1.806E-01 2.646E+00 3.487E+05  8.3217 1.00000
  1.000E+06 1.002E+06 2.483E+00 5.114E-03 1.230E-01 7.814E-02 2.062E-01 2.689E+00 3.895E+05  8.5503 1.00000
  1.122E+06 1.124E+06 2.501E+00 5.860E-03 1.419E-01 8.771E-02 2.354E-01 2.736E+00 4.345E+05  8.7793 1.00000
  1.259E+06 1.261E+06 2.519E+00 6.713E-03 1.634E-01 9.854E-02 2.687E-01 2.787E+00 4.841E+05  9.0087 1.00000
  1.413E+06 1.414E+06 2.536E+00 7.687E-03 1.881E-01 1.108E-01 3.066E-01 2.843E+00 5.386E+05  9.2384 1.00000
  1.585E+06 1.587E+06 2.553E+00 8.800E-03 2.161E-01 1.247E-01 3.497E-01 2.903E+00 5.986E+05  9.4683 1.00000
  1.778E+06 1.780E+06 2.570E+00 1.007E-02 2.481E-01 1.405E-01 3.987E-01 2.969E+00 6.645E+05  9.6982 1.00000
  1.995E+06 1.997E+06 2.588E+00 1.152E-02 2.845E-01 1.584E-01 4.544E-01 3.042E+00 7.367E+05  9.9283 1.00000
  2.239E+06 2.240E+06 2.604E+00 1.317E-02 3.259E-01 1.787E-01 5.177E-01 3.122E+00 8.157E+05 10.1584 1.00000
  2.512E+06 2.514E+06 2.621E+00 1.506E-02 3.729E-01 2.018E-01 5.897E-01 3.211E+00 9.020E+05 10.3884 1.00000
  2.818E+06 2.820E+06 2.638E+00 1.721E-02 4.262E-01 2.280E-01 6.714E-01 3.309E+00 9.960E+05 10.6185 1.00000
  3.162E+06 3.164E+06 2.654E+00 1.966E-02 4.867E-01 2.578E-01 7.642E-01 3.419E+00 1.098E+06 10.8487 1.00000
  3.548E+06 3.550E+06 2.671E+00 2.246E-02 5.553E-01 2.917E-01 8.695E-01 3.540E+00 1.209E+06 11.0788 1.00000
  3.981E+06 3.983E+06 2.687E+00 2.564E-02 6.330E-01 3.302E-01 9.889E-01 3.676E+00 1.329E+06 11.3090 1.00000
  4.467E+06 4.469E+06 2.703E+00 2.927E-02 7.209E-01 3.741E-01 1.124E+00 3.827E+00 1.459E+06 11.5391 1.00000
  5.012E+06 5.014E+06 2.719E+00 3.340E-02 8.204E-01 4.240E-01 1.278E+00 3.997E+00 1.598E+06 11.7693 1.00000
  5.623E+06 5.625E+06 2.734E+00 3.810E-02 9.328E-01 4.808E-01 1.452E+00 4.186E+00 1.748E+06 11.9995 1.00000
  6.310E+06 6.311E+06 2.750E+00 4.345E-02 1.060E+00 5.456E-01 1.649E+00 4.399E+00 1.908E+06 12.2297 1.00000
  7.079E+06 7.081E+06 2.765E+00 4.954E-02 1.203E+00 6.193E-01 1.872E+00 4.637E+00 2.078E+06 12.4599 1.00000
  7.943E+06 7.945E+06 2.781E+00 5.646E-02 1.365E+00 7.033E-01 2.125E+00 4.905E+00 2.259E+06 12.6901 1.00000
  8.913E+06 8.914E+06 2.796E+00 6.433E-02 1.548E+00 7.990E-01 2.411E+00 5.207E+00 2.451E+06 12.9203 1.00000
  1.000E+07 1.000E+07 2.811E+00 7.328E-02 1.753E+00 9.080E-01 2.735E+00 5.545E+00 2.654E+06 13.1505 1.00000
  1.122E+07 1.122E+07 2.825E+00 8.345E-02 1.985E+00 1.032E+00 3.101E+00 5.927E+00 2.867E+06 13.3807 1.00000
  1.259E+07 1.259E+07 2.840E+00 9.500E-02 2.247E+00 1.174E+00 3.516E+00 6.356E+00 3.090E+06 13.6109 1.00000
  1.413E+07 1.413E+07 2.855E+00 1.081E-01 2.541E+00 1.336E+00 3.985E+00 6.840E+00 3.323E+06 13.8412 1.00000
  1.585E+07 1.585E+07 2.869E+00 1.230E-01 2.873E+00 1.520E+00 4.516E+00 7.385E+00 3.566E+06 14.0714 1.00000
  1.778E+07 1.778E+07 2.883E+00 1.399E-01 3.246E+00 1.730E+00 5.117E+00 8.000E+00 3.818E+06 14.3016 1.00000
  1.995E+07 1.995E+07 2.898E+00 1.591E-01 3.666E+00 1.970E+00 5.796E+00 8.693E+00 4.078E+06 14.5319 1.00000
  2.239E+07 2.239E+07 2.912E+00 1.809E-01 4.139E+00 2.244E+00 6.563E+00 9.475E+00 4.346E+06 14.7621 1.00000
  2.512E+07 2.512E+07 2.926E+00 2.055E-01 4.670E+00 2.556E+00 7.432E+00 1.036E+01 4.622E+06 14.9923 1.00000
  2.818E+07 2.819E+07 2.940E+00 2.335E-01 5.268E+00 2.912E+00 8.414E+00 1.135E+01 4.905E+06 15.2226 1.00000
  3.162E+07 3.162E+07 2.954E+00 2.652E-01 5.940E+00 3.318E+00 9.524E+00 1.248E+01 5.195E+06 15.4528 1.00000
  3.548E+07 3.548E+07 2.968E+00 3.011E-01 6.695E+00 3.782E+00 1.078E+01 1.375E+01 5.490E+06 15.6831 1.00000
  3.981E+07 3.981E+07 2.982E+00 3.418E-01 7.544E+00 4.311E+00 1.220E+01 1.518E+01 5.790E+06 15.9133 1.00000
  4.467E+07 4.467E+07 2.996E+00 3.879E-01 8.499E+00 4.915E+00 1.380E+01 1.680E+01 6.094E+06 16.1436 1.00000
  5.012E+07 5.012E+07 3.010E+00 4.400E-01 9.570E+00 5.605E+00 1.562E+01 1.863E+01 6.403E+06 16.3738 1.00000
  5.623E+07 5.624E+07 3.023E+00 4.990E-01 1.077E+01 6.392E+00 1.767E+01 2.069E+01 6.715E+06 16.6041 1.00000
  6.310E+07 6.310E+07 3.037E+00 5.658E-01 1.213E+01 7.291E+00 1.998E+01 2.302E+01 7.030E+06 16.8343 1.00000
  7.079E+07 7.080E+07 3.051E+00 6.413E-01 1.365E+01 8.317E+00 2.261E+01 2.566E+01 7.347E+06 17.0646 1.00000
  7.943E+07 7.943E+07 3.065E+00 7.267E-01 1.535E+01 9.489E+00 2.557E+01 2.863E+01 7.666E+06 17.2948 1.00000
  8.913E+07 8.913E+07 3.079E+00 8.232E-01 1.727E+01 1.083E+01 2.892E+01 3.200E+01 7.987E+06 17.5251 1.00000
  1.000E+08 1.000E+08 3.093E+00 9.322E-01 1.942E+01 1.235E+01 3.271E+01 3.580E+01 8.309E+06 17.7553 1.00000
  1.122E+08 1.122E+08 3.107E+00 1.055E+00 2.184E+01 1.410E+01 3.699E+01 4.010E+01 8.631E+06 17.9856 1.00000
  1.259E+08 1.259E+08 3.121E+00 1.195E+00 2.455E+01 1.609E+01 4.184E+01 4.496E+01 8.954E+06 18.2158 1.00000
  1.413E+08 1.413E+08 3.135E+00 1.352E+00 2.759E+01 1.837E+01 4.731E+01 5.045E+01 9.277E+06 18.4461 1.00000
  1.585E+08 1.585E+08 3.149E+00 1.529E+00 3.101E+01 2.097E+01 5.351E+01 5.666E+01 9.600E+06 18.6764 1.00000
  1.778E+08 1.778E+08 3.163E+00 1.729E+00 3.485E+01 2.394E+01 6.052E+01 6.368E+01 9.923E+06 18.9066 1.00000
  1.995E+08 1.995E+08 3.177E+00 1.955E+00 3.916E+01 2.733E+01 6.844E+01 7.162E+01 1.024E+07 19.1369 1.00000
  2.239E+08 2.239E+08 3.192E+00 2.209E+00 4.399E+01 3.121E+01 7.741E+01 8.060E+01 1.057E+07 19.3671 1.00000
  2.512E+08 2.512E+08 3.206E+00 2.497E+00 4.942E+01 3.563E+01 8.755E+01 9.075E+01 1.089E+07 19.5974 1.00000
  2.818E+08 2.818E+08 3.220E+00 2.820E+00 5.551E+01 4.069E+01 9.902E+01 1.022E+02 1.120E+07 19.8276 1.00000
  3.162E+08 3.162E+08 3.235E+00 3.185E+00 6.234E+01 4.647E+01 1.120E+02 1.152E+02 1.152E+07 20.0579 1.00000
  3.548E+08 3.548E+08 3.249E+00 3.596E+00 7.001E+01 5.308E+01 1.267E+02 1.299E+02 1.184E+07 20.2882 1.00000
  3.981E+08 3.981E+08 3.264E+00 4.059E+00 7.862E+01 6.063E+01 1.433E+02 1.466E+02 1.215E+07 20.5184 1.00000
  4.467E+08 4.467E+08 3.278E+00 4.581E+00 8.828E+01 6.925E+01 1.621E+02 1.654E+02 1.246E+07 20.7487 1.00000
  5.012E+08 5.012E+08 3.293E+00 5.168E+00 9.912E+01 7.911E+01 1.834E+02 1.867E+02 1.278E+07 20.9789 1.00000
  5.623E+08 5.623E+08 3.308E+00 5.829E+00 1.113E+02 9.038E+01 2.075E+02 2.108E+02 1.308E+07 21.2092 1.00000
  6.310E+08 6.310E+08 3.322E+00 6.573E+00 1.249E+02 1.033E+02 2.348E+02 2.381E+02 1.339E+07 21.4394 1.00000
  7.079E+08 7.079E+08 3.337E+00 7.410E+00 1.403E+02 1.180E+02 2.656E+02 2.690E+02 1.370E+07 21.6697 1.00000
  7.943E+08 7.943E+08 3.352E+00 8.353E+00 1.575E+02 1.348E+02 3.006E+02 3.040E+02 1.400E+07 21.9000 1.00000
  8.913E+08 8.913E+08 3.367E+00 9.413E+00 1.767E+02 1.540E+02 3.402E+02 3.436E+02 1.430E+07 22.1302 1.00000
  1.000E+09 1.000E+09 3.383E+00 1.061E+01 1.984E+02 1.760E+02 3.850E+02 3.884E+02 1.460E+07 22.3605 1.00000
  1.122E+09 1.122E+09 3.398E+00 1.195E+01 2.227E+02 2.012E+02 4.358E+02 4.392E+02 1.489E+07 22.5907 1.00000
  1.259E+09 1.259E+09 3.413E+00 1.345E+01 2.499E+02 2.299E+02 4.933E+02 4.967E+02 1.519E+07 22.8210 1.00000
  1.413E+09 1.413E+09 3.428E+00 1.515E+01 2.805E+02 2.628E+02 5.584E+02 5.619E+02 1.548E+07 23.0512 1.00000
  1.585E+09 1.585E+09 3.444E+00 1.706E+01 3.148E+02 3.004E+02 6.322E+02 6.357E+02 1.577E+07 23.2815 1.00000
  1.778E+09 1.778E+09 3.460E+00 1.920E+01 3.533E+02 3.433E+02 7.159E+02 7.193E+02 1.605E+07 23.5118 1.00000
  1.995E+09 1.995E+09 3.475E+00 2.161E+01 3.965E+02 3.925E+02 8.106E+02 8.141E+02 1.634E+07 23.7420 1.00000
  2.239E+09 2.239E+09 3.491E+00 2.431E+01 4.450E+02 4.487E+02 9.180E+02 9.215E+02 1.662E+07 23.9723 1.00000
  2.512E+09 2.512E+09 3.507E+00 2.735E+01 4.994E+02 5.130E+02 1.040E+03 1.043E+03 1.690E+07 24.2025 1.00000
  2.818E+09 2.818E+09 3.523E+00 3.077E+01 5.604E+02 5.865E+02 1.178E+03 1.181E+03 1.717E+07 24.4328 1.00000
  3.162E+09 3.162E+09 3.539E+00 3.460E+01 6.289E+02 6.706E+02 1.334E+03 1.338E+03 1.745E+07 24.6631 1.00000
  3.548E+09 3.548E+09 3.555E+00 3.891E+01 7.058E+02 7.667E+02 1.511E+03 1.515E+03 1.772E+07 24.8933 1.00000
  3.981E+09 3.981E+09 3.571E+00 4.375E+01 7.920E+02 8.768E+02 1.713E+03 1.716E+03 1.799E+07 25.1236 1.00000
  4.467E+09 4.467E+09 3.587E+00 4.919E+01 8.887E+02 1.003E+03 1.941E+03 1.944E+03 1.826E+07 25.3538 1.00000
  5.012E+09 5.012E+09 3.603E+00 5.529E+01 9.972E+02 1.147E+03 2.199E+03 2.203E+03 1.852E+07 25.5841 1.00000
  5.623E+09 5.623E+09 3.620E+00 6.215E+01 1.119E+03 1.311E+03 2.493E+03 2.496E+03 1.878E+07 25.8143 1.00000
  6.310E+09 6.310E+09 3.636E+00 6.984E+01 1.256E+03 1.500E+03 2.825E+03 2.829E+03 1.904E+07 26.0446 1.00000
  7.079E+09 7.079E+09 3.653E+00 7.849E+01 1.409E+03 1.716E+03 3.203E+03 3.207E+03 1.930E+07 26.2749 1.00000
  7.943E+09 7.943E+09 3.670E+00 8.819E+01 1.581E+03 1.962E+03 3.632E+03 3.635E+03 1.955E+07 26.5051 1.00000
  8.913E+09 8.913E+09 3.686E+00 9.908E+01 1.774E+03 2.245E+03 4.118E+03 4.122E+03 1.980E+07 26.7354 1.00000
  1.000E+10 1.000E+10 3.703E+00 1.113E+02 1.991E+03 2.568E+03 4.670E+03 4.674E+03 2.005E+07 26.9656 1.00000
  1.122E+10 1.122E+10 3.720E+00 1.250E+02 2.234E+03 2.938E+03 5.297E+03 5.300E+03 2.029E+07 27.1959 1.00000
  1.259E+10 1.259E+10 3.737E+00 1.404E+02 2.506E+03 3.362E+03 6.008E+03 6.012E+03 2.054E+07 27.4262 1.00000
  1.413E+10 1.413E+10 3.755E+00 1.577E+02 2.812E+03 3.846E+03 6.816E+03 6.820E+03 2.078E+07 27.6564 1.00000
  1.585E+10 1.585E+10 3.772E+00 1.772E+02 3.155E+03 4.401E+03 7.733E+03 7.737E+03 2.102E+07 27.8867 1.00000
  1.778E+10 1.778E+10 3.789E+00 1.990E+02 3.540E+03 5.036E+03 8.775E+03 8.779E+03 2.125E+07 28.1169 1.00000
  1.995E+10 1.995E+10 3.807E+00 2.234E+02 3.972E+03 5.763E+03 9.958E+03 9.962E+03 2.148E+07 28.3472 1.00000
  2.239E+10 2.239E+10 3.824E+00 2.509E+02 4.457E+03 6.595E+03 1.130E+04 1.131E+04 2.171E+07 28.5775 1.00000
  2.512E+10 2.512E+10 3.842E+00 2.817E+02 5.001E+03 7.548E+03 1.283E+04 1.283E+04 2.194E+07 28.8077 1.00000
  2.818E+10 2.818E+10 3.860E+00 3.162E+02 5.611E+03 8.639E+03 1.457E+04 1.457E+04 2.216E+07 29.0380 1.00000
  3.162E+10 3.162E+10 3.878E+00 3.550E+02 6.296E+03 9.888E+03 1.654E+04 1.654E+04 2.239E+07 29.2682 1.00000
  3.548E+10 3.548E+10 3.896E+00 3.986E+02 7.064E+03 1.132E+04 1.878E+04 1.878E+04 2.261E+07 29.4985 1.00000
  3.981E+10 3.981E+10 3.914E+00 4.474E+02 7.926E+03 1.296E+04 2.133E+04 2.133E+04 2.282E+07 29.7287 1.00000
  4.467E+10 4.467E+10 3.932E+00 5.023E+02 8.893E+03 1.483E+04 2.423E+04 2.423E+04 2.304E+07 29.9590 1.00000
  5.012E+10 5.012E+10 3.950E+00 5.638E+02 9.978E+03 1.698E+04 2.752E+04 2.752E+04 2.325E+07 30.1893 1.00000
  5.623E+10 5.623E+10 3.969E+00 6.329E+02 1.120E+04 1.944E+04 3.127E+04 3.127E+04 2.346E+07 30.4195 1.00000
  6.310E+10 6.310E+10 3.987E+00 7.103E+02 1.256E+04 2.226E+04 3.553E+04 3.553E+04 2.366E+07 30.6498 1.00000
  7.079E+10 7.079E+10 4.006E+00 7.973E+02 1.409E+04 2.548E+04 4.037E+04 4.038E+04 2.387E+07 30.8800 1.00000
  7.943E+10 7.943E+10 4.024E+00 8.948E+02 1.581E+04 2.918E+04 4.589E+04 4.589E+04 2.407E+07 31.1103 1.00000
  8.913E+10 8.913E+10 4.043E+00 1.004E+03 1.774E+04 3.342E+04 5.216E+04 5.217E+04 2.427E+07 31.3406 1.00000
  1.000E+11 1.000E+11 4.062E+00 1.127E+03 1.991E+04 3.827E+04 5.930E+04 5.931E+04 2.446E+07 31.5708 1.00000
  1.122E+11 1.122E+11 4.081E+00 1.265E+03 2.234E+04 4.383E+04 6.743E+04 6.743E+04 2.466E+07 31.8011 1.00000
  1.259E+11 1.259E+11 4.100E+00 1.420E+03 2.506E+04 5.019E+04 7.667E+04 7.668E+04 2.485E+07 32.0313 1.00000
  1.413E+11 1.413E+11 4.120E+00 1.593E+03 2.812E+04 5.749E+04 8.720E+04 8.720E+04 2.504E+07 32.2616 1.00000
  1.585E+11 1.585E+11 4.139E+00 1.788E+03 3.155E+04 6.585E+04 9.918E+04 9.919E+04 2.522E+07 32.4918 1.00000
  1.778E+11 1.778E+11 4.158E+00 2.006E+03 3.540E+04 7.543E+04 1.128E+05 1.128E+05 2.540E+07 32.7221 1.00000
  1.995E+11 1.995E+11 4.178E+00 2.252E+03 3.971E+04 8.641E+04 1.284E+05 1.284E+05 2.558E+07 32.9524 1.00000
  2.239E+11 2.239E+11 4.198E+00 2.527E+03 4.456E+04 9.899E+04 1.461E+05 1.461E+05 2.576E+07 33.1826 1.00000
  2.512E+11 2.512E+11 4.217E+00 2.835E+03 4.999E+04 1.134E+05 1.662E+05 1.662E+05 2.594E+07 33.4129 1.00000
  2.818E+11 2.818E+11 4.237E+00 3.182E+03 5.609E+04 1.299E+05 1.892E+05 1.892E+05 2.611E+07 33.6431 1.00000
  3.162E+11 3.162E+11 4.257E+00 3.570E+03 6.294E+04 1.489E+05 2.154E+05 2.154E+05 2.628E+07 33.8734 1.00000
  3.548E+11 3.548E+11 4.277E+00 4.006E+03 7.061E+04 1.706E+05 2.452E+05 2.452E+05 2.645E+07 34.1037 1.00000
  3.981E+11 3.981E+11 4.298E+00 4.496E+03 7.923E+04 1.955E+05 2.792E+05 2.792E+05 2.662E+07 34.3339 1.00000
  4.467E+11 4.467E+11 4.318E+00 5.045E+03 8.889E+04 2.240E+05 3.179E+05 3.179E+05 2.678E+07 34.5642 1.00000
  5.012E+11 5.012E+11 4.339E+00 5.661E+03 9.973E+04 2.567E+05 3.621E+05 3.621E+05 2.694E+07 34.7944 1.00000
  5.623E+11 5.623E+11 4.359E+00 6.352E+03 1.119E+05 2.942E+05 4.125E+05 4.125E+05 2.710E+07 35.0247 1.00000
  6.310E+11 6.310E+11 4.380E+00 7.127E+03 1.255E+05 3.372E+05 4.699E+05 4.699E+05 2.726E+07 35.2549 1.00000
  7.079E+11 7.079E+11 4.401E+00 7.997E+03 1.409E+05 3.865E+05 5.354E+05 5.354E+05 2.741E+07 35.4852 1.00000
  7.943E+11 7.943E+11 4.422E+00 8.974E+03 1.580E+05 4.430E+05 6.101E+05 6.101E+05 2.756E+07 35.7155 1.00000
  8.913E+11 8.913E+11 4.443E+00 1.007E+04 1.773E+05 5.079E+05 6.952E+05 6.953E+05 2.771E+07 35.9457 1.00000
  1.000E+12 1.000E+12 4.464E+00 1.130E+04 1.990E+05 5.822E+05 7.924E+05 7.924E+05 2.786E+07 36.1760 1.00000
  1.122E+12 1.122E+12 4.485E+00 1.268E+04 2.232E+05 6.674E+05 9.033E+05 9.033E+05 2.800E+07 36.4062 1.00000
  1.259E+12 1.259E+12 4.506E+00 1.422E+04 2.504E+05 7.652E+05 1.030E+06 1.030E+06 2.814E+07 36.6365 1.00000
  1.413E+12 1.413E+12 4.528E+00 1.596E+04 2.810E+05 8.773E+05 1.174E+06 1.174E+06 2.828E+07 36.8668 1.00000
  1.585E+12 1.585E+12 4.550E+00 1.791E+04 3.153E+05 1.006E+06 1.339E+06 1.339E+06 2.842E+07 37.0970 1.00000
  1.778E+12 1.778E+12 4.571E+00 2.009E+04 3.537E+05 1.154E+06 1.527E+06 1.527E+06 2.856E+07 37.3273 1.00000
  1.995E+12 1.995E+12 4.593E+00 2.255E+04 3.969E+05 1.323E+06 1.742E+06 1.742E+06 2.869E+07 37.5575 1.00000
  2.239E+12 2.239E+12 4.615E+00 2.530E+04 4.453E+05 1.517E+06 1.987E+06 1.987E+06 2.882E+07 37.7878 1.00000
  2.512E+12 2.512E+12 4.637E+00 2.838E+04 4.996E+05 1.740E+06 2.268E+06 2.268E+06 2.895E+07 38.0180 1.00000
  2.818E+12 2.818E+12 4.659E+00 3.185E+04 5.605E+05 1.995E+06 2.588E+06 2.588E+06 2.908E+07 38.2483 1.00000
  3.162E+12 3.162E+12 4.682E+00 3.574E+04 6.289E+05 2.288E+06 2.953E+06 2.953E+06 2.920E+07 38.4786 1.00000
  3.548E+12 3.548E+12 4.704E+00 4.010E+04 7.056E+05 2.625E+06 3.370E+06 3.370E+06 2.932E+07 38.7088 1.00000
  3.981E+12 3.981E+12 4.727E+00 4.499E+04 7.917E+05 3.011E+06 3.847E+06 3.847E+06 2.944E+07 38.9391 1.00000
  4.467E+12 4.467E+12 4.750E+00 5.048E+04 8.882E+05 3.454E+06 4.392E+06 4.392E+06 2.956E+07 39.1693 1.00000
  5.012E+12 5.012E+12 4.773E+00 5.664E+04 9.965E+05 3.962E+06 5.015E+06 5.015E+06 2.968E+07 39.3996 1.00000
  5.623E+12 5.623E+12 4.795E+00 6.355E+04 1.118E+06 4.545E+06 5.727E+06 5.727E+06 2.979E+07 39.6299 1.00000
  6.310E+12 6.310E+12 4.819E+00 7.131E+04 1.254E+06 5.215E+06 6.541E+06 6.541E+06 2.991E+07 39.8601 1.00000
  7.079E+12 7.079E+12 4.842E+00 8.001E+04 1.407E+06 5.983E+06 7.471E+06 7.471E+06 3.002E+07 40.0904 1.00000
  7.943E+12 7.943E+12 4.865E+00 8.977E+04 1.579E+06 6.865E+06 8.534E+06 8.534E+06 3.012E+07 40.3206 1.00000
  8.913E+12 8.913E+12 4.889E+00 1.007E+05 1.772E+06 7.878E+06 9.750E+06 9.750E+06 3.023E+07 40.5509 1.00000
  1.000E+13 1.000E+13 4.912E+00 1.130E+05 1.988E+06 9.040E+06 1.114E+07 1.114E+07 3.034E+07 40.7812 1.00000
  1.122E+13 1.122E+13 4.936E+00 1.268E+05 2.230E+06 1.037E+07 1.273E+07 1.273E+07 3.044E+07 41.0114 1.00000
  1.259E+13 1.259E+13 4.960E+00 1.423E+05 2.502E+06 1.191E+07 1.455E+07 1.455E+07 3.054E+07 41.2417 1.00000
  1.413E+13 1.413E+13 4.984E+00 1.596E+05 2.807E+06 1.366E+07 1.663E+07 1.663E+07 3.064E+07 41.4719 1.00000
  1.585E+13 1.585E+13 5.008E+00 1.791E+05 3.150E+06 1.568E+07 1.901E+07 1.901E+07 3.074E+07 41.7022 1.00000
  1.778E+13 1.778E+13 5.032E+00 2.010E+05 3.534E+06 1.800E+07 2.173E+07 2.173E+07 3.083E+07 41.9324 1.00000
  1.995E+13 1.995E+13 5.057E+00 2.255E+05 3.965E+06 2.066E+07 2.485E+07 2.485E+07 3.092E+07 42.1627 1.00000
  2.239E+13 2.239E+13 5.081E+00 2.530E+05 4.449E+06 2.372E+07 2.842E+07 2.842E+07 3.102E+07 42.3930 1.00000
  2.512E+13 2.512E+13 5.106E+00 2.839E+05 4.991E+06 2.723E+07 3.250E+07 3.250E+07 3.111E+07 42.6232 1.00000
  2.818E+13 2.818E+13 5.131E+00 3.185E+05 5.600E+06 3.126E+07 3.717E+07 3.717E+07 3.119E+07 42.8535 1.00000
  3.162E+13 3.162E+13 5.156E+00 3.574E+05 6.283E+06 3.588E+07 4.252E+07 4.252E+07 3.128E+07 43.0837 1.00000
  3.548E+13 3.548E+13 5.181E+00 4.010E+05 7.049E+06 4.120E+07 4.865E+07 4.865E+07 3.137E+07 43.3140 1.00000
  3.981E+13 3.981E+13 5.206E+00 4.499E+05 7.909E+06 4.731E+07 5.566E+07 5.566E+07 3.145E+07 43.5443 1.00000
  4.467E+13 4.467E+13 5.231E+00 5.048E+05 8.873E+06 5.432E+07 6.370E+07 6.370E+07 3.153E+07 43.7745 1.00000
  5.012E+13 5.012E+13 5.257E+00 5.664E+05 9.955E+06 6.237E+07 7.289E+07 7.289E+07 3.161E+07 44.0048 1.00000
  5.623E+13 5.623E+13 5.282E+00 6.356E+05 1.117E+07 7.162E+07 8.343E+07 8.343E+07 3.169E+07 44.2350 1.00000
  6.310E+13 6.310E+13 5.308E+00 7.131E+05 1.253E+07 8.225E+07 9.550E+07 9.550E+07 3.177E+07 44.4653 1.00000
  7.079E+13 7.079E+13 5.334E+00 8.001E+05 1.406E+07 9.446E+07 1.093E+08 1.093E+08 3.184E+07 44.6955 1.00000
  7.943E+13 7.943E+13 5.360E+00 8.977E+05 1.577E+07 1.085E+08 1.252E+08 1.252E+08 3.192E+07 44.9258 1.00000
  8.913E+13 8.913E+13 5.386E+00 1.007E+06 1.770E+07 1.246E+08 1.433E+08 1.433E+08 3.199E+07 45.1561 1.00000
  1.000E+14 1.000E+14 5.412E+00 1.130E+06 1.986E+07 1.431E+08 1.641E+08 1.641E+08 3.206E+07 45.3863 1.00000
  1.122E+14 1.122E+14 5.439E+00 1.268E+06 2.228E+07 1.644E+08 1.880E+08 1.880E+08 3.213E+07 45.6166 1.00000
  1.259E+14 1.259E+14 5.465E+00 1.423E+06 2.499E+07 1.889E+08 2.153E+08 2.153E+08 3.220E+07 45.8468 1.00000
  1.413E+14 1.413E+14 5.492E+00 1.596E+06 2.804E+07 2.169E+08 2.466E+08 2.466E+08 3.227E+07 46.0771 1.00000
  1.585E+14 1.585E+14 5.519E+00 1.791E+06 3.146E+07 2.492E+08 2.825E+08 2.825E+08 3.233E+07 46.3074 1.00000
  1.778E+14 1.778E+14 5.546E+00 2.010E+06 3.530E+07 2.863E+08 3.236E+08 3.236E+08 3.239E+07 46.5376 1.00000
  1.995E+14 1.995E+14 5.573E+00 2.255E+06 3.960E+07 3.290E+08 3.708E+08 3.708E+08 3.246E+07 46.7679 1.00000
  2.239E+14 2.239E+14 5.600E+00 2.530E+06 4.443E+07 3.780E+08 4.250E+08 4.250E+08 3.252E+07 46.9981 1.00000
  2.512E+14 2.512E+14 5.628E+00 2.839E+06 4.985E+07 4.343E+08 4.870E+08 4.870E+08 3.258E+07 47.2284 1.00000
  2.818E+14 2.818E+14 5.655E+00 3.185E+06 5.593E+07 4.991E+08 5.582E+08 5.582E+08 3.264E+07 47.4586 1.00000
  3.162E+14 3.162E+14 5.683E+00 3.574E+06 6.275E+07 5.735E+08 6.398E+08 6.398E+08 3.270E+07 47.6889 1.00000
  3.548E+14 3.548E+14 5.711E+00 4.010E+06 7.040E+07 6.590E+08 7.335E+08 7.335E+08 3.275E+07 47.9192 1.00000
  3.981E+14 3.981E+14 5.739E+00 4.499E+06 7.899E+07 7.574E+08 8.409E+08 8.409E+08 3.281E+07 48.1494 1.00000
  4.467E+14 4.467E+14 5.767E+00 5.048E+06 8.862E+07 8.705E+08 9.641E+08 9.641E+08 3.286E+07 48.3797 1.00000
  5.012E+14 5.012E+14 5.795E+00 5.664E+06 9.943E+07 1.000E+09 1.106E+09 1.106E+09 3.291E+07 48.6099 1.00000
  5.623E+14 5.623E+14 5.824E+00 6.356E+06 1.116E+08 1.150E+09 1.268E+09 1.268E+09 3.297E+07 48.8402 1.00000
  6.310E+14 6.310E+14 5.852E+00 7.131E+06 1.252E+08 1.322E+09 1.454E+09 1.454E+09 3.302E+07 49.0705 1.00000
  7.079E+14 7.079E+14 5.881E+00 8.001E+06 1.404E+08 1.519E+09 1.668E+09 1.668E+09 3.307E+07 49.3007 1.00000
  7.943E+14 7.943E+14 5.910E+00 8.977E+06 1.575E+08 1.746E+09 1.913E+09 1.913E+09 3.312E+07 49.5310 1.00000
  8.913E+14 8.913E+14 5.939E+00 1.007E+07 1.767E+08 2.008E+09 2.195E+09 2.195E+09 3.316E+07 49.7612 1.00000
  1.000E+15 1.000E+15 5.968E+00 1.130E+07 1.983E+08 2.308E+09 2.518E+09 2.518E+09 3.321E+07 49.9915 1.00000
