 Incident particle is a Tau with M = 1776.82000 MeV
 Index = 0: CarbonGraphite
      Absorber with <Z/A> = 0.49955
 Density effect computed following Fano (1963)
 Models for Radloss: brems =  SSR, pair =  SSR, photonuc = DRSS

 *** Table generated with PUMAS v1.1 ***

      T         p     Ionization  brems     pair     photonuc  Radloss    dE/dx   CSDA Range  delta   beta
    [MeV]    [MeV/c]  -----------------------[MeV cm^2/g]------------------------  [g/cm^2]
  1.000E+05 1.018E+05 2.152E+00 3.480E-05 1.854E-03 6.724E-03 8.613E-03 2.160E+00 2.314E+04  5.2412 0.99985
  1.122E+05 1.140E+05 2.170E+00 4.212E-05 2.241E-03 7.622E-03 9.905E-03 2.180E+00 2.877E+04  5.4602 0.99988
  1.259E+05 1.277E+05 2.189E+00 5.090E-05 2.699E-03 8.622E-03 1.137E-02 2.200E+00 3.502E+04  5.6810 0.99990
  1.413E+05 1.430E+05 2.207E+00 6.138E-05 3.237E-03 9.725E-03 1.302E-02 2.220E+00 4.197E+04  5.9034 0.99992
  1.585E+05 1.603E+05 2.225E+00 7.390E-05 3.871E-03 1.098E-02 1.492E-02 2.240E+00 4.970E+04  6.1270 0.99994
  1.778E+05 1.796E+05 2.244E+00 8.881E-05 4.615E-03 1.237E-02 1.707E-02 2.261E+00 5.829E+04  6.3517 0.99995
  1.995E+05 2.013E+05 2.262E+00 1.065E-04 5.487E-03 1.394E-02 1.953E-02 2.281E+00 6.784E+04  6.5773 0.99996
  2.239E+05 2.256E+05 2.280E+00 1.275E-04 6.506E-03 1.569E-02 2.232E-02 2.303E+00 7.846E+04  6.8036 0.99997
  2.512E+05 2.530E+05 2.299E+00 1.524E-04 7.697E-03 1.764E-02 2.549E-02 2.324E+00 9.027E+04  7.0306 0.99998
  2.818E+05 2.836E+05 2.317E+00 1.817E-04 9.084E-03 1.984E-02 2.911E-02 2.346E+00 1.034E+05  7.2580 0.99998
  3.162E+05 3.180E+05 2.335E+00 2.164E-04 1.070E-02 2.233E-02 3.324E-02 2.368E+00 1.180E+05  7.4859 0.99998
  3.548E+05 3.566E+05 2.353E+00 2.571E-04 1.258E-02 2.511E-02 3.794E-02 2.391E+00 1.342E+05  7.7141 0.99999
  3.981E+05 3.999E+05 2.372E+00 3.051E-04 1.475E-02 2.822E-02 4.328E-02 2.415E+00 1.522E+05  7.9426 0.99999
  4.467E+05 4.485E+05 2.390E+00 3.612E-04 1.727E-02 3.173E-02 4.937E-02 2.439E+00 1.722E+05  8.1714 0.99999
  5.012E+05 5.030E+05 2.408E+00 4.271E-04 2.019E-02 3.566E-02 5.628E-02 2.464E+00 1.945E+05  8.4004 0.99999
  5.623E+05 5.641E+05 2.426E+00 5.041E-04 2.356E-02 4.010E-02 6.417E-02 2.490E+00 2.191E+05  8.6296 1.00000
  6.310E+05 6.327E+05 2.444E+00 5.940E-04 2.746E-02 4.511E-02 7.316E-02 2.517E+00 2.466E+05  8.8589 1.00000
  7.079E+05 7.097E+05 2.462E+00 6.990E-04 3.194E-02 5.078E-02 8.342E-02 2.545E+00 2.770E+05  9.0883 1.00000
  7.943E+05 7.961E+05 2.480E+00 8.212E-04 3.710E-02 5.716E-02 9.508E-02 2.575E+00 3.107E+05  9.3179 1.00000
  8.913E+05 8.930E+05 2.498E+00 9.632E-04 4.304E-02 6.434E-02 1.083E-01 2.606E+00 3.481E+05  9.5475 1.00000
  1.000E+06 1.002E+06 2.515E+00 1.129E-03 4.985E-02 7.250E-02 1.235E-01 2.639E+00 3.896E+05  9.7772 1.00000
  1.122E+06 1.124E+06 2.533E+00 1.320E-03 5.767E-02 8.168E-02 1.407E-01 2.674E+00 4.355E+05 10.0070 1.00000
  1.259E+06 1.261E+06 2.550E+00 1.542E-03 6.663E-02 9.212E-02 1.603E-01 2.711E+00 4.864E+05 10.2369 1.00000
  1.413E+06 1.414E+06 2.568E+00 1.800E-03 7.689E-02 1.039E-01 1.826E-01 2.751E+00 5.426E+05 10.4668 1.00000
  1.585E+06 1.587E+06 2.585E+00 2.098E-03 8.861E-02 1.173E-01 2.080E-01 2.793E+00 6.048E+05 10.6967 1.00000
  1.778E+06 1.780E+06 2.602E+00 2.442E-03 1.020E-01 1.324E-01 2.369E-01 2.839E+00 6.735E+05 10.9267 1.00000
  1.995E+06 1.997E+06 2.620E+00 2.839E-03 1.173E-01 1.496E-01 2.698E-01 2.889E+00 7.492E+05 11.1567 1.00000
  2.239E+06 2.240E+06 2.636E+00 3.298E-03 1.347E-01 1.692E-01 3.072E-01 2.944E+00 8.327E+05 11.3867 1.00000
  2.512E+06 2.514E+06 2.653E+00 3.829E-03 1.546E-01 1.913E-01 3.497E-01 3.003E+00 9.246E+05 11.6168 1.00000
  2.818E+06 2.820E+06 2.670E+00 4.439E-03 1.772E-01 2.165E-01 3.982E-01 3.068E+00 1.026E+06 11.8469 1.00000
  3.162E+06 3.164E+06 2.686E+00 5.141E-03 2.029E-01 2.451E-01 4.532E-01 3.140E+00 1.136E+06 12.0770 1.00000
  3.548E+06 3.550E+06 2.703E+00 5.947E-03 2.321E-01 2.776E-01 5.157E-01 3.218E+00 1.258E+06 12.3071 1.00000
  3.981E+06 3.983E+06 2.719E+00 6.874E-03 2.653E-01 3.146E-01 5.868E-01 3.306E+00 1.390E+06 12.5373 1.00000
  4.467E+06 4.469E+06 2.735E+00 7.938E-03 3.029E-01 3.567E-01 6.675E-01 3.402E+00 1.535E+06 12.7674 1.00000
  5.012E+06 5.014E+06 2.751E+00 9.162E-03 3.456E-01 4.046E-01 7.593E-01 3.510E+00 1.693E+06 12.9976 1.00000
  5.623E+06 5.625E+06 2.767E+00 1.057E-02 3.939E-01 4.591E-01 8.636E-01 3.630E+00 1.864E+06 13.2278 1.00000
  6.310E+06 6.311E+06 2.782E+00 1.218E-02 4.487E-01 5.212E-01 9.821E-01 3.764E+00 2.050E+06 13.4580 1.00000
  7.079E+06 7.081E+06 2.797E+00 1.403E-02 5.106E-01 5.919E-01 1.117E+00 3.914E+00 2.250E+06 13.6882 1.00000
  7.943E+06 7.945E+06 2.813E+00 1.614E-02 5.807E-01 6.724E-01 1.269E+00 4.082E+00 2.467E+06 13.9184 1.00000
  8.913E+06 8.914E+06 2.828E+00 1.857E-02 6.599E-01 7.642E-01 1.443E+00 4.270E+00 2.699E+06 14.1486 1.00000
  1.000E+07 1.000E+07 2.843E+00 2.134E-02 7.494E-01 8.688E-01 1.640E+00 4.482E+00 2.947E+06 14.3788 1.00000
  1.122E+07 1.122E+07 2.858E+00 2.450E-02 8.505E-01 9.880E-01 1.863E+00 4.721E+00 3.212E+06 14.6090 1.00000
  1.259E+07 1.259E+07 2.872E+00 2.812E-02 9.646E-01 1.124E+00 2.117E+00 4.989E+00 3.495E+06 14.8392 1.00000
  1.413E+07 1.413E+07 2.887E+00 3.225E-02 1.093E+00 1.279E+00 2.405E+00 5.291E+00 3.793E+06 15.0695 1.00000
  1.585E+07 1.585E+07 2.901E+00 3.697E-02 1.238E+00 1.456E+00 2.731E+00 5.633E+00 4.109E+06 15.2997 1.00000
  1.778E+07 1.778E+07 2.916E+00 4.236E-02 1.402E+00 1.657E+00 3.102E+00 6.018E+00 4.441E+06 15.5299 1.00000
  1.995E+07 1.995E+07 2.930E+00 4.850E-02 1.587E+00 1.888E+00 3.523E+00 6.453E+00 4.789E+06 15.7602 1.00000
  2.239E+07 2.239E+07 2.944E+00 5.550E-02 1.794E+00 2.150E+00 4.000E+00 6.944E+00 5.153E+06 15.9904 1.00000
  2.512E+07 2.512E+07 2.958E+00 6.348E-02 2.029E+00 2.450E+00 4.542E+00 7.500E+00 5.532E+06 16.2206 1.00000
  2.818E+07 2.819E+07 2.972E+00 7.259E-02 2.292E+00 2.792E+00 5.156E+00 8.128E+00 5.924E+06 16.4509 1.00000
  3.162E+07 3.162E+07 2.986E+00 8.296E-02 2.589E+00 3.182E+00 5.854E+00 8.840E+00 6.330E+06 16.6811 1.00000
  3.548E+07 3.548E+07 3.000E+00 9.476E-02 2.923E+00 3.627E+00 6.645E+00 9.645E+00 6.747E+06 16.9114 1.00000
  3.981E+07 3.981E+07 3.014E+00 1.082E-01 3.298E+00 4.136E+00 7.543E+00 1.056E+01 7.176E+06 17.1416 1.00000
  4.467E+07 4.467E+07 3.028E+00 1.235E-01 3.721E+00 4.717E+00 8.561E+00 1.159E+01 7.615E+06 17.3719 1.00000
  5.012E+07 5.012E+07 3.042E+00 1.408E-01 4.196E+00 5.380E+00 9.717E+00 1.276E+01 8.063E+06 17.6021 1.00000
  5.623E+07 5.624E+07 3.056E+00 1.605E-01 4.730E+00 6.137E+00 1.103E+01 1.408E+01 8.520E+06 17.8324 1.00000
  6.310E+07 6.310E+07 3.070E+00 1.830E-01 5.331E+00 7.002E+00 1.252E+01 1.559E+01 8.983E+06 18.0626 1.00000
  7.079E+07 7.080E+07 3.083E+00 2.084E-01 6.005E+00 7.990E+00 1.420E+01 1.729E+01 9.451E+06 18.2929 1.00000
  7.943E+07 7.943E+07 3.097E+00 2.373E-01 6.764E+00 9.119E+00 1.612E+01 1.922E+01 9.925E+06 18.5231 1.00000
  8.913E+07 8.913E+07 3.111E+00 2.701E-01 7.616E+00 1.041E+01 1.829E+01 2.140E+01 1.040E+07 18.7534 1.00000
  1.000E+08 1.000E+08 3.125E+00 3.072E-01 8.574E+00 1.188E+01 2.076E+01 2.389E+01 1.088E+07 18.9836 1.00000
  1.122E+08 1.122E+08 3.139E+00 3.493E-01 9.649E+00 1.356E+01 2.356E+01 2.670E+01 1.137E+07 19.2139 1.00000
  1.259E+08 1.259E+08 3.153E+00 3.971E-01 1.086E+01 1.549E+01 2.674E+01 2.989E+01 1.185E+07 19.4441 1.00000
  1.413E+08 1.413E+08 3.167E+00 4.512E-01 1.221E+01 1.768E+01 3.035E+01 3.351E+01 1.234E+07 19.6744 1.00000
  1.585E+08 1.585E+08 3.181E+00 5.124E-01 1.374E+01 2.019E+01 3.444E+01 3.762E+01 1.282E+07 19.9047 1.00000
  1.778E+08 1.778E+08 3.195E+00 5.818E-01 1.545E+01 2.306E+01 3.909E+01 4.229E+01 1.331E+07 20.1349 1.00000
  1.995E+08 1.995E+08 3.210E+00 6.602E-01 1.737E+01 2.634E+01 4.437E+01 4.758E+01 1.379E+07 20.3652 1.00000
  2.239E+08 2.239E+08 3.224E+00 7.490E-01 1.953E+01 3.009E+01 5.037E+01 5.359E+01 1.427E+07 20.5954 1.00000
  2.512E+08 2.512E+08 3.238E+00 8.494E-01 2.195E+01 3.438E+01 5.717E+01 6.041E+01 1.475E+07 20.8257 1.00000
  2.818E+08 2.818E+08 3.252E+00 9.628E-01 2.467E+01 3.927E+01 6.490E+01 6.815E+01 1.523E+07 21.0559 1.00000
  3.162E+08 3.162E+08 3.267E+00 1.091E+00 2.772E+01 4.487E+01 7.368E+01 7.695E+01 1.570E+07 21.2862 1.00000
  3.548E+08 3.548E+08 3.281E+00 1.236E+00 3.114E+01 5.128E+01 8.365E+01 8.694E+01 1.617E+07 21.5165 1.00000
  3.981E+08 3.981E+08 3.296E+00 1.399E+00 3.499E+01 5.860E+01 9.498E+01 9.828E+01 1.664E+07 21.7467 1.00000
  4.467E+08 4.467E+08 3.311E+00 1.584E+00 3.930E+01 6.697E+01 1.079E+02 1.112E+02 1.711E+07 21.9770 1.00000
  5.012E+08 5.012E+08 3.325E+00 1.793E+00 4.414E+01 7.654E+01 1.225E+02 1.258E+02 1.757E+07 22.2072 1.00000
  5.623E+08 5.623E+08 3.340E+00 2.028E+00 4.958E+01 8.748E+01 1.391E+02 1.424E+02 1.802E+07 22.4375 1.00000
  6.310E+08 6.310E+08 3.355E+00 2.293E+00 5.568E+01 1.000E+02 1.580E+02 1.613E+02 1.848E+07 22.6677 1.00000
  7.079E+08 7.079E+08 3.370E+00 2.592E+00 6.253E+01 1.143E+02 1.794E+02 1.828E+02 1.893E+07 22.8980 1.00000
  7.943E+08 7.943E+08 3.385E+00 2.930E+00 7.021E+01 1.307E+02 2.038E+02 2.072E+02 1.937E+07 23.1283 1.00000
  8.913E+08 8.913E+08 3.400E+00 3.310E+00 7.883E+01 1.494E+02 2.316E+02 2.350E+02 1.981E+07 23.3585 1.00000
  1.000E+09 1.000E+09 3.415E+00 3.738E+00 8.851E+01 1.708E+02 2.631E+02 2.665E+02 2.024E+07 23.5888 1.00000
  1.122E+09 1.122E+09 3.430E+00 4.221E+00 9.936E+01 1.954E+02 2.989E+02 3.024E+02 2.067E+07 23.8190 1.00000
  1.259E+09 1.259E+09 3.446E+00 4.765E+00 1.115E+02 2.234E+02 3.397E+02 3.432E+02 2.110E+07 24.0493 1.00000
  1.413E+09 1.413E+09 3.461E+00 5.377E+00 1.252E+02 2.555E+02 3.861E+02 3.895E+02 2.152E+07 24.2795 1.00000
  1.585E+09 1.585E+09 3.476E+00 6.066E+00 1.406E+02 2.922E+02 4.388E+02 4.423E+02 2.193E+07 24.5098 1.00000
  1.778E+09 1.778E+09 3.492E+00 6.842E+00 1.578E+02 3.342E+02 4.988E+02 5.023E+02 2.234E+07 24.7401 1.00000
  1.995E+09 1.995E+09 3.508E+00 7.715E+00 1.771E+02 3.822E+02 5.671E+02 5.706E+02 2.275E+07 24.9703 1.00000
  2.239E+09 2.239E+09 3.523E+00 8.697E+00 1.988E+02 4.372E+02 6.447E+02 6.482E+02 2.315E+07 25.2006 1.00000
  2.512E+09 2.512E+09 3.539E+00 9.802E+00 2.231E+02 5.002E+02 7.331E+02 7.366E+02 2.354E+07 25.4308 1.00000
  2.818E+09 2.818E+09 3.555E+00 1.104E+01 2.504E+02 5.722E+02 8.336E+02 8.372E+02 2.393E+07 25.6611 1.00000
  3.162E+09 3.162E+09 3.571E+00 1.244E+01 2.810E+02 6.546E+02 9.481E+02 9.517E+02 2.432E+07 25.8914 1.00000
  3.548E+09 3.548E+09 3.587E+00 1.401E+01 3.154E+02 7.490E+02 1.078E+03 1.082E+03 2.470E+07 26.1216 1.00000
  3.981E+09 3.981E+09 3.603E+00 1.578E+01 3.539E+02 8.570E+02 1.227E+03 1.230E+03 2.507E+07 26.3519 1.00000
  4.467E+09 4.467E+09 3.620E+00 1.777E+01 3.972E+02 9.807E+02 1.396E+03 1.399E+03 2.544E+07 26.5821 1.00000
  5.012E+09 5.012E+09 3.636E+00 2.000E+01 4.458E+02 1.122E+03 1.588E+03 1.592E+03 2.581E+07 26.8124 1.00000
  5.623E+09 5.623E+09 3.652E+00 2.251E+01 5.002E+02 1.284E+03 1.807E+03 1.811E+03 2.617E+07 27.0426 1.00000
  6.310E+09 6.310E+09 3.669E+00 2.532E+01 5.614E+02 1.470E+03 2.057E+03 2.060E+03 2.652E+07 27.2729 1.00000
  7.079E+09 7.079E+09 3.685E+00 2.849E+01 6.299E+02 1.682E+03 2.341E+03 2.344E+03 2.687E+07 27.5032 1.00000
  7.943E+09 7.943E+09 3.702E+00 3.205E+01 7.069E+02 1.926E+03 2.665E+03 2.668E+03 2.722E+07 27.7334 1.00000
  8.913E+09 8.913E+09 3.719E+00 3.605E+01 7.932E+02 2.204E+03 3.033E+03 3.037E+03 2.756E+07 27.9637 1.00000
  1.000E+10 1.000E+10 3.736E+00 4.053E+01 8.901E+02 2.523E+03 3.454E+03 3.458E+03 2.789E+07 28.1939 1.00000
  1.122E+10 1.122E+10 3.753E+00 4.558E+01 9.988E+02 2.888E+03 3.933E+03 3.937E+03 2.822E+07 28.4242 1.00000
  1.259E+10 1.259E+10 3.770E+00 5.124E+01 1.121E+03 3.307E+03 4.479E+03 4.483E+03 2.855E+07 28.6544 1.00000
  1.413E+10 1.413E+10 3.787E+00 5.760E+01 1.258E+03 3.786E+03 5.101E+03 5.105E+03 2.887E+07 28.8847 1.00000
  1.585E+10 1.585E+10 3.805E+00 6.473E+01 1.411E+03 4.335E+03 5.811E+03 5.815E+03 2.919E+07 29.1148 1.00000
  1.778E+10 1.778E+10 3.822E+00 7.275E+01 1.584E+03 4.964E+03 6.620E+03 6.624E+03 2.950E+07 29.3451 1.00000
  1.995E+10 1.995E+10 3.839E+00 8.175E+01 1.777E+03 5.684E+03 7.543E+03 7.547E+03 2.980E+07 29.5754 1.00000
  2.239E+10 2.239E+10 3.857E+00 9.186E+01 1.994E+03 6.509E+03 8.595E+03 8.599E+03 3.011E+07 29.8052 1.00000
  2.512E+10 2.512E+10 3.875E+00 1.032E+02 2.237E+03 7.455E+03 9.795E+03 9.799E+03 3.040E+07 30.0355 1.00000
  2.818E+10 2.818E+10 3.893E+00 1.159E+02 2.510E+03 8.538E+03 1.116E+04 1.117E+04 3.070E+07 30.2658 1.00000
  3.162E+10 3.162E+10 3.911E+00 1.302E+02 2.817E+03 9.779E+03 1.273E+04 1.273E+04 3.099E+07 30.4945 1.00000
  3.548E+10 3.548E+10 3.929E+00 1.463E+02 3.160E+03 1.120E+04 1.451E+04 1.451E+04 3.127E+07 30.7247 1.00000
  3.981E+10 3.981E+10 3.947E+00 1.643E+02 3.546E+03 1.283E+04 1.654E+04 1.655E+04 3.155E+07 30.9550 1.00000
  4.467E+10 4.467E+10 3.965E+00 1.845E+02 3.979E+03 1.470E+04 1.886E+04 1.887E+04 3.182E+07 31.1853 1.00000
  5.012E+10 5.012E+10 3.984E+00 2.072E+02 4.465E+03 1.684E+04 2.151E+04 2.151E+04 3.209E+07 31.4090 1.00000
  5.623E+10 5.623E+10 4.002E+00 2.326E+02 5.009E+03 1.929E+04 2.453E+04 2.454E+04 3.236E+07 31.6393 1.00000
  6.310E+10 6.310E+10 4.021E+00 2.612E+02 5.621E+03 2.210E+04 2.799E+04 2.799E+04 3.262E+07 31.8695 1.00000
  7.079E+10 7.079E+10 4.041E+00 2.933E+02 6.307E+03 2.533E+04 3.193E+04 3.193E+04 3.288E+07 32.0707 1.00000
  7.943E+10 7.943E+10 4.060E+00 3.293E+02 7.076E+03 2.902E+04 3.643E+04 3.643E+04 3.313E+07 32.3009 1.00000
  8.913E+10 8.913E+10 4.079E+00 3.697E+02 7.940E+03 3.325E+04 4.156E+04 4.157E+04 3.338E+07 32.5312 1.00000
  1.000E+11 1.000E+11 4.098E+00 4.150E+02 8.909E+03 3.811E+04 4.743E+04 4.744E+04 3.363E+07 32.7614 1.00000
  1.122E+11 1.122E+11 4.117E+00 4.659E+02 9.996E+03 4.368E+04 5.414E+04 5.414E+04 3.387E+07 32.9917 1.00000
  1.259E+11 1.259E+11 4.148E+00 5.229E+02 1.122E+04 5.006E+04 6.180E+04 6.180E+04 3.410E+07 33.0665 1.00000
  1.413E+11 1.413E+11 4.167E+00 5.870E+02 1.258E+04 5.737E+04 7.055E+04 7.055E+04 3.434E+07 33.2967 1.00000
  1.585E+11 1.585E+11 4.187E+00 6.589E+02 1.412E+04 6.576E+04 8.054E+04 8.055E+04 3.456E+07 33.5270 1.00000
  1.778E+11 1.778E+11 4.206E+00 7.395E+02 1.584E+04 7.539E+04 9.197E+04 9.197E+04 3.479E+07 33.7573 1.00000
  1.995E+11 1.995E+11 4.226E+00 8.300E+02 1.778E+04 8.642E+04 1.050E+05 1.050E+05 3.501E+07 33.9875 1.00000
  2.239E+11 2.239E+11 4.245E+00 9.316E+02 1.995E+04 9.907E+04 1.200E+05 1.200E+05 3.523E+07 34.2178 1.00000
  2.512E+11 2.512E+11 4.265E+00 1.046E+03 2.238E+04 1.136E+05 1.370E+05 1.370E+05 3.544E+07 34.4480 1.00000
  2.818E+11 2.818E+11 4.285E+00 1.173E+03 2.511E+04 1.302E+05 1.565E+05 1.565E+05 3.565E+07 34.6783 1.00000
  3.162E+11 3.162E+11 4.305E+00 1.317E+03 2.817E+04 1.493E+05 1.788E+05 1.788E+05 3.585E+07 34.9085 1.00000
  3.548E+11 3.548E+11 4.325E+00 1.478E+03 3.161E+04 1.712E+05 2.043E+05 2.043E+05 3.606E+07 35.1388 1.00000
  3.981E+11 3.981E+11 4.345E+00 1.658E+03 3.547E+04 1.963E+05 2.335E+05 2.335E+05 3.625E+07 35.3691 1.00000
  4.467E+11 4.467E+11 4.366E+00 1.861E+03 3.980E+04 2.252E+05 2.668E+05 2.668E+05 3.645E+07 35.5993 1.00000
  5.012E+11 5.012E+11 4.386E+00 2.089E+03 4.465E+04 2.582E+05 3.050E+05 3.050E+05 3.664E+07 35.8296 1.00000
  5.623E+11 5.623E+11 4.407E+00 2.344E+03 5.010E+04 2.962E+05 3.486E+05 3.486E+05 3.683E+07 36.0598 1.00000
  6.310E+11 6.310E+11 4.427E+00 2.630E+03 5.622E+04 3.397E+05 3.985E+05 3.985E+05 3.701E+07 36.2901 1.00000
  7.079E+11 7.079E+11 4.448E+00 2.951E+03 6.308E+04 3.896E+05 4.557E+05 4.557E+05 3.719E+07 36.5204 1.00000
  7.943E+11 7.943E+11 4.469E+00 3.312E+03 7.077E+04 4.470E+05 5.210E+05 5.210E+05 3.737E+07 36.7506 1.00000
  8.913E+11 8.913E+11 4.490E+00 3.716E+03 7.941E+04 5.127E+05 5.958E+05 5.959E+05 3.754E+07 36.9809 1.00000
  1.000E+12 1.000E+12 4.511E+00 4.170E+03 8.910E+04 5.882E+05 6.815E+05 6.815E+05 3.771E+07 37.2111 1.00000
  1.122E+12 1.122E+12 4.533E+00 4.679E+03 9.997E+04 6.748E+05 7.795E+05 7.795E+05 3.788E+07 37.4414 1.00000
  1.259E+12 1.259E+12 4.554E+00 5.251E+03 1.122E+05 7.742E+05 8.917E+05 8.917E+05 3.804E+07 37.6716 1.00000
  1.413E+12 1.413E+12 4.576E+00 5.892E+03 1.259E+05 8.884E+05 1.020E+06 1.020E+06 3.820E+07 37.9019 1.00000
  1.585E+12 1.585E+12 4.597E+00 6.611E+03 1.412E+05 1.019E+06 1.167E+06 1.167E+06 3.836E+07 38.1322 1.00000
  1.778E+12 1.778E+12 4.619E+00 7.418E+03 1.584E+05 1.170E+06 1.336E+06 1.336E+06 3.852E+07 38.3624 1.00000
  1.995E+12 1.995E+12 4.641E+00 8.324E+03 1.778E+05 1.342E+06 1.528E+06 1.528E+06 3.867E+07 38.5927 1.00000
  2.239E+12 2.239E+12 4.663E+00 9.340E+03 1.995E+05 1.540E+06 1.749E+06 1.749E+06 3.882E+07 38.8229 1.00000
  2.512E+12 2.512E+12 4.685E+00 1.048E+04 2.238E+05 1.768E+06 2.002E+06 2.002E+06 3.896E+07 39.0532 1.00000
  2.818E+12 2.818E+12 4.707E+00 1.176E+04 2.511E+05 2.029E+06 2.292E+06 2.292E+06 3.911E+07 39.2835 1.00000
  3.162E+12 3.162E+12 4.730E+00 1.319E+04 2.817E+05 2.329E+06 2.624E+06 2.624E+06 3.925E+07 39.5137 1.00000
  3.548E+12 3.548E+12 4.752E+00 1.480E+04 3.161E+05 2.673E+06 3.004E+06 3.004E+06 3.938E+07 39.7440 1.00000
  3.981E+12 3.981E+12 4.775E+00 1.661E+04 3.547E+05 3.069E+06 3.440E+06 3.440E+06 3.952E+07 39.9742 1.00000
  4.467E+12 4.467E+12 4.798E+00 1.864E+04 3.980E+05 3.523E+06 3.940E+06 3.940E+06 3.965E+07 40.2045 1.00000
  5.012E+12 5.012E+12 4.820E+00 2.091E+04 4.465E+05 4.045E+06 4.512E+06 4.512E+06 3.978E+07 40.4348 1.00000
  5.623E+12 5.623E+12 4.843E+00 2.347E+04 5.010E+05 4.644E+06 5.168E+06 5.168E+06 3.991E+07 40.6650 1.00000
  6.310E+12 6.310E+12 4.867E+00 2.633E+04 5.621E+05 5.331E+06 5.920E+06 5.920E+06 4.003E+07 40.8953 1.00000
  7.079E+12 7.079E+12 4.890E+00 2.954E+04 6.307E+05 6.122E+06 6.782E+06 6.782E+06 4.015E+07 41.1255 1.00000
  7.943E+12 7.943E+12 4.913E+00 3.315E+04 7.077E+05 7.029E+06 7.770E+06 7.770E+06 4.027E+07 41.3558 1.00000
  8.913E+12 8.913E+12 4.937E+00 3.719E+04 7.940E+05 8.072E+06 8.903E+06 8.903E+06 4.039E+07 41.5860 1.00000
  1.000E+13 1.000E+13 4.960E+00 4.173E+04 8.909E+05 9.269E+06 1.020E+07 1.020E+07 4.050E+07 41.8163 1.00000
  1.122E+13 1.122E+13 4.984E+00 4.682E+04 9.996E+05 1.065E+07 1.169E+07 1.169E+07 4.061E+07 42.0466 1.00000
  1.259E+13 1.259E+13 5.008E+00 5.254E+04 1.122E+06 1.223E+07 1.340E+07 1.340E+07 4.072E+07 42.2768 1.00000
  1.413E+13 1.413E+13 5.032E+00 5.895E+04 1.258E+06 1.404E+07 1.536E+07 1.536E+07 4.083E+07 42.5071 1.00000
  1.585E+13 1.585E+13 5.056E+00 6.614E+04 1.412E+06 1.613E+07 1.761E+07 1.761E+07 4.093E+07 42.7373 1.00000
  1.778E+13 1.778E+13 5.080E+00 7.421E+04 1.584E+06 1.853E+07 2.018E+07 2.018E+07 4.104E+07 42.9676 1.00000
  1.995E+13 1.995E+13 5.105E+00 8.327E+04 1.778E+06 2.128E+07 2.314E+07 2.314E+07 4.114E+07 43.1979 1.00000
  2.239E+13 2.239E+13 5.129E+00 9.343E+04 1.994E+06 2.445E+07 2.654E+07 2.654E+07 4.124E+07 43.4281 1.00000
  2.512E+13 2.512E+13 5.154E+00 1.048E+05 2.238E+06 2.809E+07 3.043E+07 3.043E+07 4.133E+07 43.6584 1.00000
  2.818E+13 2.818E+13 5.179E+00 1.176E+05 2.511E+06 3.227E+07 3.490E+07 3.490E+07 4.143E+07 43.8886 1.00000
  3.162E+13 3.162E+13 5.204E+00 1.320E+05 2.817E+06 3.707E+07 4.002E+07 4.002E+07 4.152E+07 44.1189 1.00000
  3.548E+13 3.548E+13 5.229E+00 1.481E+05 3.161E+06 4.260E+07 4.590E+07 4.590E+07 4.161E+07 44.3491 1.00000
  3.981E+13 3.981E+13 5.254E+00 1.661E+05 3.547E+06 4.894E+07 5.266E+07 5.266E+07 4.170E+07 44.5794 1.00000
  4.467E+13 4.467E+13 5.279E+00 1.864E+05 3.979E+06 5.624E+07 6.041E+07 6.041E+07 4.178E+07 44.8097 1.00000
  5.012E+13 5.012E+13 5.305E+00 2.092E+05 4.465E+06 6.463E+07 6.930E+07 6.930E+07 4.187E+07 45.0399 1.00000
  5.623E+13 5.623E+13 5.330E+00 2.347E+05 5.010E+06 7.427E+07 7.952E+07 7.952E+07 4.195E+07 45.2702 1.00000
  6.310E+13 6.310E+13 5.356E+00 2.633E+05 5.621E+06 8.536E+07 9.124E+07 9.124E+07 4.203E+07 45.5004 1.00000
  7.079E+13 7.079E+13 5.382E+00 2.955E+05 6.307E+06 9.810E+07 1.047E+08 1.047E+08 4.211E+07 45.7307 1.00000
  7.943E+13 7.943E+13 5.408E+00 3.315E+05 7.076E+06 1.128E+08 1.202E+08 1.202E+08 4.218E+07 45.9610 1.00000
  8.913E+13 8.913E+13 5.434E+00 3.720E+05 7.940E+06 1.296E+08 1.379E+08 1.379E+08 4.226E+07 46.1912 1.00000
  1.000E+14 1.000E+14 5.460E+00 4.173E+05 8.909E+06 1.490E+08 1.583E+08 1.583E+08 4.233E+07 46.4215 1.00000
  1.122E+14 1.122E+14 5.487E+00 4.683E+05 9.995E+06 1.712E+08 1.817E+08 1.817E+08 4.241E+07 46.6517 1.00000
  1.259E+14 1.259E+14 5.513E+00 5.254E+05 1.122E+07 1.969E+08 2.086E+08 2.086E+08 4.248E+07 46.8820 1.00000
  1.413E+14 1.413E+14 5.540E+00 5.895E+05 1.258E+07 2.263E+08 2.395E+08 2.395E+08 4.254E+07 47.1122 1.00000
  1.585E+14 1.585E+14 5.567E+00 6.614E+05 1.412E+07 2.602E+08 2.750E+08 2.750E+08 4.261E+07 47.3425 1.00000
  1.778E+14 1.778E+14 5.594E+00 7.422E+05 1.584E+07 2.991E+08 3.157E+08 3.157E+08 4.268E+07 47.5728 1.00000
  1.995E+14 1.995E+14 5.621E+00 8.327E+05 1.777E+07 3.440E+08 3.626E+08 3.626E+08 4.274E+07 47.8030 1.00000
  2.239E+14 2.239E+14 5.648E+00 9.343E+05 1.994E+07 3.955E+08 4.164E+08 4.164E+08 4.280E+07 48.0333 1.00000
  2.512E+14 2.512E+14 5.676E+00 1.048E+06 2.238E+07 4.548E+08 4.782E+08 4.782E+08 4.286E+07 48.2635 1.00000
  2.818E+14 2.818E+14 5.703E+00 1.176E+06 2.511E+07 5.229E+08 5.492E+08 5.492E+08 4.292E+07 48.4938 1.00000
  3.162E+14 3.162E+14 5.731E+00 1.320E+06 2.817E+07 6.014E+08 6.309E+08 6.309E+08 4.298E+07 48.7241 1.00000
  3.548E+14 3.548E+14 5.759E+00 1.481E+06 3.161E+07 6.916E+08 7.247E+08 7.247E+08 4.304E+07 48.9543 1.00000
  3.981E+14 3.981E+14 5.787E+00 1.661E+06 3.546E+07 7.954E+08 8.325E+08 8.325E+08 4.310E+07 49.1846 1.00000
  4.467E+14 4.467E+14 5.815E+00 1.864E+06 3.979E+07 9.148E+08 9.564E+08 9.564E+08 4.315E+07 49.4148 1.00000
  5.012E+14 5.012E+14 5.844E+00 2.092E+06 4.465E+07 1.052E+09 1.099E+09 1.099E+09 4.320E+07 49.6451 1.00000
  5.623E+14 5.623E+14 5.872E+00 2.347E+06 5.009E+07 1.210E+09 1.263E+09 1.263E+09 4.326E+07 49.8753 1.00000
  6.310E+14 6.310E+14 5.901E+00 2.633E+06 5.620E+07 1.392E+09 1.451E+09 1.451E+09 4.331E+07 50.1056 1.00000
  7.079E+14 7.079E+14 5.929E+00 2.955E+06 6.306E+07 1.601E+09 1.667E+09 1.667E+09 4.336E+07 50.3359 1.00000
  7.943E+14 7.943E+14 5.958E+00 3.315E+06 7.076E+07 1.842E+09 1.916E+09 1.916E+09 4.340E+07 50.5661 1.00000
  8.913E+14 8.913E+14 5.987E+00 3.720E+06 7.939E+07 2.119E+09 2.202E+09 2.202E+09 4.345E+07 50.7964 1.00000
  1.000E+15 1.000E+15 6.016E+00 4.173E+06 8.908E+07 2.438E+09 2.531E+09 2.531E+09 4.350E+07 51.0266 1.00000
