 Incident particle is a Tau with M = 1776.82000 MeV
 Index = 0: Cerium
      Absorber with <Z/A> = 0.41394
 Density effect computed following Fano (1963)
 Models for Radloss: brems =  SSR, pair =  SSR, photonuc = DRSS

 *** Table generated with PUMAS v1.1 ***

      T         p     Ionization  brems     pair     photonuc  Radloss    dE/dx   CSDA Range  delta   beta
    [MeV]    [MeV/c]  -----------------------[MeV cm^2/g]------------------------  [g/cm^2]
  1.000E+05 1.018E+05 1.683E+00 1.759E-04 1.380E-02 6.195E-03 2.017E-02 1.703E+00 2.936E+04  3.0062 0.99985
  1.122E+05 1.140E+05 1.702E+00 2.140E-04 1.653E-02 6.986E-03 2.373E-02 1.725E+00 3.647E+04  3.1755 0.99988
  1.259E+05 1.277E+05 1.720E+00 2.599E-04 1.974E-02 7.861E-03 2.786E-02 1.748E+00 4.436E+04  3.3491 0.99990
  1.413E+05 1.430E+05 1.738E+00 3.151E-04 2.351E-02 8.821E-03 3.265E-02 1.771E+00 5.309E+04  3.5267 0.99992
  1.585E+05 1.603E+05 1.756E+00 3.813E-04 2.793E-02 9.906E-03 3.822E-02 1.794E+00 6.276E+04  3.7080 0.99994
  1.778E+05 1.796E+05 1.774E+00 4.606E-04 3.310E-02 1.110E-02 4.466E-02 1.818E+00 7.346E+04  3.8927 0.99995
  1.995E+05 2.013E+05 1.791E+00 5.553E-04 3.913E-02 1.245E-02 5.213E-02 1.843E+00 8.532E+04  4.0807 0.99996
  2.239E+05 2.256E+05 1.809E+00 6.684E-04 4.615E-02 1.393E-02 6.075E-02 1.869E+00 9.843E+04  4.2717 0.99997
  2.512E+05 2.530E+05 1.826E+00 8.028E-04 5.432E-02 1.558E-02 7.071E-02 1.896E+00 1.129E+05  4.4657 0.99998
  2.818E+05 2.836E+05 1.843E+00 9.624E-04 6.381E-02 1.744E-02 8.220E-02 1.925E+00 1.290E+05  4.6626 0.99998
  3.162E+05 3.180E+05 1.860E+00 1.151E-03 7.480E-02 1.952E-02 9.546E-02 1.955E+00 1.467E+05  4.8622 0.99998
  3.548E+05 3.566E+05 1.877E+00 1.375E-03 8.751E-02 2.183E-02 1.107E-01 1.987E+00 1.663E+05  5.0645 0.99999
  3.981E+05 3.999E+05 1.893E+00 1.639E-03 1.022E-01 2.441E-02 1.283E-01 2.021E+00 1.879E+05  5.2694 0.99999
  4.467E+05 4.485E+05 1.910E+00 1.950E-03 1.192E-01 2.731E-02 1.484E-01 2.058E+00 2.117E+05  5.4767 0.99999
  5.012E+05 5.030E+05 1.926E+00 2.316E-03 1.387E-01 3.054E-02 1.716E-01 2.097E+00 2.379E+05  5.6863 0.99999
  5.623E+05 5.641E+05 1.942E+00 2.745E-03 1.612E-01 3.417E-02 1.981E-01 2.140E+00 2.668E+05  5.8979 1.00000
  6.310E+05 6.327E+05 1.958E+00 3.248E-03 1.870E-01 3.827E-02 2.285E-01 2.186E+00 2.985E+05  6.1114 1.00000
  7.079E+05 7.097E+05 1.974E+00 3.837E-03 2.166E-01 4.287E-02 2.633E-01 2.237E+00 3.333E+05  6.3266 1.00000
  7.943E+05 7.961E+05 1.989E+00 4.525E-03 2.506E-01 4.803E-02 3.032E-01 2.292E+00 3.715E+05  6.5433 1.00000
  8.913E+05 8.930E+05 2.005E+00 5.328E-03 2.895E-01 5.383E-02 3.487E-01 2.353E+00 4.132E+05  6.7612 1.00000
  1.000E+06 1.002E+06 2.020E+00 6.263E-03 3.340E-01 6.040E-02 4.006E-01 2.421E+00 4.587E+05  6.9804 1.00000
  1.122E+06 1.124E+06 2.035E+00 7.350E-03 3.848E-01 6.777E-02 4.599E-01 2.495E+00 5.084E+05  7.2005 1.00000
  1.259E+06 1.261E+06 2.050E+00 8.616E-03 4.427E-01 7.614E-02 5.275E-01 2.578E+00 5.624E+05  7.4217 1.00000
  1.413E+06 1.414E+06 2.065E+00 1.008E-02 5.088E-01 8.556E-02 6.044E-01 2.670E+00 6.209E+05  7.6437 1.00000
  1.585E+06 1.587E+06 2.080E+00 1.178E-02 5.840E-01 9.623E-02 6.920E-01 2.772E+00 6.843E+05  7.8665 1.00000
  1.778E+06 1.780E+06 2.095E+00 1.376E-02 6.696E-01 1.083E-01 7.916E-01 2.886E+00 7.526E+05  8.0901 1.00000
  1.995E+06 1.997E+06 2.109E+00 1.604E-02 7.669E-01 1.219E-01 9.049E-01 3.014E+00 8.262E+05  8.3144 1.00000
  2.239E+06 2.240E+06 2.124E+00 1.867E-02 8.774E-01 1.374E-01 1.034E+00 3.157E+00 9.051E+05  8.5395 1.00000
  2.512E+06 2.514E+06 2.138E+00 2.170E-02 1.003E+00 1.550E-01 1.179E+00 3.317E+00 9.895E+05  8.7651 1.00000
  2.818E+06 2.820E+06 2.152E+00 2.521E-02 1.145E+00 1.749E-01 1.345E+00 3.497E+00 1.079E+06  8.9914 1.00000
  3.162E+06 3.164E+06 2.166E+00 2.926E-02 1.306E+00 1.975E-01 1.533E+00 3.699E+00 1.175E+06  9.2183 1.00000
  3.548E+06 3.550E+06 2.180E+00 3.392E-02 1.488E+00 2.232E-01 1.746E+00 3.925E+00 1.276E+06  9.4456 1.00000
  3.981E+06 3.983E+06 2.193E+00 3.927E-02 1.695E+00 2.524E-01 1.987E+00 4.180E+00 1.383E+06  9.6734 1.00000
  4.467E+06 4.469E+06 2.207E+00 4.542E-02 1.928E+00 2.855E-01 2.259E+00 4.466E+00 1.496E+06  9.9016 1.00000
  5.012E+06 5.014E+06 2.220E+00 5.247E-02 2.192E+00 3.232E-01 2.568E+00 4.788E+00 1.613E+06 10.1302 1.00000
  5.623E+06 5.625E+06 2.233E+00 6.057E-02 2.490E+00 3.661E-01 2.917E+00 5.150E+00 1.737E+06 10.3591 1.00000
  6.310E+06 6.311E+06 2.246E+00 6.987E-02 2.827E+00 4.149E-01 3.311E+00 5.557E+00 1.865E+06 10.5882 1.00000
  7.079E+06 7.081E+06 2.259E+00 8.055E-02 3.206E+00 4.705E-01 3.757E+00 6.016E+00 1.998E+06 10.8175 1.00000
  7.943E+06 7.945E+06 2.271E+00 9.278E-02 3.635E+00 5.338E-01 4.261E+00 6.532E+00 2.136E+06 11.0470 1.00000
  8.913E+06 8.914E+06 2.284E+00 1.068E-01 4.118E+00 6.058E-01 4.830E+00 7.114E+00 2.278E+06 11.2766 1.00000
  1.000E+07 1.000E+07 2.296E+00 1.228E-01 4.662E+00 6.879E-01 5.473E+00 7.769E+00 2.424E+06 11.5064 1.00000
  1.122E+07 1.122E+07 2.309E+00 1.411E-01 5.275E+00 7.814E-01 6.198E+00 8.506E+00 2.574E+06 11.7362 1.00000
  1.259E+07 1.259E+07 2.321E+00 1.619E-01 5.966E+00 8.880E-01 7.016E+00 9.337E+00 2.728E+06 11.9662 1.00000
  1.413E+07 1.413E+07 2.333E+00 1.858E-01 6.744E+00 1.010E+00 7.939E+00 1.027E+01 2.885E+06 12.1962 1.00000
  1.585E+07 1.585E+07 2.345E+00 2.130E-01 7.620E+00 1.148E+00 8.981E+00 1.133E+01 3.044E+06 12.4262 1.00000
  1.778E+07 1.778E+07 2.357E+00 2.440E-01 8.605E+00 1.306E+00 1.016E+01 1.251E+01 3.207E+06 12.6563 1.00000
  1.995E+07 1.995E+07 2.368E+00 2.794E-01 9.714E+00 1.486E+00 1.148E+01 1.385E+01 3.371E+06 12.8864 1.00000
  2.239E+07 2.239E+07 2.380E+00 3.196E-01 1.096E+01 1.692E+00 1.297E+01 1.535E+01 3.538E+06 13.1165 1.00000
  2.512E+07 2.512E+07 2.392E+00 3.654E-01 1.236E+01 1.927E+00 1.466E+01 1.705E+01 3.707E+06 13.3467 1.00000
  2.818E+07 2.819E+07 2.404E+00 4.176E-01 1.394E+01 2.194E+00 1.655E+01 1.896E+01 3.878E+06 13.5769 1.00000
  3.162E+07 3.162E+07 2.415E+00 4.769E-01 1.571E+01 2.500E+00 1.869E+01 2.111E+01 4.049E+06 13.8071 1.00000
  3.548E+07 3.548E+07 2.427E+00 5.444E-01 1.771E+01 2.849E+00 2.110E+01 2.353E+01 4.222E+06 14.0373 1.00000
  3.981E+07 3.981E+07 2.438E+00 6.211E-01 1.995E+01 3.247E+00 2.381E+01 2.625E+01 4.397E+06 14.2675 1.00000
  4.467E+07 4.467E+07 2.450E+00 7.082E-01 2.246E+01 3.701E+00 2.687E+01 2.932E+01 4.572E+06 14.4977 1.00000
  5.012E+07 5.012E+07 2.461E+00 8.070E-01 2.529E+01 4.220E+00 3.032E+01 3.278E+01 4.747E+06 14.7280 1.00000
  5.623E+07 5.624E+07 2.473E+00 9.192E-01 2.847E+01 4.813E+00 3.420E+01 3.667E+01 4.924E+06 14.9582 1.00000
  6.310E+07 6.310E+07 2.484E+00 1.046E+00 3.203E+01 5.490E+00 3.857E+01 4.105E+01 5.100E+06 15.1884 1.00000
  7.079E+07 7.080E+07 2.496E+00 1.190E+00 3.604E+01 6.263E+00 4.350E+01 4.599E+01 5.277E+06 15.4187 1.00000
  7.943E+07 7.943E+07 2.507E+00 1.354E+00 4.054E+01 7.146E+00 4.904E+01 5.155E+01 5.455E+06 15.6489 1.00000
  8.913E+07 8.913E+07 2.519E+00 1.539E+00 4.560E+01 8.155E+00 5.529E+01 5.781E+01 5.632E+06 15.8792 1.00000
  1.000E+08 1.000E+08 2.530E+00 1.748E+00 5.127E+01 9.307E+00 6.233E+01 6.486E+01 5.810E+06 16.1094 1.00000
  1.122E+08 1.122E+08 2.542E+00 1.985E+00 5.764E+01 1.062E+01 7.025E+01 7.279E+01 5.987E+06 16.3397 1.00000
  1.259E+08 1.259E+08 2.554E+00 2.252E+00 6.480E+01 1.213E+01 7.918E+01 8.173E+01 6.165E+06 16.5699 1.00000
  1.413E+08 1.413E+08 2.565E+00 2.555E+00 7.283E+01 1.385E+01 8.923E+01 9.179E+01 6.342E+06 16.8002 1.00000
  1.585E+08 1.585E+08 2.577E+00 2.897E+00 8.184E+01 1.581E+01 1.006E+02 1.031E+02 6.519E+06 17.0304 1.00000
  1.778E+08 1.778E+08 2.589E+00 3.284E+00 9.196E+01 1.806E+01 1.133E+02 1.159E+02 6.696E+06 17.2607 1.00000
  1.995E+08 1.995E+08 2.600E+00 3.720E+00 1.033E+02 2.062E+01 1.277E+02 1.303E+02 6.872E+06 17.4909 1.00000
  2.239E+08 2.239E+08 2.612E+00 4.212E+00 1.161E+02 2.355E+01 1.438E+02 1.465E+02 7.048E+06 17.7212 1.00000
  2.512E+08 2.512E+08 2.624E+00 4.768E+00 1.304E+02 2.691E+01 1.621E+02 1.647E+02 7.224E+06 17.9515 1.00000
  2.818E+08 2.818E+08 2.636E+00 5.395E+00 1.464E+02 3.074E+01 1.826E+02 1.852E+02 7.400E+06 18.1817 1.00000
  3.162E+08 3.162E+08 2.648E+00 6.102E+00 1.645E+02 3.512E+01 2.057E+02 2.083E+02 7.575E+06 18.4120 1.00000
  3.548E+08 3.548E+08 2.660E+00 6.899E+00 1.847E+02 4.013E+01 2.317E+02 2.344E+02 7.749E+06 18.6422 1.00000
  3.981E+08 3.981E+08 2.672E+00 7.797E+00 2.074E+02 4.585E+01 2.611E+02 2.637E+02 7.923E+06 18.8725 1.00000
  4.467E+08 4.467E+08 2.684E+00 8.808E+00 2.329E+02 5.240E+01 2.941E+02 2.968E+02 8.097E+06 19.1027 1.00000
  5.012E+08 5.012E+08 2.696E+00 9.948E+00 2.615E+02 5.989E+01 3.313E+02 3.340E+02 8.270E+06 19.3330 1.00000
  5.623E+08 5.623E+08 2.708E+00 1.123E+01 2.936E+02 6.845E+01 3.733E+02 3.760E+02 8.442E+06 19.5633 1.00000
  6.310E+08 6.310E+08 2.721E+00 1.268E+01 3.296E+02 7.824E+01 4.205E+02 4.232E+02 8.614E+06 19.7935 1.00000
  7.079E+08 7.079E+08 2.733E+00 1.430E+01 3.700E+02 8.944E+01 4.737E+02 4.765E+02 8.785E+06 20.0238 1.00000
  7.943E+08 7.943E+08 2.745E+00 1.613E+01 4.154E+02 1.022E+02 5.337E+02 5.365E+02 8.956E+06 20.2540 1.00000
  8.913E+08 8.913E+08 2.758E+00 1.819E+01 4.662E+02 1.169E+02 6.013E+02 6.041E+02 9.126E+06 20.4843 1.00000
  1.000E+09 1.000E+09 2.771E+00 2.050E+01 5.233E+02 1.337E+02 6.775E+02 6.803E+02 9.296E+06 20.7145 1.00000
  1.122E+09 1.122E+09 2.783E+00 2.311E+01 5.874E+02 1.528E+02 7.634E+02 7.661E+02 9.465E+06 20.9448 1.00000
  1.259E+09 1.259E+09 2.796E+00 2.603E+01 6.593E+02 1.748E+02 8.601E+02 8.629E+02 9.633E+06 21.1751 1.00000
  1.413E+09 1.413E+09 2.809E+00 2.932E+01 7.400E+02 1.999E+02 9.692E+02 9.720E+02 9.801E+06 21.4053 1.00000
  1.585E+09 1.585E+09 2.821E+00 3.302E+01 8.305E+02 2.286E+02 1.092E+03 1.095E+03 9.968E+06 21.6356 1.00000
  1.778E+09 1.778E+09 2.834E+00 3.718E+01 9.321E+02 2.614E+02 1.231E+03 1.234E+03 1.013E+07 21.8658 1.00000
  1.995E+09 1.995E+09 2.847E+00 4.185E+01 1.046E+03 2.990E+02 1.387E+03 1.390E+03 1.030E+07 22.0961 1.00000
  2.239E+09 2.239E+09 2.860E+00 4.710E+01 1.174E+03 3.420E+02 1.563E+03 1.566E+03 1.046E+07 22.3264 1.00000
  2.512E+09 2.512E+09 2.873E+00 5.300E+01 1.317E+03 3.913E+02 1.762E+03 1.765E+03 1.063E+07 22.5566 1.00000
  2.818E+09 2.818E+09 2.887E+00 5.962E+01 1.479E+03 4.476E+02 1.986E+03 1.989E+03 1.079E+07 22.7869 1.00000
  3.162E+09 3.162E+09 2.900E+00 6.706E+01 1.659E+03 5.121E+02 2.238E+03 2.241E+03 1.096E+07 23.0171 1.00000
  3.548E+09 3.548E+09 2.913E+00 7.542E+01 1.862E+03 5.859E+02 2.523E+03 2.526E+03 1.112E+07 23.2474 1.00000
  3.981E+09 3.981E+09 2.927E+00 8.480E+01 2.089E+03 6.704E+02 2.845E+03 2.847E+03 1.128E+07 23.4776 1.00000
  4.467E+09 4.467E+09 2.940E+00 9.534E+01 2.345E+03 7.671E+02 3.207E+03 3.210E+03 1.144E+07 23.7079 1.00000
  5.012E+09 5.012E+09 2.954E+00 1.072E+02 2.631E+03 8.778E+02 3.616E+03 3.619E+03 1.160E+07 23.9382 1.00000
  5.623E+09 5.623E+09 2.967E+00 1.205E+02 2.952E+03 1.005E+03 4.077E+03 4.080E+03 1.176E+07 24.1684 1.00000
  6.310E+09 6.310E+09 2.981E+00 1.354E+02 3.313E+03 1.150E+03 4.598E+03 4.601E+03 1.192E+07 24.3987 1.00000
  7.079E+09 7.079E+09 2.995E+00 1.521E+02 3.717E+03 1.316E+03 5.185E+03 5.188E+03 1.207E+07 24.6289 1.00000
  7.943E+09 7.943E+09 3.009E+00 1.709E+02 4.171E+03 1.506E+03 5.848E+03 5.851E+03 1.223E+07 24.8592 1.00000
  8.913E+09 8.913E+09 3.022E+00 1.920E+02 4.681E+03 1.724E+03 6.597E+03 6.600E+03 1.239E+07 25.0894 1.00000
  1.000E+10 1.000E+10 3.036E+00 2.157E+02 5.252E+03 1.974E+03 7.441E+03 7.444E+03 1.254E+07 25.3197 1.00000
  1.122E+10 1.122E+10 3.051E+00 2.423E+02 5.893E+03 2.259E+03 8.395E+03 8.398E+03 1.270E+07 25.5499 1.00000
  1.259E+10 1.259E+10 3.065E+00 2.721E+02 6.613E+03 2.587E+03 9.471E+03 9.474E+03 1.285E+07 25.7802 1.00000
  1.413E+10 1.413E+10 3.079E+00 3.056E+02 7.420E+03 2.961E+03 1.069E+04 1.069E+04 1.300E+07 26.0105 1.00000
  1.585E+10 1.585E+10 3.093E+00 3.432E+02 8.326E+03 3.391E+03 1.206E+04 1.206E+04 1.315E+07 26.2406 1.00000
  1.778E+10 1.778E+10 3.108E+00 3.854E+02 9.342E+03 3.883E+03 1.361E+04 1.361E+04 1.330E+07 26.4709 1.00000
  1.995E+10 1.995E+10 3.122E+00 4.327E+02 1.048E+04 4.446E+03 1.536E+04 1.536E+04 1.345E+07 26.7011 1.00000
  2.239E+10 2.239E+10 3.137E+00 4.859E+02 1.176E+04 5.092E+03 1.734E+04 1.734E+04 1.360E+07 26.9310 1.00000
  2.512E+10 2.512E+10 3.151E+00 5.455E+02 1.320E+04 5.831E+03 1.957E+04 1.958E+04 1.375E+07 27.1613 1.00000
  2.818E+10 2.818E+10 3.166E+00 6.124E+02 1.481E+04 6.678E+03 2.210E+04 2.210E+04 1.390E+07 27.3915 1.00000
  3.162E+10 3.162E+10 3.181E+00 6.875E+02 1.661E+04 7.649E+03 2.495E+04 2.495E+04 1.405E+07 27.6203 1.00000
  3.548E+10 3.548E+10 3.196E+00 7.718E+02 1.864E+04 8.761E+03 2.818E+04 2.818E+04 1.419E+07 27.8505 1.00000
  3.981E+10 3.981E+10 3.211E+00 8.663E+02 2.092E+04 1.004E+04 3.182E+04 3.182E+04 1.433E+07 28.0808 1.00000
  4.467E+10 4.467E+10 3.226E+00 9.724E+02 2.347E+04 1.150E+04 3.594E+04 3.594E+04 1.448E+07 28.3110 1.00000
  5.012E+10 5.012E+10 3.242E+00 1.092E+03 2.633E+04 1.317E+04 4.060E+04 4.060E+04 1.462E+07 28.5348 1.00000
  5.623E+10 5.623E+10 3.257E+00 1.225E+03 2.955E+04 1.509E+04 4.586E+04 4.587E+04 1.476E+07 28.7651 1.00000
  6.310E+10 6.310E+10 3.272E+00 1.375E+03 3.315E+04 1.729E+04 5.182E+04 5.182E+04 1.490E+07 28.9953 1.00000
  7.079E+10 7.079E+10 3.290E+00 1.543E+03 3.720E+04 1.981E+04 5.855E+04 5.856E+04 1.504E+07 29.1964 1.00000
  7.943E+10 7.943E+10 3.305E+00 1.732E+03 4.174E+04 2.270E+04 6.617E+04 6.617E+04 1.518E+07 29.4267 1.00000
  8.913E+10 8.913E+10 3.321E+00 1.944E+03 4.683E+04 2.601E+04 7.479E+04 7.479E+04 1.532E+07 29.6569 1.00000
  1.000E+11 1.000E+11 3.336E+00 2.181E+03 5.255E+04 2.981E+04 8.454E+04 8.454E+04 1.546E+07 29.8872 1.00000
  1.122E+11 1.122E+11 3.352E+00 2.448E+03 5.896E+04 3.416E+04 9.557E+04 9.557E+04 1.559E+07 30.1175 1.00000
  1.259E+11 1.259E+11 3.378E+00 2.747E+03 6.615E+04 3.915E+04 1.081E+05 1.081E+05 1.573E+07 30.1923 1.00000
  1.413E+11 1.413E+11 3.394E+00 3.083E+03 7.423E+04 4.488E+04 1.222E+05 1.222E+05 1.586E+07 30.4225 1.00000
  1.585E+11 1.585E+11 3.410E+00 3.460E+03 8.328E+04 5.144E+04 1.382E+05 1.382E+05 1.599E+07 30.6528 1.00000
  1.778E+11 1.778E+11 3.426E+00 3.883E+03 9.345E+04 5.897E+04 1.563E+05 1.563E+05 1.612E+07 30.8830 1.00000
  1.995E+11 1.995E+11 3.442E+00 4.357E+03 1.048E+05 6.760E+04 1.768E+05 1.768E+05 1.625E+07 31.1133 1.00000
  2.239E+11 2.239E+11 3.459E+00 4.889E+03 1.176E+05 7.749E+04 2.000E+05 2.000E+05 1.638E+07 31.3435 1.00000
  2.512E+11 2.512E+11 3.475E+00 5.486E+03 1.320E+05 8.884E+04 2.263E+05 2.263E+05 1.651E+07 31.5738 1.00000
  2.818E+11 2.818E+11 3.491E+00 6.156E+03 1.481E+05 1.019E+05 2.561E+05 2.561E+05 1.664E+07 31.8041 1.00000
  3.162E+11 3.162E+11 3.508E+00 6.908E+03 1.662E+05 1.168E+05 2.899E+05 2.899E+05 1.677E+07 32.0343 1.00000
  3.548E+11 3.548E+11 3.525E+00 7.751E+03 1.865E+05 1.339E+05 3.281E+05 3.281E+05 1.689E+07 32.2646 1.00000
  3.981E+11 3.981E+11 3.541E+00 8.697E+03 2.092E+05 1.536E+05 3.715E+05 3.715E+05 1.701E+07 32.4948 1.00000
  4.467E+11 4.467E+11 3.558E+00 9.759E+03 2.347E+05 1.761E+05 4.206E+05 4.206E+05 1.714E+07 32.7251 1.00000
  5.012E+11 5.012E+11 3.575E+00 1.095E+04 2.634E+05 2.020E+05 4.763E+05 4.763E+05 1.726E+07 32.9554 1.00000
  5.623E+11 5.623E+11 3.592E+00 1.229E+04 2.955E+05 2.317E+05 5.395E+05 5.395E+05 1.738E+07 33.1856 1.00000
  6.310E+11 6.310E+11 3.610E+00 1.379E+04 3.316E+05 2.657E+05 6.111E+05 6.111E+05 1.750E+07 33.4159 1.00000
  7.079E+11 7.079E+11 3.627E+00 1.547E+04 3.720E+05 3.048E+05 6.923E+05 6.923E+05 1.762E+07 33.6461 1.00000
  7.943E+11 7.943E+11 3.644E+00 1.736E+04 4.174E+05 3.496E+05 7.844E+05 7.844E+05 1.773E+07 33.8764 1.00000
  8.913E+11 8.913E+11 3.662E+00 1.948E+04 4.683E+05 4.010E+05 8.889E+05 8.889E+05 1.785E+07 34.1066 1.00000
  1.000E+12 1.000E+12 3.679E+00 2.185E+04 5.255E+05 4.601E+05 1.007E+06 1.007E+06 1.797E+07 34.3369 1.00000
  1.122E+12 1.122E+12 3.697E+00 2.452E+04 5.896E+05 5.278E+05 1.142E+06 1.142E+06 1.808E+07 34.5672 1.00000
  1.259E+12 1.259E+12 3.714E+00 2.751E+04 6.616E+05 6.056E+05 1.295E+06 1.295E+06 1.819E+07 34.7974 1.00000
  1.413E+12 1.413E+12 3.732E+00 3.087E+04 7.423E+05 6.949E+05 1.468E+06 1.468E+06 1.830E+07 35.0277 1.00000
  1.585E+12 1.585E+12 3.750E+00 3.464E+04 8.328E+05 7.973E+05 1.665E+06 1.665E+06 1.841E+07 35.2579 1.00000
  1.778E+12 1.778E+12 3.768E+00 3.887E+04 9.345E+05 9.149E+05 1.888E+06 1.888E+06 1.852E+07 35.4882 1.00000
  1.995E+12 1.995E+12 3.786E+00 4.361E+04 1.048E+06 1.050E+06 2.142E+06 2.142E+06 1.863E+07 35.7185 1.00000
  2.239E+12 2.239E+12 3.805E+00 4.893E+04 1.176E+06 1.205E+06 2.430E+06 2.430E+06 1.874E+07 35.9487 1.00000
  2.512E+12 2.512E+12 3.823E+00 5.490E+04 1.320E+06 1.383E+06 2.758E+06 2.758E+06 1.884E+07 36.1790 1.00000
  2.818E+12 2.818E+12 3.841E+00 6.160E+04 1.481E+06 1.587E+06 3.130E+06 3.130E+06 1.895E+07 36.4092 1.00000
  3.162E+12 3.162E+12 3.860E+00 6.912E+04 1.662E+06 1.822E+06 3.553E+06 3.553E+06 1.905E+07 36.6395 1.00000
  3.548E+12 3.548E+12 3.879E+00 7.756E+04 1.864E+06 2.091E+06 4.033E+06 4.033E+06 1.915E+07 36.8697 1.00000
  3.981E+12 3.981E+12 3.897E+00 8.702E+04 2.092E+06 2.400E+06 4.579E+06 4.579E+06 1.925E+07 37.1000 1.00000
  4.467E+12 4.467E+12 3.916E+00 9.764E+04 2.347E+06 2.756E+06 5.201E+06 5.201E+06 1.935E+07 37.3303 1.00000
  5.012E+12 5.012E+12 3.935E+00 1.096E+05 2.634E+06 3.164E+06 5.907E+06 5.907E+06 1.945E+07 37.5605 1.00000
  5.623E+12 5.623E+12 3.954E+00 1.229E+05 2.955E+06 3.632E+06 6.710E+06 6.710E+06 1.955E+07 37.7908 1.00000
  6.310E+12 6.310E+12 3.973E+00 1.379E+05 3.316E+06 4.170E+06 7.624E+06 7.624E+06 1.964E+07 38.0210 1.00000
  7.079E+12 7.079E+12 3.993E+00 1.548E+05 3.720E+06 4.788E+06 8.663E+06 8.663E+06 1.974E+07 38.2513 1.00000
  7.943E+12 7.943E+12 4.012E+00 1.736E+05 4.174E+06 5.498E+06 9.846E+06 9.846E+06 1.983E+07 38.4816 1.00000
  8.913E+12 8.913E+12 4.031E+00 1.948E+05 4.683E+06 6.314E+06 1.119E+07 1.119E+07 1.992E+07 38.7118 1.00000
  1.000E+13 1.000E+13 4.051E+00 2.186E+05 5.255E+06 7.250E+06 1.272E+07 1.272E+07 2.001E+07 38.9421 1.00000
  1.122E+13 1.122E+13 4.071E+00 2.453E+05 5.896E+06 8.327E+06 1.447E+07 1.447E+07 2.010E+07 39.1723 1.00000
  1.259E+13 1.259E+13 4.090E+00 2.752E+05 6.615E+06 9.563E+06 1.645E+07 1.645E+07 2.019E+07 39.4026 1.00000
  1.413E+13 1.413E+13 4.110E+00 3.088E+05 7.422E+06 1.098E+07 1.871E+07 1.871E+07 2.028E+07 39.6329 1.00000
  1.585E+13 1.585E+13 4.130E+00 3.465E+05 8.328E+06 1.262E+07 2.129E+07 2.129E+07 2.037E+07 39.8631 1.00000
  1.778E+13 1.778E+13 4.150E+00 3.887E+05 9.344E+06 1.449E+07 2.422E+07 2.422E+07 2.045E+07 40.0934 1.00000
  1.995E+13 1.995E+13 4.171E+00 4.362E+05 1.048E+07 1.665E+07 2.757E+07 2.757E+07 2.054E+07 40.3236 1.00000
  2.239E+13 2.239E+13 4.191E+00 4.894E+05 1.176E+07 1.912E+07 3.138E+07 3.138E+07 2.062E+07 40.5539 1.00000
  2.512E+13 2.512E+13 4.211E+00 5.491E+05 1.320E+07 2.197E+07 3.572E+07 3.572E+07 2.070E+07 40.7841 1.00000
  2.818E+13 2.818E+13 4.232E+00 6.161E+05 1.481E+07 2.524E+07 4.066E+07 4.066E+07 2.078E+07 41.0144 1.00000
  3.162E+13 3.162E+13 4.253E+00 6.913E+05 1.662E+07 2.900E+07 4.630E+07 4.630E+07 2.086E+07 41.2447 1.00000
  3.548E+13 3.548E+13 4.273E+00 7.756E+05 1.864E+07 3.332E+07 5.274E+07 5.274E+07 2.094E+07 41.4749 1.00000
  3.981E+13 3.981E+13 4.294E+00 8.703E+05 2.092E+07 3.828E+07 6.007E+07 6.007E+07 2.101E+07 41.7052 1.00000
  4.467E+13 4.467E+13 4.315E+00 9.764E+05 2.347E+07 4.399E+07 6.844E+07 6.844E+07 2.109E+07 41.9354 1.00000
  5.012E+13 5.012E+13 4.336E+00 1.096E+06 2.633E+07 5.055E+07 7.798E+07 7.798E+07 2.117E+07 42.1657 1.00000
  5.623E+13 5.623E+13 4.358E+00 1.229E+06 2.955E+07 5.809E+07 8.887E+07 8.887E+07 2.124E+07 42.3960 1.00000
  6.310E+13 6.310E+13 4.379E+00 1.379E+06 3.315E+07 6.677E+07 1.013E+08 1.013E+08 2.131E+07 42.6262 1.00000
  7.079E+13 7.079E+13 4.400E+00 1.548E+06 3.720E+07 7.673E+07 1.155E+08 1.155E+08 2.138E+07 42.8565 1.00000
  7.943E+13 7.943E+13 4.422E+00 1.736E+06 4.174E+07 8.820E+07 1.317E+08 1.317E+08 2.145E+07 43.0867 1.00000
  8.913E+13 8.913E+13 4.444E+00 1.948E+06 4.683E+07 1.014E+08 1.502E+08 1.502E+08 2.152E+07 43.3170 1.00000
  1.000E+14 1.000E+14 4.465E+00 2.186E+06 5.254E+07 1.165E+08 1.713E+08 1.713E+08 2.159E+07 43.5472 1.00000
  1.122E+14 1.122E+14 4.487E+00 2.453E+06 5.895E+07 1.339E+08 1.954E+08 1.954E+08 2.166E+07 43.7775 1.00000
  1.259E+14 1.259E+14 4.509E+00 2.752E+06 6.615E+07 1.540E+08 2.229E+08 2.229E+08 2.172E+07 44.0078 1.00000
  1.413E+14 1.413E+14 4.532E+00 3.088E+06 7.422E+07 1.770E+08 2.543E+08 2.543E+08 2.179E+07 44.2380 1.00000
  1.585E+14 1.585E+14 4.554E+00 3.465E+06 8.327E+07 2.035E+08 2.903E+08 2.903E+08 2.185E+07 44.4683 1.00000
  1.778E+14 1.778E+14 4.576E+00 3.887E+06 9.343E+07 2.340E+08 3.313E+08 3.313E+08 2.191E+07 44.6985 1.00000
  1.995E+14 1.995E+14 4.599E+00 4.362E+06 1.048E+08 2.690E+08 3.782E+08 3.782E+08 2.197E+07 44.9288 1.00000
  2.239E+14 2.239E+14 4.621E+00 4.894E+06 1.176E+08 3.093E+08 4.319E+08 4.319E+08 2.203E+07 45.1591 1.00000
  2.512E+14 2.512E+14 4.644E+00 5.491E+06 1.320E+08 3.557E+08 4.932E+08 4.932E+08 2.209E+07 45.3893 1.00000
  2.818E+14 2.818E+14 4.667E+00 6.161E+06 1.481E+08 4.090E+08 5.633E+08 5.633E+08 2.215E+07 45.6196 1.00000
  3.162E+14 3.162E+14 4.690E+00 6.913E+06 1.661E+08 4.704E+08 6.434E+08 6.434E+08 2.221E+07 45.8498 1.00000
  3.548E+14 3.548E+14 4.713E+00 7.756E+06 1.864E+08 5.410E+08 7.351E+08 7.351E+08 2.226E+07 46.0801 1.00000
  3.981E+14 3.981E+14 4.736E+00 8.703E+06 2.092E+08 6.221E+08 8.400E+08 8.400E+08 2.232E+07 46.3103 1.00000
  4.467E+14 4.467E+14 4.759E+00 9.764E+06 2.347E+08 7.155E+08 9.600E+08 9.600E+08 2.237E+07 46.5406 1.00000
  5.012E+14 5.012E+14 4.783E+00 1.096E+07 2.633E+08 8.230E+08 1.097E+09 1.097E+09 2.243E+07 46.7709 1.00000
  5.623E+14 5.623E+14 4.806E+00 1.229E+07 2.954E+08 9.466E+08 1.254E+09 1.254E+09 2.248E+07 47.0011 1.00000
  6.310E+14 6.310E+14 4.830E+00 1.379E+07 3.315E+08 1.089E+09 1.434E+09 1.434E+09 2.253E+07 47.2314 1.00000
  7.079E+14 7.079E+14 4.854E+00 1.548E+07 3.719E+08 1.253E+09 1.640E+09 1.640E+09 2.258E+07 47.4616 1.00000
  7.943E+14 7.943E+14 4.878E+00 1.736E+07 4.173E+08 1.441E+09 1.876E+09 1.876E+09 2.263E+07 47.6919 1.00000
  8.913E+14 8.913E+14 4.902E+00 1.948E+07 4.682E+08 1.658E+09 2.145E+09 2.145E+09 2.268E+07 47.9222 1.00000
  1.000E+15 1.000E+15 4.926E+00 2.186E+07 5.254E+08 1.907E+09 2.454E+09 2.454E+09 2.272E+07 48.1524 1.00000
