 Incident particle is a Tau with M = 1776.82000 MeV
 Index = 0: CesiumIodide
      Absorber with <Z/A> = 0.41569
 Sternheimer coef:  a     k=m_s   x_0    x_1    I[eV]   Cbar  delta0
                 0.2538  2.6657  0.0395  3.3353  553.1  6.2807 0.00

 *** Table generated with PUMAS v1.00 ***

      T         p     Ionization  brems     pair     photonuc  Radloss    dE/dx   CSDA Range  delta   beta
    [MeV]    [MeV/c]  -----------------------[MeV cm^2/g]------------------------  [g/cm^2]
  1.000E+05 1.018E+05 1.704E+00 7.500E-04 1.297E-02 7.670E-03 2.139E-02 1.726E+00 2.897E+04  2.6702 0.99985
  1.122E+05 1.140E+05 1.724E+00 8.692E-04 1.553E-02 8.616E-03 2.502E-02 1.749E+00 3.599E+04  2.8275 0.99988
  1.259E+05 1.277E+05 1.743E+00 1.007E-03 1.855E-02 9.629E-03 2.918E-02 1.772E+00 4.377E+04  2.9886 0.99990
  1.413E+05 1.430E+05 1.762E+00 1.165E-03 2.209E-02 1.076E-02 3.402E-02 1.796E+00 5.238E+04  3.1536 0.99992
  1.585E+05 1.603E+05 1.781E+00 1.348E-03 2.624E-02 1.203E-02 3.962E-02 1.820E+00 6.192E+04  3.3223 0.99994
  1.778E+05 1.796E+05 1.799E+00 1.559E-03 3.110E-02 1.343E-02 4.608E-02 1.845E+00 7.247E+04  3.4946 0.99995
  1.995E+05 2.013E+05 1.818E+00 1.801E-03 3.676E-02 1.502E-02 5.358E-02 1.871E+00 8.414E+04  3.6704 0.99996
  2.239E+05 2.256E+05 1.836E+00 2.080E-03 4.336E-02 1.675E-02 6.219E-02 1.898E+00 9.706E+04  3.8497 0.99997
  2.512E+05 2.530E+05 1.854E+00 2.401E-03 5.103E-02 1.868E-02 7.212E-02 1.926E+00 1.113E+05  4.0324 0.99998
  2.818E+05 2.836E+05 1.872E+00 2.770E-03 5.993E-02 2.085E-02 8.355E-02 1.955E+00 1.271E+05  4.2182 0.99998
  3.162E+05 3.180E+05 1.890E+00 3.194E-03 7.024E-02 2.329E-02 9.673E-02 1.986E+00 1.446E+05  4.4073 0.99998
  3.548E+05 3.566E+05 1.907E+00 3.681E-03 8.217E-02 2.601E-02 1.119E-01 2.019E+00 1.639E+05  4.5994 0.99999
  3.981E+05 3.999E+05 1.924E+00 4.240E-03 9.594E-02 2.904E-02 1.292E-01 2.053E+00 1.851E+05  4.7944 0.99999
  4.467E+05 4.485E+05 1.941E+00 4.880E-03 1.118E-01 3.243E-02 1.491E-01 2.090E+00 2.086E+05  4.9924 0.99999
  5.012E+05 5.030E+05 1.958E+00 5.615E-03 1.301E-01 3.622E-02 1.719E-01 2.130E+00 2.344E+05  5.1931 0.99999
  5.623E+05 5.641E+05 1.975E+00 6.458E-03 1.511E-01 4.031E-02 1.979E-01 2.173E+00 2.628E+05  5.3964 1.00000
  6.310E+05 6.327E+05 1.991E+00 7.423E-03 1.752E-01 4.491E-02 2.275E-01 2.219E+00 2.941E+05  5.6023 1.00000
  7.079E+05 7.097E+05 2.008E+00 8.528E-03 2.029E-01 5.008E-02 2.615E-01 2.269E+00 3.284E+05  5.8106 1.00000
  7.943E+05 7.961E+05 2.024E+00 9.793E-03 2.346E-01 5.591E-02 3.003E-01 2.324E+00 3.660E+05  6.0213 1.00000
  8.913E+05 8.930E+05 2.040E+00 1.124E-02 2.708E-01 6.248E-02 3.445E-01 2.384E+00 4.072E+05  6.2342 1.00000
  1.000E+06 1.002E+06 2.055E+00 1.290E-02 3.122E-01 6.990E-02 3.950E-01 2.450E+00 4.522E+05  6.4493 1.00000
  1.122E+06 1.124E+06 2.071E+00 1.479E-02 3.594E-01 7.827E-02 4.525E-01 2.523E+00 5.013E+05  6.6663 1.00000
  1.259E+06 1.261E+06 2.086E+00 1.695E-02 4.133E-01 8.775E-02 5.180E-01 2.604E+00 5.547E+05  6.8852 1.00000
  1.413E+06 1.414E+06 2.101E+00 1.942E-02 4.747E-01 9.846E-02 5.926E-01 2.694E+00 6.127E+05  7.1059 1.00000
  1.585E+06 1.587E+06 2.116E+00 2.225E-02 5.445E-01 1.106E-01 6.773E-01 2.794E+00 6.755E+05  7.3283 1.00000
  1.778E+06 1.780E+06 2.131E+00 2.547E-02 6.239E-01 1.243E-01 7.737E-01 2.905E+00 7.434E+05  7.5521 1.00000
  1.995E+06 1.997E+06 2.145E+00 2.915E-02 7.140E-01 1.399E-01 8.831E-01 3.028E+00 8.166E+05  7.7774 1.00000
  2.239E+06 2.240E+06 2.160E+00 3.334E-02 8.163E-01 1.576E-01 1.007E+00 3.167E+00 8.952E+05  8.0039 1.00000
  2.512E+06 2.514E+06 2.174E+00 3.813E-02 9.323E-01 1.777E-01 1.148E+00 3.322E+00 9.795E+05  8.2315 1.00000
  2.818E+06 2.820E+06 2.188E+00 4.359E-02 1.064E+00 2.005E-01 1.308E+00 3.496E+00 1.069E+06  8.4600 1.00000
  3.162E+06 3.164E+06 2.202E+00 4.980E-02 1.212E+00 2.264E-01 1.489E+00 3.690E+00 1.165E+06  8.6892 1.00000
  3.548E+06 3.550E+06 2.215E+00 5.689E-02 1.381E+00 2.558E-01 1.694E+00 3.909E+00 1.267E+06  8.9190 1.00000
  3.981E+06 3.983E+06 2.229E+00 6.496E-02 1.571E+00 2.893E-01 1.925E+00 4.154E+00 1.374E+06  9.1492 1.00000
  4.467E+06 4.469E+06 2.242E+00 7.414E-02 1.786E+00 3.273E-01 2.188E+00 4.430E+00 1.488E+06  9.3793 1.00000
  5.012E+06 5.014E+06 2.255E+00 8.460E-02 2.029E+00 3.706E-01 2.485E+00 4.740E+00 1.607E+06  9.6095 1.00000
  5.623E+06 5.625E+06 2.268E+00 9.650E-02 2.304E+00 4.199E-01 2.820E+00 5.088E+00 1.731E+06  9.8397 1.00000
  6.310E+06 6.311E+06 2.281E+00 1.100E-01 2.613E+00 4.760E-01 3.199E+00 5.481E+00 1.861E+06 10.0699 1.00000
  7.079E+06 7.081E+06 2.294E+00 1.254E-01 2.962E+00 5.400E-01 3.628E+00 5.922E+00 1.997E+06 10.3001 1.00000
  7.943E+06 7.945E+06 2.307E+00 1.429E-01 3.356E+00 6.128E-01 4.111E+00 6.418E+00 2.137E+06 10.5303 1.00000
  8.913E+06 8.914E+06 2.319E+00 1.628E-01 3.799E+00 6.957E-01 4.658E+00 6.977E+00 2.282E+06 10.7605 1.00000
  1.000E+07 1.000E+07 2.332E+00 1.854E-01 4.299E+00 7.902E-01 5.274E+00 7.606E+00 2.431E+06 10.9907 1.00000
  1.122E+07 1.122E+07 2.344E+00 2.110E-01 4.861E+00 8.979E-01 5.970E+00 8.314E+00 2.585E+06 11.2209 1.00000
  1.259E+07 1.259E+07 2.356E+00 2.401E-01 5.494E+00 1.021E+00 6.755E+00 9.111E+00 2.742E+06 11.4511 1.00000
  1.413E+07 1.413E+07 2.368E+00 2.732E-01 6.207E+00 1.161E+00 7.641E+00 1.001E+01 2.903E+06 11.6814 1.00000
  1.585E+07 1.585E+07 2.380E+00 3.106E-01 7.009E+00 1.320E+00 8.640E+00 1.102E+01 3.068E+06 11.9116 1.00000
  1.778E+07 1.778E+07 2.392E+00 3.531E-01 7.911E+00 1.502E+00 9.766E+00 1.216E+01 3.235E+06 12.1418 1.00000
  1.995E+07 1.995E+07 2.404E+00 4.013E-01 8.925E+00 1.710E+00 1.104E+01 1.344E+01 3.405E+06 12.3721 1.00000
  2.239E+07 2.239E+07 2.416E+00 4.560E-01 1.007E+01 1.947E+00 1.247E+01 1.488E+01 3.577E+06 12.6023 1.00000
  2.512E+07 2.512E+07 2.428E+00 5.179E-01 1.135E+01 2.217E+00 1.408E+01 1.651E+01 3.752E+06 12.8325 1.00000
  2.818E+07 2.819E+07 2.439E+00 5.880E-01 1.279E+01 2.525E+00 1.590E+01 1.834E+01 3.928E+06 13.0628 1.00000
  3.162E+07 3.162E+07 2.451E+00 6.674E-01 1.441E+01 2.877E+00 1.795E+01 2.040E+01 4.106E+06 13.2930 1.00000
  3.548E+07 3.548E+07 2.463E+00 7.572E-01 1.623E+01 3.278E+00 2.026E+01 2.273E+01 4.285E+06 13.5233 1.00000
  3.981E+07 3.981E+07 2.474E+00 8.589E-01 1.827E+01 3.737E+00 2.287E+01 2.534E+01 4.466E+06 13.7535 1.00000
  4.467E+07 4.467E+07 2.486E+00 9.740E-01 2.057E+01 4.259E+00 2.580E+01 2.829E+01 4.648E+06 13.9838 1.00000
  5.012E+07 5.012E+07 2.497E+00 1.104E+00 2.315E+01 4.856E+00 2.911E+01 3.160E+01 4.830E+06 14.2140 1.00000
  5.623E+07 5.624E+07 2.509E+00 1.251E+00 2.604E+01 5.538E+00 3.283E+01 3.534E+01 5.014E+06 14.4443 1.00000
  6.310E+07 6.310E+07 2.520E+00 1.418E+00 2.930E+01 6.315E+00 3.703E+01 3.955E+01 5.197E+06 14.6745 1.00000
  7.079E+07 7.080E+07 2.532E+00 1.605E+00 3.295E+01 7.204E+00 4.176E+01 4.429E+01 5.382E+06 14.9048 1.00000
  7.943E+07 7.943E+07 2.544E+00 1.818E+00 3.705E+01 8.218E+00 4.709E+01 4.963E+01 5.566E+06 15.1350 1.00000
  8.913E+07 8.913E+07 2.555E+00 2.057E+00 4.166E+01 9.375E+00 5.309E+01 5.564E+01 5.751E+06 15.3653 1.00000
  1.000E+08 1.000E+08 2.567E+00 2.328E+00 4.683E+01 1.070E+01 5.985E+01 6.242E+01 5.936E+06 15.5955 1.00000
  1.122E+08 1.122E+08 2.578E+00 2.633E+00 5.263E+01 1.221E+01 6.747E+01 7.005E+01 6.121E+06 15.8258 1.00000
  1.259E+08 1.259E+08 2.590E+00 2.978E+00 5.914E+01 1.393E+01 7.605E+01 7.864E+01 6.305E+06 16.0560 1.00000
  1.413E+08 1.413E+08 2.602E+00 3.366E+00 6.646E+01 1.590E+01 8.573E+01 8.833E+01 6.490E+06 16.2863 1.00000
  1.585E+08 1.585E+08 2.613E+00 3.804E+00 7.467E+01 1.815E+01 9.662E+01 9.924E+01 6.674E+06 16.5166 1.00000
  1.778E+08 1.778E+08 2.625E+00 4.298E+00 8.388E+01 2.072E+01 1.089E+02 1.115E+02 6.859E+06 16.7468 1.00000
  1.995E+08 1.995E+08 2.637E+00 4.855E+00 9.422E+01 2.366E+01 1.227E+02 1.254E+02 7.042E+06 16.9771 1.00000
  2.239E+08 2.239E+08 2.649E+00 5.483E+00 1.058E+02 2.701E+01 1.383E+02 1.410E+02 7.226E+06 17.2073 1.00000
  2.512E+08 2.512E+08 2.661E+00 6.190E+00 1.189E+02 3.084E+01 1.559E+02 1.585E+02 7.409E+06 17.4376 1.00000
  2.818E+08 2.818E+08 2.673E+00 6.986E+00 1.335E+02 3.522E+01 1.757E+02 1.783E+02 7.592E+06 17.6678 1.00000
  3.162E+08 3.162E+08 2.685E+00 7.882E+00 1.499E+02 4.022E+01 1.980E+02 2.007E+02 7.774E+06 17.8981 1.00000
  3.548E+08 3.548E+08 2.697E+00 8.892E+00 1.683E+02 4.594E+01 2.231E+02 2.258E+02 7.955E+06 18.1284 1.00000
  3.981E+08 3.981E+08 2.709E+00 1.003E+01 1.889E+02 5.247E+01 2.514E+02 2.542E+02 8.136E+06 18.3586 1.00000
  4.467E+08 4.467E+08 2.721E+00 1.131E+01 2.121E+02 5.993E+01 2.834E+02 2.861E+02 8.317E+06 18.5889 1.00000
  5.012E+08 5.012E+08 2.733E+00 1.274E+01 2.381E+02 6.846E+01 3.194E+02 3.221E+02 8.497E+06 18.8191 1.00000
  5.623E+08 5.623E+08 2.745E+00 1.436E+01 2.673E+02 7.821E+01 3.599E+02 3.627E+02 8.676E+06 19.0494 1.00000
  6.310E+08 6.310E+08 2.758E+00 1.618E+01 3.001E+02 8.936E+01 4.056E+02 4.084E+02 8.854E+06 19.2796 1.00000
  7.079E+08 7.079E+08 2.770E+00 1.823E+01 3.369E+02 1.021E+02 4.572E+02 4.600E+02 9.032E+06 19.5099 1.00000
  7.943E+08 7.943E+08 2.783E+00 2.053E+01 3.781E+02 1.167E+02 5.153E+02 5.181E+02 9.210E+06 19.7402 1.00000
  8.913E+08 8.913E+08 2.795E+00 2.312E+01 4.244E+02 1.333E+02 5.808E+02 5.836E+02 9.386E+06 19.9704 1.00000
  1.000E+09 1.000E+09 2.808E+00 2.603E+01 4.763E+02 1.523E+02 6.547E+02 6.575E+02 9.562E+06 20.2007 1.00000
  1.122E+09 1.122E+09 2.821E+00 2.929E+01 5.346E+02 1.741E+02 7.380E+02 7.408E+02 9.737E+06 20.4309 1.00000
  1.259E+09 1.259E+09 2.833E+00 3.297E+01 6.000E+02 1.990E+02 8.319E+02 8.347E+02 9.912E+06 20.6612 1.00000
  1.413E+09 1.413E+09 2.846E+00 3.709E+01 6.734E+02 2.274E+02 9.378E+02 9.407E+02 1.009E+07 20.8914 1.00000
  1.585E+09 1.585E+09 2.859E+00 4.173E+01 7.557E+02 2.599E+02 1.057E+03 1.060E+03 1.026E+07 21.1217 1.00000
  1.778E+09 1.778E+09 2.872E+00 4.694E+01 8.481E+02 2.971E+02 1.192E+03 1.195E+03 1.043E+07 21.3520 1.00000
  1.995E+09 1.995E+09 2.885E+00 5.279E+01 9.517E+02 3.396E+02 1.344E+03 1.347E+03 1.060E+07 21.5822 1.00000
  2.239E+09 2.239E+09 2.898E+00 5.936E+01 1.068E+03 3.882E+02 1.516E+03 1.519E+03 1.077E+07 21.8125 1.00000
  2.512E+09 2.512E+09 2.911E+00 6.674E+01 1.199E+03 4.439E+02 1.709E+03 1.712E+03 1.094E+07 22.0427 1.00000
  2.818E+09 2.818E+09 2.924E+00 7.503E+01 1.345E+03 5.075E+02 1.927E+03 1.930E+03 1.111E+07 22.2730 1.00000
  3.162E+09 3.162E+09 2.938E+00 8.434E+01 1.509E+03 5.802E+02 2.174E+03 2.177E+03 1.128E+07 22.5033 1.00000
  3.548E+09 3.548E+09 2.951E+00 9.479E+01 1.694E+03 6.635E+02 2.452E+03 2.455E+03 1.145E+07 22.7335 1.00000
  3.981E+09 3.981E+09 2.965E+00 1.065E+02 1.900E+03 7.587E+02 2.766E+03 2.769E+03 1.161E+07 22.9638 1.00000
  4.467E+09 4.467E+09 2.978E+00 1.197E+02 2.132E+03 8.676E+02 3.120E+03 3.123E+03 1.178E+07 23.1940 1.00000
  5.012E+09 5.012E+09 2.992E+00 1.345E+02 2.393E+03 9.922E+02 3.519E+03 3.522E+03 1.194E+07 23.4243 1.00000
  5.623E+09 5.623E+09 3.005E+00 1.511E+02 2.685E+03 1.135E+03 3.971E+03 3.974E+03 1.211E+07 23.6545 1.00000
  6.310E+09 6.310E+09 3.019E+00 1.697E+02 3.013E+03 1.298E+03 4.480E+03 4.483E+03 1.227E+07 23.8848 1.00000
  7.079E+09 7.079E+09 3.033E+00 1.906E+02 3.380E+03 1.485E+03 5.056E+03 5.059E+03 1.243E+07 24.1151 1.00000
  7.943E+09 7.943E+09 3.047E+00 2.141E+02 3.793E+03 1.698E+03 5.705E+03 5.708E+03 1.259E+07 24.3453 1.00000
  8.913E+09 8.913E+09 3.061E+00 2.405E+02 4.256E+03 1.943E+03 6.439E+03 6.442E+03 1.275E+07 24.5756 1.00000
  1.000E+10 1.000E+10 3.075E+00 2.701E+02 4.776E+03 2.222E+03 7.268E+03 7.271E+03 1.291E+07 24.8058 1.00000
  1.122E+10 1.122E+10 3.089E+00 3.033E+02 5.358E+03 2.542E+03 8.204E+03 8.207E+03 1.307E+07 25.0361 1.00000
  1.259E+10 1.259E+10 3.103E+00 3.405E+02 6.012E+03 2.909E+03 9.262E+03 9.265E+03 1.323E+07 25.2664 1.00000
  1.413E+10 1.413E+10 3.118E+00 3.823E+02 6.746E+03 3.328E+03 1.046E+04 1.046E+04 1.338E+07 25.4966 1.00000
  1.585E+10 1.585E+10 3.132E+00 4.293E+02 7.569E+03 3.808E+03 1.181E+04 1.181E+04 1.354E+07 25.7269 1.00000
  1.778E+10 1.778E+10 3.146E+00 4.819E+02 8.493E+03 4.357E+03 1.333E+04 1.334E+04 1.369E+07 25.9571 1.00000
  1.995E+10 1.995E+10 3.161E+00 5.410E+02 9.529E+03 4.986E+03 1.506E+04 1.506E+04 1.385E+07 26.1874 1.00000
  2.239E+10 2.239E+10 3.176E+00 6.074E+02 1.069E+04 5.707E+03 1.701E+04 1.701E+04 1.400E+07 26.4177 1.00000
  2.512E+10 2.512E+10 3.190E+00 6.818E+02 1.200E+04 6.531E+03 1.921E+04 1.921E+04 1.415E+07 26.6479 1.00000
  2.818E+10 2.818E+10 3.205E+00 7.653E+02 1.346E+04 7.475E+03 2.170E+04 2.170E+04 1.430E+07 26.8782 1.00000
  3.162E+10 3.162E+10 3.220E+00 8.590E+02 1.510E+04 8.556E+03 2.452E+04 2.452E+04 1.445E+07 27.1084 1.00000
  3.548E+10 3.548E+10 3.235E+00 9.642E+02 1.695E+04 9.793E+03 2.770E+04 2.771E+04 1.460E+07 27.3387 1.00000
  3.981E+10 3.981E+10 3.250E+00 1.082E+03 1.901E+04 1.121E+04 3.131E+04 3.131E+04 1.475E+07 27.5689 1.00000
  4.467E+10 4.467E+10 3.265E+00 1.215E+03 2.133E+04 1.283E+04 3.538E+04 3.538E+04 1.489E+07 27.7992 1.00000
  5.012E+10 5.012E+10 3.280E+00 1.363E+03 2.394E+04 1.469E+04 3.999E+04 3.999E+04 1.504E+07 28.0295 1.00000
  5.623E+10 5.623E+10 3.296E+00 1.530E+03 2.686E+04 1.682E+04 4.521E+04 4.521E+04 1.518E+07 28.2597 1.00000
  6.310E+10 6.310E+10 3.311E+00 1.717E+03 3.013E+04 1.926E+04 5.111E+04 5.111E+04 1.532E+07 28.4900 1.00000
  7.079E+10 7.079E+10 3.327E+00 1.927E+03 3.381E+04 2.205E+04 5.779E+04 5.779E+04 1.547E+07 28.7202 1.00000
  7.943E+10 7.943E+10 3.342E+00 2.163E+03 3.793E+04 2.525E+04 6.535E+04 6.535E+04 1.561E+07 28.9505 1.00000
  8.913E+10 8.913E+10 3.358E+00 2.427E+03 4.256E+04 2.891E+04 7.390E+04 7.390E+04 1.575E+07 29.1808 1.00000
  1.000E+11 1.000E+11 3.374E+00 2.723E+03 4.775E+04 3.311E+04 8.359E+04 8.359E+04 1.589E+07 29.4110 1.00000
  1.122E+11 1.122E+11 3.390E+00 3.056E+03 5.358E+04 3.792E+04 9.456E+04 9.456E+04 1.602E+07 29.6413 1.00000
  1.259E+11 1.259E+11 3.405E+00 3.430E+03 6.011E+04 4.343E+04 1.070E+05 1.070E+05 1.616E+07 29.8715 1.00000
  1.413E+11 1.413E+11 3.421E+00 3.849E+03 6.745E+04 4.974E+04 1.210E+05 1.210E+05 1.629E+07 30.1018 1.00000
  1.585E+11 1.585E+11 3.438E+00 4.319E+03 7.568E+04 5.698E+04 1.370E+05 1.370E+05 1.643E+07 30.3320 1.00000
  1.778E+11 1.778E+11 3.454E+00 4.846E+03 8.491E+04 6.527E+04 1.550E+05 1.550E+05 1.656E+07 30.5623 1.00000
  1.995E+11 1.995E+11 3.470E+00 5.438E+03 9.527E+04 7.477E+04 1.755E+05 1.755E+05 1.669E+07 30.7926 1.00000
  2.239E+11 2.239E+11 3.486E+00 6.102E+03 1.069E+05 8.565E+04 1.986E+05 1.986E+05 1.682E+07 31.0228 1.00000
  2.512E+11 2.512E+11 3.503E+00 6.847E+03 1.199E+05 9.813E+04 2.249E+05 2.249E+05 1.695E+07 31.2531 1.00000
  2.818E+11 2.818E+11 3.519E+00 7.683E+03 1.346E+05 1.124E+05 2.547E+05 2.547E+05 1.708E+07 31.4833 1.00000
  3.162E+11 3.162E+11 3.536E+00 8.621E+03 1.510E+05 1.288E+05 2.884E+05 2.884E+05 1.721E+07 31.7136 1.00000
  3.548E+11 3.548E+11 3.553E+00 9.673E+03 1.694E+05 1.476E+05 3.267E+05 3.267E+05 1.733E+07 31.9439 1.00000
  3.981E+11 3.981E+11 3.570E+00 1.085E+04 1.900E+05 1.691E+05 3.700E+05 3.700E+05 1.746E+07 32.1741 1.00000
  4.467E+11 4.467E+11 3.587E+00 1.218E+04 2.132E+05 1.938E+05 4.192E+05 4.192E+05 1.758E+07 32.4044 1.00000
  5.012E+11 5.012E+11 3.604E+00 1.367E+04 2.392E+05 2.221E+05 4.750E+05 4.750E+05 1.771E+07 32.6346 1.00000
  5.623E+11 5.623E+11 3.621E+00 1.533E+04 2.684E+05 2.546E+05 5.383E+05 5.383E+05 1.783E+07 32.8649 1.00000
  6.310E+11 6.310E+11 3.638E+00 1.721E+04 3.012E+05 2.918E+05 6.102E+05 6.102E+05 1.795E+07 33.0951 1.00000
  7.079E+11 7.079E+11 3.655E+00 1.931E+04 3.379E+05 3.344E+05 6.916E+05 6.916E+05 1.807E+07 33.3254 1.00000
  7.943E+11 7.943E+11 3.673E+00 2.166E+04 3.791E+05 3.834E+05 7.841E+05 7.841E+05 1.818E+07 33.5557 1.00000
  8.913E+11 8.913E+11 3.690E+00 2.431E+04 4.254E+05 4.394E+05 8.891E+05 8.891E+05 1.830E+07 33.7859 1.00000
  1.000E+12 1.000E+12 3.708E+00 2.727E+04 4.772E+05 5.038E+05 1.008E+06 1.008E+06 1.841E+07 34.0162 1.00000
  1.122E+12 1.122E+12 3.726E+00 3.060E+04 5.355E+05 5.775E+05 1.144E+06 1.144E+06 1.853E+07 34.2464 1.00000
  1.259E+12 1.259E+12 3.743E+00 3.433E+04 6.008E+05 6.621E+05 1.297E+06 1.297E+06 1.864E+07 34.4767 1.00000
  1.413E+12 1.413E+12 3.761E+00 3.852E+04 6.740E+05 7.592E+05 1.472E+06 1.472E+06 1.875E+07 34.7070 1.00000
  1.585E+12 1.585E+12 3.779E+00 4.323E+04 7.563E+05 8.705E+05 1.670E+06 1.670E+06 1.886E+07 34.9372 1.00000
  1.778E+12 1.778E+12 3.798E+00 4.850E+04 8.485E+05 9.981E+05 1.895E+06 1.895E+06 1.897E+07 35.1675 1.00000
  1.995E+12 1.995E+12 3.816E+00 5.442E+04 9.520E+05 1.145E+06 2.151E+06 2.151E+06 1.908E+07 35.3977 1.00000
  2.239E+12 2.239E+12 3.834E+00 6.106E+04 1.068E+06 1.313E+06 2.442E+06 2.442E+06 1.919E+07 35.6280 1.00000
  2.512E+12 2.512E+12 3.852E+00 6.851E+04 1.198E+06 1.505E+06 2.772E+06 2.772E+06 1.929E+07 35.8582 1.00000
  2.818E+12 2.818E+12 3.871E+00 7.687E+04 1.345E+06 1.726E+06 3.148E+06 3.148E+06 1.939E+07 36.0885 1.00000
  3.162E+12 3.162E+12 3.890E+00 8.625E+04 1.509E+06 1.980E+06 3.575E+06 3.575E+06 1.950E+07 36.3188 1.00000
  3.548E+12 3.548E+12 3.908E+00 9.678E+04 1.693E+06 2.271E+06 4.061E+06 4.061E+06 1.960E+07 36.5490 1.00000
  3.981E+12 3.981E+12 3.927E+00 1.086E+05 1.899E+06 2.605E+06 4.613E+06 4.613E+06 1.970E+07 36.7793 1.00000
  4.467E+12 4.467E+12 3.946E+00 1.218E+05 2.131E+06 2.988E+06 5.241E+06 5.241E+06 1.980E+07 37.0095 1.00000
  5.012E+12 5.012E+12 3.965E+00 1.367E+05 2.390E+06 3.428E+06 5.956E+06 5.956E+06 1.990E+07 37.2398 1.00000
  5.623E+12 5.623E+12 3.984E+00 1.534E+05 2.682E+06 3.933E+06 6.769E+06 6.769E+06 1.999E+07 37.4701 1.00000
  6.310E+12 6.310E+12 4.003E+00 1.721E+05 3.009E+06 4.512E+06 7.694E+06 7.694E+06 2.009E+07 37.7003 1.00000
  7.079E+12 7.079E+12 4.023E+00 1.931E+05 3.376E+06 5.177E+06 8.747E+06 8.747E+06 2.018E+07 37.9306 1.00000
  7.943E+12 7.943E+12 4.042E+00 2.167E+05 3.788E+06 5.940E+06 9.945E+06 9.945E+06 2.027E+07 38.1608 1.00000
  8.913E+12 8.913E+12 4.062E+00 2.431E+05 4.250E+06 6.816E+06 1.131E+07 1.131E+07 2.037E+07 38.3911 1.00000
  1.000E+13 1.000E+13 4.081E+00 2.728E+05 4.768E+06 7.822E+06 1.286E+07 1.286E+07 2.046E+07 38.6214 1.00000
  1.122E+13 1.122E+13 4.101E+00 3.060E+05 5.350E+06 8.976E+06 1.463E+07 1.463E+07 2.055E+07 38.8516 1.00000
  1.259E+13 1.259E+13 4.121E+00 3.434E+05 6.002E+06 1.030E+07 1.665E+07 1.665E+07 2.063E+07 39.0819 1.00000
  1.413E+13 1.413E+13 4.141E+00 3.853E+05 6.734E+06 1.182E+07 1.894E+07 1.894E+07 2.072E+07 39.3121 1.00000
  1.585E+13 1.585E+13 4.161E+00 4.323E+05 7.556E+06 1.357E+07 2.156E+07 2.156E+07 2.081E+07 39.5424 1.00000
  1.778E+13 1.778E+13 4.181E+00 4.851E+05 8.477E+06 1.558E+07 2.454E+07 2.454E+07 2.089E+07 39.7726 1.00000
  1.995E+13 1.995E+13 4.202E+00 5.442E+05 9.511E+06 1.788E+07 2.793E+07 2.793E+07 2.097E+07 40.0029 1.00000
  2.239E+13 2.239E+13 4.222E+00 6.106E+05 1.067E+07 2.052E+07 3.180E+07 3.180E+07 2.105E+07 40.2332 1.00000
  2.512E+13 2.512E+13 4.243E+00 6.852E+05 1.197E+07 2.356E+07 3.622E+07 3.622E+07 2.114E+07 40.4634 1.00000
  2.818E+13 2.818E+13 4.263E+00 7.688E+05 1.343E+07 2.705E+07 4.125E+07 4.125E+07 2.121E+07 40.6937 1.00000
  3.162E+13 3.162E+13 4.284E+00 8.626E+05 1.507E+07 3.105E+07 4.698E+07 4.698E+07 2.129E+07 40.9239 1.00000
  3.548E+13 3.548E+13 4.305E+00 9.678E+05 1.691E+07 3.565E+07 5.353E+07 5.353E+07 2.137E+07 41.1542 1.00000
  3.981E+13 3.981E+13 4.326E+00 1.086E+06 1.897E+07 4.093E+07 6.099E+07 6.099E+07 2.145E+07 41.3845 1.00000
  4.467E+13 4.467E+13 4.347E+00 1.218E+06 2.128E+07 4.700E+07 6.950E+07 6.950E+07 2.152E+07 41.6147 1.00000
  5.012E+13 5.012E+13 4.368E+00 1.367E+06 2.388E+07 5.397E+07 7.922E+07 7.922E+07 2.159E+07 41.8450 1.00000
  5.623E+13 5.623E+13 4.389E+00 1.534E+06 2.679E+07 6.198E+07 9.030E+07 9.030E+07 2.167E+07 42.0752 1.00000
  6.310E+13 6.310E+13 4.411E+00 1.721E+06 3.006E+07 7.117E+07 1.030E+08 1.030E+08 2.174E+07 42.3055 1.00000
  7.079E+13 7.079E+13 4.432E+00 1.931E+06 3.373E+07 8.174E+07 1.174E+08 1.174E+08 2.181E+07 42.5357 1.00000
  7.943E+13 7.943E+13 4.454E+00 2.167E+06 3.784E+07 9.388E+07 1.339E+08 1.339E+08 2.188E+07 42.7660 1.00000
  8.913E+13 8.913E+13 4.476E+00 2.431E+06 4.245E+07 1.078E+08 1.527E+08 1.527E+08 2.195E+07 42.9963 1.00000
  1.000E+14 1.000E+14 4.498E+00 2.728E+06 4.763E+07 1.238E+08 1.742E+08 1.742E+08 2.201E+07 43.2265 1.00000
  1.122E+14 1.122E+14 4.520E+00 3.061E+06 5.344E+07 1.423E+08 1.988E+08 1.988E+08 2.208E+07 43.4568 1.00000
  1.259E+14 1.259E+14 4.542E+00 3.434E+06 5.996E+07 1.634E+08 2.268E+08 2.268E+08 2.214E+07 43.6870 1.00000
  1.413E+14 1.413E+14 4.564E+00 3.853E+06 6.727E+07 1.877E+08 2.588E+08 2.588E+08 2.221E+07 43.9173 1.00000
  1.585E+14 1.585E+14 4.586E+00 4.323E+06 7.547E+07 2.157E+08 2.955E+08 2.955E+08 2.227E+07 44.1476 1.00000
  1.778E+14 1.778E+14 4.609E+00 4.851E+06 8.467E+07 2.478E+08 3.373E+08 3.373E+08 2.233E+07 44.3778 1.00000
  1.995E+14 1.995E+14 4.631E+00 5.442E+06 9.500E+07 2.847E+08 3.851E+08 3.851E+08 2.239E+07 44.6081 1.00000
  2.239E+14 2.239E+14 4.654E+00 6.107E+06 1.066E+08 3.271E+08 4.398E+08 4.398E+08 2.245E+07 44.8383 1.00000
  2.512E+14 2.512E+14 4.677E+00 6.852E+06 1.196E+08 3.758E+08 5.022E+08 5.022E+08 2.251E+07 45.0686 1.00000
  2.818E+14 2.818E+14 4.700E+00 7.688E+06 1.342E+08 4.318E+08 5.737E+08 5.737E+08 2.257E+07 45.2988 1.00000
  3.162E+14 3.162E+14 4.723E+00 8.626E+06 1.505E+08 4.962E+08 6.554E+08 6.554E+08 2.262E+07 45.5291 1.00000
  3.548E+14 3.548E+14 4.746E+00 9.678E+06 1.689E+08 5.703E+08 7.488E+08 7.488E+08 2.268E+07 45.7594 1.00000
  3.981E+14 3.981E+14 4.769E+00 1.086E+07 1.895E+08 6.554E+08 8.557E+08 8.557E+08 2.273E+07 45.9896 1.00000
  4.467E+14 4.467E+14 4.793E+00 1.218E+07 2.126E+08 7.532E+08 9.780E+08 9.780E+08 2.278E+07 46.2199 1.00000
  5.012E+14 5.012E+14 4.816E+00 1.367E+07 2.385E+08 8.657E+08 1.118E+09 1.118E+09 2.284E+07 46.4501 1.00000
  5.623E+14 5.623E+14 4.840E+00 1.534E+07 2.676E+08 9.950E+08 1.278E+09 1.278E+09 2.289E+07 46.6804 1.00000
  6.310E+14 6.310E+14 4.864E+00 1.721E+07 3.002E+08 1.144E+09 1.461E+09 1.461E+09 2.294E+07 46.9107 1.00000
  7.079E+14 7.079E+14 4.888E+00 1.931E+07 3.368E+08 1.315E+09 1.671E+09 1.671E+09 2.299E+07 47.1409 1.00000
  7.943E+14 7.943E+14 4.912E+00 2.167E+07 3.779E+08 1.511E+09 1.911E+09 1.911E+09 2.304E+07 47.3712 1.00000
  8.913E+14 8.913E+14 4.936E+00 2.431E+07 4.240E+08 1.737E+09 2.186E+09 2.186E+09 2.308E+07 47.6014 1.00000
  1.000E+15 1.000E+15 4.960E+00 2.728E+07 4.757E+08 1.997E+09 2.500E+09 2.500E+09 2.313E+07 47.8317 1.00000
