 Incident particle is a Tau with M = 1776.82000 MeV
 Index = 0: CesiumFluoride
      Absorber with <Z/A> = 0.42132
 Density effect computed following Fano (1963)
 Models for Radloss: brems =  SSR, pair =  SSR, photonuc = DRSS

 *** Table generated with PUMAS v1.1 ***

      T         p     Ionization  brems     pair     photonuc  Radloss    dE/dx   CSDA Range  delta   beta
    [MeV]    [MeV/c]  -----------------------[MeV cm^2/g]------------------------  [g/cm^2]
  1.000E+05 1.018E+05 1.740E+00 1.533E-04 1.178E-02 6.256E-03 1.819E-02 1.758E+00 2.844E+04  2.9318 0.99985
  1.122E+05 1.140E+05 1.759E+00 1.864E-04 1.411E-02 7.059E-03 2.136E-02 1.780E+00 3.533E+04  3.0975 0.99988
  1.259E+05 1.277E+05 1.778E+00 2.263E-04 1.686E-02 7.949E-03 2.503E-02 1.803E+00 4.297E+04  3.2680 0.99990
  1.413E+05 1.430E+05 1.796E+00 2.742E-04 2.009E-02 8.926E-03 2.929E-02 1.826E+00 5.144E+04  3.4428 0.99992
  1.585E+05 1.603E+05 1.815E+00 3.318E-04 2.386E-02 1.003E-02 3.423E-02 1.849E+00 6.082E+04  3.6216 0.99994
  1.778E+05 1.796E+05 1.833E+00 4.006E-04 2.828E-02 1.125E-02 3.993E-02 1.873E+00 7.121E+04  3.8041 0.99995
  1.995E+05 2.013E+05 1.851E+00 4.828E-04 3.344E-02 1.262E-02 4.655E-02 1.898E+00 8.272E+04  3.9899 0.99996
  2.239E+05 2.256E+05 1.869E+00 5.808E-04 3.945E-02 1.413E-02 5.417E-02 1.923E+00 9.546E+04  4.1788 0.99997
  2.512E+05 2.530E+05 1.887E+00 6.972E-04 4.644E-02 1.582E-02 6.296E-02 1.950E+00 1.096E+05  4.3707 0.99998
  2.818E+05 2.836E+05 1.904E+00 8.356E-04 5.456E-02 1.772E-02 7.311E-02 1.977E+00 1.252E+05  4.5653 0.99998
  3.162E+05 3.180E+05 1.922E+00 9.992E-04 6.397E-02 1.984E-02 8.481E-02 2.006E+00 1.424E+05  4.7625 0.99998
  3.548E+05 3.566E+05 1.939E+00 1.193E-03 7.486E-02 2.221E-02 9.827E-02 2.037E+00 1.615E+05  4.9623 0.99999
  3.981E+05 3.999E+05 1.956E+00 1.421E-03 8.744E-02 2.486E-02 1.137E-01 2.069E+00 1.826E+05  5.1647 0.99999
  4.467E+05 4.485E+05 1.973E+00 1.690E-03 1.020E-01 2.783E-02 1.315E-01 2.104E+00 2.059E+05  5.3694 0.99999
  5.012E+05 5.030E+05 1.989E+00 2.007E-03 1.187E-01 3.113E-02 1.518E-01 2.141E+00 2.316E+05  5.5764 0.99999
  5.623E+05 5.641E+05 2.006E+00 2.378E-03 1.380E-01 3.486E-02 1.752E-01 2.181E+00 2.599E+05  5.7856 1.00000
  6.310E+05 6.327E+05 2.022E+00 2.813E-03 1.601E-01 3.906E-02 2.020E-01 2.224E+00 2.910E+05  5.9969 1.00000
  7.079E+05 7.097E+05 2.038E+00 3.322E-03 1.855E-01 4.379E-02 2.326E-01 2.271E+00 3.253E+05  6.2101 1.00000
  7.943E+05 7.961E+05 2.055E+00 3.916E-03 2.146E-01 4.910E-02 2.676E-01 2.322E+00 3.629E+05  6.4249 1.00000
  8.913E+05 8.930E+05 2.070E+00 4.609E-03 2.480E-01 5.506E-02 3.076E-01 2.378E+00 4.041E+05  6.6413 1.00000
  1.000E+06 1.002E+06 2.086E+00 5.417E-03 2.861E-01 6.181E-02 3.533E-01 2.439E+00 4.493E+05  6.8590 1.00000
  1.122E+06 1.124E+06 2.102E+00 6.356E-03 3.297E-01 6.939E-02 4.054E-01 2.507E+00 4.986E+05  7.0780 1.00000
  1.259E+06 1.261E+06 2.117E+00 7.449E-03 3.794E-01 7.800E-02 4.648E-01 2.582E+00 5.524E+05  7.2980 1.00000
  1.413E+06 1.414E+06 2.132E+00 8.714E-03 4.361E-01 8.769E-02 5.325E-01 2.665E+00 6.110E+05  7.5189 1.00000
  1.585E+06 1.587E+06 2.148E+00 1.018E-02 5.007E-01 9.868E-02 6.095E-01 2.757E+00 6.745E+05  7.7408 1.00000
  1.778E+06 1.780E+06 2.163E+00 1.188E-02 5.741E-01 1.111E-01 6.971E-01 2.860E+00 7.434E+05  7.9634 1.00000
  1.995E+06 1.997E+06 2.177E+00 1.385E-02 6.577E-01 1.252E-01 7.967E-01 2.974E+00 8.178E+05  8.1867 1.00000
  2.239E+06 2.240E+06 2.192E+00 1.612E-02 7.525E-01 1.411E-01 9.098E-01 3.102E+00 8.980E+05  8.4108 1.00000
  2.512E+06 2.514E+06 2.207E+00 1.873E-02 8.602E-01 1.592E-01 1.038E+00 3.245E+00 9.841E+05  8.6355 1.00000
  2.818E+06 2.820E+06 2.221E+00 2.176E-02 9.823E-01 1.798E-01 1.184E+00 3.405E+00 1.076E+06  8.8609 1.00000
  3.162E+06 3.164E+06 2.235E+00 2.525E-02 1.121E+00 2.031E-01 1.349E+00 3.584E+00 1.175E+06  9.0868 1.00000
  3.548E+06 3.550E+06 2.249E+00 2.927E-02 1.277E+00 2.295E-01 1.536E+00 3.785E+00 1.279E+06  9.3133 1.00000
  3.981E+06 3.983E+06 2.263E+00 3.388E-02 1.455E+00 2.596E-01 1.748E+00 4.011E+00 1.391E+06  9.5403 1.00000
  4.467E+06 4.469E+06 2.277E+00 3.918E-02 1.655E+00 2.938E-01 1.988E+00 4.265E+00 1.508E+06  9.7678 1.00000
  5.012E+06 5.014E+06 2.290E+00 4.526E-02 1.882E+00 3.327E-01 2.260E+00 4.550E+00 1.632E+06  9.9957 1.00000
  5.623E+06 5.625E+06 2.304E+00 5.224E-02 2.138E+00 3.769E-01 2.567E+00 4.871E+00 1.762E+06 10.2240 1.00000
  6.310E+06 6.311E+06 2.317E+00 6.026E-02 2.428E+00 4.273E-01 2.915E+00 5.232E+00 1.897E+06 10.4527 1.00000
  7.079E+06 7.081E+06 2.330E+00 6.947E-02 2.754E+00 4.846E-01 3.308E+00 5.638E+00 2.039E+06 10.6816 1.00000
  7.943E+06 7.945E+06 2.343E+00 8.000E-02 3.122E+00 5.498E-01 3.752E+00 6.095E+00 2.186E+06 10.9107 1.00000
  8.913E+06 8.914E+06 2.356E+00 9.206E-02 3.538E+00 6.242E-01 4.254E+00 6.610E+00 2.339E+06 11.1401 1.00000
  1.000E+07 1.000E+07 2.368E+00 1.059E-01 4.006E+00 7.089E-01 4.821E+00 7.189E+00 2.497E+06 11.3696 1.00000
  1.122E+07 1.122E+07 2.381E+00 1.216E-01 4.533E+00 8.054E-01 5.460E+00 7.841E+00 2.659E+06 11.5993 1.00000
  1.259E+07 1.259E+07 2.393E+00 1.396E-01 5.128E+00 9.154E-01 6.183E+00 8.576E+00 2.826E+06 11.8290 1.00000
  1.413E+07 1.413E+07 2.405E+00 1.602E-01 5.797E+00 1.041E+00 6.998E+00 9.403E+00 2.997E+06 12.0589 1.00000
  1.585E+07 1.585E+07 2.418E+00 1.836E-01 6.550E+00 1.184E+00 7.918E+00 1.034E+01 3.172E+06 12.2888 1.00000
  1.778E+07 1.778E+07 2.430E+00 2.103E-01 7.398E+00 1.347E+00 8.955E+00 1.139E+01 3.350E+06 12.5188 1.00000
  1.995E+07 1.995E+07 2.442E+00 2.408E-01 8.352E+00 1.533E+00 1.013E+01 1.257E+01 3.532E+06 12.7489 1.00000
  2.239E+07 2.239E+07 2.454E+00 2.755E-01 9.425E+00 1.745E+00 1.145E+01 1.390E+01 3.716E+06 12.9790 1.00000
  2.512E+07 2.512E+07 2.466E+00 3.150E-01 1.063E+01 1.987E+00 1.293E+01 1.540E+01 3.902E+06 13.2091 1.00000
  2.818E+07 2.819E+07 2.477E+00 3.599E-01 1.199E+01 2.264E+00 1.461E+01 1.709E+01 4.091E+06 13.4393 1.00000
  3.162E+07 3.162E+07 2.489E+00 4.110E-01 1.352E+01 2.579E+00 1.651E+01 1.899E+01 4.282E+06 13.6694 1.00000
  3.548E+07 3.548E+07 2.501E+00 4.692E-01 1.523E+01 2.939E+00 1.864E+01 2.114E+01 4.474E+06 13.8996 1.00000
  3.981E+07 3.981E+07 2.513E+00 5.353E-01 1.716E+01 3.350E+00 2.104E+01 2.356E+01 4.668E+06 14.1298 1.00000
  4.467E+07 4.467E+07 2.524E+00 6.104E-01 1.932E+01 3.819E+00 2.375E+01 2.628E+01 4.864E+06 14.3600 1.00000
  5.012E+07 5.012E+07 2.536E+00 6.956E-01 2.176E+01 4.355E+00 2.681E+01 2.934E+01 5.060E+06 14.5902 1.00000
  5.623E+07 5.624E+07 2.548E+00 7.923E-01 2.449E+01 4.967E+00 3.025E+01 3.280E+01 5.257E+06 14.8205 1.00000
  6.310E+07 6.310E+07 2.560E+00 9.020E-01 2.756E+01 5.665E+00 3.413E+01 3.669E+01 5.454E+06 15.0507 1.00000
  7.079E+07 7.080E+07 2.571E+00 1.026E+00 3.101E+01 6.463E+00 3.850E+01 4.107E+01 5.653E+06 15.2809 1.00000
  7.943E+07 7.943E+07 2.583E+00 1.167E+00 3.489E+01 7.375E+00 4.343E+01 4.601E+01 5.851E+06 15.5112 1.00000
  8.913E+07 8.913E+07 2.595E+00 1.327E+00 3.924E+01 8.416E+00 4.898E+01 5.157E+01 6.050E+06 15.7414 1.00000
  1.000E+08 1.000E+08 2.607E+00 1.507E+00 4.412E+01 9.605E+00 5.523E+01 5.784E+01 6.249E+06 15.9717 1.00000
  1.122E+08 1.122E+08 2.618E+00 1.711E+00 4.961E+01 1.096E+01 6.228E+01 6.490E+01 6.448E+06 16.2019 1.00000
  1.259E+08 1.259E+08 2.630E+00 1.942E+00 5.577E+01 1.252E+01 7.023E+01 7.286E+01 6.647E+06 16.4322 1.00000
  1.413E+08 1.413E+08 2.642E+00 2.203E+00 6.268E+01 1.429E+01 7.917E+01 8.182E+01 6.846E+06 16.6624 1.00000
  1.585E+08 1.585E+08 2.654E+00 2.498E+00 7.044E+01 1.632E+01 8.926E+01 9.191E+01 7.045E+06 16.8927 1.00000
  1.778E+08 1.778E+08 2.666E+00 2.832E+00 7.915E+01 1.864E+01 1.006E+02 1.033E+02 7.243E+06 17.1229 1.00000
  1.995E+08 1.995E+08 2.678E+00 3.208E+00 8.893E+01 2.128E+01 1.134E+02 1.161E+02 7.441E+06 17.3532 1.00000
  2.239E+08 2.239E+08 2.690E+00 3.633E+00 9.991E+01 2.431E+01 1.279E+02 1.305E+02 7.639E+06 17.5834 1.00000
  2.512E+08 2.512E+08 2.702E+00 4.113E+00 1.122E+02 2.777E+01 1.441E+02 1.468E+02 7.836E+06 17.8137 1.00000
  2.818E+08 2.818E+08 2.714E+00 4.654E+00 1.261E+02 3.173E+01 1.624E+02 1.652E+02 8.033E+06 18.0440 1.00000
  3.162E+08 3.162E+08 2.726E+00 5.264E+00 1.416E+02 3.625E+01 1.831E+02 1.858E+02 8.229E+06 18.2742 1.00000
  3.548E+08 3.548E+08 2.738E+00 5.952E+00 1.590E+02 4.142E+01 2.064E+02 2.091E+02 8.425E+06 18.5045 1.00000
  3.981E+08 3.981E+08 2.751E+00 6.727E+00 1.786E+02 4.733E+01 2.326E+02 2.354E+02 8.620E+06 18.7347 1.00000
  4.467E+08 4.467E+08 2.763E+00 7.601E+00 2.005E+02 5.409E+01 2.622E+02 2.649E+02 8.814E+06 18.9650 1.00000
  5.012E+08 5.012E+08 2.775E+00 8.585E+00 2.251E+02 6.182E+01 2.955E+02 2.983E+02 9.008E+06 19.1952 1.00000
  5.623E+08 5.623E+08 2.788E+00 9.693E+00 2.527E+02 7.066E+01 3.331E+02 3.359E+02 9.201E+06 19.4255 1.00000
  6.310E+08 6.310E+08 2.800E+00 1.094E+01 2.838E+02 8.076E+01 3.755E+02 3.783E+02 9.393E+06 19.6558 1.00000
  7.079E+08 7.079E+08 2.813E+00 1.234E+01 3.185E+02 9.232E+01 4.232E+02 4.260E+02 9.585E+06 19.8860 1.00000
  7.943E+08 7.943E+08 2.825E+00 1.392E+01 3.576E+02 1.055E+02 4.771E+02 4.799E+02 9.776E+06 20.1163 1.00000
  8.913E+08 8.913E+08 2.838E+00 1.570E+01 4.014E+02 1.207E+02 5.378E+02 5.406E+02 9.966E+06 20.3465 1.00000
  1.000E+09 1.000E+09 2.851E+00 1.770E+01 4.506E+02 1.380E+02 6.062E+02 6.091E+02 1.016E+07 20.5768 1.00000
  1.122E+09 1.122E+09 2.864E+00 1.995E+01 5.057E+02 1.578E+02 6.834E+02 6.863E+02 1.034E+07 20.8070 1.00000
  1.259E+09 1.259E+09 2.877E+00 2.248E+01 5.676E+02 1.804E+02 7.705E+02 7.734E+02 1.053E+07 21.0373 1.00000
  1.413E+09 1.413E+09 2.890E+00 2.532E+01 6.371E+02 2.063E+02 8.687E+02 8.716E+02 1.072E+07 21.2676 1.00000
  1.585E+09 1.585E+09 2.903E+00 2.852E+01 7.151E+02 2.359E+02 9.795E+02 9.824E+02 1.091E+07 21.4978 1.00000
  1.778E+09 1.778E+09 2.916E+00 3.211E+01 8.025E+02 2.699E+02 1.104E+03 1.107E+03 1.109E+07 21.7281 1.00000
  1.995E+09 1.995E+09 2.929E+00 3.615E+01 9.007E+02 3.087E+02 1.245E+03 1.248E+03 1.127E+07 21.9583 1.00000
  2.239E+09 2.239E+09 2.942E+00 4.068E+01 1.011E+03 3.531E+02 1.405E+03 1.407E+03 1.146E+07 22.1886 1.00000
  2.512E+09 2.512E+09 2.956E+00 4.578E+01 1.134E+03 4.039E+02 1.584E+03 1.587E+03 1.164E+07 22.4189 1.00000
  2.818E+09 2.818E+09 2.969E+00 5.151E+01 1.273E+03 4.620E+02 1.787E+03 1.789E+03 1.182E+07 22.6491 1.00000
  3.162E+09 3.162E+09 2.983E+00 5.794E+01 1.429E+03 5.286E+02 2.015E+03 2.018E+03 1.200E+07 22.8794 1.00000
  3.548E+09 3.548E+09 2.996E+00 6.516E+01 1.603E+03 6.048E+02 2.273E+03 2.276E+03 1.218E+07 23.1096 1.00000
  3.981E+09 3.981E+09 3.010E+00 7.327E+01 1.799E+03 6.920E+02 2.564E+03 2.567E+03 1.236E+07 23.3399 1.00000
  4.467E+09 4.467E+09 3.023E+00 8.238E+01 2.019E+03 7.919E+02 2.893E+03 2.896E+03 1.254E+07 23.5701 1.00000
  5.012E+09 5.012E+09 3.037E+00 9.261E+01 2.265E+03 9.062E+02 3.264E+03 3.267E+03 1.272E+07 23.8004 1.00000
  5.623E+09 5.623E+09 3.051E+00 1.041E+02 2.542E+03 1.037E+03 3.683E+03 3.686E+03 1.289E+07 24.0307 1.00000
  6.310E+09 6.310E+09 3.065E+00 1.170E+02 2.852E+03 1.187E+03 4.156E+03 4.159E+03 1.307E+07 24.2609 1.00000
  7.079E+09 7.079E+09 3.079E+00 1.315E+02 3.201E+03 1.358E+03 4.691E+03 4.694E+03 1.324E+07 24.4912 1.00000
  7.943E+09 7.943E+09 3.093E+00 1.477E+02 3.592E+03 1.555E+03 5.294E+03 5.297E+03 1.342E+07 24.7214 1.00000
  8.913E+09 8.913E+09 3.107E+00 1.660E+02 4.030E+03 1.780E+03 5.976E+03 5.979E+03 1.359E+07 24.9517 1.00000
  1.000E+10 1.000E+10 3.122E+00 1.864E+02 4.522E+03 2.037E+03 6.746E+03 6.749E+03 1.376E+07 25.1819 1.00000
  1.122E+10 1.122E+10 3.136E+00 2.094E+02 5.074E+03 2.332E+03 7.616E+03 7.619E+03 1.393E+07 25.4122 1.00000
  1.259E+10 1.259E+10 3.150E+00 2.352E+02 5.694E+03 2.670E+03 8.599E+03 8.602E+03 1.410E+07 25.6424 1.00000
  1.413E+10 1.413E+10 3.165E+00 2.642E+02 6.389E+03 3.057E+03 9.710E+03 9.713E+03 1.427E+07 25.8727 1.00000
  1.585E+10 1.585E+10 3.180E+00 2.967E+02 7.168E+03 3.500E+03 1.097E+04 1.097E+04 1.443E+07 26.1029 1.00000
  1.778E+10 1.778E+10 3.194E+00 3.332E+02 8.043E+03 4.008E+03 1.238E+04 1.239E+04 1.460E+07 26.3331 1.00000
  1.995E+10 1.995E+10 3.209E+00 3.741E+02 9.025E+03 4.590E+03 1.399E+04 1.399E+04 1.476E+07 26.5634 1.00000
  2.239E+10 2.239E+10 3.224E+00 4.201E+02 1.013E+04 5.256E+03 1.580E+04 1.581E+04 1.493E+07 26.7933 1.00000
  2.512E+10 2.512E+10 3.239E+00 4.716E+02 1.136E+04 6.019E+03 1.785E+04 1.786E+04 1.509E+07 27.0235 1.00000
  2.818E+10 2.818E+10 3.254E+00 5.295E+02 1.275E+04 6.894E+03 2.017E+04 2.018E+04 1.525E+07 27.2538 1.00000
  3.162E+10 3.162E+10 3.269E+00 5.944E+02 1.431E+04 7.896E+03 2.280E+04 2.280E+04 1.541E+07 27.4825 1.00000
  3.548E+10 3.548E+10 3.284E+00 6.673E+02 1.605E+04 9.044E+03 2.576E+04 2.577E+04 1.557E+07 27.7128 1.00000
  3.981E+10 3.981E+10 3.299E+00 7.491E+02 1.801E+04 1.036E+04 2.912E+04 2.912E+04 1.573E+07 27.9430 1.00000
  4.467E+10 4.467E+10 3.315E+00 8.408E+02 2.021E+04 1.187E+04 3.292E+04 3.292E+04 1.589E+07 28.1733 1.00000
  5.012E+10 5.012E+10 3.331E+00 9.438E+02 2.267E+04 1.360E+04 3.721E+04 3.722E+04 1.604E+07 28.3970 1.00000
  5.623E+10 5.623E+10 3.346E+00 1.059E+03 2.544E+04 1.558E+04 4.208E+04 4.208E+04 1.620E+07 28.6273 1.00000
  6.310E+10 6.310E+10 3.362E+00 1.189E+03 2.855E+04 1.785E+04 4.758E+04 4.759E+04 1.635E+07 28.8576 1.00000
  7.079E+10 7.079E+10 3.379E+00 1.334E+03 3.203E+04 2.045E+04 5.381E+04 5.382E+04 1.650E+07 29.0587 1.00000
  7.943E+10 7.943E+10 3.395E+00 1.498E+03 3.594E+04 2.343E+04 6.087E+04 6.087E+04 1.665E+07 29.2889 1.00000
  8.913E+10 8.913E+10 3.411E+00 1.681E+03 4.032E+04 2.685E+04 6.886E+04 6.886E+04 1.680E+07 29.5192 1.00000
  1.000E+11 1.000E+11 3.427E+00 1.886E+03 4.524E+04 3.077E+04 7.790E+04 7.791E+04 1.695E+07 29.7494 1.00000
  1.122E+11 1.122E+11 3.443E+00 2.117E+03 5.077E+04 3.527E+04 8.815E+04 8.815E+04 1.710E+07 29.9797 1.00000
  1.259E+11 1.259E+11 3.469E+00 2.376E+03 5.696E+04 4.042E+04 9.975E+04 9.976E+04 1.724E+07 30.0545 1.00000
  1.413E+11 1.413E+11 3.485E+00 2.666E+03 6.391E+04 4.633E+04 1.129E+05 1.129E+05 1.739E+07 30.2847 1.00000
  1.585E+11 1.585E+11 3.502E+00 2.992E+03 7.171E+04 5.310E+04 1.278E+05 1.278E+05 1.753E+07 30.5150 1.00000
  1.778E+11 1.778E+11 3.518E+00 3.357E+03 8.046E+04 6.087E+04 1.447E+05 1.447E+05 1.767E+07 30.7453 1.00000
  1.995E+11 1.995E+11 3.535E+00 3.768E+03 9.028E+04 6.978E+04 1.638E+05 1.638E+05 1.781E+07 30.9755 1.00000
  2.239E+11 2.239E+11 3.551E+00 4.228E+03 1.013E+05 8.000E+04 1.855E+05 1.855E+05 1.795E+07 31.2058 1.00000
  2.512E+11 2.512E+11 3.568E+00 4.744E+03 1.137E+05 9.171E+04 2.101E+05 2.101E+05 1.809E+07 31.4360 1.00000
  2.818E+11 2.818E+11 3.585E+00 5.324E+03 1.275E+05 1.052E+05 2.380E+05 2.380E+05 1.823E+07 31.6663 1.00000
  3.162E+11 3.162E+11 3.602E+00 5.974E+03 1.431E+05 1.206E+05 2.696E+05 2.696E+05 1.836E+07 31.8966 1.00000
  3.548E+11 3.548E+11 3.619E+00 6.703E+03 1.605E+05 1.383E+05 3.055E+05 3.055E+05 1.850E+07 32.1268 1.00000
  3.981E+11 3.981E+11 3.636E+00 7.522E+03 1.801E+05 1.585E+05 3.462E+05 3.462E+05 1.863E+07 32.3571 1.00000
  4.467E+11 4.467E+11 3.653E+00 8.440E+03 2.021E+05 1.818E+05 3.924E+05 3.924E+05 1.876E+07 32.5873 1.00000
  5.012E+11 5.012E+11 3.670E+00 9.470E+03 2.268E+05 2.085E+05 4.447E+05 4.448E+05 1.889E+07 32.8176 1.00000
  5.623E+11 5.623E+11 3.687E+00 1.063E+04 2.544E+05 2.391E+05 5.042E+05 5.042E+05 1.902E+07 33.0479 1.00000
  6.310E+11 6.310E+11 3.705E+00 1.192E+04 2.855E+05 2.743E+05 5.717E+05 5.717E+05 1.915E+07 33.2781 1.00000
  7.079E+11 7.079E+11 3.722E+00 1.338E+04 3.203E+05 3.146E+05 6.483E+05 6.483E+05 1.928E+07 33.5084 1.00000
  7.943E+11 7.943E+11 3.740E+00 1.501E+04 3.594E+05 3.609E+05 7.353E+05 7.353E+05 1.940E+07 33.7386 1.00000
  8.913E+11 8.913E+11 3.758E+00 1.684E+04 4.033E+05 4.140E+05 8.341E+05 8.341E+05 1.953E+07 33.9689 1.00000
  1.000E+12 1.000E+12 3.776E+00 1.890E+04 4.525E+05 4.749E+05 9.463E+05 9.463E+05 1.965E+07 34.1991 1.00000
  1.122E+12 1.122E+12 3.794E+00 2.121E+04 5.077E+05 5.449E+05 1.074E+06 1.074E+06 1.977E+07 34.4294 1.00000
  1.259E+12 1.259E+12 3.812E+00 2.380E+04 5.696E+05 6.252E+05 1.219E+06 1.219E+06 1.989E+07 34.6597 1.00000
  1.413E+12 1.413E+12 3.830E+00 2.670E+04 6.391E+05 7.173E+05 1.383E+06 1.383E+06 2.001E+07 34.8899 1.00000
  1.585E+12 1.585E+12 3.848E+00 2.996E+04 7.171E+05 8.231E+05 1.570E+06 1.570E+06 2.012E+07 35.1202 1.00000
  1.778E+12 1.778E+12 3.866E+00 3.361E+04 8.046E+05 9.445E+05 1.783E+06 1.783E+06 2.024E+07 35.3504 1.00000
  1.995E+12 1.995E+12 3.885E+00 3.772E+04 9.028E+05 1.084E+06 2.024E+06 2.024E+06 2.035E+07 35.5807 1.00000
  2.239E+12 2.239E+12 3.904E+00 4.232E+04 1.013E+06 1.244E+06 2.299E+06 2.299E+06 2.047E+07 35.8110 1.00000
  2.512E+12 2.512E+12 3.922E+00 4.748E+04 1.137E+06 1.428E+06 2.612E+06 2.612E+06 2.058E+07 36.0412 1.00000
  2.818E+12 2.818E+12 3.941E+00 5.328E+04 1.275E+06 1.638E+06 2.967E+06 2.967E+06 2.069E+07 36.2715 1.00000
  3.162E+12 3.162E+12 3.960E+00 5.978E+04 1.431E+06 1.881E+06 3.371E+06 3.371E+06 2.080E+07 36.5017 1.00000
  3.548E+12 3.548E+12 3.979E+00 6.707E+04 1.605E+06 2.159E+06 3.831E+06 3.831E+06 2.090E+07 36.7320 1.00000
  3.981E+12 3.981E+12 3.998E+00 7.526E+04 1.801E+06 2.478E+06 4.354E+06 4.354E+06 2.101E+07 36.9622 1.00000
  4.467E+12 4.467E+12 4.017E+00 8.444E+04 2.021E+06 2.845E+06 4.950E+06 4.950E+06 2.111E+07 37.1925 1.00000
  5.012E+12 5.012E+12 4.036E+00 9.474E+04 2.268E+06 3.266E+06 5.628E+06 5.628E+06 2.122E+07 37.4228 1.00000
  5.623E+12 5.623E+12 4.056E+00 1.063E+05 2.544E+06 3.749E+06 6.400E+06 6.400E+06 2.132E+07 37.6530 1.00000
  6.310E+12 6.310E+12 4.075E+00 1.193E+05 2.855E+06 4.305E+06 7.279E+06 7.279E+06 2.142E+07 37.8833 1.00000
  7.079E+12 7.079E+12 4.095E+00 1.338E+05 3.203E+06 4.943E+06 8.280E+06 8.280E+06 2.152E+07 38.1135 1.00000
  7.943E+12 7.943E+12 4.114E+00 1.502E+05 3.594E+06 5.676E+06 9.420E+06 9.420E+06 2.162E+07 38.3438 1.00000
  8.913E+12 8.913E+12 4.134E+00 1.685E+05 4.032E+06 6.518E+06 1.072E+07 1.072E+07 2.171E+07 38.5741 1.00000
  1.000E+13 1.000E+13 4.154E+00 1.890E+05 4.524E+06 7.485E+06 1.220E+07 1.220E+07 2.181E+07 38.8043 1.00000
  1.122E+13 1.122E+13 4.174E+00 2.121E+05 5.076E+06 8.595E+06 1.388E+07 1.388E+07 2.190E+07 39.0346 1.00000
  1.259E+13 1.259E+13 4.194E+00 2.380E+05 5.696E+06 9.872E+06 1.581E+07 1.581E+07 2.199E+07 39.2648 1.00000
  1.413E+13 1.413E+13 4.215E+00 2.670E+05 6.391E+06 1.134E+07 1.800E+07 1.800E+07 2.209E+07 39.4951 1.00000
  1.585E+13 1.585E+13 4.235E+00 2.996E+05 7.171E+06 1.302E+07 2.049E+07 2.049E+07 2.218E+07 39.7253 1.00000
  1.778E+13 1.778E+13 4.255E+00 3.362E+05 8.045E+06 1.496E+07 2.334E+07 2.334E+07 2.226E+07 39.9556 1.00000
  1.995E+13 1.995E+13 4.276E+00 3.772E+05 9.027E+06 1.718E+07 2.659E+07 2.659E+07 2.235E+07 40.1859 1.00000
  2.239E+13 2.239E+13 4.297E+00 4.232E+05 1.013E+07 1.974E+07 3.029E+07 3.029E+07 2.244E+07 40.4161 1.00000
  2.512E+13 2.512E+13 4.318E+00 4.749E+05 1.136E+07 2.268E+07 3.452E+07 3.452E+07 2.252E+07 40.6464 1.00000
  2.818E+13 2.818E+13 4.338E+00 5.328E+05 1.275E+07 2.605E+07 3.934E+07 3.934E+07 2.260E+07 40.8766 1.00000
  3.162E+13 3.162E+13 4.360E+00 5.978E+05 1.431E+07 2.993E+07 4.484E+07 4.484E+07 2.269E+07 41.1069 1.00000
  3.548E+13 3.548E+13 4.381E+00 6.708E+05 1.605E+07 3.439E+07 5.112E+07 5.112E+07 2.277E+07 41.3372 1.00000
  3.981E+13 3.981E+13 4.402E+00 7.526E+05 1.801E+07 3.952E+07 5.828E+07 5.828E+07 2.285E+07 41.5674 1.00000
  4.467E+13 4.467E+13 4.423E+00 8.445E+05 2.021E+07 4.541E+07 6.647E+07 6.647E+07 2.292E+07 41.7977 1.00000
  5.012E+13 5.012E+13 4.445E+00 9.475E+05 2.267E+07 5.219E+07 7.581E+07 7.581E+07 2.300E+07 42.0279 1.00000
  5.623E+13 5.623E+13 4.466E+00 1.063E+06 2.544E+07 5.997E+07 8.648E+07 8.648E+07 2.308E+07 42.2582 1.00000
  6.310E+13 6.310E+13 4.488E+00 1.193E+06 2.855E+07 6.892E+07 9.866E+07 9.866E+07 2.315E+07 42.4885 1.00000
  7.079E+13 7.079E+13 4.510E+00 1.338E+06 3.203E+07 7.921E+07 1.126E+08 1.126E+08 2.322E+07 42.7187 1.00000
  7.943E+13 7.943E+13 4.532E+00 1.502E+06 3.594E+07 9.104E+07 1.285E+08 1.285E+08 2.330E+07 42.9490 1.00000
  8.913E+13 8.913E+13 4.554E+00 1.685E+06 4.032E+07 1.046E+08 1.467E+08 1.467E+08 2.337E+07 43.1792 1.00000
  1.000E+14 1.000E+14 4.576E+00 1.891E+06 4.524E+07 1.203E+08 1.674E+08 1.674E+08 2.344E+07 43.4095 1.00000
  1.122E+14 1.122E+14 4.598E+00 2.121E+06 5.076E+07 1.383E+08 1.912E+08 1.912E+08 2.350E+07 43.6397 1.00000
  1.259E+14 1.259E+14 4.621E+00 2.380E+06 5.695E+07 1.590E+08 2.183E+08 2.183E+08 2.357E+07 43.8700 1.00000
  1.413E+14 1.413E+14 4.643E+00 2.670E+06 6.390E+07 1.827E+08 2.493E+08 2.493E+08 2.364E+07 44.1003 1.00000
  1.585E+14 1.585E+14 4.666E+00 2.996E+06 7.170E+07 2.101E+08 2.848E+08 2.848E+08 2.370E+07 44.3305 1.00000
  1.778E+14 1.778E+14 4.689E+00 3.362E+06 8.045E+07 2.415E+08 3.254E+08 3.254E+08 2.376E+07 44.5608 1.00000
  1.995E+14 1.995E+14 4.712E+00 3.772E+06 9.026E+07 2.777E+08 3.718E+08 3.718E+08 2.383E+07 44.7910 1.00000
  2.239E+14 2.239E+14 4.735E+00 4.232E+06 1.013E+08 3.193E+08 4.248E+08 4.248E+08 2.389E+07 45.0213 1.00000
  2.512E+14 2.512E+14 4.758E+00 4.749E+06 1.136E+08 3.672E+08 4.856E+08 4.856E+08 2.395E+07 45.2516 1.00000
  2.818E+14 2.818E+14 4.781E+00 5.328E+06 1.275E+08 4.222E+08 5.551E+08 5.551E+08 2.401E+07 45.4818 1.00000
  3.162E+14 3.162E+14 4.804E+00 5.978E+06 1.431E+08 4.856E+08 6.346E+08 6.346E+08 2.406E+07 45.7121 1.00000
  3.548E+14 3.548E+14 4.828E+00 6.708E+06 1.605E+08 5.584E+08 7.256E+08 7.256E+08 2.412E+07 45.9423 1.00000
  3.981E+14 3.981E+14 4.852E+00 7.526E+06 1.801E+08 6.422E+08 8.298E+08 8.298E+08 2.418E+07 46.1726 1.00000
  4.467E+14 4.467E+14 4.875E+00 8.445E+06 2.021E+08 7.386E+08 9.492E+08 9.492E+08 2.423E+07 46.4028 1.00000
  5.012E+14 5.012E+14 4.899E+00 9.475E+06 2.267E+08 8.496E+08 1.086E+09 1.086E+09 2.429E+07 46.6331 1.00000
  5.623E+14 5.623E+14 4.923E+00 1.063E+07 2.544E+08 9.772E+08 1.242E+09 1.242E+09 2.434E+07 46.8634 1.00000
  6.310E+14 6.310E+14 4.947E+00 1.193E+07 2.854E+08 1.124E+09 1.421E+09 1.421E+09 2.439E+07 47.0936 1.00000
  7.079E+14 7.079E+14 4.972E+00 1.338E+07 3.202E+08 1.293E+09 1.627E+09 1.627E+09 2.444E+07 47.3239 1.00000
  7.943E+14 7.943E+14 4.996E+00 1.502E+07 3.593E+08 1.487E+09 1.862E+09 1.862E+09 2.449E+07 47.5541 1.00000
  8.913E+14 8.913E+14 5.020E+00 1.685E+07 4.032E+08 1.711E+09 2.131E+09 2.131E+09 2.454E+07 47.7844 1.00000
  1.000E+15 1.000E+15 5.045E+00 1.891E+07 4.524E+08 1.969E+09 2.440E+09 2.440E+09 2.459E+07 48.0147 1.00000
