 Incident particle is a Tau with M = 1776.82000 MeV
 Index = 0: ChlorineGas
      Absorber with <Z/A> = 0.47951
 Density effect computed following Fano (1963)
 Models for Radloss: brems =  SSR, pair =  SSR, photonuc = DRSS

 *** Table generated with PUMAS v1.1 ***

      T         p     Ionization  brems     pair     photonuc  Radloss    dE/dx   CSDA Range  delta   beta
    [MeV]    [MeV/c]  -----------------------[MeV cm^2/g]------------------------  [g/cm^2]
  1.000E+05 1.018E+05 2.324E+00 7.849E-05 4.812E-03 6.489E-03 1.138E-02 2.336E+00 2.141E+04  0.1193 0.99985
  1.122E+05 1.140E+05 2.354E+00 9.502E-05 5.781E-03 7.339E-03 1.321E-02 2.367E+00 2.659E+04  0.1753 0.99988
  1.259E+05 1.277E+05 2.383E+00 1.149E-04 6.923E-03 8.281E-03 1.532E-02 2.399E+00 3.234E+04  0.2387 0.99990
  1.413E+05 1.430E+05 2.412E+00 1.386E-04 8.265E-03 9.319E-03 1.772E-02 2.430E+00 3.870E+04  0.3085 0.99992
  1.585E+05 1.603E+05 2.441E+00 1.669E-04 9.841E-03 1.049E-02 2.050E-02 2.461E+00 4.575E+04  0.3837 0.99994
  1.778E+05 1.796E+05 2.469E+00 2.006E-04 1.169E-02 1.179E-02 2.368E-02 2.493E+00 5.355E+04  0.4637 0.99995
  1.995E+05 2.013E+05 2.497E+00 2.407E-04 1.384E-02 1.326E-02 2.735E-02 2.524E+00 6.220E+04  0.5480 0.99996
  2.239E+05 2.256E+05 2.525E+00 2.882E-04 1.636E-02 1.489E-02 3.154E-02 2.556E+00 7.179E+04  0.6361 0.99997
  2.512E+05 2.530E+05 2.552E+00 3.446E-04 1.929E-02 1.670E-02 3.634E-02 2.589E+00 8.241E+04  0.7279 0.99998
  2.818E+05 2.836E+05 2.579E+00 4.111E-04 2.270E-02 1.874E-02 4.185E-02 2.621E+00 9.417E+04  0.8232 0.99998
  3.162E+05 3.180E+05 2.606E+00 4.896E-04 2.666E-02 2.104E-02 4.819E-02 2.655E+00 1.072E+05  0.9222 0.99998
  3.548E+05 3.566E+05 2.633E+00 5.821E-04 3.125E-02 2.360E-02 5.544E-02 2.689E+00 1.216E+05  1.0250 0.99999
  3.981E+05 3.999E+05 2.660E+00 6.908E-04 3.657E-02 2.647E-02 6.373E-02 2.723E+00 1.376E+05  1.1321 0.99999
  4.467E+05 4.485E+05 2.686E+00 8.182E-04 4.271E-02 2.969E-02 7.322E-02 2.759E+00 1.554E+05  1.2440 0.99999
  5.012E+05 5.030E+05 2.711E+00 9.675E-04 4.980E-02 3.329E-02 8.406E-02 2.795E+00 1.750E+05  1.3615 0.99999
  5.623E+05 5.641E+05 2.736E+00 1.142E-03 5.798E-02 3.736E-02 9.647E-02 2.833E+00 1.967E+05  1.4850 1.00000
  6.310E+05 6.327E+05 2.761E+00 1.346E-03 6.739E-02 4.194E-02 1.107E-01 2.872E+00 2.208E+05  1.6155 1.00000
  7.079E+05 7.097E+05 2.785E+00 1.584E-03 7.821E-02 4.711E-02 1.269E-01 2.912E+00 2.474E+05  1.7534 1.00000
  7.943E+05 7.961E+05 2.808E+00 1.862E-03 9.064E-02 5.292E-02 1.454E-01 2.954E+00 2.768E+05  1.8990 1.00000
  8.913E+05 8.930E+05 2.831E+00 2.184E-03 1.049E-01 5.946E-02 1.665E-01 2.998E+00 3.094E+05  2.0523 1.00000
  1.000E+06 1.002E+06 2.853E+00 2.560E-03 1.212E-01 6.687E-02 1.907E-01 3.044E+00 3.454E+05  2.2129 1.00000
  1.122E+06 1.124E+06 2.875E+00 2.994E-03 1.399E-01 7.520E-02 2.181E-01 3.093E+00 3.852E+05  2.3804 1.00000
  1.259E+06 1.261E+06 2.896E+00 3.498E-03 1.613E-01 8.467E-02 2.495E-01 3.145E+00 4.291E+05  2.5539 1.00000
  1.413E+06 1.414E+06 2.916E+00 4.084E-03 1.857E-01 9.535E-02 2.852E-01 3.201E+00 4.775E+05  2.7329 1.00000
  1.585E+06 1.587E+06 2.936E+00 4.760E-03 2.136E-01 1.075E-01 3.258E-01 3.262E+00 5.308E+05  2.9165 1.00000
  1.778E+06 1.780E+06 2.956E+00 5.540E-03 2.453E-01 1.211E-01 3.720E-01 3.328E+00 5.895E+05  3.1041 1.00000
  1.995E+06 1.997E+06 2.975E+00 6.439E-03 2.815E-01 1.367E-01 4.246E-01 3.400E+00 6.540E+05  3.2951 1.00000
  2.239E+06 2.240E+06 2.994E+00 7.482E-03 3.226E-01 1.543E-01 4.844E-01 3.478E+00 7.248E+05  3.4890 1.00000
  2.512E+06 2.514E+06 3.013E+00 8.684E-03 3.694E-01 1.743E-01 5.524E-01 3.565E+00 8.024E+05  3.6854 1.00000
  2.818E+06 2.820E+06 3.031E+00 1.007E-02 4.225E-01 1.971E-01 6.296E-01 3.660E+00 8.872E+05  3.8840 1.00000
  3.162E+06 3.164E+06 3.049E+00 1.166E-02 4.828E-01 2.228E-01 7.173E-01 3.766E+00 9.798E+05  4.0846 1.00000
  3.548E+06 3.550E+06 3.067E+00 1.348E-02 5.511E-01 2.521E-01 8.167E-01 3.883E+00 1.081E+06  4.2869 1.00000
  3.981E+06 3.983E+06 3.084E+00 1.558E-02 6.286E-01 2.854E-01 9.296E-01 4.014E+00 1.190E+06  4.4910 1.00000
  4.467E+06 4.469E+06 3.101E+00 1.799E-02 7.163E-01 3.233E-01 1.058E+00 4.159E+00 1.309E+06  4.6967 1.00000
  5.012E+06 5.014E+06 3.118E+00 2.076E-02 8.156E-01 3.664E-01 1.203E+00 4.321E+00 1.438E+06  4.9042 1.00000
  5.623E+06 5.625E+06 3.135E+00 2.394E-02 9.279E-01 4.154E-01 1.367E+00 4.502E+00 1.576E+06  5.1133 1.00000
  6.310E+06 6.311E+06 3.151E+00 2.759E-02 1.055E+00 4.713E-01 1.554E+00 4.705E+00 1.726E+06  5.3242 1.00000
  7.079E+06 7.081E+06 3.167E+00 3.176E-02 1.198E+00 5.349E-01 1.765E+00 4.932E+00 1.885E+06  5.5369 1.00000
  7.943E+06 7.945E+06 3.183E+00 3.654E-02 1.360E+00 6.073E-01 2.004E+00 5.187E+00 2.056E+06  5.7513 1.00000
  8.913E+06 8.914E+06 3.198E+00 4.201E-02 1.543E+00 6.898E-01 2.275E+00 5.473E+00 2.238E+06  5.9676 1.00000
  1.000E+07 1.000E+07 3.214E+00 4.826E-02 1.749E+00 7.838E-01 2.581E+00 5.795E+00 2.431E+06  6.1856 1.00000
  1.122E+07 1.122E+07 3.229E+00 5.540E-02 1.982E+00 8.909E-01 2.928E+00 6.157E+00 2.635E+06  6.4053 1.00000
  1.259E+07 1.259E+07 3.243E+00 6.355E-02 2.244E+00 1.013E+00 3.320E+00 6.564E+00 2.851E+06  6.6265 1.00000
  1.413E+07 1.413E+07 3.258E+00 7.285E-02 2.539E+00 1.152E+00 3.764E+00 7.022E+00 3.077E+06  6.8491 1.00000
  1.585E+07 1.585E+07 3.272E+00 8.347E-02 2.872E+00 1.311E+00 4.267E+00 7.539E+00 3.314E+06  7.0730 1.00000
  1.778E+07 1.778E+07 3.286E+00 9.558E-02 3.247E+00 1.492E+00 4.835E+00 8.121E+00 3.561E+06  7.2979 1.00000
  1.995E+07 1.995E+07 3.300E+00 1.094E-01 3.669E+00 1.699E+00 5.477E+00 8.777E+00 3.818E+06  7.5238 1.00000
  2.239E+07 2.239E+07 3.314E+00 1.251E-01 4.144E+00 1.935E+00 6.203E+00 9.518E+00 4.084E+06  7.7505 1.00000
  2.512E+07 2.512E+07 3.328E+00 1.430E-01 4.678E+00 2.204E+00 7.024E+00 1.035E+01 4.359E+06  7.9779 1.00000
  2.818E+07 2.819E+07 3.342E+00 1.634E-01 5.279E+00 2.511E+00 7.953E+00 1.129E+01 4.643E+06  8.2058 1.00000
  3.162E+07 3.162E+07 3.355E+00 1.866E-01 5.955E+00 2.861E+00 9.003E+00 1.236E+01 4.934E+06  8.4342 1.00000
  3.548E+07 3.548E+07 3.369E+00 2.130E-01 6.715E+00 3.261E+00 1.019E+01 1.356E+01 5.232E+06  8.6629 1.00000
  3.981E+07 3.981E+07 3.382E+00 2.430E-01 7.570E+00 3.718E+00 1.153E+01 1.491E+01 5.536E+06  8.8919 1.00000
  4.467E+07 4.467E+07 3.396E+00 2.771E-01 8.531E+00 4.239E+00 1.305E+01 1.644E+01 5.846E+06  9.1212 1.00000
  5.012E+07 5.012E+07 3.409E+00 3.158E-01 9.610E+00 4.834E+00 1.476E+01 1.817E+01 6.161E+06  9.3507 1.00000
  5.623E+07 5.624E+07 3.422E+00 3.598E-01 1.082E+01 5.514E+00 1.670E+01 2.012E+01 6.481E+06  9.5803 1.00000
  6.310E+07 6.310E+07 3.436E+00 4.096E-01 1.219E+01 6.290E+00 1.889E+01 2.232E+01 6.805E+06  9.8101 1.00000
  7.079E+07 7.080E+07 3.449E+00 4.662E-01 1.372E+01 7.177E+00 2.136E+01 2.481E+01 7.132E+06 10.0399 1.00000
  7.943E+07 7.943E+07 3.462E+00 5.303E-01 1.544E+01 8.190E+00 2.416E+01 2.762E+01 7.461E+06 10.2699 1.00000
  8.913E+07 8.913E+07 3.476E+00 6.029E-01 1.737E+01 9.347E+00 2.732E+01 3.080E+01 7.794E+06 10.4999 1.00000
  1.000E+08 1.000E+08 3.489E+00 6.852E-01 1.954E+01 1.067E+01 3.090E+01 3.439E+01 8.128E+06 10.7299 1.00000
  1.122E+08 1.122E+08 3.503E+00 7.784E-01 2.198E+01 1.218E+01 3.494E+01 3.844E+01 8.463E+06 10.9600 1.00000
  1.259E+08 1.259E+08 3.516E+00 8.839E-01 2.472E+01 1.390E+01 3.951E+01 4.302E+01 8.800E+06 11.1902 1.00000
  1.413E+08 1.413E+08 3.530E+00 1.003E+00 2.779E+01 1.588E+01 4.467E+01 4.820E+01 9.137E+06 11.4203 1.00000
  1.585E+08 1.585E+08 3.543E+00 1.138E+00 3.124E+01 1.813E+01 5.051E+01 5.405E+01 9.474E+06 11.6505 1.00000
  1.778E+08 1.778E+08 3.557E+00 1.291E+00 3.511E+01 2.070E+01 5.711E+01 6.067E+01 9.812E+06 11.8807 1.00000
  1.995E+08 1.995E+08 3.570E+00 1.463E+00 3.946E+01 2.365E+01 6.457E+01 6.814E+01 1.015E+07 12.1109 1.00000
  2.239E+08 2.239E+08 3.584E+00 1.658E+00 4.434E+01 2.701E+01 7.301E+01 7.660E+01 1.049E+07 12.3411 1.00000
  2.512E+08 2.512E+08 3.598E+00 1.878E+00 4.982E+01 3.086E+01 8.256E+01 8.616E+01 1.082E+07 12.5713 1.00000
  2.818E+08 2.818E+08 3.612E+00 2.126E+00 5.597E+01 3.525E+01 9.335E+01 9.697E+01 1.116E+07 12.8016 1.00000
  3.162E+08 3.162E+08 3.625E+00 2.406E+00 6.288E+01 4.028E+01 1.056E+02 1.092E+02 1.149E+07 13.0318 1.00000
  3.548E+08 3.548E+08 3.639E+00 2.723E+00 7.063E+01 4.603E+01 1.194E+02 1.230E+02 1.182E+07 13.2620 1.00000
  3.981E+08 3.981E+08 3.653E+00 3.079E+00 7.932E+01 5.259E+01 1.350E+02 1.387E+02 1.216E+07 13.4923 1.00000
  4.467E+08 4.467E+08 3.667E+00 3.481E+00 8.908E+01 6.011E+01 1.527E+02 1.563E+02 1.249E+07 13.7225 1.00000
  5.012E+08 5.012E+08 3.681E+00 3.935E+00 1.000E+02 6.870E+01 1.727E+02 1.763E+02 1.281E+07 13.9528 1.00000
  5.623E+08 5.623E+08 3.696E+00 4.446E+00 1.123E+02 7.852E+01 1.953E+02 1.990E+02 1.314E+07 14.1830 1.00000
  6.310E+08 6.310E+08 3.710E+00 5.021E+00 1.261E+02 8.975E+01 2.209E+02 2.246E+02 1.346E+07 14.4133 1.00000
  7.079E+08 7.079E+08 3.724E+00 5.670E+00 1.416E+02 1.026E+02 2.499E+02 2.536E+02 1.379E+07 14.6435 1.00000
  7.943E+08 7.943E+08 3.739E+00 6.400E+00 1.590E+02 1.173E+02 2.827E+02 2.864E+02 1.411E+07 14.8738 1.00000
  8.913E+08 8.913E+08 3.753E+00 7.221E+00 1.785E+02 1.341E+02 3.198E+02 3.236E+02 1.442E+07 15.1041 1.00000
  1.000E+09 1.000E+09 3.768E+00 8.147E+00 2.004E+02 1.533E+02 3.618E+02 3.656E+02 1.474E+07 15.3343 1.00000
  1.122E+09 1.122E+09 3.782E+00 9.188E+00 2.249E+02 1.753E+02 4.094E+02 4.132E+02 1.505E+07 15.5646 1.00000
  1.259E+09 1.259E+09 3.797E+00 1.036E+01 2.525E+02 2.005E+02 4.633E+02 4.671E+02 1.537E+07 15.7948 1.00000
  1.413E+09 1.413E+09 3.812E+00 1.168E+01 2.834E+02 2.293E+02 5.243E+02 5.281E+02 1.568E+07 16.0251 1.00000
  1.585E+09 1.585E+09 3.826E+00 1.316E+01 3.181E+02 2.622E+02 5.934E+02 5.973E+02 1.598E+07 16.2553 1.00000
  1.778E+09 1.778E+09 3.841E+00 1.482E+01 3.570E+02 2.999E+02 6.717E+02 6.755E+02 1.629E+07 16.4856 1.00000
  1.995E+09 1.995E+09 3.856E+00 1.670E+01 4.006E+02 3.430E+02 7.604E+02 7.642E+02 1.659E+07 16.7158 1.00000
  2.239E+09 2.239E+09 3.871E+00 1.880E+01 4.497E+02 3.924E+02 8.608E+02 8.647E+02 1.689E+07 16.9461 1.00000
  2.512E+09 2.512E+09 3.887E+00 2.117E+01 5.046E+02 4.489E+02 9.747E+02 9.786E+02 1.718E+07 17.1764 1.00000
  2.818E+09 2.818E+09 3.902E+00 2.383E+01 5.663E+02 5.135E+02 1.104E+03 1.108E+03 1.748E+07 17.4066 1.00000
  3.162E+09 3.162E+09 3.917E+00 2.682E+01 6.356E+02 5.875E+02 1.250E+03 1.254E+03 1.777E+07 17.6369 1.00000
  3.548E+09 3.548E+09 3.933E+00 3.018E+01 7.133E+02 6.722E+02 1.416E+03 1.420E+03 1.806E+07 17.8671 1.00000
  3.981E+09 3.981E+09 3.948E+00 3.396E+01 8.004E+02 7.691E+02 1.604E+03 1.607E+03 1.835E+07 18.0974 1.00000
  4.467E+09 4.467E+09 3.964E+00 3.820E+01 8.982E+02 8.801E+02 1.817E+03 1.820E+03 1.863E+07 18.3277 1.00000
  5.012E+09 5.012E+09 3.980E+00 4.296E+01 1.008E+03 1.007E+03 2.058E+03 2.062E+03 1.891E+07 18.5579 1.00000
  5.623E+09 5.623E+09 3.995E+00 4.831E+01 1.131E+03 1.153E+03 2.332E+03 2.336E+03 1.919E+07 18.7882 1.00000
  6.310E+09 6.310E+09 4.011E+00 5.431E+01 1.269E+03 1.319E+03 2.643E+03 2.647E+03 1.946E+07 19.0184 1.00000
  7.079E+09 7.079E+09 4.027E+00 6.106E+01 1.424E+03 1.510E+03 2.995E+03 2.999E+03 1.974E+07 19.2487 1.00000
  7.943E+09 7.943E+09 4.043E+00 6.863E+01 1.598E+03 1.728E+03 3.395E+03 3.399E+03 2.001E+07 19.4789 1.00000
  8.913E+09 8.913E+09 4.059E+00 7.714E+01 1.793E+03 1.978E+03 3.849E+03 3.853E+03 2.028E+07 19.7092 1.00000
  1.000E+10 1.000E+10 4.076E+00 8.669E+01 2.012E+03 2.264E+03 4.363E+03 4.367E+03 2.054E+07 19.9395 1.00000
  1.122E+10 1.122E+10 4.092E+00 9.741E+01 2.258E+03 2.592E+03 4.948E+03 4.952E+03 2.080E+07 20.1697 1.00000
  1.259E+10 1.259E+10 4.108E+00 1.094E+02 2.534E+03 2.968E+03 5.611E+03 5.615E+03 2.106E+07 20.4000 1.00000
  1.413E+10 1.413E+10 4.125E+00 1.229E+02 2.843E+03 3.398E+03 6.364E+03 6.368E+03 2.132E+07 20.6302 1.00000
  1.585E+10 1.585E+10 4.141E+00 1.381E+02 3.190E+03 3.890E+03 7.219E+03 7.223E+03 2.157E+07 20.8604 1.00000
  1.778E+10 1.778E+10 4.158E+00 1.551E+02 3.580E+03 4.455E+03 8.189E+03 8.194E+03 2.182E+07 21.0906 1.00000
  1.995E+10 1.995E+10 4.175E+00 1.742E+02 4.017E+03 5.101E+03 9.292E+03 9.296E+03 2.207E+07 21.3209 1.00000
  2.239E+10 2.239E+10 4.192E+00 1.957E+02 4.507E+03 5.842E+03 1.054E+04 1.055E+04 2.232E+07 21.5508 1.00000
  2.512E+10 2.512E+10 4.209E+00 2.198E+02 5.057E+03 6.690E+03 1.197E+04 1.197E+04 2.256E+07 21.7810 1.00000
  2.818E+10 2.818E+10 4.226E+00 2.468E+02 5.674E+03 7.662E+03 1.358E+04 1.359E+04 2.280E+07 22.0113 1.00000
  3.162E+10 3.162E+10 4.243E+00 2.771E+02 6.367E+03 8.776E+03 1.542E+04 1.542E+04 2.304E+07 22.2400 1.00000
  3.548E+10 3.548E+10 4.260E+00 3.111E+02 7.144E+03 1.005E+04 1.751E+04 1.751E+04 2.327E+07 22.4703 1.00000
  3.981E+10 3.981E+10 4.278E+00 3.493E+02 8.016E+03 1.151E+04 1.988E+04 1.988E+04 2.351E+07 22.7005 1.00000
  4.467E+10 4.467E+10 4.295E+00 3.922E+02 8.994E+03 1.319E+04 2.258E+04 2.258E+04 2.374E+07 22.9308 1.00000
  5.012E+10 5.012E+10 4.313E+00 4.402E+02 1.009E+04 1.511E+04 2.564E+04 2.565E+04 2.396E+07 23.1546 1.00000
  5.623E+10 5.623E+10 4.331E+00 4.942E+02 1.132E+04 1.731E+04 2.913E+04 2.913E+04 2.419E+07 23.3848 1.00000
  6.310E+10 6.310E+10 4.349E+00 5.548E+02 1.271E+04 1.984E+04 3.310E+04 3.310E+04 2.441E+07 23.6151 1.00000
  7.079E+10 7.079E+10 4.369E+00 6.227E+02 1.426E+04 2.273E+04 3.761E+04 3.761E+04 2.462E+07 23.8162 1.00000
  7.943E+10 7.943E+10 4.387E+00 6.990E+02 1.600E+04 2.604E+04 4.274E+04 4.274E+04 2.484E+07 24.0464 1.00000
  8.913E+10 8.913E+10 4.405E+00 7.845E+02 1.795E+04 2.984E+04 4.858E+04 4.858E+04 2.505E+07 24.2767 1.00000
  1.000E+11 1.000E+11 4.423E+00 8.806E+02 2.014E+04 3.420E+04 5.522E+04 5.522E+04 2.526E+07 24.5070 1.00000
  1.122E+11 1.122E+11 4.441E+00 9.883E+02 2.259E+04 3.920E+04 6.278E+04 6.278E+04 2.547E+07 24.7372 1.00000
  1.259E+11 1.259E+11 4.471E+00 1.109E+03 2.535E+04 4.492E+04 7.138E+04 7.139E+04 2.567E+07 24.8120 1.00000
  1.413E+11 1.413E+11 4.490E+00 1.245E+03 2.845E+04 5.149E+04 8.118E+04 8.118E+04 2.588E+07 25.0423 1.00000
  1.585E+11 1.585E+11 4.508E+00 1.397E+03 3.192E+04 5.902E+04 9.233E+04 9.234E+04 2.607E+07 25.2725 1.00000
  1.778E+11 1.778E+11 4.527E+00 1.568E+03 3.581E+04 6.765E+04 1.050E+05 1.050E+05 2.627E+07 25.5028 1.00000
  1.995E+11 1.995E+11 4.546E+00 1.760E+03 4.018E+04 7.755E+04 1.195E+05 1.195E+05 2.646E+07 25.7330 1.00000
  2.239E+11 2.239E+11 4.564E+00 1.975E+03 4.508E+04 8.891E+04 1.360E+05 1.360E+05 2.665E+07 25.9633 1.00000
  2.512E+11 2.512E+11 4.583E+00 2.216E+03 5.058E+04 1.019E+05 1.547E+05 1.547E+05 2.684E+07 26.1936 1.00000
  2.818E+11 2.818E+11 4.603E+00 2.487E+03 5.676E+04 1.169E+05 1.761E+05 1.761E+05 2.703E+07 26.4238 1.00000
  3.162E+11 3.162E+11 4.622E+00 2.790E+03 6.368E+04 1.340E+05 2.005E+05 2.005E+05 2.721E+07 26.6541 1.00000
  3.548E+11 3.548E+11 4.641E+00 3.131E+03 7.145E+04 1.537E+05 2.282E+05 2.282E+05 2.739E+07 26.8843 1.00000
  3.981E+11 3.981E+11 4.661E+00 3.514E+03 8.017E+04 1.762E+05 2.599E+05 2.599E+05 2.757E+07 27.1146 1.00000
  4.467E+11 4.467E+11 4.680E+00 3.943E+03 8.995E+04 2.021E+05 2.960E+05 2.960E+05 2.774E+07 27.3448 1.00000
  5.012E+11 5.012E+11 4.700E+00 4.424E+03 1.009E+05 2.317E+05 3.371E+05 3.371E+05 2.792E+07 27.5751 1.00000
  5.623E+11 5.623E+11 4.720E+00 4.965E+03 1.132E+05 2.658E+05 3.840E+05 3.840E+05 2.809E+07 27.8054 1.00000
  6.310E+11 6.310E+11 4.739E+00 5.571E+03 1.271E+05 3.048E+05 4.375E+05 4.375E+05 2.825E+07 28.0356 1.00000
  7.079E+11 7.079E+11 4.759E+00 6.251E+03 1.426E+05 3.497E+05 4.985E+05 4.985E+05 2.842E+07 28.2659 1.00000
  7.943E+11 7.943E+11 4.779E+00 7.014E+03 1.600E+05 4.011E+05 5.681E+05 5.681E+05 2.858E+07 28.4961 1.00000
  8.913E+11 8.913E+11 4.800E+00 7.870E+03 1.795E+05 4.601E+05 6.475E+05 6.475E+05 2.874E+07 28.7264 1.00000
  1.000E+12 1.000E+12 4.820E+00 8.831E+03 2.014E+05 5.279E+05 7.381E+05 7.381E+05 2.890E+07 28.9567 1.00000
  1.122E+12 1.122E+12 4.840E+00 9.909E+03 2.260E+05 6.056E+05 8.415E+05 8.415E+05 2.905E+07 29.1869 1.00000
  1.259E+12 1.259E+12 4.861E+00 1.112E+04 2.535E+05 6.948E+05 9.595E+05 9.595E+05 2.921E+07 29.4172 1.00000
  1.413E+12 1.413E+12 4.882E+00 1.248E+04 2.845E+05 7.972E+05 1.094E+06 1.094E+06 2.936E+07 29.6474 1.00000
  1.585E+12 1.585E+12 4.902E+00 1.400E+04 3.192E+05 9.148E+05 1.248E+06 1.248E+06 2.950E+07 29.8777 1.00000
  1.778E+12 1.778E+12 4.923E+00 1.571E+04 3.581E+05 1.050E+06 1.424E+06 1.424E+06 2.965E+07 30.1080 1.00000
  1.995E+12 1.995E+12 4.944E+00 1.762E+04 4.018E+05 1.205E+06 1.624E+06 1.624E+06 2.979E+07 30.3382 1.00000
  2.239E+12 2.239E+12 4.965E+00 1.977E+04 4.508E+05 1.382E+06 1.853E+06 1.853E+06 2.993E+07 30.5685 1.00000
  2.512E+12 2.512E+12 4.987E+00 2.219E+04 5.058E+05 1.587E+06 2.115E+06 2.115E+06 3.007E+07 30.7987 1.00000
  2.818E+12 2.818E+12 5.008E+00 2.490E+04 5.676E+05 1.821E+06 2.413E+06 2.413E+06 3.020E+07 31.0290 1.00000
  3.162E+12 3.162E+12 5.029E+00 2.793E+04 6.368E+05 2.090E+06 2.755E+06 2.755E+06 3.034E+07 31.2592 1.00000
  3.548E+12 3.548E+12 5.051E+00 3.134E+04 7.145E+05 2.399E+06 3.145E+06 3.145E+06 3.047E+07 31.4895 1.00000
  3.981E+12 3.981E+12 5.073E+00 3.517E+04 8.017E+05 2.754E+06 3.591E+06 3.591E+06 3.060E+07 31.7198 1.00000
  4.467E+12 4.467E+12 5.095E+00 3.946E+04 8.995E+05 3.162E+06 4.101E+06 4.101E+06 3.072E+07 31.9500 1.00000
  5.012E+12 5.012E+12 5.117E+00 4.427E+04 1.009E+06 3.630E+06 4.683E+06 4.683E+06 3.085E+07 32.1803 1.00000
  5.623E+12 5.623E+12 5.139E+00 4.968E+04 1.132E+06 4.167E+06 5.349E+06 5.349E+06 3.097E+07 32.4105 1.00000
  6.310E+12 6.310E+12 5.161E+00 5.574E+04 1.271E+06 4.785E+06 6.111E+06 6.111E+06 3.109E+07 32.6408 1.00000
  7.079E+12 7.079E+12 5.183E+00 6.254E+04 1.426E+06 5.494E+06 6.982E+06 6.982E+06 3.121E+07 32.8711 1.00000
  7.943E+12 7.943E+12 5.206E+00 7.017E+04 1.600E+06 6.308E+06 7.978E+06 7.978E+06 3.132E+07 33.1013 1.00000
  8.913E+12 8.913E+12 5.228E+00 7.874E+04 1.795E+06 7.244E+06 9.117E+06 9.117E+06 3.144E+07 33.3316 1.00000
  1.000E+13 1.000E+13 5.251E+00 8.834E+04 2.014E+06 8.318E+06 1.042E+07 1.042E+07 3.155E+07 33.5618 1.00000
  1.122E+13 1.122E+13 5.274E+00 9.912E+04 2.259E+06 9.553E+06 1.191E+07 1.191E+07 3.166E+07 33.7921 1.00000
  1.259E+13 1.259E+13 5.296E+00 1.112E+05 2.535E+06 1.097E+07 1.362E+07 1.362E+07 3.177E+07 34.0223 1.00000
  1.413E+13 1.413E+13 5.320E+00 1.248E+05 2.844E+06 1.260E+07 1.557E+07 1.557E+07 3.187E+07 34.2526 1.00000
  1.585E+13 1.585E+13 5.343E+00 1.400E+05 3.192E+06 1.447E+07 1.781E+07 1.781E+07 3.197E+07 34.4829 1.00000
  1.778E+13 1.778E+13 5.366E+00 1.571E+05 3.581E+06 1.663E+07 2.036E+07 2.036E+07 3.208E+07 34.7131 1.00000
  1.995E+13 1.995E+13 5.389E+00 1.763E+05 4.018E+06 1.910E+07 2.329E+07 2.329E+07 3.218E+07 34.9434 1.00000
  2.239E+13 2.239E+13 5.413E+00 1.978E+05 4.508E+06 2.194E+07 2.665E+07 2.665E+07 3.227E+07 35.1736 1.00000
  2.512E+13 2.512E+13 5.437E+00 2.219E+05 5.058E+06 2.520E+07 3.048E+07 3.048E+07 3.237E+07 35.4039 1.00000
  2.818E+13 2.818E+13 5.460E+00 2.490E+05 5.675E+06 2.896E+07 3.488E+07 3.488E+07 3.246E+07 35.6342 1.00000
  3.162E+13 3.162E+13 5.484E+00 2.794E+05 6.368E+06 3.327E+07 3.992E+07 3.992E+07 3.256E+07 35.8644 1.00000
  3.548E+13 3.548E+13 5.508E+00 3.135E+05 7.145E+06 3.823E+07 4.568E+07 4.568E+07 3.265E+07 36.0947 1.00000
  3.981E+13 3.981E+13 5.533E+00 3.517E+05 8.016E+06 4.392E+07 5.229E+07 5.229E+07 3.273E+07 36.3249 1.00000
  4.467E+13 4.467E+13 5.557E+00 3.946E+05 8.995E+06 5.047E+07 5.986E+07 5.986E+07 3.282E+07 36.5552 1.00000
  5.012E+13 5.012E+13 5.581E+00 4.428E+05 1.009E+07 5.800E+07 6.853E+07 6.853E+07 3.291E+07 36.7854 1.00000
  5.623E+13 5.623E+13 5.606E+00 4.968E+05 1.132E+07 6.665E+07 7.847E+07 7.847E+07 3.299E+07 37.0157 1.00000
  6.310E+13 6.310E+13 5.631E+00 5.574E+05 1.270E+07 7.660E+07 8.986E+07 8.986E+07 3.307E+07 37.2460 1.00000
  7.079E+13 7.079E+13 5.656E+00 6.255E+05 1.426E+07 8.804E+07 1.029E+08 1.029E+08 3.315E+07 37.4762 1.00000
  7.943E+13 7.943E+13 5.681E+00 7.018E+05 1.599E+07 1.012E+08 1.179E+08 1.179E+08 3.323E+07 37.7065 1.00000
  8.913E+13 8.913E+13 5.706E+00 7.874E+05 1.795E+07 1.163E+08 1.350E+08 1.350E+08 3.331E+07 37.9367 1.00000
  1.000E+14 1.000E+14 5.731E+00 8.835E+05 2.014E+07 1.337E+08 1.547E+08 1.547E+08 3.338E+07 38.1670 1.00000
  1.122E+14 1.122E+14 5.756E+00 9.913E+05 2.259E+07 1.537E+08 1.773E+08 1.773E+08 3.345E+07 38.3973 1.00000
  1.259E+14 1.259E+14 5.782E+00 1.112E+06 2.535E+07 1.767E+08 2.031E+08 2.031E+08 3.353E+07 38.6275 1.00000
  1.413E+14 1.413E+14 5.807E+00 1.248E+06 2.844E+07 2.031E+08 2.328E+08 2.328E+08 3.360E+07 38.8578 1.00000
  1.585E+14 1.585E+14 5.833E+00 1.400E+06 3.191E+07 2.335E+08 2.668E+08 2.668E+08 3.367E+07 39.0880 1.00000
  1.778E+14 1.778E+14 5.859E+00 1.571E+06 3.581E+07 2.685E+08 3.058E+08 3.058E+08 3.373E+07 39.3183 1.00000
  1.995E+14 1.995E+14 5.885E+00 1.763E+06 4.017E+07 3.087E+08 3.506E+08 3.506E+08 3.380E+07 39.5485 1.00000
  2.239E+14 2.239E+14 5.911E+00 1.978E+06 4.508E+07 3.549E+08 4.020E+08 4.020E+08 3.387E+07 39.7788 1.00000
  2.512E+14 2.512E+14 5.938E+00 2.219E+06 5.058E+07 4.081E+08 4.609E+08 4.609E+08 3.393E+07 40.0091 1.00000
  2.818E+14 2.818E+14 5.964E+00 2.490E+06 5.675E+07 4.693E+08 5.285E+08 5.285E+08 3.399E+07 40.2393 1.00000
  3.162E+14 3.162E+14 5.991E+00 2.794E+06 6.367E+07 5.397E+08 6.061E+08 6.061E+08 3.405E+07 40.4696 1.00000
  3.548E+14 3.548E+14 6.018E+00 3.135E+06 7.144E+07 6.206E+08 6.952E+08 6.952E+08 3.411E+07 40.6998 1.00000
  3.981E+14 3.981E+14 6.044E+00 3.517E+06 8.016E+07 7.138E+08 7.975E+08 7.975E+08 3.417E+07 40.9301 1.00000
  4.467E+14 4.467E+14 6.071E+00 3.946E+06 8.994E+07 8.209E+08 9.148E+08 9.148E+08 3.423E+07 41.1604 1.00000
  5.012E+14 5.012E+14 6.099E+00 4.428E+06 1.009E+08 9.442E+08 1.050E+09 1.050E+09 3.428E+07 41.3906 1.00000
  5.623E+14 5.623E+14 6.126E+00 4.968E+06 1.132E+08 1.086E+09 1.204E+09 1.204E+09 3.434E+07 41.6209 1.00000
  6.310E+14 6.310E+14 6.153E+00 5.574E+06 1.270E+08 1.249E+09 1.382E+09 1.382E+09 3.439E+07 41.8511 1.00000
  7.079E+14 7.079E+14 6.181E+00 6.255E+06 1.425E+08 1.437E+09 1.586E+09 1.586E+09 3.444E+07 42.0814 1.00000
  7.943E+14 7.943E+14 6.209E+00 7.018E+06 1.599E+08 1.653E+09 1.820E+09 1.820E+09 3.449E+07 42.3117 1.00000
  8.913E+14 8.913E+14 6.237E+00 7.874E+06 1.794E+08 1.902E+09 2.089E+09 2.089E+09 3.454E+07 42.5419 1.00000
  1.000E+15 1.000E+15 6.265E+00 8.835E+06 2.013E+08 2.188E+09 2.398E+09 2.398E+09 3.459E+07 42.7722 1.00000
