 Incident particle is a Tau with M = 1776.82000 MeV
 Index = 0: Copper
      Absorber with <Z/A> = 0.45636
 Sternheimer coef:  a     k=m_s   x_0    x_1    I[eV]   Cbar  delta0
                 0.1434  2.9044  0.0254  3.2792  322.0  4.4190 0.08

 *** Table generated with PUMAS v1.00 ***

      T         p     Ionization  brems     pair     photonuc  Radloss    dE/dx   CSDA Range  delta   beta
    [MeV]    [MeV/c]  -----------------------[MeV cm^2/g]------------------------  [g/cm^2]
  1.000E+05 1.018E+05 1.843E+00 4.679E-04 7.739E-03 7.866E-03 1.607E-02 1.859E+00 2.690E+04  4.1616 0.99985
  1.122E+05 1.140E+05 1.862E+00 5.416E-04 9.281E-03 8.851E-03 1.867E-02 1.881E+00 3.343E+04  4.3440 0.99988
  1.259E+05 1.277E+05 1.881E+00 6.266E-04 1.110E-02 9.907E-03 2.163E-02 1.903E+00 4.067E+04  4.5294 0.99990
  1.413E+05 1.430E+05 1.900E+00 7.245E-04 1.323E-02 1.109E-02 2.505E-02 1.926E+00 4.869E+04  4.7177 0.99992
  1.585E+05 1.603E+05 1.920E+00 8.373E-04 1.573E-02 1.241E-02 2.898E-02 1.949E+00 5.759E+04  4.9089 0.99994
  1.778E+05 1.796E+05 1.938E+00 9.671E-04 1.866E-02 1.388E-02 3.351E-02 1.972E+00 6.745E+04  5.1029 0.99995
  1.995E+05 2.013E+05 1.957E+00 1.116E-03 2.208E-02 1.555E-02 3.875E-02 1.996E+00 7.839E+04  5.2994 0.99996
  2.239E+05 2.256E+05 1.976E+00 1.288E-03 2.607E-02 1.737E-02 4.473E-02 2.021E+00 9.052E+04  5.4986 0.99997
  2.512E+05 2.530E+05 1.994E+00 1.486E-03 3.071E-02 1.940E-02 5.160E-02 2.046E+00 1.040E+05  5.7001 0.99998
  2.818E+05 2.836E+05 2.013E+00 1.712E-03 3.609E-02 2.169E-02 5.949E-02 2.072E+00 1.188E+05  5.9040 0.99998
  3.162E+05 3.180E+05 2.031E+00 1.973E-03 4.234E-02 2.426E-02 6.858E-02 2.099E+00 1.353E+05  6.1101 0.99998
  3.548E+05 3.566E+05 2.049E+00 2.271E-03 4.957E-02 2.714E-02 7.899E-02 2.128E+00 1.536E+05  6.3184 0.99999
  3.981E+05 3.999E+05 2.067E+00 2.614E-03 5.793E-02 3.035E-02 9.090E-02 2.158E+00 1.738E+05  6.5287 0.99999
  4.467E+05 4.485E+05 2.085E+00 3.007E-03 6.758E-02 3.394E-02 1.045E-01 2.189E+00 1.961E+05  6.7410 0.99999
  5.012E+05 5.030E+05 2.102E+00 3.457E-03 7.870E-02 3.796E-02 1.201E-01 2.222E+00 2.208E+05  6.9551 0.99999
  5.623E+05 5.641E+05 2.120E+00 3.973E-03 9.150E-02 4.231E-02 1.378E-01 2.257E+00 2.482E+05  7.1709 1.00000
  6.310E+05 6.327E+05 2.137E+00 4.564E-03 1.062E-01 4.720E-02 1.580E-01 2.295E+00 2.783E+05  7.3884 1.00000
  7.079E+05 7.097E+05 2.154E+00 5.240E-03 1.231E-01 5.271E-02 1.810E-01 2.335E+00 3.116E+05  7.6074 1.00000
  7.943E+05 7.961E+05 2.171E+00 6.014E-03 1.425E-01 5.892E-02 2.074E-01 2.378E+00 3.482E+05  7.8279 1.00000
  8.913E+05 8.930E+05 2.188E+00 6.899E-03 1.646E-01 6.593E-02 2.375E-01 2.425E+00 3.886E+05  8.0498 1.00000
  1.000E+06 1.002E+06 2.205E+00 7.911E-03 1.900E-01 7.384E-02 2.717E-01 2.476E+00 4.330E+05  8.2729 1.00000
  1.122E+06 1.124E+06 2.221E+00 9.068E-03 2.190E-01 8.279E-02 3.108E-01 2.532E+00 4.817E+05  8.4971 1.00000
  1.259E+06 1.261E+06 2.237E+00 1.039E-02 2.520E-01 9.291E-02 3.553E-01 2.593E+00 5.351E+05  8.7224 1.00000
  1.413E+06 1.414E+06 2.254E+00 1.190E-02 2.898E-01 1.044E-01 4.060E-01 2.660E+00 5.936E+05  8.9487 1.00000
  1.585E+06 1.587E+06 2.270E+00 1.362E-02 3.327E-01 1.173E-01 4.637E-01 2.733E+00 6.576E+05  9.1758 1.00000
  1.778E+06 1.780E+06 2.285E+00 1.559E-02 3.816E-01 1.321E-01 5.292E-01 2.815E+00 7.273E+05  9.4036 1.00000
  1.995E+06 1.997E+06 2.301E+00 1.784E-02 4.372E-01 1.487E-01 6.037E-01 2.905E+00 8.032E+05  9.6322 1.00000
  2.239E+06 2.240E+06 2.317E+00 2.040E-02 5.003E-01 1.677E-01 6.884E-01 3.005E+00 8.856E+05  9.8612 1.00000
  2.512E+06 2.514E+06 2.332E+00 2.332E-02 5.719E-01 1.892E-01 7.844E-01 3.117E+00 9.749E+05 10.0907 1.00000
  2.818E+06 2.820E+06 2.347E+00 2.666E-02 6.532E-01 2.136E-01 8.935E-01 3.241E+00 1.071E+06 10.3205 1.00000
  3.162E+06 3.164E+06 2.362E+00 3.045E-02 7.453E-01 2.414E-01 1.017E+00 3.379E+00 1.175E+06 10.5506 1.00000
  3.548E+06 3.550E+06 2.377E+00 3.478E-02 8.496E-01 2.729E-01 1.157E+00 3.535E+00 1.287E+06 10.7807 1.00000
  3.981E+06 3.983E+06 2.392E+00 3.971E-02 9.676E-01 3.088E-01 1.316E+00 3.708E+00 1.407E+06 11.0109 1.00000
  4.467E+06 4.469E+06 2.407E+00 4.532E-02 1.101E+00 3.496E-01 1.496E+00 3.903E+00 1.534E+06 11.2410 1.00000
  5.012E+06 5.014E+06 2.421E+00 5.171E-02 1.252E+00 3.961E-01 1.700E+00 4.121E+00 1.670E+06 11.4712 1.00000
  5.623E+06 5.625E+06 2.436E+00 5.898E-02 1.422E+00 4.490E-01 1.930E+00 4.366E+00 1.814E+06 11.7014 1.00000
  6.310E+06 6.311E+06 2.450E+00 6.724E-02 1.615E+00 5.092E-01 2.191E+00 4.641E+00 1.967E+06 11.9316 1.00000
  7.079E+06 7.081E+06 2.464E+00 7.665E-02 1.832E+00 5.778E-01 2.486E+00 4.950E+00 2.128E+06 12.1618 1.00000
  7.943E+06 7.945E+06 2.478E+00 8.734E-02 2.077E+00 6.559E-01 2.820E+00 5.298E+00 2.296E+06 12.3920 1.00000
  8.913E+06 8.914E+06 2.492E+00 9.949E-02 2.353E+00 7.449E-01 3.197E+00 5.689E+00 2.473E+06 12.6222 1.00000
  1.000E+07 1.000E+07 2.505E+00 1.133E-01 2.664E+00 8.464E-01 3.624E+00 6.129E+00 2.657E+06 12.8524 1.00000
  1.122E+07 1.122E+07 2.519E+00 1.290E-01 3.015E+00 9.620E-01 4.106E+00 6.624E+00 2.849E+06 13.0826 1.00000
  1.259E+07 1.259E+07 2.532E+00 1.468E-01 3.410E+00 1.094E+00 4.650E+00 7.182E+00 3.048E+06 13.3128 1.00000
  1.413E+07 1.413E+07 2.545E+00 1.670E-01 3.854E+00 1.244E+00 5.265E+00 7.811E+00 3.253E+06 13.5431 1.00000
  1.585E+07 1.585E+07 2.559E+00 1.900E-01 4.355E+00 1.415E+00 5.960E+00 8.519E+00 3.464E+06 13.7733 1.00000
  1.778E+07 1.778E+07 2.572E+00 2.160E-01 4.918E+00 1.611E+00 6.745E+00 9.316E+00 3.682E+06 14.0035 1.00000
  1.995E+07 1.995E+07 2.585E+00 2.455E-01 5.551E+00 1.834E+00 7.631E+00 1.022E+01 3.904E+06 14.2338 1.00000
  2.239E+07 2.239E+07 2.598E+00 2.790E-01 6.263E+00 2.088E+00 8.631E+00 1.123E+01 4.132E+06 14.4640 1.00000
  2.512E+07 2.512E+07 2.611E+00 3.170E-01 7.064E+00 2.378E+00 9.760E+00 1.237E+01 4.364E+06 14.6942 1.00000
  2.818E+07 2.819E+07 2.623E+00 3.600E-01 7.965E+00 2.709E+00 1.103E+01 1.366E+01 4.600E+06 14.9245 1.00000
  3.162E+07 3.162E+07 2.636E+00 4.087E-01 8.977E+00 3.087E+00 1.247E+01 1.511E+01 4.840E+06 15.1547 1.00000
  3.548E+07 3.548E+07 2.649E+00 4.638E-01 1.011E+01 3.518E+00 1.410E+01 1.675E+01 5.083E+06 15.3850 1.00000
  3.981E+07 3.981E+07 2.662E+00 5.263E-01 1.139E+01 4.010E+00 1.593E+01 1.859E+01 5.328E+06 15.6152 1.00000
  4.467E+07 4.467E+07 2.674E+00 5.970E-01 1.283E+01 4.572E+00 1.800E+01 2.067E+01 5.577E+06 15.8455 1.00000
  5.012E+07 5.012E+07 2.687E+00 6.769E-01 1.444E+01 5.213E+00 2.033E+01 2.302E+01 5.827E+06 16.0757 1.00000
  5.623E+07 5.624E+07 2.700E+00 7.674E-01 1.625E+01 5.945E+00 2.297E+01 2.567E+01 6.079E+06 16.3060 1.00000
  6.310E+07 6.310E+07 2.712E+00 8.697E-01 1.829E+01 6.780E+00 2.594E+01 2.865E+01 6.332E+06 16.5362 1.00000
  7.079E+07 7.080E+07 2.725E+00 9.853E-01 2.058E+01 7.734E+00 2.930E+01 3.202E+01 6.587E+06 16.7665 1.00000
  7.943E+07 7.943E+07 2.738E+00 1.116E+00 2.314E+01 8.823E+00 3.308E+01 3.582E+01 6.842E+06 16.9967 1.00000
  8.913E+07 8.913E+07 2.750E+00 1.264E+00 2.603E+01 1.007E+01 3.736E+01 4.011E+01 7.098E+06 17.2270 1.00000
  1.000E+08 1.000E+08 2.763E+00 1.430E+00 2.926E+01 1.149E+01 4.218E+01 4.494E+01 7.355E+06 17.4572 1.00000
  1.122E+08 1.122E+08 2.776E+00 1.619E+00 3.289E+01 1.311E+01 4.762E+01 5.040E+01 7.612E+06 17.6875 1.00000
  1.259E+08 1.259E+08 2.789E+00 1.831E+00 3.697E+01 1.496E+01 5.377E+01 5.655E+01 7.869E+06 17.9177 1.00000
  1.413E+08 1.413E+08 2.802E+00 2.071E+00 4.155E+01 1.708E+01 6.070E+01 6.350E+01 8.125E+06 18.1480 1.00000
  1.585E+08 1.585E+08 2.814E+00 2.341E+00 4.669E+01 1.949E+01 6.853E+01 7.134E+01 8.382E+06 18.3783 1.00000
  1.778E+08 1.778E+08 2.827E+00 2.646E+00 5.246E+01 2.225E+01 7.736E+01 8.019E+01 8.638E+06 18.6085 1.00000
  1.995E+08 1.995E+08 2.840E+00 2.991E+00 5.894E+01 2.541E+01 8.733E+01 9.017E+01 8.894E+06 18.8388 1.00000
  2.239E+08 2.239E+08 2.853E+00 3.378E+00 6.620E+01 2.901E+01 9.859E+01 1.014E+02 9.149E+06 19.0690 1.00000
  2.512E+08 2.512E+08 2.866E+00 3.816E+00 7.436E+01 3.312E+01 1.113E+02 1.142E+02 9.403E+06 19.2993 1.00000
  2.818E+08 2.818E+08 2.880E+00 4.308E+00 8.352E+01 3.783E+01 1.257E+02 1.285E+02 9.656E+06 19.5295 1.00000
  3.162E+08 3.162E+08 2.893E+00 4.863E+00 9.379E+01 4.320E+01 1.419E+02 1.447E+02 9.909E+06 19.7598 1.00000
  3.548E+08 3.548E+08 2.906E+00 5.488E+00 1.053E+02 4.934E+01 1.601E+02 1.631E+02 1.016E+07 19.9901 1.00000
  3.981E+08 3.981E+08 2.919E+00 6.192E+00 1.183E+02 5.636E+01 1.808E+02 1.837E+02 1.041E+07 20.2203 1.00000
  4.467E+08 4.467E+08 2.933E+00 6.984E+00 1.328E+02 6.437E+01 2.041E+02 2.071E+02 1.066E+07 20.4506 1.00000
  5.012E+08 5.012E+08 2.946E+00 7.876E+00 1.491E+02 7.354E+01 2.305E+02 2.334E+02 1.091E+07 20.6808 1.00000
  5.623E+08 5.623E+08 2.959E+00 8.879E+00 1.674E+02 8.401E+01 2.602E+02 2.632E+02 1.116E+07 20.9111 1.00000
  6.310E+08 6.310E+08 2.973E+00 1.001E+01 1.879E+02 9.598E+01 2.939E+02 2.968E+02 1.140E+07 21.1413 1.00000
  7.079E+08 7.079E+08 2.987E+00 1.128E+01 2.109E+02 1.097E+02 3.318E+02 3.348E+02 1.165E+07 21.3716 1.00000
  7.943E+08 7.943E+08 3.000E+00 1.271E+01 2.367E+02 1.253E+02 3.748E+02 3.778E+02 1.189E+07 21.6019 1.00000
  8.913E+08 8.913E+08 3.014E+00 1.431E+01 2.657E+02 1.432E+02 4.232E+02 4.262E+02 1.213E+07 21.8321 1.00000
  1.000E+09 1.000E+09 3.028E+00 1.612E+01 2.983E+02 1.636E+02 4.780E+02 4.810E+02 1.237E+07 22.0624 1.00000
  1.122E+09 1.122E+09 3.042E+00 1.815E+01 3.348E+02 1.870E+02 5.399E+02 5.430E+02 1.261E+07 22.2926 1.00000
  1.259E+09 1.259E+09 3.056E+00 2.043E+01 3.757E+02 2.137E+02 6.099E+02 6.129E+02 1.285E+07 22.5229 1.00000
  1.413E+09 1.413E+09 3.070E+00 2.300E+01 4.217E+02 2.442E+02 6.889E+02 6.920E+02 1.309E+07 22.7531 1.00000
  1.585E+09 1.585E+09 3.084E+00 2.588E+01 4.733E+02 2.792E+02 7.783E+02 7.814E+02 1.332E+07 22.9834 1.00000
  1.778E+09 1.778E+09 3.098E+00 2.912E+01 5.311E+02 3.191E+02 8.794E+02 8.825E+02 1.355E+07 23.2137 1.00000
  1.995E+09 1.995E+09 3.113E+00 3.276E+01 5.961E+02 3.648E+02 9.936E+02 9.967E+02 1.379E+07 23.4439 1.00000
  2.239E+09 2.239E+09 3.127E+00 3.685E+01 6.689E+02 4.170E+02 1.123E+03 1.126E+03 1.402E+07 23.6742 1.00000
  2.512E+09 2.512E+09 3.141E+00 4.145E+01 7.507E+02 4.768E+02 1.269E+03 1.272E+03 1.424E+07 23.9044 1.00000
  2.818E+09 2.818E+09 3.156E+00 4.661E+01 8.424E+02 5.451E+02 1.434E+03 1.437E+03 1.447E+07 24.1347 1.00000
  3.162E+09 3.162E+09 3.171E+00 5.240E+01 9.453E+02 6.233E+02 1.621E+03 1.624E+03 1.470E+07 24.3650 1.00000
  3.548E+09 3.548E+09 3.185E+00 5.891E+01 1.061E+03 7.127E+02 1.832E+03 1.836E+03 1.492E+07 24.5952 1.00000
  3.981E+09 3.981E+09 3.200E+00 6.622E+01 1.190E+03 8.149E+02 2.071E+03 2.075E+03 1.514E+07 24.8255 1.00000
  4.467E+09 4.467E+09 3.215E+00 7.442E+01 1.336E+03 9.319E+02 2.342E+03 2.345E+03 1.536E+07 25.0557 1.00000
  5.012E+09 5.012E+09 3.230E+00 8.364E+01 1.499E+03 1.066E+03 2.648E+03 2.651E+03 1.558E+07 25.2860 1.00000
  5.623E+09 5.623E+09 3.245E+00 9.398E+01 1.682E+03 1.219E+03 2.995E+03 2.998E+03 1.580E+07 25.5162 1.00000
  6.310E+09 6.310E+09 3.260E+00 1.056E+02 1.887E+03 1.394E+03 3.387E+03 3.390E+03 1.602E+07 25.7465 1.00000
  7.079E+09 7.079E+09 3.275E+00 1.186E+02 2.118E+03 1.595E+03 3.831E+03 3.834E+03 1.623E+07 25.9768 1.00000
  7.943E+09 7.943E+09 3.290E+00 1.333E+02 2.376E+03 1.824E+03 4.333E+03 4.337E+03 1.644E+07 26.2070 1.00000
  8.913E+09 8.913E+09 3.306E+00 1.497E+02 2.666E+03 2.087E+03 4.902E+03 4.906E+03 1.665E+07 26.4373 1.00000
  1.000E+10 1.000E+10 3.321E+00 1.681E+02 2.992E+03 2.387E+03 5.547E+03 5.550E+03 1.686E+07 26.6675 1.00000
  1.122E+10 1.122E+10 3.337E+00 1.888E+02 3.357E+03 2.731E+03 6.276E+03 6.280E+03 1.707E+07 26.8978 1.00000
  1.259E+10 1.259E+10 3.352E+00 2.121E+02 3.766E+03 3.124E+03 7.103E+03 7.106E+03 1.727E+07 27.1281 1.00000
  1.413E+10 1.413E+10 3.368E+00 2.382E+02 4.226E+03 3.575E+03 8.039E+03 8.042E+03 1.748E+07 27.3583 1.00000
  1.585E+10 1.585E+10 3.384E+00 2.674E+02 4.742E+03 4.090E+03 9.100E+03 9.103E+03 1.768E+07 27.5886 1.00000
  1.778E+10 1.778E+10 3.400E+00 3.003E+02 5.320E+03 4.681E+03 1.030E+04 1.030E+04 1.788E+07 27.8188 1.00000
  1.995E+10 1.995E+10 3.416E+00 3.371E+02 5.970E+03 5.356E+03 1.166E+04 1.167E+04 1.808E+07 28.0491 1.00000
  2.239E+10 2.239E+10 3.432E+00 3.785E+02 6.698E+03 6.130E+03 1.321E+04 1.321E+04 1.827E+07 28.2794 1.00000
  2.512E+10 2.512E+10 3.448E+00 4.249E+02 7.515E+03 7.015E+03 1.496E+04 1.496E+04 1.847E+07 28.5096 1.00000
  2.818E+10 2.818E+10 3.464E+00 4.770E+02 8.432E+03 8.029E+03 1.694E+04 1.694E+04 1.866E+07 28.7399 1.00000
  3.162E+10 3.162E+10 3.481E+00 5.355E+02 9.461E+03 9.190E+03 1.919E+04 1.919E+04 1.885E+07 28.9701 1.00000
  3.548E+10 3.548E+10 3.497E+00 6.011E+02 1.062E+04 1.052E+04 2.174E+04 2.174E+04 1.904E+07 29.2004 1.00000
  3.981E+10 3.981E+10 3.513E+00 6.747E+02 1.191E+04 1.204E+04 2.463E+04 2.463E+04 1.923E+07 29.4306 1.00000
  4.467E+10 4.467E+10 3.530E+00 7.573E+02 1.336E+04 1.378E+04 2.791E+04 2.791E+04 1.942E+07 29.6609 1.00000
  5.012E+10 5.012E+10 3.547E+00 8.500E+02 1.499E+04 1.578E+04 3.163E+04 3.163E+04 1.960E+07 29.8912 1.00000
  5.623E+10 5.623E+10 3.564E+00 9.541E+02 1.682E+04 1.807E+04 3.585E+04 3.585E+04 1.978E+07 30.1214 1.00000
  6.310E+10 6.310E+10 3.581E+00 1.071E+03 1.888E+04 2.069E+04 4.063E+04 4.064E+04 1.996E+07 30.3517 1.00000
  7.079E+10 7.079E+10 3.598E+00 1.202E+03 2.118E+04 2.369E+04 4.607E+04 4.607E+04 2.014E+07 30.5819 1.00000
  7.943E+10 7.943E+10 3.615E+00 1.349E+03 2.376E+04 2.712E+04 5.223E+04 5.224E+04 2.032E+07 30.8122 1.00000
  8.913E+10 8.913E+10 3.632E+00 1.514E+03 2.666E+04 3.106E+04 5.923E+04 5.924E+04 2.049E+07 31.0425 1.00000
  1.000E+11 1.000E+11 3.649E+00 1.699E+03 2.992E+04 3.557E+04 6.718E+04 6.719E+04 2.066E+07 31.2727 1.00000
  1.122E+11 1.122E+11 3.667E+00 1.906E+03 3.357E+04 4.073E+04 7.620E+04 7.621E+04 2.083E+07 31.5030 1.00000
  1.259E+11 1.259E+11 3.684E+00 2.139E+03 3.766E+04 4.665E+04 8.645E+04 8.645E+04 2.100E+07 31.7332 1.00000
  1.413E+11 1.413E+11 3.702E+00 2.401E+03 4.225E+04 5.343E+04 9.809E+04 9.809E+04 2.117E+07 31.9635 1.00000
  1.585E+11 1.585E+11 3.719E+00 2.694E+03 4.741E+04 6.120E+04 1.113E+05 1.113E+05 2.134E+07 32.1937 1.00000
  1.778E+11 1.778E+11 3.737E+00 3.023E+03 5.319E+04 7.011E+04 1.263E+05 1.263E+05 2.150E+07 32.4240 1.00000
  1.995E+11 1.995E+11 3.755E+00 3.392E+03 5.968E+04 8.031E+04 1.434E+05 1.434E+05 2.166E+07 32.6543 1.00000
  2.239E+11 2.239E+11 3.773E+00 3.807E+03 6.696E+04 9.201E+04 1.628E+05 1.628E+05 2.182E+07 32.8845 1.00000
  2.512E+11 2.512E+11 3.791E+00 4.272E+03 7.513E+04 1.054E+05 1.848E+05 1.848E+05 2.198E+07 33.1148 1.00000
  2.818E+11 2.818E+11 3.809E+00 4.793E+03 8.429E+04 1.208E+05 2.099E+05 2.099E+05 2.213E+07 33.3450 1.00000
  3.162E+11 3.162E+11 3.827E+00 5.379E+03 9.458E+04 1.384E+05 2.383E+05 2.383E+05 2.229E+07 33.5753 1.00000
  3.548E+11 3.548E+11 3.846E+00 6.035E+03 1.061E+05 1.586E+05 2.707E+05 2.707E+05 2.244E+07 33.8056 1.00000
  3.981E+11 3.981E+11 3.864E+00 6.772E+03 1.191E+05 1.817E+05 3.075E+05 3.075E+05 2.259E+07 34.0358 1.00000
  4.467E+11 4.467E+11 3.883E+00 7.599E+03 1.336E+05 2.082E+05 3.494E+05 3.494E+05 2.274E+07 34.2661 1.00000
  5.012E+11 5.012E+11 3.902E+00 8.527E+03 1.499E+05 2.386E+05 3.970E+05 3.970E+05 2.289E+07 34.4963 1.00000
  5.623E+11 5.623E+11 3.920E+00 9.568E+03 1.682E+05 2.735E+05 4.512E+05 4.512E+05 2.303E+07 34.7266 1.00000
  6.310E+11 6.310E+11 3.939E+00 1.074E+04 1.887E+05 3.134E+05 5.128E+05 5.128E+05 2.317E+07 34.9568 1.00000
  7.079E+11 7.079E+11 3.958E+00 1.205E+04 2.117E+05 3.592E+05 5.830E+05 5.830E+05 2.331E+07 35.1871 1.00000
  7.943E+11 7.943E+11 3.978E+00 1.352E+04 2.375E+05 4.118E+05 6.628E+05 6.628E+05 2.345E+07 35.4174 1.00000
  8.913E+11 8.913E+11 3.997E+00 1.517E+04 2.665E+05 4.720E+05 7.537E+05 7.537E+05 2.359E+07 35.6476 1.00000
  1.000E+12 1.000E+12 4.016E+00 1.702E+04 2.990E+05 5.411E+05 8.571E+05 8.571E+05 2.373E+07 35.8779 1.00000
  1.122E+12 1.122E+12 4.036E+00 1.909E+04 3.354E+05 6.204E+05 9.749E+05 9.749E+05 2.386E+07 36.1081 1.00000
  1.259E+12 1.259E+12 4.055E+00 2.142E+04 3.764E+05 7.112E+05 1.109E+06 1.109E+06 2.399E+07 36.3384 1.00000
  1.413E+12 1.413E+12 4.075E+00 2.404E+04 4.223E+05 8.155E+05 1.262E+06 1.262E+06 2.412E+07 36.5687 1.00000
  1.585E+12 1.585E+12 4.095E+00 2.697E+04 4.738E+05 9.350E+05 1.436E+06 1.436E+06 2.425E+07 36.7989 1.00000
  1.778E+12 1.778E+12 4.114E+00 3.026E+04 5.316E+05 1.072E+06 1.634E+06 1.634E+06 2.438E+07 37.0292 1.00000
  1.995E+12 1.995E+12 4.134E+00 3.396E+04 5.964E+05 1.229E+06 1.860E+06 1.860E+06 2.450E+07 37.2594 1.00000
  2.239E+12 2.239E+12 4.154E+00 3.810E+04 6.691E+05 1.410E+06 2.117E+06 2.117E+06 2.463E+07 37.4897 1.00000
  2.512E+12 2.512E+12 4.175E+00 4.275E+04 7.508E+05 1.617E+06 2.410E+06 2.410E+06 2.475E+07 37.7199 1.00000
  2.818E+12 2.818E+12 4.195E+00 4.797E+04 8.423E+05 1.854E+06 2.745E+06 2.745E+06 2.487E+07 37.9502 1.00000
  3.162E+12 3.162E+12 4.215E+00 5.382E+04 9.451E+05 2.127E+06 3.126E+06 3.126E+06 2.498E+07 38.1805 1.00000
  3.548E+12 3.548E+12 4.236E+00 6.039E+04 1.060E+06 2.440E+06 3.560E+06 3.560E+06 2.510E+07 38.4107 1.00000
  3.981E+12 3.981E+12 4.257E+00 6.776E+04 1.190E+06 2.798E+06 4.056E+06 4.056E+06 2.521E+07 38.6410 1.00000
  4.467E+12 4.467E+12 4.277E+00 7.603E+04 1.335E+06 3.210E+06 4.621E+06 4.621E+06 2.533E+07 38.8712 1.00000
  5.012E+12 5.012E+12 4.298E+00 8.531E+04 1.498E+06 3.683E+06 5.265E+06 5.265E+06 2.544E+07 39.1015 1.00000
  5.623E+12 5.623E+12 4.319E+00 9.572E+04 1.680E+06 4.225E+06 6.001E+06 6.001E+06 2.555E+07 39.3318 1.00000
  6.310E+12 6.310E+12 4.340E+00 1.074E+05 1.885E+06 4.847E+06 6.840E+06 6.840E+06 2.565E+07 39.5620 1.00000
  7.079E+12 7.079E+12 4.362E+00 1.205E+05 2.115E+06 5.561E+06 7.797E+06 7.797E+06 2.576E+07 39.7923 1.00000
  7.943E+12 7.943E+12 4.383E+00 1.352E+05 2.373E+06 6.381E+06 8.889E+06 8.889E+06 2.586E+07 40.0225 1.00000
  8.913E+12 8.913E+12 4.404E+00 1.517E+05 2.662E+06 7.322E+06 1.014E+07 1.014E+07 2.596E+07 40.2528 1.00000
  1.000E+13 1.000E+13 4.426E+00 1.702E+05 2.987E+06 8.402E+06 1.156E+07 1.156E+07 2.607E+07 40.4831 1.00000
  1.122E+13 1.122E+13 4.448E+00 1.910E+05 3.352E+06 9.642E+06 1.318E+07 1.318E+07 2.616E+07 40.7133 1.00000
  1.259E+13 1.259E+13 4.470E+00 2.143E+05 3.760E+06 1.107E+07 1.504E+07 1.504E+07 2.626E+07 40.9436 1.00000
  1.413E+13 1.413E+13 4.492E+00 2.404E+05 4.219E+06 1.270E+07 1.716E+07 1.716E+07 2.636E+07 41.1738 1.00000
  1.585E+13 1.585E+13 4.514E+00 2.698E+05 4.733E+06 1.458E+07 1.958E+07 1.958E+07 2.645E+07 41.4041 1.00000
  1.778E+13 1.778E+13 4.536E+00 3.027E+05 5.311E+06 1.673E+07 2.234E+07 2.234E+07 2.654E+07 41.6343 1.00000
  1.995E+13 1.995E+13 4.558E+00 3.396E+05 5.958E+06 1.920E+07 2.550E+07 2.550E+07 2.664E+07 41.8646 1.00000
  2.239E+13 2.239E+13 4.580E+00 3.811E+05 6.685E+06 2.204E+07 2.911E+07 2.911E+07 2.673E+07 42.0949 1.00000
  2.512E+13 2.512E+13 4.603E+00 4.276E+05 7.500E+06 2.531E+07 3.323E+07 3.323E+07 2.681E+07 42.3251 1.00000
  2.818E+13 2.818E+13 4.626E+00 4.797E+05 8.415E+06 2.905E+07 3.795E+07 3.795E+07 2.690E+07 42.5554 1.00000
  3.162E+13 3.162E+13 4.648E+00 5.383E+05 9.441E+06 3.335E+07 4.333E+07 4.333E+07 2.698E+07 42.7856 1.00000
  3.548E+13 3.548E+13 4.671E+00 6.039E+05 1.059E+07 3.829E+07 4.949E+07 4.949E+07 2.707E+07 43.0159 1.00000
  3.981E+13 3.981E+13 4.694E+00 6.776E+05 1.188E+07 4.397E+07 5.653E+07 5.653E+07 2.715E+07 43.2462 1.00000
  4.467E+13 4.467E+13 4.718E+00 7.603E+05 1.333E+07 5.049E+07 6.458E+07 6.458E+07 2.723E+07 43.4764 1.00000
  5.012E+13 5.012E+13 4.741E+00 8.531E+05 1.496E+07 5.797E+07 7.379E+07 7.379E+07 2.731E+07 43.7067 1.00000
  5.623E+13 5.623E+13 4.764E+00 9.572E+05 1.678E+07 6.657E+07 8.431E+07 8.431E+07 2.739E+07 43.9369 1.00000
  6.310E+13 6.310E+13 4.788E+00 1.074E+06 1.883E+07 7.645E+07 9.636E+07 9.636E+07 2.746E+07 44.1672 1.00000
  7.079E+13 7.079E+13 4.811E+00 1.205E+06 2.113E+07 8.780E+07 1.101E+08 1.101E+08 2.754E+07 44.3974 1.00000
  7.943E+13 7.943E+13 4.835E+00 1.352E+06 2.371E+07 1.008E+08 1.259E+08 1.259E+08 2.761E+07 44.6277 1.00000
  8.913E+13 8.913E+13 4.859E+00 1.517E+06 2.660E+07 1.158E+08 1.439E+08 1.439E+08 2.768E+07 44.8580 1.00000
  1.000E+14 1.000E+14 4.883E+00 1.702E+06 2.984E+07 1.330E+08 1.646E+08 1.646E+08 2.776E+07 45.0882 1.00000
  1.122E+14 1.122E+14 4.907E+00 1.910E+06 3.348E+07 1.528E+08 1.882E+08 1.882E+08 2.783E+07 45.3185 1.00000
  1.259E+14 1.259E+14 4.931E+00 2.143E+06 3.756E+07 1.755E+08 2.152E+08 2.152E+08 2.789E+07 45.5487 1.00000
  1.413E+14 1.413E+14 4.956E+00 2.404E+06 4.214E+07 2.016E+08 2.462E+08 2.462E+08 2.796E+07 45.7790 1.00000
  1.585E+14 1.585E+14 4.980E+00 2.698E+06 4.728E+07 2.317E+08 2.816E+08 2.816E+08 2.803E+07 46.0093 1.00000
  1.778E+14 1.778E+14 5.005E+00 3.027E+06 5.305E+07 2.661E+08 3.222E+08 3.222E+08 2.809E+07 46.2395 1.00000
  1.995E+14 1.995E+14 5.030E+00 3.396E+06 5.952E+07 3.058E+08 3.687E+08 3.687E+08 2.815E+07 46.4698 1.00000
  2.239E+14 2.239E+14 5.055E+00 3.811E+06 6.677E+07 3.513E+08 4.219E+08 4.219E+08 2.822E+07 46.7000 1.00000
  2.512E+14 2.512E+14 5.080E+00 4.276E+06 7.492E+07 4.037E+08 4.829E+08 4.829E+08 2.828E+07 46.9303 1.00000
  2.818E+14 2.818E+14 5.105E+00 4.797E+06 8.405E+07 4.639E+08 5.527E+08 5.527E+08 2.834E+07 47.1605 1.00000
  3.162E+14 3.162E+14 5.130E+00 5.383E+06 9.430E+07 5.330E+08 6.327E+08 6.327E+08 2.839E+07 47.3908 1.00000
  3.548E+14 3.548E+14 5.156E+00 6.040E+06 1.058E+08 6.125E+08 7.244E+08 7.244E+08 2.845E+07 47.6211 1.00000
  3.981E+14 3.981E+14 5.181E+00 6.776E+06 1.187E+08 7.040E+08 8.294E+08 8.294E+08 2.851E+07 47.8513 1.00000
  4.467E+14 4.467E+14 5.207E+00 7.603E+06 1.332E+08 8.090E+08 9.498E+08 9.498E+08 2.856E+07 48.0816 1.00000
  5.012E+14 5.012E+14 5.233E+00 8.531E+06 1.494E+08 9.299E+08 1.088E+09 1.088E+09 2.862E+07 48.3118 1.00000
  5.623E+14 5.623E+14 5.259E+00 9.572E+06 1.676E+08 1.069E+09 1.246E+09 1.246E+09 2.867E+07 48.5421 1.00000
  6.310E+14 6.310E+14 5.285E+00 1.074E+07 1.881E+08 1.228E+09 1.427E+09 1.427E+09 2.872E+07 48.7724 1.00000
  7.079E+14 7.079E+14 5.311E+00 1.205E+07 2.110E+08 1.412E+09 1.635E+09 1.635E+09 2.877E+07 49.0026 1.00000
  7.943E+14 7.943E+14 5.338E+00 1.352E+07 2.367E+08 1.623E+09 1.874E+09 1.874E+09 2.882E+07 49.2329 1.00000
  8.913E+14 8.913E+14 5.364E+00 1.517E+07 2.656E+08 1.866E+09 2.147E+09 2.147E+09 2.887E+07 49.4631 1.00000
  1.000E+15 1.000E+15 5.391E+00 1.702E+07 2.980E+08 2.145E+09 2.460E+09 2.460E+09 2.892E+07 49.6934 1.00000
