 Incident particle is a Tau with M = 1776.82000 MeV
 Index = 0: DeuteriumOxideLiquid
      Absorber with <Z/A> = 0.49931
 Sternheimer coef:  a     k=m_s   x_0    x_1    I[eV]   Cbar  delta0
                 0.0912  3.4773  0.2400  2.8004   79.7  3.5017 0.00

 *** Table generated with PUMAS v1.00 ***

      T         p     Ionization  brems     pair     photonuc  Radloss    dE/dx   CSDA Range  delta   beta
    [MeV]    [MeV/c]  -----------------------[MeV cm^2/g]------------------------  [g/cm^2]
  1.000E+05 1.018E+05 2.189E+00 1.301E-04 2.032E-03 8.408E-03 1.057E-02 2.199E+00 2.273E+04  4.6993 0.99985
  1.122E+05 1.140E+05 2.208E+00 1.503E-04 2.453E-03 9.500E-03 1.210E-02 2.220E+00 2.825E+04  4.9095 0.99988
  1.259E+05 1.277E+05 2.227E+00 1.735E-04 2.951E-03 1.068E-02 1.380E-02 2.241E+00 3.439E+04  5.1220 0.99990
  1.413E+05 1.430E+05 2.246E+00 2.003E-04 3.537E-03 1.200E-02 1.574E-02 2.262E+00 4.122E+04  5.3365 0.99992
  1.585E+05 1.603E+05 2.265E+00 2.310E-04 4.226E-03 1.349E-02 1.795E-02 2.283E+00 4.880E+04  5.5530 0.99994
  1.778E+05 1.796E+05 2.284E+00 2.664E-04 5.035E-03 1.515E-02 2.045E-02 2.304E+00 5.723E+04  5.7713 0.99995
  1.995E+05 2.013E+05 2.302E+00 3.070E-04 5.983E-03 1.704E-02 2.333E-02 2.326E+00 6.661E+04  5.9911 0.99996
  2.239E+05 2.256E+05 2.321E+00 3.537E-04 7.091E-03 1.911E-02 2.656E-02 2.348E+00 7.703E+04  6.2125 0.99997
  2.512E+05 2.530E+05 2.340E+00 4.073E-04 8.384E-03 2.144E-02 3.023E-02 2.370E+00 8.861E+04  6.4352 0.99998
  2.818E+05 2.836E+05 2.358E+00 4.689E-04 9.889E-03 2.405E-02 3.441E-02 2.393E+00 1.015E+05  6.6590 0.99998
  3.162E+05 3.180E+05 2.377E+00 5.395E-04 1.164E-02 2.702E-02 3.919E-02 2.416E+00 1.158E+05  6.8840 0.99998
  3.548E+05 3.566E+05 2.395E+00 6.204E-04 1.367E-02 3.034E-02 4.463E-02 2.440E+00 1.317E+05  7.1099 0.99999
  3.981E+05 3.999E+05 2.414E+00 7.133E-04 1.602E-02 3.406E-02 5.079E-02 2.464E+00 1.493E+05  7.3366 0.99999
  4.467E+05 4.485E+05 2.432E+00 8.197E-04 1.875E-02 3.822E-02 5.779E-02 2.490E+00 1.689E+05  7.5640 0.99999
  5.012E+05 5.030E+05 2.450E+00 9.417E-04 2.190E-02 4.291E-02 6.575E-02 2.516E+00 1.907E+05  7.7920 0.99999
  5.623E+05 5.641E+05 2.468E+00 1.081E-03 2.553E-02 4.800E-02 7.461E-02 2.543E+00 2.149E+05  8.0205 1.00000
  6.310E+05 6.327E+05 2.486E+00 1.241E-03 2.972E-02 5.374E-02 8.470E-02 2.571E+00 2.417E+05  8.2495 1.00000
  7.079E+05 7.097E+05 2.504E+00 1.425E-03 3.455E-02 6.021E-02 9.618E-02 2.600E+00 2.715E+05  8.4787 1.00000
  7.943E+05 7.961E+05 2.522E+00 1.634E-03 4.009E-02 6.753E-02 1.093E-01 2.631E+00 3.045E+05  8.7082 1.00000
  8.913E+05 8.930E+05 2.540E+00 1.874E-03 4.646E-02 7.580E-02 1.241E-01 2.664E+00 3.411E+05  8.9379 1.00000
  1.000E+06 1.002E+06 2.558E+00 2.149E-03 5.377E-02 8.515E-02 1.411E-01 2.699E+00 3.817E+05  9.1677 1.00000
  1.122E+06 1.124E+06 2.575E+00 2.463E-03 6.214E-02 9.575E-02 1.603E-01 2.735E+00 4.266E+05  9.3976 1.00000
  1.259E+06 1.261E+06 2.593E+00 2.822E-03 7.172E-02 1.077E-01 1.823E-01 2.775E+00 4.763E+05  9.6275 1.00000
  1.413E+06 1.414E+06 2.610E+00 3.232E-03 8.268E-02 1.214E-01 2.073E-01 2.817E+00 5.313E+05  9.8574 1.00000
  1.585E+06 1.587E+06 2.627E+00 3.701E-03 9.520E-02 1.368E-01 2.357E-01 2.863E+00 5.919E+05 10.0874 1.00000
  1.778E+06 1.780E+06 2.645E+00 4.237E-03 1.095E-01 1.543E-01 2.680E-01 2.913E+00 6.589E+05 10.3174 1.00000
  1.995E+06 1.997E+06 2.662E+00 4.850E-03 1.258E-01 1.742E-01 3.048E-01 2.966E+00 7.327E+05 10.5475 1.00000
  2.239E+06 2.240E+06 2.679E+00 5.549E-03 1.443E-01 1.967E-01 3.466E-01 3.025E+00 8.140E+05 10.7776 1.00000
  2.512E+06 2.514E+06 2.695E+00 6.348E-03 1.654E-01 2.224E-01 3.942E-01 3.090E+00 9.034E+05 11.0076 1.00000
  2.818E+06 2.820E+06 2.712E+00 7.260E-03 1.894E-01 2.516E-01 4.483E-01 3.160E+00 1.001E+06 11.2377 1.00000
  3.162E+06 3.164E+06 2.728E+00 8.301E-03 2.167E-01 2.847E-01 5.097E-01 3.238E+00 1.109E+06 11.4679 1.00000
  3.548E+06 3.550E+06 2.745E+00 9.488E-03 2.477E-01 3.225E-01 5.796E-01 3.324E+00 1.227E+06 11.6980 1.00000
  3.981E+06 3.983E+06 2.761E+00 1.084E-02 2.828E-01 3.654E-01 6.590E-01 3.420E+00 1.355E+06 11.9282 1.00000
  4.467E+06 4.469E+06 2.777E+00 1.239E-02 3.226E-01 4.142E-01 7.492E-01 3.526E+00 1.495E+06 12.1583 1.00000
  5.012E+06 5.014E+06 2.793E+00 1.415E-02 3.677E-01 4.699E-01 8.517E-01 3.645E+00 1.647E+06 12.3885 1.00000
  5.623E+06 5.625E+06 2.809E+00 1.616E-02 4.187E-01 5.332E-01 9.681E-01 3.777E+00 1.812E+06 12.6187 1.00000
  6.310E+06 6.311E+06 2.824E+00 1.845E-02 4.765E-01 6.053E-01 1.100E+00 3.924E+00 1.990E+06 12.8489 1.00000
  7.079E+06 7.081E+06 2.840E+00 2.105E-02 5.418E-01 6.875E-01 1.250E+00 4.090E+00 2.182E+06 13.0791 1.00000
  7.943E+06 7.945E+06 2.855E+00 2.402E-02 6.156E-01 7.812E-01 1.421E+00 4.276E+00 2.389E+06 13.3093 1.00000
  8.913E+06 8.914E+06 2.870E+00 2.740E-02 6.990E-01 8.879E-01 1.614E+00 4.484E+00 2.610E+06 13.5395 1.00000
  1.000E+07 1.000E+07 2.885E+00 3.125E-02 7.931E-01 1.010E+00 1.834E+00 4.719E+00 2.847E+06 13.7697 1.00000
  1.122E+07 1.122E+07 2.900E+00 3.563E-02 8.993E-01 1.148E+00 2.083E+00 4.983E+00 3.099E+06 13.9999 1.00000
  1.259E+07 1.259E+07 2.914E+00 4.061E-02 1.019E+00 1.306E+00 2.366E+00 5.280E+00 3.366E+06 14.2301 1.00000
  1.413E+07 1.413E+07 2.929E+00 4.628E-02 1.154E+00 1.487E+00 2.687E+00 5.616E+00 3.648E+06 14.4604 1.00000
  1.585E+07 1.585E+07 2.943E+00 5.272E-02 1.306E+00 1.692E+00 3.051E+00 5.995E+00 3.945E+06 14.6906 1.00000
  1.778E+07 1.778E+07 2.958E+00 6.004E-02 1.478E+00 1.927E+00 3.465E+00 6.422E+00 4.257E+06 14.9208 1.00000
  1.995E+07 1.995E+07 2.972E+00 6.836E-02 1.671E+00 2.194E+00 3.934E+00 6.906E+00 4.583E+06 15.1511 1.00000
  2.239E+07 2.239E+07 2.986E+00 7.781E-02 1.888E+00 2.500E+00 4.466E+00 7.452E+00 4.923E+06 15.3813 1.00000
  2.512E+07 2.512E+07 3.000E+00 8.854E-02 2.133E+00 2.848E+00 5.070E+00 8.070E+00 5.275E+06 15.6115 1.00000
  2.818E+07 2.819E+07 3.014E+00 1.007E-01 2.408E+00 3.245E+00 5.755E+00 8.769E+00 5.640E+06 15.8418 1.00000
  3.162E+07 3.162E+07 3.028E+00 1.146E-01 2.718E+00 3.699E+00 6.532E+00 9.560E+00 6.016E+06 16.0720 1.00000
  3.548E+07 3.548E+07 3.042E+00 1.302E-01 3.067E+00 4.217E+00 7.413E+00 1.046E+01 6.402E+06 16.3023 1.00000
  3.981E+07 3.981E+07 3.056E+00 1.480E-01 3.458E+00 4.807E+00 8.414E+00 1.147E+01 6.798E+06 16.5325 1.00000
  4.467E+07 4.467E+07 3.070E+00 1.682E-01 3.899E+00 5.482E+00 9.549E+00 1.262E+01 7.202E+06 16.7628 1.00000
  5.012E+07 5.012E+07 3.084E+00 1.911E-01 4.394E+00 6.251E+00 1.084E+01 1.392E+01 7.614E+06 16.9930 1.00000
  5.623E+07 5.624E+07 3.098E+00 2.170E-01 4.950E+00 7.130E+00 1.230E+01 1.539E+01 8.032E+06 17.2233 1.00000
  6.310E+07 6.310E+07 3.111E+00 2.464E-01 5.575E+00 8.133E+00 1.396E+01 1.707E+01 8.456E+06 17.4535 1.00000
  7.079E+07 7.080E+07 3.125E+00 2.796E-01 6.278E+00 9.279E+00 1.584E+01 1.896E+01 8.885E+06 17.6838 1.00000
  7.943E+07 7.943E+07 3.139E+00 3.173E-01 7.067E+00 1.059E+01 1.797E+01 2.111E+01 9.317E+06 17.9140 1.00000
  8.913E+07 8.913E+07 3.153E+00 3.599E-01 7.953E+00 1.208E+01 2.039E+01 2.355E+01 9.752E+06 18.1443 1.00000
  1.000E+08 1.000E+08 3.167E+00 4.081E-01 8.949E+00 1.379E+01 2.314E+01 2.631E+01 1.019E+07 18.3745 1.00000
  1.122E+08 1.122E+08 3.181E+00 4.627E-01 1.007E+01 1.573E+01 2.626E+01 2.944E+01 1.063E+07 18.6048 1.00000
  1.259E+08 1.259E+08 3.195E+00 5.244E-01 1.132E+01 1.796E+01 2.980E+01 3.300E+01 1.107E+07 18.8350 1.00000
  1.413E+08 1.413E+08 3.209E+00 5.941E-01 1.273E+01 2.050E+01 3.382E+01 3.703E+01 1.151E+07 19.0653 1.00000
  1.585E+08 1.585E+08 3.223E+00 6.730E-01 1.431E+01 2.340E+01 3.839E+01 4.161E+01 1.195E+07 19.2956 1.00000
  1.778E+08 1.778E+08 3.237E+00 7.620E-01 1.609E+01 2.672E+01 4.357E+01 4.681E+01 1.239E+07 19.5258 1.00000
  1.995E+08 1.995E+08 3.251E+00 8.627E-01 1.809E+01 3.050E+01 4.945E+01 5.270E+01 1.283E+07 19.7561 1.00000
  2.239E+08 2.239E+08 3.266E+00 9.763E-01 2.032E+01 3.483E+01 5.613E+01 5.939E+01 1.326E+07 19.9863 1.00000
  2.512E+08 2.512E+08 3.280E+00 1.105E+00 2.284E+01 3.977E+01 6.371E+01 6.699E+01 1.370E+07 20.2166 1.00000
  2.818E+08 2.818E+08 3.294E+00 1.249E+00 2.566E+01 4.542E+01 7.233E+01 7.562E+01 1.413E+07 20.4468 1.00000
  3.162E+08 3.162E+08 3.309E+00 1.413E+00 2.882E+01 5.187E+01 8.211E+01 8.542E+01 1.456E+07 20.6771 1.00000
  3.548E+08 3.548E+08 3.323E+00 1.597E+00 3.238E+01 5.925E+01 9.322E+01 9.654E+01 1.498E+07 20.9074 1.00000
  3.981E+08 3.981E+08 3.338E+00 1.805E+00 3.637E+01 6.767E+01 1.058E+02 1.092E+02 1.540E+07 21.1376 1.00000
  4.467E+08 4.467E+08 3.352E+00 2.039E+00 4.084E+01 7.730E+01 1.202E+02 1.235E+02 1.582E+07 21.3679 1.00000
  5.012E+08 5.012E+08 3.367E+00 2.304E+00 4.587E+01 8.831E+01 1.365E+02 1.398E+02 1.624E+07 21.5981 1.00000
  5.623E+08 5.623E+08 3.382E+00 2.601E+00 5.150E+01 1.009E+02 1.550E+02 1.584E+02 1.665E+07 21.8284 1.00000
  6.310E+08 6.310E+08 3.397E+00 2.937E+00 5.783E+01 1.153E+02 1.760E+02 1.794E+02 1.706E+07 22.0586 1.00000
  7.079E+08 7.079E+08 3.412E+00 3.315E+00 6.493E+01 1.317E+02 1.999E+02 2.033E+02 1.746E+07 22.2889 1.00000
  7.943E+08 7.943E+08 3.427E+00 3.741E+00 7.290E+01 1.505E+02 2.271E+02 2.305E+02 1.786E+07 22.5192 1.00000
  8.913E+08 8.913E+08 3.442E+00 4.220E+00 8.184E+01 1.719E+02 2.580E+02 2.614E+02 1.826E+07 22.7494 1.00000
  1.000E+09 1.000E+09 3.457E+00 4.760E+00 9.187E+01 1.965E+02 2.931E+02 2.966E+02 1.865E+07 22.9797 1.00000
  1.122E+09 1.122E+09 3.472E+00 5.368E+00 1.031E+02 2.246E+02 3.331E+02 3.365E+02 1.904E+07 23.2099 1.00000
  1.259E+09 1.259E+09 3.487E+00 6.052E+00 1.158E+02 2.566E+02 3.785E+02 3.819E+02 1.942E+07 23.4402 1.00000
  1.413E+09 1.413E+09 3.503E+00 6.822E+00 1.299E+02 2.933E+02 4.301E+02 4.336E+02 1.980E+07 23.6704 1.00000
  1.585E+09 1.585E+09 3.518E+00 7.687E+00 1.458E+02 3.353E+02 4.888E+02 4.923E+02 2.017E+07 23.9007 1.00000
  1.778E+09 1.778E+09 3.534E+00 8.661E+00 1.637E+02 3.833E+02 5.556E+02 5.591E+02 2.054E+07 24.1310 1.00000
  1.995E+09 1.995E+09 3.549E+00 9.757E+00 1.837E+02 4.381E+02 6.316E+02 6.351E+02 2.090E+07 24.3612 1.00000
  2.239E+09 2.239E+09 3.565E+00 1.099E+01 2.062E+02 5.009E+02 7.180E+02 7.216E+02 2.126E+07 24.5915 1.00000
  2.512E+09 2.512E+09 3.581E+00 1.237E+01 2.314E+02 5.726E+02 8.164E+02 8.200E+02 2.162E+07 24.8217 1.00000
  2.818E+09 2.818E+09 3.597E+00 1.393E+01 2.597E+02 6.547E+02 9.283E+02 9.319E+02 2.197E+07 25.0520 1.00000
  3.162E+09 3.162E+09 3.613E+00 1.568E+01 2.914E+02 7.485E+02 1.056E+03 1.059E+03 2.232E+07 25.2823 1.00000
  3.548E+09 3.548E+09 3.629E+00 1.765E+01 3.270E+02 8.559E+02 1.201E+03 1.204E+03 2.266E+07 25.5125 1.00000
  3.981E+09 3.981E+09 3.645E+00 1.986E+01 3.670E+02 9.788E+02 1.366E+03 1.369E+03 2.300E+07 25.7428 1.00000
  4.467E+09 4.467E+09 3.661E+00 2.234E+01 4.118E+02 1.119E+03 1.553E+03 1.557E+03 2.333E+07 25.9730 1.00000
  5.012E+09 5.012E+09 3.678E+00 2.513E+01 4.622E+02 1.280E+03 1.767E+03 1.771E+03 2.366E+07 26.2033 1.00000
  5.623E+09 5.623E+09 3.694E+00 2.827E+01 5.186E+02 1.464E+03 2.011E+03 2.015E+03 2.399E+07 26.4335 1.00000
  6.310E+09 6.310E+09 3.710E+00 3.179E+01 5.819E+02 1.674E+03 2.288E+03 2.292E+03 2.431E+07 26.6638 1.00000
  7.079E+09 7.079E+09 3.727E+00 3.574E+01 6.530E+02 1.915E+03 2.604E+03 2.608E+03 2.462E+07 26.8941 1.00000
  7.943E+09 7.943E+09 3.744E+00 4.019E+01 7.328E+02 2.191E+03 2.964E+03 2.967E+03 2.493E+07 27.1243 1.00000
  8.913E+09 8.913E+09 3.761E+00 4.518E+01 8.222E+02 2.506E+03 3.373E+03 3.377E+03 2.524E+07 27.3546 1.00000
  1.000E+10 1.000E+10 3.778E+00 5.078E+01 9.226E+02 2.867E+03 3.840E+03 3.844E+03 2.554E+07 27.5848 1.00000
  1.122E+10 1.122E+10 3.795E+00 5.707E+01 1.035E+03 3.280E+03 4.372E+03 4.376E+03 2.584E+07 27.8151 1.00000
  1.259E+10 1.259E+10 3.812E+00 6.414E+01 1.162E+03 3.753E+03 4.978E+03 4.982E+03 2.613E+07 28.0454 1.00000
  1.413E+10 1.413E+10 3.829E+00 7.207E+01 1.303E+03 4.293E+03 5.669E+03 5.673E+03 2.642E+07 28.2756 1.00000
  1.585E+10 1.585E+10 3.846E+00 8.097E+01 1.462E+03 4.913E+03 6.456E+03 6.460E+03 2.671E+07 28.5059 1.00000
  1.778E+10 1.778E+10 3.863E+00 9.097E+01 1.641E+03 5.622E+03 7.354E+03 7.357E+03 2.699E+07 28.7361 1.00000
  1.995E+10 1.995E+10 3.881E+00 1.022E+02 1.841E+03 6.433E+03 8.376E+03 8.380E+03 2.727E+07 28.9664 1.00000
  2.239E+10 2.239E+10 3.899E+00 1.148E+02 2.066E+03 7.362E+03 9.543E+03 9.547E+03 2.754E+07 29.1967 1.00000
  2.512E+10 2.512E+10 3.916E+00 1.289E+02 2.318E+03 8.426E+03 1.087E+04 1.088E+04 2.781E+07 29.4269 1.00000
  2.818E+10 2.818E+10 3.934E+00 1.448E+02 2.601E+03 9.643E+03 1.239E+04 1.239E+04 2.807E+07 29.6572 1.00000
  3.162E+10 3.162E+10 3.952E+00 1.626E+02 2.918E+03 1.104E+04 1.412E+04 1.412E+04 2.833E+07 29.8874 1.00000
  3.548E+10 3.548E+10 3.970E+00 1.826E+02 3.274E+03 1.263E+04 1.609E+04 1.610E+04 2.859E+07 30.1177 1.00000
  3.981E+10 3.981E+10 3.988E+00 2.051E+02 3.674E+03 1.446E+04 1.834E+04 1.835E+04 2.884E+07 30.3479 1.00000
  4.467E+10 4.467E+10 4.006E+00 2.303E+02 4.122E+03 1.656E+04 2.091E+04 2.091E+04 2.909E+07 30.5782 1.00000
  5.012E+10 5.012E+10 4.024E+00 2.585E+02 4.625E+03 1.895E+04 2.384E+04 2.384E+04 2.933E+07 30.8085 1.00000
  5.623E+10 5.623E+10 4.043E+00 2.903E+02 5.190E+03 2.170E+04 2.718E+04 2.718E+04 2.958E+07 31.0387 1.00000
  6.310E+10 6.310E+10 4.061E+00 3.259E+02 5.823E+03 2.485E+04 3.099E+04 3.100E+04 2.981E+07 31.2690 1.00000
  7.079E+10 7.079E+10 4.080E+00 3.658E+02 6.533E+03 2.845E+04 3.535E+04 3.535E+04 3.005E+07 31.4992 1.00000
  7.943E+10 7.943E+10 4.099E+00 4.107E+02 7.330E+03 3.257E+04 4.032E+04 4.032E+04 3.027E+07 31.7295 1.00000
  8.913E+10 8.913E+10 4.117E+00 4.610E+02 8.225E+03 3.730E+04 4.599E+04 4.599E+04 3.050E+07 31.9598 1.00000
  1.000E+11 1.000E+11 4.136E+00 5.174E+02 9.228E+03 4.272E+04 5.246E+04 5.247E+04 3.072E+07 32.1900 1.00000
  1.122E+11 1.122E+11 4.155E+00 5.808E+02 1.035E+04 4.892E+04 5.986E+04 5.986E+04 3.094E+07 32.4203 1.00000
  1.259E+11 1.259E+11 4.175E+00 6.519E+02 1.162E+04 5.603E+04 6.830E+04 6.830E+04 3.115E+07 32.6505 1.00000
  1.413E+11 1.413E+11 4.194E+00 7.317E+02 1.303E+04 6.418E+04 7.794E+04 7.795E+04 3.137E+07 32.8808 1.00000
  1.585E+11 1.585E+11 4.213E+00 8.212E+02 1.462E+04 7.351E+04 8.895E+04 8.896E+04 3.157E+07 33.1110 1.00000
  1.778E+11 1.778E+11 4.233E+00 9.217E+02 1.641E+04 8.420E+04 1.015E+05 1.015E+05 3.178E+07 33.3413 1.00000
  1.995E+11 1.995E+11 4.252E+00 1.034E+03 1.841E+04 9.646E+04 1.159E+05 1.159E+05 3.198E+07 33.5716 1.00000
  2.239E+11 2.239E+11 4.272E+00 1.161E+03 2.066E+04 1.105E+05 1.323E+05 1.323E+05 3.217E+07 33.8018 1.00000
  2.512E+11 2.512E+11 4.292E+00 1.303E+03 2.318E+04 1.266E+05 1.511E+05 1.511E+05 3.237E+07 34.0321 1.00000
  2.818E+11 2.818E+11 4.311E+00 1.462E+03 2.600E+04 1.450E+05 1.725E+05 1.725E+05 3.256E+07 34.2623 1.00000
  3.162E+11 3.162E+11 4.331E+00 1.641E+03 2.917E+04 1.662E+05 1.970E+05 1.970E+05 3.275E+07 34.4926 1.00000
  3.548E+11 3.548E+11 4.352E+00 1.841E+03 3.273E+04 1.904E+05 2.250E+05 2.250E+05 3.293E+07 34.7229 1.00000
  3.981E+11 3.981E+11 4.372E+00 2.066E+03 3.673E+04 2.182E+05 2.570E+05 2.570E+05 3.311E+07 34.9531 1.00000
  4.467E+11 4.467E+11 4.392E+00 2.319E+03 4.121E+04 2.501E+05 2.936E+05 2.936E+05 3.329E+07 35.1834 1.00000
  5.012E+11 5.012E+11 4.413E+00 2.602E+03 4.623E+04 2.866E+05 3.354E+05 3.354E+05 3.346E+07 35.4136 1.00000
  5.623E+11 5.623E+11 4.433E+00 2.920E+03 5.187E+04 3.284E+05 3.832E+05 3.832E+05 3.363E+07 35.6439 1.00000
  6.310E+11 6.310E+11 4.454E+00 3.276E+03 5.820E+04 3.764E+05 4.379E+05 4.379E+05 3.380E+07 35.8741 1.00000
  7.079E+11 7.079E+11 4.475E+00 3.677E+03 6.530E+04 4.315E+05 5.004E+05 5.004E+05 3.396E+07 36.1044 1.00000
  7.943E+11 7.943E+11 4.496E+00 4.125E+03 7.326E+04 4.946E+05 5.720E+05 5.720E+05 3.413E+07 36.3347 1.00000
  8.913E+11 8.913E+11 4.517E+00 4.629E+03 8.220E+04 5.669E+05 6.538E+05 6.538E+05 3.429E+07 36.5649 1.00000
  1.000E+12 1.000E+12 4.538E+00 5.194E+03 9.223E+04 6.499E+05 7.473E+05 7.473E+05 3.444E+07 36.7952 1.00000
  1.122E+12 1.122E+12 4.559E+00 5.829E+03 1.035E+05 7.451E+05 8.544E+05 8.544E+05 3.459E+07 37.0254 1.00000
  1.259E+12 1.259E+12 4.581E+00 6.540E+03 1.161E+05 8.542E+05 9.769E+05 9.769E+05 3.474E+07 37.2557 1.00000
  1.413E+12 1.413E+12 4.602E+00 7.339E+03 1.303E+05 9.794E+05 1.117E+06 1.117E+06 3.489E+07 37.4860 1.00000
  1.585E+12 1.585E+12 4.624E+00 8.234E+03 1.461E+05 1.123E+06 1.277E+06 1.277E+06 3.504E+07 37.7162 1.00000
  1.778E+12 1.778E+12 4.645E+00 9.240E+03 1.640E+05 1.288E+06 1.461E+06 1.461E+06 3.518E+07 37.9465 1.00000
  1.995E+12 1.995E+12 4.667E+00 1.037E+04 1.840E+05 1.477E+06 1.671E+06 1.671E+06 3.532E+07 38.1767 1.00000
  2.239E+12 2.239E+12 4.689E+00 1.163E+04 2.064E+05 1.693E+06 1.911E+06 1.911E+06 3.545E+07 38.4070 1.00000
  2.512E+12 2.512E+12 4.711E+00 1.305E+04 2.316E+05 1.942E+06 2.187E+06 2.187E+06 3.559E+07 38.6372 1.00000
  2.818E+12 2.818E+12 4.734E+00 1.465E+04 2.598E+05 2.227E+06 2.502E+06 2.502E+06 3.572E+07 38.8675 1.00000
  3.162E+12 3.162E+12 4.756E+00 1.643E+04 2.915E+05 2.555E+06 2.862E+06 2.863E+06 3.585E+07 39.0978 1.00000
  3.548E+12 3.548E+12 4.778E+00 1.844E+04 3.271E+05 2.930E+06 3.276E+06 3.276E+06 3.597E+07 39.3280 1.00000
  3.981E+12 3.981E+12 4.801E+00 2.069E+04 3.670E+05 3.361E+06 3.749E+06 3.749E+06 3.610E+07 39.5583 1.00000
  4.467E+12 4.467E+12 4.824E+00 2.321E+04 4.117E+05 3.855E+06 4.290E+06 4.290E+06 3.622E+07 39.7885 1.00000
  5.012E+12 5.012E+12 4.847E+00 2.605E+04 4.620E+05 4.423E+06 4.911E+06 4.911E+06 3.634E+07 40.0188 1.00000
  5.623E+12 5.623E+12 4.870E+00 2.923E+04 5.183E+05 5.074E+06 5.622E+06 5.622E+06 3.646E+07 40.2491 1.00000
  6.310E+12 6.310E+12 4.893E+00 3.279E+04 5.815E+05 5.821E+06 6.436E+06 6.436E+06 3.657E+07 40.4793 1.00000
  7.079E+12 7.079E+12 4.916E+00 3.679E+04 6.524E+05 6.679E+06 7.369E+06 7.369E+06 3.668E+07 40.7096 1.00000
  7.943E+12 7.943E+12 4.939E+00 4.128E+04 7.320E+05 7.664E+06 8.437E+06 8.437E+06 3.679E+07 40.9398 1.00000
  8.913E+12 8.913E+12 4.963E+00 4.632E+04 8.213E+05 8.794E+06 9.662E+06 9.662E+06 3.690E+07 41.1701 1.00000
  1.000E+13 1.000E+13 4.986E+00 5.197E+04 9.215E+05 1.009E+07 1.106E+07 1.106E+07 3.700E+07 41.4004 1.00000
  1.122E+13 1.122E+13 5.010E+00 5.832E+04 1.034E+06 1.158E+07 1.267E+07 1.267E+07 3.711E+07 41.6306 1.00000
  1.259E+13 1.259E+13 5.034E+00 6.543E+04 1.160E+06 1.329E+07 1.452E+07 1.452E+07 3.721E+07 41.8609 1.00000
  1.413E+13 1.413E+13 5.058E+00 7.342E+04 1.301E+06 1.525E+07 1.663E+07 1.663E+07 3.731E+07 42.0911 1.00000
  1.585E+13 1.585E+13 5.082E+00 8.237E+04 1.460E+06 1.751E+07 1.905E+07 1.905E+07 3.741E+07 42.3214 1.00000
  1.778E+13 1.778E+13 5.106E+00 9.243E+04 1.638E+06 2.009E+07 2.182E+07 2.182E+07 3.750E+07 42.5516 1.00000
  1.995E+13 1.995E+13 5.131E+00 1.037E+05 1.838E+06 2.306E+07 2.501E+07 2.501E+07 3.759E+07 42.7819 1.00000
  2.239E+13 2.239E+13 5.155E+00 1.164E+05 2.062E+06 2.648E+07 2.865E+07 2.865E+07 3.768E+07 43.0122 1.00000
  2.512E+13 2.512E+13 5.180E+00 1.306E+05 2.314E+06 3.039E+07 3.284E+07 3.284E+07 3.777E+07 43.2424 1.00000
  2.818E+13 2.818E+13 5.205E+00 1.465E+05 2.596E+06 3.489E+07 3.763E+07 3.763E+07 3.786E+07 43.4727 1.00000
  3.162E+13 3.162E+13 5.230E+00 1.644E+05 2.912E+06 4.006E+07 4.314E+07 4.314E+07 3.795E+07 43.7029 1.00000
  3.548E+13 3.548E+13 5.255E+00 1.844E+05 3.268E+06 4.599E+07 4.944E+07 4.944E+07 3.803E+07 43.9332 1.00000
  3.981E+13 3.981E+13 5.280E+00 2.069E+05 3.666E+06 5.281E+07 5.668E+07 5.668E+07 3.811E+07 44.1635 1.00000
  4.467E+13 4.467E+13 5.305E+00 2.322E+05 4.113E+06 6.064E+07 6.498E+07 6.498E+07 3.819E+07 44.3937 1.00000
  5.012E+13 5.012E+13 5.331E+00 2.605E+05 4.615E+06 6.963E+07 7.450E+07 7.450E+07 3.827E+07 44.6240 1.00000
  5.623E+13 5.623E+13 5.356E+00 2.923E+05 5.178E+06 7.996E+07 8.543E+07 8.543E+07 3.835E+07 44.8542 1.00000
  6.310E+13 6.310E+13 5.382E+00 3.280E+05 5.809E+06 9.182E+07 9.796E+07 9.796E+07 3.842E+07 45.0845 1.00000
  7.079E+13 7.079E+13 5.408E+00 3.680E+05 6.518E+06 1.055E+08 1.123E+08 1.123E+08 3.850E+07 45.3147 1.00000
  7.943E+13 7.943E+13 5.434E+00 4.129E+05 7.312E+06 1.211E+08 1.288E+08 1.288E+08 3.857E+07 45.5450 1.00000
  8.913E+13 8.913E+13 5.460E+00 4.632E+05 8.204E+06 1.391E+08 1.478E+08 1.478E+08 3.864E+07 45.7753 1.00000
  1.000E+14 1.000E+14 5.486E+00 5.198E+05 9.205E+06 1.598E+08 1.695E+08 1.695E+08 3.871E+07 46.0055 1.00000
  1.122E+14 1.122E+14 5.513E+00 5.832E+05 1.033E+07 1.835E+08 1.944E+08 1.944E+08 3.878E+07 46.2358 1.00000
  1.259E+14 1.259E+14 5.539E+00 6.544E+05 1.159E+07 2.108E+08 2.231E+08 2.231E+08 3.884E+07 46.4660 1.00000
  1.413E+14 1.413E+14 5.566E+00 7.342E+05 1.300E+07 2.422E+08 2.559E+08 2.559E+08 3.891E+07 46.6963 1.00000
  1.585E+14 1.585E+14 5.593E+00 8.238E+05 1.458E+07 2.782E+08 2.936E+08 2.936E+08 3.897E+07 46.9266 1.00000
  1.778E+14 1.778E+14 5.620E+00 9.243E+05 1.636E+07 3.196E+08 3.369E+08 3.369E+08 3.903E+07 47.1568 1.00000
  1.995E+14 1.995E+14 5.647E+00 1.037E+06 1.836E+07 3.672E+08 3.866E+08 3.866E+08 3.909E+07 47.3871 1.00000
  2.239E+14 2.239E+14 5.674E+00 1.164E+06 2.060E+07 4.220E+08 4.437E+08 4.437E+08 3.915E+07 47.6173 1.00000
  2.512E+14 2.512E+14 5.702E+00 1.306E+06 2.311E+07 4.848E+08 5.093E+08 5.093E+08 3.921E+07 47.8476 1.00000
  2.818E+14 2.818E+14 5.729E+00 1.465E+06 2.593E+07 5.571E+08 5.845E+08 5.845E+08 3.926E+07 48.0778 1.00000
  3.162E+14 3.162E+14 5.757E+00 1.644E+06 2.909E+07 6.402E+08 6.709E+08 6.709E+08 3.932E+07 48.3081 1.00000
  3.548E+14 3.548E+14 5.785E+00 1.844E+06 3.264E+07 7.357E+08 7.702E+08 7.702E+08 3.937E+07 48.5384 1.00000
  3.981E+14 3.981E+14 5.813E+00 2.069E+06 3.662E+07 8.455E+08 8.842E+08 8.842E+08 3.942E+07 48.7686 1.00000
  4.467E+14 4.467E+14 5.841E+00 2.322E+06 4.108E+07 9.717E+08 1.015E+09 1.015E+09 3.948E+07 48.9989 1.00000
  5.012E+14 5.012E+14 5.869E+00 2.605E+06 4.609E+07 1.117E+09 1.166E+09 1.166E+09 3.953E+07 49.2291 1.00000
  5.623E+14 5.623E+14 5.898E+00 2.923E+06 5.171E+07 1.284E+09 1.338E+09 1.338E+09 3.958E+07 49.4594 1.00000
  6.310E+14 6.310E+14 5.926E+00 3.280E+06 5.802E+07 1.475E+09 1.537E+09 1.537E+09 3.962E+07 49.6897 1.00000
  7.079E+14 7.079E+14 5.955E+00 3.680E+06 6.509E+07 1.696E+09 1.765E+09 1.765E+09 3.967E+07 49.9199 1.00000
  7.943E+14 7.943E+14 5.984E+00 4.129E+06 7.303E+07 1.950E+09 2.027E+09 2.027E+09 3.972E+07 50.1502 1.00000
  8.913E+14 8.913E+14 6.013E+00 4.632E+06 8.193E+07 2.241E+09 2.328E+09 2.328E+09 3.976E+07 50.3804 1.00000
  1.000E+15 1.000E+15 6.042E+00 5.198E+06 9.193E+07 2.577E+09 2.674E+09 2.674E+09 3.980E+07 50.6107 1.00000
