 Incident particle is a Tau with M = 1776.82000 MeV
 Index = 0: DichlorodiethylEther
      Absorber with <Z/A> = 0.51739
 Sternheimer coef:  a     k=m_s   x_0    x_1    I[eV]   Cbar  delta0
                 0.0680  3.5250  0.1773  3.1586  103.3  4.0135 0.00

 *** Table generated with PUMAS v1.00 ***

      T         p     Ionization  brems     pair     photonuc  Radloss    dE/dx   CSDA Range  delta   beta
    [MeV]    [MeV/c]  -----------------------[MeV cm^2/g]------------------------  [g/cm^2]
  1.000E+05 1.018E+05 2.258E+00 2.101E-04 3.339E-03 8.235E-03 1.178E-02 2.270E+00 2.203E+04  4.3051 0.99985
  1.122E+05 1.140E+05 2.279E+00 2.429E-04 4.019E-03 9.293E-03 1.355E-02 2.292E+00 2.737E+04  4.5052 0.99988
  1.259E+05 1.277E+05 2.299E+00 2.807E-04 4.820E-03 1.043E-02 1.553E-02 2.315E+00 3.332E+04  4.7080 0.99990
  1.413E+05 1.430E+05 2.320E+00 3.241E-04 5.763E-03 1.171E-02 1.780E-02 2.338E+00 3.992E+04  4.9133 0.99992
  1.585E+05 1.603E+05 2.340E+00 3.742E-04 6.871E-03 1.314E-02 2.039E-02 2.360E+00 4.726E+04  5.1210 0.99994
  1.778E+05 1.796E+05 2.360E+00 4.317E-04 8.169E-03 1.474E-02 2.334E-02 2.384E+00 5.541E+04  5.3309 0.99995
  1.995E+05 2.013E+05 2.380E+00 4.979E-04 9.688E-03 1.657E-02 2.675E-02 2.407E+00 6.447E+04  5.5429 0.99996
  2.239E+05 2.256E+05 2.400E+00 5.739E-04 1.146E-02 1.856E-02 3.059E-02 2.431E+00 7.454E+04  5.7568 0.99997
  2.512E+05 2.530E+05 2.420E+00 6.612E-04 1.353E-02 2.079E-02 3.498E-02 2.455E+00 8.572E+04  5.9726 0.99998
  2.818E+05 2.836E+05 2.440E+00 7.614E-04 1.593E-02 2.330E-02 3.999E-02 2.480E+00 9.814E+04  6.1900 0.99998
  3.162E+05 3.180E+05 2.459E+00 8.764E-04 1.873E-02 2.613E-02 4.574E-02 2.505E+00 1.119E+05  6.4089 0.99998
  3.548E+05 3.566E+05 2.479E+00 1.008E-03 2.196E-02 2.932E-02 5.229E-02 2.531E+00 1.273E+05  6.6293 0.99999
  3.981E+05 3.999E+05 2.498E+00 1.160E-03 2.571E-02 3.287E-02 5.974E-02 2.558E+00 1.443E+05  6.8510 0.99999
  4.467E+05 4.485E+05 2.518E+00 1.333E-03 3.005E-02 3.685E-02 6.823E-02 2.586E+00 1.632E+05  7.0739 0.99999
  5.012E+05 5.030E+05 2.537E+00 1.532E-03 3.505E-02 4.133E-02 7.790E-02 2.615E+00 1.841E+05  7.2979 0.99999
  5.623E+05 5.641E+05 2.556E+00 1.759E-03 4.081E-02 4.617E-02 8.875E-02 2.645E+00 2.074E+05  7.5228 1.00000
  6.310E+05 6.327E+05 2.575E+00 2.020E-03 4.745E-02 5.164E-02 1.011E-01 2.676E+00 2.332E+05  7.7486 1.00000
  7.079E+05 7.097E+05 2.594E+00 2.318E-03 5.509E-02 5.780E-02 1.152E-01 2.709E+00 2.618E+05  7.9752 1.00000
  7.943E+05 7.961E+05 2.612E+00 2.660E-03 6.386E-02 6.476E-02 1.313E-01 2.744E+00 2.935E+05  8.2025 1.00000
  8.913E+05 8.930E+05 2.631E+00 3.050E-03 7.391E-02 7.262E-02 1.496E-01 2.780E+00 3.286E+05  8.4304 1.00000
  1.000E+06 1.002E+06 2.649E+00 3.497E-03 8.544E-02 8.152E-02 1.705E-01 2.820E+00 3.674E+05  8.6588 1.00000
  1.122E+06 1.124E+06 2.668E+00 4.007E-03 9.863E-02 9.158E-02 1.942E-01 2.862E+00 4.103E+05  8.8876 1.00000
  1.259E+06 1.261E+06 2.686E+00 4.591E-03 1.137E-01 1.030E-01 2.213E-01 2.907E+00 4.578E+05  9.1168 1.00000
  1.413E+06 1.414E+06 2.704E+00 5.258E-03 1.309E-01 1.159E-01 2.521E-01 2.956E+00 5.102E+05  9.3462 1.00000
  1.585E+06 1.587E+06 2.722E+00 6.020E-03 1.506E-01 1.305E-01 2.871E-01 3.009E+00 5.680E+05  9.5759 1.00000
  1.778E+06 1.780E+06 2.740E+00 6.890E-03 1.730E-01 1.471E-01 3.270E-01 3.067E+00 6.317E+05  9.8058 1.00000
  1.995E+06 1.997E+06 2.757E+00 7.883E-03 1.985E-01 1.660E-01 3.724E-01 3.130E+00 7.017E+05 10.0357 1.00000
  2.239E+06 2.240E+06 2.775E+00 9.017E-03 2.275E-01 1.874E-01 4.239E-01 3.199E+00 7.787E+05 10.2658 1.00000
  2.512E+06 2.514E+06 2.792E+00 1.031E-02 2.605E-01 2.117E-01 4.826E-01 3.275E+00 8.631E+05 10.4958 1.00000
  2.818E+06 2.820E+06 2.810E+00 1.179E-02 2.980E-01 2.393E-01 5.491E-01 3.359E+00 9.555E+05 10.7259 1.00000
  3.162E+06 3.164E+06 2.827E+00 1.347E-02 3.406E-01 2.708E-01 6.248E-01 3.452E+00 1.056E+06 10.9561 1.00000
  3.548E+06 3.550E+06 2.844E+00 1.539E-02 3.888E-01 3.065E-01 7.107E-01 3.554E+00 1.167E+06 11.1862 1.00000
  3.981E+06 3.983E+06 2.860E+00 1.758E-02 4.435E-01 3.471E-01 8.082E-01 3.669E+00 1.287E+06 11.4164 1.00000
  4.467E+06 4.469E+06 2.877E+00 2.007E-02 5.054E-01 3.934E-01 9.189E-01 3.796E+00 1.417E+06 11.6465 1.00000
  5.012E+06 5.014E+06 2.893E+00 2.291E-02 5.755E-01 4.461E-01 1.044E+00 3.938E+00 1.558E+06 11.8767 1.00000
  5.623E+06 5.625E+06 2.910E+00 2.615E-02 6.548E-01 5.060E-01 1.187E+00 4.097E+00 1.710E+06 12.1069 1.00000
  6.310E+06 6.311E+06 2.926E+00 2.983E-02 7.444E-01 5.743E-01 1.349E+00 4.274E+00 1.874E+06 12.3371 1.00000
  7.079E+06 7.081E+06 2.942E+00 3.402E-02 8.456E-01 6.521E-01 1.532E+00 4.474E+00 2.050E+06 12.5673 1.00000
  7.943E+06 7.945E+06 2.958E+00 3.880E-02 9.599E-01 7.408E-01 1.739E+00 4.697E+00 2.239E+06 12.7975 1.00000
  8.913E+06 8.914E+06 2.973E+00 4.422E-02 1.089E+00 8.418E-01 1.975E+00 4.948E+00 2.440E+06 13.0277 1.00000
  1.000E+07 1.000E+07 2.989E+00 5.040E-02 1.234E+00 9.569E-01 2.242E+00 5.230E+00 2.654E+06 13.2579 1.00000
  1.122E+07 1.122E+07 3.004E+00 5.742E-02 1.399E+00 1.088E+00 2.544E+00 5.548E+00 2.880E+06 13.4881 1.00000
  1.259E+07 1.259E+07 3.019E+00 6.540E-02 1.584E+00 1.238E+00 2.887E+00 5.906E+00 3.120E+06 13.7183 1.00000
  1.413E+07 1.413E+07 3.034E+00 7.446E-02 1.792E+00 1.408E+00 3.275E+00 6.309E+00 3.371E+06 13.9486 1.00000
  1.585E+07 1.585E+07 3.049E+00 8.476E-02 2.027E+00 1.603E+00 3.715E+00 6.764E+00 3.635E+06 14.1788 1.00000
  1.778E+07 1.778E+07 3.064E+00 9.646E-02 2.291E+00 1.825E+00 4.213E+00 7.277E+00 3.911E+06 14.4090 1.00000
  1.995E+07 1.995E+07 3.079E+00 1.097E-01 2.589E+00 2.078E+00 4.777E+00 7.856E+00 4.198E+06 14.6393 1.00000
  2.239E+07 2.239E+07 3.094E+00 1.248E-01 2.924E+00 2.367E+00 5.416E+00 8.509E+00 4.496E+06 14.8695 1.00000
  2.512E+07 2.512E+07 3.108E+00 1.419E-01 3.301E+00 2.697E+00 6.139E+00 9.247E+00 4.805E+06 15.0997 1.00000
  2.818E+07 2.819E+07 3.123E+00 1.613E-01 3.725E+00 3.073E+00 6.958E+00 1.008E+01 5.122E+06 15.3300 1.00000
  3.162E+07 3.162E+07 3.137E+00 1.833E-01 4.201E+00 3.502E+00 7.886E+00 1.102E+01 5.449E+06 15.5602 1.00000
  3.548E+07 3.548E+07 3.152E+00 2.082E-01 4.737E+00 3.991E+00 8.937E+00 1.209E+01 5.783E+06 15.7905 1.00000
  3.981E+07 3.981E+07 3.166E+00 2.365E-01 5.340E+00 4.550E+00 1.013E+01 1.329E+01 6.125E+06 16.0207 1.00000
  4.467E+07 4.467E+07 3.180E+00 2.685E-01 6.017E+00 5.188E+00 1.147E+01 1.465E+01 6.474E+06 16.2510 1.00000
  5.012E+07 5.012E+07 3.195E+00 3.048E-01 6.778E+00 5.916E+00 1.300E+01 1.619E+01 6.828E+06 16.4812 1.00000
  5.623E+07 5.624E+07 3.209E+00 3.458E-01 7.633E+00 6.748E+00 1.473E+01 1.794E+01 7.187E+06 16.7115 1.00000
  6.310E+07 6.310E+07 3.224E+00 3.923E-01 8.594E+00 7.697E+00 1.668E+01 1.991E+01 7.551E+06 16.9417 1.00000
  7.079E+07 7.080E+07 3.238E+00 4.449E-01 9.673E+00 8.780E+00 1.890E+01 2.214E+01 7.918E+06 17.1720 1.00000
  7.943E+07 7.943E+07 3.252E+00 5.043E-01 1.088E+01 1.002E+01 2.141E+01 2.466E+01 8.289E+06 17.4022 1.00000
  8.913E+07 8.913E+07 3.267E+00 5.716E-01 1.225E+01 1.143E+01 2.425E+01 2.751E+01 8.661E+06 17.6325 1.00000
  1.000E+08 1.000E+08 3.281E+00 6.477E-01 1.377E+01 1.304E+01 2.747E+01 3.075E+01 9.036E+06 17.8627 1.00000
  1.122E+08 1.122E+08 3.296E+00 7.336E-01 1.549E+01 1.489E+01 3.111E+01 3.441E+01 9.411E+06 18.0930 1.00000
  1.259E+08 1.259E+08 3.310E+00 8.308E-01 1.742E+01 1.699E+01 3.524E+01 3.855E+01 9.788E+06 18.3232 1.00000
  1.413E+08 1.413E+08 3.325E+00 9.405E-01 1.958E+01 1.939E+01 3.992E+01 4.324E+01 1.016E+07 18.5535 1.00000
  1.585E+08 1.585E+08 3.339E+00 1.064E+00 2.201E+01 2.214E+01 4.521E+01 4.855E+01 1.054E+07 18.7838 1.00000
  1.778E+08 1.778E+08 3.354E+00 1.204E+00 2.474E+01 2.528E+01 5.122E+01 5.457E+01 1.092E+07 19.0140 1.00000
  1.995E+08 1.995E+08 3.369E+00 1.362E+00 2.780E+01 2.886E+01 5.802E+01 6.139E+01 1.129E+07 19.2443 1.00000
  2.239E+08 2.239E+08 3.383E+00 1.541E+00 3.123E+01 3.295E+01 6.573E+01 6.911E+01 1.167E+07 19.4745 1.00000
  2.512E+08 2.512E+08 3.398E+00 1.742E+00 3.509E+01 3.763E+01 7.446E+01 7.786E+01 1.204E+07 19.7048 1.00000
  2.818E+08 2.818E+08 3.413E+00 1.968E+00 3.942E+01 4.297E+01 8.436E+01 8.777E+01 1.241E+07 19.9350 1.00000
  3.162E+08 3.162E+08 3.428E+00 2.224E+00 4.428E+01 4.907E+01 9.557E+01 9.900E+01 1.278E+07 20.1653 1.00000
  3.548E+08 3.548E+08 3.443E+00 2.512E+00 4.973E+01 5.605E+01 1.083E+02 1.117E+02 1.315E+07 20.3956 1.00000
  3.981E+08 3.981E+08 3.458E+00 2.837E+00 5.585E+01 6.402E+01 1.227E+02 1.262E+02 1.351E+07 20.6258 1.00000
  4.467E+08 4.467E+08 3.473E+00 3.203E+00 6.272E+01 7.313E+01 1.390E+02 1.425E+02 1.388E+07 20.8561 1.00000
  5.012E+08 5.012E+08 3.488E+00 3.616E+00 7.042E+01 8.354E+01 1.576E+02 1.611E+02 1.424E+07 21.0863 1.00000
  5.623E+08 5.623E+08 3.504E+00 4.080E+00 7.907E+01 9.544E+01 1.786E+02 1.821E+02 1.460E+07 21.3166 1.00000
  6.310E+08 6.310E+08 3.519E+00 4.603E+00 8.878E+01 1.090E+02 2.024E+02 2.059E+02 1.495E+07 21.5468 1.00000
  7.079E+08 7.079E+08 3.535E+00 5.192E+00 9.967E+01 1.246E+02 2.294E+02 2.330E+02 1.530E+07 21.7771 1.00000
  7.943E+08 7.943E+08 3.550E+00 5.855E+00 1.119E+02 1.424E+02 2.601E+02 2.636E+02 1.565E+07 22.0074 1.00000
  8.913E+08 8.913E+08 3.566E+00 6.601E+00 1.256E+02 1.627E+02 2.949E+02 2.984E+02 1.600E+07 22.2376 1.00000
  1.000E+09 1.000E+09 3.581E+00 7.440E+00 1.410E+02 1.859E+02 3.343E+02 3.379E+02 1.634E+07 22.4679 1.00000
  1.122E+09 1.122E+09 3.597E+00 8.385E+00 1.583E+02 2.124E+02 3.791E+02 3.827E+02 1.668E+07 22.6981 1.00000
  1.259E+09 1.259E+09 3.613E+00 9.447E+00 1.776E+02 2.428E+02 4.299E+02 4.335E+02 1.702E+07 22.9284 1.00000
  1.413E+09 1.413E+09 3.629E+00 1.064E+01 1.994E+02 2.775E+02 4.875E+02 4.911E+02 1.735E+07 23.1586 1.00000
  1.585E+09 1.585E+09 3.645E+00 1.199E+01 2.238E+02 3.172E+02 5.529E+02 5.566E+02 1.768E+07 23.3889 1.00000
  1.778E+09 1.778E+09 3.661E+00 1.350E+01 2.511E+02 3.626E+02 6.272E+02 6.309E+02 1.801E+07 23.6192 1.00000
  1.995E+09 1.995E+09 3.677E+00 1.519E+01 2.819E+02 4.145E+02 7.115E+02 7.152E+02 1.833E+07 23.8494 1.00000
  2.239E+09 2.239E+09 3.694E+00 1.710E+01 3.163E+02 4.738E+02 8.072E+02 8.109E+02 1.865E+07 24.0797 1.00000
  2.512E+09 2.512E+09 3.710E+00 1.925E+01 3.550E+02 5.417E+02 9.159E+02 9.196E+02 1.897E+07 24.3099 1.00000
  2.818E+09 2.818E+09 3.726E+00 2.166E+01 3.984E+02 6.193E+02 1.039E+03 1.043E+03 1.928E+07 24.5402 1.00000
  3.162E+09 3.162E+09 3.743E+00 2.437E+01 4.471E+02 7.081E+02 1.180E+03 1.183E+03 1.959E+07 24.7705 1.00000
  3.548E+09 3.548E+09 3.760E+00 2.741E+01 5.017E+02 8.097E+02 1.339E+03 1.343E+03 1.990E+07 25.0007 1.00000
  3.981E+09 3.981E+09 3.776E+00 3.083E+01 5.630E+02 9.259E+02 1.520E+03 1.523E+03 2.020E+07 25.2310 1.00000
  4.467E+09 4.467E+09 3.793E+00 3.467E+01 6.318E+02 1.059E+03 1.725E+03 1.729E+03 2.050E+07 25.4612 1.00000
  5.012E+09 5.012E+09 3.810E+00 3.898E+01 7.089E+02 1.211E+03 1.959E+03 1.963E+03 2.080E+07 25.6915 1.00000
  5.623E+09 5.623E+09 3.827E+00 4.383E+01 7.955E+02 1.385E+03 2.224E+03 2.228E+03 2.109E+07 25.9217 1.00000
  6.310E+09 6.310E+09 3.844E+00 4.927E+01 8.927E+02 1.584E+03 2.526E+03 2.530E+03 2.138E+07 26.1520 1.00000
  7.079E+09 7.079E+09 3.861E+00 5.538E+01 1.002E+03 1.812E+03 2.869E+03 2.873E+03 2.167E+07 26.3823 1.00000
  7.943E+09 7.943E+09 3.879E+00 6.224E+01 1.124E+03 2.072E+03 3.259E+03 3.262E+03 2.195E+07 26.6125 1.00000
  8.913E+09 8.913E+09 3.896E+00 6.994E+01 1.261E+03 2.371E+03 3.702E+03 3.706E+03 2.223E+07 26.8428 1.00000
  1.000E+10 1.000E+10 3.914E+00 7.859E+01 1.415E+03 2.712E+03 4.206E+03 4.210E+03 2.251E+07 27.0730 1.00000
  1.122E+10 1.122E+10 3.931E+00 8.830E+01 1.588E+03 3.103E+03 4.779E+03 4.783E+03 2.278E+07 27.3033 1.00000
  1.259E+10 1.259E+10 3.949E+00 9.920E+01 1.782E+03 3.550E+03 5.431E+03 5.435E+03 2.305E+07 27.5336 1.00000
  1.413E+10 1.413E+10 3.967E+00 1.114E+02 1.999E+03 4.062E+03 6.172E+03 6.176E+03 2.331E+07 27.7638 1.00000
  1.585E+10 1.585E+10 3.985E+00 1.252E+02 2.243E+03 4.647E+03 7.016E+03 7.020E+03 2.358E+07 27.9941 1.00000
  1.778E+10 1.778E+10 4.003E+00 1.406E+02 2.517E+03 5.318E+03 7.975E+03 7.979E+03 2.384E+07 28.2243 1.00000
  1.995E+10 1.995E+10 4.021E+00 1.579E+02 2.824E+03 6.086E+03 9.068E+03 9.072E+03 2.409E+07 28.4546 1.00000
  2.239E+10 2.239E+10 4.039E+00 1.773E+02 3.169E+03 6.964E+03 1.031E+04 1.031E+04 2.434E+07 28.6849 1.00000
  2.512E+10 2.512E+10 4.057E+00 1.991E+02 3.555E+03 7.971E+03 1.173E+04 1.173E+04 2.459E+07 28.9151 1.00000
  2.818E+10 2.818E+10 4.076E+00 2.236E+02 3.989E+03 9.122E+03 1.334E+04 1.334E+04 2.484E+07 29.1454 1.00000
  3.162E+10 3.162E+10 4.094E+00 2.511E+02 4.476E+03 1.044E+04 1.517E+04 1.517E+04 2.508E+07 29.3756 1.00000
  3.548E+10 3.548E+10 4.113E+00 2.819E+02 5.022E+03 1.195E+04 1.726E+04 1.726E+04 2.532E+07 29.6059 1.00000
  3.981E+10 3.981E+10 4.132E+00 3.165E+02 5.635E+03 1.368E+04 1.963E+04 1.964E+04 2.555E+07 29.8361 1.00000
  4.467E+10 4.467E+10 4.151E+00 3.553E+02 6.323E+03 1.566E+04 2.234E+04 2.234E+04 2.579E+07 30.0664 1.00000
  5.012E+10 5.012E+10 4.170E+00 3.989E+02 7.094E+03 1.793E+04 2.542E+04 2.543E+04 2.602E+07 30.2967 1.00000
  5.623E+10 5.623E+10 4.189E+00 4.478E+02 7.960E+03 2.053E+04 2.894E+04 2.894E+04 2.624E+07 30.5269 1.00000
  6.310E+10 6.310E+10 4.208E+00 5.026E+02 8.931E+03 2.350E+04 3.294E+04 3.294E+04 2.646E+07 30.7572 1.00000
  7.079E+10 7.079E+10 4.227E+00 5.642E+02 1.002E+04 2.691E+04 3.750E+04 3.750E+04 2.668E+07 30.9874 1.00000
  7.943E+10 7.943E+10 4.246E+00 6.333E+02 1.124E+04 3.082E+04 4.269E+04 4.270E+04 2.690E+07 31.2177 1.00000
  8.913E+10 8.913E+10 4.266E+00 7.108E+02 1.261E+04 3.529E+04 4.861E+04 4.862E+04 2.711E+07 31.4480 1.00000
  1.000E+11 1.000E+11 4.286E+00 7.978E+02 1.415E+04 4.041E+04 5.536E+04 5.537E+04 2.732E+07 31.6782 1.00000
  1.122E+11 1.122E+11 4.305E+00 8.954E+02 1.588E+04 4.628E+04 6.306E+04 6.306E+04 2.753E+07 31.9085 1.00000
  1.259E+11 1.259E+11 4.325E+00 1.005E+03 1.782E+04 5.300E+04 7.183E+04 7.183E+04 2.773E+07 32.1387 1.00000
  1.413E+11 1.413E+11 4.345E+00 1.128E+03 1.999E+04 6.071E+04 8.183E+04 8.183E+04 2.794E+07 32.3690 1.00000
  1.585E+11 1.585E+11 4.365E+00 1.266E+03 2.243E+04 6.954E+04 9.323E+04 9.324E+04 2.813E+07 32.5992 1.00000
  1.778E+11 1.778E+11 4.385E+00 1.421E+03 2.517E+04 7.966E+04 1.062E+05 1.062E+05 2.833E+07 32.8295 1.00000
  1.995E+11 1.995E+11 4.406E+00 1.594E+03 2.824E+04 9.125E+04 1.211E+05 1.211E+05 2.852E+07 33.0598 1.00000
  2.239E+11 2.239E+11 4.426E+00 1.789E+03 3.168E+04 1.045E+05 1.380E+05 1.380E+05 2.871E+07 33.2900 1.00000
  2.512E+11 2.512E+11 4.446E+00 2.008E+03 3.554E+04 1.198E+05 1.573E+05 1.573E+05 2.889E+07 33.5203 1.00000
  2.818E+11 2.818E+11 4.467E+00 2.253E+03 3.988E+04 1.372E+05 1.793E+05 1.794E+05 2.908E+07 33.7505 1.00000
  3.162E+11 3.162E+11 4.488E+00 2.528E+03 4.475E+04 1.572E+05 2.045E+05 2.045E+05 2.926E+07 33.9808 1.00000
  3.548E+11 3.548E+11 4.509E+00 2.837E+03 5.020E+04 1.801E+05 2.332E+05 2.332E+05 2.943E+07 34.2111 1.00000
  3.981E+11 3.981E+11 4.530E+00 3.184E+03 5.633E+04 2.064E+05 2.659E+05 2.659E+05 2.961E+07 34.4413 1.00000
  4.467E+11 4.467E+11 4.551E+00 3.572E+03 6.320E+04 2.366E+05 3.033E+05 3.033E+05 2.978E+07 34.6716 1.00000
  5.012E+11 5.012E+11 4.572E+00 4.009E+03 7.091E+04 2.711E+05 3.460E+05 3.460E+05 2.995E+07 34.9018 1.00000
  5.623E+11 5.623E+11 4.593E+00 4.498E+03 7.956E+04 3.107E+05 3.948E+05 3.948E+05 3.011E+07 35.1321 1.00000
  6.310E+11 6.310E+11 4.615E+00 5.048E+03 8.926E+04 3.561E+05 4.504E+05 4.504E+05 3.028E+07 35.3623 1.00000
  7.079E+11 7.079E+11 4.636E+00 5.664E+03 1.001E+05 4.082E+05 5.140E+05 5.140E+05 3.044E+07 35.5926 1.00000
  7.943E+11 7.943E+11 4.658E+00 6.355E+03 1.124E+05 4.679E+05 5.866E+05 5.866E+05 3.060E+07 35.8229 1.00000
  8.913E+11 8.913E+11 4.680E+00 7.131E+03 1.261E+05 5.363E+05 6.695E+05 6.695E+05 3.075E+07 36.0531 1.00000
  1.000E+12 1.000E+12 4.702E+00 8.002E+03 1.414E+05 6.148E+05 7.643E+05 7.643E+05 3.090E+07 36.2834 1.00000
  1.122E+12 1.122E+12 4.724E+00 8.978E+03 1.587E+05 7.048E+05 8.725E+05 8.725E+05 3.105E+07 36.5136 1.00000
  1.259E+12 1.259E+12 4.746E+00 1.007E+04 1.781E+05 8.081E+05 9.962E+05 9.962E+05 3.120E+07 36.7439 1.00000
  1.413E+12 1.413E+12 4.768E+00 1.130E+04 1.998E+05 9.265E+05 1.138E+06 1.138E+06 3.134E+07 36.9742 1.00000
  1.585E+12 1.585E+12 4.791E+00 1.268E+04 2.241E+05 1.062E+06 1.299E+06 1.299E+06 3.149E+07 37.2044 1.00000
  1.778E+12 1.778E+12 4.813E+00 1.423E+04 2.515E+05 1.218E+06 1.484E+06 1.484E+06 3.163E+07 37.4347 1.00000
  1.995E+12 1.995E+12 4.836E+00 1.597E+04 2.822E+05 1.397E+06 1.695E+06 1.695E+06 3.176E+07 37.6649 1.00000
  2.239E+12 2.239E+12 4.859E+00 1.792E+04 3.166E+05 1.602E+06 1.936E+06 1.936E+06 3.190E+07 37.8952 1.00000
  2.512E+12 2.512E+12 4.881E+00 2.010E+04 3.552E+05 1.837E+06 2.212E+06 2.212E+06 3.203E+07 38.1254 1.00000
  2.818E+12 2.818E+12 4.904E+00 2.256E+04 3.985E+05 2.107E+06 2.528E+06 2.528E+06 3.216E+07 38.3557 1.00000
  3.162E+12 3.162E+12 4.928E+00 2.531E+04 4.471E+05 2.417E+06 2.889E+06 2.889E+06 3.229E+07 38.5860 1.00000
  3.548E+12 3.548E+12 4.951E+00 2.840E+04 5.017E+05 2.772E+06 3.302E+06 3.302E+06 3.241E+07 38.8162 1.00000
  3.981E+12 3.981E+12 4.974E+00 3.187E+04 5.628E+05 3.179E+06 3.774E+06 3.774E+06 3.254E+07 39.0465 1.00000
  4.467E+12 4.467E+12 4.998E+00 3.576E+04 6.315E+05 3.647E+06 4.314E+06 4.314E+06 3.266E+07 39.2767 1.00000
  5.012E+12 5.012E+12 5.022E+00 4.012E+04 7.085E+05 4.184E+06 4.933E+06 4.933E+06 3.277E+07 39.5070 1.00000
  5.623E+12 5.623E+12 5.045E+00 4.501E+04 7.949E+05 4.800E+06 5.640E+06 5.640E+06 3.289E+07 39.7373 1.00000
  6.310E+12 6.310E+12 5.069E+00 5.051E+04 8.919E+05 5.507E+06 6.449E+06 6.449E+06 3.300E+07 39.9675 1.00000
  7.079E+12 7.079E+12 5.093E+00 5.667E+04 1.001E+06 6.319E+06 7.376E+06 7.376E+06 3.312E+07 40.1978 1.00000
  7.943E+12 7.943E+12 5.118E+00 6.359E+04 1.123E+06 7.250E+06 8.436E+06 8.436E+06 3.323E+07 40.4280 1.00000
  8.913E+12 8.913E+12 5.142E+00 7.134E+04 1.260E+06 8.319E+06 9.650E+06 9.650E+06 3.333E+07 40.6583 1.00000
  1.000E+13 1.000E+13 5.166E+00 8.005E+04 1.413E+06 9.546E+06 1.104E+07 1.104E+07 3.344E+07 40.8886 1.00000
  1.122E+13 1.122E+13 5.191E+00 8.982E+04 1.586E+06 1.095E+07 1.263E+07 1.263E+07 3.354E+07 41.1188 1.00000
  1.259E+13 1.259E+13 5.216E+00 1.008E+05 1.779E+06 1.257E+07 1.445E+07 1.445E+07 3.364E+07 41.3491 1.00000
  1.413E+13 1.413E+13 5.241E+00 1.131E+05 1.996E+06 1.443E+07 1.654E+07 1.654E+07 3.374E+07 41.5793 1.00000
  1.585E+13 1.585E+13 5.266E+00 1.269E+05 2.239E+06 1.656E+07 1.893E+07 1.893E+07 3.384E+07 41.8096 1.00000
  1.778E+13 1.778E+13 5.291E+00 1.424E+05 2.513E+06 1.901E+07 2.166E+07 2.166E+07 3.394E+07 42.0398 1.00000
  1.995E+13 1.995E+13 5.316E+00 1.597E+05 2.819E+06 2.182E+07 2.480E+07 2.480E+07 3.403E+07 42.2701 1.00000
  2.239E+13 2.239E+13 5.341E+00 1.792E+05 3.163E+06 2.505E+07 2.839E+07 2.839E+07 3.412E+07 42.5004 1.00000
  2.512E+13 2.512E+13 5.367E+00 2.011E+05 3.549E+06 2.875E+07 3.250E+07 3.250E+07 3.421E+07 42.7306 1.00000
  2.818E+13 2.818E+13 5.393E+00 2.256E+05 3.981E+06 3.301E+07 3.721E+07 3.721E+07 3.430E+07 42.9609 1.00000
  3.162E+13 3.162E+13 5.419E+00 2.532E+05 4.467E+06 3.790E+07 4.262E+07 4.262E+07 3.439E+07 43.1911 1.00000
  3.548E+13 3.548E+13 5.444E+00 2.840E+05 5.012E+06 4.351E+07 4.880E+07 4.880E+07 3.447E+07 43.4214 1.00000
  3.981E+13 3.981E+13 5.471E+00 3.187E+05 5.623E+06 4.996E+07 5.590E+07 5.590E+07 3.456E+07 43.6517 1.00000
  4.467E+13 4.467E+13 5.497E+00 3.576E+05 6.309E+06 5.736E+07 6.403E+07 6.403E+07 3.464E+07 43.8819 1.00000
  5.012E+13 5.012E+13 5.523E+00 4.012E+05 7.078E+06 6.587E+07 7.335E+07 7.335E+07 3.472E+07 44.1122 1.00000
  5.623E+13 5.623E+13 5.550E+00 4.502E+05 7.941E+06 7.564E+07 8.403E+07 8.403E+07 3.480E+07 44.3424 1.00000
  6.310E+13 6.310E+13 5.576E+00 5.051E+05 8.910E+06 8.686E+07 9.628E+07 9.628E+07 3.487E+07 44.5727 1.00000
  7.079E+13 7.079E+13 5.603E+00 5.667E+05 9.996E+06 9.976E+07 1.103E+08 1.103E+08 3.495E+07 44.8029 1.00000
  7.943E+13 7.943E+13 5.630E+00 6.359E+05 1.122E+07 1.146E+08 1.264E+08 1.264E+08 3.502E+07 45.0332 1.00000
  8.913E+13 8.913E+13 5.657E+00 7.135E+05 1.258E+07 1.316E+08 1.449E+08 1.449E+08 3.509E+07 45.2635 1.00000
  1.000E+14 1.000E+14 5.685E+00 8.005E+05 1.412E+07 1.511E+08 1.661E+08 1.661E+08 3.516E+07 45.4937 1.00000
  1.122E+14 1.122E+14 5.712E+00 8.982E+05 1.584E+07 1.736E+08 1.904E+08 1.904E+08 3.523E+07 45.7240 1.00000
  1.259E+14 1.259E+14 5.739E+00 1.008E+06 1.777E+07 1.994E+08 2.182E+08 2.182E+08 3.530E+07 45.9542 1.00000
  1.413E+14 1.413E+14 5.767E+00 1.131E+06 1.994E+07 2.291E+08 2.502E+08 2.502E+08 3.536E+07 46.1845 1.00000
  1.585E+14 1.585E+14 5.795E+00 1.269E+06 2.237E+07 2.632E+08 2.868E+08 2.868E+08 3.543E+07 46.4148 1.00000
  1.778E+14 1.778E+14 5.823E+00 1.424E+06 2.510E+07 3.024E+08 3.289E+08 3.289E+08 3.549E+07 46.6450 1.00000
  1.995E+14 1.995E+14 5.851E+00 1.597E+06 2.816E+07 3.474E+08 3.772E+08 3.772E+08 3.555E+07 46.8753 1.00000
  2.239E+14 2.239E+14 5.879E+00 1.792E+06 3.159E+07 3.992E+08 4.325E+08 4.325E+08 3.561E+07 47.1055 1.00000
  2.512E+14 2.512E+14 5.908E+00 2.011E+06 3.544E+07 4.587E+08 4.961E+08 4.961E+08 3.567E+07 47.3358 1.00000
  2.818E+14 2.818E+14 5.936E+00 2.256E+06 3.977E+07 5.270E+08 5.690E+08 5.690E+08 3.573E+07 47.5660 1.00000
  3.162E+14 3.162E+14 5.965E+00 2.532E+06 4.461E+07 6.056E+08 6.528E+08 6.528E+08 3.579E+07 47.7963 1.00000
  3.548E+14 3.548E+14 5.994E+00 2.840E+06 5.006E+07 6.960E+08 7.489E+08 7.489E+08 3.584E+07 48.0266 1.00000
  3.981E+14 3.981E+14 6.023E+00 3.187E+06 5.616E+07 7.998E+08 8.592E+08 8.592E+08 3.590E+07 48.2568 1.00000
  4.467E+14 4.467E+14 6.052E+00 3.576E+06 6.301E+07 9.192E+08 9.858E+08 9.858E+08 3.595E+07 48.4871 1.00000
  5.012E+14 5.012E+14 6.081E+00 4.012E+06 7.069E+07 1.056E+09 1.131E+09 1.131E+09 3.600E+07 48.7173 1.00000
  5.623E+14 5.623E+14 6.111E+00 4.502E+06 7.931E+07 1.214E+09 1.298E+09 1.298E+09 3.605E+07 48.9476 1.00000
  6.310E+14 6.310E+14 6.140E+00 5.051E+06 8.898E+07 1.396E+09 1.490E+09 1.490E+09 3.610E+07 49.1779 1.00000
  7.079E+14 7.079E+14 6.170E+00 5.667E+06 9.983E+07 1.604E+09 1.710E+09 1.710E+09 3.615E+07 49.4081 1.00000
  7.943E+14 7.943E+14 6.200E+00 6.359E+06 1.120E+08 1.844E+09 1.963E+09 1.963E+09 3.620E+07 49.6384 1.00000
  8.913E+14 8.913E+14 6.230E+00 7.135E+06 1.257E+08 2.120E+09 2.253E+09 2.253E+09 3.624E+07 49.8686 1.00000
  1.000E+15 1.000E+15 6.260E+00 8.005E+06 1.410E+08 2.437E+09 2.586E+09 2.586E+09 3.629E+07 50.0989 1.00000
