 Incident particle is a Tau with M = 1776.82000 MeV
 Index = 0: DiethylEther
      Absorber with <Z/A> = 0.56663
 Density effect computed following Fano (1963)
 Models for Radloss: brems =  SSR, pair =  SSR, photonuc = DRSS

 *** Table generated with PUMAS v1.1 ***

      T         p     Ionization  brems     pair     photonuc  Radloss    dE/dx   CSDA Range  delta   beta
    [MeV]    [MeV/c]  -----------------------[MeV cm^2/g]------------------------  [g/cm^2]
  1.000E+05 1.018E+05 2.524E+00 3.425E-05 1.836E-03 6.820E-03 8.690E-03 2.533E+00 1.974E+04  4.8042 0.99985
  1.122E+05 1.140E+05 2.546E+00 4.148E-05 2.222E-03 7.735E-03 9.998E-03 2.556E+00 2.453E+04  5.0165 0.99988
  1.259E+05 1.277E+05 2.567E+00 5.015E-05 2.678E-03 8.753E-03 1.148E-02 2.579E+00 2.987E+04  5.2315 0.99990
  1.413E+05 1.430E+05 2.588E+00 6.053E-05 3.216E-03 9.878E-03 1.316E-02 2.602E+00 3.580E+04  5.4487 0.99992
  1.585E+05 1.603E+05 2.610E+00 7.292E-05 3.849E-03 1.116E-02 1.508E-02 2.625E+00 4.239E+04  5.6680 0.99994
  1.778E+05 1.796E+05 2.631E+00 8.768E-05 4.593E-03 1.257E-02 1.725E-02 2.648E+00 4.973E+04  5.8890 0.99995
  1.995E+05 2.013E+05 2.652E+00 1.052E-04 5.464E-03 1.418E-02 1.975E-02 2.672E+00 5.788E+04  6.1114 0.99996
  2.239E+05 2.256E+05 2.673E+00 1.261E-04 6.483E-03 1.597E-02 2.258E-02 2.695E+00 6.696E+04  6.3352 0.99997
  2.512E+05 2.530E+05 2.694E+00 1.507E-04 7.674E-03 1.796E-02 2.579E-02 2.720E+00 7.704E+04  6.5600 0.99998
  2.818E+05 2.836E+05 2.715E+00 1.799E-04 9.062E-03 2.022E-02 2.946E-02 2.744E+00 8.826E+04  6.7857 0.99998
  3.162E+05 3.180E+05 2.735E+00 2.144E-04 1.068E-02 2.276E-02 3.365E-02 2.769E+00 1.007E+05  7.0122 0.99998
  3.548E+05 3.566E+05 2.756E+00 2.549E-04 1.256E-02 2.561E-02 3.842E-02 2.795E+00 1.146E+05  7.2393 0.99999
  3.981E+05 3.999E+05 2.777E+00 3.027E-04 1.473E-02 2.880E-02 4.384E-02 2.821E+00 1.300E+05  7.4669 0.99999
  4.467E+05 4.485E+05 2.798E+00 3.587E-04 1.726E-02 3.240E-02 5.002E-02 2.848E+00 1.472E+05  7.6949 0.99999
  5.012E+05 5.030E+05 2.818E+00 4.243E-04 2.018E-02 3.643E-02 5.704E-02 2.875E+00 1.662E+05  7.9233 0.99999
  5.623E+05 5.641E+05 2.839E+00 5.012E-04 2.356E-02 4.099E-02 6.505E-02 2.904E+00 1.874E+05  8.1520 1.00000
  6.310E+05 6.327E+05 2.859E+00 5.909E-04 2.746E-02 4.615E-02 7.419E-02 2.933E+00 2.109E+05  8.3809 1.00000
  7.079E+05 7.097E+05 2.880E+00 6.958E-04 3.195E-02 5.196E-02 8.461E-02 2.964E+00 2.370E+05  8.6101 1.00000
  7.943E+05 7.961E+05 2.900E+00 8.179E-04 3.713E-02 5.852E-02 9.647E-02 2.996E+00 2.660E+05  8.8394 1.00000
  8.913E+05 8.930E+05 2.920E+00 9.600E-04 4.308E-02 6.591E-02 1.099E-01 3.030E+00 2.981E+05  9.0688 1.00000
  1.000E+06 1.002E+06 2.940E+00 1.126E-03 4.991E-02 7.430E-02 1.253E-01 3.066E+00 3.338E+05  9.2984 1.00000
  1.122E+06 1.124E+06 2.960E+00 1.317E-03 5.775E-02 8.375E-02 1.428E-01 3.103E+00 3.734E+05  9.5280 1.00000
  1.259E+06 1.261E+06 2.980E+00 1.540E-03 6.674E-02 9.450E-02 1.628E-01 3.143E+00 4.172E+05  9.7578 1.00000
  1.413E+06 1.414E+06 3.000E+00 1.798E-03 7.703E-02 1.066E-01 1.855E-01 3.185E+00 4.657E+05  9.9876 1.00000
  1.585E+06 1.587E+06 3.020E+00 2.097E-03 8.880E-02 1.204E-01 2.113E-01 3.231E+00 5.195E+05 10.2175 1.00000
  1.778E+06 1.780E+06 3.039E+00 2.442E-03 1.022E-01 1.360E-01 2.407E-01 3.280E+00 5.789E+05 10.4474 1.00000
  1.995E+06 1.997E+06 3.059E+00 2.840E-03 1.176E-01 1.537E-01 2.742E-01 3.333E+00 6.445E+05 10.6774 1.00000
  2.239E+06 2.240E+06 3.078E+00 3.302E-03 1.351E-01 1.739E-01 3.123E-01 3.390E+00 7.169E+05 10.9074 1.00000
  2.512E+06 2.514E+06 3.097E+00 3.834E-03 1.550E-01 1.967E-01 3.556E-01 3.452E+00 7.968E+05 11.1375 1.00000
  2.818E+06 2.820E+06 3.116E+00 4.447E-03 1.777E-01 2.227E-01 4.049E-01 3.521E+00 8.847E+05 11.3675 1.00000
  3.162E+06 3.164E+06 3.134E+00 5.153E-03 2.036E-01 2.522E-01 4.609E-01 3.595E+00 9.813E+05 11.5976 1.00000
  3.548E+06 3.550E+06 3.153E+00 5.964E-03 2.329E-01 2.857E-01 5.246E-01 3.678E+00 1.087E+06 11.8278 1.00000
  3.981E+06 3.983E+06 3.171E+00 6.896E-03 2.662E-01 3.238E-01 5.970E-01 3.768E+00 1.204E+06 12.0579 1.00000
  4.467E+06 4.469E+06 3.190E+00 7.966E-03 3.041E-01 3.672E-01 6.793E-01 3.869E+00 1.331E+06 12.2880 1.00000
  5.012E+06 5.014E+06 3.208E+00 9.199E-03 3.470E-01 4.166E-01 7.728E-01 3.980E+00 1.470E+06 12.5182 1.00000
  5.623E+06 5.625E+06 3.225E+00 1.061E-02 3.956E-01 4.729E-01 8.790E-01 4.104E+00 1.621E+06 12.7484 1.00000
  6.310E+06 6.311E+06 3.243E+00 1.224E-02 4.506E-01 5.369E-01 9.998E-01 4.243E+00 1.786E+06 12.9786 1.00000
  7.079E+06 7.081E+06 3.260E+00 1.410E-02 5.129E-01 6.099E-01 1.137E+00 4.397E+00 1.964E+06 13.2087 1.00000
  7.943E+06 7.945E+06 3.278E+00 1.623E-02 5.834E-01 6.930E-01 1.293E+00 4.570E+00 2.156E+06 13.4389 1.00000
  8.913E+06 8.914E+06 3.295E+00 1.867E-02 6.630E-01 7.877E-01 1.469E+00 4.764E+00 2.364E+06 13.6692 1.00000
  1.000E+07 1.000E+07 3.312E+00 2.146E-02 7.531E-01 8.956E-01 1.670E+00 4.982E+00 2.587E+06 13.8994 1.00000
  1.122E+07 1.122E+07 3.329E+00 2.465E-02 8.547E-01 1.019E+00 1.898E+00 5.227E+00 2.826E+06 14.1296 1.00000
  1.259E+07 1.259E+07 3.345E+00 2.830E-02 9.695E-01 1.159E+00 2.157E+00 5.502E+00 3.082E+06 14.3598 1.00000
  1.413E+07 1.413E+07 3.362E+00 3.247E-02 1.099E+00 1.319E+00 2.450E+00 5.812E+00 3.353E+06 14.5900 1.00000
  1.585E+07 1.585E+07 3.378E+00 3.723E-02 1.245E+00 1.501E+00 2.784E+00 6.162E+00 3.641E+06 14.8203 1.00000
  1.778E+07 1.778E+07 3.394E+00 4.267E-02 1.410E+00 1.709E+00 3.162E+00 6.556E+00 3.946E+06 15.0505 1.00000
  1.995E+07 1.995E+07 3.411E+00 4.887E-02 1.596E+00 1.947E+00 3.591E+00 7.002E+00 4.266E+06 15.2807 1.00000
  2.239E+07 2.239E+07 3.427E+00 5.594E-02 1.805E+00 2.218E+00 4.079E+00 7.505E+00 4.601E+06 15.5110 1.00000
  2.512E+07 2.512E+07 3.443E+00 6.400E-02 2.040E+00 2.527E+00 4.632E+00 8.074E+00 4.952E+06 15.7412 1.00000
  2.818E+07 2.819E+07 3.459E+00 7.320E-02 2.306E+00 2.880E+00 5.259E+00 8.718E+00 5.318E+06 15.9715 1.00000
  3.162E+07 3.162E+07 3.474E+00 8.367E-02 2.604E+00 3.283E+00 5.971E+00 9.445E+00 5.696E+06 16.2017 1.00000
  3.548E+07 3.548E+07 3.490E+00 9.559E-02 2.941E+00 3.743E+00 6.779E+00 1.027E+01 6.088E+06 16.4319 1.00000
  3.981E+07 3.981E+07 3.506E+00 1.092E-01 3.319E+00 4.268E+00 7.696E+00 1.120E+01 6.492E+06 16.6622 1.00000
  4.467E+07 4.467E+07 3.522E+00 1.246E-01 3.744E+00 4.867E+00 8.736E+00 1.226E+01 6.906E+06 16.8924 1.00000
  5.012E+07 5.012E+07 3.538E+00 1.421E-01 4.223E+00 5.552E+00 9.917E+00 1.345E+01 7.330E+06 17.1227 1.00000
  5.623E+07 5.624E+07 3.553E+00 1.621E-01 4.761E+00 6.333E+00 1.126E+01 1.481E+01 7.764E+06 17.3529 1.00000
  6.310E+07 6.310E+07 3.569E+00 1.847E-01 5.365E+00 7.226E+00 1.278E+01 1.635E+01 8.204E+06 17.5832 1.00000
  7.079E+07 7.080E+07 3.585E+00 2.105E-01 6.045E+00 8.246E+00 1.450E+01 1.809E+01 8.652E+06 17.8134 1.00000
  7.943E+07 7.943E+07 3.600E+00 2.397E-01 6.809E+00 9.411E+00 1.646E+01 2.006E+01 9.105E+06 18.0437 1.00000
  8.913E+07 8.913E+07 3.616E+00 2.728E-01 7.667E+00 1.074E+01 1.868E+01 2.230E+01 9.564E+06 18.2739 1.00000
  1.000E+08 1.000E+08 3.632E+00 3.104E-01 8.632E+00 1.226E+01 2.120E+01 2.484E+01 1.003E+07 18.5042 1.00000
  1.122E+08 1.122E+08 3.648E+00 3.531E-01 9.715E+00 1.400E+01 2.407E+01 2.771E+01 1.049E+07 18.7345 1.00000
  1.259E+08 1.259E+08 3.664E+00 4.014E-01 1.093E+01 1.598E+01 2.732E+01 3.098E+01 1.096E+07 18.9647 1.00000
  1.413E+08 1.413E+08 3.680E+00 4.562E-01 1.230E+01 1.825E+01 3.101E+01 3.469E+01 1.143E+07 19.1950 1.00000
  1.585E+08 1.585E+08 3.696E+00 5.182E-01 1.383E+01 2.084E+01 3.519E+01 3.889E+01 1.189E+07 19.4252 1.00000
  1.778E+08 1.778E+08 3.712E+00 5.884E-01 1.556E+01 2.380E+01 3.995E+01 4.366E+01 1.236E+07 19.6555 1.00000
  1.995E+08 1.995E+08 3.728E+00 6.679E-01 1.749E+01 2.719E+01 4.535E+01 4.908E+01 1.283E+07 19.8857 1.00000
  2.239E+08 2.239E+08 3.744E+00 7.578E-01 1.966E+01 3.106E+01 5.148E+01 5.523E+01 1.330E+07 20.1160 1.00000
  2.512E+08 2.512E+08 3.760E+00 8.595E-01 2.210E+01 3.548E+01 5.845E+01 6.221E+01 1.377E+07 20.3463 1.00000
  2.818E+08 2.818E+08 3.777E+00 9.745E-01 2.484E+01 4.054E+01 6.636E+01 7.013E+01 1.423E+07 20.5765 1.00000
  3.162E+08 3.162E+08 3.793E+00 1.104E+00 2.792E+01 4.632E+01 7.534E+01 7.913E+01 1.469E+07 20.8068 1.00000
  3.548E+08 3.548E+08 3.809E+00 1.251E+00 3.137E+01 5.293E+01 8.555E+01 8.936E+01 1.515E+07 21.0370 1.00000
  3.981E+08 3.981E+08 3.826E+00 1.417E+00 3.524E+01 6.049E+01 9.714E+01 1.010E+02 1.561E+07 21.2673 1.00000
  4.467E+08 4.467E+08 3.842E+00 1.604E+00 3.959E+01 6.913E+01 1.103E+02 1.142E+02 1.606E+07 21.4975 1.00000
  5.012E+08 5.012E+08 3.859E+00 1.816E+00 4.447E+01 7.901E+01 1.253E+02 1.291E+02 1.651E+07 21.7278 1.00000
  5.623E+08 5.623E+08 3.876E+00 2.054E+00 4.994E+01 9.030E+01 1.423E+02 1.462E+02 1.695E+07 21.9581 1.00000
  6.310E+08 6.310E+08 3.893E+00 2.323E+00 5.609E+01 1.032E+02 1.616E+02 1.655E+02 1.739E+07 22.1883 1.00000
  7.079E+08 7.079E+08 3.910E+00 2.627E+00 6.299E+01 1.180E+02 1.836E+02 1.875E+02 1.783E+07 22.4186 1.00000
  7.943E+08 7.943E+08 3.927E+00 2.969E+00 7.073E+01 1.349E+02 2.086E+02 2.125E+02 1.826E+07 22.6488 1.00000
  8.913E+08 8.913E+08 3.944E+00 3.355E+00 7.941E+01 1.542E+02 2.370E+02 2.410E+02 1.869E+07 22.8791 1.00000
  1.000E+09 1.000E+09 3.961E+00 3.790E+00 8.916E+01 1.764E+02 2.693E+02 2.733E+02 1.911E+07 23.1093 1.00000
  1.122E+09 1.122E+09 3.978E+00 4.280E+00 1.001E+02 2.017E+02 3.060E+02 3.100E+02 1.953E+07 23.3396 1.00000
  1.259E+09 1.259E+09 3.995E+00 4.832E+00 1.124E+02 2.306E+02 3.478E+02 3.518E+02 1.995E+07 23.5699 1.00000
  1.413E+09 1.413E+09 4.013E+00 5.453E+00 1.262E+02 2.637E+02 3.953E+02 3.993E+02 2.036E+07 23.8001 1.00000
  1.585E+09 1.585E+09 4.030E+00 6.153E+00 1.416E+02 3.016E+02 4.494E+02 4.534E+02 2.076E+07 24.0304 1.00000
  1.778E+09 1.778E+09 4.048E+00 6.941E+00 1.590E+02 3.450E+02 5.109E+02 5.149E+02 2.116E+07 24.2606 1.00000
  1.995E+09 1.995E+09 4.066E+00 7.827E+00 1.784E+02 3.946E+02 5.808E+02 5.849E+02 2.156E+07 24.4909 1.00000
  2.239E+09 2.239E+09 4.084E+00 8.825E+00 2.003E+02 4.513E+02 6.604E+02 6.645E+02 2.195E+07 24.7211 1.00000
  2.512E+09 2.512E+09 4.102E+00 9.948E+00 2.248E+02 5.163E+02 7.510E+02 7.551E+02 2.233E+07 24.9514 1.00000
  2.818E+09 2.818E+09 4.120E+00 1.121E+01 2.523E+02 5.907E+02 8.542E+02 8.583E+02 2.271E+07 25.1817 1.00000
  3.162E+09 3.162E+09 4.138E+00 1.263E+01 2.831E+02 6.758E+02 9.715E+02 9.757E+02 2.309E+07 25.4119 1.00000
  3.548E+09 3.548E+09 4.156E+00 1.423E+01 3.178E+02 7.732E+02 1.105E+03 1.109E+03 2.346E+07 25.6422 1.00000
  3.981E+09 3.981E+09 4.174E+00 1.602E+01 3.566E+02 8.847E+02 1.257E+03 1.262E+03 2.382E+07 25.8724 1.00000
  4.467E+09 4.467E+09 4.193E+00 1.804E+01 4.002E+02 1.012E+03 1.431E+03 1.435E+03 2.418E+07 26.1027 1.00000
  5.012E+09 5.012E+09 4.211E+00 2.031E+01 4.491E+02 1.158E+03 1.628E+03 1.632E+03 2.454E+07 26.3330 1.00000
  5.623E+09 5.623E+09 4.230E+00 2.286E+01 5.040E+02 1.326E+03 1.853E+03 1.857E+03 2.489E+07 26.5632 1.00000
  6.310E+09 6.310E+09 4.249E+00 2.572E+01 5.656E+02 1.517E+03 2.109E+03 2.113E+03 2.524E+07 26.7935 1.00000
  7.079E+09 7.079E+09 4.268E+00 2.894E+01 6.347E+02 1.737E+03 2.400E+03 2.405E+03 2.558E+07 27.0237 1.00000
  7.943E+09 7.943E+09 4.287E+00 3.256E+01 7.123E+02 1.988E+03 2.733E+03 2.737E+03 2.592E+07 27.2540 1.00000
  8.913E+09 8.913E+09 4.306E+00 3.662E+01 7.993E+02 2.275E+03 3.111E+03 3.115E+03 2.625E+07 27.4842 1.00000
  1.000E+10 1.000E+10 4.325E+00 4.119E+01 8.969E+02 2.605E+03 3.543E+03 3.547E+03 2.657E+07 27.7145 1.00000
  1.122E+10 1.122E+10 4.344E+00 4.632E+01 1.006E+03 2.982E+03 4.034E+03 4.039E+03 2.690E+07 27.9447 1.00000
  1.259E+10 1.259E+10 4.364E+00 5.207E+01 1.129E+03 3.414E+03 4.595E+03 4.599E+03 2.721E+07 28.1750 1.00000
  1.413E+10 1.413E+10 4.383E+00 5.854E+01 1.267E+03 3.908E+03 5.234E+03 5.238E+03 2.753E+07 28.4053 1.00000
  1.585E+10 1.585E+10 4.403E+00 6.580E+01 1.422E+03 4.475E+03 5.963E+03 5.967E+03 2.784E+07 28.6354 1.00000
  1.778E+10 1.778E+10 4.422E+00 7.395E+01 1.596E+03 5.124E+03 6.794E+03 6.798E+03 2.814E+07 28.8657 1.00000
  1.995E+10 1.995E+10 4.442E+00 8.311E+01 1.790E+03 5.868E+03 7.741E+03 7.745E+03 2.844E+07 29.0959 1.00000
  2.239E+10 2.239E+10 4.462E+00 9.339E+01 2.009E+03 6.719E+03 8.822E+03 8.826E+03 2.873E+07 29.3258 1.00000
  2.512E+10 2.512E+10 4.482E+00 1.049E+02 2.254E+03 7.695E+03 1.005E+04 1.006E+04 2.902E+07 29.5561 1.00000
  2.818E+10 2.818E+10 4.503E+00 1.179E+02 2.529E+03 8.813E+03 1.146E+04 1.147E+04 2.931E+07 29.7863 1.00000
  3.162E+10 3.162E+10 4.523E+00 1.324E+02 2.838E+03 1.009E+04 1.307E+04 1.307E+04 2.959E+07 30.0151 1.00000
  3.548E+10 3.548E+10 4.543E+00 1.487E+02 3.184E+03 1.156E+04 1.490E+04 1.490E+04 2.986E+07 30.2453 1.00000
  3.981E+10 3.981E+10 4.564E+00 1.671E+02 3.573E+03 1.324E+04 1.699E+04 1.699E+04 3.014E+07 30.4756 1.00000
  4.467E+10 4.467E+10 4.585E+00 1.876E+02 4.009E+03 1.517E+04 1.937E+04 1.937E+04 3.040E+07 30.7058 1.00000
  5.012E+10 5.012E+10 4.606E+00 2.107E+02 4.499E+03 1.738E+04 2.209E+04 2.210E+04 3.067E+07 30.9296 1.00000
  5.623E+10 5.623E+10 4.627E+00 2.366E+02 5.048E+03 1.991E+04 2.520E+04 2.520E+04 3.093E+07 31.1599 1.00000
  6.310E+10 6.310E+10 4.648E+00 2.657E+02 5.664E+03 2.282E+04 2.875E+04 2.875E+04 3.118E+07 31.3901 1.00000
  7.079E+10 7.079E+10 4.671E+00 2.983E+02 6.355E+03 2.614E+04 3.280E+04 3.280E+04 3.143E+07 31.5912 1.00000
  7.943E+10 7.943E+10 4.693E+00 3.349E+02 7.130E+03 2.996E+04 3.742E+04 3.743E+04 3.168E+07 31.8215 1.00000
  8.913E+10 8.913E+10 4.714E+00 3.760E+02 8.000E+03 3.433E+04 4.270E+04 4.271E+04 3.192E+07 32.0517 1.00000
  1.000E+11 1.000E+11 4.735E+00 4.221E+02 8.977E+03 3.934E+04 4.874E+04 4.874E+04 3.216E+07 32.2820 1.00000
  1.122E+11 1.122E+11 4.757E+00 4.739E+02 1.007E+04 4.509E+04 5.563E+04 5.564E+04 3.239E+07 32.5123 1.00000
  1.259E+11 1.259E+11 4.792E+00 5.320E+02 1.130E+04 5.167E+04 6.351E+04 6.351E+04 3.262E+07 32.5870 1.00000
  1.413E+11 1.413E+11 4.814E+00 5.971E+02 1.268E+04 5.923E+04 7.250E+04 7.251E+04 3.285E+07 32.8173 1.00000
  1.585E+11 1.585E+11 4.836E+00 6.703E+02 1.423E+04 6.789E+04 8.279E+04 8.279E+04 3.307E+07 33.0476 1.00000
  1.778E+11 1.778E+11 4.858E+00 7.523E+02 1.596E+04 7.782E+04 9.454E+04 9.454E+04 3.329E+07 33.2778 1.00000
  1.995E+11 1.995E+11 4.880E+00 8.444E+02 1.791E+04 8.921E+04 1.080E+05 1.080E+05 3.350E+07 33.5081 1.00000
  2.239E+11 2.239E+11 4.903E+00 9.477E+02 2.010E+04 1.023E+05 1.233E+05 1.233E+05 3.372E+07 33.7383 1.00000
  2.512E+11 2.512E+11 4.925E+00 1.064E+03 2.255E+04 1.173E+05 1.409E+05 1.409E+05 3.392E+07 33.9686 1.00000
  2.818E+11 2.818E+11 4.948E+00 1.194E+03 2.530E+04 1.344E+05 1.609E+05 1.609E+05 3.413E+07 34.1989 1.00000
  3.162E+11 3.162E+11 4.970E+00 1.340E+03 2.839E+04 1.541E+05 1.839E+05 1.839E+05 3.433E+07 34.4291 1.00000
  3.548E+11 3.548E+11 4.993E+00 1.504E+03 3.185E+04 1.767E+05 2.101E+05 2.101E+05 3.452E+07 34.6594 1.00000
  3.981E+11 3.981E+11 5.016E+00 1.687E+03 3.574E+04 2.027E+05 2.401E+05 2.401E+05 3.471E+07 34.8896 1.00000
  4.467E+11 4.467E+11 5.039E+00 1.894E+03 4.010E+04 2.324E+05 2.744E+05 2.744E+05 3.490E+07 35.1199 1.00000
  5.012E+11 5.012E+11 5.062E+00 2.125E+03 4.499E+04 2.666E+05 3.137E+05 3.137E+05 3.509E+07 35.3502 1.00000
  5.623E+11 5.623E+11 5.086E+00 2.385E+03 5.048E+04 3.057E+05 3.586E+05 3.586E+05 3.527E+07 35.5804 1.00000
  6.310E+11 6.310E+11 5.109E+00 2.676E+03 5.664E+04 3.507E+05 4.100E+05 4.100E+05 3.545E+07 35.8107 1.00000
  7.079E+11 7.079E+11 5.133E+00 3.003E+03 6.356E+04 4.022E+05 4.688E+05 4.688E+05 3.563E+07 36.0409 1.00000
  7.943E+11 7.943E+11 5.157E+00 3.370E+03 7.131E+04 4.614E+05 5.361E+05 5.361E+05 3.580E+07 36.2712 1.00000
  8.913E+11 8.913E+11 5.181E+00 3.781E+03 8.001E+04 5.293E+05 6.131E+05 6.131E+05 3.597E+07 36.5014 1.00000
  1.000E+12 1.000E+12 5.205E+00 4.243E+03 8.978E+04 6.072E+05 7.012E+05 7.012E+05 3.613E+07 36.7317 1.00000
  1.122E+12 1.122E+12 5.229E+00 4.761E+03 1.007E+05 6.966E+05 8.021E+05 8.021E+05 3.630E+07 36.9620 1.00000
  1.259E+12 1.259E+12 5.253E+00 5.343E+03 1.130E+05 7.992E+05 9.176E+05 9.176E+05 3.646E+07 37.1922 1.00000
  1.413E+12 1.413E+12 5.277E+00 5.995E+03 1.268E+05 9.170E+05 1.050E+06 1.050E+06 3.661E+07 37.4225 1.00000
  1.585E+12 1.585E+12 5.302E+00 6.727E+03 1.423E+05 1.052E+06 1.201E+06 1.201E+06 3.676E+07 37.6527 1.00000
  1.778E+12 1.778E+12 5.327E+00 7.548E+03 1.596E+05 1.207E+06 1.375E+06 1.375E+06 3.692E+07 37.8830 1.00000
  1.995E+12 1.995E+12 5.351E+00 8.469E+03 1.791E+05 1.386E+06 1.573E+06 1.573E+06 3.706E+07 38.1133 1.00000
  2.239E+12 2.239E+12 5.376E+00 9.503E+03 2.010E+05 1.590E+06 1.801E+06 1.801E+06 3.721E+07 38.3435 1.00000
  2.512E+12 2.512E+12 5.401E+00 1.066E+04 2.255E+05 1.825E+06 2.061E+06 2.061E+06 3.735E+07 38.5738 1.00000
  2.818E+12 2.818E+12 5.427E+00 1.196E+04 2.530E+05 2.095E+06 2.360E+06 2.360E+06 3.749E+07 38.8040 1.00000
  3.162E+12 3.162E+12 5.452E+00 1.343E+04 2.839E+05 2.404E+06 2.702E+06 2.702E+06 3.762E+07 39.0343 1.00000
  3.548E+12 3.548E+12 5.478E+00 1.506E+04 3.185E+05 2.760E+06 3.093E+06 3.093E+06 3.776E+07 39.2645 1.00000
  3.981E+12 3.981E+12 5.503E+00 1.690E+04 3.574E+05 3.168E+06 3.542E+06 3.542E+06 3.789E+07 39.4948 1.00000
  4.467E+12 4.467E+12 5.529E+00 1.897E+04 4.010E+05 3.637E+06 4.057E+06 4.057E+06 3.802E+07 39.7251 1.00000
  5.012E+12 5.012E+12 5.555E+00 2.128E+04 4.499E+05 4.175E+06 4.646E+06 4.646E+06 3.814E+07 39.9553 1.00000
  5.623E+12 5.623E+12 5.581E+00 2.388E+04 5.048E+05 4.793E+06 5.322E+06 5.322E+06 3.826E+07 40.1856 1.00000
  6.310E+12 6.310E+12 5.607E+00 2.679E+04 5.664E+05 5.504E+06 6.097E+06 6.097E+06 3.839E+07 40.4158 1.00000
  7.079E+12 7.079E+12 5.634E+00 3.006E+04 6.355E+05 6.319E+06 6.985E+06 6.985E+06 3.850E+07 40.6461 1.00000
  7.943E+12 7.943E+12 5.660E+00 3.373E+04 7.131E+05 7.256E+06 8.003E+06 8.003E+06 3.862E+07 40.8764 1.00000
  8.913E+12 8.913E+12 5.687E+00 3.784E+04 8.001E+05 8.332E+06 9.170E+06 9.170E+06 3.873E+07 41.1066 1.00000
  1.000E+13 1.000E+13 5.714E+00 4.246E+04 8.977E+05 9.569E+06 1.051E+07 1.051E+07 3.884E+07 41.3369 1.00000
  1.122E+13 1.122E+13 5.741E+00 4.765E+04 1.007E+06 1.099E+07 1.204E+07 1.204E+07 3.895E+07 41.5671 1.00000
  1.259E+13 1.259E+13 5.768E+00 5.346E+04 1.130E+06 1.262E+07 1.380E+07 1.380E+07 3.906E+07 41.7974 1.00000
  1.413E+13 1.413E+13 5.795E+00 5.998E+04 1.268E+06 1.450E+07 1.582E+07 1.582E+07 3.916E+07 42.0276 1.00000
  1.585E+13 1.585E+13 5.822E+00 6.730E+04 1.423E+06 1.665E+07 1.814E+07 1.814E+07 3.926E+07 42.2579 1.00000
  1.778E+13 1.778E+13 5.850E+00 7.551E+04 1.596E+06 1.912E+07 2.080E+07 2.080E+07 3.936E+07 42.4882 1.00000
  1.995E+13 1.995E+13 5.877E+00 8.473E+04 1.791E+06 2.197E+07 2.384E+07 2.384E+07 3.946E+07 42.7184 1.00000
  2.239E+13 2.239E+13 5.905E+00 9.507E+04 2.010E+06 2.524E+07 2.734E+07 2.734E+07 3.955E+07 42.9487 1.00000
  2.512E+13 2.512E+13 5.933E+00 1.067E+05 2.255E+06 2.899E+07 3.135E+07 3.135E+07 3.965E+07 43.1789 1.00000
  2.818E+13 2.818E+13 5.961E+00 1.197E+05 2.530E+06 3.331E+07 3.596E+07 3.596E+07 3.974E+07 43.4092 1.00000
  3.162E+13 3.162E+13 5.990E+00 1.343E+05 2.839E+06 3.827E+07 4.124E+07 4.124E+07 3.983E+07 43.6395 1.00000
  3.548E+13 3.548E+13 6.018E+00 1.507E+05 3.185E+06 4.397E+07 4.731E+07 4.731E+07 3.992E+07 43.8697 1.00000
  3.981E+13 3.981E+13 6.047E+00 1.691E+05 3.574E+06 5.052E+07 5.427E+07 5.427E+07 4.000E+07 44.1000 1.00000
  4.467E+13 4.467E+13 6.075E+00 1.897E+05 4.010E+06 5.806E+07 6.226E+07 6.226E+07 4.008E+07 44.3302 1.00000
  5.012E+13 5.012E+13 6.104E+00 2.128E+05 4.499E+06 6.672E+07 7.143E+07 7.143E+07 4.017E+07 44.5605 1.00000
  5.623E+13 5.623E+13 6.133E+00 2.388E+05 5.048E+06 7.667E+07 8.196E+07 8.196E+07 4.025E+07 44.7907 1.00000
  6.310E+13 6.310E+13 6.163E+00 2.679E+05 5.664E+06 8.811E+07 9.404E+07 9.404E+07 4.032E+07 45.0210 1.00000
  7.079E+13 7.079E+13 6.192E+00 3.006E+05 6.355E+06 1.013E+08 1.079E+08 1.079E+08 4.040E+07 45.2513 1.00000
  7.943E+13 7.943E+13 6.221E+00 3.373E+05 7.130E+06 1.164E+08 1.239E+08 1.239E+08 4.048E+07 45.4815 1.00000
  8.913E+13 8.913E+13 6.251E+00 3.785E+05 8.000E+06 1.338E+08 1.422E+08 1.422E+08 4.055E+07 45.7118 1.00000
  1.000E+14 1.000E+14 6.281E+00 4.247E+05 8.976E+06 1.538E+08 1.632E+08 1.632E+08 4.062E+07 45.9420 1.00000
  1.122E+14 1.122E+14 6.311E+00 4.765E+05 1.007E+07 1.768E+08 1.873E+08 1.873E+08 4.069E+07 46.1723 1.00000
  1.259E+14 1.259E+14 6.341E+00 5.346E+05 1.130E+07 2.032E+08 2.151E+08 2.151E+08 4.076E+07 46.4026 1.00000
  1.413E+14 1.413E+14 6.371E+00 5.999E+05 1.268E+07 2.336E+08 2.469E+08 2.469E+08 4.082E+07 46.6328 1.00000
  1.585E+14 1.585E+14 6.402E+00 6.731E+05 1.423E+07 2.686E+08 2.835E+08 2.835E+08 4.089E+07 46.8631 1.00000
  1.778E+14 1.778E+14 6.432E+00 7.552E+05 1.596E+07 3.088E+08 3.255E+08 3.255E+08 4.095E+07 47.0933 1.00000
  1.995E+14 1.995E+14 6.463E+00 8.473E+05 1.791E+07 3.551E+08 3.738E+08 3.738E+08 4.102E+07 47.3236 1.00000
  2.239E+14 2.239E+14 6.494E+00 9.507E+05 2.010E+07 4.082E+08 4.293E+08 4.293E+08 4.108E+07 47.5539 1.00000
  2.512E+14 2.512E+14 6.525E+00 1.067E+06 2.255E+07 4.694E+08 4.930E+08 4.930E+08 4.114E+07 47.7841 1.00000
  2.818E+14 2.818E+14 6.557E+00 1.197E+06 2.530E+07 5.398E+08 5.663E+08 5.663E+08 4.119E+07 48.0144 1.00000
  3.162E+14 3.162E+14 6.588E+00 1.343E+06 2.838E+07 6.208E+08 6.505E+08 6.505E+08 4.125E+07 48.2446 1.00000
  3.548E+14 3.548E+14 6.620E+00 1.507E+06 3.185E+07 7.139E+08 7.473E+08 7.473E+08 4.131E+07 48.4749 1.00000
  3.981E+14 3.981E+14 6.651E+00 1.691E+06 3.573E+07 8.211E+08 8.585E+08 8.585E+08 4.136E+07 48.7051 1.00000
  4.467E+14 4.467E+14 6.683E+00 1.897E+06 4.009E+07 9.443E+08 9.863E+08 9.863E+08 4.141E+07 48.9354 1.00000
  5.012E+14 5.012E+14 6.715E+00 2.128E+06 4.499E+07 1.086E+09 1.133E+09 1.133E+09 4.146E+07 49.1657 1.00000
  5.623E+14 5.623E+14 6.748E+00 2.388E+06 5.047E+07 1.249E+09 1.302E+09 1.302E+09 4.151E+07 49.3959 1.00000
  6.310E+14 6.310E+14 6.780E+00 2.680E+06 5.663E+07 1.437E+09 1.496E+09 1.496E+09 4.156E+07 49.6262 1.00000
  7.079E+14 7.079E+14 6.813E+00 3.006E+06 6.354E+07 1.653E+09 1.720E+09 1.720E+09 4.161E+07 49.8564 1.00000
  7.943E+14 7.943E+14 6.846E+00 3.373E+06 7.130E+07 1.902E+09 1.976E+09 1.976E+09 4.166E+07 50.0867 1.00000
  8.913E+14 8.913E+14 6.878E+00 3.785E+06 7.999E+07 2.188E+09 2.271E+09 2.271E+09 4.170E+07 50.3170 1.00000
  1.000E+15 1.000E+15 6.912E+00 4.247E+06 8.975E+07 2.517E+09 2.611E+09 2.611E+09 4.175E+07 50.5472 1.00000
