 Incident particle is a Tau with M = 1776.82000 MeV
 Index = 0: DimethylSulfoxide
      Absorber with <Z/A> = 0.53748
 Sternheimer coef:  a     k=m_s   x_0    x_1    I[eV]   Cbar  delta0
                 0.0662  3.5708  0.2021  3.1263   98.6  3.9844 0.00

 *** Table generated with PUMAS v1.00 ***

      T         p     Ionization  brems     pair     photonuc  Radloss    dE/dx   CSDA Range  delta   beta
    [MeV]    [MeV/c]  -----------------------[MeV cm^2/g]------------------------  [g/cm^2]
  1.000E+05 1.018E+05 2.353E+00 1.949E-04 3.080E-03 8.285E-03 1.156E-02 2.364E+00 2.115E+04  4.3141 0.99985
  1.122E+05 1.140E+05 2.374E+00 2.253E-04 3.709E-03 9.352E-03 1.329E-02 2.387E+00 2.628E+04  4.5157 0.99988
  1.259E+05 1.277E+05 2.395E+00 2.602E-04 4.452E-03 1.050E-02 1.521E-02 2.411E+00 3.199E+04  4.7200 0.99990
  1.413E+05 1.430E+05 2.416E+00 3.005E-04 5.326E-03 1.180E-02 1.742E-02 2.434E+00 3.833E+04  4.9268 0.99992
  1.585E+05 1.603E+05 2.437E+00 3.468E-04 6.352E-03 1.324E-02 1.994E-02 2.457E+00 4.538E+04  5.1359 0.99994
  1.778E+05 1.796E+05 2.458E+00 4.001E-04 7.556E-03 1.486E-02 2.282E-02 2.481E+00 5.321E+04  5.3471 0.99995
  1.995E+05 2.013E+05 2.479E+00 4.613E-04 8.965E-03 1.670E-02 2.613E-02 2.505E+00 6.192E+04  5.5604 0.99996
  2.239E+05 2.256E+05 2.500E+00 5.317E-04 1.061E-02 1.872E-02 2.986E-02 2.529E+00 7.159E+04  5.7755 0.99997
  2.512E+05 2.530E+05 2.520E+00 6.125E-04 1.253E-02 2.097E-02 3.411E-02 2.554E+00 8.233E+04  5.9924 0.99998
  2.818E+05 2.836E+05 2.540E+00 7.052E-04 1.476E-02 2.351E-02 3.898E-02 2.579E+00 9.428E+04  6.2109 0.99998
  3.162E+05 3.180E+05 2.561E+00 8.116E-04 1.735E-02 2.639E-02 4.455E-02 2.605E+00 1.075E+05  6.4309 0.99998
  3.548E+05 3.566E+05 2.581E+00 9.337E-04 2.036E-02 2.961E-02 5.090E-02 2.632E+00 1.223E+05  6.6522 0.99999
  3.981E+05 3.999E+05 2.601E+00 1.074E-03 2.384E-02 3.321E-02 5.812E-02 2.659E+00 1.386E+05  6.8748 0.99999
  4.467E+05 4.485E+05 2.621E+00 1.234E-03 2.786E-02 3.724E-02 6.634E-02 2.687E+00 1.568E+05  7.0985 0.99999
  5.012E+05 5.030E+05 2.641E+00 1.418E-03 3.251E-02 4.178E-02 7.571E-02 2.717E+00 1.770E+05  7.3232 0.99999
  5.623E+05 5.641E+05 2.661E+00 1.628E-03 3.787E-02 4.670E-02 8.620E-02 2.747E+00 1.994E+05  7.5488 1.00000
  6.310E+05 6.327E+05 2.680E+00 1.870E-03 4.404E-02 5.224E-02 9.815E-02 2.778E+00 2.242E+05  7.7752 1.00000
  7.079E+05 7.097E+05 2.700E+00 2.146E-03 5.114E-02 5.849E-02 1.118E-01 2.811E+00 2.518E+05  8.0023 1.00000
  7.943E+05 7.961E+05 2.719E+00 2.461E-03 5.930E-02 6.555E-02 1.273E-01 2.846E+00 2.823E+05  8.2300 1.00000
  8.913E+05 8.930E+05 2.738E+00 2.823E-03 6.866E-02 7.353E-02 1.450E-01 2.883E+00 3.161E+05  8.4583 1.00000
  1.000E+06 1.002E+06 2.758E+00 3.236E-03 7.939E-02 8.256E-02 1.652E-01 2.923E+00 3.536E+05  8.6870 1.00000
  1.122E+06 1.124E+06 2.777E+00 3.709E-03 9.166E-02 9.278E-02 1.881E-01 2.965E+00 3.950E+05  8.9161 1.00000
  1.259E+06 1.261E+06 2.795E+00 4.249E-03 1.057E-01 1.043E-01 2.143E-01 3.010E+00 4.409E+05  9.1455 1.00000
  1.413E+06 1.414E+06 2.814E+00 4.866E-03 1.218E-01 1.175E-01 2.441E-01 3.058E+00 4.915E+05  9.3751 1.00000
  1.585E+06 1.587E+06 2.833E+00 5.571E-03 1.401E-01 1.323E-01 2.780E-01 3.111E+00 5.474E+05  9.6049 1.00000
  1.778E+06 1.780E+06 2.851E+00 6.377E-03 1.609E-01 1.492E-01 3.165E-01 3.168E+00 6.090E+05  9.8348 1.00000
  1.995E+06 1.997E+06 2.870E+00 7.296E-03 1.847E-01 1.683E-01 3.603E-01 3.230E+00 6.768E+05 10.0648 1.00000
  2.239E+06 2.240E+06 2.888E+00 8.346E-03 2.118E-01 1.901E-01 4.102E-01 3.298E+00 7.514E+05 10.2949 1.00000
  2.512E+06 2.514E+06 2.906E+00 9.545E-03 2.426E-01 2.148E-01 4.669E-01 3.373E+00 8.333E+05 10.5249 1.00000
  2.818E+06 2.820E+06 2.924E+00 1.091E-02 2.775E-01 2.428E-01 5.313E-01 3.455E+00 9.231E+05 10.7550 1.00000
  3.162E+06 3.164E+06 2.942E+00 1.247E-02 3.172E-01 2.748E-01 6.045E-01 3.546E+00 1.021E+06 10.9852 1.00000
  3.548E+06 3.550E+06 2.959E+00 1.425E-02 3.622E-01 3.111E-01 6.876E-01 3.647E+00 1.129E+06 11.2153 1.00000
  3.981E+06 3.983E+06 2.977E+00 1.628E-02 4.133E-01 3.524E-01 7.819E-01 3.759E+00 1.246E+06 11.4455 1.00000
  4.467E+06 4.469E+06 2.994E+00 1.859E-02 4.711E-01 3.994E-01 8.891E-01 3.883E+00 1.373E+06 11.6756 1.00000
  5.012E+06 5.014E+06 3.011E+00 2.122E-02 5.365E-01 4.529E-01 1.011E+00 4.022E+00 1.511E+06 11.9058 1.00000
  5.623E+06 5.625E+06 3.028E+00 2.422E-02 6.106E-01 5.138E-01 1.149E+00 4.177E+00 1.660E+06 12.1360 1.00000
  6.310E+06 6.311E+06 3.045E+00 2.764E-02 6.943E-01 5.832E-01 1.305E+00 4.350E+00 1.821E+06 12.3662 1.00000
  7.079E+06 7.081E+06 3.061E+00 3.153E-02 7.888E-01 6.623E-01 1.483E+00 4.544E+00 1.994E+06 12.5964 1.00000
  7.943E+06 7.945E+06 3.078E+00 3.595E-02 8.957E-01 7.524E-01 1.684E+00 4.762E+00 2.180E+06 12.8266 1.00000
  8.913E+06 8.914E+06 3.094E+00 4.099E-02 1.016E+00 8.550E-01 1.912E+00 5.006E+00 2.379E+06 13.0568 1.00000
  1.000E+07 1.000E+07 3.110E+00 4.672E-02 1.152E+00 9.720E-01 2.171E+00 5.281E+00 2.590E+06 13.2870 1.00000
  1.122E+07 1.122E+07 3.126E+00 5.323E-02 1.306E+00 1.105E+00 2.464E+00 5.590E+00 2.815E+06 13.5172 1.00000
  1.259E+07 1.259E+07 3.142E+00 6.064E-02 1.479E+00 1.257E+00 2.797E+00 5.939E+00 3.052E+06 13.7474 1.00000
  1.413E+07 1.413E+07 3.157E+00 6.905E-02 1.674E+00 1.431E+00 3.174E+00 6.331E+00 3.303E+06 13.9777 1.00000
  1.585E+07 1.585E+07 3.173E+00 7.862E-02 1.893E+00 1.629E+00 3.601E+00 6.773E+00 3.566E+06 14.2079 1.00000
  1.778E+07 1.778E+07 3.188E+00 8.948E-02 2.141E+00 1.854E+00 4.084E+00 7.273E+00 3.842E+06 14.4381 1.00000
  1.995E+07 1.995E+07 3.204E+00 1.018E-01 2.419E+00 2.112E+00 4.632E+00 7.836E+00 4.130E+06 14.6684 1.00000
  2.239E+07 2.239E+07 3.219E+00 1.158E-01 2.732E+00 2.405E+00 5.253E+00 8.472E+00 4.429E+06 14.8986 1.00000
  2.512E+07 2.512E+07 3.234E+00 1.317E-01 3.085E+00 2.740E+00 5.957E+00 9.191E+00 4.739E+06 15.1288 1.00000
  2.818E+07 2.819E+07 3.249E+00 1.497E-01 3.482E+00 3.122E+00 6.754E+00 1.000E+01 5.059E+06 15.3591 1.00000
  3.162E+07 3.162E+07 3.264E+00 1.702E-01 3.928E+00 3.558E+00 7.656E+00 1.092E+01 5.388E+06 15.5893 1.00000
  3.548E+07 3.548E+07 3.279E+00 1.934E-01 4.429E+00 4.056E+00 8.679E+00 1.196E+01 5.726E+06 15.8196 1.00000
  3.981E+07 3.981E+07 3.294E+00 2.196E-01 4.993E+00 4.624E+00 9.837E+00 1.313E+01 6.072E+06 16.0498 1.00000
  4.467E+07 4.467E+07 3.309E+00 2.494E-01 5.627E+00 5.272E+00 1.115E+01 1.446E+01 6.425E+06 16.2801 1.00000
  5.012E+07 5.012E+07 3.324E+00 2.831E-01 6.339E+00 6.013E+00 1.264E+01 1.596E+01 6.784E+06 16.5103 1.00000
  5.623E+07 5.624E+07 3.339E+00 3.213E-01 7.140E+00 6.857E+00 1.432E+01 1.766E+01 7.149E+06 16.7406 1.00000
  6.310E+07 6.310E+07 3.354E+00 3.646E-01 8.039E+00 7.822E+00 1.623E+01 1.958E+01 7.518E+06 16.9708 1.00000
  7.079E+07 7.080E+07 3.369E+00 4.135E-01 9.049E+00 8.923E+00 1.839E+01 2.176E+01 7.892E+06 17.2011 1.00000
  7.943E+07 7.943E+07 3.384E+00 4.689E-01 1.018E+01 1.018E+01 2.083E+01 2.422E+01 8.269E+06 17.4313 1.00000
  8.913E+07 8.913E+07 3.399E+00 5.315E-01 1.146E+01 1.162E+01 2.361E+01 2.701E+01 8.648E+06 17.6616 1.00000
  1.000E+08 1.000E+08 3.414E+00 6.024E-01 1.289E+01 1.326E+01 2.675E+01 3.016E+01 9.030E+06 17.8918 1.00000
  1.122E+08 1.122E+08 3.429E+00 6.824E-01 1.450E+01 1.513E+01 3.031E+01 3.374E+01 9.413E+06 18.1221 1.00000
  1.259E+08 1.259E+08 3.444E+00 7.729E-01 1.630E+01 1.727E+01 3.434E+01 3.779E+01 9.797E+06 18.3523 1.00000
  1.413E+08 1.413E+08 3.459E+00 8.752E-01 1.833E+01 1.971E+01 3.891E+01 4.237E+01 1.018E+07 18.5826 1.00000
  1.585E+08 1.585E+08 3.474E+00 9.907E-01 2.060E+01 2.250E+01 4.409E+01 4.757E+01 1.057E+07 18.8129 1.00000
  1.778E+08 1.778E+08 3.489E+00 1.121E+00 2.315E+01 2.569E+01 4.996E+01 5.345E+01 1.095E+07 19.0431 1.00000
  1.995E+08 1.995E+08 3.505E+00 1.268E+00 2.602E+01 2.933E+01 5.662E+01 6.012E+01 1.133E+07 19.2734 1.00000
  2.239E+08 2.239E+08 3.520E+00 1.435E+00 2.924E+01 3.349E+01 6.416E+01 6.768E+01 1.172E+07 19.5036 1.00000
  2.512E+08 2.512E+08 3.535E+00 1.622E+00 3.285E+01 3.824E+01 7.271E+01 7.625E+01 1.210E+07 19.7339 1.00000
  2.818E+08 2.818E+08 3.551E+00 1.834E+00 3.690E+01 4.367E+01 8.241E+01 8.596E+01 1.248E+07 19.9641 1.00000
  3.162E+08 3.162E+08 3.566E+00 2.072E+00 4.145E+01 4.988E+01 9.340E+01 9.697E+01 1.285E+07 20.1944 1.00000
  3.548E+08 3.548E+08 3.582E+00 2.341E+00 4.656E+01 5.697E+01 1.059E+02 1.094E+02 1.323E+07 20.4247 1.00000
  3.981E+08 3.981E+08 3.598E+00 2.644E+00 5.229E+01 6.507E+01 1.200E+02 1.236E+02 1.360E+07 20.6549 1.00000
  4.467E+08 4.467E+08 3.613E+00 2.986E+00 5.872E+01 7.433E+01 1.360E+02 1.396E+02 1.397E+07 20.8852 1.00000
  5.012E+08 5.012E+08 3.629E+00 3.371E+00 6.594E+01 8.491E+01 1.542E+02 1.578E+02 1.434E+07 21.1154 1.00000
  5.623E+08 5.623E+08 3.645E+00 3.804E+00 7.404E+01 9.700E+01 1.748E+02 1.785E+02 1.471E+07 21.3457 1.00000
  6.310E+08 6.310E+08 3.661E+00 4.293E+00 8.312E+01 1.108E+02 1.982E+02 2.019E+02 1.507E+07 21.5759 1.00000
  7.079E+08 7.079E+08 3.677E+00 4.842E+00 9.332E+01 1.266E+02 2.248E+02 2.285E+02 1.543E+07 21.8062 1.00000
  7.943E+08 7.943E+08 3.693E+00 5.462E+00 1.048E+02 1.447E+02 2.549E+02 2.586E+02 1.578E+07 22.0365 1.00000
  8.913E+08 8.913E+08 3.709E+00 6.158E+00 1.176E+02 1.653E+02 2.891E+02 2.928E+02 1.614E+07 22.2667 1.00000
  1.000E+09 1.000E+09 3.726E+00 6.943E+00 1.320E+02 1.889E+02 3.279E+02 3.316E+02 1.648E+07 22.4970 1.00000
  1.122E+09 1.122E+09 3.742E+00 7.825E+00 1.482E+02 2.159E+02 3.719E+02 3.757E+02 1.683E+07 22.7272 1.00000
  1.259E+09 1.259E+09 3.759E+00 8.817E+00 1.663E+02 2.468E+02 4.219E+02 4.257E+02 1.717E+07 22.9575 1.00000
  1.413E+09 1.413E+09 3.775E+00 9.934E+00 1.867E+02 2.820E+02 4.787E+02 4.825E+02 1.751E+07 23.1877 1.00000
  1.585E+09 1.585E+09 3.792E+00 1.119E+01 2.095E+02 3.224E+02 5.431E+02 5.469E+02 1.785E+07 23.4180 1.00000
  1.778E+09 1.778E+09 3.808E+00 1.260E+01 2.352E+02 3.685E+02 6.163E+02 6.201E+02 1.818E+07 23.6483 1.00000
  1.995E+09 1.995E+09 3.825E+00 1.419E+01 2.640E+02 4.212E+02 6.994E+02 7.032E+02 1.851E+07 23.8785 1.00000
  2.239E+09 2.239E+09 3.842E+00 1.597E+01 2.962E+02 4.816E+02 7.938E+02 7.976E+02 1.884E+07 24.1088 1.00000
  2.512E+09 2.512E+09 3.859E+00 1.798E+01 3.324E+02 5.506E+02 9.010E+02 9.048E+02 1.916E+07 24.3390 1.00000
  2.818E+09 2.818E+09 3.876E+00 2.023E+01 3.731E+02 6.295E+02 1.023E+03 1.027E+03 1.948E+07 24.5693 1.00000
  3.162E+09 3.162E+09 3.894E+00 2.277E+01 4.187E+02 7.197E+02 1.161E+03 1.165E+03 1.979E+07 24.7996 1.00000
  3.548E+09 3.548E+09 3.911E+00 2.561E+01 4.698E+02 8.230E+02 1.318E+03 1.322E+03 2.011E+07 25.0298 1.00000
  3.981E+09 3.981E+09 3.928E+00 2.881E+01 5.272E+02 9.411E+02 1.497E+03 1.501E+03 2.041E+07 25.2601 1.00000
  4.467E+09 4.467E+09 3.946E+00 3.240E+01 5.916E+02 1.076E+03 1.700E+03 1.704E+03 2.072E+07 25.4903 1.00000
  5.012E+09 5.012E+09 3.963E+00 3.644E+01 6.639E+02 1.231E+03 1.931E+03 1.935E+03 2.102E+07 25.7206 1.00000
  5.623E+09 5.623E+09 3.981E+00 4.097E+01 7.450E+02 1.408E+03 2.194E+03 2.198E+03 2.132E+07 25.9508 1.00000
  6.310E+09 6.310E+09 3.999E+00 4.606E+01 8.360E+02 1.610E+03 2.492E+03 2.496E+03 2.161E+07 26.1811 1.00000
  7.079E+09 7.079E+09 4.017E+00 5.177E+01 9.381E+02 1.841E+03 2.831E+03 2.835E+03 2.190E+07 26.4114 1.00000
  7.943E+09 7.943E+09 4.035E+00 5.819E+01 1.053E+03 2.106E+03 3.217E+03 3.221E+03 2.219E+07 26.6416 1.00000
  8.913E+09 8.913E+09 4.053E+00 6.540E+01 1.181E+03 2.410E+03 3.656E+03 3.660E+03 2.247E+07 26.8719 1.00000
  1.000E+10 1.000E+10 4.071E+00 7.349E+01 1.325E+03 2.756E+03 4.155E+03 4.159E+03 2.275E+07 27.1021 1.00000
  1.122E+10 1.122E+10 4.089E+00 8.258E+01 1.487E+03 3.154E+03 4.723E+03 4.727E+03 2.302E+07 27.3324 1.00000
  1.259E+10 1.259E+10 4.108E+00 9.278E+01 1.669E+03 3.608E+03 5.369E+03 5.373E+03 2.330E+07 27.5627 1.00000
  1.413E+10 1.413E+10 4.126E+00 1.042E+02 1.872E+03 4.128E+03 6.105E+03 6.109E+03 2.356E+07 27.7929 1.00000
  1.585E+10 1.585E+10 4.145E+00 1.171E+02 2.101E+03 4.724E+03 6.941E+03 6.946E+03 2.383E+07 28.0232 1.00000
  1.778E+10 1.778E+10 4.163E+00 1.315E+02 2.357E+03 5.405E+03 7.894E+03 7.898E+03 2.409E+07 28.2534 1.00000
  1.995E+10 1.995E+10 4.182E+00 1.477E+02 2.645E+03 6.185E+03 8.978E+03 8.982E+03 2.435E+07 28.4837 1.00000
  2.239E+10 2.239E+10 4.201E+00 1.659E+02 2.968E+03 7.079E+03 1.021E+04 1.022E+04 2.460E+07 28.7140 1.00000
  2.512E+10 2.512E+10 4.220E+00 1.863E+02 3.330E+03 8.101E+03 1.162E+04 1.162E+04 2.485E+07 28.9442 1.00000
  2.818E+10 2.818E+10 4.239E+00 2.092E+02 3.736E+03 9.272E+03 1.322E+04 1.322E+04 2.510E+07 29.1745 1.00000
  3.162E+10 3.162E+10 4.259E+00 2.349E+02 4.192E+03 1.061E+04 1.504E+04 1.504E+04 2.535E+07 29.4047 1.00000
  3.548E+10 3.548E+10 4.278E+00 2.638E+02 4.703E+03 1.215E+04 1.711E+04 1.712E+04 2.559E+07 29.6350 1.00000
  3.981E+10 3.981E+10 4.297E+00 2.962E+02 5.277E+03 1.391E+04 1.948E+04 1.948E+04 2.583E+07 29.8652 1.00000
  4.467E+10 4.467E+10 4.317E+00 3.325E+02 5.921E+03 1.592E+04 2.217E+04 2.218E+04 2.606E+07 30.0955 1.00000
  5.012E+10 5.012E+10 4.337E+00 3.733E+02 6.644E+03 1.822E+04 2.524E+04 2.525E+04 2.629E+07 30.3258 1.00000
  5.623E+10 5.623E+10 4.357E+00 4.190E+02 7.454E+03 2.086E+04 2.874E+04 2.874E+04 2.652E+07 30.5560 1.00000
  6.310E+10 6.310E+10 4.376E+00 4.704E+02 8.364E+03 2.389E+04 3.272E+04 3.273E+04 2.674E+07 30.7863 1.00000
  7.079E+10 7.079E+10 4.396E+00 5.280E+02 9.384E+03 2.735E+04 3.726E+04 3.727E+04 2.696E+07 31.0165 1.00000
  7.943E+10 7.943E+10 4.417E+00 5.927E+02 1.053E+04 3.132E+04 4.244E+04 4.245E+04 2.718E+07 31.2468 1.00000
  8.913E+10 8.913E+10 4.437E+00 6.653E+02 1.181E+04 3.587E+04 4.834E+04 4.835E+04 2.740E+07 31.4771 1.00000
  1.000E+11 1.000E+11 4.457E+00 7.467E+02 1.325E+04 4.107E+04 5.507E+04 5.508E+04 2.761E+07 31.7073 1.00000
  1.122E+11 1.122E+11 4.478E+00 8.381E+02 1.487E+04 4.704E+04 6.275E+04 6.275E+04 2.781E+07 31.9376 1.00000
  1.259E+11 1.259E+11 4.498E+00 9.406E+02 1.669E+04 5.387E+04 7.150E+04 7.151E+04 2.802E+07 32.1678 1.00000
  1.413E+11 1.413E+11 4.519E+00 1.056E+03 1.872E+04 6.170E+04 8.148E+04 8.149E+04 2.822E+07 32.3981 1.00000
  1.585E+11 1.585E+11 4.540E+00 1.185E+03 2.101E+04 7.068E+04 9.287E+04 9.287E+04 2.842E+07 32.6283 1.00000
  1.778E+11 1.778E+11 4.561E+00 1.330E+03 2.357E+04 8.096E+04 1.059E+05 1.059E+05 2.861E+07 32.8586 1.00000
  1.995E+11 1.995E+11 4.582E+00 1.492E+03 2.644E+04 9.274E+04 1.207E+05 1.207E+05 2.881E+07 33.0889 1.00000
  2.239E+11 2.239E+11 4.603E+00 1.675E+03 2.967E+04 1.062E+05 1.376E+05 1.376E+05 2.900E+07 33.3191 1.00000
  2.512E+11 2.512E+11 4.624E+00 1.879E+03 3.329E+04 1.217E+05 1.569E+05 1.569E+05 2.918E+07 33.5494 1.00000
  2.818E+11 2.818E+11 4.646E+00 2.109E+03 3.735E+04 1.395E+05 1.789E+05 1.789E+05 2.937E+07 33.7796 1.00000
  3.162E+11 3.162E+11 4.667E+00 2.367E+03 4.191E+04 1.598E+05 2.041E+05 2.041E+05 2.955E+07 34.0099 1.00000
  3.548E+11 3.548E+11 4.689E+00 2.656E+03 4.702E+04 1.831E+05 2.328E+05 2.328E+05 2.972E+07 34.2402 1.00000
  3.981E+11 3.981E+11 4.711E+00 2.980E+03 5.275E+04 2.098E+05 2.655E+05 2.655E+05 2.990E+07 34.4704 1.00000
  4.467E+11 4.467E+11 4.733E+00 3.344E+03 5.919E+04 2.404E+05 3.030E+05 3.030E+05 3.007E+07 34.7007 1.00000
  5.012E+11 5.012E+11 4.755E+00 3.753E+03 6.641E+04 2.755E+05 3.457E+05 3.457E+05 3.024E+07 34.9309 1.00000
  5.623E+11 5.623E+11 4.777E+00 4.211E+03 7.451E+04 3.158E+05 3.945E+05 3.945E+05 3.040E+07 35.1612 1.00000
  6.310E+11 6.310E+11 4.799E+00 4.725E+03 8.360E+04 3.619E+05 4.503E+05 4.503E+05 3.057E+07 35.3914 1.00000
  7.079E+11 7.079E+11 4.822E+00 5.302E+03 9.379E+04 4.149E+05 5.139E+05 5.140E+05 3.073E+07 35.6217 1.00000
  7.943E+11 7.943E+11 4.844E+00 5.949E+03 1.052E+05 4.755E+05 5.867E+05 5.867E+05 3.089E+07 35.8520 1.00000
  8.913E+11 8.913E+11 4.867E+00 6.676E+03 1.181E+05 5.451E+05 6.698E+05 6.698E+05 3.104E+07 36.0822 1.00000
  1.000E+12 1.000E+12 4.889E+00 7.490E+03 1.325E+05 6.249E+05 7.648E+05 7.649E+05 3.119E+07 36.3125 1.00000
  1.122E+12 1.122E+12 4.912E+00 8.405E+03 1.486E+05 7.164E+05 8.734E+05 8.734E+05 3.134E+07 36.5427 1.00000
  1.259E+12 1.259E+12 4.935E+00 9.431E+03 1.668E+05 8.213E+05 9.975E+05 9.975E+05 3.149E+07 36.7730 1.00000
  1.413E+12 1.413E+12 4.959E+00 1.058E+04 1.871E+05 9.417E+05 1.139E+06 1.139E+06 3.163E+07 37.0033 1.00000
  1.585E+12 1.585E+12 4.982E+00 1.187E+04 2.099E+05 1.080E+06 1.302E+06 1.302E+06 3.178E+07 37.2335 1.00000
  1.778E+12 1.778E+12 5.005E+00 1.332E+04 2.355E+05 1.238E+06 1.487E+06 1.487E+06 3.192E+07 37.4638 1.00000
  1.995E+12 1.995E+12 5.029E+00 1.495E+04 2.643E+05 1.420E+06 1.699E+06 1.699E+06 3.205E+07 37.6940 1.00000
  2.239E+12 2.239E+12 5.052E+00 1.677E+04 2.965E+05 1.628E+06 1.941E+06 1.941E+06 3.219E+07 37.9243 1.00000
  2.512E+12 2.512E+12 5.076E+00 1.882E+04 3.326E+05 1.867E+06 2.219E+06 2.219E+06 3.232E+07 38.1545 1.00000
  2.818E+12 2.818E+12 5.100E+00 2.112E+04 3.732E+05 2.141E+06 2.536E+06 2.536E+06 3.245E+07 38.3848 1.00000
  3.162E+12 3.162E+12 5.124E+00 2.369E+04 4.187E+05 2.456E+06 2.899E+06 2.899E+06 3.258E+07 38.6151 1.00000
  3.548E+12 3.548E+12 5.148E+00 2.659E+04 4.698E+05 2.817E+06 3.314E+06 3.314E+06 3.270E+07 38.8453 1.00000
  3.981E+12 3.981E+12 5.173E+00 2.983E+04 5.271E+05 3.232E+06 3.789E+06 3.789E+06 3.282E+07 39.0756 1.00000
  4.467E+12 4.467E+12 5.197E+00 3.347E+04 5.914E+05 3.707E+06 4.332E+06 4.332E+06 3.294E+07 39.3058 1.00000
  5.012E+12 5.012E+12 5.222E+00 3.756E+04 6.635E+05 4.253E+06 4.954E+06 4.954E+06 3.306E+07 39.5361 1.00000
  5.623E+12 5.623E+12 5.247E+00 4.214E+04 7.445E+05 4.879E+06 5.665E+06 5.665E+06 3.318E+07 39.7664 1.00000
  6.310E+12 6.310E+12 5.271E+00 4.728E+04 8.353E+05 5.597E+06 6.480E+06 6.480E+06 3.329E+07 39.9966 1.00000
  7.079E+12 7.079E+12 5.296E+00 5.305E+04 9.372E+05 6.422E+06 7.412E+06 7.412E+06 3.340E+07 40.2269 1.00000
  7.943E+12 7.943E+12 5.322E+00 5.953E+04 1.051E+06 7.369E+06 8.480E+06 8.480E+06 3.351E+07 40.4571 1.00000
  8.913E+12 8.913E+12 5.347E+00 6.679E+04 1.180E+06 8.455E+06 9.702E+06 9.702E+06 3.362E+07 40.6874 1.00000
  1.000E+13 1.000E+13 5.372E+00 7.494E+04 1.324E+06 9.703E+06 1.110E+07 1.110E+07 3.372E+07 40.9177 1.00000
  1.122E+13 1.122E+13 5.398E+00 8.408E+04 1.485E+06 1.113E+07 1.270E+07 1.270E+07 3.383E+07 41.1479 1.00000
  1.259E+13 1.259E+13 5.424E+00 9.434E+04 1.666E+06 1.278E+07 1.454E+07 1.454E+07 3.393E+07 41.3782 1.00000
  1.413E+13 1.413E+13 5.449E+00 1.059E+05 1.869E+06 1.467E+07 1.664E+07 1.664E+07 3.403E+07 41.6084 1.00000
  1.585E+13 1.585E+13 5.475E+00 1.188E+05 2.097E+06 1.683E+07 1.905E+07 1.905E+07 3.412E+07 41.8387 1.00000
  1.778E+13 1.778E+13 5.501E+00 1.333E+05 2.353E+06 1.932E+07 2.181E+07 2.181E+07 3.422E+07 42.0689 1.00000
  1.995E+13 1.995E+13 5.528E+00 1.495E+05 2.640E+06 2.218E+07 2.497E+07 2.497E+07 3.431E+07 42.2992 1.00000
  2.239E+13 2.239E+13 5.554E+00 1.678E+05 2.962E+06 2.546E+07 2.859E+07 2.859E+07 3.440E+07 42.5295 1.00000
  2.512E+13 2.512E+13 5.581E+00 1.882E+05 3.323E+06 2.922E+07 3.273E+07 3.273E+07 3.449E+07 42.7597 1.00000
  2.818E+13 2.818E+13 5.607E+00 2.112E+05 3.729E+06 3.355E+07 3.749E+07 3.749E+07 3.458E+07 42.9900 1.00000
  3.162E+13 3.162E+13 5.634E+00 2.370E+05 4.183E+06 3.852E+07 4.294E+07 4.294E+07 3.467E+07 43.2202 1.00000
  3.548E+13 3.548E+13 5.661E+00 2.659E+05 4.694E+06 4.422E+07 4.918E+07 4.918E+07 3.475E+07 43.4505 1.00000
  3.981E+13 3.981E+13 5.688E+00 2.983E+05 5.266E+06 5.077E+07 5.634E+07 5.634E+07 3.483E+07 43.6808 1.00000
  4.467E+13 4.467E+13 5.716E+00 3.348E+05 5.908E+06 5.830E+07 6.454E+07 6.454E+07 3.491E+07 43.9110 1.00000
  5.012E+13 5.012E+13 5.743E+00 3.756E+05 6.629E+06 6.695E+07 7.395E+07 7.395E+07 3.499E+07 44.1413 1.00000
  5.623E+13 5.623E+13 5.770E+00 4.214E+05 7.437E+06 7.688E+07 8.474E+07 8.474E+07 3.507E+07 44.3715 1.00000
  6.310E+13 6.310E+13 5.798E+00 4.729E+05 8.344E+06 8.829E+07 9.710E+07 9.710E+07 3.514E+07 44.6018 1.00000
  7.079E+13 7.079E+13 5.826E+00 5.306E+05 9.362E+06 1.014E+08 1.113E+08 1.113E+08 3.522E+07 44.8320 1.00000
  7.943E+13 7.943E+13 5.854E+00 5.953E+05 1.050E+07 1.164E+08 1.275E+08 1.275E+08 3.529E+07 45.0623 1.00000
  8.913E+13 8.913E+13 5.882E+00 6.679E+05 1.178E+07 1.337E+08 1.462E+08 1.462E+08 3.536E+07 45.2926 1.00000
  1.000E+14 1.000E+14 5.910E+00 7.494E+05 1.322E+07 1.536E+08 1.676E+08 1.676E+08 3.543E+07 45.5228 1.00000
  1.122E+14 1.122E+14 5.939E+00 8.409E+05 1.483E+07 1.765E+08 1.921E+08 1.921E+08 3.550E+07 45.7531 1.00000
  1.259E+14 1.259E+14 5.968E+00 9.435E+05 1.664E+07 2.027E+08 2.203E+08 2.203E+08 3.557E+07 45.9833 1.00000
  1.413E+14 1.413E+14 5.996E+00 1.059E+06 1.867E+07 2.329E+08 2.526E+08 2.526E+08 3.563E+07 46.2136 1.00000
  1.585E+14 1.585E+14 6.025E+00 1.188E+06 2.095E+07 2.675E+08 2.896E+08 2.896E+08 3.570E+07 46.4439 1.00000
  1.778E+14 1.778E+14 6.054E+00 1.333E+06 2.350E+07 3.073E+08 3.322E+08 3.322E+08 3.576E+07 46.6741 1.00000
  1.995E+14 1.995E+14 6.083E+00 1.495E+06 2.637E+07 3.531E+08 3.810E+08 3.810E+08 3.582E+07 46.9044 1.00000
  2.239E+14 2.239E+14 6.113E+00 1.678E+06 2.959E+07 4.057E+08 4.370E+08 4.370E+08 3.588E+07 47.1346 1.00000
  2.512E+14 2.512E+14 6.142E+00 1.882E+06 3.319E+07 4.662E+08 5.012E+08 5.012E+08 3.594E+07 47.3649 1.00000
  2.818E+14 2.818E+14 6.172E+00 2.112E+06 3.724E+07 5.357E+08 5.750E+08 5.750E+08 3.600E+07 47.5951 1.00000
  3.162E+14 3.162E+14 6.202E+00 2.370E+06 4.178E+07 6.155E+08 6.597E+08 6.597E+08 3.605E+07 47.8254 1.00000
  3.548E+14 3.548E+14 6.232E+00 2.659E+06 4.688E+07 7.074E+08 7.569E+08 7.569E+08 3.611E+07 48.0557 1.00000
  3.981E+14 3.981E+14 6.262E+00 2.984E+06 5.259E+07 8.129E+08 8.685E+08 8.685E+08 3.616E+07 48.2859 1.00000
  4.467E+14 4.467E+14 6.292E+00 3.348E+06 5.901E+07 9.343E+08 9.966E+08 9.966E+08 3.621E+07 48.5162 1.00000
  5.012E+14 5.012E+14 6.323E+00 3.756E+06 6.620E+07 1.074E+09 1.144E+09 1.144E+09 3.626E+07 48.7464 1.00000
  5.623E+14 5.623E+14 6.353E+00 4.214E+06 7.428E+07 1.234E+09 1.313E+09 1.313E+09 3.631E+07 48.9767 1.00000
  6.310E+14 6.310E+14 6.384E+00 4.729E+06 8.333E+07 1.419E+09 1.507E+09 1.507E+09 3.636E+07 49.2070 1.00000
  7.079E+14 7.079E+14 6.415E+00 5.306E+06 9.350E+07 1.631E+09 1.729E+09 1.729E+09 3.641E+07 49.4372 1.00000
  7.943E+14 7.943E+14 6.446E+00 5.953E+06 1.049E+08 1.875E+09 1.985E+09 1.985E+09 3.646E+07 49.6675 1.00000
  8.913E+14 8.913E+14 6.477E+00 6.679E+06 1.177E+08 2.155E+09 2.279E+09 2.279E+09 3.650E+07 49.8977 1.00000
  1.000E+15 1.000E+15 6.509E+00 7.494E+06 1.320E+08 2.477E+09 2.617E+09 2.617E+09 3.655E+07 50.1280 1.00000
