 Incident particle is a Tau with M = 1776.82000 MeV
 Index = 0: Dubnium
      Absorber with <Z/A> = 0.39161
 Density effect computed following Fano (1963)
 Models for Radloss: brems =  SSR, pair =  SSR, photonuc = DRSS

 *** Table generated with PUMAS v1.1 ***

      T         p     Ionization  brems     pair     photonuc  Radloss    dE/dx   CSDA Range  delta   beta
    [MeV]    [MeV/c]  -----------------------[MeV cm^2/g]------------------------  [g/cm^2]
  1.000E+05 1.018E+05 1.531E+00 2.623E-04 2.337E-02 6.067E-03 2.970E-02 1.561E+00 3.204E+04  2.6122 0.99985
  1.122E+05 1.140E+05 1.549E+00 3.199E-04 2.797E-02 6.833E-03 3.512E-02 1.585E+00 3.980E+04  2.7637 0.99988
  1.259E+05 1.277E+05 1.568E+00 3.896E-04 3.338E-02 7.679E-03 4.145E-02 1.609E+00 4.837E+04  2.9195 0.99990
  1.413E+05 1.430E+05 1.586E+00 4.738E-04 3.973E-02 8.605E-03 4.881E-02 1.635E+00 5.784E+04  3.0793 0.99992
  1.585E+05 1.603E+05 1.604E+00 5.750E-04 4.717E-02 9.650E-03 5.739E-02 1.661E+00 6.830E+04  3.2431 0.99994
  1.778E+05 1.796E+05 1.622E+00 6.966E-04 5.585E-02 1.080E-02 6.735E-02 1.689E+00 7.984E+04  3.4109 0.99995
  1.995E+05 2.013E+05 1.639E+00 8.424E-04 6.598E-02 1.209E-02 7.891E-02 1.718E+00 9.258E+04  3.5824 0.99996
  2.239E+05 2.256E+05 1.657E+00 1.017E-03 7.776E-02 1.351E-02 9.230E-02 1.749E+00 1.066E+05  3.7576 0.99997
  2.512E+05 2.530E+05 1.674E+00 1.225E-03 9.146E-02 1.509E-02 1.078E-01 1.782E+00 1.221E+05  3.9365 0.99998
  2.818E+05 2.836E+05 1.691E+00 1.473E-03 1.073E-01 1.687E-02 1.257E-01 1.817E+00 1.391E+05  4.1190 0.99998
  3.162E+05 3.180E+05 1.708E+00 1.767E-03 1.257E-01 1.886E-02 1.464E-01 1.854E+00 1.579E+05  4.3050 0.99998
  3.548E+05 3.566E+05 1.724E+00 2.116E-03 1.470E-01 2.107E-02 1.702E-01 1.895E+00 1.784E+05  4.4942 0.99999
  3.981E+05 3.999E+05 1.741E+00 2.529E-03 1.715E-01 2.353E-02 1.976E-01 1.939E+00 2.010E+05  4.6866 0.99999
  4.467E+05 4.485E+05 1.757E+00 3.017E-03 1.998E-01 2.628E-02 2.291E-01 1.986E+00 2.258E+05  4.8819 0.99999
  5.012E+05 5.030E+05 1.773E+00 3.592E-03 2.324E-01 2.935E-02 2.653E-01 2.039E+00 2.529E+05  5.0799 0.99999
  5.623E+05 5.641E+05 1.789E+00 4.269E-03 2.698E-01 3.280E-02 3.069E-01 2.096E+00 2.825E+05  5.2805 1.00000
  6.310E+05 6.327E+05 1.805E+00 5.064E-03 3.127E-01 3.668E-02 3.545E-01 2.159E+00 3.147E+05  5.4835 1.00000
  7.079E+05 7.097E+05 1.820E+00 5.997E-03 3.620E-01 4.104E-02 4.090E-01 2.229E+00 3.498E+05  5.6886 1.00000
  7.943E+05 7.961E+05 1.836E+00 7.087E-03 4.184E-01 4.593E-02 4.714E-01 2.307E+00 3.879E+05  5.8958 1.00000
  8.913E+05 8.930E+05 1.851E+00 8.364E-03 4.828E-01 5.141E-02 5.426E-01 2.394E+00 4.291E+05  6.1050 1.00000
  1.000E+06 1.002E+06 1.866E+00 9.853E-03 5.565E-01 5.762E-02 6.240E-01 2.490E+00 4.737E+05  6.3160 1.00000
  1.122E+06 1.124E+06 1.881E+00 1.159E-02 6.406E-01 6.457E-02 7.167E-01 2.598E+00 5.216E+05  6.5288 1.00000
  1.259E+06 1.261E+06 1.896E+00 1.361E-02 7.364E-01 7.247E-02 8.224E-01 2.718E+00 5.732E+05  6.7432 1.00000
  1.413E+06 1.414E+06 1.910E+00 1.596E-02 8.455E-01 8.135E-02 9.428E-01 2.853E+00 6.283E+05  6.9592 1.00000
  1.585E+06 1.587E+06 1.924E+00 1.868E-02 9.696E-01 9.141E-02 1.080E+00 3.004E+00 6.872E+05  7.1766 1.00000
  1.778E+06 1.780E+06 1.939E+00 2.184E-02 1.111E+00 1.028E-01 1.235E+00 3.174E+00 7.498E+05  7.3953 1.00000
  1.995E+06 1.997E+06 1.953E+00 2.550E-02 1.271E+00 1.156E-01 1.412E+00 3.365E+00 8.162E+05  7.6152 1.00000
  2.239E+06 2.240E+06 1.966E+00 2.974E-02 1.453E+00 1.302E-01 1.613E+00 3.579E+00 8.863E+05  7.8362 1.00000
  2.512E+06 2.514E+06 1.980E+00 3.463E-02 1.659E+00 1.467E-01 1.840E+00 3.820E+00 9.602E+05  8.0582 1.00000
  2.818E+06 2.820E+06 1.993E+00 4.027E-02 1.893E+00 1.655E-01 2.098E+00 4.092E+00 1.038E+06  8.2810 1.00000
  3.162E+06 3.164E+06 2.007E+00 4.677E-02 2.157E+00 1.867E-01 2.391E+00 4.397E+00 1.119E+06  8.5045 1.00000
  3.548E+06 3.550E+06 2.020E+00 5.430E-02 2.456E+00 2.108E-01 2.721E+00 4.741E+00 1.203E+06  8.7287 1.00000
  3.981E+06 3.983E+06 2.033E+00 6.295E-02 2.795E+00 2.382E-01 3.096E+00 5.129E+00 1.291E+06  8.9536 1.00000
  4.467E+06 4.469E+06 2.046E+00 7.290E-02 3.177E+00 2.693E-01 3.520E+00 5.565E+00 1.382E+06  9.1790 1.00000
  5.012E+06 5.014E+06 2.059E+00 8.432E-02 3.609E+00 3.047E-01 3.998E+00 6.057E+00 1.476E+06  9.4049 1.00000
  5.623E+06 5.625E+06 2.071E+00 9.742E-02 4.097E+00 3.450E-01 4.539E+00 6.611E+00 1.572E+06  9.6313 1.00000
  6.310E+06 6.311E+06 2.083E+00 1.124E-01 4.647E+00 3.908E-01 5.151E+00 7.234E+00 1.672E+06  9.8582 1.00000
  7.079E+06 7.081E+06 2.096E+00 1.297E-01 5.268E+00 4.430E-01 5.841E+00 7.937E+00 1.773E+06 10.0854 1.00000
  7.943E+06 7.945E+06 2.108E+00 1.495E-01 5.968E+00 5.023E-01 6.620E+00 8.728E+00 1.877E+06 10.3131 1.00000
  8.913E+06 8.914E+06 2.120E+00 1.722E-01 6.757E+00 5.699E-01 7.499E+00 9.619E+00 1.983E+06 10.5411 1.00000
  1.000E+07 1.000E+07 2.132E+00 1.981E-01 7.646E+00 6.469E-01 8.491E+00 1.062E+01 2.090E+06 10.7695 1.00000
  1.122E+07 1.122E+07 2.143E+00 2.278E-01 8.647E+00 7.346E-01 9.610E+00 1.175E+01 2.199E+06 10.9982 1.00000
  1.259E+07 1.259E+07 2.155E+00 2.616E-01 9.774E+00 8.346E-01 1.087E+01 1.303E+01 2.310E+06 11.2271 1.00000
  1.413E+07 1.413E+07 2.166E+00 3.003E-01 1.104E+01 9.486E-01 1.229E+01 1.446E+01 2.422E+06 11.4562 1.00000
  1.585E+07 1.585E+07 2.178E+00 3.444E-01 1.247E+01 1.079E+00 1.389E+01 1.607E+01 2.535E+06 11.6855 1.00000
  1.778E+07 1.778E+07 2.189E+00 3.947E-01 1.408E+01 1.227E+00 1.570E+01 1.789E+01 2.649E+06 11.9150 1.00000
  1.995E+07 1.995E+07 2.200E+00 4.520E-01 1.588E+01 1.396E+00 1.773E+01 1.993E+01 2.764E+06 12.1447 1.00000
  2.239E+07 2.239E+07 2.211E+00 5.173E-01 1.792E+01 1.588E+00 2.002E+01 2.223E+01 2.879E+06 12.3744 1.00000
  2.512E+07 2.512E+07 2.222E+00 5.916E-01 2.020E+01 1.808E+00 2.260E+01 2.482E+01 2.996E+06 12.6043 1.00000
  2.818E+07 2.819E+07 2.233E+00 6.761E-01 2.277E+01 2.059E+00 2.550E+01 2.774E+01 3.112E+06 12.8342 1.00000
  3.162E+07 3.162E+07 2.244E+00 7.722E-01 2.566E+01 2.346E+00 2.877E+01 3.102E+01 3.229E+06 13.0642 1.00000
  3.548E+07 3.548E+07 2.255E+00 8.815E-01 2.890E+01 2.673E+00 3.245E+01 3.471E+01 3.347E+06 13.2943 1.00000
  3.981E+07 3.981E+07 2.266E+00 1.006E+00 3.255E+01 3.046E+00 3.660E+01 3.886E+01 3.465E+06 13.5243 1.00000
  4.467E+07 4.467E+07 2.277E+00 1.147E+00 3.664E+01 3.472E+00 4.126E+01 4.354E+01 3.583E+06 13.7545 1.00000
  5.012E+07 5.012E+07 2.288E+00 1.307E+00 4.124E+01 3.959E+00 4.651E+01 4.879E+01 3.701E+06 13.9846 1.00000
  5.623E+07 5.624E+07 2.299E+00 1.489E+00 4.641E+01 4.514E+00 5.241E+01 5.471E+01 3.819E+06 14.2148 1.00000
  6.310E+07 6.310E+07 2.310E+00 1.694E+00 5.221E+01 5.149E+00 5.906E+01 6.137E+01 3.938E+06 14.4450 1.00000
  7.079E+07 7.080E+07 2.321E+00 1.928E+00 5.873E+01 5.873E+00 6.653E+01 6.885E+01 4.056E+06 14.6752 1.00000
  7.943E+07 7.943E+07 2.332E+00 2.192E+00 6.605E+01 6.701E+00 7.494E+01 7.727E+01 4.174E+06 14.9054 1.00000
  8.913E+07 8.913E+07 2.343E+00 2.491E+00 7.427E+01 7.646E+00 8.441E+01 8.675E+01 4.293E+06 15.1356 1.00000
  1.000E+08 1.000E+08 2.353E+00 2.829E+00 8.350E+01 8.726E+00 9.505E+01 9.740E+01 4.411E+06 15.3658 1.00000
  1.122E+08 1.122E+08 2.364E+00 3.212E+00 9.386E+01 9.960E+00 1.070E+02 1.094E+02 4.529E+06 15.5961 1.00000
  1.259E+08 1.259E+08 2.375E+00 3.644E+00 1.055E+02 1.137E+01 1.205E+02 1.229E+02 4.647E+06 15.8263 1.00000
  1.413E+08 1.413E+08 2.386E+00 4.133E+00 1.185E+02 1.298E+01 1.357E+02 1.380E+02 4.765E+06 16.0565 1.00000
  1.585E+08 1.585E+08 2.397E+00 4.686E+00 1.332E+02 1.482E+01 1.527E+02 1.551E+02 4.883E+06 16.2868 1.00000
  1.778E+08 1.778E+08 2.409E+00 5.309E+00 1.496E+02 1.693E+01 1.719E+02 1.743E+02 5.000E+06 16.5170 1.00000
  1.995E+08 1.995E+08 2.420E+00 6.013E+00 1.681E+02 1.933E+01 1.935E+02 1.959E+02 5.118E+06 16.7473 1.00000
  2.239E+08 2.239E+08 2.431E+00 6.807E+00 1.888E+02 2.208E+01 2.177E+02 2.202E+02 5.235E+06 16.9775 1.00000
  2.512E+08 2.512E+08 2.442E+00 7.703E+00 2.121E+02 2.522E+01 2.450E+02 2.475E+02 5.352E+06 17.2078 1.00000
  2.818E+08 2.818E+08 2.453E+00 8.713E+00 2.382E+02 2.881E+01 2.757E+02 2.782E+02 5.469E+06 17.4380 1.00000
  3.162E+08 3.162E+08 2.465E+00 9.852E+00 2.675E+02 3.292E+01 3.103E+02 3.127E+02 5.585E+06 17.6683 1.00000
  3.548E+08 3.548E+08 2.476E+00 1.114E+01 3.004E+02 3.761E+01 3.491E+02 3.516E+02 5.701E+06 17.8986 1.00000
  3.981E+08 3.981E+08 2.487E+00 1.258E+01 3.373E+02 4.298E+01 3.928E+02 3.953E+02 5.818E+06 18.1288 1.00000
  4.467E+08 4.467E+08 2.499E+00 1.421E+01 3.787E+02 4.911E+01 4.420E+02 4.445E+02 5.933E+06 18.3591 1.00000
  5.012E+08 5.012E+08 2.510E+00 1.604E+01 4.252E+02 5.613E+01 4.973E+02 4.998E+02 6.049E+06 18.5893 1.00000
  5.623E+08 5.623E+08 2.522E+00 1.811E+01 4.773E+02 6.415E+01 5.596E+02 5.621E+02 6.164E+06 18.8196 1.00000
  6.310E+08 6.310E+08 2.534E+00 2.043E+01 5.358E+02 7.333E+01 6.296E+02 6.321E+02 6.279E+06 19.0498 1.00000
  7.079E+08 7.079E+08 2.545E+00 2.304E+01 6.015E+02 8.382E+01 7.083E+02 7.109E+02 6.394E+06 19.2801 1.00000
  7.943E+08 7.943E+08 2.557E+00 2.598E+01 6.752E+02 9.583E+01 7.970E+02 7.995E+02 6.509E+06 19.5103 1.00000
  8.913E+08 8.913E+08 2.569E+00 2.929E+01 7.578E+02 1.096E+02 8.967E+02 8.993E+02 6.623E+06 19.7406 1.00000
  1.000E+09 1.000E+09 2.581E+00 3.301E+01 8.506E+02 1.253E+02 1.009E+03 1.011E+03 6.737E+06 19.9709 1.00000
  1.122E+09 1.122E+09 2.593E+00 3.719E+01 9.547E+02 1.432E+02 1.135E+03 1.138E+03 6.850E+06 20.2011 1.00000
  1.259E+09 1.259E+09 2.605E+00 4.188E+01 1.072E+03 1.638E+02 1.277E+03 1.280E+03 6.964E+06 20.4314 1.00000
  1.413E+09 1.413E+09 2.617E+00 4.717E+01 1.203E+03 1.873E+02 1.437E+03 1.440E+03 7.077E+06 20.6616 1.00000
  1.585E+09 1.585E+09 2.629E+00 5.310E+01 1.350E+03 2.142E+02 1.617E+03 1.620E+03 7.190E+06 20.8919 1.00000
  1.778E+09 1.778E+09 2.641E+00 5.977E+01 1.515E+03 2.450E+02 1.820E+03 1.822E+03 7.302E+06 21.1222 1.00000
  1.995E+09 1.995E+09 2.653E+00 6.726E+01 1.700E+03 2.802E+02 2.047E+03 2.050E+03 7.414E+06 21.3524 1.00000
  2.239E+09 2.239E+09 2.666E+00 7.568E+01 1.908E+03 3.205E+02 2.304E+03 2.307E+03 7.526E+06 21.5827 1.00000
  2.512E+09 2.512E+09 2.678E+00 8.513E+01 2.141E+03 3.667E+02 2.593E+03 2.595E+03 7.638E+06 21.8129 1.00000
  2.818E+09 2.818E+09 2.690E+00 9.575E+01 2.403E+03 4.195E+02 2.918E+03 2.920E+03 7.749E+06 22.0432 1.00000
  3.162E+09 3.162E+09 2.703E+00 1.077E+02 2.696E+03 4.799E+02 3.284E+03 3.286E+03 7.860E+06 22.2734 1.00000
  3.548E+09 3.548E+09 2.716E+00 1.211E+02 3.025E+03 5.491E+02 3.696E+03 3.698E+03 7.971E+06 22.5037 1.00000
  3.981E+09 3.981E+09 2.728E+00 1.361E+02 3.395E+03 6.283E+02 4.159E+03 4.162E+03 8.081E+06 22.7340 1.00000
  4.467E+09 4.467E+09 2.741E+00 1.530E+02 3.810E+03 7.189E+02 4.682E+03 4.684E+03 8.191E+06 22.9642 1.00000
  5.012E+09 5.012E+09 2.754E+00 1.720E+02 4.275E+03 8.227E+02 5.270E+03 5.272E+03 8.301E+06 23.1945 1.00000
  5.623E+09 5.623E+09 2.767E+00 1.932E+02 4.797E+03 9.415E+02 5.932E+03 5.934E+03 8.410E+06 23.4247 1.00000
  6.310E+09 6.310E+09 2.780E+00 2.171E+02 5.383E+03 1.077E+03 6.677E+03 6.680E+03 8.519E+06 23.6550 1.00000
  7.079E+09 7.079E+09 2.793E+00 2.439E+02 6.040E+03 1.233E+03 7.517E+03 7.520E+03 8.627E+06 23.8853 1.00000
  7.943E+09 7.943E+09 2.806E+00 2.741E+02 6.777E+03 1.412E+03 8.463E+03 8.466E+03 8.736E+06 24.1155 1.00000
  8.913E+09 8.913E+09 2.819E+00 3.078E+02 7.605E+03 1.616E+03 9.528E+03 9.531E+03 8.843E+06 24.3458 1.00000
  1.000E+10 1.000E+10 2.832E+00 3.458E+02 8.533E+03 1.850E+03 1.073E+04 1.073E+04 8.951E+06 24.5760 1.00000
  1.122E+10 1.122E+10 2.846E+00 3.883E+02 9.575E+03 2.117E+03 1.208E+04 1.208E+04 9.058E+06 24.8063 1.00000
  1.259E+10 1.259E+10 2.859E+00 4.361E+02 1.074E+04 2.424E+03 1.360E+04 1.361E+04 9.165E+06 25.0365 1.00000
  1.413E+10 1.413E+10 2.872E+00 4.897E+02 1.206E+04 2.775E+03 1.532E+04 1.532E+04 9.271E+06 25.2668 1.00000
  1.585E+10 1.585E+10 2.886E+00 5.499E+02 1.353E+04 3.178E+03 1.725E+04 1.726E+04 9.377E+06 25.4969 1.00000
  1.778E+10 1.778E+10 2.900E+00 6.175E+02 1.518E+04 3.639E+03 1.943E+04 1.944E+04 9.483E+06 25.7272 1.00000
  1.995E+10 1.995E+10 2.913E+00 6.933E+02 1.703E+04 4.167E+03 2.189E+04 2.189E+04 9.588E+06 25.9575 1.00000
  2.239E+10 2.239E+10 2.927E+00 7.783E+02 1.911E+04 4.772E+03 2.466E+04 2.466E+04 9.692E+06 26.1873 1.00000
  2.512E+10 2.512E+10 2.941E+00 8.738E+02 2.144E+04 5.465E+03 2.778E+04 2.778E+04 9.797E+06 26.4176 1.00000
  2.818E+10 2.818E+10 2.955E+00 9.809E+02 2.406E+04 6.259E+03 3.130E+04 3.130E+04 9.901E+06 26.6479 1.00000
  3.162E+10 3.162E+10 2.969E+00 1.101E+03 2.699E+04 7.168E+03 3.526E+04 3.527E+04 1.000E+07 26.8766 1.00000
  3.548E+10 3.548E+10 2.983E+00 1.236E+03 3.029E+04 8.211E+03 3.973E+04 3.974E+04 1.011E+07 27.1068 1.00000
  3.981E+10 3.981E+10 2.997E+00 1.387E+03 3.398E+04 9.405E+03 4.478E+04 4.478E+04 1.021E+07 27.3371 1.00000
  4.467E+10 4.467E+10 3.012E+00 1.557E+03 3.813E+04 1.077E+04 5.046E+04 5.047E+04 1.031E+07 27.5674 1.00000
  5.012E+10 5.012E+10 3.026E+00 1.748E+03 4.278E+04 1.234E+04 5.688E+04 5.688E+04 1.041E+07 27.7911 1.00000
  5.623E+10 5.623E+10 3.041E+00 1.961E+03 4.801E+04 1.414E+04 6.411E+04 6.411E+04 1.051E+07 28.0214 1.00000
  6.310E+10 6.310E+10 3.055E+00 2.201E+03 5.386E+04 1.620E+04 7.227E+04 7.227E+04 1.062E+07 28.2516 1.00000
  7.079E+10 7.079E+10 3.072E+00 2.471E+03 6.044E+04 1.856E+04 8.147E+04 8.148E+04 1.072E+07 28.4527 1.00000
  7.943E+10 7.943E+10 3.086E+00 2.773E+03 6.781E+04 2.127E+04 9.186E+04 9.186E+04 1.082E+07 28.6830 1.00000
  8.913E+10 8.913E+10 3.101E+00 3.112E+03 7.609E+04 2.438E+04 1.036E+05 1.036E+05 1.091E+07 28.9133 1.00000
  1.000E+11 1.000E+11 3.116E+00 3.492E+03 8.537E+04 2.794E+04 1.168E+05 1.168E+05 1.101E+07 29.1435 1.00000
  1.122E+11 1.122E+11 3.131E+00 3.919E+03 9.579E+04 3.202E+04 1.317E+05 1.317E+05 1.111E+07 29.3738 1.00000
  1.259E+11 1.259E+11 3.155E+00 4.398E+03 1.075E+05 3.669E+04 1.486E+05 1.486E+05 1.121E+07 29.4486 1.00000
  1.413E+11 1.413E+11 3.170E+00 4.935E+03 1.206E+05 4.206E+04 1.676E+05 1.676E+05 1.131E+07 29.6788 1.00000
  1.585E+11 1.585E+11 3.186E+00 5.538E+03 1.353E+05 4.821E+04 1.891E+05 1.891E+05 1.140E+07 29.9091 1.00000
  1.778E+11 1.778E+11 3.201E+00 6.214E+03 1.518E+05 5.526E+04 2.133E+05 2.133E+05 1.150E+07 30.1393 1.00000
  1.995E+11 1.995E+11 3.216E+00 6.973E+03 1.703E+05 6.335E+04 2.407E+05 2.407E+05 1.160E+07 30.3696 1.00000
  2.239E+11 2.239E+11 3.232E+00 7.824E+03 1.911E+05 7.262E+04 2.716E+05 2.716E+05 1.169E+07 30.5999 1.00000
  2.512E+11 2.512E+11 3.247E+00 8.780E+03 2.144E+05 8.326E+04 3.065E+05 3.065E+05 1.179E+07 30.8301 1.00000
  2.818E+11 2.818E+11 3.263E+00 9.852E+03 2.406E+05 9.546E+04 3.459E+05 3.459E+05 1.188E+07 31.0604 1.00000
  3.162E+11 3.162E+11 3.278E+00 1.105E+04 2.700E+05 1.095E+05 3.905E+05 3.905E+05 1.197E+07 31.2906 1.00000
  3.548E+11 3.548E+11 3.294E+00 1.240E+04 3.029E+05 1.255E+05 4.408E+05 4.408E+05 1.207E+07 31.5209 1.00000
  3.981E+11 3.981E+11 3.310E+00 1.392E+04 3.399E+05 1.439E+05 4.977E+05 4.977E+05 1.216E+07 31.7512 1.00000
  4.467E+11 4.467E+11 3.326E+00 1.562E+04 3.813E+05 1.651E+05 5.620E+05 5.620E+05 1.225E+07 31.9814 1.00000
  5.012E+11 5.012E+11 3.342E+00 1.752E+04 4.279E+05 1.893E+05 6.347E+05 6.347E+05 1.234E+07 32.2117 1.00000
  5.623E+11 5.623E+11 3.358E+00 1.966E+04 4.801E+05 2.171E+05 7.169E+05 7.169E+05 1.243E+07 32.4419 1.00000
  6.310E+11 6.310E+11 3.374E+00 2.206E+04 5.387E+05 2.490E+05 8.097E+05 8.097E+05 1.252E+07 32.6722 1.00000
  7.079E+11 7.079E+11 3.391E+00 2.476E+04 6.044E+05 2.856E+05 9.148E+05 9.148E+05 1.261E+07 32.9024 1.00000
  7.943E+11 7.943E+11 3.407E+00 2.778E+04 6.781E+05 3.276E+05 1.034E+06 1.034E+06 1.270E+07 33.1327 1.00000
  8.913E+11 8.913E+11 3.424E+00 3.117E+04 7.609E+05 3.758E+05 1.168E+06 1.168E+06 1.279E+07 33.3630 1.00000
  1.000E+12 1.000E+12 3.440E+00 3.497E+04 8.537E+05 4.312E+05 1.320E+06 1.320E+06 1.288E+07 33.5932 1.00000
  1.122E+12 1.122E+12 3.457E+00 3.924E+04 9.579E+05 4.947E+05 1.492E+06 1.492E+06 1.296E+07 33.8235 1.00000
  1.259E+12 1.259E+12 3.474E+00 4.403E+04 1.075E+06 5.675E+05 1.686E+06 1.686E+06 1.305E+07 34.0537 1.00000
  1.413E+12 1.413E+12 3.491E+00 4.940E+04 1.206E+06 6.512E+05 1.907E+06 1.907E+06 1.313E+07 34.2840 1.00000
  1.585E+12 1.585E+12 3.508E+00 5.543E+04 1.353E+06 7.472E+05 2.156E+06 2.156E+06 1.322E+07 34.5143 1.00000
  1.778E+12 1.778E+12 3.525E+00 6.220E+04 1.518E+06 8.574E+05 2.438E+06 2.438E+06 1.330E+07 34.7445 1.00000
  1.995E+12 1.995E+12 3.542E+00 6.978E+04 1.703E+06 9.840E+05 2.757E+06 2.757E+06 1.339E+07 34.9748 1.00000
  2.239E+12 2.239E+12 3.559E+00 7.830E+04 1.911E+06 1.129E+06 3.119E+06 3.119E+06 1.347E+07 35.2050 1.00000
  2.512E+12 2.512E+12 3.576E+00 8.786E+04 2.144E+06 1.296E+06 3.528E+06 3.528E+06 1.355E+07 35.4353 1.00000
  2.818E+12 2.818E+12 3.594E+00 9.858E+04 2.406E+06 1.487E+06 3.992E+06 3.992E+06 1.363E+07 35.6655 1.00000
  3.162E+12 3.162E+12 3.611E+00 1.106E+05 2.700E+06 1.707E+06 4.518E+06 4.518E+06 1.372E+07 35.8958 1.00000
  3.548E+12 3.548E+12 3.629E+00 1.241E+05 3.029E+06 1.960E+06 5.113E+06 5.113E+06 1.380E+07 36.1261 1.00000
  3.981E+12 3.981E+12 3.647E+00 1.392E+05 3.399E+06 2.250E+06 5.788E+06 5.788E+06 1.388E+07 36.3563 1.00000
  4.467E+12 4.467E+12 3.664E+00 1.562E+05 3.813E+06 2.583E+06 6.552E+06 6.552E+06 1.395E+07 36.5866 1.00000
  5.012E+12 5.012E+12 3.682E+00 1.753E+05 4.279E+06 2.965E+06 7.419E+06 7.419E+06 1.403E+07 36.8168 1.00000
  5.623E+12 5.623E+12 3.700E+00 1.967E+05 4.801E+06 3.404E+06 8.401E+06 8.401E+06 1.411E+07 37.0471 1.00000
  6.310E+12 6.310E+12 3.719E+00 2.207E+05 5.386E+06 3.908E+06 9.515E+06 9.515E+06 1.419E+07 37.2774 1.00000
  7.079E+12 7.079E+12 3.737E+00 2.476E+05 6.044E+06 4.487E+06 1.078E+07 1.078E+07 1.426E+07 37.5076 1.00000
  7.943E+12 7.943E+12 3.755E+00 2.778E+05 6.781E+06 5.153E+06 1.221E+07 1.221E+07 1.434E+07 37.7379 1.00000
  8.913E+12 8.913E+12 3.774E+00 3.117E+05 7.609E+06 5.917E+06 1.384E+07 1.384E+07 1.441E+07 37.9681 1.00000
  1.000E+13 1.000E+13 3.792E+00 3.498E+05 8.537E+06 6.795E+06 1.568E+07 1.568E+07 1.449E+07 38.1984 1.00000
  1.122E+13 1.122E+13 3.811E+00 3.925E+05 9.578E+06 7.803E+06 1.777E+07 1.777E+07 1.456E+07 38.4287 1.00000
  1.259E+13 1.259E+13 3.829E+00 4.403E+05 1.075E+07 8.962E+06 2.015E+07 2.015E+07 1.463E+07 38.6589 1.00000
  1.413E+13 1.413E+13 3.848E+00 4.941E+05 1.206E+07 1.029E+07 2.285E+07 2.285E+07 1.470E+07 38.8892 1.00000
  1.585E+13 1.585E+13 3.867E+00 5.544E+05 1.353E+07 1.182E+07 2.591E+07 2.591E+07 1.477E+07 39.1194 1.00000
  1.778E+13 1.778E+13 3.886E+00 6.220E+05 1.518E+07 1.358E+07 2.938E+07 2.938E+07 1.484E+07 39.3497 1.00000
  1.995E+13 1.995E+13 3.905E+00 6.979E+05 1.703E+07 1.560E+07 3.333E+07 3.333E+07 1.491E+07 39.5799 1.00000
  2.239E+13 2.239E+13 3.925E+00 7.831E+05 1.911E+07 1.792E+07 3.781E+07 3.781E+07 1.498E+07 39.8102 1.00000
  2.512E+13 2.512E+13 3.944E+00 8.786E+05 2.144E+07 2.059E+07 4.291E+07 4.291E+07 1.505E+07 40.0405 1.00000
  2.818E+13 2.818E+13 3.963E+00 9.858E+05 2.406E+07 2.365E+07 4.870E+07 4.870E+07 1.512E+07 40.2707 1.00000
  3.162E+13 3.162E+13 3.983E+00 1.106E+06 2.699E+07 2.718E+07 5.528E+07 5.528E+07 1.518E+07 40.5010 1.00000
  3.548E+13 3.548E+13 4.002E+00 1.241E+06 3.029E+07 3.122E+07 6.275E+07 6.275E+07 1.525E+07 40.7312 1.00000
  3.981E+13 3.981E+13 4.022E+00 1.393E+06 3.398E+07 3.588E+07 7.125E+07 7.125E+07 1.531E+07 40.9615 1.00000
  4.467E+13 4.467E+13 4.042E+00 1.562E+06 3.813E+07 4.123E+07 8.092E+07 8.092E+07 1.538E+07 41.1918 1.00000
  5.012E+13 5.012E+13 4.062E+00 1.753E+06 4.278E+07 4.738E+07 9.191E+07 9.191E+07 1.544E+07 41.4220 1.00000
  5.623E+13 5.623E+13 4.082E+00 1.967E+06 4.800E+07 5.444E+07 1.044E+08 1.044E+08 1.550E+07 41.6523 1.00000
  6.310E+13 6.310E+13 4.102E+00 2.207E+06 5.386E+07 6.257E+07 1.186E+08 1.186E+08 1.556E+07 41.8825 1.00000
  7.079E+13 7.079E+13 4.123E+00 2.476E+06 6.043E+07 7.191E+07 1.348E+08 1.348E+08 1.562E+07 42.1128 1.00000
  7.943E+13 7.943E+13 4.143E+00 2.778E+06 6.781E+07 8.265E+07 1.532E+08 1.532E+08 1.568E+07 42.3430 1.00000
  8.913E+13 8.913E+13 4.164E+00 3.117E+06 7.608E+07 9.500E+07 1.742E+08 1.742E+08 1.574E+07 42.5733 1.00000
  1.000E+14 1.000E+14 4.184E+00 3.498E+06 8.536E+07 1.092E+08 1.981E+08 1.981E+08 1.580E+07 42.8036 1.00000
  1.122E+14 1.122E+14 4.205E+00 3.925E+06 9.578E+07 1.255E+08 2.252E+08 2.252E+08 1.586E+07 43.0338 1.00000
  1.259E+14 1.259E+14 4.226E+00 4.404E+06 1.075E+08 1.443E+08 2.562E+08 2.562E+08 1.592E+07 43.2641 1.00000
  1.413E+14 1.413E+14 4.247E+00 4.941E+06 1.206E+08 1.659E+08 2.914E+08 2.914E+08 1.597E+07 43.4943 1.00000
  1.585E+14 1.585E+14 4.268E+00 5.544E+06 1.353E+08 1.907E+08 3.316E+08 3.316E+08 1.603E+07 43.7246 1.00000
  1.778E+14 1.778E+14 4.289E+00 6.220E+06 1.518E+08 2.193E+08 3.773E+08 3.773E+08 1.608E+07 43.9549 1.00000
  1.995E+14 1.995E+14 4.310E+00 6.979E+06 1.703E+08 2.521E+08 4.294E+08 4.294E+08 1.614E+07 44.1851 1.00000
  2.239E+14 2.239E+14 4.332E+00 7.831E+06 1.911E+08 2.899E+08 4.888E+08 4.888E+08 1.619E+07 44.4154 1.00000
  2.512E+14 2.512E+14 4.353E+00 8.786E+06 2.144E+08 3.334E+08 5.565E+08 5.565E+08 1.624E+07 44.6456 1.00000
  2.818E+14 2.818E+14 4.375E+00 9.858E+06 2.406E+08 3.833E+08 6.338E+08 6.338E+08 1.629E+07 44.8759 1.00000
  3.162E+14 3.162E+14 4.396E+00 1.106E+07 2.699E+08 4.408E+08 7.218E+08 7.218E+08 1.635E+07 45.1061 1.00000
  3.548E+14 3.548E+14 4.418E+00 1.241E+07 3.029E+08 5.070E+08 8.222E+08 8.222E+08 1.640E+07 45.3364 1.00000
  3.981E+14 3.981E+14 4.440E+00 1.393E+07 3.398E+08 5.830E+08 9.368E+08 9.368E+08 1.644E+07 45.5667 1.00000
  4.467E+14 4.467E+14 4.462E+00 1.562E+07 3.813E+08 6.706E+08 1.067E+09 1.067E+09 1.649E+07 45.7969 1.00000
  5.012E+14 5.012E+14 4.484E+00 1.753E+07 4.278E+08 7.713E+08 1.217E+09 1.217E+09 1.654E+07 46.0272 1.00000
  5.623E+14 5.623E+14 4.507E+00 1.967E+07 4.800E+08 8.871E+08 1.387E+09 1.387E+09 1.659E+07 46.2574 1.00000
  6.310E+14 6.310E+14 4.529E+00 2.207E+07 5.385E+08 1.020E+09 1.581E+09 1.581E+09 1.663E+07 46.4877 1.00000
  7.079E+14 7.079E+14 4.552E+00 2.476E+07 6.043E+08 1.174E+09 1.803E+09 1.803E+09 1.668E+07 46.7180 1.00000
  7.943E+14 7.943E+14 4.574E+00 2.778E+07 6.780E+08 1.350E+09 2.056E+09 2.056E+09 1.672E+07 46.9482 1.00000
  8.913E+14 8.913E+14 4.597E+00 3.117E+07 7.607E+08 1.553E+09 2.345E+09 2.345E+09 1.677E+07 47.1785 1.00000
  1.000E+15 1.000E+15 4.620E+00 3.498E+07 8.535E+08 1.787E+09 2.676E+09 2.676E+09 1.681E+07 47.4087 1.00000
