 Incident particle is a Tau with M = 1776.82000 MeV
 Index = 0: Einsteinium
      Absorber with <Z/A> = 0.39273
 Density effect computed following Fano (1963)
 Models for Radloss: brems =  SSR, pair =  SSR, photonuc = DRSS

 *** Table generated with PUMAS v1.1 ***

      T         p     Ionization  brems     pair     photonuc  Radloss    dE/dx   CSDA Range  delta   beta
    [MeV]    [MeV/c]  -----------------------[MeV cm^2/g]------------------------  [g/cm^2]
  1.000E+05 1.018E+05 1.536E+00 2.514E-04 2.212E-02 6.078E-03 2.845E-02 1.565E+00 3.196E+04  2.7556 0.99985
  1.122E+05 1.140E+05 1.555E+00 3.065E-04 2.648E-02 6.846E-03 3.363E-02 1.588E+00 3.970E+04  2.9081 0.99988
  1.259E+05 1.277E+05 1.573E+00 3.732E-04 3.161E-02 7.695E-03 3.967E-02 1.613E+00 4.825E+04  3.0649 0.99990
  1.413E+05 1.430E+05 1.591E+00 4.536E-04 3.762E-02 8.624E-03 4.670E-02 1.638E+00 5.770E+04  3.2257 0.99992
  1.585E+05 1.603E+05 1.609E+00 5.504E-04 4.466E-02 9.673E-03 5.488E-02 1.664E+00 6.814E+04  3.3904 0.99994
  1.778E+05 1.796E+05 1.627E+00 6.666E-04 5.289E-02 1.083E-02 6.438E-02 1.691E+00 7.966E+04  3.5589 0.99995
  1.995E+05 2.013E+05 1.645E+00 8.060E-04 6.248E-02 1.212E-02 7.541E-02 1.720E+00 9.238E+04  3.7312 0.99996
  2.239E+05 2.256E+05 1.662E+00 9.725E-04 7.365E-02 1.355E-02 8.817E-02 1.750E+00 1.064E+05  3.9073 0.99997
  2.512E+05 2.530E+05 1.679E+00 1.171E-03 8.662E-02 1.514E-02 1.029E-01 1.782E+00 1.219E+05  4.0870 0.99998
  2.818E+05 2.836E+05 1.696E+00 1.408E-03 1.017E-01 1.692E-02 1.200E-01 1.816E+00 1.389E+05  4.2702 0.99998
  3.162E+05 3.180E+05 1.713E+00 1.689E-03 1.191E-01 1.892E-02 1.397E-01 1.853E+00 1.577E+05  4.4569 0.99998
  3.548E+05 3.566E+05 1.730E+00 2.022E-03 1.392E-01 2.114E-02 1.624E-01 1.892E+00 1.783E+05  4.6469 0.99999
  3.981E+05 3.999E+05 1.746E+00 2.416E-03 1.625E-01 2.361E-02 1.885E-01 1.935E+00 2.009E+05  4.8399 0.99999
  4.467E+05 4.485E+05 1.763E+00 2.881E-03 1.893E-01 2.638E-02 2.186E-01 1.981E+00 2.257E+05  5.0358 0.99999
  5.012E+05 5.030E+05 1.779E+00 3.429E-03 2.202E-01 2.946E-02 2.531E-01 2.032E+00 2.529E+05  5.2344 0.99999
  5.623E+05 5.641E+05 1.794E+00 4.074E-03 2.557E-01 3.292E-02 2.927E-01 2.087E+00 2.826E+05  5.4355 1.00000
  6.310E+05 6.327E+05 1.810E+00 4.832E-03 2.964E-01 3.682E-02 3.381E-01 2.148E+00 3.150E+05  5.6389 1.00000
  7.079E+05 7.097E+05 1.826E+00 5.721E-03 3.431E-01 4.121E-02 3.900E-01 2.216E+00 3.502E+05  5.8445 1.00000
  7.943E+05 7.961E+05 1.841E+00 6.760E-03 3.966E-01 4.612E-02 4.495E-01 2.291E+00 3.886E+05  6.0522 1.00000
  8.913E+05 8.930E+05 1.856E+00 7.975E-03 4.577E-01 5.163E-02 5.174E-01 2.374E+00 4.301E+05  6.2618 1.00000
  1.000E+06 1.002E+06 1.871E+00 9.393E-03 5.276E-01 5.788E-02 5.949E-01 2.466E+00 4.751E+05  6.4732 1.00000
  1.122E+06 1.124E+06 1.886E+00 1.104E-02 6.074E-01 6.487E-02 6.833E-01 2.570E+00 5.236E+05  6.6864 1.00000
  1.259E+06 1.261E+06 1.901E+00 1.297E-02 6.983E-01 7.281E-02 7.840E-01 2.685E+00 5.757E+05  6.9012 1.00000
  1.413E+06 1.414E+06 1.916E+00 1.520E-02 8.018E-01 8.174E-02 8.987E-01 2.814E+00 6.315E+05  7.1175 1.00000
  1.585E+06 1.587E+06 1.930E+00 1.780E-02 9.196E-01 9.185E-02 1.029E+00 2.959E+00 6.913E+05  7.3353 1.00000
  1.778E+06 1.780E+06 1.944E+00 2.080E-02 1.054E+00 1.033E-01 1.178E+00 3.122E+00 7.549E+05  7.5543 1.00000
  1.995E+06 1.997E+06 1.958E+00 2.428E-02 1.206E+00 1.162E-01 1.346E+00 3.304E+00 8.224E+05  7.7745 1.00000
  2.239E+06 2.240E+06 1.972E+00 2.832E-02 1.378E+00 1.309E-01 1.537E+00 3.509E+00 8.939E+05  7.9957 1.00000
  2.512E+06 2.514E+06 1.986E+00 3.297E-02 1.574E+00 1.475E-01 1.754E+00 3.740E+00 9.693E+05  8.2179 1.00000
  2.818E+06 2.820E+06 1.999E+00 3.832E-02 1.796E+00 1.663E-01 2.000E+00 4.000E+00 1.049E+06  8.4408 1.00000
  3.162E+06 3.164E+06 2.012E+00 4.452E-02 2.047E+00 1.877E-01 2.279E+00 4.292E+00 1.132E+06  8.6646 1.00000
  3.548E+06 3.550E+06 2.026E+00 5.167E-02 2.331E+00 2.120E-01 2.595E+00 4.620E+00 1.218E+06  8.8889 1.00000
  3.981E+06 3.983E+06 2.039E+00 5.990E-02 2.652E+00 2.395E-01 2.952E+00 4.991E+00 1.308E+06  9.1139 1.00000
  4.467E+06 4.469E+06 2.052E+00 6.935E-02 3.016E+00 2.708E-01 3.356E+00 5.407E+00 1.402E+06  9.3395 1.00000
  5.012E+06 5.014E+06 2.064E+00 8.021E-02 3.426E+00 3.064E-01 3.813E+00 5.877E+00 1.498E+06  9.5655 1.00000
  5.623E+06 5.625E+06 2.077E+00 9.266E-02 3.889E+00 3.469E-01 4.329E+00 6.406E+00 1.598E+06  9.7920 1.00000
  6.310E+06 6.311E+06 2.089E+00 1.069E-01 4.412E+00 3.931E-01 4.912E+00 7.001E+00 1.701E+06 10.0190 1.00000
  7.079E+06 7.081E+06 2.102E+00 1.233E-01 5.002E+00 4.455E-01 5.570E+00 7.672E+00 1.806E+06 10.2464 1.00000
  7.943E+06 7.945E+06 2.114E+00 1.422E-01 5.667E+00 5.052E-01 6.314E+00 8.428E+00 1.913E+06 10.4741 1.00000
  8.913E+06 8.914E+06 2.126E+00 1.637E-01 6.416E+00 5.732E-01 7.153E+00 9.279E+00 2.022E+06 10.7023 1.00000
  1.000E+07 1.000E+07 2.138E+00 1.884E-01 7.260E+00 6.507E-01 8.099E+00 1.024E+01 2.134E+06 10.9307 1.00000
  1.122E+07 1.122E+07 2.149E+00 2.166E-01 8.211E+00 7.389E-01 9.167E+00 1.132E+01 2.247E+06 11.1594 1.00000
  1.259E+07 1.259E+07 2.161E+00 2.487E-01 9.282E+00 8.395E-01 1.037E+01 1.253E+01 2.362E+06 11.3884 1.00000
  1.413E+07 1.413E+07 2.172E+00 2.855E-01 1.049E+01 9.542E-01 1.173E+01 1.390E+01 2.479E+06 11.6176 1.00000
  1.585E+07 1.585E+07 2.184E+00 3.274E-01 1.184E+01 1.085E+00 1.326E+01 1.544E+01 2.596E+06 11.8470 1.00000
  1.778E+07 1.778E+07 2.195E+00 3.752E-01 1.337E+01 1.234E+00 1.498E+01 1.717E+01 2.715E+06 12.0766 1.00000
  1.995E+07 1.995E+07 2.206E+00 4.297E-01 1.509E+01 1.404E+00 1.692E+01 1.913E+01 2.835E+06 12.3062 1.00000
  2.239E+07 2.239E+07 2.218E+00 4.918E-01 1.702E+01 1.598E+00 1.911E+01 2.133E+01 2.955E+06 12.5360 1.00000
  2.512E+07 2.512E+07 2.229E+00 5.624E-01 1.919E+01 1.819E+00 2.157E+01 2.380E+01 3.076E+06 12.7659 1.00000
  2.818E+07 2.819E+07 2.240E+00 6.427E-01 2.163E+01 2.072E+00 2.434E+01 2.658E+01 3.198E+06 12.9958 1.00000
  3.162E+07 3.162E+07 2.251E+00 7.340E-01 2.437E+01 2.360E+00 2.747E+01 2.972E+01 3.320E+06 13.2258 1.00000
  3.548E+07 3.548E+07 2.262E+00 8.379E-01 2.745E+01 2.689E+00 3.098E+01 3.324E+01 3.443E+06 13.4559 1.00000
  3.981E+07 3.981E+07 2.273E+00 9.560E-01 3.092E+01 3.065E+00 3.494E+01 3.721E+01 3.566E+06 13.6860 1.00000
  4.467E+07 4.467E+07 2.284E+00 1.090E+00 3.481E+01 3.493E+00 3.939E+01 4.168E+01 3.689E+06 13.9161 1.00000
  5.012E+07 5.012E+07 2.294E+00 1.242E+00 3.918E+01 3.983E+00 4.441E+01 4.670E+01 3.813E+06 14.1463 1.00000
  5.623E+07 5.624E+07 2.305E+00 1.415E+00 4.409E+01 4.542E+00 5.005E+01 5.236E+01 3.936E+06 14.3764 1.00000
  6.310E+07 6.310E+07 2.316E+00 1.611E+00 4.961E+01 5.180E+00 5.640E+01 5.872E+01 4.060E+06 14.6066 1.00000
  7.079E+07 7.080E+07 2.327E+00 1.832E+00 5.580E+01 5.909E+00 6.354E+01 6.587E+01 4.184E+06 14.8368 1.00000
  7.943E+07 7.943E+07 2.338E+00 2.083E+00 6.276E+01 6.742E+00 7.158E+01 7.392E+01 4.308E+06 15.0671 1.00000
  8.913E+07 8.913E+07 2.349E+00 2.368E+00 7.057E+01 7.693E+00 8.063E+01 8.298E+01 4.431E+06 15.2973 1.00000
  1.000E+08 1.000E+08 2.360E+00 2.689E+00 7.934E+01 8.780E+00 9.081E+01 9.317E+01 4.555E+06 15.5275 1.00000
  1.122E+08 1.122E+08 2.371E+00 3.053E+00 8.918E+01 1.002E+01 1.023E+02 1.046E+02 4.678E+06 15.7577 1.00000
  1.259E+08 1.259E+08 2.382E+00 3.465E+00 1.002E+02 1.144E+01 1.151E+02 1.175E+02 4.802E+06 15.9880 1.00000
  1.413E+08 1.413E+08 2.393E+00 3.929E+00 1.126E+02 1.306E+01 1.296E+02 1.320E+02 4.925E+06 16.2182 1.00000
  1.585E+08 1.585E+08 2.404E+00 4.454E+00 1.266E+02 1.491E+01 1.459E+02 1.483E+02 5.048E+06 16.4485 1.00000
  1.778E+08 1.778E+08 2.415E+00 5.047E+00 1.422E+02 1.703E+01 1.643E+02 1.667E+02 5.171E+06 16.6787 1.00000
  1.995E+08 1.995E+08 2.426E+00 5.717E+00 1.598E+02 1.945E+01 1.849E+02 1.873E+02 5.294E+06 16.9090 1.00000
  2.239E+08 2.239E+08 2.438E+00 6.472E+00 1.794E+02 2.221E+01 2.081E+02 2.106E+02 5.416E+06 17.1392 1.00000
  2.512E+08 2.512E+08 2.449E+00 7.324E+00 2.016E+02 2.537E+01 2.343E+02 2.367E+02 5.539E+06 17.3695 1.00000
  2.818E+08 2.818E+08 2.460E+00 8.285E+00 2.264E+02 2.899E+01 2.636E+02 2.661E+02 5.661E+06 17.5997 1.00000
  3.162E+08 3.162E+08 2.471E+00 9.368E+00 2.542E+02 3.312E+01 2.967E+02 2.992E+02 5.783E+06 17.8300 1.00000
  3.548E+08 3.548E+08 2.483E+00 1.059E+01 2.855E+02 3.784E+01 3.339E+02 3.364E+02 5.904E+06 18.0602 1.00000
  3.981E+08 3.981E+08 2.494E+00 1.196E+01 3.205E+02 4.324E+01 3.757E+02 3.782E+02 6.025E+06 18.2905 1.00000
  4.467E+08 4.467E+08 2.506E+00 1.351E+01 3.599E+02 4.942E+01 4.228E+02 4.253E+02 6.146E+06 18.5207 1.00000
  5.012E+08 5.012E+08 2.517E+00 1.526E+01 4.040E+02 5.648E+01 4.758E+02 4.783E+02 6.267E+06 18.7510 1.00000
  5.623E+08 5.623E+08 2.529E+00 1.722E+01 4.536E+02 6.455E+01 5.354E+02 5.379E+02 6.388E+06 18.9813 1.00000
  6.310E+08 6.310E+08 2.541E+00 1.943E+01 5.092E+02 7.378E+01 6.024E+02 6.050E+02 6.508E+06 19.2115 1.00000
  7.079E+08 7.079E+08 2.552E+00 2.191E+01 5.716E+02 8.434E+01 6.779E+02 6.804E+02 6.628E+06 19.4418 1.00000
  7.943E+08 7.943E+08 2.564E+00 2.471E+01 6.417E+02 9.642E+01 7.628E+02 7.653E+02 6.748E+06 19.6720 1.00000
  8.913E+08 8.913E+08 2.576E+00 2.785E+01 7.202E+02 1.102E+02 8.583E+02 8.609E+02 6.867E+06 19.9023 1.00000
  1.000E+09 1.000E+09 2.588E+00 3.139E+01 8.084E+02 1.260E+02 9.658E+02 9.684E+02 6.986E+06 20.1326 1.00000
  1.122E+09 1.122E+09 2.600E+00 3.537E+01 9.074E+02 1.441E+02 1.087E+03 1.089E+03 7.105E+06 20.3628 1.00000
  1.259E+09 1.259E+09 2.612E+00 3.984E+01 1.018E+03 1.648E+02 1.223E+03 1.226E+03 7.223E+06 20.5931 1.00000
  1.413E+09 1.413E+09 2.624E+00 4.486E+01 1.143E+03 1.885E+02 1.376E+03 1.379E+03 7.341E+06 20.8233 1.00000
  1.585E+09 1.585E+09 2.636E+00 5.051E+01 1.283E+03 2.155E+02 1.549E+03 1.551E+03 7.459E+06 21.0536 1.00000
  1.778E+09 1.778E+09 2.648E+00 5.685E+01 1.440E+03 2.465E+02 1.743E+03 1.746E+03 7.576E+06 21.2838 1.00000
  1.995E+09 1.995E+09 2.661E+00 6.398E+01 1.616E+03 2.820E+02 1.962E+03 1.964E+03 7.693E+06 21.5141 1.00000
  2.239E+09 2.239E+09 2.673E+00 7.199E+01 1.813E+03 3.225E+02 2.208E+03 2.210E+03 7.810E+06 21.7444 1.00000
  2.512E+09 2.512E+09 2.685E+00 8.099E+01 2.035E+03 3.689E+02 2.485E+03 2.487E+03 7.927E+06 21.9746 1.00000
  2.818E+09 2.818E+09 2.698E+00 9.109E+01 2.283E+03 4.221E+02 2.796E+03 2.799E+03 8.043E+06 22.2049 1.00000
  3.162E+09 3.162E+09 2.711E+00 1.024E+02 2.562E+03 4.829E+02 3.148E+03 3.150E+03 8.159E+06 22.4351 1.00000
  3.548E+09 3.548E+09 2.723E+00 1.152E+02 2.875E+03 5.525E+02 3.543E+03 3.546E+03 8.274E+06 22.6654 1.00000
  3.981E+09 3.981E+09 2.736E+00 1.295E+02 3.227E+03 6.321E+02 3.988E+03 3.991E+03 8.389E+06 22.8956 1.00000
  4.467E+09 4.467E+09 2.749E+00 1.456E+02 3.621E+03 7.233E+02 4.490E+03 4.492E+03 8.504E+06 23.1259 1.00000
  5.012E+09 5.012E+09 2.762E+00 1.636E+02 4.063E+03 8.278E+02 5.054E+03 5.057E+03 8.618E+06 23.3562 1.00000
  5.623E+09 5.623E+09 2.774E+00 1.838E+02 4.559E+03 9.473E+02 5.690E+03 5.693E+03 8.732E+06 23.5864 1.00000
  6.310E+09 6.310E+09 2.787E+00 2.066E+02 5.116E+03 1.084E+03 6.406E+03 6.409E+03 8.845E+06 23.8167 1.00000
  7.079E+09 7.079E+09 2.801E+00 2.321E+02 5.740E+03 1.241E+03 7.213E+03 7.216E+03 8.958E+06 24.0469 1.00000
  7.943E+09 7.943E+09 2.814E+00 2.607E+02 6.441E+03 1.420E+03 8.122E+03 8.125E+03 9.071E+06 24.2772 1.00000
  8.913E+09 8.913E+09 2.827E+00 2.929E+02 7.228E+03 1.626E+03 9.146E+03 9.149E+03 9.184E+06 24.5075 1.00000
  1.000E+10 1.000E+10 2.840E+00 3.290E+02 8.110E+03 1.861E+03 1.030E+04 1.030E+04 9.296E+06 24.7377 1.00000
  1.122E+10 1.122E+10 2.854E+00 3.695E+02 9.100E+03 2.130E+03 1.160E+04 1.160E+04 9.407E+06 24.9679 1.00000
  1.259E+10 1.259E+10 2.867E+00 4.150E+02 1.021E+04 2.439E+03 1.306E+04 1.307E+04 9.518E+06 25.1982 1.00000
  1.413E+10 1.413E+10 2.881E+00 4.660E+02 1.146E+04 2.793E+03 1.472E+04 1.472E+04 9.629E+06 25.4285 1.00000
  1.585E+10 1.585E+10 2.894E+00 5.233E+02 1.286E+04 3.197E+03 1.658E+04 1.658E+04 9.739E+06 25.6586 1.00000
  1.778E+10 1.778E+10 2.908E+00 5.875E+02 1.442E+04 3.661E+03 1.867E+04 1.868E+04 9.849E+06 25.8889 1.00000
  1.995E+10 1.995E+10 2.922E+00 6.596E+02 1.619E+04 4.192E+03 2.104E+04 2.104E+04 9.958E+06 26.1191 1.00000
  2.239E+10 2.239E+10 2.935E+00 7.406E+02 1.816E+04 4.801E+03 2.370E+04 2.371E+04 1.007E+07 26.3490 1.00000
  2.512E+10 2.512E+10 2.949E+00 8.314E+02 2.038E+04 5.498E+03 2.671E+04 2.671E+04 1.018E+07 26.5793 1.00000
  2.818E+10 2.818E+10 2.963E+00 9.333E+02 2.286E+04 6.297E+03 3.010E+04 3.010E+04 1.028E+07 26.8095 1.00000
  3.162E+10 3.162E+10 2.977E+00 1.048E+03 2.565E+04 7.213E+03 3.392E+04 3.392E+04 1.039E+07 27.0383 1.00000
  3.548E+10 3.548E+10 2.992E+00 1.176E+03 2.879E+04 8.262E+03 3.822E+04 3.823E+04 1.050E+07 27.2685 1.00000
  3.981E+10 3.981E+10 3.006E+00 1.320E+03 3.230E+04 9.464E+03 4.308E+04 4.309E+04 1.061E+07 27.4988 1.00000
  4.467E+10 4.467E+10 3.020E+00 1.482E+03 3.624E+04 1.084E+04 4.856E+04 4.857E+04 1.071E+07 27.7290 1.00000
  5.012E+10 5.012E+10 3.035E+00 1.663E+03 4.066E+04 1.242E+04 5.475E+04 5.475E+04 1.082E+07 27.9528 1.00000
  5.623E+10 5.623E+10 3.049E+00 1.866E+03 4.563E+04 1.423E+04 6.172E+04 6.172E+04 1.092E+07 28.1831 1.00000
  6.310E+10 6.310E+10 3.064E+00 2.095E+03 5.119E+04 1.630E+04 6.959E+04 6.959E+04 1.103E+07 28.4133 1.00000
  7.079E+10 7.079E+10 3.080E+00 2.351E+03 5.744E+04 1.868E+04 7.847E+04 7.847E+04 1.113E+07 28.6144 1.00000
  7.943E+10 7.943E+10 3.095E+00 2.638E+03 6.445E+04 2.140E+04 8.849E+04 8.849E+04 1.123E+07 28.8447 1.00000
  8.913E+10 8.913E+10 3.110E+00 2.961E+03 7.231E+04 2.453E+04 9.980E+04 9.981E+04 1.134E+07 29.0749 1.00000
  1.000E+11 1.000E+11 3.125E+00 3.323E+03 8.114E+04 2.811E+04 1.126E+05 1.126E+05 1.144E+07 29.3052 1.00000
  1.122E+11 1.122E+11 3.140E+00 3.729E+03 9.104E+04 3.221E+04 1.270E+05 1.270E+05 1.154E+07 29.5355 1.00000
  1.259E+11 1.259E+11 3.164E+00 4.185E+03 1.021E+05 3.692E+04 1.433E+05 1.433E+05 1.164E+07 29.6103 1.00000
  1.413E+11 1.413E+11 3.179E+00 4.696E+03 1.146E+05 4.232E+04 1.616E+05 1.616E+05 1.174E+07 29.8405 1.00000
  1.585E+11 1.585E+11 3.194E+00 5.270E+03 1.286E+05 4.851E+04 1.824E+05 1.824E+05 1.184E+07 30.0708 1.00000
  1.778E+11 1.778E+11 3.210E+00 5.913E+03 1.443E+05 5.560E+04 2.058E+05 2.058E+05 1.194E+07 30.3010 1.00000
  1.995E+11 1.995E+11 3.225E+00 6.635E+03 1.619E+05 6.374E+04 2.323E+05 2.323E+05 1.204E+07 30.5313 1.00000
  2.239E+11 2.239E+11 3.241E+00 7.446E+03 1.816E+05 7.307E+04 2.622E+05 2.622E+05 1.214E+07 30.7615 1.00000
  2.512E+11 2.512E+11 3.256E+00 8.355E+03 2.038E+05 8.378E+04 2.959E+05 2.959E+05 1.224E+07 30.9918 1.00000
  2.818E+11 2.818E+11 3.272E+00 9.375E+03 2.287E+05 9.605E+04 3.341E+05 3.341E+05 1.234E+07 31.2221 1.00000
  3.162E+11 3.162E+11 3.288E+00 1.052E+04 2.566E+05 1.101E+05 3.772E+05 3.772E+05 1.243E+07 31.4523 1.00000
  3.548E+11 3.548E+11 3.303E+00 1.180E+04 2.879E+05 1.263E+05 4.260E+05 4.260E+05 1.253E+07 31.6826 1.00000
  3.981E+11 3.981E+11 3.319E+00 1.325E+04 3.230E+05 1.448E+05 4.811E+05 4.811E+05 1.263E+07 31.9128 1.00000
  4.467E+11 4.467E+11 3.335E+00 1.486E+04 3.624E+05 1.661E+05 5.434E+05 5.434E+05 1.272E+07 32.1431 1.00000
  5.012E+11 5.012E+11 3.351E+00 1.668E+04 4.067E+05 1.905E+05 6.138E+05 6.138E+05 1.282E+07 32.3734 1.00000
  5.623E+11 5.623E+11 3.368E+00 1.871E+04 4.563E+05 2.184E+05 6.934E+05 6.934E+05 1.291E+07 32.6036 1.00000
  6.310E+11 6.310E+11 3.384E+00 2.100E+04 5.120E+05 2.505E+05 7.835E+05 7.835E+05 1.300E+07 32.8339 1.00000
  7.079E+11 7.079E+11 3.400E+00 2.356E+04 5.744E+05 2.874E+05 8.854E+05 8.854E+05 1.309E+07 33.0641 1.00000
  7.943E+11 7.943E+11 3.417E+00 2.643E+04 6.445E+05 3.297E+05 1.001E+06 1.001E+06 1.319E+07 33.2944 1.00000
  8.913E+11 8.913E+11 3.433E+00 2.966E+04 7.232E+05 3.782E+05 1.131E+06 1.131E+06 1.328E+07 33.5247 1.00000
  1.000E+12 1.000E+12 3.450E+00 3.328E+04 8.114E+05 4.338E+05 1.279E+06 1.279E+06 1.337E+07 33.7549 1.00000
  1.122E+12 1.122E+12 3.467E+00 3.734E+04 9.104E+05 4.977E+05 1.445E+06 1.445E+06 1.346E+07 33.9852 1.00000
  1.259E+12 1.259E+12 3.483E+00 4.190E+04 1.021E+06 5.711E+05 1.634E+06 1.634E+06 1.355E+07 34.2154 1.00000
  1.413E+12 1.413E+12 3.500E+00 4.701E+04 1.146E+06 6.552E+05 1.848E+06 1.848E+06 1.363E+07 34.4457 1.00000
  1.585E+12 1.585E+12 3.517E+00 5.275E+04 1.286E+06 7.518E+05 2.091E+06 2.091E+06 1.372E+07 34.6759 1.00000
  1.778E+12 1.778E+12 3.535E+00 5.919E+04 1.443E+06 8.627E+05 2.365E+06 2.365E+06 1.381E+07 34.9062 1.00000
  1.995E+12 1.995E+12 3.552E+00 6.641E+04 1.619E+06 9.901E+05 2.675E+06 2.675E+06 1.390E+07 35.1365 1.00000
  2.239E+12 2.239E+12 3.569E+00 7.451E+04 1.816E+06 1.136E+06 3.027E+06 3.027E+06 1.398E+07 35.3667 1.00000
  2.512E+12 2.512E+12 3.586E+00 8.361E+04 2.038E+06 1.304E+06 3.426E+06 3.426E+06 1.407E+07 35.5970 1.00000
  2.818E+12 2.818E+12 3.604E+00 9.381E+04 2.287E+06 1.497E+06 3.877E+06 3.877E+06 1.415E+07 35.8272 1.00000
  3.162E+12 3.162E+12 3.621E+00 1.053E+05 2.566E+06 1.718E+06 4.389E+06 4.389E+06 1.423E+07 36.0575 1.00000
  3.548E+12 3.548E+12 3.639E+00 1.181E+05 2.879E+06 1.972E+06 4.969E+06 4.969E+06 1.432E+07 36.2878 1.00000
  3.981E+12 3.981E+12 3.657E+00 1.325E+05 3.230E+06 2.264E+06 5.626E+06 5.626E+06 1.440E+07 36.5180 1.00000
  4.467E+12 4.467E+12 3.675E+00 1.487E+05 3.624E+06 2.598E+06 6.371E+06 6.371E+06 1.448E+07 36.7483 1.00000
  5.012E+12 5.012E+12 3.693E+00 1.668E+05 4.066E+06 2.983E+06 7.216E+06 7.216E+06 1.456E+07 36.9785 1.00000
  5.623E+12 5.623E+12 3.711E+00 1.872E+05 4.563E+06 3.425E+06 8.175E+06 8.175E+06 1.464E+07 37.2088 1.00000
  6.310E+12 6.310E+12 3.729E+00 2.100E+05 5.119E+06 3.932E+06 9.262E+06 9.262E+06 1.472E+07 37.4390 1.00000
  7.079E+12 7.079E+12 3.747E+00 2.356E+05 5.744E+06 4.515E+06 1.049E+07 1.049E+07 1.480E+07 37.6693 1.00000
  7.943E+12 7.943E+12 3.766E+00 2.644E+05 6.445E+06 5.185E+06 1.189E+07 1.189E+07 1.487E+07 37.8996 1.00000
  8.913E+12 8.913E+12 3.784E+00 2.967E+05 7.231E+06 5.953E+06 1.348E+07 1.348E+07 1.495E+07 38.1298 1.00000
  1.000E+13 1.000E+13 3.803E+00 3.329E+05 8.114E+06 6.837E+06 1.528E+07 1.528E+07 1.503E+07 38.3601 1.00000
  1.122E+13 1.122E+13 3.821E+00 3.735E+05 9.104E+06 7.852E+06 1.733E+07 1.733E+07 1.510E+07 38.5903 1.00000
  1.259E+13 1.259E+13 3.840E+00 4.190E+05 1.021E+07 9.018E+06 1.965E+07 1.965E+07 1.517E+07 38.8206 1.00000
  1.413E+13 1.413E+13 3.859E+00 4.702E+05 1.146E+07 1.036E+07 2.229E+07 2.229E+07 1.525E+07 39.0509 1.00000
  1.585E+13 1.585E+13 3.878E+00 5.275E+05 1.286E+07 1.190E+07 2.528E+07 2.528E+07 1.532E+07 39.2811 1.00000
  1.778E+13 1.778E+13 3.897E+00 5.919E+05 1.443E+07 1.366E+07 2.868E+07 2.868E+07 1.539E+07 39.5114 1.00000
  1.995E+13 1.995E+13 3.916E+00 6.641E+05 1.619E+07 1.570E+07 3.255E+07 3.255E+07 1.546E+07 39.7416 1.00000
  2.239E+13 2.239E+13 3.936E+00 7.452E+05 1.816E+07 1.803E+07 3.694E+07 3.694E+07 1.553E+07 39.9719 1.00000
  2.512E+13 2.512E+13 3.955E+00 8.361E+05 2.038E+07 2.072E+07 4.193E+07 4.193E+07 1.560E+07 40.2021 1.00000
  2.818E+13 2.818E+13 3.974E+00 9.381E+05 2.287E+07 2.380E+07 4.760E+07 4.760E+07 1.567E+07 40.4324 1.00000
  3.162E+13 3.162E+13 3.994E+00 1.053E+06 2.566E+07 2.734E+07 5.405E+07 5.405E+07 1.574E+07 40.6627 1.00000
  3.548E+13 3.548E+13 4.014E+00 1.181E+06 2.879E+07 3.142E+07 6.139E+07 6.139E+07 1.581E+07 40.8929 1.00000
  3.981E+13 3.981E+13 4.034E+00 1.325E+06 3.230E+07 3.610E+07 6.972E+07 6.972E+07 1.587E+07 41.1232 1.00000
  4.467E+13 4.467E+13 4.054E+00 1.487E+06 3.624E+07 4.148E+07 7.921E+07 7.921E+07 1.594E+07 41.3534 1.00000
  5.012E+13 5.012E+13 4.074E+00 1.668E+06 4.066E+07 4.767E+07 9.000E+07 9.000E+07 1.600E+07 41.5837 1.00000
  5.623E+13 5.623E+13 4.094E+00 1.872E+06 4.562E+07 5.478E+07 1.023E+08 1.023E+08 1.607E+07 41.8140 1.00000
  6.310E+13 6.310E+13 4.114E+00 2.100E+06 5.119E+07 6.296E+07 1.162E+08 1.162E+08 1.613E+07 42.0442 1.00000
  7.079E+13 7.079E+13 4.134E+00 2.357E+06 5.744E+07 7.236E+07 1.321E+08 1.321E+08 1.619E+07 42.2745 1.00000
  7.943E+13 7.943E+13 4.155E+00 2.644E+06 6.444E+07 8.316E+07 1.503E+08 1.503E+08 1.625E+07 42.5047 1.00000
  8.913E+13 8.913E+13 4.175E+00 2.967E+06 7.231E+07 9.559E+07 1.709E+08 1.709E+08 1.631E+07 42.7350 1.00000
  1.000E+14 1.000E+14 4.196E+00 3.329E+06 8.113E+07 1.099E+08 1.943E+08 1.943E+08 1.637E+07 42.9652 1.00000
  1.122E+14 1.122E+14 4.217E+00 3.735E+06 9.103E+07 1.263E+08 2.211E+08 2.211E+08 1.643E+07 43.1955 1.00000
  1.259E+14 1.259E+14 4.238E+00 4.191E+06 1.021E+08 1.452E+08 2.515E+08 2.515E+08 1.649E+07 43.4258 1.00000
  1.413E+14 1.413E+14 4.259E+00 4.702E+06 1.146E+08 1.669E+08 2.862E+08 2.862E+08 1.655E+07 43.6560 1.00000
  1.585E+14 1.585E+14 4.280E+00 5.276E+06 1.286E+08 1.919E+08 3.258E+08 3.258E+08 1.660E+07 43.8863 1.00000
  1.778E+14 1.778E+14 4.301E+00 5.919E+06 1.443E+08 2.206E+08 3.708E+08 3.708E+08 1.666E+07 44.1165 1.00000
  1.995E+14 1.995E+14 4.322E+00 6.642E+06 1.619E+08 2.537E+08 4.222E+08 4.222E+08 1.671E+07 44.3468 1.00000
  2.239E+14 2.239E+14 4.344E+00 7.452E+06 1.816E+08 2.917E+08 4.808E+08 4.808E+08 1.677E+07 44.5771 1.00000
  2.512E+14 2.512E+14 4.365E+00 8.361E+06 2.038E+08 3.354E+08 5.476E+08 5.476E+08 1.682E+07 44.8073 1.00000
  2.818E+14 2.818E+14 4.387E+00 9.381E+06 2.286E+08 3.857E+08 6.237E+08 6.237E+08 1.687E+07 45.0376 1.00000
  3.162E+14 3.162E+14 4.409E+00 1.053E+07 2.565E+08 4.436E+08 7.106E+08 7.106E+08 1.692E+07 45.2678 1.00000
  3.548E+14 3.548E+14 4.431E+00 1.181E+07 2.878E+08 5.101E+08 8.097E+08 8.097E+08 1.697E+07 45.4981 1.00000
  3.981E+14 3.981E+14 4.453E+00 1.325E+07 3.230E+08 5.867E+08 9.229E+08 9.229E+08 1.702E+07 45.7284 1.00000
  4.467E+14 4.467E+14 4.475E+00 1.487E+07 3.624E+08 6.747E+08 1.052E+09 1.052E+09 1.707E+07 45.9586 1.00000
  5.012E+14 5.012E+14 4.497E+00 1.668E+07 4.066E+08 7.761E+08 1.199E+09 1.199E+09 1.712E+07 46.1889 1.00000
  5.623E+14 5.623E+14 4.519E+00 1.872E+07 4.562E+08 8.926E+08 1.368E+09 1.368E+09 1.717E+07 46.4191 1.00000
  6.310E+14 6.310E+14 4.542E+00 2.100E+07 5.118E+08 1.027E+09 1.560E+09 1.560E+09 1.722E+07 46.6494 1.00000
  7.079E+14 7.079E+14 4.565E+00 2.357E+07 5.743E+08 1.181E+09 1.779E+09 1.779E+09 1.726E+07 46.8796 1.00000
  7.943E+14 7.943E+14 4.587E+00 2.644E+07 6.444E+08 1.359E+09 2.030E+09 2.030E+09 1.731E+07 47.1099 1.00000
  8.913E+14 8.913E+14 4.610E+00 2.967E+07 7.230E+08 1.563E+09 2.316E+09 2.316E+09 1.735E+07 47.3402 1.00000
  1.000E+15 1.000E+15 4.633E+00 3.329E+07 8.112E+08 1.798E+09 2.643E+09 2.643E+09 1.740E+07 47.5704 1.00000
