 Incident particle is a Tau with M = 1776.82000 MeV
 Index = 0: EpoTek301
      Absorber with <Z/A> = 0.53409
 Density effect computed following Fano (1963)
 Models for Radloss: brems =  SSR, pair =  SSR, photonuc = DRSS

 *** Table generated with PUMAS v1.1 ***

      T         p     Ionization  brems     pair     photonuc  Radloss    dE/dx   CSDA Range  delta   beta
    [MeV]    [MeV/c]  -----------------------[MeV cm^2/g]------------------------  [g/cm^2]
  1.000E+05 1.018E+05 2.343E+00 3.571E-05 1.917E-03 6.766E-03 8.719E-03 2.351E+00 2.127E+04  4.7620 0.99985
  1.122E+05 1.140E+05 2.363E+00 4.323E-05 2.318E-03 7.671E-03 1.003E-02 2.373E+00 2.643E+04  4.9746 0.99988
  1.259E+05 1.277E+05 2.383E+00 5.225E-05 2.791E-03 8.678E-03 1.152E-02 2.394E+00 3.217E+04  5.1898 0.99990
  1.413E+05 1.430E+05 2.403E+00 6.303E-05 3.350E-03 9.790E-03 1.320E-02 2.416E+00 3.856E+04  5.4073 0.99992
  1.585E+05 1.603E+05 2.423E+00 7.591E-05 4.006E-03 1.105E-02 1.514E-02 2.438E+00 4.566E+04  5.6269 0.99994
  1.778E+05 1.796E+05 2.443E+00 9.124E-05 4.777E-03 1.245E-02 1.732E-02 2.460E+00 5.356E+04  5.8482 0.99995
  1.995E+05 2.013E+05 2.463E+00 1.095E-04 5.680E-03 1.404E-02 1.983E-02 2.482E+00 6.234E+04  6.0709 0.99996
  2.239E+05 2.256E+05 2.482E+00 1.311E-04 6.736E-03 1.580E-02 2.267E-02 2.505E+00 7.210E+04  6.2949 0.99997
  2.512E+05 2.530E+05 2.502E+00 1.567E-04 7.969E-03 1.777E-02 2.590E-02 2.528E+00 8.295E+04  6.5199 0.99998
  2.818E+05 2.836E+05 2.522E+00 1.869E-04 9.407E-03 2.000E-02 2.959E-02 2.551E+00 9.502E+04  6.7458 0.99998
  3.162E+05 3.180E+05 2.541E+00 2.226E-04 1.108E-02 2.251E-02 3.381E-02 2.575E+00 1.084E+05  6.9724 0.99998
  3.548E+05 3.566E+05 2.561E+00 2.646E-04 1.302E-02 2.532E-02 3.860E-02 2.600E+00 1.233E+05  7.1996 0.99999
  3.981E+05 3.999E+05 2.580E+00 3.140E-04 1.528E-02 2.846E-02 4.405E-02 2.625E+00 1.399E+05  7.4273 0.99999
  4.467E+05 4.485E+05 2.600E+00 3.720E-04 1.789E-02 3.201E-02 5.027E-02 2.650E+00 1.583E+05  7.6554 0.99999
  5.012E+05 5.030E+05 2.619E+00 4.399E-04 2.091E-02 3.597E-02 5.733E-02 2.677E+00 1.788E+05  7.8839 0.99999
  5.623E+05 5.641E+05 2.639E+00 5.194E-04 2.441E-02 4.046E-02 6.539E-02 2.704E+00 2.015E+05  8.1126 1.00000
  6.310E+05 6.327E+05 2.658E+00 6.121E-04 2.844E-02 4.554E-02 7.459E-02 2.733E+00 2.268E+05  8.3416 1.00000
  7.079E+05 7.097E+05 2.677E+00 7.205E-04 3.308E-02 5.126E-02 8.507E-02 2.762E+00 2.548E+05  8.5708 1.00000
  7.943E+05 7.961E+05 2.696E+00 8.467E-04 3.843E-02 5.771E-02 9.699E-02 2.793E+00 2.859E+05  8.8001 1.00000
  8.913E+05 8.930E+05 2.715E+00 9.934E-04 4.458E-02 6.498E-02 1.106E-01 2.826E+00 3.204E+05  9.0296 1.00000
  1.000E+06 1.002E+06 2.734E+00 1.164E-03 5.164E-02 7.323E-02 1.260E-01 2.860E+00 3.586E+05  9.2592 1.00000
  1.122E+06 1.124E+06 2.753E+00 1.362E-03 5.974E-02 8.252E-02 1.436E-01 2.897E+00 4.010E+05  9.4888 1.00000
  1.259E+06 1.261E+06 2.772E+00 1.592E-03 6.902E-02 9.309E-02 1.637E-01 2.936E+00 4.480E+05  9.7186 1.00000
  1.413E+06 1.414E+06 2.791E+00 1.858E-03 7.964E-02 1.050E-01 1.865E-01 2.977E+00 4.999E+05  9.9484 1.00000
  1.585E+06 1.587E+06 2.809E+00 2.166E-03 9.179E-02 1.186E-01 2.125E-01 3.022E+00 5.574E+05 10.1783 1.00000
  1.778E+06 1.780E+06 2.828E+00 2.522E-03 1.057E-01 1.339E-01 2.421E-01 3.070E+00 6.209E+05 10.4083 1.00000
  1.995E+06 1.997E+06 2.846E+00 2.932E-03 1.215E-01 1.513E-01 2.757E-01 3.122E+00 6.910E+05 10.6382 1.00000
  2.239E+06 2.240E+06 2.864E+00 3.408E-03 1.396E-01 1.711E-01 3.141E-01 3.178E+00 7.682E+05 10.8683 1.00000
  2.512E+06 2.514E+06 2.882E+00 3.956E-03 1.601E-01 1.935E-01 3.576E-01 3.240E+00 8.534E+05 11.0983 1.00000
  2.818E+06 2.820E+06 2.900E+00 4.588E-03 1.835E-01 2.190E-01 4.072E-01 3.307E+00 9.470E+05 11.3284 1.00000
  3.162E+06 3.164E+06 2.917E+00 5.314E-03 2.102E-01 2.480E-01 4.635E-01 3.381E+00 1.050E+06 11.5585 1.00000
  3.548E+06 3.550E+06 2.935E+00 6.149E-03 2.404E-01 2.809E-01 5.275E-01 3.462E+00 1.163E+06 11.7886 1.00000
  3.981E+06 3.983E+06 2.952E+00 7.108E-03 2.748E-01 3.184E-01 6.002E-01 3.552E+00 1.286E+06 12.0187 1.00000
  4.467E+06 4.469E+06 2.969E+00 8.209E-03 3.137E-01 3.610E-01 6.829E-01 3.652E+00 1.421E+06 12.2489 1.00000
  5.012E+06 5.014E+06 2.986E+00 9.478E-03 3.579E-01 4.095E-01 7.768E-01 3.763E+00 1.568E+06 12.4790 1.00000
  5.623E+06 5.625E+06 3.003E+00 1.093E-02 4.080E-01 4.647E-01 8.836E-01 3.887E+00 1.728E+06 12.7092 1.00000
  6.310E+06 6.311E+06 3.020E+00 1.260E-02 4.647E-01 5.276E-01 1.005E+00 4.025E+00 1.901E+06 12.9394 1.00000
  7.079E+06 7.081E+06 3.036E+00 1.452E-02 5.288E-01 5.992E-01 1.142E+00 4.179E+00 2.089E+06 13.1696 1.00000
  7.943E+06 7.945E+06 3.052E+00 1.671E-02 6.014E-01 6.808E-01 1.299E+00 4.351E+00 2.292E+06 13.3998 1.00000
  8.913E+06 8.914E+06 3.069E+00 1.922E-02 6.834E-01 7.737E-01 1.476E+00 4.545E+00 2.510E+06 13.6300 1.00000
  1.000E+07 1.000E+07 3.085E+00 2.209E-02 7.760E-01 8.797E-01 1.678E+00 4.762E+00 2.743E+06 13.8602 1.00000
  1.122E+07 1.122E+07 3.100E+00 2.537E-02 8.807E-01 1.000E+00 1.906E+00 5.007E+00 2.993E+06 14.0904 1.00000
  1.259E+07 1.259E+07 3.116E+00 2.912E-02 9.988E-01 1.138E+00 2.166E+00 5.282E+00 3.259E+06 14.3207 1.00000
  1.413E+07 1.413E+07 3.132E+00 3.340E-02 1.132E+00 1.295E+00 2.461E+00 5.592E+00 3.542E+06 14.5509 1.00000
  1.585E+07 1.585E+07 3.147E+00 3.829E-02 1.282E+00 1.474E+00 2.795E+00 5.942E+00 3.841E+06 14.7811 1.00000
  1.778E+07 1.778E+07 3.162E+00 4.387E-02 1.452E+00 1.678E+00 3.174E+00 6.337E+00 4.156E+06 15.0113 1.00000
  1.995E+07 1.995E+07 3.178E+00 5.023E-02 1.643E+00 1.912E+00 3.605E+00 6.782E+00 4.487E+06 15.2416 1.00000
  2.239E+07 2.239E+07 3.193E+00 5.749E-02 1.858E+00 2.178E+00 4.093E+00 7.286E+00 4.833E+06 15.4718 1.00000
  2.512E+07 2.512E+07 3.208E+00 6.577E-02 2.100E+00 2.481E+00 4.647E+00 7.855E+00 5.194E+06 15.7021 1.00000
  2.818E+07 2.819E+07 3.223E+00 7.520E-02 2.373E+00 2.827E+00 5.276E+00 8.499E+00 5.569E+06 15.9323 1.00000
  3.162E+07 3.162E+07 3.238E+00 8.595E-02 2.680E+00 3.223E+00 5.989E+00 9.227E+00 5.958E+06 16.1626 1.00000
  3.548E+07 3.548E+07 3.253E+00 9.818E-02 3.026E+00 3.674E+00 6.798E+00 1.005E+01 6.358E+06 16.3928 1.00000
  3.981E+07 3.981E+07 3.268E+00 1.121E-01 3.415E+00 4.189E+00 7.716E+00 1.098E+01 6.770E+06 16.6230 1.00000
  4.467E+07 4.467E+07 3.282E+00 1.279E-01 3.852E+00 4.778E+00 8.757E+00 1.204E+01 7.192E+06 16.8533 1.00000
  5.012E+07 5.012E+07 3.297E+00 1.459E-01 4.344E+00 5.449E+00 9.939E+00 1.324E+01 7.624E+06 17.0835 1.00000
  5.623E+07 5.624E+07 3.312E+00 1.664E-01 4.897E+00 6.217E+00 1.128E+01 1.459E+01 8.064E+06 17.3138 1.00000
  6.310E+07 6.310E+07 3.327E+00 1.896E-01 5.518E+00 7.093E+00 1.280E+01 1.613E+01 8.511E+06 17.5440 1.00000
  7.079E+07 7.080E+07 3.342E+00 2.160E-01 6.217E+00 8.093E+00 1.453E+01 1.787E+01 8.964E+06 17.7743 1.00000
  7.943E+07 7.943E+07 3.357E+00 2.459E-01 7.002E+00 9.237E+00 1.648E+01 1.984E+01 9.423E+06 18.0045 1.00000
  8.913E+07 8.913E+07 3.372E+00 2.799E-01 7.884E+00 1.054E+01 1.871E+01 2.208E+01 9.886E+06 18.2348 1.00000
  1.000E+08 1.000E+08 3.386E+00 3.184E-01 8.875E+00 1.203E+01 2.123E+01 2.461E+01 1.035E+07 18.4651 1.00000
  1.122E+08 1.122E+08 3.401E+00 3.621E-01 9.988E+00 1.374E+01 2.409E+01 2.749E+01 1.082E+07 18.6953 1.00000
  1.259E+08 1.259E+08 3.416E+00 4.116E-01 1.124E+01 1.569E+01 2.734E+01 3.075E+01 1.129E+07 18.9256 1.00000
  1.413E+08 1.413E+08 3.431E+00 4.677E-01 1.264E+01 1.791E+01 3.102E+01 3.445E+01 1.176E+07 19.1558 1.00000
  1.585E+08 1.585E+08 3.446E+00 5.312E-01 1.422E+01 2.046E+01 3.521E+01 3.865E+01 1.224E+07 19.3861 1.00000
  1.778E+08 1.778E+08 3.462E+00 6.031E-01 1.599E+01 2.336E+01 3.996E+01 4.342E+01 1.271E+07 19.6163 1.00000
  1.995E+08 1.995E+08 3.477E+00 6.845E-01 1.798E+01 2.669E+01 4.535E+01 4.883E+01 1.318E+07 19.8466 1.00000
  2.239E+08 2.239E+08 3.492E+00 7.765E-01 2.021E+01 3.048E+01 5.147E+01 5.496E+01 1.365E+07 20.0768 1.00000
  2.512E+08 2.512E+08 3.507E+00 8.806E-01 2.272E+01 3.482E+01 5.842E+01 6.193E+01 1.412E+07 20.3071 1.00000
  2.818E+08 2.818E+08 3.523E+00 9.982E-01 2.553E+01 3.979E+01 6.631E+01 6.984E+01 1.458E+07 20.5374 1.00000
  3.162E+08 3.162E+08 3.538E+00 1.131E+00 2.869E+01 4.546E+01 7.528E+01 7.882E+01 1.505E+07 20.7676 1.00000
  3.548E+08 3.548E+08 3.554E+00 1.281E+00 3.223E+01 5.194E+01 8.546E+01 8.901E+01 1.551E+07 20.9979 1.00000
  3.981E+08 3.981E+08 3.569E+00 1.451E+00 3.621E+01 5.936E+01 9.702E+01 1.006E+02 1.596E+07 21.2281 1.00000
  4.467E+08 4.467E+08 3.585E+00 1.643E+00 4.068E+01 6.784E+01 1.102E+02 1.137E+02 1.642E+07 21.4584 1.00000
  5.012E+08 5.012E+08 3.600E+00 1.859E+00 4.569E+01 7.754E+01 1.251E+02 1.287E+02 1.687E+07 21.6886 1.00000
  5.623E+08 5.623E+08 3.616E+00 2.103E+00 5.132E+01 8.862E+01 1.420E+02 1.457E+02 1.731E+07 21.9189 1.00000
  6.310E+08 6.310E+08 3.632E+00 2.378E+00 5.763E+01 1.013E+02 1.613E+02 1.649E+02 1.776E+07 22.1492 1.00000
  7.079E+08 7.079E+08 3.648E+00 2.688E+00 6.472E+01 1.158E+02 1.832E+02 1.869E+02 1.819E+07 22.3794 1.00000
  7.943E+08 7.943E+08 3.664E+00 3.038E+00 7.267E+01 1.324E+02 2.081E+02 2.118E+02 1.863E+07 22.6097 1.00000
  8.913E+08 8.913E+08 3.680E+00 3.432E+00 8.159E+01 1.514E+02 2.364E+02 2.401E+02 1.906E+07 22.8399 1.00000
  1.000E+09 1.000E+09 3.696E+00 3.876E+00 9.161E+01 1.731E+02 2.686E+02 2.723E+02 1.948E+07 23.0702 1.00000
  1.122E+09 1.122E+09 3.713E+00 4.377E+00 1.028E+02 1.979E+02 3.051E+02 3.088E+02 1.990E+07 23.3005 1.00000
  1.259E+09 1.259E+09 3.729E+00 4.941E+00 1.155E+02 2.263E+02 3.467E+02 3.504E+02 2.032E+07 23.5307 1.00000
  1.413E+09 1.413E+09 3.745E+00 5.576E+00 1.296E+02 2.588E+02 3.940E+02 3.977E+02 2.073E+07 23.7610 1.00000
  1.585E+09 1.585E+09 3.762E+00 6.290E+00 1.455E+02 2.960E+02 4.478E+02 4.515E+02 2.114E+07 23.9912 1.00000
  1.778E+09 1.778E+09 3.779E+00 7.095E+00 1.633E+02 3.385E+02 5.089E+02 5.127E+02 2.154E+07 24.2215 1.00000
  1.995E+09 1.995E+09 3.795E+00 8.000E+00 1.833E+02 3.872E+02 5.785E+02 5.823E+02 2.194E+07 24.4517 1.00000
  2.239E+09 2.239E+09 3.812E+00 9.019E+00 2.057E+02 4.429E+02 6.577E+02 6.615E+02 2.233E+07 24.6820 1.00000
  2.512E+09 2.512E+09 3.829E+00 1.016E+01 2.309E+02 5.067E+02 7.478E+02 7.516E+02 2.272E+07 24.9123 1.00000
  2.818E+09 2.818E+09 3.846E+00 1.145E+01 2.592E+02 5.797E+02 8.503E+02 8.541E+02 2.310E+07 25.1425 1.00000
  3.162E+09 3.162E+09 3.863E+00 1.290E+01 2.909E+02 6.632E+02 9.670E+02 9.708E+02 2.348E+07 25.3728 1.00000
  3.548E+09 3.548E+09 3.880E+00 1.453E+01 3.264E+02 7.588E+02 1.100E+03 1.104E+03 2.385E+07 25.6030 1.00000
  3.981E+09 3.981E+09 3.898E+00 1.636E+01 3.664E+02 8.682E+02 1.251E+03 1.255E+03 2.422E+07 25.8333 1.00000
  4.467E+09 4.467E+09 3.915E+00 1.842E+01 4.111E+02 9.935E+02 1.423E+03 1.427E+03 2.458E+07 26.0636 1.00000
  5.012E+09 5.012E+09 3.933E+00 2.074E+01 4.614E+02 1.137E+03 1.619E+03 1.623E+03 2.494E+07 26.2938 1.00000
  5.623E+09 5.623E+09 3.950E+00 2.334E+01 5.178E+02 1.301E+03 1.842E+03 1.846E+03 2.529E+07 26.5241 1.00000
  6.310E+09 6.310E+09 3.968E+00 2.626E+01 5.810E+02 1.489E+03 2.096E+03 2.100E+03 2.564E+07 26.7543 1.00000
  7.079E+09 7.079E+09 3.986E+00 2.955E+01 6.520E+02 1.704E+03 2.386E+03 2.390E+03 2.598E+07 26.9846 1.00000
  7.943E+09 7.943E+09 4.003E+00 3.324E+01 7.317E+02 1.951E+03 2.716E+03 2.720E+03 2.632E+07 27.2148 1.00000
  8.913E+09 8.913E+09 4.021E+00 3.738E+01 8.211E+02 2.233E+03 3.091E+03 3.095E+03 2.665E+07 27.4451 1.00000
  1.000E+10 1.000E+10 4.039E+00 4.204E+01 9.213E+02 2.556E+03 3.519E+03 3.523E+03 2.698E+07 27.6754 1.00000
  1.122E+10 1.122E+10 4.058E+00 4.727E+01 1.034E+03 2.926E+03 4.007E+03 4.011E+03 2.731E+07 27.9056 1.00000
  1.259E+10 1.259E+10 4.076E+00 5.314E+01 1.160E+03 3.350E+03 4.563E+03 4.567E+03 2.763E+07 28.1358 1.00000
  1.413E+10 1.413E+10 4.094E+00 5.974E+01 1.302E+03 3.835E+03 5.197E+03 5.201E+03 2.794E+07 28.3661 1.00000
  1.585E+10 1.585E+10 4.113E+00 6.714E+01 1.461E+03 4.392E+03 5.919E+03 5.924E+03 2.825E+07 28.5963 1.00000
  1.778E+10 1.778E+10 4.131E+00 7.545E+01 1.639E+03 5.029E+03 6.743E+03 6.747E+03 2.856E+07 28.8265 1.00000
  1.995E+10 1.995E+10 4.150E+00 8.479E+01 1.839E+03 5.758E+03 7.682E+03 7.686E+03 2.886E+07 29.0568 1.00000
  2.239E+10 2.239E+10 4.169E+00 9.527E+01 2.064E+03 6.594E+03 8.753E+03 8.757E+03 2.916E+07 29.2867 1.00000
  2.512E+10 2.512E+10 4.188E+00 1.070E+02 2.316E+03 7.552E+03 9.975E+03 9.979E+03 2.945E+07 29.5169 1.00000
  2.818E+10 2.818E+10 4.207E+00 1.202E+02 2.598E+03 8.649E+03 1.137E+04 1.137E+04 2.974E+07 29.7472 1.00000
  3.162E+10 3.162E+10 4.226E+00 1.351E+02 2.915E+03 9.907E+03 1.296E+04 1.296E+04 3.002E+07 29.9759 1.00000
  3.548E+10 3.548E+10 4.245E+00 1.517E+02 3.271E+03 1.135E+04 1.477E+04 1.477E+04 3.030E+07 30.2062 1.00000
  3.981E+10 3.981E+10 4.265E+00 1.704E+02 3.670E+03 1.300E+04 1.684E+04 1.684E+04 3.057E+07 30.4364 1.00000
  4.467E+10 4.467E+10 4.284E+00 1.914E+02 4.118E+03 1.489E+04 1.920E+04 1.920E+04 3.084E+07 30.6667 1.00000
  5.012E+10 5.012E+10 4.304E+00 2.149E+02 4.621E+03 1.706E+04 2.189E+04 2.190E+04 3.111E+07 30.8905 1.00000
  5.623E+10 5.623E+10 4.324E+00 2.413E+02 5.185E+03 1.954E+04 2.497E+04 2.497E+04 3.137E+07 31.1207 1.00000
  6.310E+10 6.310E+10 4.344E+00 2.709E+02 5.818E+03 2.239E+04 2.848E+04 2.848E+04 3.163E+07 31.3510 1.00000
  7.079E+10 7.079E+10 4.366E+00 3.042E+02 6.528E+03 2.566E+04 3.249E+04 3.249E+04 3.188E+07 31.5521 1.00000
  7.943E+10 7.943E+10 4.386E+00 3.415E+02 7.325E+03 2.940E+04 3.706E+04 3.707E+04 3.213E+07 31.7823 1.00000
  8.913E+10 8.913E+10 4.406E+00 3.834E+02 8.218E+03 3.369E+04 4.229E+04 4.229E+04 3.237E+07 32.0126 1.00000
  1.000E+11 1.000E+11 4.426E+00 4.305E+02 9.221E+03 3.861E+04 4.826E+04 4.826E+04 3.261E+07 32.2429 1.00000
  1.122E+11 1.122E+11 4.447E+00 4.832E+02 1.035E+04 4.425E+04 5.508E+04 5.508E+04 3.285E+07 32.4731 1.00000
  1.259E+11 1.259E+11 4.480E+00 5.424E+02 1.161E+04 5.071E+04 6.286E+04 6.287E+04 3.308E+07 32.5479 1.00000
  1.413E+11 1.413E+11 4.501E+00 6.089E+02 1.303E+04 5.812E+04 7.176E+04 7.176E+04 3.331E+07 32.7782 1.00000
  1.585E+11 1.585E+11 4.521E+00 6.834E+02 1.462E+04 6.662E+04 8.192E+04 8.193E+04 3.353E+07 33.0084 1.00000
  1.778E+11 1.778E+11 4.542E+00 7.671E+02 1.640E+04 7.637E+04 9.354E+04 9.354E+04 3.376E+07 33.2387 1.00000
  1.995E+11 1.995E+11 4.563E+00 8.609E+02 1.840E+04 8.755E+04 1.068E+05 1.068E+05 3.397E+07 33.4689 1.00000
  2.239E+11 2.239E+11 4.584E+00 9.663E+02 2.065E+04 1.004E+05 1.220E+05 1.220E+05 3.419E+07 33.6992 1.00000
  2.512E+11 2.512E+11 4.605E+00 1.084E+03 2.316E+04 1.151E+05 1.393E+05 1.393E+05 3.440E+07 33.9295 1.00000
  2.818E+11 2.818E+11 4.626E+00 1.217E+03 2.599E+04 1.319E+05 1.591E+05 1.591E+05 3.460E+07 34.1597 1.00000
  3.162E+11 3.162E+11 4.648E+00 1.366E+03 2.916E+04 1.513E+05 1.818E+05 1.818E+05 3.480E+07 34.3900 1.00000
  3.548E+11 3.548E+11 4.669E+00 1.533E+03 3.272E+04 1.735E+05 2.077E+05 2.077E+05 3.500E+07 34.6202 1.00000
  3.981E+11 3.981E+11 4.691E+00 1.720E+03 3.671E+04 1.989E+05 2.373E+05 2.373E+05 3.520E+07 34.8505 1.00000
  4.467E+11 4.467E+11 4.713E+00 1.931E+03 4.119E+04 2.281E+05 2.712E+05 2.712E+05 3.539E+07 35.0807 1.00000
  5.012E+11 5.012E+11 4.735E+00 2.166E+03 4.622E+04 2.616E+05 3.100E+05 3.100E+05 3.558E+07 35.3110 1.00000
  5.623E+11 5.623E+11 4.757E+00 2.431E+03 5.186E+04 3.000E+05 3.543E+05 3.543E+05 3.576E+07 35.5413 1.00000
  6.310E+11 6.310E+11 4.779E+00 2.728E+03 5.819E+04 3.441E+05 4.050E+05 4.050E+05 3.594E+07 35.7715 1.00000
  7.079E+11 7.079E+11 4.801E+00 3.061E+03 6.529E+04 3.947E+05 4.631E+05 4.631E+05 3.612E+07 36.0018 1.00000
  7.943E+11 7.943E+11 4.823E+00 3.435E+03 7.325E+04 4.528E+05 5.295E+05 5.295E+05 3.629E+07 36.2320 1.00000
  8.913E+11 8.913E+11 4.846E+00 3.855E+03 8.219E+04 5.194E+05 6.055E+05 6.055E+05 3.646E+07 36.4623 1.00000
  1.000E+12 1.000E+12 4.869E+00 4.326E+03 9.222E+04 5.959E+05 6.924E+05 6.924E+05 3.663E+07 36.6926 1.00000
  1.122E+12 1.122E+12 4.891E+00 4.854E+03 1.035E+05 6.836E+05 7.920E+05 7.920E+05 3.680E+07 36.9228 1.00000
  1.259E+12 1.259E+12 4.914E+00 5.446E+03 1.161E+05 7.843E+05 9.059E+05 9.059E+05 3.696E+07 37.1531 1.00000
  1.413E+12 1.413E+12 4.937E+00 6.111E+03 1.303E+05 8.999E+05 1.036E+06 1.036E+06 3.712E+07 37.3833 1.00000
  1.585E+12 1.585E+12 4.960E+00 6.857E+03 1.462E+05 1.033E+06 1.186E+06 1.186E+06 3.727E+07 37.6136 1.00000
  1.778E+12 1.778E+12 4.984E+00 7.695E+03 1.640E+05 1.185E+06 1.357E+06 1.357E+06 3.742E+07 37.8438 1.00000
  1.995E+12 1.995E+12 5.007E+00 8.634E+03 1.840E+05 1.360E+06 1.552E+06 1.552E+06 3.757E+07 38.0741 1.00000
  2.239E+12 2.239E+12 5.031E+00 9.688E+03 2.065E+05 1.561E+06 1.777E+06 1.777E+06 3.772E+07 38.3044 1.00000
  2.512E+12 2.512E+12 5.054E+00 1.087E+04 2.316E+05 1.791E+06 2.034E+06 2.034E+06 3.786E+07 38.5346 1.00000
  2.818E+12 2.818E+12 5.078E+00 1.220E+04 2.599E+05 2.056E+06 2.328E+06 2.328E+06 3.800E+07 38.7649 1.00000
  3.162E+12 3.162E+12 5.102E+00 1.369E+04 2.916E+05 2.359E+06 2.665E+06 2.665E+06 3.814E+07 38.9951 1.00000
  3.548E+12 3.548E+12 5.126E+00 1.536E+04 3.272E+05 2.708E+06 3.051E+06 3.051E+06 3.828E+07 39.2254 1.00000
  3.981E+12 3.981E+12 5.150E+00 1.723E+04 3.671E+05 3.109E+06 3.493E+06 3.493E+06 3.841E+07 39.4557 1.00000
  4.467E+12 4.467E+12 5.174E+00 1.933E+04 4.119E+05 3.569E+06 4.000E+06 4.000E+06 3.854E+07 39.6859 1.00000
  5.012E+12 5.012E+12 5.199E+00 2.169E+04 4.622E+05 4.097E+06 4.581E+06 4.581E+06 3.867E+07 39.9162 1.00000
  5.623E+12 5.623E+12 5.224E+00 2.434E+04 5.186E+05 4.704E+06 5.247E+06 5.247E+06 3.879E+07 40.1464 1.00000
  6.310E+12 6.310E+12 5.248E+00 2.731E+04 5.819E+05 5.401E+06 6.010E+06 6.010E+06 3.891E+07 40.3767 1.00000
  7.079E+12 7.079E+12 5.273E+00 3.064E+04 6.529E+05 6.201E+06 6.885E+06 6.885E+06 3.903E+07 40.6070 1.00000
  7.943E+12 7.943E+12 5.298E+00 3.438E+04 7.325E+05 7.121E+06 7.888E+06 7.888E+06 3.915E+07 40.8372 1.00000
  8.913E+12 8.913E+12 5.323E+00 3.858E+04 8.219E+05 8.177E+06 9.038E+06 9.038E+06 3.927E+07 41.0675 1.00000
  1.000E+13 1.000E+13 5.348E+00 4.329E+04 9.222E+05 9.390E+06 1.036E+07 1.036E+07 3.938E+07 41.2977 1.00000
  1.122E+13 1.122E+13 5.374E+00 4.857E+04 1.035E+06 1.078E+07 1.187E+07 1.187E+07 3.949E+07 41.5280 1.00000
  1.259E+13 1.259E+13 5.399E+00 5.450E+04 1.161E+06 1.239E+07 1.360E+07 1.360E+07 3.960E+07 41.7582 1.00000
  1.413E+13 1.413E+13 5.425E+00 6.115E+04 1.303E+06 1.423E+07 1.559E+07 1.559E+07 3.970E+07 41.9885 1.00000
  1.585E+13 1.585E+13 5.451E+00 6.861E+04 1.462E+06 1.634E+07 1.787E+07 1.787E+07 3.980E+07 42.2188 1.00000
  1.778E+13 1.778E+13 5.477E+00 7.698E+04 1.640E+06 1.877E+07 2.048E+07 2.048E+07 3.991E+07 42.4490 1.00000
  1.995E+13 1.995E+13 5.503E+00 8.637E+04 1.840E+06 2.156E+07 2.349E+07 2.349E+07 4.000E+07 42.6793 1.00000
  2.239E+13 2.239E+13 5.529E+00 9.691E+04 2.064E+06 2.477E+07 2.693E+07 2.693E+07 4.010E+07 42.9095 1.00000
  2.512E+13 2.512E+13 5.555E+00 1.087E+05 2.316E+06 2.845E+07 3.088E+07 3.088E+07 4.020E+07 43.1398 1.00000
  2.818E+13 2.818E+13 5.582E+00 1.220E+05 2.599E+06 3.269E+07 3.541E+07 3.541E+07 4.029E+07 43.3701 1.00000
  3.162E+13 3.162E+13 5.609E+00 1.369E+05 2.916E+06 3.756E+07 4.061E+07 4.061E+07 4.038E+07 43.6003 1.00000
  3.548E+13 3.548E+13 5.635E+00 1.536E+05 3.272E+06 4.315E+07 4.658E+07 4.658E+07 4.047E+07 43.8306 1.00000
  3.981E+13 3.981E+13 5.662E+00 1.723E+05 3.671E+06 4.958E+07 5.343E+07 5.343E+07 4.055E+07 44.0608 1.00000
  4.467E+13 4.467E+13 5.690E+00 1.934E+05 4.119E+06 5.698E+07 6.129E+07 6.129E+07 4.064E+07 44.2911 1.00000
  5.012E+13 5.012E+13 5.717E+00 2.170E+05 4.622E+06 6.547E+07 7.031E+07 7.031E+07 4.072E+07 44.5213 1.00000
  5.623E+13 5.623E+13 5.744E+00 2.434E+05 5.185E+06 7.524E+07 8.067E+07 8.067E+07 4.080E+07 44.7516 1.00000
  6.310E+13 6.310E+13 5.772E+00 2.731E+05 5.818E+06 8.647E+07 9.256E+07 9.256E+07 4.088E+07 44.9819 1.00000
  7.079E+13 7.079E+13 5.799E+00 3.065E+05 6.528E+06 9.938E+07 1.062E+08 1.062E+08 4.096E+07 45.2121 1.00000
  7.943E+13 7.943E+13 5.827E+00 3.439E+05 7.325E+06 1.142E+08 1.219E+08 1.219E+08 4.104E+07 45.4424 1.00000
  8.913E+13 8.913E+13 5.855E+00 3.858E+05 8.218E+06 1.313E+08 1.399E+08 1.399E+08 4.111E+07 45.6726 1.00000
  1.000E+14 1.000E+14 5.883E+00 4.329E+05 9.221E+06 1.509E+08 1.606E+08 1.606E+08 4.118E+07 45.9029 1.00000
  1.122E+14 1.122E+14 5.911E+00 4.857E+05 1.035E+07 1.735E+08 1.843E+08 1.843E+08 4.125E+07 46.1332 1.00000
  1.259E+14 1.259E+14 5.940E+00 5.450E+05 1.161E+07 1.994E+08 2.116E+08 2.116E+08 4.132E+07 46.3634 1.00000
  1.413E+14 1.413E+14 5.968E+00 6.115E+05 1.302E+07 2.293E+08 2.429E+08 2.429E+08 4.139E+07 46.5937 1.00000
  1.585E+14 1.585E+14 5.997E+00 6.861E+05 1.461E+07 2.636E+08 2.789E+08 2.789E+08 4.146E+07 46.8239 1.00000
  1.778E+14 1.778E+14 6.026E+00 7.698E+05 1.640E+07 3.030E+08 3.202E+08 3.202E+08 4.152E+07 47.0542 1.00000
  1.995E+14 1.995E+14 6.055E+00 8.638E+05 1.840E+07 3.484E+08 3.677E+08 3.677E+08 4.159E+07 47.2844 1.00000
  2.239E+14 2.239E+14 6.084E+00 9.692E+05 2.064E+07 4.006E+08 4.223E+08 4.223E+08 4.165E+07 47.5147 1.00000
  2.512E+14 2.512E+14 6.114E+00 1.087E+06 2.316E+07 4.607E+08 4.849E+08 4.849E+08 4.171E+07 47.7450 1.00000
  2.818E+14 2.818E+14 6.143E+00 1.220E+06 2.599E+07 5.298E+08 5.570E+08 5.570E+08 4.177E+07 47.9752 1.00000
  3.162E+14 3.162E+14 6.173E+00 1.369E+06 2.916E+07 6.092E+08 6.397E+08 6.397E+08 4.182E+07 48.2055 1.00000
  3.548E+14 3.548E+14 6.202E+00 1.536E+06 3.272E+07 7.006E+08 7.349E+08 7.349E+08 4.188E+07 48.4357 1.00000
  3.981E+14 3.981E+14 6.232E+00 1.723E+06 3.671E+07 8.058E+08 8.442E+08 8.442E+08 4.194E+07 48.6660 1.00000
  4.467E+14 4.467E+14 6.263E+00 1.934E+06 4.119E+07 9.267E+08 9.698E+08 9.698E+08 4.199E+07 48.8963 1.00000
  5.012E+14 5.012E+14 6.293E+00 2.170E+06 4.621E+07 1.066E+09 1.114E+09 1.114E+09 4.204E+07 49.1265 1.00000
  5.623E+14 5.623E+14 6.323E+00 2.434E+06 5.185E+07 1.226E+09 1.280E+09 1.280E+09 4.209E+07 49.3568 1.00000
  6.310E+14 6.310E+14 6.354E+00 2.731E+06 5.818E+07 1.410E+09 1.471E+09 1.471E+09 4.214E+07 49.5870 1.00000
  7.079E+14 7.079E+14 6.384E+00 3.065E+06 6.527E+07 1.622E+09 1.691E+09 1.691E+09 4.219E+07 49.8173 1.00000
  7.943E+14 7.943E+14 6.415E+00 3.439E+06 7.324E+07 1.866E+09 1.943E+09 1.943E+09 4.224E+07 50.0475 1.00000
  8.913E+14 8.913E+14 6.446E+00 3.858E+06 8.217E+07 2.147E+09 2.233E+09 2.233E+09 4.229E+07 50.2778 1.00000
  1.000E+15 1.000E+15 6.478E+00 4.329E+06 9.220E+07 2.470E+09 2.566E+09 2.566E+09 4.233E+07 50.5081 1.00000
