 Incident particle is a Tau with M = 1776.82000 MeV
 Index = 0: Europium
      Absorber with <Z/A> = 0.41457
 Sternheimer coef:  a     k=m_s   x_0    x_1    I[eV]   Cbar  delta0
                 0.2445  2.6245  0.1888  3.4633  580.0  6.2276 0.14

 *** Table generated with PUMAS v1.00 ***

      T         p     Ionization  brems     pair     photonuc  Radloss    dE/dx   CSDA Range  delta   beta
    [MeV]    [MeV/c]  -----------------------[MeV cm^2/g]------------------------  [g/cm^2]
  1.000E+05 1.018E+05 1.682E+00 8.614E-04 1.504E-02 7.628E-03 2.353E-02 1.705E+00 2.932E+04  2.8604 0.99985
  1.122E+05 1.140E+05 1.701E+00 9.985E-04 1.801E-02 8.567E-03 2.757E-02 1.729E+00 3.643E+04  3.0135 0.99988
  1.259E+05 1.277E+05 1.721E+00 1.157E-03 2.150E-02 9.570E-03 3.223E-02 1.753E+00 4.429E+04  3.1704 0.99990
  1.413E+05 1.430E+05 1.740E+00 1.339E-03 2.560E-02 1.069E-02 3.764E-02 1.777E+00 5.300E+04  3.3310 0.99992
  1.585E+05 1.603E+05 1.759E+00 1.550E-03 3.041E-02 1.194E-02 4.390E-02 1.803E+00 6.262E+04  3.4951 0.99994
  1.778E+05 1.796E+05 1.778E+00 1.792E-03 3.603E-02 1.333E-02 5.115E-02 1.829E+00 7.327E+04  3.6627 0.99995
  1.995E+05 2.013E+05 1.796E+00 2.072E-03 4.258E-02 1.491E-02 5.956E-02 1.856E+00 8.505E+04  3.8337 0.99996
  2.239E+05 2.256E+05 1.815E+00 2.393E-03 5.022E-02 1.662E-02 6.923E-02 1.884E+00 9.807E+04  4.0081 0.99997
  2.512E+05 2.530E+05 1.833E+00 2.763E-03 5.909E-02 1.853E-02 8.038E-02 1.914E+00 1.125E+05  4.1858 0.99998
  2.818E+05 2.836E+05 1.851E+00 3.188E-03 6.938E-02 2.067E-02 9.324E-02 1.945E+00 1.283E+05  4.3666 0.99998
  3.162E+05 3.180E+05 1.869E+00 3.677E-03 8.130E-02 2.308E-02 1.081E-01 1.977E+00 1.459E+05  4.5505 0.99998
  3.548E+05 3.566E+05 1.887E+00 4.238E-03 9.508E-02 2.577E-02 1.251E-01 2.012E+00 1.652E+05  4.7375 0.99999
  3.981E+05 3.999E+05 1.905E+00 4.882E-03 1.110E-01 2.877E-02 1.446E-01 2.049E+00 1.866E+05  4.9274 0.99999
  4.467E+05 4.485E+05 1.922E+00 5.621E-03 1.293E-01 3.211E-02 1.671E-01 2.089E+00 2.100E+05  5.1201 0.99999
  5.012E+05 5.030E+05 1.939E+00 6.468E-03 1.504E-01 3.585E-02 1.928E-01 2.132E+00 2.359E+05  5.3157 0.99999
  5.623E+05 5.641E+05 1.956E+00 7.440E-03 1.747E-01 3.989E-02 2.220E-01 2.178E+00 2.642E+05  5.5139 1.00000
  6.310E+05 6.327E+05 1.973E+00 8.553E-03 2.025E-01 4.443E-02 2.555E-01 2.228E+00 2.954E+05  5.7147 1.00000
  7.079E+05 7.097E+05 1.989E+00 9.828E-03 2.344E-01 4.953E-02 2.938E-01 2.283E+00 3.295E+05  5.9180 1.00000
  7.943E+05 7.961E+05 2.006E+00 1.129E-02 2.710E-01 5.528E-02 3.375E-01 2.343E+00 3.669E+05  6.1237 1.00000
  8.913E+05 8.930E+05 2.022E+00 1.296E-02 3.128E-01 6.176E-02 3.875E-01 2.409E+00 4.077E+05  6.3318 1.00000
  1.000E+06 1.002E+06 2.038E+00 1.487E-02 3.605E-01 6.907E-02 4.444E-01 2.482E+00 4.521E+05  6.5421 1.00000
  1.122E+06 1.124E+06 2.054E+00 1.705E-02 4.150E-01 7.732E-02 5.093E-01 2.563E+00 5.005E+05  6.7546 1.00000
  1.259E+06 1.261E+06 2.069E+00 1.955E-02 4.770E-01 8.666E-02 5.833E-01 2.652E+00 5.530E+05  6.9691 1.00000
  1.413E+06 1.414E+06 2.085E+00 2.240E-02 5.477E-01 9.722E-02 6.674E-01 2.752E+00 6.099E+05  7.1855 1.00000
  1.585E+06 1.587E+06 2.100E+00 2.566E-02 6.281E-01 1.092E-01 7.630E-01 2.863E+00 6.713E+05  7.4038 1.00000
  1.778E+06 1.780E+06 2.115E+00 2.938E-02 7.195E-01 1.227E-01 8.716E-01 2.986E+00 7.375E+05  7.6239 1.00000
  1.995E+06 1.997E+06 2.129E+00 3.362E-02 8.233E-01 1.381E-01 9.950E-01 3.124E+00 8.085E+05  7.8455 1.00000
  2.239E+06 2.240E+06 2.144E+00 3.847E-02 9.410E-01 1.555E-01 1.135E+00 3.279E+00 8.846E+05  8.0687 1.00000
  2.512E+06 2.514E+06 2.158E+00 4.399E-02 1.074E+00 1.753E-01 1.294E+00 3.452E+00 9.659E+05  8.2933 1.00000
  2.818E+06 2.820E+06 2.172E+00 5.029E-02 1.226E+00 1.977E-01 1.474E+00 3.646E+00 1.052E+06  8.5192 1.00000
  3.162E+06 3.164E+06 2.186E+00 5.746E-02 1.397E+00 2.232E-01 1.677E+00 3.863E+00 1.144E+06  8.7462 1.00000
  3.548E+06 3.550E+06 2.200E+00 6.564E-02 1.590E+00 2.522E-01 1.908E+00 4.108E+00 1.241E+06  8.9742 1.00000
  3.981E+06 3.983E+06 2.213E+00 7.495E-02 1.809E+00 2.852E-01 2.169E+00 4.383E+00 1.343E+06  9.2030 1.00000
  4.467E+06 4.469E+06 2.227E+00 8.556E-02 2.057E+00 3.226E-01 2.465E+00 4.691E+00 1.450E+06  9.4326 1.00000
  5.012E+06 5.014E+06 2.240E+00 9.762E-02 2.336E+00 3.653E-01 2.799E+00 5.039E+00 1.562E+06  9.6626 1.00000
  5.623E+06 5.625E+06 2.253E+00 1.114E-01 2.651E+00 4.138E-01 3.176E+00 5.429E+00 1.679E+06  9.8928 1.00000
  6.310E+06 6.311E+06 2.266E+00 1.270E-01 3.007E+00 4.691E-01 3.603E+00 5.868E+00 1.801E+06 10.1230 1.00000
  7.079E+06 7.081E+06 2.278E+00 1.447E-01 3.408E+00 5.320E-01 4.084E+00 6.363E+00 1.927E+06 10.3532 1.00000
  7.943E+06 7.945E+06 2.291E+00 1.649E-01 3.860E+00 6.037E-01 4.628E+00 6.919E+00 2.057E+06 10.5834 1.00000
  8.913E+06 8.914E+06 2.304E+00 1.879E-01 4.369E+00 6.854E-01 5.242E+00 7.546E+00 2.192E+06 10.8136 1.00000
  1.000E+07 1.000E+07 2.316E+00 2.139E-01 4.943E+00 7.784E-01 5.935E+00 8.251E+00 2.330E+06 11.0438 1.00000
  1.122E+07 1.122E+07 2.328E+00 2.435E-01 5.589E+00 8.844E-01 6.716E+00 9.045E+00 2.471E+06 11.2740 1.00000
  1.259E+07 1.259E+07 2.340E+00 2.771E-01 6.316E+00 1.005E+00 7.598E+00 9.938E+00 2.616E+06 11.5042 1.00000
  1.413E+07 1.413E+07 2.353E+00 3.152E-01 7.134E+00 1.143E+00 8.592E+00 1.094E+01 2.763E+06 11.7345 1.00000
  1.585E+07 1.585E+07 2.365E+00 3.584E-01 8.054E+00 1.300E+00 9.713E+00 1.208E+01 2.913E+06 11.9647 1.00000
  1.778E+07 1.778E+07 2.376E+00 4.075E-01 9.090E+00 1.480E+00 1.098E+01 1.335E+01 3.066E+06 12.1949 1.00000
  1.995E+07 1.995E+07 2.388E+00 4.631E-01 1.025E+01 1.684E+00 1.240E+01 1.479E+01 3.220E+06 12.4252 1.00000
  2.239E+07 2.239E+07 2.400E+00 5.261E-01 1.156E+01 1.917E+00 1.401E+01 1.641E+01 3.377E+06 12.6554 1.00000
  2.512E+07 2.512E+07 2.412E+00 5.975E-01 1.303E+01 2.183E+00 1.581E+01 1.823E+01 3.535E+06 12.8856 1.00000
  2.818E+07 2.819E+07 2.423E+00 6.783E-01 1.469E+01 2.487E+00 1.785E+01 2.028E+01 3.695E+06 13.1159 1.00000
  3.162E+07 3.162E+07 2.435E+00 7.698E-01 1.655E+01 2.833E+00 2.015E+01 2.258E+01 3.855E+06 13.3461 1.00000
  3.548E+07 3.548E+07 2.447E+00 8.735E-01 1.863E+01 3.228E+00 2.274E+01 2.518E+01 4.018E+06 13.5764 1.00000
  3.981E+07 3.981E+07 2.458E+00 9.907E-01 2.098E+01 3.679E+00 2.565E+01 2.811E+01 4.181E+06 13.8066 1.00000
  4.467E+07 4.467E+07 2.470E+00 1.123E+00 2.361E+01 4.194E+00 2.893E+01 3.140E+01 4.344E+06 14.0369 1.00000
  5.012E+07 5.012E+07 2.481E+00 1.273E+00 2.657E+01 4.781E+00 3.263E+01 3.511E+01 4.509E+06 14.2671 1.00000
  5.623E+07 5.624E+07 2.493E+00 1.443E+00 2.990E+01 5.452E+00 3.679E+01 3.928E+01 4.674E+06 14.4974 1.00000
  6.310E+07 6.310E+07 2.504E+00 1.634E+00 3.363E+01 6.218E+00 4.148E+01 4.399E+01 4.839E+06 14.7276 1.00000
  7.079E+07 7.080E+07 2.516E+00 1.851E+00 3.782E+01 7.092E+00 4.676E+01 4.928E+01 5.005E+06 14.9579 1.00000
  7.943E+07 7.943E+07 2.527E+00 2.096E+00 4.253E+01 8.091E+00 5.271E+01 5.524E+01 5.170E+06 15.1881 1.00000
  8.913E+07 8.913E+07 2.539E+00 2.372E+00 4.781E+01 9.230E+00 5.941E+01 6.195E+01 5.336E+06 15.4184 1.00000
  1.000E+08 1.000E+08 2.550E+00 2.683E+00 5.374E+01 1.053E+01 6.695E+01 6.951E+01 5.502E+06 15.6486 1.00000
  1.122E+08 1.122E+08 2.562E+00 3.035E+00 6.040E+01 1.202E+01 7.545E+01 7.801E+01 5.668E+06 15.8789 1.00000
  1.259E+08 1.259E+08 2.574E+00 3.432E+00 6.787E+01 1.372E+01 8.502E+01 8.759E+01 5.834E+06 16.1091 1.00000
  1.413E+08 1.413E+08 2.585E+00 3.879E+00 7.626E+01 1.566E+01 9.579E+01 9.838E+01 6.000E+06 16.3394 1.00000
  1.585E+08 1.585E+08 2.597E+00 4.384E+00 8.568E+01 1.787E+01 1.079E+02 1.105E+02 6.166E+06 16.5697 1.00000
  1.778E+08 1.778E+08 2.609E+00 4.953E+00 9.625E+01 2.040E+01 1.216E+02 1.242E+02 6.331E+06 16.7999 1.00000
  1.995E+08 1.995E+08 2.620E+00 5.594E+00 1.081E+02 2.329E+01 1.370E+02 1.396E+02 6.496E+06 17.0302 1.00000
  2.239E+08 2.239E+08 2.632E+00 6.316E+00 1.214E+02 2.659E+01 1.543E+02 1.570E+02 6.661E+06 17.2604 1.00000
  2.512E+08 2.512E+08 2.644E+00 7.130E+00 1.364E+02 3.036E+01 1.739E+02 1.765E+02 6.825E+06 17.4907 1.00000
  2.818E+08 2.818E+08 2.656E+00 8.046E+00 1.531E+02 3.467E+01 1.958E+02 1.985E+02 6.989E+06 17.7209 1.00000
  3.162E+08 3.162E+08 2.668E+00 9.078E+00 1.719E+02 3.960E+01 2.206E+02 2.233E+02 7.153E+06 17.9512 1.00000
  3.548E+08 3.548E+08 2.680E+00 1.024E+01 1.931E+02 4.523E+01 2.485E+02 2.512E+02 7.316E+06 18.1815 1.00000
  3.981E+08 3.981E+08 2.692E+00 1.155E+01 2.168E+02 5.166E+01 2.800E+02 2.827E+02 7.479E+06 18.4117 1.00000
  4.467E+08 4.467E+08 2.704E+00 1.302E+01 2.434E+02 5.900E+01 3.154E+02 3.181E+02 7.641E+06 18.6420 1.00000
  5.012E+08 5.012E+08 2.716E+00 1.467E+01 2.732E+02 6.740E+01 3.553E+02 3.580E+02 7.803E+06 18.8722 1.00000
  5.623E+08 5.623E+08 2.729E+00 1.653E+01 3.067E+02 7.700E+01 4.002E+02 4.029E+02 7.964E+06 19.1025 1.00000
  6.310E+08 6.310E+08 2.741E+00 1.863E+01 3.443E+02 8.797E+01 4.509E+02 4.536E+02 8.125E+06 19.3327 1.00000
  7.079E+08 7.079E+08 2.753E+00 2.098E+01 3.864E+02 1.005E+02 5.079E+02 5.107E+02 8.285E+06 19.5630 1.00000
  7.943E+08 7.943E+08 2.766E+00 2.363E+01 4.337E+02 1.148E+02 5.722E+02 5.750E+02 8.445E+06 19.7933 1.00000
  8.913E+08 8.913E+08 2.778E+00 2.660E+01 4.868E+02 1.312E+02 6.447E+02 6.474E+02 8.604E+06 20.0235 1.00000
  1.000E+09 1.000E+09 2.791E+00 2.995E+01 5.464E+02 1.500E+02 7.263E+02 7.291E+02 8.763E+06 20.2538 1.00000
  1.122E+09 1.122E+09 2.804E+00 3.370E+01 6.132E+02 1.714E+02 8.183E+02 8.211E+02 8.920E+06 20.4840 1.00000
  1.259E+09 1.259E+09 2.816E+00 3.793E+01 6.882E+02 1.959E+02 9.220E+02 9.248E+02 9.078E+06 20.7143 1.00000
  1.413E+09 1.413E+09 2.829E+00 4.267E+01 7.724E+02 2.239E+02 1.039E+03 1.042E+03 9.235E+06 20.9445 1.00000
  1.585E+09 1.585E+09 2.842E+00 4.800E+01 8.668E+02 2.559E+02 1.171E+03 1.174E+03 9.391E+06 21.1748 1.00000
  1.778E+09 1.778E+09 2.855E+00 5.399E+01 9.728E+02 2.925E+02 1.319E+03 1.322E+03 9.546E+06 21.4051 1.00000
  1.995E+09 1.995E+09 2.868E+00 6.072E+01 1.092E+03 3.343E+02 1.487E+03 1.490E+03 9.701E+06 21.6353 1.00000
  2.239E+09 2.239E+09 2.881E+00 6.827E+01 1.225E+03 3.822E+02 1.676E+03 1.678E+03 9.855E+06 21.8656 1.00000
  2.512E+09 2.512E+09 2.894E+00 7.676E+01 1.375E+03 4.370E+02 1.888E+03 1.891E+03 1.001E+07 22.0958 1.00000
  2.818E+09 2.818E+09 2.907E+00 8.628E+01 1.543E+03 4.996E+02 2.129E+03 2.131E+03 1.016E+07 22.3261 1.00000
  3.162E+09 3.162E+09 2.920E+00 9.698E+01 1.731E+03 5.712E+02 2.399E+03 2.402E+03 1.031E+07 22.5564 1.00000
  3.548E+09 3.548E+09 2.934E+00 1.090E+02 1.943E+03 6.532E+02 2.705E+03 2.708E+03 1.047E+07 22.7866 1.00000
  3.981E+09 3.981E+09 2.947E+00 1.225E+02 2.180E+03 7.469E+02 3.049E+03 3.052E+03 1.062E+07 23.0169 1.00000
  4.467E+09 4.467E+09 2.961E+00 1.376E+02 2.446E+03 8.541E+02 3.438E+03 3.441E+03 1.077E+07 23.2471 1.00000
  5.012E+09 5.012E+09 2.974E+00 1.546E+02 2.745E+03 9.768E+02 3.876E+03 3.879E+03 1.092E+07 23.4774 1.00000
  5.623E+09 5.623E+09 2.988E+00 1.737E+02 3.080E+03 1.117E+03 4.370E+03 4.373E+03 1.107E+07 23.7076 1.00000
  6.310E+09 6.310E+09 3.002E+00 1.951E+02 3.456E+03 1.278E+03 4.928E+03 4.931E+03 1.121E+07 23.9379 1.00000
  7.079E+09 7.079E+09 3.015E+00 2.192E+02 3.877E+03 1.461E+03 5.558E+03 5.561E+03 1.136E+07 24.1682 1.00000
  7.943E+09 7.943E+09 3.029E+00 2.461E+02 4.351E+03 1.672E+03 6.269E+03 6.272E+03 1.151E+07 24.3984 1.00000
  8.913E+09 8.913E+09 3.043E+00 2.764E+02 4.882E+03 1.912E+03 7.070E+03 7.074E+03 1.165E+07 24.6287 1.00000
  1.000E+10 1.000E+10 3.057E+00 3.104E+02 5.478E+03 2.188E+03 7.976E+03 7.979E+03 1.180E+07 24.8589 1.00000
  1.122E+10 1.122E+10 3.071E+00 3.486E+02 6.146E+03 2.503E+03 8.997E+03 9.001E+03 1.194E+07 25.0892 1.00000
  1.259E+10 1.259E+10 3.086E+00 3.914E+02 6.896E+03 2.863E+03 1.015E+04 1.015E+04 1.209E+07 25.3195 1.00000
  1.413E+10 1.413E+10 3.100E+00 4.394E+02 7.738E+03 3.276E+03 1.145E+04 1.146E+04 1.223E+07 25.5497 1.00000
  1.585E+10 1.585E+10 3.114E+00 4.934E+02 8.682E+03 3.749E+03 1.292E+04 1.293E+04 1.237E+07 25.7800 1.00000
  1.778E+10 1.778E+10 3.129E+00 5.539E+02 9.741E+03 4.290E+03 1.459E+04 1.459E+04 1.251E+07 26.0102 1.00000
  1.995E+10 1.995E+10 3.143E+00 6.218E+02 1.093E+04 4.909E+03 1.646E+04 1.646E+04 1.265E+07 26.2405 1.00000
  2.239E+10 2.239E+10 3.158E+00 6.980E+02 1.226E+04 5.618E+03 1.858E+04 1.858E+04 1.279E+07 26.4708 1.00000
  2.512E+10 2.512E+10 3.172E+00 7.835E+02 1.376E+04 6.429E+03 2.097E+04 2.098E+04 1.293E+07 26.7010 1.00000
  2.818E+10 2.818E+10 3.187E+00 8.795E+02 1.544E+04 7.359E+03 2.368E+04 2.368E+04 1.307E+07 26.9313 1.00000
  3.162E+10 3.162E+10 3.202E+00 9.872E+02 1.732E+04 8.423E+03 2.673E+04 2.674E+04 1.320E+07 27.1615 1.00000
  3.548E+10 3.548E+10 3.217E+00 1.108E+03 1.944E+04 9.641E+03 3.019E+04 3.019E+04 1.334E+07 27.3918 1.00000
  3.981E+10 3.981E+10 3.232E+00 1.244E+03 2.181E+04 1.104E+04 3.409E+04 3.409E+04 1.348E+07 27.6220 1.00000
  4.467E+10 4.467E+10 3.247E+00 1.396E+03 2.447E+04 1.263E+04 3.850E+04 3.850E+04 1.361E+07 27.8523 1.00000
  5.012E+10 5.012E+10 3.262E+00 1.566E+03 2.745E+04 1.446E+04 4.348E+04 4.349E+04 1.374E+07 28.0826 1.00000
  5.623E+10 5.623E+10 3.278E+00 1.758E+03 3.080E+04 1.656E+04 4.912E+04 4.912E+04 1.388E+07 28.3128 1.00000
  6.310E+10 6.310E+10 3.293E+00 1.973E+03 3.456E+04 1.896E+04 5.549E+04 5.550E+04 1.401E+07 28.5431 1.00000
  7.079E+10 7.079E+10 3.308E+00 2.214E+03 3.878E+04 2.171E+04 6.270E+04 6.270E+04 1.414E+07 28.7733 1.00000
  7.943E+10 7.943E+10 3.324E+00 2.485E+03 4.351E+04 2.486E+04 7.085E+04 7.085E+04 1.427E+07 29.0036 1.00000
  8.913E+10 8.913E+10 3.339E+00 2.789E+03 4.882E+04 2.846E+04 8.007E+04 8.007E+04 1.440E+07 29.2339 1.00000
  1.000E+11 1.000E+11 3.355E+00 3.129E+03 5.477E+04 3.260E+04 9.050E+04 9.050E+04 1.452E+07 29.4641 1.00000
  1.122E+11 1.122E+11 3.371E+00 3.512E+03 6.145E+04 3.733E+04 1.023E+05 1.023E+05 1.465E+07 29.6944 1.00000
  1.259E+11 1.259E+11 3.387E+00 3.941E+03 6.895E+04 4.276E+04 1.156E+05 1.157E+05 1.478E+07 29.9246 1.00000
  1.413E+11 1.413E+11 3.403E+00 4.422E+03 7.736E+04 4.897E+04 1.308E+05 1.308E+05 1.490E+07 30.1549 1.00000
  1.585E+11 1.585E+11 3.419E+00 4.962E+03 8.680E+04 5.609E+04 1.479E+05 1.479E+05 1.503E+07 30.3851 1.00000
  1.778E+11 1.778E+11 3.435E+00 5.568E+03 9.739E+04 6.425E+04 1.672E+05 1.672E+05 1.515E+07 30.6154 1.00000
  1.995E+11 1.995E+11 3.451E+00 6.248E+03 1.093E+05 7.361E+04 1.891E+05 1.891E+05 1.527E+07 30.8457 1.00000
  2.239E+11 2.239E+11 3.468E+00 7.011E+03 1.226E+05 8.432E+04 2.139E+05 2.139E+05 1.539E+07 31.0759 1.00000
  2.512E+11 2.512E+11 3.484E+00 7.867E+03 1.376E+05 9.661E+04 2.420E+05 2.420E+05 1.551E+07 31.3062 1.00000
  2.818E+11 2.818E+11 3.501E+00 8.827E+03 1.543E+05 1.107E+05 2.738E+05 2.738E+05 1.563E+07 31.5364 1.00000
  3.162E+11 3.162E+11 3.517E+00 9.905E+03 1.732E+05 1.268E+05 3.099E+05 3.099E+05 1.575E+07 31.7667 1.00000
  3.548E+11 3.548E+11 3.534E+00 1.111E+04 1.943E+05 1.453E+05 3.507E+05 3.507E+05 1.587E+07 31.9970 1.00000
  3.981E+11 3.981E+11 3.551E+00 1.247E+04 2.180E+05 1.665E+05 3.970E+05 3.970E+05 1.599E+07 32.2272 1.00000
  4.467E+11 4.467E+11 3.568E+00 1.399E+04 2.446E+05 1.908E+05 4.494E+05 4.494E+05 1.610E+07 32.4575 1.00000
  5.012E+11 5.012E+11 3.585E+00 1.570E+04 2.744E+05 2.187E+05 5.088E+05 5.088E+05 1.621E+07 32.6877 1.00000
  5.623E+11 5.623E+11 3.602E+00 1.762E+04 3.079E+05 2.506E+05 5.761E+05 5.761E+05 1.633E+07 32.9180 1.00000
  6.310E+11 6.310E+11 3.619E+00 1.977E+04 3.454E+05 2.873E+05 6.524E+05 6.524E+05 1.644E+07 33.1482 1.00000
  7.079E+11 7.079E+11 3.636E+00 2.218E+04 3.876E+05 3.292E+05 7.390E+05 7.390E+05 1.655E+07 33.3785 1.00000
  7.943E+11 7.943E+11 3.654E+00 2.489E+04 4.348E+05 3.774E+05 8.371E+05 8.371E+05 1.666E+07 33.6088 1.00000
  8.913E+11 8.913E+11 3.671E+00 2.793E+04 4.879E+05 4.326E+05 9.484E+05 9.484E+05 1.677E+07 33.8390 1.00000
  1.000E+12 1.000E+12 3.689E+00 3.133E+04 5.474E+05 4.959E+05 1.075E+06 1.075E+06 1.688E+07 34.0693 1.00000
  1.122E+12 1.122E+12 3.706E+00 3.516E+04 6.142E+05 5.686E+05 1.218E+06 1.218E+06 1.699E+07 34.2995 1.00000
  1.259E+12 1.259E+12 3.724E+00 3.945E+04 6.891E+05 6.518E+05 1.380E+06 1.380E+06 1.709E+07 34.5298 1.00000
  1.413E+12 1.413E+12 3.742E+00 4.426E+04 7.731E+05 7.474E+05 1.565E+06 1.565E+06 1.720E+07 34.7601 1.00000
  1.585E+12 1.585E+12 3.760E+00 4.966E+04 8.674E+05 8.569E+05 1.774E+06 1.774E+06 1.730E+07 34.9903 1.00000
  1.778E+12 1.778E+12 3.778E+00 5.572E+04 9.732E+05 9.826E+05 2.012E+06 2.012E+06 1.740E+07 35.2206 1.00000
  1.995E+12 1.995E+12 3.796E+00 6.252E+04 1.092E+06 1.127E+06 2.281E+06 2.281E+06 1.750E+07 35.4508 1.00000
  2.239E+12 2.239E+12 3.814E+00 7.015E+04 1.225E+06 1.292E+06 2.587E+06 2.587E+06 1.760E+07 35.6811 1.00000
  2.512E+12 2.512E+12 3.833E+00 7.871E+04 1.375E+06 1.482E+06 2.935E+06 2.935E+06 1.770E+07 35.9113 1.00000
  2.818E+12 2.818E+12 3.851E+00 8.832E+04 1.542E+06 1.700E+06 3.330E+06 3.330E+06 1.780E+07 36.1416 1.00000
  3.162E+12 3.162E+12 3.870E+00 9.910E+04 1.730E+06 1.949E+06 3.779E+06 3.779E+06 1.790E+07 36.3719 1.00000
  3.548E+12 3.548E+12 3.888E+00 1.112E+05 1.941E+06 2.236E+06 4.288E+06 4.288E+06 1.799E+07 36.6021 1.00000
  3.981E+12 3.981E+12 3.907E+00 1.248E+05 2.178E+06 2.565E+06 4.868E+06 4.868E+06 1.809E+07 36.8324 1.00000
  4.467E+12 4.467E+12 3.926E+00 1.400E+05 2.444E+06 2.942E+06 5.526E+06 5.526E+06 1.818E+07 37.0626 1.00000
  5.012E+12 5.012E+12 3.945E+00 1.571E+05 2.742E+06 3.375E+06 6.274E+06 6.274E+06 1.828E+07 37.2929 1.00000
  5.623E+12 5.623E+12 3.964E+00 1.762E+05 3.076E+06 3.872E+06 7.124E+06 7.124E+06 1.837E+07 37.5232 1.00000
  6.310E+12 6.310E+12 3.983E+00 1.977E+05 3.451E+06 4.442E+06 8.091E+06 8.091E+06 1.846E+07 37.7534 1.00000
  7.079E+12 7.079E+12 4.002E+00 2.219E+05 3.872E+06 5.097E+06 9.191E+06 9.191E+06 1.855E+07 37.9837 1.00000
  7.943E+12 7.943E+12 4.022E+00 2.489E+05 4.345E+06 5.848E+06 1.044E+07 1.044E+07 1.864E+07 38.2139 1.00000
  8.913E+12 8.913E+12 4.041E+00 2.793E+05 4.875E+06 6.711E+06 1.186E+07 1.186E+07 1.872E+07 38.4442 1.00000
  1.000E+13 1.000E+13 4.061E+00 3.134E+05 5.469E+06 7.700E+06 1.348E+07 1.348E+07 1.881E+07 38.6745 1.00000
  1.122E+13 1.122E+13 4.081E+00 3.516E+05 6.136E+06 8.837E+06 1.532E+07 1.532E+07 1.889E+07 38.9047 1.00000
  1.259E+13 1.259E+13 4.101E+00 3.945E+05 6.885E+06 1.014E+07 1.742E+07 1.742E+07 1.898E+07 39.1350 1.00000
  1.413E+13 1.413E+13 4.120E+00 4.427E+05 7.724E+06 1.164E+07 1.981E+07 1.981E+07 1.906E+07 39.3652 1.00000
  1.585E+13 1.585E+13 4.140E+00 4.967E+05 8.666E+06 1.336E+07 2.252E+07 2.252E+07 1.914E+07 39.5955 1.00000
  1.778E+13 1.778E+13 4.161E+00 5.573E+05 9.723E+06 1.533E+07 2.561E+07 2.561E+07 1.922E+07 39.8257 1.00000
  1.995E+13 1.995E+13 4.181E+00 6.253E+05 1.091E+07 1.760E+07 2.913E+07 2.913E+07 1.930E+07 40.0560 1.00000
  2.239E+13 2.239E+13 4.201E+00 7.016E+05 1.224E+07 2.020E+07 3.314E+07 3.314E+07 1.938E+07 40.2863 1.00000
  2.512E+13 2.512E+13 4.222E+00 7.872E+05 1.373E+07 2.319E+07 3.771E+07 3.771E+07 1.946E+07 40.5165 1.00000
  2.818E+13 2.818E+13 4.242E+00 8.832E+05 1.541E+07 2.663E+07 4.292E+07 4.292E+07 1.954E+07 40.7468 1.00000
  3.162E+13 3.162E+13 4.263E+00 9.910E+05 1.729E+07 3.057E+07 4.885E+07 4.885E+07 1.961E+07 40.9770 1.00000
  3.548E+13 3.548E+13 4.284E+00 1.112E+06 1.939E+07 3.510E+07 5.560E+07 5.560E+07 1.969E+07 41.2073 1.00000
  3.981E+13 3.981E+13 4.305E+00 1.248E+06 2.176E+07 4.030E+07 6.330E+07 6.330E+07 1.976E+07 41.4376 1.00000
  4.467E+13 4.467E+13 4.326E+00 1.400E+06 2.441E+07 4.627E+07 7.208E+07 7.208E+07 1.983E+07 41.6678 1.00000
  5.012E+13 5.012E+13 4.347E+00 1.571E+06 2.739E+07 5.313E+07 8.209E+07 8.209E+07 1.990E+07 41.8981 1.00000
  5.623E+13 5.623E+13 4.368E+00 1.762E+06 3.073E+07 6.101E+07 9.351E+07 9.351E+07 1.997E+07 42.1283 1.00000
  6.310E+13 6.310E+13 4.389E+00 1.977E+06 3.448E+07 7.007E+07 1.065E+08 1.065E+08 2.004E+07 42.3586 1.00000
  7.079E+13 7.079E+13 4.411E+00 2.219E+06 3.868E+07 8.047E+07 1.214E+08 1.214E+08 2.011E+07 42.5888 1.00000
  7.943E+13 7.943E+13 4.433E+00 2.489E+06 4.340E+07 9.242E+07 1.383E+08 1.383E+08 2.017E+07 42.8191 1.00000
  8.913E+13 8.913E+13 4.454E+00 2.793E+06 4.869E+07 1.061E+08 1.576E+08 1.576E+08 2.024E+07 43.0494 1.00000
  1.000E+14 1.000E+14 4.476E+00 3.134E+06 5.463E+07 1.219E+08 1.797E+08 1.797E+08 2.031E+07 43.2796 1.00000
  1.122E+14 1.122E+14 4.498E+00 3.516E+06 6.129E+07 1.400E+08 2.049E+08 2.049E+08 2.037E+07 43.5099 1.00000
  1.259E+14 1.259E+14 4.520E+00 3.945E+06 6.877E+07 1.609E+08 2.336E+08 2.336E+08 2.043E+07 43.7401 1.00000
  1.413E+14 1.413E+14 4.542E+00 4.427E+06 7.716E+07 1.848E+08 2.664E+08 2.664E+08 2.049E+07 43.9704 1.00000
  1.585E+14 1.585E+14 4.565E+00 4.967E+06 8.656E+07 2.123E+08 3.038E+08 3.038E+08 2.055E+07 44.2007 1.00000
  1.778E+14 1.778E+14 4.587E+00 5.573E+06 9.712E+07 2.439E+08 3.466E+08 3.466E+08 2.061E+07 44.4309 1.00000
  1.995E+14 1.995E+14 4.610E+00 6.253E+06 1.090E+08 2.802E+08 3.955E+08 3.955E+08 2.067E+07 44.6612 1.00000
  2.239E+14 2.239E+14 4.632E+00 7.016E+06 1.223E+08 3.220E+08 4.513E+08 4.513E+08 2.073E+07 44.8914 1.00000
  2.512E+14 2.512E+14 4.655E+00 7.872E+06 1.372E+08 3.700E+08 5.150E+08 5.150E+08 2.079E+07 45.1217 1.00000
  2.818E+14 2.818E+14 4.678E+00 8.832E+06 1.539E+08 4.251E+08 5.878E+08 5.878E+08 2.084E+07 45.3519 1.00000
  3.162E+14 3.162E+14 4.701E+00 9.910E+06 1.727E+08 4.885E+08 6.711E+08 6.711E+08 2.090E+07 45.5822 1.00000
  3.548E+14 3.548E+14 4.724E+00 1.112E+07 1.937E+08 5.614E+08 7.662E+08 7.662E+08 2.095E+07 45.8125 1.00000
  3.981E+14 3.981E+14 4.747E+00 1.248E+07 2.173E+08 6.452E+08 8.750E+08 8.750E+08 2.100E+07 46.0427 1.00000
  4.467E+14 4.467E+14 4.771E+00 1.400E+07 2.438E+08 7.415E+08 9.993E+08 9.993E+08 2.106E+07 46.2730 1.00000
  5.012E+14 5.012E+14 4.794E+00 1.571E+07 2.736E+08 8.522E+08 1.141E+09 1.141E+09 2.111E+07 46.5032 1.00000
  5.623E+14 5.623E+14 4.818E+00 1.762E+07 3.069E+08 9.795E+08 1.304E+09 1.304E+09 2.116E+07 46.7335 1.00000
  6.310E+14 6.310E+14 4.841E+00 1.977E+07 3.443E+08 1.126E+09 1.490E+09 1.490E+09 2.121E+07 46.9638 1.00000
  7.079E+14 7.079E+14 4.865E+00 2.219E+07 3.863E+08 1.294E+09 1.703E+09 1.703E+09 2.126E+07 47.1940 1.00000
  7.943E+14 7.943E+14 4.889E+00 2.489E+07 4.334E+08 1.488E+09 1.946E+09 1.946E+09 2.130E+07 47.4243 1.00000
  8.913E+14 8.913E+14 4.913E+00 2.793E+07 4.863E+08 1.710E+09 2.224E+09 2.224E+09 2.135E+07 47.6545 1.00000
  1.000E+15 1.000E+15 4.938E+00 3.134E+07 5.456E+08 1.966E+09 2.543E+09 2.543E+09 2.140E+07 47.8848 1.00000
