 Incident particle is a Tau with M = 1776.82000 MeV
 Index = 0: FerrousOxide
      Absorber with <Z/A> = 0.47325
 Density effect computed following Fano (1963)
 Models for Radloss: brems =  SSR, pair =  SSR, photonuc = DRSS

 *** Table generated with PUMAS v1.1 ***

      T         p     Ionization  brems     pair     photonuc  Radloss    dE/dx   CSDA Range  delta   beta
    [MeV]    [MeV/c]  -----------------------[MeV cm^2/g]------------------------  [g/cm^2]
  1.000E+05 1.018E+05 1.949E+00 9.290E-05 6.034E-03 6.453E-03 1.258E-02 1.962E+00 2.548E+04  4.1459 0.99985
  1.122E+05 1.140E+05 1.969E+00 1.126E-04 7.243E-03 7.295E-03 1.465E-02 1.984E+00 3.167E+04  4.3359 0.99988
  1.259E+05 1.277E+05 1.988E+00 1.362E-04 8.667E-03 8.229E-03 1.703E-02 2.006E+00 3.853E+04  4.5298 0.99990
  1.413E+05 1.430E+05 2.008E+00 1.645E-04 1.034E-02 9.257E-03 1.976E-02 2.027E+00 4.615E+04  4.7274 0.99992
  1.585E+05 1.603E+05 2.027E+00 1.984E-04 1.230E-02 1.042E-02 2.292E-02 2.050E+00 5.460E+04  4.9281 0.99994
  1.778E+05 1.796E+05 2.046E+00 2.387E-04 1.460E-02 1.171E-02 2.655E-02 2.072E+00 6.398E+04  5.1317 0.99995
  1.995E+05 2.013E+05 2.064E+00 2.867E-04 1.729E-02 1.316E-02 3.073E-02 2.095E+00 7.440E+04  5.3378 0.99996
  2.239E+05 2.256E+05 2.083E+00 3.437E-04 2.042E-02 1.477E-02 3.553E-02 2.119E+00 8.595E+04  5.5461 0.99997
  2.512E+05 2.530E+05 2.102E+00 4.114E-04 2.407E-02 1.656E-02 4.104E-02 2.143E+00 9.877E+04  5.7562 0.99998
  2.818E+05 2.836E+05 2.120E+00 4.913E-04 2.830E-02 1.858E-02 4.737E-02 2.167E+00 1.130E+05  5.9680 0.99998
  3.162E+05 3.180E+05 2.138E+00 5.857E-04 3.322E-02 2.085E-02 5.466E-02 2.193E+00 1.288E+05  6.1813 0.99998
  3.548E+05 3.566E+05 2.157E+00 6.969E-04 3.892E-02 2.338E-02 6.300E-02 2.220E+00 1.463E+05  6.3959 0.99999
  3.981E+05 3.999E+05 2.175E+00 8.278E-04 4.552E-02 2.621E-02 7.256E-02 2.247E+00 1.656E+05  6.6118 0.99999
  4.467E+05 4.485E+05 2.193E+00 9.815E-04 5.314E-02 2.940E-02 8.352E-02 2.276E+00 1.871E+05  6.8288 0.99999
  5.012E+05 5.030E+05 2.211E+00 1.162E-03 6.193E-02 3.295E-02 9.604E-02 2.307E+00 2.109E+05  7.0470 0.99999
  5.623E+05 5.641E+05 2.229E+00 1.373E-03 7.207E-02 3.696E-02 1.104E-01 2.339E+00 2.372E+05  7.2663 1.00000
  6.310E+05 6.327E+05 2.246E+00 1.619E-03 8.372E-02 4.148E-02 1.268E-01 2.373E+00 2.663E+05  7.4867 1.00000
  7.079E+05 7.097E+05 2.264E+00 1.907E-03 9.712E-02 4.658E-02 1.456E-01 2.410E+00 2.985E+05  7.7081 1.00000
  7.943E+05 7.961E+05 2.282E+00 2.243E-03 1.125E-01 5.231E-02 1.671E-01 2.449E+00 3.341E+05  7.9306 1.00000
  8.913E+05 8.930E+05 2.299E+00 2.633E-03 1.301E-01 5.875E-02 1.915E-01 2.490E+00 3.733E+05  8.1540 1.00000
  1.000E+06 1.002E+06 2.316E+00 3.088E-03 1.503E-01 6.606E-02 2.195E-01 2.536E+00 4.166E+05  8.3784 1.00000
  1.122E+06 1.124E+06 2.333E+00 3.615E-03 1.734E-01 7.427E-02 2.513E-01 2.584E+00 4.643E+05  8.6036 1.00000
  1.259E+06 1.261E+06 2.350E+00 4.225E-03 1.998E-01 8.360E-02 2.876E-01 2.638E+00 5.167E+05  8.8295 1.00000
  1.413E+06 1.414E+06 2.367E+00 4.935E-03 2.299E-01 9.412E-02 3.290E-01 2.696E+00 5.743E+05  9.0562 1.00000
  1.585E+06 1.587E+06 2.383E+00 5.756E-03 2.643E-01 1.061E-01 3.761E-01 2.759E+00 6.375E+05  9.2834 1.00000
  1.778E+06 1.780E+06 2.400E+00 6.704E-03 3.034E-01 1.195E-01 4.297E-01 2.829E+00 7.067E+05  9.5112 1.00000
  1.995E+06 1.997E+06 2.416E+00 7.797E-03 3.480E-01 1.348E-01 4.906E-01 2.907E+00 7.824E+05  9.7394 1.00000
  2.239E+06 2.240E+06 2.432E+00 9.060E-03 3.986E-01 1.522E-01 5.599E-01 2.992E+00 8.649E+05  9.9679 1.00000
  2.512E+06 2.514E+06 2.448E+00 1.052E-02 4.562E-01 1.719E-01 6.386E-01 3.087E+00 9.548E+05 10.1968 1.00000
  2.818E+06 2.820E+06 2.464E+00 1.220E-02 5.215E-01 1.943E-01 7.280E-01 3.192E+00 1.052E+06 10.4259 1.00000
  3.162E+06 3.164E+06 2.480E+00 1.414E-02 5.957E-01 2.197E-01 8.295E-01 3.309E+00 1.158E+06 10.6552 1.00000
  3.548E+06 3.550E+06 2.495E+00 1.636E-02 6.797E-01 2.485E-01 9.446E-01 3.440E+00 1.273E+06 10.8847 1.00000
  3.981E+06 3.983E+06 2.511E+00 1.891E-02 7.749E-01 2.813E-01 1.075E+00 3.586E+00 1.396E+06 11.1144 1.00000
  4.467E+06 4.469E+06 2.526E+00 2.184E-02 8.826E-01 3.186E-01 1.223E+00 3.749E+00 1.528E+06 11.3441 1.00000
  5.012E+06 5.014E+06 2.541E+00 2.521E-02 1.005E+00 3.610E-01 1.391E+00 3.932E+00 1.670E+06 11.5740 1.00000
  5.623E+06 5.625E+06 2.556E+00 2.908E-02 1.142E+00 4.093E-01 1.581E+00 4.137E+00 1.822E+06 11.8039 1.00000
  6.310E+06 6.311E+06 2.571E+00 3.352E-02 1.298E+00 4.642E-01 1.796E+00 4.366E+00 1.983E+06 12.0339 1.00000
  7.079E+06 7.081E+06 2.585E+00 3.860E-02 1.474E+00 5.268E-01 2.039E+00 4.625E+00 2.155E+06 12.2639 1.00000
  7.943E+06 7.945E+06 2.600E+00 4.442E-02 1.673E+00 5.981E-01 2.315E+00 4.915E+00 2.336E+06 12.4940 1.00000
  8.913E+06 8.914E+06 2.614E+00 5.107E-02 1.897E+00 6.793E-01 2.627E+00 5.241E+00 2.527E+06 12.7241 1.00000
  1.000E+07 1.000E+07 2.628E+00 5.868E-02 2.149E+00 7.718E-01 2.980E+00 5.608E+00 2.727E+06 12.9542 1.00000
  1.122E+07 1.122E+07 2.642E+00 6.737E-02 2.434E+00 8.772E-01 3.379E+00 6.021E+00 2.937E+06 13.1844 1.00000
  1.259E+07 1.259E+07 2.656E+00 7.730E-02 2.755E+00 9.974E-01 3.830E+00 6.486E+00 3.156E+06 13.4145 1.00000
  1.413E+07 1.413E+07 2.670E+00 8.863E-02 3.117E+00 1.134E+00 4.340E+00 7.010E+00 3.384E+06 13.6447 1.00000
  1.585E+07 1.585E+07 2.684E+00 1.016E-01 3.525E+00 1.291E+00 4.917E+00 7.601E+00 3.620E+06 13.8749 1.00000
  1.778E+07 1.778E+07 2.697E+00 1.163E-01 3.984E+00 1.469E+00 5.569E+00 8.266E+00 3.864E+06 14.1051 1.00000
  1.995E+07 1.995E+07 2.711E+00 1.331E-01 4.500E+00 1.672E+00 6.305E+00 9.016E+00 4.115E+06 14.3353 1.00000
  2.239E+07 2.239E+07 2.724E+00 1.522E-01 5.081E+00 1.904E+00 7.138E+00 9.862E+00 4.373E+06 14.5656 1.00000
  2.512E+07 2.512E+07 2.737E+00 1.740E-01 5.735E+00 2.169E+00 8.078E+00 1.082E+01 4.638E+06 14.7958 1.00000
  2.818E+07 2.819E+07 2.751E+00 1.988E-01 6.471E+00 2.471E+00 9.140E+00 1.189E+01 4.908E+06 15.0260 1.00000
  3.162E+07 3.162E+07 2.764E+00 2.271E-01 7.298E+00 2.816E+00 1.034E+01 1.310E+01 5.183E+06 15.2563 1.00000
  3.548E+07 3.548E+07 2.777E+00 2.592E-01 8.228E+00 3.209E+00 1.170E+01 1.447E+01 5.463E+06 15.4865 1.00000
  3.981E+07 3.981E+07 2.790E+00 2.957E-01 9.273E+00 3.659E+00 1.323E+01 1.602E+01 5.748E+06 15.7167 1.00000
  4.467E+07 4.467E+07 2.804E+00 3.372E-01 1.045E+01 4.172E+00 1.496E+01 1.776E+01 6.036E+06 15.9470 1.00000
  5.012E+07 5.012E+07 2.817E+00 3.842E-01 1.177E+01 4.757E+00 1.691E+01 1.973E+01 6.327E+06 16.1772 1.00000
  5.623E+07 5.624E+07 2.830E+00 4.377E-01 1.325E+01 5.426E+00 1.912E+01 2.195E+01 6.620E+06 16.4075 1.00000
  6.310E+07 6.310E+07 2.843E+00 4.983E-01 1.492E+01 6.190E+00 2.161E+01 2.445E+01 6.917E+06 16.6377 1.00000
  7.079E+07 7.080E+07 2.856E+00 5.670E-01 1.679E+01 7.062E+00 2.442E+01 2.728E+01 7.215E+06 16.8680 1.00000
  7.943E+07 7.943E+07 2.869E+00 6.449E-01 1.890E+01 8.059E+00 2.760E+01 3.047E+01 7.514E+06 17.0982 1.00000
  8.913E+07 8.913E+07 2.882E+00 7.332E-01 2.126E+01 9.197E+00 3.119E+01 3.407E+01 7.815E+06 17.3285 1.00000
  1.000E+08 1.000E+08 2.896E+00 8.332E-01 2.391E+01 1.050E+01 3.524E+01 3.814E+01 8.116E+06 17.5587 1.00000
  1.122E+08 1.122E+08 2.909E+00 9.463E-01 2.689E+01 1.198E+01 3.982E+01 4.273E+01 8.418E+06 17.7890 1.00000
  1.259E+08 1.259E+08 2.922E+00 1.074E+00 3.024E+01 1.368E+01 4.499E+01 4.792E+01 8.721E+06 18.0192 1.00000
  1.413E+08 1.413E+08 2.935E+00 1.219E+00 3.399E+01 1.562E+01 5.083E+01 5.377E+01 9.023E+06 18.2495 1.00000
  1.585E+08 1.585E+08 2.949E+00 1.383E+00 3.821E+01 1.784E+01 5.743E+01 6.038E+01 9.326E+06 18.4798 1.00000
  1.778E+08 1.778E+08 2.962E+00 1.568E+00 4.294E+01 2.037E+01 6.489E+01 6.785E+01 9.628E+06 18.7100 1.00000
  1.995E+08 1.995E+08 2.976E+00 1.777E+00 4.826E+01 2.327E+01 7.331E+01 7.628E+01 9.929E+06 18.9403 1.00000
  2.239E+08 2.239E+08 2.989E+00 2.013E+00 5.423E+01 2.658E+01 8.282E+01 8.581E+01 1.023E+07 19.1705 1.00000
  2.512E+08 2.512E+08 3.003E+00 2.280E+00 6.092E+01 3.036E+01 9.357E+01 9.657E+01 1.053E+07 19.4008 1.00000
  2.818E+08 2.818E+08 3.016E+00 2.581E+00 6.844E+01 3.469E+01 1.057E+02 1.087E+02 1.083E+07 19.6310 1.00000
  3.162E+08 3.162E+08 3.030E+00 2.921E+00 7.688E+01 3.963E+01 1.194E+02 1.225E+02 1.113E+07 19.8613 1.00000
  3.548E+08 3.548E+08 3.044E+00 3.304E+00 8.634E+01 4.529E+01 1.349E+02 1.380E+02 1.142E+07 20.0916 1.00000
  3.981E+08 3.981E+08 3.057E+00 3.736E+00 9.697E+01 5.175E+01 1.525E+02 1.555E+02 1.172E+07 20.3218 1.00000
  4.467E+08 4.467E+08 3.071E+00 4.223E+00 1.089E+02 5.914E+01 1.723E+02 1.753E+02 1.201E+07 20.5521 1.00000
  5.012E+08 5.012E+08 3.085E+00 4.772E+00 1.223E+02 6.759E+01 1.946E+02 1.977E+02 1.231E+07 20.7823 1.00000
  5.623E+08 5.623E+08 3.099E+00 5.390E+00 1.373E+02 7.726E+01 2.200E+02 2.231E+02 1.260E+07 21.0126 1.00000
  6.310E+08 6.310E+08 3.113E+00 6.087E+00 1.542E+02 8.831E+01 2.486E+02 2.517E+02 1.289E+07 21.2428 1.00000
  7.079E+08 7.079E+08 3.127E+00 6.871E+00 1.731E+02 1.010E+02 2.809E+02 2.840E+02 1.317E+07 21.4731 1.00000
  7.943E+08 7.943E+08 3.142E+00 7.754E+00 1.943E+02 1.154E+02 3.175E+02 3.206E+02 1.346E+07 21.7034 1.00000
  8.913E+08 8.913E+08 3.156E+00 8.748E+00 2.181E+02 1.319E+02 3.588E+02 3.620E+02 1.374E+07 21.9336 1.00000
  1.000E+09 1.000E+09 3.170E+00 9.867E+00 2.449E+02 1.509E+02 4.056E+02 4.088E+02 1.403E+07 22.1639 1.00000
  1.122E+09 1.122E+09 3.185E+00 1.113E+01 2.749E+02 1.725E+02 4.585E+02 4.617E+02 1.431E+07 22.3941 1.00000
  1.259E+09 1.259E+09 3.199E+00 1.254E+01 3.085E+02 1.973E+02 5.183E+02 5.215E+02 1.459E+07 22.6244 1.00000
  1.413E+09 1.413E+09 3.214E+00 1.413E+01 3.463E+02 2.256E+02 5.860E+02 5.892E+02 1.486E+07 22.8546 1.00000
  1.585E+09 1.585E+09 3.228E+00 1.592E+01 3.887E+02 2.580E+02 6.626E+02 6.658E+02 1.514E+07 23.0849 1.00000
  1.778E+09 1.778E+09 3.243E+00 1.794E+01 4.362E+02 2.951E+02 7.493E+02 7.525E+02 1.541E+07 23.3152 1.00000
  1.995E+09 1.995E+09 3.258E+00 2.020E+01 4.896E+02 3.375E+02 8.473E+02 8.506E+02 1.568E+07 23.5454 1.00000
  2.239E+09 2.239E+09 3.273E+00 2.275E+01 5.495E+02 3.861E+02 9.583E+02 9.616E+02 1.595E+07 23.7757 1.00000
  2.512E+09 2.512E+09 3.288E+00 2.561E+01 6.167E+02 4.417E+02 1.084E+03 1.087E+03 1.622E+07 24.0059 1.00000
  2.818E+09 2.818E+09 3.303E+00 2.882E+01 6.921E+02 5.053E+02 1.226E+03 1.229E+03 1.648E+07 24.2362 1.00000
  3.162E+09 3.162E+09 3.318E+00 3.243E+01 7.766E+02 5.781E+02 1.387E+03 1.390E+03 1.675E+07 24.4665 1.00000
  3.548E+09 3.548E+09 3.333E+00 3.648E+01 8.716E+02 6.614E+02 1.569E+03 1.573E+03 1.701E+07 24.6967 1.00000
  3.981E+09 3.981E+09 3.349E+00 4.104E+01 9.781E+02 7.568E+02 1.776E+03 1.779E+03 1.727E+07 24.9270 1.00000
  4.467E+09 4.467E+09 3.364E+00 4.616E+01 1.098E+03 8.659E+02 2.010E+03 2.013E+03 1.752E+07 25.1572 1.00000
  5.012E+09 5.012E+09 3.379E+00 5.190E+01 1.232E+03 9.909E+02 2.274E+03 2.278E+03 1.778E+07 25.3875 1.00000
  5.623E+09 5.623E+09 3.395E+00 5.836E+01 1.382E+03 1.134E+03 2.574E+03 2.578E+03 1.803E+07 25.6177 1.00000
  6.310E+09 6.310E+09 3.411E+00 6.561E+01 1.551E+03 1.298E+03 2.914E+03 2.918E+03 1.828E+07 25.8480 1.00000
  7.079E+09 7.079E+09 3.426E+00 7.375E+01 1.740E+03 1.485E+03 3.300E+03 3.303E+03 1.853E+07 26.0783 1.00000
  7.943E+09 7.943E+09 3.442E+00 8.289E+01 1.953E+03 1.700E+03 3.736E+03 3.739E+03 1.877E+07 26.3085 1.00000
  8.913E+09 8.913E+09 3.458E+00 9.315E+01 2.191E+03 1.946E+03 4.231E+03 4.234E+03 1.902E+07 26.5388 1.00000
  1.000E+10 1.000E+10 3.474E+00 1.047E+02 2.459E+03 2.228E+03 4.791E+03 4.795E+03 1.926E+07 26.7690 1.00000
  1.122E+10 1.122E+10 3.490E+00 1.176E+02 2.759E+03 2.550E+03 5.427E+03 5.431E+03 1.950E+07 26.9993 1.00000
  1.259E+10 1.259E+10 3.507E+00 1.321E+02 3.096E+03 2.920E+03 6.148E+03 6.151E+03 1.973E+07 27.2295 1.00000
  1.413E+10 1.413E+10 3.523E+00 1.484E+02 3.474E+03 3.343E+03 6.965E+03 6.969E+03 1.997E+07 27.4598 1.00000
  1.585E+10 1.585E+10 3.539E+00 1.667E+02 3.898E+03 3.828E+03 7.892E+03 7.896E+03 2.020E+07 27.6900 1.00000
  1.778E+10 1.778E+10 3.556E+00 1.872E+02 4.374E+03 4.383E+03 8.944E+03 8.948E+03 2.043E+07 27.9202 1.00000
  1.995E+10 1.995E+10 3.572E+00 2.103E+02 4.908E+03 5.019E+03 1.014E+04 1.014E+04 2.066E+07 28.1505 1.00000
  2.239E+10 2.239E+10 3.589E+00 2.361E+02 5.507E+03 5.748E+03 1.149E+04 1.149E+04 2.088E+07 28.3804 1.00000
  2.512E+10 2.512E+10 3.606E+00 2.652E+02 6.179E+03 6.582E+03 1.303E+04 1.303E+04 2.111E+07 28.6106 1.00000
  2.818E+10 2.818E+10 3.623E+00 2.977E+02 6.933E+03 7.539E+03 1.477E+04 1.477E+04 2.133E+07 28.8409 1.00000
  3.162E+10 3.162E+10 3.640E+00 3.343E+02 7.779E+03 8.635E+03 1.675E+04 1.675E+04 2.154E+07 29.0696 1.00000
  3.548E+10 3.548E+10 3.657E+00 3.753E+02 8.729E+03 9.890E+03 1.899E+04 1.900E+04 2.176E+07 29.2998 1.00000
  3.981E+10 3.981E+10 3.674E+00 4.214E+02 9.794E+03 1.133E+04 2.154E+04 2.155E+04 2.197E+07 29.5301 1.00000
  4.467E+10 4.467E+10 3.691E+00 4.730E+02 1.099E+04 1.298E+04 2.444E+04 2.444E+04 2.219E+07 29.7604 1.00000
  5.012E+10 5.012E+10 3.709E+00 5.310E+02 1.233E+04 1.487E+04 2.773E+04 2.773E+04 2.240E+07 29.9841 1.00000
  5.623E+10 5.623E+10 3.726E+00 5.961E+02 1.384E+04 1.703E+04 3.147E+04 3.147E+04 2.260E+07 30.2144 1.00000
  6.310E+10 6.310E+10 3.744E+00 6.691E+02 1.552E+04 1.952E+04 3.571E+04 3.571E+04 2.281E+07 30.4446 1.00000
  7.079E+10 7.079E+10 3.764E+00 7.510E+02 1.742E+04 2.236E+04 4.053E+04 4.053E+04 2.301E+07 30.6458 1.00000
  7.943E+10 7.943E+10 3.781E+00 8.430E+02 1.954E+04 2.562E+04 4.601E+04 4.601E+04 2.321E+07 30.8760 1.00000
  8.913E+10 8.913E+10 3.799E+00 9.462E+02 2.193E+04 2.936E+04 5.224E+04 5.224E+04 2.341E+07 31.1063 1.00000
  1.000E+11 1.000E+11 3.817E+00 1.062E+03 2.460E+04 3.365E+04 5.932E+04 5.932E+04 2.360E+07 31.3365 1.00000
  1.122E+11 1.122E+11 3.835E+00 1.192E+03 2.761E+04 3.856E+04 6.736E+04 6.737E+04 2.380E+07 31.5668 1.00000
  1.259E+11 1.259E+11 3.865E+00 1.338E+03 3.098E+04 4.420E+04 7.651E+04 7.652E+04 2.399E+07 31.6416 1.00000
  1.413E+11 1.413E+11 3.883E+00 1.501E+03 3.475E+04 5.066E+04 8.692E+04 8.692E+04 2.417E+07 31.8718 1.00000
  1.585E+11 1.585E+11 3.901E+00 1.685E+03 3.900E+04 5.807E+04 9.875E+04 9.875E+04 2.436E+07 32.1021 1.00000
  1.778E+11 1.778E+11 3.920E+00 1.891E+03 4.375E+04 6.656E+04 1.122E+05 1.122E+05 2.454E+07 32.3324 1.00000
  1.995E+11 1.995E+11 3.938E+00 2.122E+03 4.909E+04 7.631E+04 1.275E+05 1.275E+05 2.472E+07 32.5626 1.00000
  2.239E+11 2.239E+11 3.957E+00 2.381E+03 5.508E+04 8.748E+04 1.449E+05 1.449E+05 2.490E+07 32.7929 1.00000
  2.512E+11 2.512E+11 3.976E+00 2.672E+03 6.181E+04 1.003E+05 1.648E+05 1.648E+05 2.508E+07 33.0231 1.00000
  2.818E+11 2.818E+11 3.994E+00 2.998E+03 6.935E+04 1.150E+05 1.873E+05 1.873E+05 2.525E+07 33.2534 1.00000
  3.162E+11 3.162E+11 4.013E+00 3.364E+03 7.781E+04 1.318E+05 2.130E+05 2.130E+05 2.543E+07 33.4836 1.00000
  3.548E+11 3.548E+11 4.032E+00 3.775E+03 8.730E+04 1.512E+05 2.423E+05 2.423E+05 2.560E+07 33.7139 1.00000
  3.981E+11 3.981E+11 4.052E+00 4.236E+03 9.796E+04 1.734E+05 2.756E+05 2.756E+05 2.576E+07 33.9442 1.00000
  4.467E+11 4.467E+11 4.071E+00 4.754E+03 1.099E+05 1.988E+05 3.135E+05 3.135E+05 2.593E+07 34.1744 1.00000
  5.012E+11 5.012E+11 4.090E+00 5.334E+03 1.233E+05 2.280E+05 3.567E+05 3.567E+05 2.609E+07 34.4047 1.00000
  5.623E+11 5.623E+11 4.110E+00 5.985E+03 1.384E+05 2.615E+05 4.059E+05 4.059E+05 2.625E+07 34.6349 1.00000
  6.310E+11 6.310E+11 4.129E+00 6.716E+03 1.552E+05 2.999E+05 4.619E+05 4.619E+05 2.641E+07 34.8652 1.00000
  7.079E+11 7.079E+11 4.149E+00 7.536E+03 1.742E+05 3.440E+05 5.258E+05 5.258E+05 2.657E+07 35.0955 1.00000
  7.943E+11 7.943E+11 4.169E+00 8.456E+03 1.954E+05 3.947E+05 5.986E+05 5.986E+05 2.672E+07 35.3257 1.00000
  8.913E+11 8.913E+11 4.189E+00 9.488E+03 2.193E+05 4.527E+05 6.815E+05 6.815E+05 2.687E+07 35.5560 1.00000
  1.000E+12 1.000E+12 4.209E+00 1.065E+04 2.461E+05 5.194E+05 7.761E+05 7.761E+05 2.702E+07 35.7862 1.00000
  1.122E+12 1.122E+12 4.229E+00 1.195E+04 2.761E+05 5.959E+05 8.839E+05 8.839E+05 2.717E+07 36.0165 1.00000
  1.259E+12 1.259E+12 4.249E+00 1.340E+04 3.098E+05 6.836E+05 1.007E+06 1.007E+06 2.731E+07 36.2468 1.00000
  1.413E+12 1.413E+12 4.270E+00 1.504E+04 3.476E+05 7.844E+05 1.147E+06 1.147E+06 2.746E+07 36.4770 1.00000
  1.585E+12 1.585E+12 4.290E+00 1.688E+04 3.900E+05 9.001E+05 1.307E+06 1.307E+06 2.760E+07 36.7073 1.00000
  1.778E+12 1.778E+12 4.311E+00 1.894E+04 4.375E+05 1.033E+06 1.489E+06 1.489E+06 2.774E+07 36.9375 1.00000
  1.995E+12 1.995E+12 4.332E+00 2.125E+04 4.909E+05 1.185E+06 1.697E+06 1.697E+06 2.787E+07 37.1678 1.00000
  2.239E+12 2.239E+12 4.352E+00 2.384E+04 5.508E+05 1.360E+06 1.935E+06 1.935E+06 2.801E+07 37.3980 1.00000
  2.512E+12 2.512E+12 4.373E+00 2.675E+04 6.180E+05 1.561E+06 2.206E+06 2.206E+06 2.814E+07 37.6283 1.00000
  2.818E+12 2.818E+12 4.395E+00 3.001E+04 6.935E+05 1.792E+06 2.515E+06 2.515E+06 2.827E+07 37.8586 1.00000
  3.162E+12 3.162E+12 4.416E+00 3.368E+04 7.781E+05 2.057E+06 2.868E+06 2.868E+06 2.840E+07 38.0888 1.00000
  3.548E+12 3.548E+12 4.437E+00 3.779E+04 8.730E+05 2.361E+06 3.271E+06 3.271E+06 2.852E+07 38.3191 1.00000
  3.981E+12 3.981E+12 4.458E+00 4.240E+04 9.795E+05 2.710E+06 3.732E+06 3.732E+06 2.865E+07 38.5493 1.00000
  4.467E+12 4.467E+12 4.480E+00 4.757E+04 1.099E+06 3.111E+06 4.257E+06 4.257E+06 2.877E+07 38.7796 1.00000
  5.012E+12 5.012E+12 4.502E+00 5.338E+04 1.233E+06 3.571E+06 4.858E+06 4.858E+06 2.889E+07 39.0099 1.00000
  5.623E+12 5.623E+12 4.523E+00 5.989E+04 1.384E+06 4.100E+06 5.544E+06 5.544E+06 2.901E+07 39.2401 1.00000
  6.310E+12 6.310E+12 4.545E+00 6.720E+04 1.552E+06 4.708E+06 6.327E+06 6.327E+06 2.912E+07 39.4704 1.00000
  7.079E+12 7.079E+12 4.567E+00 7.540E+04 1.742E+06 5.405E+06 7.222E+06 7.222E+06 2.924E+07 39.7006 1.00000
  7.943E+12 7.943E+12 4.589E+00 8.460E+04 1.954E+06 6.207E+06 8.246E+06 8.246E+06 2.935E+07 39.9309 1.00000
  8.913E+12 8.913E+12 4.612E+00 9.492E+04 2.193E+06 7.127E+06 9.415E+06 9.415E+06 2.946E+07 40.1611 1.00000
  1.000E+13 1.000E+13 4.634E+00 1.065E+05 2.460E+06 8.185E+06 1.075E+07 1.075E+07 2.957E+07 40.3914 1.00000
  1.122E+13 1.122E+13 4.657E+00 1.195E+05 2.761E+06 9.400E+06 1.228E+07 1.228E+07 2.967E+07 40.6217 1.00000
  1.259E+13 1.259E+13 4.679E+00 1.341E+05 3.097E+06 1.080E+07 1.403E+07 1.403E+07 2.978E+07 40.8519 1.00000
  1.413E+13 1.413E+13 4.702E+00 1.504E+05 3.475E+06 1.240E+07 1.602E+07 1.602E+07 2.988E+07 41.0822 1.00000
  1.585E+13 1.585E+13 4.725E+00 1.688E+05 3.899E+06 1.424E+07 1.831E+07 1.831E+07 2.998E+07 41.3124 1.00000
  1.778E+13 1.778E+13 4.748E+00 1.894E+05 4.375E+06 1.636E+07 2.092E+07 2.092E+07 3.008E+07 41.5427 1.00000
  1.995E+13 1.995E+13 4.771E+00 2.125E+05 4.909E+06 1.879E+07 2.391E+07 2.391E+07 3.018E+07 41.7730 1.00000
  2.239E+13 2.239E+13 4.794E+00 2.384E+05 5.508E+06 2.159E+07 2.733E+07 2.733E+07 3.027E+07 42.0032 1.00000
  2.512E+13 2.512E+13 4.818E+00 2.675E+05 6.180E+06 2.480E+07 3.125E+07 3.125E+07 3.036E+07 42.2335 1.00000
  2.818E+13 2.818E+13 4.841E+00 3.002E+05 6.934E+06 2.849E+07 3.573E+07 3.573E+07 3.046E+07 42.4637 1.00000
  3.162E+13 3.162E+13 4.865E+00 3.368E+05 7.780E+06 3.273E+07 4.085E+07 4.085E+07 3.055E+07 42.6940 1.00000
  3.548E+13 3.548E+13 4.888E+00 3.779E+05 8.730E+06 3.761E+07 4.672E+07 4.672E+07 3.063E+07 42.9242 1.00000
  3.981E+13 3.981E+13 4.912E+00 4.240E+05 9.795E+06 4.322E+07 5.344E+07 5.344E+07 3.072E+07 43.1545 1.00000
  4.467E+13 4.467E+13 4.936E+00 4.758E+05 1.099E+07 4.966E+07 6.113E+07 6.113E+07 3.081E+07 43.3848 1.00000
  5.012E+13 5.012E+13 4.960E+00 5.338E+05 1.233E+07 5.707E+07 6.993E+07 6.993E+07 3.089E+07 43.6150 1.00000
  5.623E+13 5.623E+13 4.985E+00 5.989E+05 1.384E+07 6.558E+07 8.002E+07 8.002E+07 3.097E+07 43.8453 1.00000
  6.310E+13 6.310E+13 5.009E+00 6.720E+05 1.552E+07 7.537E+07 9.156E+07 9.156E+07 3.105E+07 44.0755 1.00000
  7.079E+13 7.079E+13 5.034E+00 7.540E+05 1.742E+07 8.662E+07 1.048E+08 1.048E+08 3.113E+07 44.3058 1.00000
  7.943E+13 7.943E+13 5.058E+00 8.460E+05 1.954E+07 9.956E+07 1.199E+08 1.199E+08 3.121E+07 44.5361 1.00000
  8.913E+13 8.913E+13 5.083E+00 9.493E+05 2.193E+07 1.144E+08 1.373E+08 1.373E+08 3.128E+07 44.7663 1.00000
  1.000E+14 1.000E+14 5.108E+00 1.065E+06 2.460E+07 1.315E+08 1.572E+08 1.572E+08 3.136E+07 44.9966 1.00000
  1.122E+14 1.122E+14 5.133E+00 1.195E+06 2.760E+07 1.512E+08 1.800E+08 1.800E+08 3.143E+07 45.2268 1.00000
  1.259E+14 1.259E+14 5.158E+00 1.341E+06 3.097E+07 1.738E+08 2.061E+08 2.061E+08 3.150E+07 45.4571 1.00000
  1.413E+14 1.413E+14 5.184E+00 1.504E+06 3.475E+07 1.998E+08 2.361E+08 2.361E+08 3.157E+07 45.6874 1.00000
  1.585E+14 1.585E+14 5.209E+00 1.688E+06 3.899E+07 2.297E+08 2.704E+08 2.704E+08 3.164E+07 45.9176 1.00000
  1.778E+14 1.778E+14 5.235E+00 1.894E+06 4.375E+07 2.641E+08 3.098E+08 3.098E+08 3.170E+07 46.1479 1.00000
  1.995E+14 1.995E+14 5.260E+00 2.125E+06 4.909E+07 3.037E+08 3.549E+08 3.549E+08 3.177E+07 46.3781 1.00000
  2.239E+14 2.239E+14 5.286E+00 2.384E+06 5.508E+07 3.492E+08 4.067E+08 4.067E+08 3.183E+07 46.6084 1.00000
  2.512E+14 2.512E+14 5.312E+00 2.675E+06 6.180E+07 4.015E+08 4.660E+08 4.660E+08 3.190E+07 46.8386 1.00000
  2.818E+14 2.818E+14 5.338E+00 3.002E+06 6.934E+07 4.617E+08 5.341E+08 5.341E+08 3.196E+07 47.0689 1.00000
  3.162E+14 3.162E+14 5.364E+00 3.368E+06 7.779E+07 5.310E+08 6.122E+08 6.122E+08 3.202E+07 47.2992 1.00000
  3.548E+14 3.548E+14 5.391E+00 3.779E+06 8.729E+07 6.107E+08 7.017E+08 7.017E+08 3.208E+07 47.5294 1.00000
  3.981E+14 3.981E+14 5.417E+00 4.240E+06 9.794E+07 7.023E+08 8.045E+08 8.045E+08 3.213E+07 47.7597 1.00000
  4.467E+14 4.467E+14 5.444E+00 4.758E+06 1.099E+08 8.077E+08 9.224E+08 9.224E+08 3.219E+07 47.9899 1.00000
  5.012E+14 5.012E+14 5.471E+00 5.338E+06 1.233E+08 9.290E+08 1.058E+09 1.058E+09 3.225E+07 48.2202 1.00000
  5.623E+14 5.623E+14 5.498E+00 5.989E+06 1.383E+08 1.069E+09 1.213E+09 1.213E+09 3.230E+07 48.4505 1.00000
  6.310E+14 6.310E+14 5.525E+00 6.720E+06 1.552E+08 1.229E+09 1.391E+09 1.391E+09 3.235E+07 48.6807 1.00000
  7.079E+14 7.079E+14 5.552E+00 7.540E+06 1.742E+08 1.414E+09 1.596E+09 1.596E+09 3.240E+07 48.9110 1.00000
  7.943E+14 7.943E+14 5.580E+00 8.460E+06 1.954E+08 1.627E+09 1.830E+09 1.830E+09 3.245E+07 49.1412 1.00000
  8.913E+14 8.913E+14 5.607E+00 9.493E+06 2.192E+08 1.871E+09 2.100E+09 2.100E+09 3.250E+07 49.3715 1.00000
  1.000E+15 1.000E+15 5.635E+00 1.065E+07 2.460E+08 2.153E+09 2.409E+09 2.409E+09 3.255E+07 49.6017 1.00000
