 Incident particle is a Tau with M = 1776.82000 MeV
 Index = 0: Flerovium
      Absorber with <Z/A> = 0.39420
 Sternheimer coef:  a     k=m_s   x_0    x_1    I[eV]   Cbar  delta0
                 0.2878  3.0000  0.6923  3.0000 1185.0  6.7249 0.00

 *** Table generated with PUMAS v1.00 ***

      T         p     Ionization  brems     pair     photonuc  Radloss    dE/dx   CSDA Range  delta   beta
    [MeV]    [MeV/c]  -----------------------[MeV cm^2/g]------------------------  [g/cm^2]
  1.000E+05 1.018E+05 1.569E+00 1.405E-03 2.560E-02 7.461E-03 3.446E-02 1.604E+00 3.117E+04  1.9222 0.99985
  1.122E+05 1.140E+05 1.587E+00 1.631E-03 3.063E-02 8.367E-03 4.063E-02 1.628E+00 3.873E+04  2.0857 0.99988
  1.259E+05 1.277E+05 1.605E+00 1.891E-03 3.655E-02 9.334E-03 4.777E-02 1.653E+00 4.707E+04  2.2546 0.99990
  1.413E+05 1.430E+05 1.622E+00 2.192E-03 4.349E-02 1.042E-02 5.609E-02 1.679E+00 5.630E+04  2.4285 0.99992
  1.585E+05 1.603E+05 1.640E+00 2.539E-03 5.161E-02 1.162E-02 6.577E-02 1.705E+00 6.648E+04  2.6073 0.99994
  1.778E+05 1.796E+05 1.657E+00 2.939E-03 6.110E-02 1.295E-02 7.699E-02 1.734E+00 7.773E+04  2.7907 0.99995
  1.995E+05 2.013E+05 1.673E+00 3.401E-03 7.217E-02 1.446E-02 9.003E-02 1.763E+00 9.014E+04  2.9785 0.99996
  2.239E+05 2.256E+05 1.690E+00 3.932E-03 8.504E-02 1.610E-02 1.051E-01 1.795E+00 1.038E+05  3.1705 0.99997
  2.512E+05 2.530E+05 1.706E+00 4.544E-03 9.999E-02 1.792E-02 1.225E-01 1.829E+00 1.189E+05  3.3665 0.99998
  2.818E+05 2.836E+05 1.722E+00 5.248E-03 1.173E-01 1.996E-02 1.425E-01 1.865E+00 1.355E+05  3.5663 0.99998
  3.162E+05 3.180E+05 1.738E+00 6.057E-03 1.374E-01 2.226E-02 1.657E-01 1.904E+00 1.538E+05  3.7696 0.99998
  3.548E+05 3.566E+05 1.754E+00 6.987E-03 1.605E-01 2.482E-02 1.923E-01 1.946E+00 1.738E+05  3.9763 0.99999
  3.981E+05 3.999E+05 1.769E+00 8.055E-03 1.872E-01 2.767E-02 2.230E-01 1.992E+00 1.958E+05  4.1860 0.99999
  4.467E+05 4.485E+05 1.785E+00 9.281E-03 2.180E-01 3.084E-02 2.581E-01 2.043E+00 2.199E+05  4.3986 0.99999
  5.012E+05 5.030E+05 1.800E+00 1.069E-02 2.533E-01 3.439E-02 2.984E-01 2.098E+00 2.462E+05  4.6139 0.99999
  5.623E+05 5.641E+05 1.815E+00 1.230E-02 2.939E-01 3.822E-02 3.444E-01 2.159E+00 2.749E+05  4.8316 1.00000
  6.310E+05 6.327E+05 1.830E+00 1.415E-02 3.405E-01 4.251E-02 3.971E-01 2.227E+00 3.062E+05  5.0515 1.00000
  7.079E+05 7.097E+05 1.844E+00 1.627E-02 3.938E-01 4.733E-02 4.574E-01 2.302E+00 3.402E+05  5.2734 1.00000
  7.943E+05 7.961E+05 1.859E+00 1.870E-02 4.547E-01 5.276E-02 5.262E-01 2.385E+00 3.771E+05  5.4971 1.00000
  8.913E+05 8.930E+05 1.873E+00 2.148E-02 5.244E-01 5.888E-02 6.047E-01 2.478E+00 4.170E+05  5.7224 1.00000
  1.000E+06 1.002E+06 1.887E+00 2.466E-02 6.038E-01 6.577E-02 6.943E-01 2.581E+00 4.600E+05  5.9489 1.00000
  1.122E+06 1.124E+06 1.901E+00 2.830E-02 6.944E-01 7.356E-02 7.963E-01 2.698E+00 5.063E+05  6.1766 1.00000
  1.259E+06 1.261E+06 1.915E+00 3.245E-02 7.975E-01 8.235E-02 9.123E-01 2.828E+00 5.558E+05  6.4052 1.00000
  1.413E+06 1.414E+06 1.929E+00 3.721E-02 9.148E-01 9.230E-02 1.044E+00 2.973E+00 6.088E+05  6.6345 1.00000
  1.585E+06 1.587E+06 1.943E+00 4.264E-02 1.048E+00 1.036E-01 1.194E+00 3.137E+00 6.653E+05  6.8643 1.00000
  1.778E+06 1.780E+06 1.956E+00 4.884E-02 1.200E+00 1.163E-01 1.365E+00 3.321E+00 7.252E+05  7.0942 1.00000
  1.995E+06 1.997E+06 1.970E+00 5.591E-02 1.371E+00 1.307E-01 1.558E+00 3.528E+00 7.887E+05  7.3243 1.00000
  2.239E+06 2.240E+06 1.983E+00 6.399E-02 1.566E+00 1.471E-01 1.777E+00 3.760E+00 8.555E+05  7.5544 1.00000
  2.512E+06 2.514E+06 1.996E+00 7.320E-02 1.786E+00 1.657E-01 2.025E+00 4.022E+00 9.258E+05  7.7844 1.00000
  2.818E+06 2.820E+06 2.009E+00 8.371E-02 2.036E+00 1.868E-01 2.307E+00 4.316E+00 9.994E+05  8.0145 1.00000
  3.162E+06 3.164E+06 2.022E+00 9.568E-02 2.318E+00 2.108E-01 2.625E+00 4.647E+00 1.076E+06  8.2447 1.00000
  3.548E+06 3.550E+06 2.035E+00 1.093E-01 2.638E+00 2.380E-01 2.985E+00 5.020E+00 1.156E+06  8.4748 1.00000
  3.981E+06 3.983E+06 2.048E+00 1.249E-01 2.998E+00 2.689E-01 3.392E+00 5.440E+00 1.239E+06  8.7050 1.00000
  4.467E+06 4.469E+06 2.061E+00 1.425E-01 3.405E+00 3.041E-01 3.852E+00 5.913E+00 1.325E+06  8.9351 1.00000
  5.012E+06 5.014E+06 2.073E+00 1.627E-01 3.865E+00 3.442E-01 4.372E+00 6.445E+00 1.413E+06  9.1653 1.00000
  5.623E+06 5.625E+06 2.086E+00 1.856E-01 4.383E+00 3.897E-01 4.959E+00 7.044E+00 1.504E+06  9.3955 1.00000
  6.310E+06 6.311E+06 2.098E+00 2.116E-01 4.968E+00 4.416E-01 5.621E+00 7.719E+00 1.597E+06  9.6257 1.00000
  7.079E+06 7.081E+06 2.110E+00 2.413E-01 5.626E+00 5.007E-01 6.368E+00 8.479E+00 1.692E+06  9.8559 1.00000
  7.943E+06 7.945E+06 2.122E+00 2.749E-01 6.369E+00 5.679E-01 7.212E+00 9.334E+00 1.790E+06 10.0861 1.00000
  8.913E+06 8.914E+06 2.134E+00 3.132E-01 7.205E+00 6.445E-01 8.162E+00 1.030E+01 1.889E+06 10.3163 1.00000
  1.000E+07 1.000E+07 2.146E+00 3.566E-01 8.146E+00 7.318E-01 9.234E+00 1.138E+01 1.989E+06 10.5465 1.00000
  1.122E+07 1.122E+07 2.158E+00 4.060E-01 9.205E+00 8.313E-01 1.044E+01 1.260E+01 2.091E+06 10.7767 1.00000
  1.259E+07 1.259E+07 2.169E+00 4.619E-01 1.040E+01 9.447E-01 1.180E+01 1.397E+01 2.195E+06 11.0069 1.00000
  1.413E+07 1.413E+07 2.181E+00 5.255E-01 1.174E+01 1.074E+00 1.334E+01 1.552E+01 2.299E+06 11.2372 1.00000
  1.585E+07 1.585E+07 2.192E+00 5.975E-01 1.325E+01 1.221E+00 1.507E+01 1.726E+01 2.405E+06 11.4674 1.00000
  1.778E+07 1.778E+07 2.203E+00 6.792E-01 1.494E+01 1.390E+00 1.701E+01 1.921E+01 2.511E+06 11.6976 1.00000
  1.995E+07 1.995E+07 2.215E+00 7.718E-01 1.685E+01 1.581E+00 1.920E+01 2.142E+01 2.618E+06 11.9279 1.00000
  2.239E+07 2.239E+07 2.226E+00 8.767E-01 1.899E+01 1.800E+00 2.167E+01 2.389E+01 2.726E+06 12.1581 1.00000
  2.512E+07 2.512E+07 2.237E+00 9.956E-01 2.140E+01 2.049E+00 2.445E+01 2.668E+01 2.834E+06 12.3883 1.00000
  2.818E+07 2.819E+07 2.248E+00 1.130E+00 2.411E+01 2.334E+00 2.757E+01 2.982E+01 2.943E+06 12.6186 1.00000
  3.162E+07 3.162E+07 2.259E+00 1.282E+00 2.715E+01 2.659E+00 3.109E+01 3.335E+01 3.052E+06 12.8488 1.00000
  3.548E+07 3.548E+07 2.270E+00 1.455E+00 3.056E+01 3.029E+00 3.505E+01 3.732E+01 3.162E+06 13.0791 1.00000
  3.981E+07 3.981E+07 2.281E+00 1.650E+00 3.440E+01 3.452E+00 3.950E+01 4.179E+01 3.272E+06 13.3093 1.00000
  4.467E+07 4.467E+07 2.292E+00 1.870E+00 3.871E+01 3.935E+00 4.452E+01 4.681E+01 3.382E+06 13.5396 1.00000
  5.012E+07 5.012E+07 2.303E+00 2.120E+00 4.355E+01 4.486E+00 5.016E+01 5.246E+01 3.492E+06 13.7698 1.00000
  5.623E+07 5.624E+07 2.314E+00 2.401E+00 4.899E+01 5.115E+00 5.650E+01 5.882E+01 3.602E+06 14.0001 1.00000
  6.310E+07 6.310E+07 2.325E+00 2.719E+00 5.509E+01 5.833E+00 6.364E+01 6.597E+01 3.712E+06 14.2303 1.00000
  7.079E+07 7.080E+07 2.336E+00 3.079E+00 6.194E+01 6.653E+00 7.167E+01 7.401E+01 3.823E+06 14.4606 1.00000
  7.943E+07 7.943E+07 2.347E+00 3.485E+00 6.964E+01 7.589E+00 8.071E+01 8.306E+01 3.933E+06 14.6908 1.00000
  8.913E+07 8.913E+07 2.358E+00 3.943E+00 7.827E+01 8.658E+00 9.087E+01 9.323E+01 4.043E+06 14.9211 1.00000
  1.000E+08 1.000E+08 2.369E+00 4.459E+00 8.797E+01 9.879E+00 1.023E+02 1.047E+02 4.154E+06 15.1513 1.00000
  1.122E+08 1.122E+08 2.380E+00 5.043E+00 9.885E+01 1.127E+01 1.152E+02 1.175E+02 4.264E+06 15.3816 1.00000
  1.259E+08 1.259E+08 2.391E+00 5.700E+00 1.111E+02 1.286E+01 1.296E+02 1.320E+02 4.374E+06 15.6118 1.00000
  1.413E+08 1.413E+08 2.402E+00 6.441E+00 1.248E+02 1.468E+01 1.459E+02 1.483E+02 4.484E+06 15.8421 1.00000
  1.585E+08 1.585E+08 2.413E+00 7.277E+00 1.402E+02 1.676E+01 1.642E+02 1.666E+02 4.594E+06 16.0724 1.00000
  1.778E+08 1.778E+08 2.424E+00 8.219E+00 1.574E+02 1.913E+01 1.848E+02 1.872E+02 4.703E+06 16.3026 1.00000
  1.995E+08 1.995E+08 2.435E+00 9.280E+00 1.768E+02 2.184E+01 2.079E+02 2.104E+02 4.813E+06 16.5329 1.00000
  2.239E+08 2.239E+08 2.447E+00 1.047E+01 1.986E+02 2.494E+01 2.340E+02 2.364E+02 4.922E+06 16.7631 1.00000
  2.512E+08 2.512E+08 2.458E+00 1.182E+01 2.230E+02 2.848E+01 2.633E+02 2.657E+02 5.031E+06 16.9934 1.00000
  2.818E+08 2.818E+08 2.469E+00 1.334E+01 2.504E+02 3.252E+01 2.962E+02 2.987E+02 5.140E+06 17.2236 1.00000
  3.162E+08 3.162E+08 2.481E+00 1.504E+01 2.811E+02 3.713E+01 3.333E+02 3.358E+02 5.249E+06 17.4539 1.00000
  3.548E+08 3.548E+08 2.492E+00 1.696E+01 3.156E+02 4.241E+01 3.750E+02 3.775E+02 5.358E+06 17.6842 1.00000
  3.981E+08 3.981E+08 2.503E+00 1.912E+01 3.544E+02 4.844E+01 4.219E+02 4.244E+02 5.466E+06 17.9144 1.00000
  4.467E+08 4.467E+08 2.515E+00 2.155E+01 3.978E+02 5.533E+01 4.747E+02 4.772E+02 5.574E+06 18.1447 1.00000
  5.012E+08 5.012E+08 2.527E+00 2.428E+01 4.466E+02 6.320E+01 5.341E+02 5.366E+02 5.682E+06 18.3749 1.00000
  5.623E+08 5.623E+08 2.538E+00 2.735E+01 5.013E+02 7.220E+01 6.008E+02 6.034E+02 5.790E+06 18.6052 1.00000
  6.310E+08 6.310E+08 2.550E+00 3.081E+01 5.627E+02 8.249E+01 6.760E+02 6.785E+02 5.897E+06 18.8354 1.00000
  7.079E+08 7.079E+08 2.562E+00 3.469E+01 6.316E+02 9.425E+01 7.605E+02 7.631E+02 6.004E+06 19.0657 1.00000
  7.943E+08 7.943E+08 2.574E+00 3.905E+01 7.089E+02 1.077E+02 8.556E+02 8.582E+02 6.111E+06 19.2960 1.00000
  8.913E+08 8.913E+08 2.585E+00 4.396E+01 7.956E+02 1.231E+02 9.626E+02 9.652E+02 6.218E+06 19.5262 1.00000
  1.000E+09 1.000E+09 2.597E+00 4.947E+01 8.929E+02 1.406E+02 1.083E+03 1.086E+03 6.324E+06 19.7565 1.00000
  1.122E+09 1.122E+09 2.609E+00 5.567E+01 1.002E+03 1.607E+02 1.218E+03 1.221E+03 6.431E+06 19.9867 1.00000
  1.259E+09 1.259E+09 2.621E+00 6.263E+01 1.125E+03 1.837E+02 1.371E+03 1.374E+03 6.536E+06 20.2170 1.00000
  1.413E+09 1.413E+09 2.634E+00 7.044E+01 1.262E+03 2.099E+02 1.542E+03 1.545E+03 6.642E+06 20.4472 1.00000
  1.585E+09 1.585E+09 2.646E+00 7.923E+01 1.416E+03 2.399E+02 1.736E+03 1.738E+03 6.747E+06 20.6775 1.00000
  1.778E+09 1.778E+09 2.658E+00 8.909E+01 1.589E+03 2.743E+02 1.953E+03 1.955E+03 6.853E+06 20.9078 1.00000
  1.995E+09 1.995E+09 2.670E+00 1.002E+02 1.784E+03 3.135E+02 2.197E+03 2.200E+03 6.957E+06 21.1380 1.00000
  2.239E+09 2.239E+09 2.683E+00 1.126E+02 2.002E+03 3.584E+02 2.473E+03 2.475E+03 7.062E+06 21.3683 1.00000
  2.512E+09 2.512E+09 2.695E+00 1.266E+02 2.246E+03 4.097E+02 2.782E+03 2.785E+03 7.166E+06 21.5985 1.00000
  2.818E+09 2.818E+09 2.708E+00 1.423E+02 2.520E+03 4.685E+02 3.131E+03 3.134E+03 7.270E+06 21.8288 1.00000
  3.162E+09 3.162E+09 2.721E+00 1.599E+02 2.828E+03 5.356E+02 3.524E+03 3.527E+03 7.374E+06 22.0591 1.00000
  3.548E+09 3.548E+09 2.733E+00 1.796E+02 3.174E+03 6.125E+02 3.966E+03 3.969E+03 7.477E+06 22.2893 1.00000
  3.981E+09 3.981E+09 2.746E+00 2.018E+02 3.561E+03 7.004E+02 4.463E+03 4.466E+03 7.580E+06 22.5196 1.00000
  4.467E+09 4.467E+09 2.759E+00 2.267E+02 3.996E+03 8.009E+02 5.024E+03 5.026E+03 7.683E+06 22.7498 1.00000
  5.012E+09 5.012E+09 2.772E+00 2.547E+02 4.484E+03 9.159E+02 5.655E+03 5.657E+03 7.785E+06 22.9801 1.00000
  5.623E+09 5.623E+09 2.785E+00 2.861E+02 5.031E+03 1.048E+03 6.365E+03 6.368E+03 7.887E+06 23.2103 1.00000
  6.310E+09 6.310E+09 2.798E+00 3.213E+02 5.645E+03 1.198E+03 7.165E+03 7.168E+03 7.989E+06 23.4406 1.00000
  7.079E+09 7.079E+09 2.811E+00 3.609E+02 6.335E+03 1.370E+03 8.066E+03 8.069E+03 8.090E+06 23.6709 1.00000
  7.943E+09 7.943E+09 2.824E+00 4.052E+02 7.108E+03 1.568E+03 9.081E+03 9.083E+03 8.191E+06 23.9011 1.00000
  8.913E+09 8.913E+09 2.837E+00 4.551E+02 7.975E+03 1.793E+03 1.022E+04 1.023E+04 8.292E+06 24.1314 1.00000
  1.000E+10 1.000E+10 2.851E+00 5.110E+02 8.949E+03 2.051E+03 1.151E+04 1.151E+04 8.392E+06 24.3616 1.00000
  1.122E+10 1.122E+10 2.864E+00 5.737E+02 1.004E+04 2.347E+03 1.296E+04 1.296E+04 8.493E+06 24.5919 1.00000
  1.259E+10 1.259E+10 2.878E+00 6.441E+02 1.127E+04 2.685E+03 1.460E+04 1.460E+04 8.592E+06 24.8222 1.00000
  1.413E+10 1.413E+10 2.891E+00 7.231E+02 1.264E+04 3.072E+03 1.644E+04 1.644E+04 8.692E+06 25.0524 1.00000
  1.585E+10 1.585E+10 2.905E+00 8.118E+02 1.418E+04 3.515E+03 1.851E+04 1.851E+04 8.791E+06 25.2827 1.00000
  1.778E+10 1.778E+10 2.919E+00 9.113E+02 1.591E+04 4.022E+03 2.085E+04 2.085E+04 8.889E+06 25.5129 1.00000
  1.995E+10 1.995E+10 2.932E+00 1.023E+03 1.786E+04 4.603E+03 2.348E+04 2.348E+04 8.987E+06 25.7432 1.00000
  2.239E+10 2.239E+10 2.946E+00 1.148E+03 2.003E+04 5.268E+03 2.645E+04 2.645E+04 9.085E+06 25.9735 1.00000
  2.512E+10 2.512E+10 2.960E+00 1.289E+03 2.248E+04 6.029E+03 2.980E+04 2.980E+04 9.183E+06 26.2037 1.00000
  2.818E+10 2.818E+10 2.974E+00 1.447E+03 2.522E+04 6.900E+03 3.357E+04 3.357E+04 9.280E+06 26.4340 1.00000
  3.162E+10 3.162E+10 2.988E+00 1.624E+03 2.830E+04 7.898E+03 3.782E+04 3.782E+04 9.376E+06 26.6642 1.00000
  3.548E+10 3.548E+10 3.003E+00 1.822E+03 3.175E+04 9.040E+03 4.261E+04 4.262E+04 9.473E+06 26.8945 1.00000
  3.981E+10 3.981E+10 3.017E+00 2.045E+03 3.563E+04 1.035E+04 4.802E+04 4.802E+04 9.569E+06 27.1247 1.00000
  4.467E+10 4.467E+10 3.031E+00 2.295E+03 3.997E+04 1.185E+04 5.411E+04 5.412E+04 9.664E+06 27.3550 1.00000
  5.012E+10 5.012E+10 3.046E+00 2.576E+03 4.485E+04 1.356E+04 6.099E+04 6.099E+04 9.759E+06 27.5853 1.00000
  5.623E+10 5.623E+10 3.060E+00 2.891E+03 5.032E+04 1.553E+04 6.874E+04 6.874E+04 9.854E+06 27.8155 1.00000
  6.310E+10 6.310E+10 3.075E+00 3.244E+03 5.646E+04 1.778E+04 7.748E+04 7.748E+04 9.948E+06 28.0458 1.00000
  7.079E+10 7.079E+10 3.089E+00 3.641E+03 6.335E+04 2.036E+04 8.734E+04 8.735E+04 1.004E+07 28.2760 1.00000
  7.943E+10 7.943E+10 3.104E+00 4.086E+03 7.108E+04 2.331E+04 9.847E+04 9.847E+04 1.013E+07 28.5063 1.00000
  8.913E+10 8.913E+10 3.119E+00 4.585E+03 7.975E+04 2.669E+04 1.110E+05 1.110E+05 1.023E+07 28.7366 1.00000
  1.000E+11 1.000E+11 3.134E+00 5.145E+03 8.948E+04 3.057E+04 1.252E+05 1.252E+05 1.032E+07 28.9668 1.00000
  1.122E+11 1.122E+11 3.149E+00 5.773E+03 1.004E+05 3.501E+04 1.412E+05 1.412E+05 1.041E+07 29.1971 1.00000
  1.259E+11 1.259E+11 3.164E+00 6.479E+03 1.126E+05 4.009E+04 1.592E+05 1.592E+05 1.050E+07 29.4273 1.00000
  1.413E+11 1.413E+11 3.179E+00 7.270E+03 1.264E+05 4.592E+04 1.796E+05 1.796E+05 1.059E+07 29.6576 1.00000
  1.585E+11 1.585E+11 3.195E+00 8.158E+03 1.418E+05 5.260E+04 2.026E+05 2.026E+05 1.069E+07 29.8878 1.00000
  1.778E+11 1.778E+11 3.210E+00 9.154E+03 1.591E+05 6.025E+04 2.285E+05 2.285E+05 1.078E+07 30.1181 1.00000
  1.995E+11 1.995E+11 3.225E+00 1.027E+04 1.785E+05 6.902E+04 2.578E+05 2.578E+05 1.086E+07 30.3484 1.00000
  2.239E+11 2.239E+11 3.241E+00 1.153E+04 2.003E+05 7.907E+04 2.909E+05 2.909E+05 1.095E+07 30.5786 1.00000
  2.512E+11 2.512E+11 3.257E+00 1.293E+04 2.247E+05 9.059E+04 3.282E+05 3.282E+05 1.104E+07 30.8089 1.00000
  2.818E+11 2.818E+11 3.272E+00 1.451E+04 2.521E+05 1.038E+05 3.704E+05 3.704E+05 1.113E+07 31.0391 1.00000
  3.162E+11 3.162E+11 3.288E+00 1.628E+04 2.829E+05 1.189E+05 4.181E+05 4.181E+05 1.122E+07 31.2694 1.00000
  3.548E+11 3.548E+11 3.304E+00 1.827E+04 3.174E+05 1.363E+05 4.719E+05 4.719E+05 1.131E+07 31.4997 1.00000
  3.981E+11 3.981E+11 3.320E+00 2.050E+04 3.561E+05 1.561E+05 5.327E+05 5.327E+05 1.139E+07 31.7299 1.00000
  4.467E+11 4.467E+11 3.336E+00 2.300E+04 3.995E+05 1.789E+05 6.015E+05 6.015E+05 1.148E+07 31.9602 1.00000
  5.012E+11 5.012E+11 3.352E+00 2.581E+04 4.483E+05 2.051E+05 6.791E+05 6.791E+05 1.156E+07 32.1904 1.00000
  5.623E+11 5.623E+11 3.368E+00 2.896E+04 5.029E+05 2.350E+05 7.669E+05 7.669E+05 1.165E+07 32.4207 1.00000
  6.310E+11 6.310E+11 3.385E+00 3.249E+04 5.643E+05 2.693E+05 8.661E+05 8.661E+05 1.173E+07 32.6509 1.00000
  7.079E+11 7.079E+11 3.401E+00 3.646E+04 6.331E+05 3.087E+05 9.783E+05 9.783E+05 1.182E+07 32.8812 1.00000
  7.943E+11 7.943E+11 3.418E+00 4.091E+04 7.103E+05 3.539E+05 1.105E+06 1.105E+06 1.190E+07 33.1115 1.00000
  8.913E+11 8.913E+11 3.434E+00 4.590E+04 7.970E+05 4.057E+05 1.249E+06 1.249E+06 1.198E+07 33.3417 1.00000
  1.000E+12 1.000E+12 3.451E+00 5.150E+04 8.942E+05 4.650E+05 1.411E+06 1.411E+06 1.206E+07 33.5720 1.00000
  1.122E+12 1.122E+12 3.468E+00 5.779E+04 1.003E+06 5.331E+05 1.594E+06 1.594E+06 1.215E+07 33.8022 1.00000
  1.259E+12 1.259E+12 3.485E+00 6.484E+04 1.126E+06 6.112E+05 1.802E+06 1.802E+06 1.223E+07 34.0325 1.00000
  1.413E+12 1.413E+12 3.502E+00 7.275E+04 1.263E+06 7.008E+05 2.037E+06 2.037E+06 1.231E+07 34.2628 1.00000
  1.585E+12 1.585E+12 3.519E+00 8.163E+04 1.417E+06 8.035E+05 2.302E+06 2.302E+06 1.239E+07 34.4930 1.00000
  1.778E+12 1.778E+12 3.536E+00 9.159E+04 1.590E+06 9.214E+05 2.603E+06 2.603E+06 1.247E+07 34.7233 1.00000
  1.995E+12 1.995E+12 3.553E+00 1.028E+05 1.784E+06 1.057E+06 2.943E+06 2.943E+06 1.254E+07 34.9535 1.00000
  2.239E+12 2.239E+12 3.571E+00 1.153E+05 2.001E+06 1.212E+06 3.328E+06 3.328E+06 1.262E+07 35.1838 1.00000
  2.512E+12 2.512E+12 3.588E+00 1.294E+05 2.245E+06 1.390E+06 3.764E+06 3.764E+06 1.270E+07 35.4140 1.00000
  2.818E+12 2.818E+12 3.606E+00 1.452E+05 2.519E+06 1.594E+06 4.258E+06 4.258E+06 1.278E+07 35.6443 1.00000
  3.162E+12 3.162E+12 3.623E+00 1.629E+05 2.827E+06 1.828E+06 4.817E+06 4.817E+06 1.285E+07 35.8746 1.00000
  3.548E+12 3.548E+12 3.641E+00 1.828E+05 3.171E+06 2.097E+06 5.451E+06 5.451E+06 1.293E+07 36.1048 1.00000
  3.981E+12 3.981E+12 3.659E+00 2.051E+05 3.558E+06 2.405E+06 6.168E+06 6.168E+06 1.300E+07 36.3351 1.00000
  4.467E+12 4.467E+12 3.677E+00 2.301E+05 3.992E+06 2.759E+06 6.981E+06 6.981E+06 1.308E+07 36.5653 1.00000
  5.012E+12 5.012E+12 3.695E+00 2.582E+05 4.479E+06 3.165E+06 7.902E+06 7.902E+06 1.315E+07 36.7956 1.00000
  5.623E+12 5.623E+12 3.713E+00 2.897E+05 5.025E+06 3.631E+06 8.946E+06 8.946E+06 1.322E+07 37.0259 1.00000
  6.310E+12 6.310E+12 3.731E+00 3.250E+05 5.638E+06 4.165E+06 1.013E+07 1.013E+07 1.330E+07 37.2561 1.00000
  7.079E+12 7.079E+12 3.749E+00 3.647E+05 6.326E+06 4.779E+06 1.147E+07 1.147E+07 1.337E+07 37.4864 1.00000
  7.943E+12 7.943E+12 3.768E+00 4.092E+05 7.098E+06 5.484E+06 1.299E+07 1.299E+07 1.344E+07 37.7166 1.00000
  8.913E+12 8.913E+12 3.786E+00 4.591E+05 7.963E+06 6.292E+06 1.471E+07 1.471E+07 1.351E+07 37.9469 1.00000
  1.000E+13 1.000E+13 3.805E+00 5.151E+05 8.934E+06 7.221E+06 1.667E+07 1.667E+07 1.358E+07 38.1772 1.00000
  1.122E+13 1.122E+13 3.824E+00 5.780E+05 1.002E+07 8.286E+06 1.889E+07 1.889E+07 1.365E+07 38.4074 1.00000
  1.259E+13 1.259E+13 3.843E+00 6.485E+05 1.125E+07 9.509E+06 2.140E+07 2.140E+07 1.371E+07 38.6377 1.00000
  1.413E+13 1.413E+13 3.862E+00 7.276E+05 1.262E+07 1.091E+07 2.426E+07 2.426E+07 1.378E+07 38.8679 1.00000
  1.585E+13 1.585E+13 3.881E+00 8.164E+05 1.416E+07 1.253E+07 2.750E+07 2.750E+07 1.385E+07 39.0982 1.00000
  1.778E+13 1.778E+13 3.900E+00 9.160E+05 1.588E+07 1.438E+07 3.118E+07 3.118E+07 1.392E+07 39.3284 1.00000
  1.995E+13 1.995E+13 3.919E+00 1.028E+06 1.782E+07 1.650E+07 3.535E+07 3.535E+07 1.398E+07 39.5587 1.00000
  2.239E+13 2.239E+13 3.938E+00 1.153E+06 1.999E+07 1.894E+07 4.009E+07 4.009E+07 1.405E+07 39.7890 1.00000
  2.512E+13 2.512E+13 3.958E+00 1.294E+06 2.243E+07 2.175E+07 4.547E+07 4.547E+07 1.411E+07 40.0192 1.00000
  2.818E+13 2.818E+13 3.977E+00 1.452E+06 2.517E+07 2.497E+07 5.159E+07 5.159E+07 1.417E+07 40.2495 1.00000
  3.162E+13 3.162E+13 3.997E+00 1.629E+06 2.824E+07 2.866E+07 5.853E+07 5.853E+07 1.424E+07 40.4797 1.00000
  3.548E+13 3.548E+13 4.017E+00 1.828E+06 3.168E+07 3.291E+07 6.642E+07 6.642E+07 1.430E+07 40.7100 1.00000
  3.981E+13 3.981E+13 4.037E+00 2.051E+06 3.555E+07 3.779E+07 7.538E+07 7.538E+07 1.436E+07 40.9403 1.00000
  4.467E+13 4.467E+13 4.057E+00 2.301E+06 3.988E+07 4.339E+07 8.557E+07 8.557E+07 1.442E+07 41.1705 1.00000
  5.012E+13 5.012E+13 4.077E+00 2.582E+06 4.474E+07 4.982E+07 9.715E+07 9.715E+07 1.448E+07 41.4008 1.00000
  5.623E+13 5.623E+13 4.097E+00 2.897E+06 5.020E+07 5.721E+07 1.103E+08 1.103E+08 1.454E+07 41.6310 1.00000
  6.310E+13 6.310E+13 4.117E+00 3.250E+06 5.632E+07 6.570E+07 1.253E+08 1.253E+08 1.460E+07 41.8613 1.00000
  7.079E+13 7.079E+13 4.138E+00 3.647E+06 6.319E+07 7.545E+07 1.423E+08 1.423E+08 1.466E+07 42.0915 1.00000
  7.943E+13 7.943E+13 4.158E+00 4.092E+06 7.090E+07 8.666E+07 1.617E+08 1.617E+08 1.471E+07 42.3218 1.00000
  8.913E+13 8.913E+13 4.179E+00 4.591E+06 7.955E+07 9.953E+07 1.837E+08 1.837E+08 1.477E+07 42.5521 1.00000
  1.000E+14 1.000E+14 4.200E+00 5.151E+06 8.925E+07 1.143E+08 2.087E+08 2.087E+08 1.482E+07 42.7823 1.00000
  1.122E+14 1.122E+14 4.221E+00 5.780E+06 1.001E+08 1.313E+08 2.372E+08 2.372E+08 1.488E+07 43.0126 1.00000
  1.259E+14 1.259E+14 4.242E+00 6.485E+06 1.123E+08 1.508E+08 2.697E+08 2.697E+08 1.493E+07 43.2428 1.00000
  1.413E+14 1.413E+14 4.263E+00 7.276E+06 1.260E+08 1.733E+08 3.066E+08 3.066E+08 1.499E+07 43.4731 1.00000
  1.585E+14 1.585E+14 4.284E+00 8.164E+06 1.414E+08 1.991E+08 3.487E+08 3.487E+08 1.504E+07 43.7034 1.00000
  1.778E+14 1.778E+14 4.305E+00 9.160E+06 1.587E+08 2.287E+08 3.965E+08 3.965E+08 1.509E+07 43.9336 1.00000
  1.995E+14 1.995E+14 4.327E+00 1.028E+07 1.780E+08 2.628E+08 4.511E+08 4.511E+08 1.514E+07 44.1639 1.00000
  2.239E+14 2.239E+14 4.348E+00 1.153E+07 1.997E+08 3.019E+08 5.132E+08 5.132E+08 1.519E+07 44.3941 1.00000
  2.512E+14 2.512E+14 4.370E+00 1.294E+07 2.241E+08 3.469E+08 5.839E+08 5.839E+08 1.524E+07 44.6244 1.00000
  2.818E+14 2.818E+14 4.392E+00 1.452E+07 2.514E+08 3.986E+08 6.645E+08 6.645E+08 1.529E+07 44.8546 1.00000
  3.162E+14 3.162E+14 4.413E+00 1.629E+07 2.820E+08 4.581E+08 7.564E+08 7.564E+08 1.534E+07 45.0849 1.00000
  3.548E+14 3.548E+14 4.435E+00 1.828E+07 3.164E+08 5.264E+08 8.611E+08 8.611E+08 1.539E+07 45.3152 1.00000
  3.981E+14 3.981E+14 4.458E+00 2.051E+07 3.550E+08 6.050E+08 9.805E+08 9.805E+08 1.544E+07 45.5454 1.00000
  4.467E+14 4.467E+14 4.480E+00 2.301E+07 3.983E+08 6.953E+08 1.117E+09 1.117E+09 1.548E+07 45.7757 1.00000
  5.012E+14 5.012E+14 4.502E+00 2.582E+07 4.469E+08 7.991E+08 1.272E+09 1.272E+09 1.553E+07 46.0059 1.00000
  5.623E+14 5.623E+14 4.525E+00 2.897E+07 5.014E+08 9.185E+08 1.449E+09 1.449E+09 1.557E+07 46.2362 1.00000
  6.310E+14 6.310E+14 4.547E+00 3.250E+07 5.625E+08 1.056E+09 1.651E+09 1.651E+09 1.562E+07 46.4665 1.00000
  7.079E+14 7.079E+14 4.570E+00 3.647E+07 6.311E+08 1.214E+09 1.881E+09 1.881E+09 1.566E+07 46.6967 1.00000
  7.943E+14 7.943E+14 4.593E+00 4.092E+07 7.081E+08 1.395E+09 2.144E+09 2.144E+09 1.571E+07 46.9270 1.00000
  8.913E+14 8.913E+14 4.616E+00 4.591E+07 7.944E+08 1.604E+09 2.444E+09 2.444E+09 1.575E+07 47.1572 1.00000
  1.000E+15 1.000E+15 4.639E+00 5.151E+07 8.913E+08 1.844E+09 2.786E+09 2.786E+09 1.579E+07 47.3875 1.00000
