 Incident particle is a Tau with M = 1776.82000 MeV
 Index = 0: Hassium
      Absorber with <Z/A> = 0.40129
 Density effect computed following Fano (1963)
 Models for Radloss: brems =  SSR, pair =  SSR, photonuc = DRSS

 *** Table generated with PUMAS v1.1 ***

      T         p     Ionization  brems     pair     photonuc  Radloss    dE/dx   CSDA Range  delta   beta
    [MeV]    [MeV/c]  -----------------------[MeV cm^2/g]------------------------  [g/cm^2]
  1.000E+05 1.018E+05 1.566E+00 2.761E-04 2.462E-02 6.070E-03 3.096E-02 1.597E+00 3.131E+04  2.5783 0.99985
  1.122E+05 1.140E+05 1.585E+00 3.368E-04 2.947E-02 6.836E-03 3.664E-02 1.622E+00 3.889E+04  2.7289 0.99988
  1.259E+05 1.277E+05 1.604E+00 4.102E-04 3.517E-02 7.682E-03 4.326E-02 1.647E+00 4.726E+04  2.8838 0.99990
  1.413E+05 1.430E+05 1.623E+00 4.988E-04 4.185E-02 8.609E-03 5.096E-02 1.674E+00 5.651E+04  3.0428 0.99992
  1.585E+05 1.603E+05 1.641E+00 6.054E-04 4.968E-02 9.654E-03 5.994E-02 1.701E+00 6.673E+04  3.2058 0.99994
  1.778E+05 1.796E+05 1.659E+00 7.334E-04 5.883E-02 1.080E-02 7.036E-02 1.730E+00 7.800E+04  3.3727 0.99995
  1.995E+05 2.013E+05 1.678E+00 8.869E-04 6.949E-02 1.209E-02 8.247E-02 1.760E+00 9.043E+04  3.5434 0.99996
  2.239E+05 2.256E+05 1.696E+00 1.070E-03 8.190E-02 1.352E-02 9.649E-02 1.792E+00 1.041E+05  3.7178 0.99997
  2.512E+05 2.530E+05 1.713E+00 1.289E-03 9.632E-02 1.510E-02 1.127E-01 1.826E+00 1.192E+05  3.8960 0.99998
  2.818E+05 2.836E+05 1.731E+00 1.550E-03 1.130E-01 1.687E-02 1.315E-01 1.862E+00 1.359E+05  4.0777 0.99998
  3.162E+05 3.180E+05 1.748E+00 1.860E-03 1.324E-01 1.886E-02 1.531E-01 1.901E+00 1.541E+05  4.2629 0.99998
  3.548E+05 3.566E+05 1.765E+00 2.228E-03 1.548E-01 2.107E-02 1.781E-01 1.943E+00 1.742E+05  4.4515 0.99999
  3.981E+05 3.999E+05 1.782E+00 2.663E-03 1.806E-01 2.353E-02 2.068E-01 1.989E+00 1.962E+05  4.6432 0.99999
  4.467E+05 4.485E+05 1.799E+00 3.177E-03 2.104E-01 2.628E-02 2.399E-01 2.039E+00 2.204E+05  4.8379 0.99999
  5.012E+05 5.030E+05 1.815E+00 3.782E-03 2.447E-01 2.935E-02 2.778E-01 2.093E+00 2.467E+05  5.0353 0.99999
  5.623E+05 5.641E+05 1.831E+00 4.495E-03 2.841E-01 3.280E-02 3.214E-01 2.153E+00 2.755E+05  5.2354 1.00000
  6.310E+05 6.327E+05 1.848E+00 5.332E-03 3.293E-01 3.668E-02 3.713E-01 2.219E+00 3.069E+05  5.4378 1.00000
  7.079E+05 7.097E+05 1.864E+00 6.315E-03 3.811E-01 4.104E-02 4.284E-01 2.292E+00 3.411E+05  5.6425 1.00000
  7.943E+05 7.961E+05 1.879E+00 7.462E-03 4.404E-01 4.593E-02 4.938E-01 2.373E+00 3.781E+05  5.8493 1.00000
  8.913E+05 8.930E+05 1.895E+00 8.807E-03 5.083E-01 5.141E-02 5.685E-01 2.463E+00 4.182E+05  6.0580 1.00000
  1.000E+06 1.002E+06 1.910E+00 1.038E-02 5.858E-01 5.761E-02 6.538E-01 2.564E+00 4.615E+05  6.2687 1.00000
  1.122E+06 1.124E+06 1.926E+00 1.220E-02 6.742E-01 6.457E-02 7.510E-01 2.677E+00 5.080E+05  6.4811 1.00000
  1.259E+06 1.261E+06 1.941E+00 1.433E-02 7.751E-01 7.246E-02 8.619E-01 2.803E+00 5.580E+05  6.6951 1.00000
  1.413E+06 1.414E+06 1.956E+00 1.680E-02 8.899E-01 8.134E-02 9.880E-01 2.944E+00 6.115E+05  6.9108 1.00000
  1.585E+06 1.587E+06 1.970E+00 1.967E-02 1.020E+00 9.139E-02 1.132E+00 3.102E+00 6.685E+05  7.1279 1.00000
  1.778E+06 1.780E+06 1.985E+00 2.299E-02 1.169E+00 1.027E-01 1.295E+00 3.279E+00 7.292E+05  7.3463 1.00000
  1.995E+06 1.997E+06 1.999E+00 2.685E-02 1.338E+00 1.156E-01 1.480E+00 3.479E+00 7.934E+05  7.5660 1.00000
  2.239E+06 2.240E+06 2.013E+00 3.132E-02 1.529E+00 1.302E-01 1.690E+00 3.704E+00 8.612E+05  7.7868 1.00000
  2.512E+06 2.514E+06 2.027E+00 3.647E-02 1.746E+00 1.467E-01 1.929E+00 3.956E+00 9.325E+05  8.0085 1.00000
  2.818E+06 2.820E+06 2.041E+00 4.240E-02 1.991E+00 1.654E-01 2.199E+00 4.240E+00 1.007E+06  8.2311 1.00000
  3.162E+06 3.164E+06 2.055E+00 4.925E-02 2.270E+00 1.867E-01 2.506E+00 4.560E+00 1.086E+06  8.4545 1.00000
  3.548E+06 3.550E+06 2.068E+00 5.718E-02 2.585E+00 2.108E-01 2.852E+00 4.921E+00 1.167E+06  8.6786 1.00000
  3.981E+06 3.983E+06 2.082E+00 6.629E-02 2.941E+00 2.381E-01 3.245E+00 5.327E+00 1.252E+06  8.9033 1.00000
  4.467E+06 4.469E+06 2.095E+00 7.676E-02 3.343E+00 2.693E-01 3.689E+00 5.784E+00 1.339E+06  9.1286 1.00000
  5.012E+06 5.014E+06 2.108E+00 8.878E-02 3.797E+00 3.046E-01 4.191E+00 6.298E+00 1.429E+06  9.3544 1.00000
  5.623E+06 5.625E+06 2.121E+00 1.026E-01 4.310E+00 3.449E-01 4.758E+00 6.878E+00 1.522E+06  9.5807 1.00000
  6.310E+06 6.311E+06 2.133E+00 1.184E-01 4.889E+00 3.907E-01 5.398E+00 7.532E+00 1.617E+06  9.8075 1.00000
  7.079E+06 7.081E+06 2.146E+00 1.365E-01 5.542E+00 4.428E-01 6.121E+00 8.267E+00 1.715E+06 10.0346 1.00000
  7.943E+06 7.945E+06 2.158E+00 1.574E-01 6.278E+00 5.022E-01 6.938E+00 9.096E+00 1.815E+06 10.2622 1.00000
  8.913E+06 8.914E+06 2.171E+00 1.813E-01 7.108E+00 5.697E-01 7.859E+00 1.003E+01 1.916E+06 10.4902 1.00000
  1.000E+07 1.000E+07 2.183E+00 2.086E-01 8.043E+00 6.467E-01 8.898E+00 1.108E+01 2.019E+06 10.7185 1.00000
  1.122E+07 1.122E+07 2.195E+00 2.398E-01 9.095E+00 7.344E-01 1.007E+01 1.226E+01 2.124E+06 10.9471 1.00000
  1.259E+07 1.259E+07 2.207E+00 2.755E-01 1.028E+01 8.343E-01 1.139E+01 1.360E+01 2.230E+06 11.1759 1.00000
  1.413E+07 1.413E+07 2.218E+00 3.162E-01 1.162E+01 9.483E-01 1.288E+01 1.510E+01 2.337E+06 11.4050 1.00000
  1.585E+07 1.585E+07 2.230E+00 3.626E-01 1.312E+01 1.078E+00 1.456E+01 1.679E+01 2.445E+06 11.6343 1.00000
  1.778E+07 1.778E+07 2.242E+00 4.156E-01 1.481E+01 1.226E+00 1.645E+01 1.869E+01 2.554E+06 11.8638 1.00000
  1.995E+07 1.995E+07 2.253E+00 4.759E-01 1.671E+01 1.395E+00 1.858E+01 2.083E+01 2.664E+06 12.0934 1.00000
  2.239E+07 2.239E+07 2.265E+00 5.446E-01 1.884E+01 1.588E+00 2.098E+01 2.324E+01 2.775E+06 12.3231 1.00000
  2.512E+07 2.512E+07 2.276E+00 6.229E-01 2.125E+01 1.808E+00 2.368E+01 2.595E+01 2.886E+06 12.5530 1.00000
  2.818E+07 2.819E+07 2.287E+00 7.118E-01 2.395E+01 2.059E+00 2.672E+01 2.900E+01 2.998E+06 12.7829 1.00000
  3.162E+07 3.162E+07 2.298E+00 8.130E-01 2.698E+01 2.345E+00 3.014E+01 3.244E+01 3.110E+06 13.0129 1.00000
  3.548E+07 3.548E+07 2.310E+00 9.280E-01 3.039E+01 2.672E+00 3.399E+01 3.630E+01 3.222E+06 13.2429 1.00000
  3.981E+07 3.981E+07 2.321E+00 1.059E+00 3.423E+01 3.045E+00 3.833E+01 4.065E+01 3.335E+06 13.4730 1.00000
  4.467E+07 4.467E+07 2.332E+00 1.207E+00 3.853E+01 3.471E+00 4.321E+01 4.554E+01 3.448E+06 13.7031 1.00000
  5.012E+07 5.012E+07 2.343E+00 1.376E+00 4.337E+01 3.957E+00 4.870E+01 5.105E+01 3.561E+06 13.9332 1.00000
  5.623E+07 5.624E+07 2.354E+00 1.567E+00 4.880E+01 4.513E+00 5.488E+01 5.724E+01 3.674E+06 14.1634 1.00000
  6.310E+07 6.310E+07 2.365E+00 1.784E+00 5.491E+01 5.147E+00 6.184E+01 6.420E+01 3.787E+06 14.3936 1.00000
  7.079E+07 7.080E+07 2.377E+00 2.029E+00 6.176E+01 5.871E+00 6.966E+01 7.204E+01 3.900E+06 14.6238 1.00000
  7.943E+07 7.943E+07 2.388E+00 2.307E+00 6.945E+01 6.698E+00 7.846E+01 8.085E+01 4.013E+06 14.8540 1.00000
  8.913E+07 8.913E+07 2.399E+00 2.622E+00 7.810E+01 7.643E+00 8.836E+01 9.076E+01 4.126E+06 15.0842 1.00000
  1.000E+08 1.000E+08 2.410E+00 2.978E+00 8.780E+01 8.723E+00 9.950E+01 1.019E+02 4.239E+06 15.3144 1.00000
  1.122E+08 1.122E+08 2.421E+00 3.381E+00 9.869E+01 9.956E+00 1.120E+02 1.144E+02 4.352E+06 15.5447 1.00000
  1.259E+08 1.259E+08 2.433E+00 3.836E+00 1.109E+02 1.137E+01 1.261E+02 1.286E+02 4.465E+06 15.7749 1.00000
  1.413E+08 1.413E+08 2.444E+00 4.350E+00 1.246E+02 1.298E+01 1.420E+02 1.444E+02 4.578E+06 16.0051 1.00000
  1.585E+08 1.585E+08 2.455E+00 4.931E+00 1.401E+02 1.482E+01 1.598E+02 1.623E+02 4.690E+06 16.2354 1.00000
  1.778E+08 1.778E+08 2.467E+00 5.588E+00 1.574E+02 1.692E+01 1.799E+02 1.823E+02 4.802E+06 16.4656 1.00000
  1.995E+08 1.995E+08 2.478E+00 6.328E+00 1.768E+02 1.932E+01 2.024E+02 2.049E+02 4.915E+06 16.6959 1.00000
  2.239E+08 2.239E+08 2.489E+00 7.164E+00 1.986E+02 2.207E+01 2.278E+02 2.303E+02 5.027E+06 16.9261 1.00000
  2.512E+08 2.512E+08 2.501E+00 8.107E+00 2.230E+02 2.521E+01 2.563E+02 2.588E+02 5.139E+06 17.1564 1.00000
  2.818E+08 2.818E+08 2.512E+00 9.170E+00 2.505E+02 2.880E+01 2.884E+02 2.909E+02 5.250E+06 17.3866 1.00000
  3.162E+08 3.162E+08 2.524E+00 1.037E+01 2.813E+02 3.290E+01 3.245E+02 3.271E+02 5.362E+06 17.6169 1.00000
  3.548E+08 3.548E+08 2.536E+00 1.172E+01 3.158E+02 3.760E+01 3.652E+02 3.677E+02 5.473E+06 17.8471 1.00000
  3.981E+08 3.981E+08 2.547E+00 1.324E+01 3.546E+02 4.296E+01 4.108E+02 4.134E+02 5.584E+06 18.0774 1.00000
  4.467E+08 4.467E+08 2.559E+00 1.495E+01 3.982E+02 4.909E+01 4.622E+02 4.648E+02 5.695E+06 18.3077 1.00000
  5.012E+08 5.012E+08 2.571E+00 1.688E+01 4.470E+02 5.611E+01 5.200E+02 5.226E+02 5.805E+06 18.5379 1.00000
  5.623E+08 5.623E+08 2.583E+00 1.905E+01 5.019E+02 6.413E+01 5.850E+02 5.876E+02 5.915E+06 18.7682 1.00000
  6.310E+08 6.310E+08 2.595E+00 2.150E+01 5.634E+02 7.330E+01 6.582E+02 6.608E+02 6.025E+06 18.9984 1.00000
  7.079E+08 7.079E+08 2.607E+00 2.424E+01 6.324E+02 8.379E+01 7.405E+02 7.431E+02 6.135E+06 19.2287 1.00000
  7.943E+08 7.943E+08 2.619E+00 2.734E+01 7.099E+02 9.579E+01 8.330E+02 8.356E+02 6.245E+06 19.4589 1.00000
  8.913E+08 8.913E+08 2.631E+00 3.082E+01 7.968E+02 1.095E+02 9.372E+02 9.398E+02 6.354E+06 19.6892 1.00000
  1.000E+09 1.000E+09 2.643E+00 3.473E+01 8.944E+02 1.252E+02 1.054E+03 1.057E+03 6.463E+06 19.9195 1.00000
  1.122E+09 1.122E+09 2.655E+00 3.912E+01 1.004E+03 1.432E+02 1.186E+03 1.189E+03 6.572E+06 20.1497 1.00000
  1.259E+09 1.259E+09 2.667E+00 4.407E+01 1.127E+03 1.637E+02 1.334E+03 1.337E+03 6.680E+06 20.3800 1.00000
  1.413E+09 1.413E+09 2.680E+00 4.962E+01 1.264E+03 1.872E+02 1.501E+03 1.504E+03 6.789E+06 20.6102 1.00000
  1.585E+09 1.585E+09 2.692E+00 5.587E+01 1.419E+03 2.141E+02 1.689E+03 1.692E+03 6.897E+06 20.8405 1.00000
  1.778E+09 1.778E+09 2.705E+00 6.288E+01 1.593E+03 2.449E+02 1.900E+03 1.903E+03 7.004E+06 21.0707 1.00000
  1.995E+09 1.995E+09 2.717E+00 7.076E+01 1.787E+03 2.801E+02 2.138E+03 2.141E+03 7.112E+06 21.3010 1.00000
  2.239E+09 2.239E+09 2.730E+00 7.962E+01 2.006E+03 3.204E+02 2.406E+03 2.409E+03 7.219E+06 21.5313 1.00000
  2.512E+09 2.512E+09 2.743E+00 8.956E+01 2.251E+03 3.665E+02 2.707E+03 2.710E+03 7.326E+06 21.7615 1.00000
  2.818E+09 2.818E+09 2.755E+00 1.007E+02 2.526E+03 4.193E+02 3.046E+03 3.049E+03 7.432E+06 21.9918 1.00000
  3.162E+09 3.162E+09 2.768E+00 1.133E+02 2.835E+03 4.797E+02 3.428E+03 3.430E+03 7.539E+06 22.2220 1.00000
  3.548E+09 3.548E+09 2.781E+00 1.274E+02 3.181E+03 5.489E+02 3.857E+03 3.860E+03 7.645E+06 22.4523 1.00000
  3.981E+09 3.981E+09 2.794E+00 1.432E+02 3.570E+03 6.280E+02 4.341E+03 4.344E+03 7.750E+06 22.6825 1.00000
  4.467E+09 4.467E+09 2.807E+00 1.609E+02 4.006E+03 7.186E+02 4.885E+03 4.888E+03 7.856E+06 22.9128 1.00000
  5.012E+09 5.012E+09 2.820E+00 1.809E+02 4.495E+03 8.224E+02 5.498E+03 5.501E+03 7.961E+06 23.1431 1.00000
  5.623E+09 5.623E+09 2.834E+00 2.033E+02 5.044E+03 9.411E+02 6.188E+03 6.191E+03 8.066E+06 23.3733 1.00000
  6.310E+09 6.310E+09 2.847E+00 2.284E+02 5.660E+03 1.077E+03 6.965E+03 6.968E+03 8.170E+06 23.6036 1.00000
  7.079E+09 7.079E+09 2.860E+00 2.566E+02 6.351E+03 1.233E+03 7.840E+03 7.843E+03 8.274E+06 23.8338 1.00000
  7.943E+09 7.943E+09 2.874E+00 2.883E+02 7.126E+03 1.411E+03 8.825E+03 8.828E+03 8.378E+06 24.0641 1.00000
  8.913E+09 8.913E+09 2.887E+00 3.238E+02 7.996E+03 1.615E+03 9.935E+03 9.938E+03 8.481E+06 24.2944 1.00000
  1.000E+10 1.000E+10 2.901E+00 3.637E+02 8.972E+03 1.849E+03 1.118E+04 1.119E+04 8.584E+06 24.5246 1.00000
  1.122E+10 1.122E+10 2.914E+00 4.085E+02 1.007E+04 2.117E+03 1.259E+04 1.260E+04 8.687E+06 24.7548 1.00000
  1.259E+10 1.259E+10 2.928E+00 4.587E+02 1.130E+04 2.423E+03 1.418E+04 1.418E+04 8.789E+06 24.9851 1.00000
  1.413E+10 1.413E+10 2.942E+00 5.151E+02 1.268E+04 2.774E+03 1.596E+04 1.597E+04 8.891E+06 25.2154 1.00000
  1.585E+10 1.585E+10 2.956E+00 5.784E+02 1.422E+04 3.177E+03 1.798E+04 1.798E+04 8.993E+06 25.4455 1.00000
  1.778E+10 1.778E+10 2.970E+00 6.495E+02 1.596E+04 3.637E+03 2.024E+04 2.025E+04 9.094E+06 25.6758 1.00000
  1.995E+10 1.995E+10 2.984E+00 7.292E+02 1.791E+04 4.165E+03 2.280E+04 2.280E+04 9.195E+06 25.9060 1.00000
  2.239E+10 2.239E+10 2.998E+00 8.187E+02 2.009E+04 4.770E+03 2.568E+04 2.568E+04 9.296E+06 26.1359 1.00000
  2.512E+10 2.512E+10 3.012E+00 9.191E+02 2.254E+04 5.463E+03 2.892E+04 2.893E+04 9.396E+06 26.3662 1.00000
  2.818E+10 2.818E+10 3.027E+00 1.032E+03 2.529E+04 6.256E+03 3.258E+04 3.259E+04 9.496E+06 26.5964 1.00000
  3.162E+10 3.162E+10 3.041E+00 1.158E+03 2.838E+04 7.166E+03 3.671E+04 3.671E+04 9.595E+06 26.8252 1.00000
  3.548E+10 3.548E+10 3.055E+00 1.300E+03 3.185E+04 8.208E+03 4.135E+04 4.136E+04 9.694E+06 27.0554 1.00000
  3.981E+10 3.981E+10 3.070E+00 1.459E+03 3.573E+04 9.402E+03 4.659E+04 4.660E+04 9.793E+06 27.2857 1.00000
  4.467E+10 4.467E+10 3.085E+00 1.638E+03 4.009E+04 1.077E+04 5.250E+04 5.250E+04 9.891E+06 27.5159 1.00000
  5.012E+10 5.012E+10 3.100E+00 1.838E+03 4.498E+04 1.234E+04 5.916E+04 5.916E+04 9.989E+06 27.7397 1.00000
  5.623E+10 5.623E+10 3.115E+00 2.063E+03 5.047E+04 1.414E+04 6.667E+04 6.668E+04 1.009E+07 27.9700 1.00000
  6.310E+10 6.310E+10 3.129E+00 2.315E+03 5.663E+04 1.620E+04 7.515E+04 7.515E+04 1.018E+07 28.2002 1.00000
  7.079E+10 7.079E+10 3.146E+00 2.599E+03 6.354E+04 1.856E+04 8.470E+04 8.470E+04 1.028E+07 28.4013 1.00000
  7.943E+10 7.943E+10 3.161E+00 2.916E+03 7.130E+04 2.126E+04 9.548E+04 9.548E+04 1.038E+07 28.6316 1.00000
  8.913E+10 8.913E+10 3.176E+00 3.273E+03 8.000E+04 2.437E+04 1.076E+05 1.076E+05 1.047E+07 28.8618 1.00000
  1.000E+11 1.000E+11 3.191E+00 3.673E+03 8.976E+04 2.793E+04 1.214E+05 1.214E+05 1.057E+07 29.0921 1.00000
  1.122E+11 1.122E+11 3.207E+00 4.122E+03 1.007E+05 3.200E+04 1.368E+05 1.368E+05 1.066E+07 29.3224 1.00000
  1.259E+11 1.259E+11 3.232E+00 4.625E+03 1.130E+05 3.668E+04 1.543E+05 1.543E+05 1.075E+07 29.3972 1.00000
  1.413E+11 1.413E+11 3.247E+00 5.190E+03 1.268E+05 4.204E+04 1.740E+05 1.740E+05 1.085E+07 29.6274 1.00000
  1.585E+11 1.585E+11 3.263E+00 5.824E+03 1.423E+05 4.819E+04 1.963E+05 1.963E+05 1.094E+07 29.8577 1.00000
  1.778E+11 1.778E+11 3.278E+00 6.536E+03 1.596E+05 5.524E+04 2.214E+05 2.214E+05 1.103E+07 30.0879 1.00000
  1.995E+11 1.995E+11 3.294E+00 7.334E+03 1.791E+05 6.332E+04 2.498E+05 2.498E+05 1.113E+07 30.3182 1.00000
  2.239E+11 2.239E+11 3.310E+00 8.230E+03 2.010E+05 7.260E+04 2.818E+05 2.818E+05 1.122E+07 30.5485 1.00000
  2.512E+11 2.512E+11 3.326E+00 9.235E+03 2.255E+05 8.323E+04 3.179E+05 3.179E+05 1.131E+07 30.7787 1.00000
  2.818E+11 2.818E+11 3.342E+00 1.036E+04 2.530E+05 9.543E+04 3.588E+05 3.588E+05 1.140E+07 31.0090 1.00000
  3.162E+11 3.162E+11 3.358E+00 1.163E+04 2.839E+05 1.094E+05 4.049E+05 4.049E+05 1.149E+07 31.2392 1.00000
  3.548E+11 3.548E+11 3.374E+00 1.305E+04 3.185E+05 1.255E+05 4.570E+05 4.570E+05 1.158E+07 31.4695 1.00000
  3.981E+11 3.981E+11 3.390E+00 1.464E+04 3.574E+05 1.439E+05 5.159E+05 5.159E+05 1.167E+07 31.6997 1.00000
  4.467E+11 4.467E+11 3.407E+00 1.643E+04 4.010E+05 1.650E+05 5.824E+05 5.824E+05 1.176E+07 31.9300 1.00000
  5.012E+11 5.012E+11 3.423E+00 1.843E+04 4.499E+05 1.892E+05 6.575E+05 6.575E+05 1.185E+07 32.1603 1.00000
  5.623E+11 5.623E+11 3.440E+00 2.068E+04 5.048E+05 2.170E+05 7.425E+05 7.425E+05 1.193E+07 32.3905 1.00000
  6.310E+11 6.310E+11 3.456E+00 2.321E+04 5.664E+05 2.489E+05 8.385E+05 8.385E+05 1.202E+07 32.6208 1.00000
  7.079E+11 7.079E+11 3.473E+00 2.604E+04 6.355E+05 2.855E+05 9.470E+05 9.470E+05 1.211E+07 32.8510 1.00000
  7.943E+11 7.943E+11 3.490E+00 2.922E+04 7.130E+05 3.275E+05 1.070E+06 1.070E+06 1.219E+07 33.0813 1.00000
  8.913E+11 8.913E+11 3.507E+00 3.278E+04 8.000E+05 3.757E+05 1.208E+06 1.209E+06 1.228E+07 33.3116 1.00000
  1.000E+12 1.000E+12 3.524E+00 3.678E+04 8.976E+05 4.310E+05 1.365E+06 1.365E+06 1.236E+07 33.5418 1.00000
  1.122E+12 1.122E+12 3.541E+00 4.127E+04 1.007E+06 4.945E+05 1.543E+06 1.543E+06 1.245E+07 33.7721 1.00000
  1.259E+12 1.259E+12 3.558E+00 4.631E+04 1.130E+06 5.673E+05 1.744E+06 1.744E+06 1.253E+07 34.0023 1.00000
  1.413E+12 1.413E+12 3.575E+00 5.196E+04 1.268E+06 6.510E+05 1.971E+06 1.971E+06 1.261E+07 34.2326 1.00000
  1.585E+12 1.585E+12 3.593E+00 5.830E+04 1.423E+06 7.469E+05 2.228E+06 2.228E+06 1.269E+07 34.4628 1.00000
  1.778E+12 1.778E+12 3.610E+00 6.542E+04 1.596E+06 8.571E+05 2.519E+06 2.519E+06 1.278E+07 34.6931 1.00000
  1.995E+12 1.995E+12 3.628E+00 7.340E+04 1.791E+06 9.836E+05 2.848E+06 2.848E+06 1.286E+07 34.9234 1.00000
  2.239E+12 2.239E+12 3.645E+00 8.236E+04 2.010E+06 1.129E+06 3.221E+06 3.221E+06 1.294E+07 35.1536 1.00000
  2.512E+12 2.512E+12 3.663E+00 9.241E+04 2.255E+06 1.295E+06 3.643E+06 3.643E+06 1.302E+07 35.3839 1.00000
  2.818E+12 2.818E+12 3.681E+00 1.037E+05 2.530E+06 1.487E+06 4.120E+06 4.120E+06 1.310E+07 35.6141 1.00000
  3.162E+12 3.162E+12 3.699E+00 1.163E+05 2.838E+06 1.707E+06 4.661E+06 4.661E+06 1.317E+07 35.8444 1.00000
  3.548E+12 3.548E+12 3.717E+00 1.305E+05 3.185E+06 1.959E+06 5.274E+06 5.274E+06 1.325E+07 36.0747 1.00000
  3.981E+12 3.981E+12 3.735E+00 1.465E+05 3.573E+06 2.249E+06 5.969E+06 5.969E+06 1.333E+07 36.3049 1.00000
  4.467E+12 4.467E+12 3.754E+00 1.643E+05 4.009E+06 2.582E+06 6.755E+06 6.755E+06 1.341E+07 36.5352 1.00000
  5.012E+12 5.012E+12 3.772E+00 1.844E+05 4.499E+06 2.964E+06 7.647E+06 7.647E+06 1.348E+07 36.7654 1.00000
  5.623E+12 5.623E+12 3.790E+00 2.069E+05 5.048E+06 3.403E+06 8.657E+06 8.657E+06 1.356E+07 36.9957 1.00000
  6.310E+12 6.310E+12 3.809E+00 2.321E+05 5.663E+06 3.907E+06 9.802E+06 9.802E+06 1.363E+07 37.2259 1.00000
  7.079E+12 7.079E+12 3.828E+00 2.605E+05 6.354E+06 4.486E+06 1.110E+07 1.110E+07 1.371E+07 37.4562 1.00000
  7.943E+12 7.943E+12 3.846E+00 2.922E+05 7.130E+06 5.151E+06 1.257E+07 1.257E+07 1.378E+07 37.6865 1.00000
  8.913E+12 8.913E+12 3.865E+00 3.279E+05 8.000E+06 5.915E+06 1.424E+07 1.424E+07 1.385E+07 37.9167 1.00000
  1.000E+13 1.000E+13 3.884E+00 3.679E+05 8.976E+06 6.792E+06 1.614E+07 1.614E+07 1.392E+07 38.1470 1.00000
  1.122E+13 1.122E+13 3.903E+00 4.128E+05 1.007E+07 7.800E+06 1.828E+07 1.828E+07 1.399E+07 38.3772 1.00000
  1.259E+13 1.259E+13 3.923E+00 4.632E+05 1.130E+07 8.959E+06 2.072E+07 2.072E+07 1.406E+07 38.6075 1.00000
  1.413E+13 1.413E+13 3.942E+00 5.197E+05 1.268E+07 1.029E+07 2.349E+07 2.349E+07 1.413E+07 38.8378 1.00000
  1.585E+13 1.585E+13 3.961E+00 5.831E+05 1.423E+07 1.182E+07 2.663E+07 2.663E+07 1.420E+07 39.0680 1.00000
  1.778E+13 1.778E+13 3.981E+00 6.542E+05 1.596E+07 1.358E+07 3.019E+07 3.019E+07 1.427E+07 39.2983 1.00000
  1.995E+13 1.995E+13 4.000E+00 7.341E+05 1.791E+07 1.559E+07 3.424E+07 3.424E+07 1.434E+07 39.5285 1.00000
  2.239E+13 2.239E+13 4.020E+00 8.236E+05 2.009E+07 1.791E+07 3.883E+07 3.883E+07 1.440E+07 39.7588 1.00000
  2.512E+13 2.512E+13 4.040E+00 9.241E+05 2.255E+07 2.058E+07 4.405E+07 4.405E+07 1.447E+07 39.9890 1.00000
  2.818E+13 2.818E+13 4.060E+00 1.037E+06 2.530E+07 2.364E+07 4.998E+07 4.998E+07 1.454E+07 40.2193 1.00000
  3.162E+13 3.162E+13 4.080E+00 1.163E+06 2.838E+07 2.717E+07 5.671E+07 5.671E+07 1.460E+07 40.4496 1.00000
  3.548E+13 3.548E+13 4.100E+00 1.305E+06 3.185E+07 3.121E+07 6.436E+07 6.436E+07 1.466E+07 40.6798 1.00000
  3.981E+13 3.981E+13 4.120E+00 1.465E+06 3.573E+07 3.586E+07 7.306E+07 7.306E+07 1.473E+07 40.9101 1.00000
  4.467E+13 4.467E+13 4.141E+00 1.643E+06 4.009E+07 4.121E+07 8.295E+07 8.295E+07 1.479E+07 41.1403 1.00000
  5.012E+13 5.012E+13 4.161E+00 1.844E+06 4.498E+07 4.736E+07 9.419E+07 9.419E+07 1.485E+07 41.3706 1.00000
  5.623E+13 5.623E+13 4.182E+00 2.069E+06 5.047E+07 5.442E+07 1.070E+08 1.070E+08 1.491E+07 41.6009 1.00000
  6.310E+13 6.310E+13 4.202E+00 2.321E+06 5.663E+07 6.255E+07 1.215E+08 1.215E+08 1.497E+07 41.8311 1.00000
  7.079E+13 7.079E+13 4.223E+00 2.605E+06 6.354E+07 7.189E+07 1.380E+08 1.380E+08 1.503E+07 42.0614 1.00000
  7.943E+13 7.943E+13 4.244E+00 2.922E+06 7.129E+07 8.262E+07 1.568E+08 1.568E+08 1.509E+07 42.2916 1.00000
  8.913E+13 8.913E+13 4.265E+00 3.279E+06 7.999E+07 9.497E+07 1.782E+08 1.782E+08 1.515E+07 42.5219 1.00000
  1.000E+14 1.000E+14 4.286E+00 3.679E+06 8.975E+07 1.092E+08 2.026E+08 2.026E+08 1.521E+07 42.7522 1.00000
  1.122E+14 1.122E+14 4.307E+00 4.128E+06 1.007E+08 1.255E+08 2.303E+08 2.303E+08 1.526E+07 42.9824 1.00000
  1.259E+14 1.259E+14 4.329E+00 4.632E+06 1.130E+08 1.443E+08 2.619E+08 2.619E+08 1.532E+07 43.2127 1.00000
  1.413E+14 1.413E+14 4.350E+00 5.197E+06 1.268E+08 1.658E+08 2.978E+08 2.978E+08 1.537E+07 43.4429 1.00000
  1.585E+14 1.585E+14 4.372E+00 5.831E+06 1.422E+08 1.907E+08 3.387E+08 3.387E+08 1.543E+07 43.6732 1.00000
  1.778E+14 1.778E+14 4.393E+00 6.542E+06 1.596E+08 2.192E+08 3.853E+08 3.853E+08 1.548E+07 43.9034 1.00000
  1.995E+14 1.995E+14 4.415E+00 7.341E+06 1.791E+08 2.520E+08 4.384E+08 4.384E+08 1.553E+07 44.1337 1.00000
  2.239E+14 2.239E+14 4.437E+00 8.236E+06 2.009E+08 2.898E+08 4.990E+08 4.990E+08 1.559E+07 44.3640 1.00000
  2.512E+14 2.512E+14 4.459E+00 9.241E+06 2.254E+08 3.332E+08 5.679E+08 5.679E+08 1.564E+07 44.5942 1.00000
  2.818E+14 2.818E+14 4.481E+00 1.037E+07 2.529E+08 3.832E+08 6.465E+08 6.465E+08 1.569E+07 44.8245 1.00000
  3.162E+14 3.162E+14 4.504E+00 1.163E+07 2.838E+08 4.407E+08 7.361E+08 7.361E+08 1.574E+07 45.0547 1.00000
  3.548E+14 3.548E+14 4.526E+00 1.305E+07 3.184E+08 5.068E+08 8.383E+08 8.383E+08 1.579E+07 45.2850 1.00000
  3.981E+14 3.981E+14 4.548E+00 1.465E+07 3.573E+08 5.828E+08 9.548E+08 9.548E+08 1.583E+07 45.5153 1.00000
  4.467E+14 4.467E+14 4.571E+00 1.643E+07 4.009E+08 6.703E+08 1.088E+09 1.088E+09 1.588E+07 45.7455 1.00000
  5.012E+14 5.012E+14 4.594E+00 1.844E+07 4.498E+08 7.710E+08 1.239E+09 1.239E+09 1.593E+07 45.9758 1.00000
  5.623E+14 5.623E+14 4.617E+00 2.069E+07 5.047E+08 8.868E+08 1.412E+09 1.412E+09 1.598E+07 46.2060 1.00000
  6.310E+14 6.310E+14 4.640E+00 2.321E+07 5.662E+08 1.020E+09 1.610E+09 1.610E+09 1.602E+07 46.4363 1.00000
  7.079E+14 7.079E+14 4.663E+00 2.605E+07 6.353E+08 1.173E+09 1.835E+09 1.835E+09 1.607E+07 46.6665 1.00000
  7.943E+14 7.943E+14 4.686E+00 2.922E+07 7.128E+08 1.350E+09 2.092E+09 2.092E+09 1.611E+07 46.8968 1.00000
  8.913E+14 8.913E+14 4.709E+00 3.279E+07 7.998E+08 1.553E+09 2.386E+09 2.386E+09 1.615E+07 47.1271 1.00000
  1.000E+15 1.000E+15 4.733E+00 3.679E+07 8.974E+08 1.787E+09 2.721E+09 2.721E+09 1.620E+07 47.3573 1.00000
