 Incident particle is a Tau with M = 1776.82000 MeV
 Index = 0: HeavymetInRochesterGammaStop
      Absorber with <Z/A> = 0.40915
 Sternheimer coef:  a     k=m_s   x_0    x_1    I[eV]   Cbar  delta0
                 0.1551  2.8447  0.2167  3.4960  727.0  5.4059 0.14

 *** Table generated with PUMAS v1.00 ***

      T         p     Ionization  brems     pair     photonuc  Radloss    dE/dx   CSDA Range  delta   beta
    [MeV]    [MeV/c]  -----------------------[MeV cm^2/g]------------------------  [g/cm^2]
  1.000E+05 1.018E+05 1.595E+00 9.177E-04 1.617E-02 7.608E-03 2.469E-02 1.620E+00 3.087E+04  3.4371 0.99985
  1.122E+05 1.140E+05 1.613E+00 1.064E-03 1.936E-02 8.543E-03 2.897E-02 1.642E+00 3.835E+04  3.6050 0.99988
  1.259E+05 1.277E+05 1.632E+00 1.233E-03 2.311E-02 9.542E-03 3.389E-02 1.666E+00 4.663E+04  3.7762 0.99990
  1.413E+05 1.430E+05 1.650E+00 1.428E-03 2.752E-02 1.066E-02 3.961E-02 1.689E+00 5.578E+04  3.9508 0.99992
  1.585E+05 1.603E+05 1.668E+00 1.653E-03 3.268E-02 1.191E-02 4.624E-02 1.714E+00 6.591E+04  4.1285 0.99994
  1.778E+05 1.796E+05 1.685E+00 1.912E-03 3.871E-02 1.329E-02 5.391E-02 1.739E+00 7.712E+04  4.3094 0.99995
  1.995E+05 2.013E+05 1.703E+00 2.210E-03 4.575E-02 1.485E-02 6.281E-02 1.766E+00 8.950E+04  4.4932 0.99996
  2.239E+05 2.256E+05 1.721E+00 2.553E-03 5.394E-02 1.656E-02 7.305E-02 1.794E+00 1.032E+05  4.6799 0.99997
  2.512E+05 2.530E+05 1.738E+00 2.949E-03 6.346E-02 1.846E-02 8.487E-02 1.823E+00 1.183E+05  4.8695 0.99998
  2.818E+05 2.836E+05 1.755E+00 3.403E-03 7.450E-02 2.059E-02 9.849E-02 1.854E+00 1.350E+05  5.0618 0.99998
  3.162E+05 3.180E+05 1.772E+00 3.925E-03 8.729E-02 2.298E-02 1.142E-01 1.886E+00 1.534E+05  5.2567 0.99998
  3.548E+05 3.566E+05 1.789E+00 4.525E-03 1.021E-01 2.566E-02 1.323E-01 1.921E+00 1.736E+05  5.4541 0.99999
  3.981E+05 3.999E+05 1.806E+00 5.213E-03 1.191E-01 2.863E-02 1.530E-01 1.959E+00 1.959E+05  5.6540 0.99999
  4.467E+05 4.485E+05 1.822E+00 6.003E-03 1.388E-01 3.196E-02 1.767E-01 1.999E+00 2.205E+05  5.8563 0.99999
  5.012E+05 5.030E+05 1.839E+00 6.910E-03 1.614E-01 3.568E-02 2.040E-01 2.043E+00 2.475E+05  6.0608 0.99999
  5.623E+05 5.641E+05 1.855E+00 7.949E-03 1.874E-01 3.969E-02 2.350E-01 2.090E+00 2.771E+05  6.2676 1.00000
  6.310E+05 6.327E+05 1.871E+00 9.139E-03 2.172E-01 4.420E-02 2.706E-01 2.141E+00 3.095E+05  6.4764 1.00000
  7.079E+05 7.097E+05 1.887E+00 1.050E-02 2.514E-01 4.927E-02 3.112E-01 2.198E+00 3.450E+05  6.6872 1.00000
  7.943E+05 7.961E+05 1.902E+00 1.206E-02 2.906E-01 5.498E-02 3.576E-01 2.260E+00 3.838E+05  6.8999 1.00000
  8.913E+05 8.930E+05 1.918E+00 1.385E-02 3.353E-01 6.141E-02 4.106E-01 2.329E+00 4.260E+05  7.1144 1.00000
  1.000E+06 1.002E+06 1.933E+00 1.589E-02 3.864E-01 6.868E-02 4.710E-01 2.404E+00 4.720E+05  7.3306 1.00000
  1.122E+06 1.124E+06 1.949E+00 1.823E-02 4.447E-01 7.688E-02 5.398E-01 2.488E+00 5.219E+05  7.5485 1.00000
  1.259E+06 1.261E+06 1.964E+00 2.090E-02 5.112E-01 8.615E-02 6.182E-01 2.582E+00 5.759E+05  7.7679 1.00000
  1.413E+06 1.414E+06 1.978E+00 2.396E-02 5.868E-01 9.664E-02 7.074E-01 2.686E+00 6.342E+05  7.9887 1.00000
  1.585E+06 1.587E+06 1.993E+00 2.744E-02 6.728E-01 1.085E-01 8.088E-01 2.802E+00 6.971E+05  8.2108 1.00000
  1.778E+06 1.780E+06 2.008E+00 3.142E-02 7.706E-01 1.220E-01 9.240E-01 2.932E+00 7.646E+05  8.4343 1.00000
  1.995E+06 1.997E+06 2.022E+00 3.597E-02 8.815E-01 1.372E-01 1.055E+00 3.077E+00 8.369E+05  8.6588 1.00000
  2.239E+06 2.240E+06 2.036E+00 4.115E-02 1.007E+00 1.545E-01 1.203E+00 3.239E+00 9.140E+05  8.8844 1.00000
  2.512E+06 2.514E+06 2.050E+00 4.706E-02 1.150E+00 1.741E-01 1.371E+00 3.421E+00 9.961E+05  9.1110 1.00000
  2.818E+06 2.820E+06 2.064E+00 5.380E-02 1.312E+00 1.964E-01 1.562E+00 3.626E+00 1.083E+06  9.3384 1.00000
  3.162E+06 3.164E+06 2.077E+00 6.149E-02 1.495E+00 2.217E-01 1.778E+00 3.855E+00 1.175E+06  9.5665 1.00000
  3.548E+06 3.550E+06 2.091E+00 7.024E-02 1.702E+00 2.505E-01 2.022E+00 4.113E+00 1.272E+06  9.7953 1.00000
  3.981E+06 3.983E+06 2.104E+00 8.021E-02 1.935E+00 2.832E-01 2.299E+00 4.403E+00 1.374E+06 10.0246 1.00000
  4.467E+06 4.469E+06 2.117E+00 9.156E-02 2.200E+00 3.205E-01 2.612E+00 4.729E+00 1.480E+06 10.2543 1.00000
  5.012E+06 5.014E+06 2.130E+00 1.045E-01 2.498E+00 3.628E-01 2.965E+00 5.096E+00 1.592E+06 10.4843 1.00000
  5.623E+06 5.625E+06 2.143E+00 1.192E-01 2.835E+00 4.110E-01 3.365E+00 5.508E+00 1.707E+06 10.7145 1.00000
  6.310E+06 6.311E+06 2.156E+00 1.359E-01 3.215E+00 4.659E-01 3.816E+00 5.972E+00 1.827E+06 10.9447 1.00000
  7.079E+06 7.081E+06 2.169E+00 1.549E-01 3.643E+00 5.283E-01 4.326E+00 6.495E+00 1.951E+06 11.1749 1.00000
  7.943E+06 7.945E+06 2.181E+00 1.765E-01 4.125E+00 5.995E-01 4.901E+00 7.083E+00 2.078E+06 11.4051 1.00000
  8.913E+06 8.914E+06 2.193E+00 2.011E-01 4.669E+00 6.805E-01 5.551E+00 7.744E+00 2.209E+06 11.6353 1.00000
  1.000E+07 1.000E+07 2.206E+00 2.290E-01 5.282E+00 7.729E-01 6.284E+00 8.489E+00 2.343E+06 11.8655 1.00000
  1.122E+07 1.122E+07 2.218E+00 2.606E-01 5.971E+00 8.782E-01 7.110E+00 9.328E+00 2.481E+06 12.0957 1.00000
  1.259E+07 1.259E+07 2.230E+00 2.966E-01 6.748E+00 9.982E-01 8.042E+00 1.027E+01 2.621E+06 12.3259 1.00000
  1.413E+07 1.413E+07 2.242E+00 3.374E-01 7.621E+00 1.135E+00 9.093E+00 1.134E+01 2.763E+06 12.5562 1.00000
  1.585E+07 1.585E+07 2.254E+00 3.837E-01 8.604E+00 1.291E+00 1.028E+01 1.253E+01 2.908E+06 12.7864 1.00000
  1.778E+07 1.778E+07 2.265E+00 4.361E-01 9.709E+00 1.469E+00 1.161E+01 1.388E+01 3.055E+06 13.0166 1.00000
  1.995E+07 1.995E+07 2.277E+00 4.956E-01 1.095E+01 1.672E+00 1.312E+01 1.540E+01 3.203E+06 13.2469 1.00000
  2.239E+07 2.239E+07 2.289E+00 5.631E-01 1.235E+01 1.903E+00 1.481E+01 1.710E+01 3.354E+06 13.4771 1.00000
  2.512E+07 2.512E+07 2.300E+00 6.395E-01 1.392E+01 2.167E+00 1.673E+01 1.903E+01 3.505E+06 13.7073 1.00000
  2.818E+07 2.819E+07 2.312E+00 7.260E-01 1.568E+01 2.469E+00 1.888E+01 2.119E+01 3.658E+06 13.9376 1.00000
  3.162E+07 3.162E+07 2.323E+00 8.240E-01 1.767E+01 2.812E+00 2.130E+01 2.363E+01 3.812E+06 14.1678 1.00000
  3.548E+07 3.548E+07 2.335E+00 9.348E-01 1.989E+01 3.205E+00 2.403E+01 2.637E+01 3.967E+06 14.3981 1.00000
  3.981E+07 3.981E+07 2.346E+00 1.060E+00 2.240E+01 3.652E+00 2.711E+01 2.946E+01 4.122E+06 14.6283 1.00000
  4.467E+07 4.467E+07 2.357E+00 1.202E+00 2.521E+01 4.163E+00 3.057E+01 3.293E+01 4.279E+06 14.8586 1.00000
  5.012E+07 5.012E+07 2.369E+00 1.363E+00 2.837E+01 4.747E+00 3.448E+01 3.685E+01 4.435E+06 15.0888 1.00000
  5.623E+07 5.624E+07 2.380E+00 1.544E+00 3.191E+01 5.413E+00 3.887E+01 4.125E+01 4.592E+06 15.3191 1.00000
  6.310E+07 6.310E+07 2.391E+00 1.749E+00 3.590E+01 6.173E+00 4.382E+01 4.621E+01 4.750E+06 15.5493 1.00000
  7.079E+07 7.080E+07 2.403E+00 1.981E+00 4.037E+01 7.041E+00 4.939E+01 5.179E+01 4.908E+06 15.7796 1.00000
  7.943E+07 7.943E+07 2.414E+00 2.242E+00 4.539E+01 8.031E+00 5.566E+01 5.808E+01 5.065E+06 16.0098 1.00000
  8.913E+07 8.913E+07 2.426E+00 2.537E+00 5.103E+01 9.163E+00 6.273E+01 6.515E+01 5.223E+06 16.2401 1.00000
  1.000E+08 1.000E+08 2.437E+00 2.871E+00 5.735E+01 1.046E+01 7.068E+01 7.312E+01 5.381E+06 16.4703 1.00000
  1.122E+08 1.122E+08 2.448E+00 3.247E+00 6.446E+01 1.193E+01 7.963E+01 8.208E+01 5.539E+06 16.7006 1.00000
  1.259E+08 1.259E+08 2.460E+00 3.671E+00 7.243E+01 1.362E+01 8.972E+01 9.218E+01 5.696E+06 16.9308 1.00000
  1.413E+08 1.413E+08 2.471E+00 4.150E+00 8.138E+01 1.554E+01 1.011E+02 1.035E+02 5.854E+06 17.1611 1.00000
  1.585E+08 1.585E+08 2.483E+00 4.689E+00 9.143E+01 1.774E+01 1.139E+02 1.163E+02 6.011E+06 17.3914 1.00000
  1.778E+08 1.778E+08 2.495E+00 5.297E+00 1.027E+02 2.025E+01 1.283E+02 1.307E+02 6.168E+06 17.6216 1.00000
  1.995E+08 1.995E+08 2.506E+00 5.983E+00 1.154E+02 2.312E+01 1.445E+02 1.470E+02 6.325E+06 17.8519 1.00000
  2.239E+08 2.239E+08 2.518E+00 6.755E+00 1.296E+02 2.640E+01 1.627E+02 1.652E+02 6.482E+06 18.0821 1.00000
  2.512E+08 2.512E+08 2.530E+00 7.624E+00 1.455E+02 3.014E+01 1.833E+02 1.858E+02 6.638E+06 18.3124 1.00000
  2.818E+08 2.818E+08 2.541E+00 8.604E+00 1.634E+02 3.442E+01 2.064E+02 2.090E+02 6.794E+06 18.5426 1.00000
  3.162E+08 3.162E+08 2.553E+00 9.707E+00 1.835E+02 3.931E+01 2.325E+02 2.350E+02 6.949E+06 18.7729 1.00000
  3.548E+08 3.548E+08 2.565E+00 1.095E+01 2.060E+02 4.489E+01 2.618E+02 2.644E+02 7.104E+06 19.0032 1.00000
  3.981E+08 3.981E+08 2.577E+00 1.234E+01 2.313E+02 5.128E+01 2.949E+02 2.975E+02 7.259E+06 19.2334 1.00000
  4.467E+08 4.467E+08 2.589E+00 1.392E+01 2.597E+02 5.857E+01 3.321E+02 3.347E+02 7.413E+06 19.4637 1.00000
  5.012E+08 5.012E+08 2.601E+00 1.568E+01 2.915E+02 6.691E+01 3.741E+02 3.767E+02 7.567E+06 19.6939 1.00000
  5.623E+08 5.623E+08 2.613E+00 1.767E+01 3.272E+02 7.643E+01 4.213E+02 4.239E+02 7.720E+06 19.9242 1.00000
  6.310E+08 6.310E+08 2.625E+00 1.991E+01 3.673E+02 8.732E+01 4.745E+02 4.772E+02 7.873E+06 20.1544 1.00000
  7.079E+08 7.079E+08 2.637E+00 2.243E+01 4.123E+02 9.977E+01 5.345E+02 5.371E+02 8.025E+06 20.3847 1.00000
  7.943E+08 7.943E+08 2.650E+00 2.525E+01 4.628E+02 1.140E+02 6.020E+02 6.047E+02 8.177E+06 20.6150 1.00000
  8.913E+08 8.913E+08 2.662E+00 2.843E+01 5.194E+02 1.303E+02 6.781E+02 6.808E+02 8.328E+06 20.8452 1.00000
  1.000E+09 1.000E+09 2.674E+00 3.200E+01 5.830E+02 1.489E+02 7.638E+02 7.665E+02 8.479E+06 21.0755 1.00000
  1.122E+09 1.122E+09 2.687E+00 3.602E+01 6.543E+02 1.701E+02 8.604E+02 8.631E+02 8.629E+06 21.3057 1.00000
  1.259E+09 1.259E+09 2.699E+00 4.053E+01 7.343E+02 1.944E+02 9.692E+02 9.719E+02 8.779E+06 21.5360 1.00000
  1.413E+09 1.413E+09 2.712E+00 4.560E+01 8.241E+02 2.222E+02 1.092E+03 1.095E+03 8.928E+06 21.7662 1.00000
  1.585E+09 1.585E+09 2.725E+00 5.129E+01 9.248E+02 2.540E+02 1.230E+03 1.233E+03 9.077E+06 21.9965 1.00000
  1.778E+09 1.778E+09 2.737E+00 5.769E+01 1.038E+03 2.903E+02 1.386E+03 1.389E+03 9.225E+06 22.2268 1.00000
  1.995E+09 1.995E+09 2.750E+00 6.487E+01 1.165E+03 3.319E+02 1.561E+03 1.564E+03 9.372E+06 22.4570 1.00000
  2.239E+09 2.239E+09 2.763E+00 7.294E+01 1.307E+03 3.794E+02 1.759E+03 1.762E+03 9.519E+06 22.6873 1.00000
  2.512E+09 2.512E+09 2.776E+00 8.200E+01 1.467E+03 4.338E+02 1.982E+03 1.985E+03 9.666E+06 22.9175 1.00000
  2.818E+09 2.818E+09 2.789E+00 9.218E+01 1.646E+03 4.959E+02 2.234E+03 2.237E+03 9.811E+06 23.1478 1.00000
  3.162E+09 3.162E+09 2.802E+00 1.036E+02 1.847E+03 5.670E+02 2.517E+03 2.520E+03 9.956E+06 23.3781 1.00000
  3.548E+09 3.548E+09 2.815E+00 1.164E+02 2.072E+03 6.484E+02 2.837E+03 2.840E+03 1.010E+07 23.6083 1.00000
  3.981E+09 3.981E+09 2.829E+00 1.308E+02 2.325E+03 7.414E+02 3.198E+03 3.201E+03 1.024E+07 23.8386 1.00000
  4.467E+09 4.467E+09 2.842E+00 1.470E+02 2.609E+03 8.478E+02 3.604E+03 3.607E+03 1.039E+07 24.0688 1.00000
  5.012E+09 5.012E+09 2.855E+00 1.652E+02 2.928E+03 9.696E+02 4.063E+03 4.066E+03 1.053E+07 24.2991 1.00000
  5.623E+09 5.623E+09 2.869E+00 1.855E+02 3.286E+03 1.109E+03 4.580E+03 4.583E+03 1.067E+07 24.5293 1.00000
  6.310E+09 6.310E+09 2.882E+00 2.084E+02 3.687E+03 1.268E+03 5.163E+03 5.166E+03 1.081E+07 24.7596 1.00000
  7.079E+09 7.079E+09 2.896E+00 2.341E+02 4.137E+03 1.451E+03 5.821E+03 5.824E+03 1.095E+07 24.9899 1.00000
  7.943E+09 7.943E+09 2.910E+00 2.629E+02 4.642E+03 1.659E+03 6.564E+03 6.567E+03 1.109E+07 25.2201 1.00000
  8.913E+09 8.913E+09 2.923E+00 2.952E+02 5.208E+03 1.898E+03 7.402E+03 7.405E+03 1.123E+07 25.4504 1.00000
  1.000E+10 1.000E+10 2.937E+00 3.315E+02 5.844E+03 2.172E+03 8.347E+03 8.350E+03 1.137E+07 25.6806 1.00000
  1.122E+10 1.122E+10 2.951E+00 3.723E+02 6.557E+03 2.484E+03 9.414E+03 9.417E+03 1.151E+07 25.9109 1.00000
  1.259E+10 1.259E+10 2.965E+00 4.180E+02 7.357E+03 2.842E+03 1.062E+04 1.062E+04 1.165E+07 26.1412 1.00000
  1.413E+10 1.413E+10 2.979E+00 4.693E+02 8.255E+03 3.252E+03 1.198E+04 1.198E+04 1.178E+07 26.3714 1.00000
  1.585E+10 1.585E+10 2.993E+00 5.269E+02 9.262E+03 3.721E+03 1.351E+04 1.351E+04 1.192E+07 26.6017 1.00000
  1.778E+10 1.778E+10 3.008E+00 5.915E+02 1.039E+04 4.258E+03 1.524E+04 1.525E+04 1.205E+07 26.8319 1.00000
  1.995E+10 1.995E+10 3.022E+00 6.640E+02 1.166E+04 4.873E+03 1.720E+04 1.720E+04 1.219E+07 27.0622 1.00000
  2.239E+10 2.239E+10 3.036E+00 7.454E+02 1.308E+04 5.577E+03 1.941E+04 1.941E+04 1.232E+07 27.2925 1.00000
  2.512E+10 2.512E+10 3.051E+00 8.367E+02 1.468E+04 6.382E+03 2.190E+04 2.190E+04 1.245E+07 27.5227 1.00000
  2.818E+10 2.818E+10 3.065E+00 9.391E+02 1.647E+04 7.305E+03 2.472E+04 2.472E+04 1.259E+07 27.7530 1.00000
  3.162E+10 3.162E+10 3.080E+00 1.054E+03 1.848E+04 8.361E+03 2.790E+04 2.790E+04 1.272E+07 27.9832 1.00000
  3.548E+10 3.548E+10 3.095E+00 1.183E+03 2.074E+04 9.570E+03 3.149E+04 3.149E+04 1.285E+07 28.2135 1.00000
  3.981E+10 3.981E+10 3.110E+00 1.328E+03 2.327E+04 1.096E+04 3.555E+04 3.555E+04 1.298E+07 28.4437 1.00000
  4.467E+10 4.467E+10 3.125E+00 1.490E+03 2.610E+04 1.254E+04 4.014E+04 4.014E+04 1.311E+07 28.6740 1.00000
  5.012E+10 5.012E+10 3.140E+00 1.673E+03 2.929E+04 1.436E+04 4.532E+04 4.532E+04 1.323E+07 28.9043 1.00000
  5.623E+10 5.623E+10 3.155E+00 1.877E+03 3.286E+04 1.644E+04 5.118E+04 5.118E+04 1.336E+07 29.1345 1.00000
  6.310E+10 6.310E+10 3.170E+00 2.107E+03 3.687E+04 1.882E+04 5.780E+04 5.780E+04 1.349E+07 29.3648 1.00000
  7.079E+10 7.079E+10 3.185E+00 2.364E+03 4.137E+04 2.155E+04 6.528E+04 6.529E+04 1.361E+07 29.5950 1.00000
  7.943E+10 7.943E+10 3.200E+00 2.653E+03 4.642E+04 2.467E+04 7.375E+04 7.375E+04 1.374E+07 29.8253 1.00000
  8.913E+10 8.913E+10 3.216E+00 2.977E+03 5.208E+04 2.826E+04 8.331E+04 8.332E+04 1.386E+07 30.0556 1.00000
  1.000E+11 1.000E+11 3.231E+00 3.341E+03 5.843E+04 3.236E+04 9.413E+04 9.414E+04 1.399E+07 30.2858 1.00000
  1.122E+11 1.122E+11 3.247E+00 3.750E+03 6.556E+04 3.706E+04 1.064E+05 1.064E+05 1.411E+07 30.5161 1.00000
  1.259E+11 1.259E+11 3.263E+00 4.208E+03 7.356E+04 4.244E+04 1.202E+05 1.202E+05 1.423E+07 30.7463 1.00000
  1.413E+11 1.413E+11 3.278E+00 4.722E+03 8.253E+04 4.861E+04 1.359E+05 1.359E+05 1.435E+07 30.9766 1.00000
  1.585E+11 1.585E+11 3.294E+00 5.298E+03 9.260E+04 5.568E+04 1.536E+05 1.536E+05 1.447E+07 31.2068 1.00000
  1.778E+11 1.778E+11 3.310E+00 5.945E+03 1.039E+05 6.378E+04 1.736E+05 1.736E+05 1.459E+07 31.4371 1.00000
  1.995E+11 1.995E+11 3.326E+00 6.671E+03 1.166E+05 7.307E+04 1.963E+05 1.963E+05 1.471E+07 31.6674 1.00000
  2.239E+11 2.239E+11 3.342E+00 7.486E+03 1.308E+05 8.370E+04 2.220E+05 2.220E+05 1.482E+07 31.8976 1.00000
  2.512E+11 2.512E+11 3.358E+00 8.400E+03 1.467E+05 9.590E+04 2.510E+05 2.510E+05 1.494E+07 32.1279 1.00000
  2.818E+11 2.818E+11 3.375E+00 9.425E+03 1.646E+05 1.099E+05 2.839E+05 2.839E+05 1.505E+07 32.3581 1.00000
  3.162E+11 3.162E+11 3.391E+00 1.058E+04 1.847E+05 1.259E+05 3.212E+05 3.212E+05 1.517E+07 32.5884 1.00000
  3.548E+11 3.548E+11 3.408E+00 1.187E+04 2.073E+05 1.442E+05 3.634E+05 3.634E+05 1.528E+07 32.8187 1.00000
  3.981E+11 3.981E+11 3.424E+00 1.332E+04 2.325E+05 1.653E+05 4.112E+05 4.112E+05 1.539E+07 33.0489 1.00000
  4.467E+11 4.467E+11 3.441E+00 1.494E+04 2.609E+05 1.894E+05 4.653E+05 4.653E+05 1.550E+07 33.2792 1.00000
  5.012E+11 5.012E+11 3.458E+00 1.676E+04 2.927E+05 2.171E+05 5.266E+05 5.266E+05 1.561E+07 33.5094 1.00000
  5.623E+11 5.623E+11 3.475E+00 1.881E+04 3.285E+05 2.488E+05 5.960E+05 5.961E+05 1.572E+07 33.7397 1.00000
  6.310E+11 6.310E+11 3.492E+00 2.111E+04 3.685E+05 2.851E+05 6.748E+05 6.748E+05 1.583E+07 33.9699 1.00000
  7.079E+11 7.079E+11 3.509E+00 2.368E+04 4.135E+05 3.268E+05 7.640E+05 7.640E+05 1.594E+07 34.2002 1.00000
  7.943E+11 7.943E+11 3.526E+00 2.657E+04 4.639E+05 3.746E+05 8.651E+05 8.651E+05 1.605E+07 34.4305 1.00000
  8.913E+11 8.913E+11 3.543E+00 2.982E+04 5.205E+05 4.294E+05 9.797E+05 9.797E+05 1.615E+07 34.6607 1.00000
  1.000E+12 1.000E+12 3.560E+00 3.345E+04 5.840E+05 4.923E+05 1.110E+06 1.110E+06 1.626E+07 34.8910 1.00000
  1.122E+12 1.122E+12 3.578E+00 3.754E+04 6.552E+05 5.644E+05 1.257E+06 1.257E+06 1.636E+07 35.1212 1.00000
  1.259E+12 1.259E+12 3.595E+00 4.212E+04 7.351E+05 6.471E+05 1.424E+06 1.424E+06 1.646E+07 35.3515 1.00000
  1.413E+12 1.413E+12 3.613E+00 4.726E+04 8.248E+05 7.419E+05 1.614E+06 1.614E+06 1.656E+07 35.5818 1.00000
  1.585E+12 1.585E+12 3.631E+00 5.303E+04 9.254E+05 8.506E+05 1.829E+06 1.829E+06 1.666E+07 35.8120 1.00000
  1.778E+12 1.778E+12 3.648E+00 5.950E+04 1.038E+06 9.754E+05 2.073E+06 2.073E+06 1.676E+07 36.0423 1.00000
  1.995E+12 1.995E+12 3.666E+00 6.676E+04 1.165E+06 1.119E+06 2.350E+06 2.350E+06 1.686E+07 36.2725 1.00000
  2.239E+12 2.239E+12 3.684E+00 7.490E+04 1.307E+06 1.283E+06 2.665E+06 2.665E+06 1.696E+07 36.5028 1.00000
  2.512E+12 2.512E+12 3.702E+00 8.404E+04 1.466E+06 1.471E+06 3.021E+06 3.021E+06 1.706E+07 36.7330 1.00000
  2.818E+12 2.818E+12 3.721E+00 9.430E+04 1.645E+06 1.687E+06 3.427E+06 3.427E+06 1.715E+07 36.9633 1.00000
  3.162E+12 3.162E+12 3.739E+00 1.058E+05 1.846E+06 1.935E+06 3.887E+06 3.887E+06 1.725E+07 37.1936 1.00000
  3.548E+12 3.548E+12 3.757E+00 1.187E+05 2.071E+06 2.219E+06 4.409E+06 4.409E+06 1.734E+07 37.4238 1.00000
  3.981E+12 3.981E+12 3.776E+00 1.332E+05 2.324E+06 2.546E+06 5.003E+06 5.003E+06 1.743E+07 37.6541 1.00000
  4.467E+12 4.467E+12 3.795E+00 1.495E+05 2.607E+06 2.920E+06 5.677E+06 5.677E+06 1.752E+07 37.8843 1.00000
  5.012E+12 5.012E+12 3.813E+00 1.677E+05 2.925E+06 3.350E+06 6.443E+06 6.443E+06 1.761E+07 38.1146 1.00000
  5.623E+12 5.623E+12 3.832E+00 1.882E+05 3.282E+06 3.844E+06 7.314E+06 7.314E+06 1.770E+07 38.3449 1.00000
  6.310E+12 6.310E+12 3.851E+00 2.111E+05 3.682E+06 4.410E+06 8.303E+06 8.303E+06 1.779E+07 38.5751 1.00000
  7.079E+12 7.079E+12 3.870E+00 2.369E+05 4.131E+06 5.059E+06 9.428E+06 9.428E+06 1.788E+07 38.8054 1.00000
  7.943E+12 7.943E+12 3.889E+00 2.658E+05 4.635E+06 5.805E+06 1.071E+07 1.071E+07 1.796E+07 39.0356 1.00000
  8.913E+12 8.913E+12 3.909E+00 2.982E+05 5.200E+06 6.661E+06 1.216E+07 1.216E+07 1.805E+07 39.2659 1.00000
  1.000E+13 1.000E+13 3.928E+00 3.346E+05 5.835E+06 7.644E+06 1.381E+07 1.381E+07 1.813E+07 39.4962 1.00000
  1.122E+13 1.122E+13 3.947E+00 3.754E+05 6.546E+06 8.772E+06 1.569E+07 1.569E+07 1.822E+07 39.7264 1.00000
  1.259E+13 1.259E+13 3.967E+00 4.212E+05 7.345E+06 1.007E+07 1.783E+07 1.783E+07 1.830E+07 39.9567 1.00000
  1.413E+13 1.413E+13 3.987E+00 4.726E+05 8.241E+06 1.155E+07 2.027E+07 2.027E+07 1.838E+07 40.1869 1.00000
  1.585E+13 1.585E+13 4.006E+00 5.303E+05 9.246E+06 1.326E+07 2.304E+07 2.304E+07 1.846E+07 40.4172 1.00000
  1.778E+13 1.778E+13 4.026E+00 5.950E+05 1.037E+07 1.522E+07 2.619E+07 2.619E+07 1.854E+07 40.6474 1.00000
  1.995E+13 1.995E+13 4.046E+00 6.676E+05 1.164E+07 1.747E+07 2.978E+07 2.978E+07 1.862E+07 40.8777 1.00000
  2.239E+13 2.239E+13 4.066E+00 7.491E+05 1.306E+07 2.006E+07 3.386E+07 3.386E+07 1.869E+07 41.1080 1.00000
  2.512E+13 2.512E+13 4.086E+00 8.405E+05 1.465E+07 2.302E+07 3.851E+07 3.851E+07 1.877E+07 41.3382 1.00000
  2.818E+13 2.818E+13 4.107E+00 9.430E+05 1.644E+07 2.643E+07 4.381E+07 4.381E+07 1.884E+07 41.5685 1.00000
  3.162E+13 3.162E+13 4.127E+00 1.058E+06 1.844E+07 3.034E+07 4.984E+07 4.984E+07 1.892E+07 41.7987 1.00000
  3.548E+13 3.548E+13 4.148E+00 1.187E+06 2.069E+07 3.484E+07 5.672E+07 5.672E+07 1.899E+07 42.0290 1.00000
  3.981E+13 3.981E+13 4.168E+00 1.332E+06 2.321E+07 4.000E+07 6.455E+07 6.455E+07 1.906E+07 42.2593 1.00000
  4.467E+13 4.467E+13 4.189E+00 1.495E+06 2.604E+07 4.593E+07 7.347E+07 7.347E+07 1.913E+07 42.4895 1.00000
  5.012E+13 5.012E+13 4.210E+00 1.677E+06 2.922E+07 5.274E+07 8.364E+07 8.364E+07 1.920E+07 42.7198 1.00000
  5.623E+13 5.623E+13 4.231E+00 1.882E+06 3.278E+07 6.057E+07 9.523E+07 9.523E+07 1.927E+07 42.9500 1.00000
  6.310E+13 6.310E+13 4.252E+00 2.111E+06 3.678E+07 6.955E+07 1.084E+08 1.084E+08 1.934E+07 43.1803 1.00000
  7.079E+13 7.079E+13 4.273E+00 2.369E+06 4.127E+07 7.988E+07 1.235E+08 1.235E+08 1.940E+07 43.4105 1.00000
  7.943E+13 7.943E+13 4.295E+00 2.658E+06 4.630E+07 9.174E+07 1.407E+08 1.407E+08 1.947E+07 43.6408 1.00000
  8.913E+13 8.913E+13 4.316E+00 2.982E+06 5.195E+07 1.054E+08 1.603E+08 1.603E+08 1.954E+07 43.8711 1.00000
  1.000E+14 1.000E+14 4.338E+00 3.346E+06 5.828E+07 1.210E+08 1.827E+08 1.827E+08 1.960E+07 44.1013 1.00000
  1.122E+14 1.122E+14 4.359E+00 3.754E+06 6.539E+07 1.390E+08 2.082E+08 2.082E+08 1.966E+07 44.3316 1.00000
  1.259E+14 1.259E+14 4.381E+00 4.212E+06 7.337E+07 1.597E+08 2.373E+08 2.373E+08 1.972E+07 44.5618 1.00000
  1.413E+14 1.413E+14 4.403E+00 4.726E+06 8.231E+07 1.834E+08 2.705E+08 2.705E+08 1.978E+07 44.7921 1.00000
  1.585E+14 1.585E+14 4.425E+00 5.303E+06 9.235E+07 2.108E+08 3.084E+08 3.084E+08 1.984E+07 45.0224 1.00000
  1.778E+14 1.778E+14 4.447E+00 5.950E+06 1.036E+08 2.421E+08 3.517E+08 3.517E+08 1.990E+07 45.2526 1.00000
  1.995E+14 1.995E+14 4.469E+00 6.676E+06 1.162E+08 2.782E+08 4.011E+08 4.011E+08 1.996E+07 45.4829 1.00000
  2.239E+14 2.239E+14 4.492E+00 7.491E+06 1.304E+08 3.196E+08 4.575E+08 4.575E+08 2.002E+07 45.7131 1.00000
  2.512E+14 2.512E+14 4.514E+00 8.405E+06 1.463E+08 3.673E+08 5.220E+08 5.220E+08 2.007E+07 45.9434 1.00000
  2.818E+14 2.818E+14 4.537E+00 9.430E+06 1.642E+08 4.220E+08 5.956E+08 5.956E+08 2.013E+07 46.1736 1.00000
  3.162E+14 3.162E+14 4.559E+00 1.058E+07 1.842E+08 4.849E+08 6.797E+08 6.797E+08 2.018E+07 46.4039 1.00000
  3.548E+14 3.548E+14 4.582E+00 1.187E+07 2.067E+08 5.573E+08 7.758E+08 7.758E+08 2.024E+07 46.6342 1.00000
  3.981E+14 3.981E+14 4.605E+00 1.332E+07 2.319E+08 6.404E+08 8.856E+08 8.856E+08 2.029E+07 46.8644 1.00000
  4.467E+14 4.467E+14 4.628E+00 1.495E+07 2.601E+08 7.360E+08 1.011E+09 1.011E+09 2.034E+07 47.0947 1.00000
  5.012E+14 5.012E+14 4.651E+00 1.677E+07 2.918E+08 8.460E+08 1.155E+09 1.155E+09 2.039E+07 47.3249 1.00000
  5.623E+14 5.623E+14 4.675E+00 1.882E+07 3.274E+08 9.723E+08 1.319E+09 1.319E+09 2.044E+07 47.5552 1.00000
  6.310E+14 6.310E+14 4.698E+00 2.111E+07 3.674E+08 1.118E+09 1.506E+09 1.506E+09 2.049E+07 47.7855 1.00000
  7.079E+14 7.079E+14 4.722E+00 2.369E+07 4.122E+08 1.285E+09 1.721E+09 1.721E+09 2.054E+07 48.0157 1.00000
  7.943E+14 7.943E+14 4.745E+00 2.658E+07 4.624E+08 1.477E+09 1.966E+09 1.966E+09 2.058E+07 48.2460 1.00000
  8.913E+14 8.913E+14 4.769E+00 2.982E+07 5.188E+08 1.698E+09 2.246E+09 2.246E+09 2.063E+07 48.4762 1.00000
  1.000E+15 1.000E+15 4.793E+00 3.346E+07 5.821E+08 1.952E+09 2.567E+09 2.567E+09 2.068E+07 48.7065 1.00000
