 Incident particle is a Tau with M = 1776.82000 MeV
 Index = 0: Iodine
      Absorber with <Z/A> = 0.41764
 Density effect computed following Fano (1963)
 Models for Radloss: brems =  SSR, pair =  SSR, photonuc = DRSS

 *** Table generated with PUMAS v1.1 ***

      T         p     Ionization  brems     pair     photonuc  Radloss    dE/dx   CSDA Range  delta   beta
    [MeV]    [MeV/c]  -----------------------[MeV cm^2/g]------------------------  [g/cm^2]
  1.000E+05 1.018E+05 1.716E+00 1.655E-04 1.273E-02 6.215E-03 1.911E-02 1.735E+00 2.881E+04  2.8476 0.99985
  1.122E+05 1.140E+05 1.735E+00 2.013E-04 1.525E-02 7.010E-03 2.246E-02 1.758E+00 3.580E+04  3.0160 0.99988
  1.259E+05 1.277E+05 1.754E+00 2.444E-04 1.822E-02 7.890E-03 2.635E-02 1.780E+00 4.354E+04  3.1886 0.99990
  1.413E+05 1.430E+05 1.772E+00 2.961E-04 2.170E-02 8.855E-03 3.085E-02 1.803E+00 5.211E+04  3.3651 0.99992
  1.585E+05 1.603E+05 1.790E+00 3.583E-04 2.578E-02 9.946E-03 3.609E-02 1.826E+00 6.161E+04  3.5451 0.99994
  1.778E+05 1.796E+05 1.808E+00 4.326E-04 3.056E-02 1.115E-02 4.214E-02 1.850E+00 7.213E+04  3.7285 0.99995
  1.995E+05 2.013E+05 1.826E+00 5.214E-04 3.613E-02 1.250E-02 4.915E-02 1.875E+00 8.378E+04  3.9151 0.99996
  2.239E+05 2.256E+05 1.843E+00 6.272E-04 4.261E-02 1.400E-02 5.724E-02 1.901E+00 9.667E+04  4.1048 0.99997
  2.512E+05 2.530E+05 1.861E+00 7.530E-04 5.016E-02 1.566E-02 6.657E-02 1.928E+00 1.109E+05  4.2975 0.99998
  2.818E+05 2.836E+05 1.878E+00 9.023E-04 5.892E-02 1.752E-02 7.735E-02 1.956E+00 1.267E+05  4.4931 0.99998
  3.162E+05 3.180E+05 1.895E+00 1.079E-03 6.907E-02 1.962E-02 8.977E-02 1.985E+00 1.442E+05  4.6917 0.99998
  3.548E+05 3.566E+05 1.912E+00 1.288E-03 8.082E-02 2.195E-02 1.041E-01 2.016E+00 1.635E+05  4.8930 0.99999
  3.981E+05 3.999E+05 1.929E+00 1.535E-03 9.440E-02 2.455E-02 1.205E-01 2.050E+00 1.848E+05  5.0970 0.99999
  4.467E+05 4.485E+05 1.946E+00 1.825E-03 1.101E-01 2.747E-02 1.394E-01 2.085E+00 2.083E+05  5.3034 0.99999
  5.012E+05 5.030E+05 1.962E+00 2.167E-03 1.281E-01 3.072E-02 1.610E-01 2.123E+00 2.342E+05  5.5123 0.99999
  5.623E+05 5.641E+05 1.979E+00 2.568E-03 1.489E-01 3.439E-02 1.858E-01 2.164E+00 2.627E+05  5.7232 1.00000
  6.310E+05 6.327E+05 1.995E+00 3.037E-03 1.727E-01 3.852E-02 2.143E-01 2.209E+00 2.941E+05  5.9361 1.00000
  7.079E+05 7.097E+05 2.011E+00 3.587E-03 2.001E-01 4.316E-02 2.469E-01 2.257E+00 3.285E+05  6.1506 1.00000
  7.943E+05 7.961E+05 2.026E+00 4.228E-03 2.315E-01 4.837E-02 2.841E-01 2.311E+00 3.664E+05  6.3667 1.00000
  8.913E+05 8.930E+05 2.042E+00 4.976E-03 2.675E-01 5.422E-02 3.267E-01 2.369E+00 4.078E+05  6.5841 1.00000
  1.000E+06 1.002E+06 2.058E+00 5.849E-03 3.086E-01 6.084E-02 3.753E-01 2.433E+00 4.531E+05  6.8027 1.00000
  1.122E+06 1.124E+06 2.073E+00 6.861E-03 3.555E-01 6.828E-02 4.306E-01 2.504E+00 5.025E+05  7.0224 1.00000
  1.259E+06 1.261E+06 2.088E+00 8.041E-03 4.091E-01 7.672E-02 4.938E-01 2.582E+00 5.564E+05  7.2430 1.00000
  1.413E+06 1.414E+06 2.103E+00 9.407E-03 4.701E-01 8.622E-02 5.658E-01 2.669E+00 6.149E+05  7.4646 1.00000
  1.585E+06 1.587E+06 2.118E+00 1.099E-02 5.397E-01 9.699E-02 6.477E-01 2.766E+00 6.783E+05  7.6870 1.00000
  1.778E+06 1.780E+06 2.133E+00 1.283E-02 6.188E-01 1.092E-01 7.408E-01 2.874E+00 7.469E+05  7.9102 1.00000
  1.995E+06 1.997E+06 2.148E+00 1.495E-02 7.088E-01 1.229E-01 8.466E-01 2.994E+00 8.208E+05  8.1342 1.00000
  2.239E+06 2.240E+06 2.162E+00 1.740E-02 8.109E-01 1.386E-01 9.669E-01 3.129E+00 9.004E+05  8.3589 1.00000
  2.512E+06 2.514E+06 2.177E+00 2.022E-02 9.268E-01 1.563E-01 1.103E+00 3.280E+00 9.856E+05  8.5843 1.00000
  2.818E+06 2.820E+06 2.191E+00 2.349E-02 1.058E+00 1.764E-01 1.258E+00 3.449E+00 1.077E+06  8.8104 1.00000
  3.162E+06 3.164E+06 2.205E+00 2.726E-02 1.207E+00 1.993E-01 1.434E+00 3.639E+00 1.174E+06  9.0371 1.00000
  3.548E+06 3.550E+06 2.219E+00 3.159E-02 1.376E+00 2.252E-01 1.633E+00 3.851E+00 1.277E+06  9.2643 1.00000
  3.981E+06 3.983E+06 2.232E+00 3.657E-02 1.567E+00 2.546E-01 1.858E+00 4.090E+00 1.386E+06  9.4920 1.00000
  4.467E+06 4.469E+06 2.246E+00 4.228E-02 1.783E+00 2.881E-01 2.113E+00 4.359E+00 1.501E+06  9.7201 1.00000
  5.012E+06 5.014E+06 2.259E+00 4.884E-02 2.027E+00 3.261E-01 2.401E+00 4.661E+00 1.622E+06  9.9485 1.00000
  5.623E+06 5.625E+06 2.273E+00 5.637E-02 2.302E+00 3.694E-01 2.728E+00 5.000E+00 1.748E+06 10.1773 1.00000
  6.310E+06 6.311E+06 2.286E+00 6.502E-02 2.613E+00 4.188E-01 3.097E+00 5.383E+00 1.881E+06 10.4064 1.00000
  7.079E+06 7.081E+06 2.299E+00 7.495E-02 2.964E+00 4.748E-01 3.514E+00 5.813E+00 2.018E+06 10.6357 1.00000
  7.943E+06 7.945E+06 2.311E+00 8.632E-02 3.360E+00 5.387E-01 3.986E+00 6.297E+00 2.161E+06 10.8651 1.00000
  8.913E+06 8.914E+06 2.324E+00 9.932E-02 3.807E+00 6.115E-01 4.518E+00 6.842E+00 2.309E+06 11.0947 1.00000
  1.000E+07 1.000E+07 2.336E+00 1.142E-01 4.311E+00 6.944E-01 5.119E+00 7.456E+00 2.461E+06 11.3245 1.00000
  1.122E+07 1.122E+07 2.349E+00 1.312E-01 4.878E+00 7.888E-01 5.798E+00 8.147E+00 2.617E+06 11.5543 1.00000
  1.259E+07 1.259E+07 2.361E+00 1.506E-01 5.517E+00 8.965E-01 6.564E+00 8.925E+00 2.778E+06 11.7842 1.00000
  1.413E+07 1.413E+07 2.373E+00 1.728E-01 6.236E+00 1.019E+00 7.428E+00 9.801E+00 2.942E+06 12.0142 1.00000
  1.585E+07 1.585E+07 2.385E+00 1.980E-01 7.046E+00 1.159E+00 8.403E+00 1.079E+01 3.110E+06 12.2442 1.00000
  1.778E+07 1.778E+07 2.397E+00 2.269E-01 7.957E+00 1.319E+00 9.503E+00 1.190E+01 3.280E+06 12.4743 1.00000
  1.995E+07 1.995E+07 2.409E+00 2.597E-01 8.983E+00 1.501E+00 1.074E+01 1.315E+01 3.454E+06 12.7044 1.00000
  2.239E+07 2.239E+07 2.421E+00 2.971E-01 1.014E+01 1.708E+00 1.214E+01 1.456E+01 3.630E+06 12.9346 1.00000
  2.512E+07 2.512E+07 2.433E+00 3.397E-01 1.143E+01 1.945E+00 1.372E+01 1.615E+01 3.808E+06 13.1647 1.00000
  2.818E+07 2.819E+07 2.445E+00 3.881E-01 1.289E+01 2.216E+00 1.550E+01 1.794E+01 3.988E+06 13.3949 1.00000
  3.162E+07 3.162E+07 2.456E+00 4.432E-01 1.453E+01 2.524E+00 1.750E+01 1.996E+01 4.169E+06 13.6251 1.00000
  3.548E+07 3.548E+07 2.468E+00 5.059E-01 1.638E+01 2.877E+00 1.976E+01 2.223E+01 4.352E+06 13.8553 1.00000
  3.981E+07 3.981E+07 2.480E+00 5.772E-01 1.845E+01 3.279E+00 2.230E+01 2.478E+01 4.537E+06 14.0855 1.00000
  4.467E+07 4.467E+07 2.491E+00 6.581E-01 2.077E+01 3.738E+00 2.517E+01 2.766E+01 4.722E+06 14.3157 1.00000
  5.012E+07 5.012E+07 2.503E+00 7.499E-01 2.339E+01 4.262E+00 2.840E+01 3.090E+01 4.908E+06 14.5460 1.00000
  5.623E+07 5.624E+07 2.515E+00 8.541E-01 2.633E+01 4.861E+00 3.204E+01 3.456E+01 5.096E+06 14.7762 1.00000
  6.310E+07 6.310E+07 2.526E+00 9.722E-01 2.963E+01 5.544E+00 3.614E+01 3.867E+01 5.283E+06 15.0064 1.00000
  7.079E+07 7.080E+07 2.538E+00 1.106E+00 3.333E+01 6.325E+00 4.077E+01 4.330E+01 5.471E+06 15.2367 1.00000
  7.943E+07 7.943E+07 2.549E+00 1.258E+00 3.750E+01 7.217E+00 4.597E+01 4.852E+01 5.660E+06 15.4669 1.00000
  8.913E+07 8.913E+07 2.561E+00 1.430E+00 4.217E+01 8.235E+00 5.184E+01 5.440E+01 5.848E+06 15.6972 1.00000
  1.000E+08 1.000E+08 2.573E+00 1.624E+00 4.742E+01 9.399E+00 5.844E+01 6.102E+01 6.037E+06 15.9274 1.00000
  1.122E+08 1.122E+08 2.584E+00 1.844E+00 5.331E+01 1.073E+01 6.589E+01 6.847E+01 6.225E+06 16.1577 1.00000
  1.259E+08 1.259E+08 2.596E+00 2.093E+00 5.993E+01 1.225E+01 7.427E+01 7.687E+01 6.414E+06 16.3879 1.00000
  1.413E+08 1.413E+08 2.608E+00 2.374E+00 6.736E+01 1.398E+01 8.372E+01 8.632E+01 6.603E+06 16.6182 1.00000
  1.585E+08 1.585E+08 2.620E+00 2.692E+00 7.570E+01 1.597E+01 9.436E+01 9.698E+01 6.791E+06 16.8484 1.00000
  1.778E+08 1.778E+08 2.631E+00 3.051E+00 8.506E+01 1.823E+01 1.063E+02 1.090E+02 6.979E+06 17.0787 1.00000
  1.995E+08 1.995E+08 2.643E+00 3.456E+00 9.557E+01 2.083E+01 1.198E+02 1.225E+02 7.167E+06 17.3089 1.00000
  2.239E+08 2.239E+08 2.655E+00 3.913E+00 1.074E+02 2.379E+01 1.351E+02 1.377E+02 7.354E+06 17.5392 1.00000
  2.512E+08 2.512E+08 2.667E+00 4.430E+00 1.206E+02 2.717E+01 1.522E+02 1.549E+02 7.541E+06 17.7695 1.00000
  2.818E+08 2.818E+08 2.679E+00 5.012E+00 1.355E+02 3.104E+01 1.715E+02 1.742E+02 7.727E+06 17.9997 1.00000
  3.162E+08 3.162E+08 2.691E+00 5.669E+00 1.521E+02 3.547E+01 1.933E+02 1.960E+02 7.913E+06 18.2300 1.00000
  3.548E+08 3.548E+08 2.703E+00 6.409E+00 1.708E+02 4.052E+01 2.178E+02 2.205E+02 8.099E+06 18.4602 1.00000
  3.981E+08 3.981E+08 2.716E+00 7.243E+00 1.919E+02 4.631E+01 2.454E+02 2.481E+02 8.284E+06 18.6905 1.00000
  4.467E+08 4.467E+08 2.728E+00 8.183E+00 2.154E+02 5.292E+01 2.765E+02 2.793E+02 8.468E+06 18.9207 1.00000
  5.012E+08 5.012E+08 2.740E+00 9.242E+00 2.419E+02 6.048E+01 3.116E+02 3.143E+02 8.652E+06 19.1510 1.00000
  5.623E+08 5.623E+08 2.752E+00 1.043E+01 2.716E+02 6.913E+01 3.511E+02 3.539E+02 8.835E+06 19.3813 1.00000
  6.310E+08 6.310E+08 2.765E+00 1.178E+01 3.049E+02 7.902E+01 3.957E+02 3.984E+02 9.018E+06 19.6115 1.00000
  7.079E+08 7.079E+08 2.777E+00 1.329E+01 3.422E+02 9.033E+01 4.459E+02 4.486E+02 9.200E+06 19.8418 1.00000
  7.943E+08 7.943E+08 2.790E+00 1.499E+01 3.842E+02 1.033E+02 5.024E+02 5.052E+02 9.381E+06 20.0720 1.00000
  8.913E+08 8.913E+08 2.802E+00 1.690E+01 4.313E+02 1.181E+02 5.662E+02 5.690E+02 9.562E+06 20.3023 1.00000
  1.000E+09 1.000E+09 2.815E+00 1.905E+01 4.841E+02 1.350E+02 6.381E+02 6.409E+02 9.742E+06 20.5325 1.00000
  1.122E+09 1.122E+09 2.828E+00 2.147E+01 5.434E+02 1.543E+02 7.192E+02 7.220E+02 9.921E+06 20.7628 1.00000
  1.259E+09 1.259E+09 2.841E+00 2.419E+01 6.099E+02 1.765E+02 8.105E+02 8.134E+02 1.010E+07 20.9931 1.00000
  1.413E+09 1.413E+09 2.853E+00 2.725E+01 6.845E+02 2.018E+02 9.136E+02 9.164E+02 1.028E+07 21.2233 1.00000
  1.585E+09 1.585E+09 2.866E+00 3.068E+01 7.682E+02 2.308E+02 1.030E+03 1.033E+03 1.045E+07 21.4536 1.00000
  1.778E+09 1.778E+09 2.879E+00 3.454E+01 8.622E+02 2.640E+02 1.161E+03 1.164E+03 1.063E+07 21.6838 1.00000
  1.995E+09 1.995E+09 2.892E+00 3.889E+01 9.676E+02 3.020E+02 1.308E+03 1.311E+03 1.081E+07 21.9141 1.00000
  2.239E+09 2.239E+09 2.906E+00 4.376E+01 1.086E+03 3.454E+02 1.475E+03 1.478E+03 1.098E+07 22.1444 1.00000
  2.512E+09 2.512E+09 2.919E+00 4.924E+01 1.219E+03 3.951E+02 1.663E+03 1.666E+03 1.116E+07 22.3746 1.00000
  2.818E+09 2.818E+09 2.932E+00 5.540E+01 1.368E+03 4.520E+02 1.875E+03 1.878E+03 1.133E+07 22.6049 1.00000
  3.162E+09 3.162E+09 2.945E+00 6.231E+01 1.535E+03 5.172E+02 2.114E+03 2.117E+03 1.150E+07 22.8351 1.00000
  3.548E+09 3.548E+09 2.959E+00 7.008E+01 1.722E+03 5.917E+02 2.384E+03 2.387E+03 1.167E+07 23.0654 1.00000
  3.981E+09 3.981E+09 2.972E+00 7.880E+01 1.933E+03 6.771E+02 2.689E+03 2.691E+03 1.184E+07 23.2956 1.00000
  4.467E+09 4.467E+09 2.986E+00 8.859E+01 2.169E+03 7.747E+02 3.032E+03 3.035E+03 1.201E+07 23.5259 1.00000
  5.012E+09 5.012E+09 3.000E+00 9.959E+01 2.434E+03 8.866E+02 3.420E+03 3.423E+03 1.218E+07 23.7562 1.00000
  5.623E+09 5.623E+09 3.013E+00 1.119E+02 2.731E+03 1.015E+03 3.857E+03 3.860E+03 1.235E+07 23.9864 1.00000
  6.310E+09 6.310E+09 3.027E+00 1.258E+02 3.064E+03 1.161E+03 4.351E+03 4.354E+03 1.252E+07 24.2167 1.00000
  7.079E+09 7.079E+09 3.041E+00 1.414E+02 3.439E+03 1.329E+03 4.909E+03 4.912E+03 1.268E+07 24.4469 1.00000
  7.943E+09 7.943E+09 3.055E+00 1.588E+02 3.858E+03 1.521E+03 5.538E+03 5.541E+03 1.285E+07 24.6772 1.00000
  8.913E+09 8.913E+09 3.069E+00 1.784E+02 4.330E+03 1.741E+03 6.249E+03 6.252E+03 1.301E+07 24.9074 1.00000
  1.000E+10 1.000E+10 3.083E+00 2.004E+02 4.858E+03 1.993E+03 7.052E+03 7.055E+03 1.318E+07 25.1377 1.00000
  1.122E+10 1.122E+10 3.098E+00 2.252E+02 5.451E+03 2.282E+03 7.958E+03 7.961E+03 1.334E+07 25.3679 1.00000
  1.259E+10 1.259E+10 3.112E+00 2.529E+02 6.117E+03 2.612E+03 8.982E+03 8.985E+03 1.350E+07 25.5982 1.00000
  1.413E+10 1.413E+10 3.126E+00 2.840E+02 6.863E+03 2.991E+03 1.014E+04 1.014E+04 1.366E+07 25.8285 1.00000
  1.585E+10 1.585E+10 3.141E+00 3.189E+02 7.701E+03 3.425E+03 1.144E+04 1.145E+04 1.382E+07 26.0586 1.00000
  1.778E+10 1.778E+10 3.155E+00 3.582E+02 8.641E+03 3.921E+03 1.292E+04 1.292E+04 1.398E+07 26.2889 1.00000
  1.995E+10 1.995E+10 3.170E+00 4.022E+02 9.696E+03 4.490E+03 1.459E+04 1.459E+04 1.414E+07 26.5191 1.00000
  2.239E+10 2.239E+10 3.185E+00 4.515E+02 1.088E+04 5.142E+03 1.647E+04 1.648E+04 1.430E+07 26.7490 1.00000
  2.512E+10 2.512E+10 3.199E+00 5.070E+02 1.221E+04 5.889E+03 1.860E+04 1.861E+04 1.445E+07 26.9793 1.00000
  2.818E+10 2.818E+10 3.214E+00 5.691E+02 1.370E+04 6.745E+03 2.101E+04 2.101E+04 1.461E+07 27.2095 1.00000
  3.162E+10 3.162E+10 3.229E+00 6.389E+02 1.537E+04 7.725E+03 2.373E+04 2.374E+04 1.476E+07 27.4383 1.00000
  3.548E+10 3.548E+10 3.244E+00 7.173E+02 1.724E+04 8.849E+03 2.681E+04 2.681E+04 1.491E+07 27.6685 1.00000
  3.981E+10 3.981E+10 3.259E+00 8.051E+02 1.935E+04 1.014E+04 3.029E+04 3.029E+04 1.507E+07 27.8988 1.00000
  4.467E+10 4.467E+10 3.275E+00 9.038E+02 2.171E+04 1.161E+04 3.423E+04 3.423E+04 1.522E+07 28.1290 1.00000
  5.012E+10 5.012E+10 3.290E+00 1.014E+03 2.436E+04 1.330E+04 3.868E+04 3.868E+04 1.537E+07 28.3528 1.00000
  5.623E+10 5.623E+10 3.306E+00 1.139E+03 2.733E+04 1.524E+04 4.371E+04 4.371E+04 1.552E+07 28.5831 1.00000
  6.310E+10 6.310E+10 3.321E+00 1.278E+03 3.067E+04 1.746E+04 4.941E+04 4.941E+04 1.566E+07 28.8133 1.00000
  7.079E+10 7.079E+10 3.339E+00 1.434E+03 3.441E+04 2.001E+04 5.585E+04 5.585E+04 1.581E+07 29.0144 1.00000
  7.943E+10 7.943E+10 3.354E+00 1.610E+03 3.861E+04 2.293E+04 6.314E+04 6.315E+04 1.595E+07 29.2447 1.00000
  8.913E+10 8.913E+10 3.370E+00 1.807E+03 4.332E+04 2.627E+04 7.140E+04 7.140E+04 1.610E+07 29.4749 1.00000
  1.000E+11 1.000E+11 3.386E+00 2.027E+03 4.861E+04 3.011E+04 8.074E+04 8.074E+04 1.624E+07 29.7052 1.00000
  1.122E+11 1.122E+11 3.402E+00 2.275E+03 5.454E+04 3.450E+04 9.132E+04 9.132E+04 1.638E+07 29.9355 1.00000
  1.259E+11 1.259E+11 3.428E+00 2.553E+03 6.119E+04 3.954E+04 1.033E+05 1.033E+05 1.652E+07 30.0103 1.00000
  1.413E+11 1.413E+11 3.444E+00 2.865E+03 6.866E+04 4.532E+04 1.168E+05 1.169E+05 1.666E+07 30.2405 1.00000
  1.585E+11 1.585E+11 3.460E+00 3.216E+03 7.704E+04 5.195E+04 1.322E+05 1.322E+05 1.680E+07 30.4708 1.00000
  1.778E+11 1.778E+11 3.476E+00 3.608E+03 8.644E+04 5.955E+04 1.496E+05 1.496E+05 1.694E+07 30.7010 1.00000
  1.995E+11 1.995E+11 3.493E+00 4.049E+03 9.699E+04 6.827E+04 1.693E+05 1.693E+05 1.708E+07 30.9313 1.00000
  2.239E+11 2.239E+11 3.509E+00 4.544E+03 1.088E+05 7.826E+04 1.916E+05 1.916E+05 1.721E+07 31.1615 1.00000
  2.512E+11 2.512E+11 3.526E+00 5.099E+03 1.221E+05 8.973E+04 2.169E+05 2.169E+05 1.735E+07 31.3918 1.00000
  2.818E+11 2.818E+11 3.542E+00 5.721E+03 1.370E+05 1.029E+05 2.456E+05 2.456E+05 1.748E+07 31.6221 1.00000
  3.162E+11 3.162E+11 3.559E+00 6.420E+03 1.537E+05 1.180E+05 2.781E+05 2.781E+05 1.761E+07 31.8523 1.00000
  3.548E+11 3.548E+11 3.576E+00 7.204E+03 1.725E+05 1.353E+05 3.149E+05 3.149E+05 1.774E+07 32.0826 1.00000
  3.981E+11 3.981E+11 3.593E+00 8.083E+03 1.935E+05 1.551E+05 3.567E+05 3.567E+05 1.787E+07 32.3128 1.00000
  4.467E+11 4.467E+11 3.610E+00 9.070E+03 2.171E+05 1.779E+05 4.041E+05 4.041E+05 1.800E+07 32.5431 1.00000
  5.012E+11 5.012E+11 3.627E+00 1.018E+04 2.436E+05 2.040E+05 4.578E+05 4.578E+05 1.812E+07 32.7734 1.00000
  5.623E+11 5.623E+11 3.644E+00 1.142E+04 2.733E+05 2.340E+05 5.187E+05 5.187E+05 1.825E+07 33.0036 1.00000
  6.310E+11 6.310E+11 3.662E+00 1.281E+04 3.067E+05 2.683E+05 5.879E+05 5.879E+05 1.837E+07 33.2339 1.00000
  7.079E+11 7.079E+11 3.679E+00 1.438E+04 3.441E+05 3.078E+05 6.663E+05 6.663E+05 1.850E+07 33.4641 1.00000
  7.943E+11 7.943E+11 3.696E+00 1.613E+04 3.861E+05 3.531E+05 7.553E+05 7.553E+05 1.862E+07 33.6944 1.00000
  8.913E+11 8.913E+11 3.714E+00 1.810E+04 4.332E+05 4.050E+05 8.564E+05 8.564E+05 1.874E+07 33.9246 1.00000
  1.000E+12 1.000E+12 3.732E+00 2.031E+04 4.861E+05 4.647E+05 9.711E+05 9.711E+05 1.886E+07 34.1549 1.00000
  1.122E+12 1.122E+12 3.750E+00 2.279E+04 5.454E+05 5.331E+05 1.101E+06 1.101E+06 1.898E+07 34.3852 1.00000
  1.259E+12 1.259E+12 3.767E+00 2.557E+04 6.119E+05 6.116E+05 1.249E+06 1.249E+06 1.909E+07 34.6154 1.00000
  1.413E+12 1.413E+12 3.785E+00 2.869E+04 6.866E+05 7.018E+05 1.417E+06 1.417E+06 1.921E+07 34.8457 1.00000
  1.585E+12 1.585E+12 3.803E+00 3.220E+04 7.704E+05 8.053E+05 1.608E+06 1.608E+06 1.932E+07 35.0759 1.00000
  1.778E+12 1.778E+12 3.822E+00 3.612E+04 8.644E+05 9.240E+05 1.825E+06 1.825E+06 1.944E+07 35.3062 1.00000
  1.995E+12 1.995E+12 3.840E+00 4.053E+04 9.699E+05 1.060E+06 2.071E+06 2.071E+06 1.955E+07 35.5365 1.00000
  2.239E+12 2.239E+12 3.858E+00 4.548E+04 1.088E+06 1.217E+06 2.351E+06 2.351E+06 1.966E+07 35.7667 1.00000
  2.512E+12 2.512E+12 3.877E+00 5.103E+04 1.221E+06 1.397E+06 2.669E+06 2.669E+06 1.977E+07 35.9970 1.00000
  2.818E+12 2.818E+12 3.895E+00 5.726E+04 1.370E+06 1.603E+06 3.030E+06 3.030E+06 1.987E+07 36.2272 1.00000
  3.162E+12 3.162E+12 3.914E+00 6.424E+04 1.537E+06 1.840E+06 3.441E+06 3.441E+06 1.998E+07 36.4575 1.00000
  3.548E+12 3.548E+12 3.933E+00 7.208E+04 1.725E+06 2.112E+06 3.909E+06 3.909E+06 2.009E+07 36.6878 1.00000
  3.981E+12 3.981E+12 3.952E+00 8.088E+04 1.935E+06 2.424E+06 4.440E+06 4.440E+06 2.019E+07 36.9180 1.00000
  4.467E+12 4.467E+12 3.971E+00 9.075E+04 2.171E+06 2.783E+06 5.045E+06 5.045E+06 2.029E+07 37.1483 1.00000
  5.012E+12 5.012E+12 3.990E+00 1.018E+05 2.436E+06 3.195E+06 5.733E+06 5.733E+06 2.039E+07 37.3785 1.00000
  5.623E+12 5.623E+12 4.009E+00 1.142E+05 2.733E+06 3.668E+06 6.516E+06 6.516E+06 2.049E+07 37.6088 1.00000
  6.310E+12 6.310E+12 4.029E+00 1.282E+05 3.067E+06 4.212E+06 7.407E+06 7.407E+06 2.059E+07 37.8390 1.00000
  7.079E+12 7.079E+12 4.048E+00 1.438E+05 3.441E+06 4.836E+06 8.421E+06 8.421E+06 2.069E+07 38.0693 1.00000
  7.943E+12 7.943E+12 4.068E+00 1.614E+05 3.861E+06 5.553E+06 9.575E+06 9.575E+06 2.079E+07 38.2996 1.00000
  8.913E+12 8.913E+12 4.087E+00 1.811E+05 4.332E+06 6.376E+06 1.089E+07 1.089E+07 2.088E+07 38.5298 1.00000
  1.000E+13 1.000E+13 4.107E+00 2.032E+05 4.861E+06 7.323E+06 1.239E+07 1.239E+07 2.097E+07 38.7601 1.00000
  1.122E+13 1.122E+13 4.127E+00 2.280E+05 5.454E+06 8.409E+06 1.409E+07 1.409E+07 2.107E+07 38.9903 1.00000
  1.259E+13 1.259E+13 4.147E+00 2.558E+05 6.119E+06 9.658E+06 1.603E+07 1.603E+07 2.116E+07 39.2206 1.00000
  1.413E+13 1.413E+13 4.167E+00 2.870E+05 6.866E+06 1.109E+07 1.825E+07 1.825E+07 2.125E+07 39.4509 1.00000
  1.585E+13 1.585E+13 4.187E+00 3.220E+05 7.703E+06 1.274E+07 2.077E+07 2.077E+07 2.134E+07 39.6811 1.00000
  1.778E+13 1.778E+13 4.207E+00 3.613E+05 8.643E+06 1.464E+07 2.364E+07 2.364E+07 2.142E+07 39.9114 1.00000
  1.995E+13 1.995E+13 4.228E+00 4.054E+05 9.698E+06 1.681E+07 2.691E+07 2.691E+07 2.151E+07 40.1416 1.00000
  2.239E+13 2.239E+13 4.248E+00 4.548E+05 1.088E+07 1.931E+07 3.065E+07 3.065E+07 2.159E+07 40.3719 1.00000
  2.512E+13 2.512E+13 4.269E+00 5.103E+05 1.221E+07 2.219E+07 3.491E+07 3.491E+07 2.168E+07 40.6021 1.00000
  2.818E+13 2.818E+13 4.290E+00 5.726E+05 1.370E+07 2.549E+07 3.976E+07 3.976E+07 2.176E+07 40.8324 1.00000
  3.162E+13 3.162E+13 4.310E+00 6.425E+05 1.537E+07 2.929E+07 4.530E+07 4.530E+07 2.184E+07 41.0627 1.00000
  3.548E+13 3.548E+13 4.331E+00 7.209E+05 1.725E+07 3.365E+07 5.162E+07 5.162E+07 2.192E+07 41.2929 1.00000
  3.981E+13 3.981E+13 4.352E+00 8.088E+05 1.935E+07 3.866E+07 5.882E+07 5.882E+07 2.200E+07 41.5232 1.00000
  4.467E+13 4.467E+13 4.374E+00 9.075E+05 2.171E+07 4.443E+07 6.705E+07 6.705E+07 2.208E+07 41.7534 1.00000
  5.012E+13 5.012E+13 4.395E+00 1.018E+06 2.436E+07 5.106E+07 7.643E+07 7.643E+07 2.215E+07 41.9837 1.00000
  5.623E+13 5.623E+13 4.416E+00 1.143E+06 2.733E+07 5.867E+07 8.715E+07 8.715E+07 2.223E+07 42.2140 1.00000
  6.310E+13 6.310E+13 4.438E+00 1.282E+06 3.067E+07 6.743E+07 9.938E+07 9.938E+07 2.230E+07 42.4442 1.00000
  7.079E+13 7.079E+13 4.459E+00 1.438E+06 3.441E+07 7.750E+07 1.133E+08 1.133E+08 2.237E+07 42.6745 1.00000
  7.943E+13 7.943E+13 4.481E+00 1.614E+06 3.861E+07 8.907E+07 1.293E+08 1.293E+08 2.244E+07 42.9047 1.00000
  8.913E+13 8.913E+13 4.503E+00 1.811E+06 4.332E+07 1.024E+08 1.475E+08 1.475E+08 2.251E+07 43.1350 1.00000
  1.000E+14 1.000E+14 4.525E+00 2.032E+06 4.860E+07 1.177E+08 1.683E+08 1.683E+08 2.258E+07 43.3652 1.00000
  1.122E+14 1.122E+14 4.547E+00 2.280E+06 5.453E+07 1.353E+08 1.921E+08 1.921E+08 2.265E+07 43.5955 1.00000
  1.259E+14 1.259E+14 4.569E+00 2.558E+06 6.119E+07 1.555E+08 2.193E+08 2.193E+08 2.272E+07 43.8258 1.00000
  1.413E+14 1.413E+14 4.592E+00 2.870E+06 6.865E+07 1.788E+08 2.503E+08 2.503E+08 2.278E+07 44.0560 1.00000
  1.585E+14 1.585E+14 4.614E+00 3.220E+06 7.703E+07 2.055E+08 2.858E+08 2.858E+08 2.285E+07 44.2863 1.00000
  1.778E+14 1.778E+14 4.637E+00 3.613E+06 8.643E+07 2.363E+08 3.264E+08 3.264E+08 2.291E+07 44.5165 1.00000
  1.995E+14 1.995E+14 4.659E+00 4.054E+06 9.697E+07 2.717E+08 3.727E+08 3.727E+08 2.297E+07 44.7468 1.00000
  2.239E+14 2.239E+14 4.682E+00 4.548E+06 1.088E+08 3.124E+08 4.258E+08 4.258E+08 2.303E+07 44.9771 1.00000
  2.512E+14 2.512E+14 4.705E+00 5.103E+06 1.221E+08 3.592E+08 4.864E+08 4.864E+08 2.309E+07 45.2073 1.00000
  2.818E+14 2.818E+14 4.728E+00 5.726E+06 1.370E+08 4.131E+08 5.558E+08 5.558E+08 2.315E+07 45.4376 1.00000
  3.162E+14 3.162E+14 4.751E+00 6.425E+06 1.537E+08 4.751E+08 6.352E+08 6.352E+08 2.321E+07 45.6678 1.00000
  3.548E+14 3.548E+14 4.775E+00 7.209E+06 1.724E+08 5.463E+08 7.260E+08 7.260E+08 2.327E+07 45.8981 1.00000
  3.981E+14 3.981E+14 4.798E+00 8.088E+06 1.935E+08 6.283E+08 8.299E+08 8.299E+08 2.332E+07 46.1283 1.00000
  4.467E+14 4.467E+14 4.822E+00 9.075E+06 2.171E+08 7.227E+08 9.488E+08 9.488E+08 2.338E+07 46.3586 1.00000
  5.012E+14 5.012E+14 4.845E+00 1.018E+07 2.436E+08 8.312E+08 1.085E+09 1.085E+09 2.343E+07 46.5889 1.00000
  5.623E+14 5.623E+14 4.869E+00 1.143E+07 2.733E+08 9.560E+08 1.241E+09 1.241E+09 2.348E+07 46.8191 1.00000
  6.310E+14 6.310E+14 4.893E+00 1.282E+07 3.066E+08 1.100E+09 1.419E+09 1.419E+09 2.354E+07 47.0494 1.00000
  7.079E+14 7.079E+14 4.917E+00 1.438E+07 3.440E+08 1.265E+09 1.623E+09 1.623E+09 2.359E+07 47.2796 1.00000
  7.943E+14 7.943E+14 4.941E+00 1.614E+07 3.860E+08 1.455E+09 1.857E+09 1.857E+09 2.364E+07 47.5099 1.00000
  8.913E+14 8.913E+14 4.965E+00 1.811E+07 4.331E+08 1.674E+09 2.125E+09 2.125E+09 2.369E+07 47.7402 1.00000
  1.000E+15 1.000E+15 4.990E+00 2.032E+07 4.860E+08 1.926E+09 2.432E+09 2.432E+09 2.373E+07 47.9704 1.00000
