 Incident particle is a Tau with M = 1776.82000 MeV
 Index = 0: Lanthanum
      Absorber with <Z/A> = 0.41035
 Density effect computed following Fano (1963)
 Models for Radloss: brems =  SSR, pair =  SSR, photonuc = DRSS

 *** Table generated with PUMAS v1.1 ***

      T         p     Ionization  brems     pair     photonuc  Radloss    dE/dx   CSDA Range  delta   beta
    [MeV]    [MeV/c]  -----------------------[MeV cm^2/g]------------------------  [g/cm^2]
  1.000E+05 1.018E+05 1.676E+00 1.717E-04 1.345E-02 6.195E-03 1.981E-02 1.696E+00 2.949E+04  2.9770 0.99985
  1.122E+05 1.140E+05 1.694E+00 2.089E-04 1.611E-02 6.986E-03 2.330E-02 1.717E+00 3.664E+04  3.1470 0.99988
  1.259E+05 1.277E+05 1.712E+00 2.537E-04 1.924E-02 7.862E-03 2.735E-02 1.739E+00 4.456E+04  3.3212 0.99990
  1.413E+05 1.430E+05 1.730E+00 3.075E-04 2.292E-02 8.822E-03 3.205E-02 1.762E+00 5.333E+04  3.4994 0.99992
  1.585E+05 1.603E+05 1.748E+00 3.722E-04 2.722E-02 9.907E-03 3.750E-02 1.785E+00 6.305E+04  3.6812 0.99994
  1.778E+05 1.796E+05 1.765E+00 4.496E-04 3.226E-02 1.110E-02 4.381E-02 1.809E+00 7.381E+04  3.8664 0.99995
  1.995E+05 2.013E+05 1.783E+00 5.420E-04 3.814E-02 1.245E-02 5.113E-02 1.834E+00 8.572E+04  4.0547 0.99996
  2.239E+05 2.256E+05 1.800E+00 6.523E-04 4.499E-02 1.393E-02 5.957E-02 1.859E+00 9.891E+04  4.2462 0.99997
  2.512E+05 2.530E+05 1.817E+00 7.835E-04 5.295E-02 1.558E-02 6.932E-02 1.886E+00 1.135E+05  4.4406 0.99998
  2.818E+05 2.836E+05 1.834E+00 9.392E-04 6.220E-02 1.744E-02 8.058E-02 1.914E+00 1.296E+05  4.6378 0.99998
  3.162E+05 3.180E+05 1.851E+00 1.124E-03 7.291E-02 1.952E-02 9.356E-02 1.944E+00 1.474E+05  4.8379 0.99998
  3.548E+05 3.566E+05 1.867E+00 1.342E-03 8.531E-02 2.184E-02 1.085E-01 1.976E+00 1.671E+05  5.0406 0.99999
  3.981E+05 3.999E+05 1.884E+00 1.599E-03 9.964E-02 2.442E-02 1.257E-01 2.009E+00 1.889E+05  5.2459 0.99999
  4.467E+05 4.485E+05 1.900E+00 1.903E-03 1.162E-01 2.732E-02 1.454E-01 2.045E+00 2.128E+05  5.4536 0.99999
  5.012E+05 5.030E+05 1.916E+00 2.260E-03 1.352E-01 3.055E-02 1.680E-01 2.084E+00 2.392E+05  5.6635 0.99999
  5.623E+05 5.641E+05 1.932E+00 2.678E-03 1.571E-01 3.419E-02 1.940E-01 2.126E+00 2.683E+05  5.8755 1.00000
  6.310E+05 6.327E+05 1.948E+00 3.170E-03 1.823E-01 3.828E-02 2.238E-01 2.171E+00 3.002E+05  6.0893 1.00000
  7.079E+05 7.097E+05 1.963E+00 3.744E-03 2.112E-01 4.289E-02 2.578E-01 2.221E+00 3.353E+05  6.3047 1.00000
  7.943E+05 7.961E+05 1.979E+00 4.414E-03 2.443E-01 4.806E-02 2.968E-01 2.276E+00 3.737E+05  6.5216 1.00000
  8.913E+05 8.930E+05 1.994E+00 5.198E-03 2.823E-01 5.386E-02 3.413E-01 2.335E+00 4.157E+05  6.7397 1.00000
  1.000E+06 1.002E+06 2.009E+00 6.110E-03 3.256E-01 6.044E-02 3.922E-01 2.402E+00 4.616E+05  6.9590 1.00000
  1.122E+06 1.124E+06 2.024E+00 7.171E-03 3.752E-01 6.781E-02 4.501E-01 2.475E+00 5.117E+05  7.1793 1.00000
  1.259E+06 1.261E+06 2.039E+00 8.406E-03 4.317E-01 7.618E-02 5.163E-01 2.556E+00 5.661E+05  7.4006 1.00000
  1.413E+06 1.414E+06 2.054E+00 9.837E-03 4.961E-01 8.561E-02 5.916E-01 2.646E+00 6.252E+05  7.6227 1.00000
  1.585E+06 1.587E+06 2.069E+00 1.149E-02 5.695E-01 9.629E-02 6.773E-01 2.746E+00 6.891E+05  7.8457 1.00000
  1.778E+06 1.780E+06 2.083E+00 1.342E-02 6.530E-01 1.084E-01 7.747E-01 2.858E+00 7.581E+05  8.0694 1.00000
  1.995E+06 1.997E+06 2.098E+00 1.564E-02 7.479E-01 1.220E-01 8.855E-01 2.983E+00 8.325E+05  8.2938 1.00000
  2.239E+06 2.240E+06 2.112E+00 1.821E-02 8.557E-01 1.375E-01 1.011E+00 3.123E+00 9.122E+05  8.5189 1.00000
  2.512E+06 2.514E+06 2.126E+00 2.117E-02 9.780E-01 1.551E-01 1.154E+00 3.280E+00 9.975E+05  8.7447 1.00000
  2.818E+06 2.820E+06 2.140E+00 2.459E-02 1.117E+00 1.751E-01 1.316E+00 3.456E+00 1.089E+06  8.9711 1.00000
  3.162E+06 3.164E+06 2.154E+00 2.854E-02 1.274E+00 1.977E-01 1.500E+00 3.654E+00 1.185E+06  9.1980 1.00000
  3.548E+06 3.550E+06 2.167E+00 3.308E-02 1.452E+00 2.234E-01 1.708E+00 3.876E+00 1.288E+06  9.4255 1.00000
  3.981E+06 3.983E+06 2.181E+00 3.830E-02 1.653E+00 2.525E-01 1.944E+00 4.125E+00 1.396E+06  9.6534 1.00000
  4.467E+06 4.469E+06 2.194E+00 4.430E-02 1.881E+00 2.857E-01 2.211E+00 4.405E+00 1.510E+06  9.8817 1.00000
  5.012E+06 5.014E+06 2.207E+00 5.118E-02 2.138E+00 3.235E-01 2.513E+00 4.720E+00 1.630E+06 10.1103 1.00000
  5.623E+06 5.625E+06 2.220E+00 5.908E-02 2.429E+00 3.664E-01 2.854E+00 5.075E+00 1.754E+06 10.3392 1.00000
  6.310E+06 6.311E+06 2.233E+00 6.815E-02 2.757E+00 4.153E-01 3.241E+00 5.474E+00 1.885E+06 10.5684 1.00000
  7.079E+06 7.081E+06 2.246E+00 7.857E-02 3.128E+00 4.709E-01 3.677E+00 5.923E+00 2.020E+06 10.7977 1.00000
  7.943E+06 7.945E+06 2.258E+00 9.049E-02 3.545E+00 5.342E-01 4.170E+00 6.428E+00 2.160E+06 11.0272 1.00000
  8.913E+06 8.914E+06 2.271E+00 1.041E-01 4.017E+00 6.063E-01 4.727E+00 6.998E+00 2.304E+06 11.2569 1.00000
  1.000E+07 1.000E+07 2.283E+00 1.198E-01 4.548E+00 6.884E-01 5.356E+00 7.639E+00 2.453E+06 11.4867 1.00000
  1.122E+07 1.122E+07 2.295E+00 1.376E-01 5.146E+00 7.821E-01 6.066E+00 8.361E+00 2.606E+06 11.7165 1.00000
  1.259E+07 1.259E+07 2.307E+00 1.580E-01 5.820E+00 8.887E-01 6.867E+00 9.174E+00 2.762E+06 11.9465 1.00000
  1.413E+07 1.413E+07 2.319E+00 1.812E-01 6.579E+00 1.010E+00 7.771E+00 1.009E+01 2.921E+06 12.1765 1.00000
  1.585E+07 1.585E+07 2.331E+00 2.078E-01 7.433E+00 1.149E+00 8.790E+00 1.112E+01 3.084E+06 12.4065 1.00000
  1.778E+07 1.778E+07 2.343E+00 2.380E-01 8.395E+00 1.307E+00 9.940E+00 1.228E+01 3.250E+06 12.6366 1.00000
  1.995E+07 1.995E+07 2.355E+00 2.725E-01 9.477E+00 1.488E+00 1.124E+01 1.359E+01 3.417E+06 12.8668 1.00000
  2.239E+07 2.239E+07 2.366E+00 3.117E-01 1.069E+01 1.693E+00 1.270E+01 1.507E+01 3.587E+06 13.0969 1.00000
  2.512E+07 2.512E+07 2.378E+00 3.564E-01 1.206E+01 1.928E+00 1.435E+01 1.672E+01 3.759E+06 13.3271 1.00000
  2.818E+07 2.819E+07 2.389E+00 4.073E-01 1.360E+01 2.196E+00 1.620E+01 1.859E+01 3.933E+06 13.5573 1.00000
  3.162E+07 3.162E+07 2.401E+00 4.652E-01 1.533E+01 2.502E+00 1.830E+01 2.070E+01 4.108E+06 13.7875 1.00000
  3.548E+07 3.548E+07 2.412E+00 5.310E-01 1.728E+01 2.851E+00 2.066E+01 2.307E+01 4.285E+06 14.0177 1.00000
  3.981E+07 3.981E+07 2.424E+00 6.058E-01 1.946E+01 3.250E+00 2.332E+01 2.574E+01 4.462E+06 14.2479 1.00000
  4.467E+07 4.467E+07 2.435E+00 6.908E-01 2.192E+01 3.705E+00 2.631E+01 2.875E+01 4.641E+06 14.4781 1.00000
  5.012E+07 5.012E+07 2.447E+00 7.872E-01 2.468E+01 4.224E+00 2.969E+01 3.213E+01 4.820E+06 14.7083 1.00000
  5.623E+07 5.624E+07 2.458E+00 8.966E-01 2.777E+01 4.817E+00 3.349E+01 3.595E+01 5.000E+06 14.9386 1.00000
  6.310E+07 6.310E+07 2.469E+00 1.021E+00 3.126E+01 5.495E+00 3.777E+01 4.024E+01 5.180E+06 15.1688 1.00000
  7.079E+07 7.080E+07 2.481E+00 1.161E+00 3.517E+01 6.268E+00 4.260E+01 4.508E+01 5.361E+06 15.3991 1.00000
  7.943E+07 7.943E+07 2.492E+00 1.321E+00 3.956E+01 7.152E+00 4.803E+01 5.052E+01 5.542E+06 15.6293 1.00000
  8.913E+07 8.913E+07 2.504E+00 1.501E+00 4.449E+01 8.162E+00 5.415E+01 5.665E+01 5.723E+06 15.8596 1.00000
  1.000E+08 1.000E+08 2.515E+00 1.705E+00 5.003E+01 9.315E+00 6.105E+01 6.356E+01 5.904E+06 16.0898 1.00000
  1.122E+08 1.122E+08 2.527E+00 1.936E+00 5.624E+01 1.063E+01 6.881E+01 7.134E+01 6.085E+06 16.3201 1.00000
  1.259E+08 1.259E+08 2.538E+00 2.197E+00 6.322E+01 1.214E+01 7.756E+01 8.010E+01 6.266E+06 16.5503 1.00000
  1.413E+08 1.413E+08 2.550E+00 2.493E+00 7.106E+01 1.386E+01 8.741E+01 8.996E+01 6.447E+06 16.7806 1.00000
  1.585E+08 1.585E+08 2.561E+00 2.826E+00 7.986E+01 1.582E+01 9.851E+01 1.011E+02 6.628E+06 17.0108 1.00000
  1.778E+08 1.778E+08 2.573E+00 3.203E+00 8.973E+01 1.807E+01 1.110E+02 1.136E+02 6.808E+06 17.2411 1.00000
  1.995E+08 1.995E+08 2.584E+00 3.629E+00 1.008E+02 2.064E+01 1.251E+02 1.277E+02 6.988E+06 17.4713 1.00000
  2.239E+08 2.239E+08 2.596E+00 4.110E+00 1.133E+02 2.357E+01 1.409E+02 1.435E+02 7.168E+06 17.7016 1.00000
  2.512E+08 2.512E+08 2.608E+00 4.652E+00 1.272E+02 2.693E+01 1.588E+02 1.614E+02 7.347E+06 17.9318 1.00000
  2.818E+08 2.818E+08 2.620E+00 5.263E+00 1.429E+02 3.076E+01 1.789E+02 1.815E+02 7.526E+06 18.1621 1.00000
  3.162E+08 3.162E+08 2.632E+00 5.953E+00 1.605E+02 3.515E+01 2.016E+02 2.042E+02 7.705E+06 18.3923 1.00000
  3.548E+08 3.548E+08 2.643E+00 6.731E+00 1.802E+02 4.016E+01 2.271E+02 2.298E+02 7.883E+06 18.6226 1.00000
  3.981E+08 3.981E+08 2.655E+00 7.607E+00 2.024E+02 4.589E+01 2.559E+02 2.585E+02 8.061E+06 18.8529 1.00000
  4.467E+08 4.467E+08 2.667E+00 8.594E+00 2.273E+02 5.244E+01 2.883E+02 2.910E+02 8.238E+06 19.0831 1.00000
  5.012E+08 5.012E+08 2.679E+00 9.706E+00 2.552E+02 5.994E+01 3.248E+02 3.275E+02 8.414E+06 19.3134 1.00000
  5.623E+08 5.623E+08 2.692E+00 1.096E+01 2.865E+02 6.851E+01 3.659E+02 3.686E+02 8.590E+06 19.5436 1.00000
  6.310E+08 6.310E+08 2.704E+00 1.237E+01 3.216E+02 7.831E+01 4.123E+02 4.150E+02 8.765E+06 19.7739 1.00000
  7.079E+08 7.079E+08 2.716E+00 1.395E+01 3.610E+02 8.952E+01 4.645E+02 4.672E+02 8.940E+06 20.0041 1.00000
  7.943E+08 7.943E+08 2.728E+00 1.574E+01 4.053E+02 1.023E+02 5.234E+02 5.261E+02 9.114E+06 20.2344 1.00000
  8.913E+08 8.913E+08 2.741E+00 1.775E+01 4.550E+02 1.170E+02 5.897E+02 5.924E+02 9.288E+06 20.4647 1.00000
  1.000E+09 1.000E+09 2.753E+00 2.001E+01 5.107E+02 1.338E+02 6.644E+02 6.672E+02 9.461E+06 20.6949 1.00000
  1.122E+09 1.122E+09 2.766E+00 2.255E+01 5.732E+02 1.530E+02 7.487E+02 7.515E+02 9.633E+06 20.9252 1.00000
  1.259E+09 1.259E+09 2.778E+00 2.540E+01 6.434E+02 1.749E+02 8.437E+02 8.464E+02 9.804E+06 21.1554 1.00000
  1.413E+09 1.413E+09 2.791E+00 2.861E+01 7.221E+02 2.000E+02 9.507E+02 9.535E+02 9.975E+06 21.3857 1.00000
  1.585E+09 1.585E+09 2.804E+00 3.222E+01 8.104E+02 2.288E+02 1.071E+03 1.074E+03 1.015E+07 21.6160 1.00000
  1.778E+09 1.778E+09 2.816E+00 3.628E+01 9.095E+02 2.616E+02 1.207E+03 1.210E+03 1.031E+07 21.8462 1.00000
  1.995E+09 1.995E+09 2.829E+00 4.084E+01 1.021E+03 2.993E+02 1.361E+03 1.364E+03 1.048E+07 22.0765 1.00000
  2.239E+09 2.239E+09 2.842E+00 4.596E+01 1.146E+03 3.423E+02 1.534E+03 1.537E+03 1.065E+07 22.3067 1.00000
  2.512E+09 2.512E+09 2.855E+00 5.171E+01 1.286E+03 3.916E+02 1.729E+03 1.732E+03 1.082E+07 22.5370 1.00000
  2.818E+09 2.818E+09 2.868E+00 5.818E+01 1.443E+03 4.480E+02 1.949E+03 1.952E+03 1.099E+07 22.7672 1.00000
  3.162E+09 3.162E+09 2.881E+00 6.544E+01 1.619E+03 5.125E+02 2.197E+03 2.200E+03 1.115E+07 22.9975 1.00000
  3.548E+09 3.548E+09 2.895E+00 7.359E+01 1.817E+03 5.864E+02 2.477E+03 2.480E+03 1.132E+07 23.2278 1.00000
  3.981E+09 3.981E+09 2.908E+00 8.275E+01 2.039E+03 6.710E+02 2.793E+03 2.795E+03 1.148E+07 23.4580 1.00000
  4.467E+09 4.467E+09 2.921E+00 9.304E+01 2.288E+03 7.678E+02 3.149E+03 3.152E+03 1.164E+07 23.6883 1.00000
  5.012E+09 5.012E+09 2.935E+00 1.046E+02 2.567E+03 8.786E+02 3.550E+03 3.553E+03 1.181E+07 23.9185 1.00000
  5.623E+09 5.623E+09 2.948E+00 1.175E+02 2.881E+03 1.005E+03 4.004E+03 4.007E+03 1.197E+07 24.1488 1.00000
  6.310E+09 6.310E+09 2.962E+00 1.321E+02 3.233E+03 1.151E+03 4.515E+03 4.518E+03 1.213E+07 24.3791 1.00000
  7.079E+09 7.079E+09 2.975E+00 1.484E+02 3.627E+03 1.317E+03 5.093E+03 5.096E+03 1.229E+07 24.6093 1.00000
  7.943E+09 7.943E+09 2.989E+00 1.668E+02 4.070E+03 1.507E+03 5.745E+03 5.748E+03 1.245E+07 24.8396 1.00000
  8.913E+09 8.913E+09 3.003E+00 1.874E+02 4.567E+03 1.726E+03 6.480E+03 6.483E+03 1.261E+07 25.0698 1.00000
  1.000E+10 1.000E+10 3.017E+00 2.105E+02 5.125E+03 1.975E+03 7.311E+03 7.314E+03 1.277E+07 25.3001 1.00000
  1.122E+10 1.122E+10 3.031E+00 2.364E+02 5.751E+03 2.261E+03 8.248E+03 8.251E+03 1.292E+07 25.5303 1.00000
  1.259E+10 1.259E+10 3.045E+00 2.656E+02 6.453E+03 2.589E+03 9.307E+03 9.310E+03 1.308E+07 25.7606 1.00000
  1.413E+10 1.413E+10 3.059E+00 2.983E+02 7.240E+03 2.964E+03 1.050E+04 1.051E+04 1.324E+07 25.9908 1.00000
  1.585E+10 1.585E+10 3.073E+00 3.349E+02 8.124E+03 3.394E+03 1.185E+04 1.186E+04 1.339E+07 26.2210 1.00000
  1.778E+10 1.778E+10 3.087E+00 3.761E+02 9.116E+03 3.886E+03 1.338E+04 1.338E+04 1.354E+07 26.4513 1.00000
  1.995E+10 1.995E+10 3.102E+00 4.223E+02 1.023E+04 4.450E+03 1.510E+04 1.510E+04 1.370E+07 26.6815 1.00000
  2.239E+10 2.239E+10 3.116E+00 4.742E+02 1.148E+04 5.096E+03 1.705E+04 1.705E+04 1.385E+07 26.9114 1.00000
  2.512E+10 2.512E+10 3.131E+00 5.324E+02 1.288E+04 5.836E+03 1.925E+04 1.925E+04 1.400E+07 27.1417 1.00000
  2.818E+10 2.818E+10 3.145E+00 5.977E+02 1.445E+04 6.684E+03 2.173E+04 2.173E+04 1.415E+07 27.3719 1.00000
  3.162E+10 3.162E+10 3.160E+00 6.709E+02 1.621E+04 7.656E+03 2.454E+04 2.454E+04 1.430E+07 27.6006 1.00000
  3.548E+10 3.548E+10 3.175E+00 7.532E+02 1.819E+04 8.769E+03 2.771E+04 2.772E+04 1.444E+07 27.8309 1.00000
  3.981E+10 3.981E+10 3.190E+00 8.455E+02 2.041E+04 1.004E+04 3.130E+04 3.130E+04 1.459E+07 28.0612 1.00000
  4.467E+10 4.467E+10 3.205E+00 9.490E+02 2.290E+04 1.151E+04 3.536E+04 3.536E+04 1.474E+07 28.2914 1.00000
  5.012E+10 5.012E+10 3.220E+00 1.065E+03 2.570E+04 1.318E+04 3.994E+04 3.995E+04 1.488E+07 28.5152 1.00000
  5.623E+10 5.623E+10 3.235E+00 1.196E+03 2.883E+04 1.510E+04 4.513E+04 4.513E+04 1.503E+07 28.7454 1.00000
  6.310E+10 6.310E+10 3.251E+00 1.342E+03 3.235E+04 1.730E+04 5.100E+04 5.100E+04 1.517E+07 28.9757 1.00000
  7.079E+10 7.079E+10 3.268E+00 1.506E+03 3.630E+04 1.983E+04 5.763E+04 5.764E+04 1.531E+07 29.1768 1.00000
  7.943E+10 7.943E+10 3.283E+00 1.690E+03 4.073E+04 2.272E+04 6.514E+04 6.514E+04 1.545E+07 29.4071 1.00000
  8.913E+10 8.913E+10 3.299E+00 1.897E+03 4.570E+04 2.603E+04 7.363E+04 7.363E+04 1.559E+07 29.6373 1.00000
  1.000E+11 1.000E+11 3.314E+00 2.129E+03 5.128E+04 2.983E+04 8.324E+04 8.324E+04 1.573E+07 29.8676 1.00000
  1.122E+11 1.122E+11 3.330E+00 2.389E+03 5.753E+04 3.419E+04 9.411E+04 9.412E+04 1.587E+07 30.0978 1.00000
  1.259E+11 1.259E+11 3.355E+00 2.681E+03 6.455E+04 3.919E+04 1.064E+05 1.064E+05 1.601E+07 30.1726 1.00000
  1.413E+11 1.413E+11 3.371E+00 3.009E+03 7.243E+04 4.492E+04 1.204E+05 1.204E+05 1.614E+07 30.4029 1.00000
  1.585E+11 1.585E+11 3.387E+00 3.377E+03 8.127E+04 5.148E+04 1.361E+05 1.361E+05 1.628E+07 30.6331 1.00000
  1.778E+11 1.778E+11 3.403E+00 3.789E+03 9.118E+04 5.902E+04 1.540E+05 1.540E+05 1.641E+07 30.8634 1.00000
  1.995E+11 1.995E+11 3.419E+00 4.252E+03 1.023E+05 6.765E+04 1.742E+05 1.742E+05 1.654E+07 31.0937 1.00000
  2.239E+11 2.239E+11 3.435E+00 4.771E+03 1.148E+05 7.756E+04 1.971E+05 1.971E+05 1.667E+07 31.3239 1.00000
  2.512E+11 2.512E+11 3.451E+00 5.354E+03 1.288E+05 8.892E+04 2.231E+05 2.231E+05 1.680E+07 31.5542 1.00000
  2.818E+11 2.818E+11 3.468E+00 6.008E+03 1.445E+05 1.020E+05 2.525E+05 2.525E+05 1.693E+07 31.7844 1.00000
  3.162E+11 3.162E+11 3.484E+00 6.741E+03 1.622E+05 1.169E+05 2.858E+05 2.858E+05 1.706E+07 32.0147 1.00000
  3.548E+11 3.548E+11 3.501E+00 7.565E+03 1.819E+05 1.340E+05 3.235E+05 3.236E+05 1.719E+07 32.2450 1.00000
  3.981E+11 3.981E+11 3.517E+00 8.488E+03 2.041E+05 1.537E+05 3.663E+05 3.663E+05 1.731E+07 32.4752 1.00000
  4.467E+11 4.467E+11 3.534E+00 9.524E+03 2.290E+05 1.763E+05 4.148E+05 4.149E+05 1.744E+07 32.7055 1.00000
  5.012E+11 5.012E+11 3.551E+00 1.069E+04 2.570E+05 2.022E+05 4.698E+05 4.698E+05 1.756E+07 32.9357 1.00000
  5.623E+11 5.623E+11 3.568E+00 1.199E+04 2.884E+05 2.319E+05 5.322E+05 5.322E+05 1.768E+07 33.1660 1.00000
  6.310E+11 6.310E+11 3.585E+00 1.346E+04 3.235E+05 2.659E+05 6.029E+05 6.029E+05 1.780E+07 33.3962 1.00000
  7.079E+11 7.079E+11 3.602E+00 1.510E+04 3.630E+05 3.050E+05 6.832E+05 6.832E+05 1.792E+07 33.6265 1.00000
  7.943E+11 7.943E+11 3.619E+00 1.694E+04 4.073E+05 3.499E+05 7.742E+05 7.742E+05 1.804E+07 33.8568 1.00000
  8.913E+11 8.913E+11 3.636E+00 1.901E+04 4.570E+05 4.014E+05 8.774E+05 8.774E+05 1.816E+07 34.0870 1.00000
  1.000E+12 1.000E+12 3.654E+00 2.133E+04 5.128E+05 4.605E+05 9.946E+05 9.946E+05 1.828E+07 34.3173 1.00000
  1.122E+12 1.122E+12 3.671E+00 2.393E+04 5.753E+05 5.283E+05 1.128E+06 1.128E+06 1.839E+07 34.5475 1.00000
  1.259E+12 1.259E+12 3.689E+00 2.685E+04 6.455E+05 6.061E+05 1.279E+06 1.279E+06 1.851E+07 34.7778 1.00000
  1.413E+12 1.413E+12 3.707E+00 3.013E+04 7.243E+05 6.955E+05 1.450E+06 1.450E+06 1.862E+07 35.0081 1.00000
  1.585E+12 1.585E+12 3.724E+00 3.381E+04 8.127E+05 7.980E+05 1.645E+06 1.645E+06 1.873E+07 35.2383 1.00000
  1.778E+12 1.778E+12 3.742E+00 3.793E+04 9.118E+05 9.157E+05 1.866E+06 1.866E+06 1.884E+07 35.4686 1.00000
  1.995E+12 1.995E+12 3.760E+00 4.256E+04 1.023E+06 1.051E+06 2.117E+06 2.117E+06 1.895E+07 35.6988 1.00000
  2.239E+12 2.239E+12 3.778E+00 4.776E+04 1.148E+06 1.206E+06 2.402E+06 2.402E+06 1.906E+07 35.9291 1.00000
  2.512E+12 2.512E+12 3.796E+00 5.358E+04 1.288E+06 1.384E+06 2.726E+06 2.726E+06 1.916E+07 36.1594 1.00000
  2.818E+12 2.818E+12 3.815E+00 6.012E+04 1.445E+06 1.589E+06 3.094E+06 3.094E+06 1.927E+07 36.3896 1.00000
  3.162E+12 3.162E+12 3.833E+00 6.746E+04 1.622E+06 1.823E+06 3.512E+06 3.512E+06 1.937E+07 36.6199 1.00000
  3.548E+12 3.548E+12 3.852E+00 7.569E+04 1.819E+06 2.093E+06 3.988E+06 3.988E+06 1.948E+07 36.8501 1.00000
  3.981E+12 3.981E+12 3.870E+00 8.493E+04 2.041E+06 2.403E+06 4.529E+06 4.529E+06 1.958E+07 37.0804 1.00000
  4.467E+12 4.467E+12 3.889E+00 9.529E+04 2.290E+06 2.758E+06 5.144E+06 5.144E+06 1.968E+07 37.3106 1.00000
  5.012E+12 5.012E+12 3.908E+00 1.069E+05 2.570E+06 3.166E+06 5.843E+06 5.843E+06 1.978E+07 37.5409 1.00000
  5.623E+12 5.623E+12 3.927E+00 1.200E+05 2.883E+06 3.635E+06 6.639E+06 6.639E+06 1.988E+07 37.7712 1.00000
  6.310E+12 6.310E+12 3.945E+00 1.346E+05 3.235E+06 4.174E+06 7.544E+06 7.544E+06 1.997E+07 38.0014 1.00000
  7.079E+12 7.079E+12 3.965E+00 1.510E+05 3.630E+06 4.792E+06 8.573E+06 8.573E+06 2.007E+07 38.2317 1.00000
  7.943E+12 7.943E+12 3.984E+00 1.695E+05 4.073E+06 5.503E+06 9.745E+06 9.745E+06 2.016E+07 38.4619 1.00000
  8.913E+12 8.913E+12 4.003E+00 1.901E+05 4.570E+06 6.319E+06 1.108E+07 1.108E+07 2.026E+07 38.6922 1.00000
  1.000E+13 1.000E+13 4.022E+00 2.133E+05 5.127E+06 7.257E+06 1.260E+07 1.260E+07 2.035E+07 38.9225 1.00000
  1.122E+13 1.122E+13 4.042E+00 2.394E+05 5.753E+06 8.334E+06 1.433E+07 1.433E+07 2.044E+07 39.1527 1.00000
  1.259E+13 1.259E+13 4.062E+00 2.686E+05 6.455E+06 9.571E+06 1.629E+07 1.629E+07 2.053E+07 39.3830 1.00000
  1.413E+13 1.413E+13 4.081E+00 3.013E+05 7.243E+06 1.099E+07 1.854E+07 1.854E+07 2.062E+07 39.6132 1.00000
  1.585E+13 1.585E+13 4.101E+00 3.381E+05 8.126E+06 1.263E+07 2.109E+07 2.109E+07 2.070E+07 39.8435 1.00000
  1.778E+13 1.778E+13 4.121E+00 3.794E+05 9.118E+06 1.450E+07 2.400E+07 2.400E+07 2.079E+07 40.0737 1.00000
  1.995E+13 1.995E+13 4.141E+00 4.257E+05 1.023E+07 1.666E+07 2.732E+07 2.732E+07 2.088E+07 40.3040 1.00000
  2.239E+13 2.239E+13 4.161E+00 4.776E+05 1.148E+07 1.914E+07 3.110E+07 3.110E+07 2.096E+07 40.5343 1.00000
  2.512E+13 2.512E+13 4.182E+00 5.359E+05 1.288E+07 2.199E+07 3.540E+07 3.540E+07 2.104E+07 40.7645 1.00000
  2.818E+13 2.818E+13 4.202E+00 6.013E+05 1.445E+07 2.526E+07 4.031E+07 4.031E+07 2.112E+07 40.9948 1.00000
  3.162E+13 3.162E+13 4.222E+00 6.746E+05 1.621E+07 2.902E+07 4.591E+07 4.591E+07 2.120E+07 41.2250 1.00000
  3.548E+13 3.548E+13 4.243E+00 7.570E+05 1.819E+07 3.335E+07 5.230E+07 5.230E+07 2.128E+07 41.4553 1.00000
  3.981E+13 3.981E+13 4.264E+00 8.493E+05 2.041E+07 3.832E+07 5.958E+07 5.958E+07 2.136E+07 41.6856 1.00000
  4.467E+13 4.467E+13 4.285E+00 9.529E+05 2.290E+07 4.403E+07 6.788E+07 6.788E+07 2.143E+07 41.9158 1.00000
  5.012E+13 5.012E+13 4.305E+00 1.069E+06 2.570E+07 5.060E+07 7.736E+07 7.736E+07 2.151E+07 42.1461 1.00000
  5.623E+13 5.623E+13 4.326E+00 1.200E+06 2.883E+07 5.815E+07 8.818E+07 8.818E+07 2.158E+07 42.3763 1.00000
  6.310E+13 6.310E+13 4.348E+00 1.346E+06 3.235E+07 6.682E+07 1.005E+08 1.005E+08 2.166E+07 42.6066 1.00000
  7.079E+13 7.079E+13 4.369E+00 1.510E+06 3.630E+07 7.680E+07 1.146E+08 1.146E+08 2.173E+07 42.8368 1.00000
  7.943E+13 7.943E+13 4.390E+00 1.695E+06 4.073E+07 8.827E+07 1.307E+08 1.307E+08 2.180E+07 43.0671 1.00000
  8.913E+13 8.913E+13 4.412E+00 1.901E+06 4.570E+07 1.015E+08 1.491E+08 1.491E+08 2.187E+07 43.2974 1.00000
  1.000E+14 1.000E+14 4.433E+00 2.133E+06 5.127E+07 1.166E+08 1.700E+08 1.700E+08 2.194E+07 43.5276 1.00000
  1.122E+14 1.122E+14 4.455E+00 2.394E+06 5.753E+07 1.341E+08 1.940E+08 1.940E+08 2.200E+07 43.7579 1.00000
  1.259E+14 1.259E+14 4.477E+00 2.686E+06 6.455E+07 1.541E+08 2.213E+08 2.213E+08 2.207E+07 43.9881 1.00000
  1.413E+14 1.413E+14 4.499E+00 3.013E+06 7.242E+07 1.772E+08 2.526E+08 2.526E+08 2.213E+07 44.2184 1.00000
  1.585E+14 1.585E+14 4.521E+00 3.381E+06 8.126E+07 2.037E+08 2.883E+08 2.883E+08 2.220E+07 44.4487 1.00000
  1.778E+14 1.778E+14 4.543E+00 3.794E+06 9.117E+07 2.342E+08 3.292E+08 3.292E+08 2.226E+07 44.6789 1.00000
  1.995E+14 1.995E+14 4.565E+00 4.257E+06 1.023E+08 2.693E+08 3.758E+08 3.758E+08 2.232E+07 44.9092 1.00000
  2.239E+14 2.239E+14 4.588E+00 4.776E+06 1.148E+08 3.096E+08 4.292E+08 4.292E+08 2.238E+07 45.1394 1.00000
  2.512E+14 2.512E+14 4.610E+00 5.359E+06 1.288E+08 3.560E+08 4.902E+08 4.902E+08 2.244E+07 45.3697 1.00000
  2.818E+14 2.818E+14 4.633E+00 6.013E+06 1.445E+08 4.094E+08 5.599E+08 5.599E+08 2.250E+07 45.6000 1.00000
  3.162E+14 3.162E+14 4.656E+00 6.746E+06 1.621E+08 4.708E+08 6.397E+08 6.397E+08 2.256E+07 45.8302 1.00000
  3.548E+14 3.548E+14 4.679E+00 7.570E+06 1.819E+08 5.414E+08 7.309E+08 7.309E+08 2.262E+07 46.0605 1.00000
  3.981E+14 3.981E+14 4.702E+00 8.493E+06 2.041E+08 6.227E+08 8.353E+08 8.353E+08 2.267E+07 46.2907 1.00000
  4.467E+14 4.467E+14 4.725E+00 9.530E+06 2.290E+08 7.162E+08 9.547E+08 9.547E+08 2.272E+07 46.5210 1.00000
  5.012E+14 5.012E+14 4.748E+00 1.069E+07 2.569E+08 8.237E+08 1.091E+09 1.091E+09 2.278E+07 46.7512 1.00000
  5.623E+14 5.623E+14 4.771E+00 1.200E+07 2.883E+08 9.474E+08 1.248E+09 1.248E+09 2.283E+07 46.9815 1.00000
  6.310E+14 6.310E+14 4.795E+00 1.346E+07 3.235E+08 1.090E+09 1.427E+09 1.427E+09 2.288E+07 47.2118 1.00000
  7.079E+14 7.079E+14 4.819E+00 1.510E+07 3.629E+08 1.254E+09 1.632E+09 1.632E+09 2.293E+07 47.4420 1.00000
  7.943E+14 7.943E+14 4.842E+00 1.695E+07 4.072E+08 1.442E+09 1.866E+09 1.866E+09 2.298E+07 47.6723 1.00000
  8.913E+14 8.913E+14 4.866E+00 1.901E+07 4.569E+08 1.659E+09 2.135E+09 2.135E+09 2.303E+07 47.9025 1.00000
  1.000E+15 1.000E+15 4.890E+00 2.133E+07 5.127E+08 1.909E+09 2.443E+09 2.443E+09 2.308E+07 48.1328 1.00000
