 Incident particle is a Tau with M = 1776.82000 MeV
 Index = 0: LanthanumChloride
      Absorber with <Z/A> = 0.44034
 Density effect computed following Fano (1963)
 Models for Radloss: brems =  SSR, pair =  SSR, photonuc = DRSS

 *** Table generated with PUMAS v1.1 ***

      T         p     Ionization  brems     pair     photonuc  Radloss    dE/dx   CSDA Range  delta   beta
    [MeV]    [MeV/c]  -----------------------[MeV cm^2/g]------------------------  [g/cm^2]
  1.000E+05 1.018E+05 1.832E+00 1.313E-04 9.701E-03 6.322E-03 1.616E-02 1.848E+00 2.706E+04  3.3224 0.99985
  1.122E+05 1.140E+05 1.851E+00 1.595E-04 1.163E-02 7.139E-03 1.893E-02 1.870E+00 3.363E+04  3.5000 0.99988
  1.259E+05 1.277E+05 1.870E+00 1.935E-04 1.390E-02 8.044E-03 2.214E-02 1.892E+00 4.090E+04  3.6812 0.99990
  1.413E+05 1.430E+05 1.888E+00 2.343E-04 1.656E-02 9.037E-03 2.583E-02 1.914E+00 4.898E+04  3.8657 0.99992
  1.585E+05 1.603E+05 1.907E+00 2.832E-04 1.969E-02 1.016E-02 3.013E-02 1.937E+00 5.793E+04  4.0535 0.99994
  1.778E+05 1.796E+05 1.925E+00 3.416E-04 2.334E-02 1.140E-02 3.508E-02 1.960E+00 6.785E+04  4.2444 0.99995
  1.995E+05 2.013E+05 1.944E+00 4.114E-04 2.760E-02 1.280E-02 4.082E-02 1.984E+00 7.885E+04  4.4382 0.99996
  2.239E+05 2.256E+05 1.962E+00 4.945E-04 3.257E-02 1.435E-02 4.741E-02 2.009E+00 9.104E+04  4.6348 0.99997
  2.512E+05 2.530E+05 1.980E+00 5.931E-04 3.835E-02 1.607E-02 5.502E-02 2.035E+00 1.046E+05  4.8341 0.99998
  2.818E+05 2.836E+05 1.998E+00 7.102E-04 4.507E-02 1.800E-02 6.378E-02 2.061E+00 1.195E+05  5.0359 0.99998
  3.162E+05 3.180E+05 2.015E+00 8.487E-04 5.285E-02 2.018E-02 7.388E-02 2.089E+00 1.361E+05  5.2401 0.99998
  3.548E+05 3.566E+05 2.033E+00 1.012E-03 6.187E-02 2.261E-02 8.549E-02 2.118E+00 1.544E+05  5.4467 0.99999
  3.981E+05 3.999E+05 2.050E+00 1.205E-03 7.229E-02 2.531E-02 9.880E-02 2.149E+00 1.747E+05  5.6555 0.99999
  4.467E+05 4.485E+05 2.067E+00 1.432E-03 8.431E-02 2.835E-02 1.141E-01 2.182E+00 1.971E+05  5.8664 0.99999
  5.012E+05 5.030E+05 2.084E+00 1.699E-03 9.818E-02 3.174E-02 1.316E-01 2.216E+00 2.219E+05  6.0793 0.99999
  5.623E+05 5.641E+05 2.101E+00 2.012E-03 1.141E-01 3.556E-02 1.517E-01 2.253E+00 2.493E+05  6.2940 1.00000
  6.310E+05 6.327E+05 2.118E+00 2.379E-03 1.325E-01 3.987E-02 1.747E-01 2.293E+00 2.795E+05  6.5103 1.00000
  7.079E+05 7.097E+05 2.135E+00 2.808E-03 1.535E-01 4.472E-02 2.011E-01 2.336E+00 3.128E+05  6.7282 1.00000
  7.943E+05 7.961E+05 2.151E+00 3.308E-03 1.777E-01 5.017E-02 2.312E-01 2.382E+00 3.494E+05  6.9474 1.00000
  8.913E+05 8.930E+05 2.168E+00 3.891E-03 2.053E-01 5.629E-02 2.655E-01 2.433E+00 3.896E+05  7.1678 1.00000
  1.000E+06 1.002E+06 2.184E+00 4.571E-03 2.370E-01 6.323E-02 3.048E-01 2.489E+00 4.338E+05  7.3893 1.00000
  1.122E+06 1.124E+06 2.200E+00 5.360E-03 2.732E-01 7.102E-02 3.495E-01 2.549E+00 4.823E+05  7.6117 1.00000
  1.259E+06 1.261E+06 2.216E+00 6.278E-03 3.144E-01 7.986E-02 4.006E-01 2.616E+00 5.353E+05  7.8350 1.00000
  1.413E+06 1.414E+06 2.231E+00 7.342E-03 3.615E-01 8.983E-02 4.587E-01 2.690E+00 5.932E+05  8.0589 1.00000
  1.585E+06 1.587E+06 2.247E+00 8.573E-03 4.152E-01 1.011E-01 5.249E-01 2.772E+00 6.563E+05  8.2835 1.00000
  1.778E+06 1.780E+06 2.263E+00 1.000E-02 4.762E-01 1.139E-01 6.001E-01 2.863E+00 7.249E+05  8.5086 1.00000
  1.995E+06 1.997E+06 2.278E+00 1.165E-02 5.456E-01 1.284E-01 6.857E-01 2.964E+00 7.994E+05  8.7343 1.00000
  2.239E+06 2.240E+06 2.293E+00 1.356E-02 6.245E-01 1.448E-01 7.829E-01 3.076E+00 8.800E+05  8.9604 1.00000
  2.512E+06 2.514E+06 2.308E+00 1.575E-02 7.141E-01 1.634E-01 8.932E-01 3.201E+00 9.671E+05  9.1870 1.00000
  2.818E+06 2.820E+06 2.323E+00 1.829E-02 8.156E-01 1.846E-01 1.019E+00 3.342E+00 1.061E+06  9.4140 1.00000
  3.162E+06 3.164E+06 2.338E+00 2.122E-02 9.308E-01 2.086E-01 1.161E+00 3.498E+00 1.161E+06  9.6413 1.00000
  3.548E+06 3.550E+06 2.352E+00 2.458E-02 1.061E+00 2.358E-01 1.322E+00 3.674E+00 1.269E+06  9.8691 1.00000
  3.981E+06 3.983E+06 2.367E+00 2.845E-02 1.209E+00 2.668E-01 1.504E+00 3.871E+00 1.384E+06 10.0972 1.00000
  4.467E+06 4.469E+06 2.381E+00 3.289E-02 1.376E+00 3.020E-01 1.711E+00 4.092E+00 1.506E+06 10.3255 1.00000
  5.012E+06 5.014E+06 2.395E+00 3.799E-02 1.565E+00 3.421E-01 1.945E+00 4.340E+00 1.635E+06 10.5542 1.00000
  5.623E+06 5.625E+06 2.409E+00 4.384E-02 1.778E+00 3.877E-01 2.209E+00 4.619E+00 1.772E+06 10.7831 1.00000
  6.310E+06 6.311E+06 2.423E+00 5.056E-02 2.019E+00 4.396E-01 2.509E+00 4.932E+00 1.915E+06 11.0123 1.00000
  7.079E+06 7.081E+06 2.436E+00 5.827E-02 2.291E+00 4.986E-01 2.848E+00 5.284E+00 2.066E+06 11.2416 1.00000
  7.943E+06 7.945E+06 2.450E+00 6.710E-02 2.598E+00 5.659E-01 3.231E+00 5.681E+00 2.224E+06 11.4711 1.00000
  8.913E+06 8.914E+06 2.463E+00 7.720E-02 2.944E+00 6.425E-01 3.664E+00 6.127E+00 2.388E+06 11.7007 1.00000
  1.000E+07 1.000E+07 2.476E+00 8.875E-02 3.334E+00 7.298E-01 4.153E+00 6.629E+00 2.559E+06 11.9305 1.00000
  1.122E+07 1.122E+07 2.490E+00 1.019E-01 3.774E+00 8.293E-01 4.705E+00 7.195E+00 2.735E+06 12.1603 1.00000
  1.259E+07 1.259E+07 2.503E+00 1.170E-01 4.269E+00 9.426E-01 5.329E+00 7.831E+00 2.918E+06 12.3902 1.00000
  1.413E+07 1.413E+07 2.515E+00 1.342E-01 4.827E+00 1.072E+00 6.033E+00 8.549E+00 3.105E+06 12.6202 1.00000
  1.585E+07 1.585E+07 2.528E+00 1.539E-01 5.455E+00 1.219E+00 6.829E+00 9.357E+00 3.298E+06 12.8502 1.00000
  1.778E+07 1.778E+07 2.541E+00 1.762E-01 6.162E+00 1.387E+00 7.726E+00 1.027E+01 3.495E+06 13.0803 1.00000
  1.995E+07 1.995E+07 2.553E+00 2.017E-01 6.958E+00 1.579E+00 8.739E+00 1.129E+01 3.697E+06 13.3104 1.00000
  2.239E+07 2.239E+07 2.566E+00 2.308E-01 7.853E+00 1.798E+00 9.882E+00 1.245E+01 3.902E+06 13.5406 1.00000
  2.512E+07 2.512E+07 2.578E+00 2.639E-01 8.860E+00 2.048E+00 1.117E+01 1.375E+01 4.111E+06 13.7707 1.00000
  2.818E+07 2.819E+07 2.591E+00 3.015E-01 9.992E+00 2.333E+00 1.263E+01 1.522E+01 4.323E+06 14.0009 1.00000
  3.162E+07 3.162E+07 2.603E+00 3.444E-01 1.127E+01 2.658E+00 1.427E+01 1.687E+01 4.537E+06 14.2311 1.00000
  3.548E+07 3.548E+07 2.615E+00 3.931E-01 1.270E+01 3.029E+00 1.612E+01 1.873E+01 4.754E+06 14.4613 1.00000
  3.981E+07 3.981E+07 2.628E+00 4.485E-01 1.430E+01 3.453E+00 1.821E+01 2.083E+01 4.973E+06 14.6915 1.00000
  4.467E+07 4.467E+07 2.640E+00 5.114E-01 1.611E+01 3.936E+00 2.056E+01 2.320E+01 5.194E+06 14.9217 1.00000
  5.012E+07 5.012E+07 2.652E+00 5.828E-01 1.814E+01 4.489E+00 2.321E+01 2.587E+01 5.416E+06 15.1520 1.00000
  5.623E+07 5.624E+07 2.664E+00 6.638E-01 2.042E+01 5.119E+00 2.621E+01 2.887E+01 5.640E+06 15.3822 1.00000
  6.310E+07 6.310E+07 2.676E+00 7.557E-01 2.299E+01 5.840E+00 2.958E+01 3.226E+01 5.865E+06 15.6124 1.00000
  7.079E+07 7.080E+07 2.689E+00 8.598E-01 2.587E+01 6.662E+00 3.339E+01 3.608E+01 6.090E+06 15.8427 1.00000
  7.943E+07 7.943E+07 2.701E+00 9.778E-01 2.910E+01 7.602E+00 3.768E+01 4.038E+01 6.317E+06 16.0729 1.00000
  8.913E+07 8.913E+07 2.713E+00 1.112E+00 3.273E+01 8.676E+00 4.252E+01 4.523E+01 6.543E+06 16.3032 1.00000
  1.000E+08 1.000E+08 2.726E+00 1.263E+00 3.681E+01 9.902E+00 4.797E+01 5.070E+01 6.770E+06 16.5334 1.00000
  1.122E+08 1.122E+08 2.738E+00 1.434E+00 4.138E+01 1.130E+01 5.412E+01 5.686E+01 6.997E+06 16.7637 1.00000
  1.259E+08 1.259E+08 2.750E+00 1.628E+00 4.652E+01 1.290E+01 6.106E+01 6.381E+01 7.225E+06 16.9939 1.00000
  1.413E+08 1.413E+08 2.763E+00 1.847E+00 5.230E+01 1.473E+01 6.888E+01 7.164E+01 7.452E+06 17.2242 1.00000
  1.585E+08 1.585E+08 2.775E+00 2.094E+00 5.877E+01 1.682E+01 7.769E+01 8.047E+01 7.679E+06 17.4544 1.00000
  1.778E+08 1.778E+08 2.787E+00 2.374E+00 6.605E+01 1.921E+01 8.763E+01 9.042E+01 7.905E+06 17.6847 1.00000
  1.995E+08 1.995E+08 2.800E+00 2.690E+00 7.421E+01 2.194E+01 9.884E+01 1.016E+02 8.131E+06 17.9149 1.00000
  2.239E+08 2.239E+08 2.813E+00 3.046E+00 8.337E+01 2.506E+01 1.115E+02 1.143E+02 8.357E+06 18.1452 1.00000
  2.512E+08 2.512E+08 2.825E+00 3.449E+00 9.366E+01 2.863E+01 1.257E+02 1.286E+02 8.582E+06 18.3755 1.00000
  2.818E+08 2.818E+08 2.838E+00 3.903E+00 1.052E+02 3.271E+01 1.418E+02 1.447E+02 8.807E+06 18.6057 1.00000
  3.162E+08 3.162E+08 2.850E+00 4.415E+00 1.182E+02 3.737E+01 1.599E+02 1.628E+02 9.031E+06 18.8360 1.00000
  3.548E+08 3.548E+08 2.863E+00 4.993E+00 1.327E+02 4.270E+01 1.804E+02 1.833E+02 9.254E+06 19.0662 1.00000
  3.981E+08 3.981E+08 2.876E+00 5.643E+00 1.490E+02 4.880E+01 2.035E+02 2.063E+02 9.477E+06 19.2965 1.00000
  4.467E+08 4.467E+08 2.889E+00 6.377E+00 1.673E+02 5.577E+01 2.295E+02 2.324E+02 9.698E+06 19.5267 1.00000
  5.012E+08 5.012E+08 2.902E+00 7.203E+00 1.879E+02 6.374E+01 2.588E+02 2.617E+02 9.919E+06 19.7570 1.00000
  5.623E+08 5.623E+08 2.915E+00 8.134E+00 2.110E+02 7.285E+01 2.919E+02 2.949E+02 1.014E+07 19.9873 1.00000
  6.310E+08 6.310E+08 2.928E+00 9.182E+00 2.368E+02 8.327E+01 3.293E+02 3.322E+02 1.036E+07 20.2175 1.00000
  7.079E+08 7.079E+08 2.941E+00 1.036E+01 2.659E+02 9.519E+01 3.714E+02 3.744E+02 1.058E+07 20.4478 1.00000
  7.943E+08 7.943E+08 2.954E+00 1.169E+01 2.985E+02 1.088E+02 4.190E+02 4.219E+02 1.079E+07 20.6780 1.00000
  8.913E+08 8.913E+08 2.968E+00 1.318E+01 3.351E+02 1.244E+02 4.727E+02 4.756E+02 1.101E+07 20.9083 1.00000
  1.000E+09 1.000E+09 2.981E+00 1.486E+01 3.761E+02 1.423E+02 5.332E+02 5.362E+02 1.123E+07 21.1385 1.00000
  1.122E+09 1.122E+09 2.994E+00 1.675E+01 4.222E+02 1.627E+02 6.016E+02 6.046E+02 1.144E+07 21.3688 1.00000
  1.259E+09 1.259E+09 3.008E+00 1.888E+01 4.738E+02 1.860E+02 6.787E+02 6.817E+02 1.165E+07 21.5991 1.00000
  1.413E+09 1.413E+09 3.021E+00 2.127E+01 5.318E+02 2.127E+02 7.658E+02 7.688E+02 1.186E+07 21.8293 1.00000
  1.585E+09 1.585E+09 3.035E+00 2.396E+01 5.969E+02 2.433E+02 8.641E+02 8.672E+02 1.208E+07 22.0596 1.00000
  1.778E+09 1.778E+09 3.049E+00 2.698E+01 6.699E+02 2.782E+02 9.751E+02 9.782E+02 1.229E+07 22.2898 1.00000
  1.995E+09 1.995E+09 3.063E+00 3.037E+01 7.518E+02 3.182E+02 1.100E+03 1.104E+03 1.249E+07 22.5201 1.00000
  2.239E+09 2.239E+09 3.077E+00 3.418E+01 8.438E+02 3.640E+02 1.242E+03 1.245E+03 1.270E+07 22.7504 1.00000
  2.512E+09 2.512E+09 3.090E+00 3.847E+01 9.469E+02 4.164E+02 1.402E+03 1.405E+03 1.291E+07 22.9806 1.00000
  2.818E+09 2.818E+09 3.104E+00 4.328E+01 1.063E+03 4.764E+02 1.582E+03 1.585E+03 1.311E+07 23.2109 1.00000
  3.162E+09 3.162E+09 3.119E+00 4.869E+01 1.193E+03 5.450E+02 1.786E+03 1.789E+03 1.332E+07 23.4411 1.00000
  3.548E+09 3.548E+09 3.133E+00 5.477E+01 1.338E+03 6.236E+02 2.017E+03 2.020E+03 1.352E+07 23.6714 1.00000
  3.981E+09 3.981E+09 3.147E+00 6.159E+01 1.502E+03 7.135E+02 2.277E+03 2.280E+03 1.372E+07 23.9016 1.00000
  4.467E+09 4.467E+09 3.161E+00 6.925E+01 1.685E+03 8.165E+02 2.571E+03 2.574E+03 1.392E+07 24.1319 1.00000
  5.012E+09 5.012E+09 3.176E+00 7.786E+01 1.891E+03 9.343E+02 2.903E+03 2.906E+03 1.412E+07 24.3622 1.00000
  5.623E+09 5.623E+09 3.190E+00 8.752E+01 2.122E+03 1.069E+03 3.279E+03 3.282E+03 1.432E+07 24.5924 1.00000
  6.310E+09 6.310E+09 3.205E+00 9.837E+01 2.381E+03 1.224E+03 3.703E+03 3.707E+03 1.452E+07 24.8227 1.00000
  7.079E+09 7.079E+09 3.219E+00 1.105E+02 2.672E+03 1.401E+03 4.183E+03 4.186E+03 1.471E+07 25.0529 1.00000
  7.943E+09 7.943E+09 3.234E+00 1.242E+02 2.998E+03 1.603E+03 4.726E+03 4.729E+03 1.491E+07 25.2832 1.00000
  8.913E+09 8.913E+09 3.249E+00 1.396E+02 3.364E+03 1.835E+03 5.339E+03 5.342E+03 1.510E+07 25.5134 1.00000
  1.000E+10 1.000E+10 3.264E+00 1.568E+02 3.775E+03 2.101E+03 6.033E+03 6.036E+03 1.529E+07 25.7437 1.00000
  1.122E+10 1.122E+10 3.279E+00 1.761E+02 4.236E+03 2.405E+03 6.817E+03 6.820E+03 1.548E+07 25.9739 1.00000
  1.259E+10 1.259E+10 3.294E+00 1.979E+02 4.753E+03 2.753E+03 7.704E+03 7.707E+03 1.567E+07 26.2042 1.00000
  1.413E+10 1.413E+10 3.309E+00 2.222E+02 5.333E+03 3.152E+03 8.708E+03 8.711E+03 1.586E+07 26.4345 1.00000
  1.585E+10 1.585E+10 3.324E+00 2.496E+02 5.985E+03 3.609E+03 9.843E+03 9.847E+03 1.604E+07 26.6646 1.00000
  1.778E+10 1.778E+10 3.340E+00 2.803E+02 6.715E+03 4.133E+03 1.113E+04 1.113E+04 1.623E+07 26.8949 1.00000
  1.995E+10 1.995E+10 3.355E+00 3.147E+02 7.535E+03 4.732E+03 1.258E+04 1.259E+04 1.641E+07 27.1251 1.00000
  2.239E+10 2.239E+10 3.371E+00 3.534E+02 8.454E+03 5.419E+03 1.423E+04 1.423E+04 1.659E+07 27.3550 1.00000
  2.512E+10 2.512E+10 3.386E+00 3.968E+02 9.486E+03 6.206E+03 1.609E+04 1.609E+04 1.677E+07 27.5853 1.00000
  2.818E+10 2.818E+10 3.402E+00 4.455E+02 1.064E+04 7.108E+03 1.820E+04 1.820E+04 1.695E+07 27.8155 1.00000
  3.162E+10 3.162E+10 3.418E+00 5.002E+02 1.194E+04 8.141E+03 2.058E+04 2.059E+04 1.713E+07 28.0443 1.00000
  3.548E+10 3.548E+10 3.434E+00 5.615E+02 1.340E+04 9.325E+03 2.329E+04 2.329E+04 1.730E+07 28.2745 1.00000
  3.981E+10 3.981E+10 3.450E+00 6.303E+02 1.504E+04 1.068E+04 2.635E+04 2.635E+04 1.748E+07 28.5048 1.00000
  4.467E+10 4.467E+10 3.466E+00 7.075E+02 1.687E+04 1.224E+04 2.982E+04 2.982E+04 1.765E+07 28.7350 1.00000
  5.012E+10 5.012E+10 3.482E+00 7.942E+02 1.893E+04 1.402E+04 3.374E+04 3.375E+04 1.782E+07 28.9588 1.00000
  5.623E+10 5.623E+10 3.498E+00 8.915E+02 2.124E+04 1.606E+04 3.819E+04 3.820E+04 1.799E+07 29.1891 1.00000
  6.310E+10 6.310E+10 3.515E+00 1.001E+03 2.383E+04 1.840E+04 4.323E+04 4.324E+04 1.816E+07 29.4193 1.00000
  7.079E+10 7.079E+10 3.533E+00 1.123E+03 2.674E+04 2.108E+04 4.895E+04 4.895E+04 1.833E+07 29.6204 1.00000
  7.943E+10 7.943E+10 3.550E+00 1.260E+03 3.000E+04 2.416E+04 5.542E+04 5.543E+04 1.850E+07 29.8507 1.00000
  8.913E+10 8.913E+10 3.566E+00 1.415E+03 3.366E+04 2.769E+04 6.277E+04 6.277E+04 1.866E+07 30.0809 1.00000
  1.000E+11 1.000E+11 3.583E+00 1.588E+03 3.777E+04 3.173E+04 7.109E+04 7.109E+04 1.882E+07 30.3112 1.00000
  1.122E+11 1.122E+11 3.600E+00 1.782E+03 4.238E+04 3.636E+04 8.053E+04 8.053E+04 1.898E+07 30.5415 1.00000
  1.259E+11 1.259E+11 3.627E+00 2.000E+03 4.755E+04 4.167E+04 9.123E+04 9.123E+04 1.914E+07 30.6163 1.00000
  1.413E+11 1.413E+11 3.644E+00 2.244E+03 5.336E+04 4.777E+04 1.034E+05 1.034E+05 1.930E+07 30.8465 1.00000
  1.585E+11 1.585E+11 3.661E+00 2.518E+03 5.987E+04 5.475E+04 1.171E+05 1.171E+05 1.946E+07 31.0768 1.00000
  1.778E+11 1.778E+11 3.678E+00 2.826E+03 6.717E+04 6.276E+04 1.328E+05 1.328E+05 1.961E+07 31.3070 1.00000
  1.995E+11 1.995E+11 3.696E+00 3.171E+03 7.537E+04 7.195E+04 1.505E+05 1.505E+05 1.977E+07 31.5373 1.00000
  2.239E+11 2.239E+11 3.713E+00 3.558E+03 8.456E+04 8.248E+04 1.706E+05 1.706E+05 1.992E+07 31.7675 1.00000
  2.512E+11 2.512E+11 3.730E+00 3.993E+03 9.488E+04 9.456E+04 1.934E+05 1.934E+05 2.007E+07 31.9978 1.00000
  2.818E+11 2.818E+11 3.748E+00 4.481E+03 1.065E+05 1.084E+05 2.194E+05 2.194E+05 2.022E+07 32.2281 1.00000
  3.162E+11 3.162E+11 3.766E+00 5.028E+03 1.195E+05 1.243E+05 2.488E+05 2.488E+05 2.037E+07 32.4583 1.00000
  3.548E+11 3.548E+11 3.783E+00 5.642E+03 1.340E+05 1.425E+05 2.822E+05 2.822E+05 2.051E+07 32.6886 1.00000
  3.981E+11 3.981E+11 3.801E+00 6.331E+03 1.504E+05 1.635E+05 3.202E+05 3.202E+05 2.065E+07 32.9188 1.00000
  4.467E+11 4.467E+11 3.819E+00 7.104E+03 1.687E+05 1.875E+05 3.633E+05 3.633E+05 2.080E+07 33.1491 1.00000
  5.012E+11 5.012E+11 3.837E+00 7.971E+03 1.893E+05 2.150E+05 4.123E+05 4.123E+05 2.094E+07 33.3794 1.00000
  5.623E+11 5.623E+11 3.855E+00 8.944E+03 2.124E+05 2.466E+05 4.679E+05 4.679E+05 2.108E+07 33.6096 1.00000
  6.310E+11 6.310E+11 3.874E+00 1.004E+04 2.383E+05 2.828E+05 5.312E+05 5.312E+05 2.121E+07 33.8399 1.00000
  7.079E+11 7.079E+11 3.892E+00 1.126E+04 2.674E+05 3.244E+05 6.031E+05 6.031E+05 2.135E+07 34.0701 1.00000
  7.943E+11 7.943E+11 3.910E+00 1.264E+04 3.000E+05 3.721E+05 6.848E+05 6.848E+05 2.148E+07 34.3004 1.00000
  8.913E+11 8.913E+11 3.929E+00 1.418E+04 3.367E+05 4.269E+05 7.777E+05 7.777E+05 2.162E+07 34.5306 1.00000
  1.000E+12 1.000E+12 3.948E+00 1.591E+04 3.777E+05 4.897E+05 8.833E+05 8.834E+05 2.175E+07 34.7609 1.00000
  1.122E+12 1.122E+12 3.966E+00 1.785E+04 4.238E+05 5.618E+05 1.003E+06 1.004E+06 2.188E+07 34.9912 1.00000
  1.259E+12 1.259E+12 3.985E+00 2.003E+04 4.755E+05 6.446E+05 1.140E+06 1.140E+06 2.201E+07 35.2214 1.00000
  1.413E+12 1.413E+12 4.004E+00 2.247E+04 5.336E+05 7.396E+05 1.296E+06 1.296E+06 2.213E+07 35.4517 1.00000
  1.585E+12 1.585E+12 4.023E+00 2.522E+04 5.987E+05 8.486E+05 1.473E+06 1.473E+06 2.226E+07 35.6819 1.00000
  1.778E+12 1.778E+12 4.042E+00 2.829E+04 6.717E+05 9.738E+05 1.674E+06 1.674E+06 2.238E+07 35.9122 1.00000
  1.995E+12 1.995E+12 4.062E+00 3.175E+04 7.537E+05 1.118E+06 1.903E+06 1.903E+06 2.250E+07 36.1425 1.00000
  2.239E+12 2.239E+12 4.081E+00 3.562E+04 8.456E+05 1.283E+06 2.164E+06 2.164E+06 2.262E+07 36.3727 1.00000
  2.512E+12 2.512E+12 4.101E+00 3.997E+04 9.488E+05 1.472E+06 2.461E+06 2.461E+06 2.274E+07 36.6030 1.00000
  2.818E+12 2.818E+12 4.120E+00 4.485E+04 1.065E+06 1.689E+06 2.799E+06 2.799E+06 2.286E+07 36.8332 1.00000
  3.162E+12 3.162E+12 4.140E+00 5.032E+04 1.194E+06 1.939E+06 3.184E+06 3.184E+06 2.297E+07 37.0635 1.00000
  3.548E+12 3.548E+12 4.160E+00 5.646E+04 1.340E+06 2.226E+06 3.622E+06 3.622E+06 2.309E+07 37.2937 1.00000
  3.981E+12 3.981E+12 4.180E+00 6.335E+04 1.504E+06 2.555E+06 4.122E+06 4.122E+06 2.320E+07 37.5240 1.00000
  4.467E+12 4.467E+12 4.200E+00 7.108E+04 1.687E+06 2.933E+06 4.691E+06 4.691E+06 2.331E+07 37.7543 1.00000
  5.012E+12 5.012E+12 4.220E+00 7.975E+04 1.893E+06 3.367E+06 5.340E+06 5.340E+06 2.342E+07 37.9845 1.00000
  5.623E+12 5.623E+12 4.240E+00 8.948E+04 2.124E+06 3.866E+06 6.080E+06 6.080E+06 2.352E+07 38.2148 1.00000
  6.310E+12 6.310E+12 4.261E+00 1.004E+05 2.383E+06 4.439E+06 6.922E+06 6.922E+06 2.363E+07 38.4450 1.00000
  7.079E+12 7.079E+12 4.281E+00 1.127E+05 2.674E+06 5.096E+06 7.883E+06 7.883E+06 2.373E+07 38.6753 1.00000
  7.943E+12 7.943E+12 4.302E+00 1.264E+05 3.000E+06 5.852E+06 8.979E+06 8.979E+06 2.384E+07 38.9056 1.00000
  8.913E+12 8.913E+12 4.322E+00 1.418E+05 3.366E+06 6.720E+06 1.023E+07 1.023E+07 2.394E+07 39.1358 1.00000
  1.000E+13 1.000E+13 4.343E+00 1.591E+05 3.777E+06 7.717E+06 1.165E+07 1.165E+07 2.404E+07 39.3661 1.00000
  1.122E+13 1.122E+13 4.364E+00 1.785E+05 4.238E+06 8.863E+06 1.328E+07 1.328E+07 2.413E+07 39.5963 1.00000
  1.259E+13 1.259E+13 4.385E+00 2.003E+05 4.755E+06 1.018E+07 1.513E+07 1.513E+07 2.423E+07 39.8266 1.00000
  1.413E+13 1.413E+13 4.406E+00 2.248E+05 5.335E+06 1.169E+07 1.725E+07 1.725E+07 2.433E+07 40.0569 1.00000
  1.585E+13 1.585E+13 4.428E+00 2.522E+05 5.986E+06 1.343E+07 1.967E+07 1.967E+07 2.442E+07 40.2871 1.00000
  1.778E+13 1.778E+13 4.449E+00 2.830E+05 6.717E+06 1.542E+07 2.242E+07 2.242E+07 2.451E+07 40.5174 1.00000
  1.995E+13 1.995E+13 4.470E+00 3.175E+05 7.536E+06 1.772E+07 2.557E+07 2.557E+07 2.460E+07 40.7476 1.00000
  2.239E+13 2.239E+13 4.492E+00 3.563E+05 8.456E+06 2.035E+07 2.917E+07 2.917E+07 2.469E+07 40.9779 1.00000
  2.512E+13 2.512E+13 4.514E+00 3.997E+05 9.488E+06 2.338E+07 3.327E+07 3.327E+07 2.478E+07 41.2081 1.00000
  2.818E+13 2.818E+13 4.536E+00 4.485E+05 1.065E+07 2.686E+07 3.796E+07 3.796E+07 2.487E+07 41.4384 1.00000
  3.162E+13 3.162E+13 4.558E+00 5.032E+05 1.194E+07 3.086E+07 4.331E+07 4.331E+07 2.495E+07 41.6687 1.00000
  3.548E+13 3.548E+13 4.580E+00 5.646E+05 1.340E+07 3.546E+07 4.943E+07 4.943E+07 2.503E+07 41.8989 1.00000
  3.981E+13 3.981E+13 4.602E+00 6.335E+05 1.504E+07 4.075E+07 5.642E+07 5.642E+07 2.512E+07 42.1292 1.00000
  4.467E+13 4.467E+13 4.624E+00 7.108E+05 1.687E+07 4.682E+07 6.441E+07 6.441E+07 2.520E+07 42.3594 1.00000
  5.012E+13 5.012E+13 4.647E+00 7.976E+05 1.893E+07 5.381E+07 7.353E+07 7.353E+07 2.528E+07 42.5897 1.00000
  5.623E+13 5.623E+13 4.669E+00 8.949E+05 2.124E+07 6.183E+07 8.397E+07 8.397E+07 2.535E+07 42.8200 1.00000
  6.310E+13 6.310E+13 4.692E+00 1.004E+06 2.383E+07 7.106E+07 9.590E+07 9.590E+07 2.543E+07 43.0502 1.00000
  7.079E+13 7.079E+13 4.715E+00 1.127E+06 2.674E+07 8.167E+07 1.095E+08 1.095E+08 2.550E+07 43.2805 1.00000
  7.943E+13 7.943E+13 4.738E+00 1.264E+06 3.000E+07 9.387E+07 1.251E+08 1.251E+08 2.558E+07 43.5107 1.00000
  8.913E+13 8.913E+13 4.761E+00 1.418E+06 3.366E+07 1.079E+08 1.430E+08 1.430E+08 2.565E+07 43.7410 1.00000
  1.000E+14 1.000E+14 4.784E+00 1.591E+06 3.777E+07 1.240E+08 1.634E+08 1.634E+08 2.572E+07 43.9712 1.00000
  1.122E+14 1.122E+14 4.807E+00 1.786E+06 4.238E+07 1.426E+08 1.867E+08 1.867E+08 2.579E+07 44.2015 1.00000
  1.259E+14 1.259E+14 4.831E+00 2.003E+06 4.755E+07 1.639E+08 2.134E+08 2.134E+08 2.586E+07 44.4318 1.00000
  1.413E+14 1.413E+14 4.854E+00 2.248E+06 5.335E+07 1.884E+08 2.440E+08 2.440E+08 2.593E+07 44.6620 1.00000
  1.585E+14 1.585E+14 4.878E+00 2.522E+06 5.986E+07 2.166E+08 2.790E+08 2.790E+08 2.599E+07 44.8923 1.00000
  1.778E+14 1.778E+14 4.902E+00 2.830E+06 6.716E+07 2.491E+08 3.190E+08 3.190E+08 2.606E+07 45.1225 1.00000
  1.995E+14 1.995E+14 4.926E+00 3.175E+06 7.536E+07 2.864E+08 3.649E+08 3.649E+08 2.612E+07 45.3528 1.00000
  2.239E+14 2.239E+14 4.950E+00 3.563E+06 8.455E+07 3.293E+08 4.174E+08 4.174E+08 2.618E+07 45.5831 1.00000
  2.512E+14 2.512E+14 4.974E+00 3.997E+06 9.487E+07 3.786E+08 4.775E+08 4.775E+08 2.625E+07 45.8133 1.00000
  2.818E+14 2.818E+14 4.998E+00 4.485E+06 1.064E+08 4.354E+08 5.463E+08 5.463E+08 2.631E+07 46.0436 1.00000
  3.162E+14 3.162E+14 5.023E+00 5.032E+06 1.194E+08 5.007E+08 6.251E+08 6.251E+08 2.636E+07 46.2738 1.00000
  3.548E+14 3.548E+14 5.047E+00 5.646E+06 1.340E+08 5.758E+08 7.154E+08 7.154E+08 2.642E+07 46.5041 1.00000
  3.981E+14 3.981E+14 5.072E+00 6.335E+06 1.504E+08 6.622E+08 8.189E+08 8.189E+08 2.648E+07 46.7343 1.00000
  4.467E+14 4.467E+14 5.097E+00 7.108E+06 1.687E+08 7.616E+08 9.374E+08 9.374E+08 2.653E+07 46.9646 1.00000
  5.012E+14 5.012E+14 5.122E+00 7.976E+06 1.893E+08 8.760E+08 1.073E+09 1.073E+09 2.659E+07 47.1949 1.00000
  5.623E+14 5.623E+14 5.147E+00 8.949E+06 2.124E+08 1.008E+09 1.229E+09 1.229E+09 2.664E+07 47.4251 1.00000
  6.310E+14 6.310E+14 5.172E+00 1.004E+07 2.383E+08 1.159E+09 1.407E+09 1.407E+09 2.669E+07 47.6554 1.00000
  7.079E+14 7.079E+14 5.197E+00 1.127E+07 2.674E+08 1.333E+09 1.612E+09 1.612E+09 2.674E+07 47.8856 1.00000
  7.943E+14 7.943E+14 5.223E+00 1.264E+07 3.000E+08 1.534E+09 1.846E+09 1.846E+09 2.679E+07 48.1159 1.00000
  8.913E+14 8.913E+14 5.248E+00 1.418E+07 3.366E+08 1.764E+09 2.115E+09 2.115E+09 2.684E+07 48.3462 1.00000
  1.000E+15 1.000E+15 5.274E+00 1.591E+07 3.776E+08 2.030E+09 2.423E+09 2.423E+09 2.689E+07 48.5764 1.00000
