 Incident particle is a Tau with M = 1776.82000 MeV
 Index = 0: LeadOxide
      Absorber with <Z/A> = 0.40321
 Sternheimer coef:  a     k=m_s   x_0    x_1    I[eV]   Cbar  delta0
                 0.1964  2.7299  0.0356  3.5456  766.7  6.2162 0.00

 *** Table generated with PUMAS v1.00 ***

      T         p     Ionization  brems     pair     photonuc  Radloss    dE/dx   CSDA Range  delta   beta
    [MeV]    [MeV/c]  -----------------------[MeV cm^2/g]------------------------  [g/cm^2]
  1.000E+05 1.018E+05 1.602E+00 9.798E-04 1.744E-02 7.599E-03 2.602E-02 1.628E+00 3.070E+04  2.8385 0.99985
  1.122E+05 1.140E+05 1.621E+00 1.136E-03 2.087E-02 8.531E-03 3.054E-02 1.652E+00 3.814E+04  2.9947 0.99988
  1.259E+05 1.277E+05 1.640E+00 1.317E-03 2.492E-02 9.529E-03 3.576E-02 1.676E+00 4.637E+04  3.1545 0.99990
  1.413E+05 1.430E+05 1.658E+00 1.526E-03 2.966E-02 1.065E-02 4.183E-02 1.700E+00 5.547E+04  3.3179 0.99992
  1.585E+05 1.603E+05 1.677E+00 1.766E-03 3.522E-02 1.189E-02 4.887E-02 1.726E+00 6.554E+04  3.4847 0.99994
  1.778E+05 1.796E+05 1.695E+00 2.043E-03 4.171E-02 1.327E-02 5.702E-02 1.752E+00 7.666E+04  3.6550 0.99995
  1.995E+05 2.013E+05 1.713E+00 2.363E-03 4.929E-02 1.483E-02 6.648E-02 1.779E+00 8.895E+04  3.8285 0.99996
  2.239E+05 2.256E+05 1.731E+00 2.731E-03 5.811E-02 1.653E-02 7.737E-02 1.808E+00 1.025E+05  4.0053 0.99997
  2.512E+05 2.530E+05 1.748E+00 3.154E-03 6.836E-02 1.842E-02 8.994E-02 1.838E+00 1.175E+05  4.1853 0.99998
  2.818E+05 2.836E+05 1.766E+00 3.641E-03 8.024E-02 2.055E-02 1.044E-01 1.870E+00 1.340E+05  4.3682 0.99998
  3.162E+05 3.180E+05 1.783E+00 4.200E-03 9.400E-02 2.294E-02 1.211E-01 1.904E+00 1.523E+05  4.5542 0.99998
  3.548E+05 3.566E+05 1.800E+00 4.843E-03 1.099E-01 2.561E-02 1.404E-01 1.941E+00 1.723E+05  4.7430 0.99999
  3.981E+05 3.999E+05 1.817E+00 5.581E-03 1.282E-01 2.858E-02 1.624E-01 1.980E+00 1.944E+05  4.9347 0.99999
  4.467E+05 4.485E+05 1.834E+00 6.428E-03 1.494E-01 3.189E-02 1.877E-01 2.022E+00 2.187E+05  5.1290 0.99999
  5.012E+05 5.030E+05 1.851E+00 7.399E-03 1.737E-01 3.561E-02 2.167E-01 2.067E+00 2.454E+05  5.3260 0.99999
  5.623E+05 5.641E+05 1.867E+00 8.513E-03 2.016E-01 3.961E-02 2.498E-01 2.117E+00 2.746E+05  5.5255 1.00000
  6.310E+05 6.327E+05 1.883E+00 9.790E-03 2.337E-01 4.410E-02 2.876E-01 2.171E+00 3.066E+05  5.7275 1.00000
  7.079E+05 7.097E+05 1.900E+00 1.125E-02 2.704E-01 4.916E-02 3.308E-01 2.230E+00 3.416E+05  5.9318 1.00000
  7.943E+05 7.961E+05 1.915E+00 1.293E-02 3.125E-01 5.485E-02 3.802E-01 2.296E+00 3.798E+05  6.1384 1.00000
  8.913E+05 8.930E+05 1.931E+00 1.484E-02 3.605E-01 6.127E-02 4.366E-01 2.368E+00 4.213E+05  6.3471 1.00000
  1.000E+06 1.002E+06 1.947E+00 1.704E-02 4.154E-01 6.851E-02 5.009E-01 2.447E+00 4.665E+05  6.5580 1.00000
  1.122E+06 1.124E+06 1.962E+00 1.954E-02 4.780E-01 7.669E-02 5.742E-01 2.536E+00 5.155E+05  6.7709 1.00000
  1.259E+06 1.261E+06 1.977E+00 2.241E-02 5.493E-01 8.594E-02 6.576E-01 2.635E+00 5.685E+05  6.9856 1.00000
  1.413E+06 1.414E+06 1.992E+00 2.568E-02 6.304E-01 9.640E-02 7.525E-01 2.744E+00 6.256E+05  7.2022 1.00000
  1.585E+06 1.587E+06 2.006E+00 2.943E-02 7.227E-01 1.082E-01 8.603E-01 2.867E+00 6.871E+05  7.4205 1.00000
  1.778E+06 1.780E+06 2.021E+00 3.370E-02 8.275E-01 1.216E-01 9.829E-01 3.004E+00 7.530E+05  7.6404 1.00000
  1.995E+06 1.997E+06 2.035E+00 3.857E-02 9.465E-01 1.369E-01 1.122E+00 3.157E+00 8.235E+05  7.8618 1.00000
  2.239E+06 2.240E+06 2.049E+00 4.414E-02 1.081E+00 1.541E-01 1.280E+00 3.329E+00 8.986E+05  8.0846 1.00000
  2.512E+06 2.514E+06 2.063E+00 5.048E-02 1.234E+00 1.737E-01 1.459E+00 3.522E+00 9.784E+05  8.3087 1.00000
  2.818E+06 2.820E+06 2.077E+00 5.772E-02 1.408E+00 1.959E-01 1.661E+00 3.738E+00 1.063E+06  8.5340 1.00000
  3.162E+06 3.164E+06 2.091E+00 6.596E-02 1.604E+00 2.211E-01 1.891E+00 3.981E+00 1.152E+06  8.7604 1.00000
  3.548E+06 3.550E+06 2.104E+00 7.536E-02 1.825E+00 2.498E-01 2.151E+00 4.255E+00 1.246E+06  8.9877 1.00000
  3.981E+06 3.983E+06 2.117E+00 8.606E-02 2.076E+00 2.825E-01 2.444E+00 4.562E+00 1.344E+06  9.2159 1.00000
  4.467E+06 4.469E+06 2.130E+00 9.824E-02 2.359E+00 3.196E-01 2.777E+00 4.907E+00 1.447E+06  9.4448 1.00000
  5.012E+06 5.014E+06 2.143E+00 1.121E-01 2.678E+00 3.618E-01 3.152E+00 5.295E+00 1.554E+06  9.6743 1.00000
  5.623E+06 5.625E+06 2.156E+00 1.279E-01 3.039E+00 4.098E-01 3.577E+00 5.732E+00 1.665E+06  9.9042 1.00000
  6.310E+06 6.311E+06 2.168E+00 1.458E-01 3.446E+00 4.646E-01 4.056E+00 6.224E+00 1.780E+06 10.1344 1.00000
  7.079E+06 7.081E+06 2.181E+00 1.662E-01 3.904E+00 5.268E-01 4.597E+00 6.778E+00 1.899E+06 10.3646 1.00000
  7.943E+06 7.945E+06 2.193E+00 1.894E-01 4.421E+00 5.978E-01 5.208E+00 7.401E+00 2.021E+06 10.5948 1.00000
  8.913E+06 8.914E+06 2.205E+00 2.158E-01 5.003E+00 6.786E-01 5.897E+00 8.103E+00 2.146E+06 10.8250 1.00000
  1.000E+07 1.000E+07 2.217E+00 2.457E-01 5.659E+00 7.707E-01 6.675E+00 8.892E+00 2.274E+06 11.0552 1.00000
  1.122E+07 1.122E+07 2.229E+00 2.797E-01 6.397E+00 8.757E-01 7.552E+00 9.781E+00 2.405E+06 11.2854 1.00000
  1.259E+07 1.259E+07 2.241E+00 3.183E-01 7.227E+00 9.953E-01 8.541E+00 1.078E+01 2.539E+06 11.5156 1.00000
  1.413E+07 1.413E+07 2.253E+00 3.621E-01 8.162E+00 1.132E+00 9.656E+00 1.191E+01 2.674E+06 11.7459 1.00000
  1.585E+07 1.585E+07 2.264E+00 4.118E-01 9.213E+00 1.287E+00 1.091E+01 1.318E+01 2.812E+06 11.9761 1.00000
  1.778E+07 1.778E+07 2.276E+00 4.681E-01 1.040E+01 1.465E+00 1.233E+01 1.460E+01 2.952E+06 12.2063 1.00000
  1.995E+07 1.995E+07 2.288E+00 5.319E-01 1.173E+01 1.667E+00 1.392E+01 1.621E+01 3.093E+06 12.4366 1.00000
  2.239E+07 2.239E+07 2.299E+00 6.043E-01 1.322E+01 1.898E+00 1.572E+01 1.802E+01 3.236E+06 12.6668 1.00000
  2.512E+07 2.512E+07 2.310E+00 6.863E-01 1.490E+01 2.161E+00 1.775E+01 2.006E+01 3.380E+06 12.8970 1.00000
  2.818E+07 2.819E+07 2.322E+00 7.791E-01 1.679E+01 2.461E+00 2.003E+01 2.235E+01 3.525E+06 13.1273 1.00000
  3.162E+07 3.162E+07 2.333E+00 8.842E-01 1.891E+01 2.804E+00 2.260E+01 2.493E+01 3.670E+06 13.3575 1.00000
  3.548E+07 3.548E+07 2.344E+00 1.003E+00 2.129E+01 3.195E+00 2.549E+01 2.784E+01 3.817E+06 13.5878 1.00000
  3.981E+07 3.981E+07 2.355E+00 1.138E+00 2.397E+01 3.642E+00 2.875E+01 3.111E+01 3.964E+06 13.8180 1.00000
  4.467E+07 4.467E+07 2.367E+00 1.290E+00 2.698E+01 4.151E+00 3.242E+01 3.479E+01 4.112E+06 14.0483 1.00000
  5.012E+07 5.012E+07 2.378E+00 1.462E+00 3.036E+01 4.733E+00 3.655E+01 3.893E+01 4.261E+06 14.2785 1.00000
  5.623E+07 5.624E+07 2.389E+00 1.657E+00 3.415E+01 5.397E+00 4.120E+01 4.359E+01 4.409E+06 14.5088 1.00000
  6.310E+07 6.310E+07 2.400E+00 1.877E+00 3.841E+01 6.155E+00 4.644E+01 4.884E+01 4.558E+06 14.7390 1.00000
  7.079E+07 7.080E+07 2.412E+00 2.125E+00 4.319E+01 7.020E+00 5.234E+01 5.475E+01 4.707E+06 14.9693 1.00000
  7.943E+07 7.943E+07 2.423E+00 2.405E+00 4.856E+01 8.008E+00 5.898E+01 6.140E+01 4.857E+06 15.1995 1.00000
  8.913E+07 8.913E+07 2.434E+00 2.722E+00 5.459E+01 9.136E+00 6.645E+01 6.888E+01 5.006E+06 15.4298 1.00000
  1.000E+08 1.000E+08 2.445E+00 3.079E+00 6.136E+01 1.042E+01 7.486E+01 7.731E+01 5.155E+06 15.6600 1.00000
  1.122E+08 1.122E+08 2.456E+00 3.483E+00 6.896E+01 1.190E+01 8.434E+01 8.679E+01 5.304E+06 15.8903 1.00000
  1.259E+08 1.259E+08 2.468E+00 3.938E+00 7.749E+01 1.358E+01 9.500E+01 9.747E+01 5.454E+06 16.1205 1.00000
  1.413E+08 1.413E+08 2.479E+00 4.451E+00 8.706E+01 1.550E+01 1.070E+02 1.095E+02 5.603E+06 16.3508 1.00000
  1.585E+08 1.585E+08 2.490E+00 5.029E+00 9.781E+01 1.769E+01 1.205E+02 1.230E+02 5.751E+06 16.5811 1.00000
  1.778E+08 1.778E+08 2.502E+00 5.681E+00 1.099E+02 2.019E+01 1.357E+02 1.382E+02 5.900E+06 16.8113 1.00000
  1.995E+08 1.995E+08 2.513E+00 6.415E+00 1.234E+02 2.305E+01 1.529E+02 1.554E+02 6.048E+06 17.0416 1.00000
  2.239E+08 2.239E+08 2.525E+00 7.243E+00 1.386E+02 2.632E+01 1.722E+02 1.747E+02 6.196E+06 17.2718 1.00000
  2.512E+08 2.512E+08 2.536E+00 8.175E+00 1.556E+02 3.005E+01 1.939E+02 1.964E+02 6.344E+06 17.5021 1.00000
  2.818E+08 2.818E+08 2.548E+00 9.225E+00 1.748E+02 3.432E+01 2.183E+02 2.209E+02 6.491E+06 17.7323 1.00000
  3.162E+08 3.162E+08 2.560E+00 1.041E+01 1.962E+02 3.919E+01 2.458E+02 2.484E+02 6.638E+06 17.9626 1.00000
  3.548E+08 3.548E+08 2.571E+00 1.174E+01 2.203E+02 4.476E+01 2.768E+02 2.794E+02 6.785E+06 18.1929 1.00000
  3.981E+08 3.981E+08 2.583E+00 1.323E+01 2.474E+02 5.113E+01 3.117E+02 3.143E+02 6.931E+06 18.4231 1.00000
  4.467E+08 4.467E+08 2.595E+00 1.492E+01 2.777E+02 5.840E+01 3.510E+02 3.536E+02 7.077E+06 18.6534 1.00000
  5.012E+08 5.012E+08 2.607E+00 1.681E+01 3.118E+02 6.671E+01 3.953E+02 3.979E+02 7.223E+06 18.8836 1.00000
  5.623E+08 5.623E+08 2.619E+00 1.894E+01 3.500E+02 7.621E+01 4.451E+02 4.478E+02 7.368E+06 19.1139 1.00000
  6.310E+08 6.310E+08 2.631E+00 2.134E+01 3.929E+02 8.707E+01 5.013E+02 5.039E+02 7.513E+06 19.3441 1.00000
  7.079E+08 7.079E+08 2.643E+00 2.403E+01 4.410E+02 9.948E+01 5.645E+02 5.671E+02 7.657E+06 19.5744 1.00000
  7.943E+08 7.943E+08 2.655E+00 2.706E+01 4.949E+02 1.137E+02 6.357E+02 6.383E+02 7.801E+06 19.8047 1.00000
  8.913E+08 8.913E+08 2.667E+00 3.047E+01 5.555E+02 1.299E+02 7.159E+02 7.185E+02 7.944E+06 20.0349 1.00000
  1.000E+09 1.000E+09 2.679E+00 3.429E+01 6.235E+02 1.484E+02 8.062E+02 8.089E+02 8.087E+06 20.2652 1.00000
  1.122E+09 1.122E+09 2.691E+00 3.859E+01 6.998E+02 1.696E+02 9.080E+02 9.107E+02 8.230E+06 20.4954 1.00000
  1.259E+09 1.259E+09 2.704E+00 4.342E+01 7.853E+02 1.939E+02 1.023E+03 1.025E+03 8.371E+06 20.7257 1.00000
  1.413E+09 1.413E+09 2.716E+00 4.885E+01 8.813E+02 2.216E+02 1.152E+03 1.154E+03 8.513E+06 20.9559 1.00000
  1.585E+09 1.585E+09 2.729E+00 5.495E+01 9.891E+02 2.532E+02 1.297E+03 1.300E+03 8.654E+06 21.1862 1.00000
  1.778E+09 1.778E+09 2.741E+00 6.180E+01 1.110E+03 2.895E+02 1.461E+03 1.464E+03 8.794E+06 21.4165 1.00000
  1.995E+09 1.995E+09 2.754E+00 6.949E+01 1.246E+03 3.309E+02 1.646E+03 1.649E+03 8.934E+06 21.6467 1.00000
  2.239E+09 2.239E+09 2.767E+00 7.813E+01 1.398E+03 3.783E+02 1.854E+03 1.857E+03 9.074E+06 21.8770 1.00000
  2.512E+09 2.512E+09 2.779E+00 8.783E+01 1.569E+03 4.325E+02 2.089E+03 2.092E+03 9.212E+06 22.1072 1.00000
  2.818E+09 2.818E+09 2.792E+00 9.873E+01 1.760E+03 4.945E+02 2.353E+03 2.356E+03 9.351E+06 22.3375 1.00000
  3.162E+09 3.162E+09 2.805E+00 1.110E+02 1.975E+03 5.654E+02 2.651E+03 2.654E+03 9.489E+06 22.5678 1.00000
  3.548E+09 3.548E+09 2.818E+00 1.247E+02 2.216E+03 6.465E+02 2.988E+03 2.990E+03 9.626E+06 22.7980 1.00000
  3.981E+09 3.981E+09 2.831E+00 1.401E+02 2.487E+03 7.392E+02 3.366E+03 3.369E+03 9.762E+06 23.0283 1.00000
  4.467E+09 4.467E+09 2.844E+00 1.574E+02 2.791E+03 8.454E+02 3.793E+03 3.796E+03 9.898E+06 23.2585 1.00000
  5.012E+09 5.012E+09 2.857E+00 1.769E+02 3.131E+03 9.668E+02 4.275E+03 4.278E+03 1.003E+07 23.4888 1.00000
  5.623E+09 5.623E+09 2.871E+00 1.987E+02 3.514E+03 1.106E+03 4.818E+03 4.821E+03 1.017E+07 23.7190 1.00000
  6.310E+09 6.310E+09 2.884E+00 2.232E+02 3.943E+03 1.265E+03 5.430E+03 5.433E+03 1.030E+07 23.9493 1.00000
  7.079E+09 7.079E+09 2.897E+00 2.506E+02 4.424E+03 1.446E+03 6.121E+03 6.124E+03 1.044E+07 24.1796 1.00000
  7.943E+09 7.943E+09 2.911E+00 2.815E+02 4.964E+03 1.655E+03 6.900E+03 6.903E+03 1.057E+07 24.4098 1.00000
  8.913E+09 8.913E+09 2.925E+00 3.161E+02 5.570E+03 1.893E+03 7.779E+03 7.782E+03 1.070E+07 24.6401 1.00000
  1.000E+10 1.000E+10 2.938E+00 3.550E+02 6.250E+03 2.165E+03 8.770E+03 8.773E+03 1.083E+07 24.8703 1.00000
  1.122E+10 1.122E+10 2.952E+00 3.986E+02 7.012E+03 2.477E+03 9.888E+03 9.891E+03 1.097E+07 25.1006 1.00000
  1.259E+10 1.259E+10 2.966E+00 4.475E+02 7.868E+03 2.834E+03 1.115E+04 1.115E+04 1.110E+07 25.3309 1.00000
  1.413E+10 1.413E+10 2.980E+00 5.024E+02 8.828E+03 3.243E+03 1.257E+04 1.258E+04 1.123E+07 25.5611 1.00000
  1.585E+10 1.585E+10 2.994E+00 5.641E+02 9.906E+03 3.710E+03 1.418E+04 1.418E+04 1.136E+07 25.7914 1.00000
  1.778E+10 1.778E+10 3.008E+00 6.333E+02 1.111E+04 4.246E+03 1.599E+04 1.600E+04 1.148E+07 26.0216 1.00000
  1.995E+10 1.995E+10 3.022E+00 7.109E+02 1.247E+04 4.859E+03 1.804E+04 1.804E+04 1.161E+07 26.2519 1.00000
  2.239E+10 2.239E+10 3.036E+00 7.980E+02 1.399E+04 5.560E+03 2.035E+04 2.035E+04 1.174E+07 26.4822 1.00000
  2.512E+10 2.512E+10 3.050E+00 8.957E+02 1.570E+04 6.364E+03 2.296E+04 2.296E+04 1.187E+07 26.7124 1.00000
  2.818E+10 2.818E+10 3.065E+00 1.005E+03 1.762E+04 7.283E+03 2.590E+04 2.591E+04 1.199E+07 26.9427 1.00000
  3.162E+10 3.162E+10 3.079E+00 1.129E+03 1.976E+04 8.336E+03 2.923E+04 2.923E+04 1.212E+07 27.1729 1.00000
  3.548E+10 3.548E+10 3.094E+00 1.267E+03 2.218E+04 9.542E+03 3.298E+04 3.299E+04 1.224E+07 27.4032 1.00000
  3.981E+10 3.981E+10 3.108E+00 1.422E+03 2.488E+04 1.092E+04 3.723E+04 3.723E+04 1.237E+07 27.6334 1.00000
  4.467E+10 4.467E+10 3.123E+00 1.596E+03 2.792E+04 1.250E+04 4.202E+04 4.202E+04 1.249E+07 27.8637 1.00000
  5.012E+10 5.012E+10 3.138E+00 1.791E+03 3.132E+04 1.432E+04 4.743E+04 4.743E+04 1.261E+07 28.0940 1.00000
  5.623E+10 5.623E+10 3.152E+00 2.010E+03 3.514E+04 1.639E+04 5.354E+04 5.355E+04 1.273E+07 28.3242 1.00000
  6.310E+10 6.310E+10 3.167E+00 2.255E+03 3.943E+04 1.876E+04 6.045E+04 6.046E+04 1.285E+07 28.5545 1.00000
  7.079E+10 7.079E+10 3.182E+00 2.531E+03 4.424E+04 2.149E+04 6.826E+04 6.826E+04 1.297E+07 28.7847 1.00000
  7.943E+10 7.943E+10 3.197E+00 2.840E+03 4.964E+04 2.460E+04 7.708E+04 7.709E+04 1.309E+07 29.0150 1.00000
  8.913E+10 8.913E+10 3.213E+00 3.187E+03 5.570E+04 2.817E+04 8.706E+04 8.706E+04 1.321E+07 29.2453 1.00000
  1.000E+11 1.000E+11 3.228E+00 3.577E+03 6.249E+04 3.226E+04 9.833E+04 9.833E+04 1.333E+07 29.4755 1.00000
  1.122E+11 1.122E+11 3.243E+00 4.014E+03 7.011E+04 3.695E+04 1.111E+05 1.111E+05 1.345E+07 29.7058 1.00000
  1.259E+11 1.259E+11 3.259E+00 4.504E+03 7.867E+04 4.232E+04 1.255E+05 1.255E+05 1.356E+07 29.9360 1.00000
  1.413E+11 1.413E+11 3.274E+00 5.054E+03 8.826E+04 4.847E+04 1.418E+05 1.418E+05 1.368E+07 30.1663 1.00000
  1.585E+11 1.585E+11 3.290E+00 5.672E+03 9.903E+04 5.552E+04 1.602E+05 1.602E+05 1.379E+07 30.3965 1.00000
  1.778E+11 1.778E+11 3.306E+00 6.364E+03 1.111E+05 6.360E+04 1.811E+05 1.811E+05 1.391E+07 30.6268 1.00000
  1.995E+11 1.995E+11 3.321E+00 7.141E+03 1.247E+05 7.285E+04 2.047E+05 2.047E+05 1.402E+07 30.8571 1.00000
  2.239E+11 2.239E+11 3.337E+00 8.013E+03 1.399E+05 8.346E+04 2.313E+05 2.313E+05 1.413E+07 31.0873 1.00000
  2.512E+11 2.512E+11 3.353E+00 8.992E+03 1.569E+05 9.562E+04 2.615E+05 2.615E+05 1.424E+07 31.3176 1.00000
  2.818E+11 2.818E+11 3.369E+00 1.009E+04 1.761E+05 1.095E+05 2.957E+05 2.957E+05 1.435E+07 31.5478 1.00000
  3.162E+11 3.162E+11 3.386E+00 1.132E+04 1.976E+05 1.255E+05 3.344E+05 3.344E+05 1.446E+07 31.7781 1.00000
  3.548E+11 3.548E+11 3.402E+00 1.270E+04 2.217E+05 1.438E+05 3.782E+05 3.782E+05 1.457E+07 32.0084 1.00000
  3.981E+11 3.981E+11 3.418E+00 1.425E+04 2.487E+05 1.648E+05 4.278E+05 4.278E+05 1.468E+07 32.2386 1.00000
  4.467E+11 4.467E+11 3.435E+00 1.599E+04 2.790E+05 1.889E+05 4.839E+05 4.839E+05 1.479E+07 32.4689 1.00000
  5.012E+11 5.012E+11 3.451E+00 1.795E+04 3.131E+05 2.164E+05 5.475E+05 5.475E+05 1.489E+07 32.6991 1.00000
  5.623E+11 5.623E+11 3.468E+00 2.014E+04 3.513E+05 2.481E+05 6.195E+05 6.195E+05 1.500E+07 32.9294 1.00000
  6.310E+11 6.310E+11 3.484E+00 2.259E+04 3.941E+05 2.843E+05 7.010E+05 7.010E+05 1.510E+07 33.1596 1.00000
  7.079E+11 7.079E+11 3.501E+00 2.535E+04 4.422E+05 3.259E+05 7.934E+05 7.934E+05 1.520E+07 33.3899 1.00000
  7.943E+11 7.943E+11 3.518E+00 2.845E+04 4.961E+05 3.735E+05 8.981E+05 8.981E+05 1.531E+07 33.6202 1.00000
  8.913E+11 8.913E+11 3.535E+00 3.192E+04 5.566E+05 4.282E+05 1.017E+06 1.017E+06 1.541E+07 33.8504 1.00000
  1.000E+12 1.000E+12 3.552E+00 3.581E+04 6.245E+05 4.909E+05 1.151E+06 1.151E+06 1.551E+07 34.0807 1.00000
  1.122E+12 1.122E+12 3.569E+00 4.018E+04 7.007E+05 5.627E+05 1.304E+06 1.304E+06 1.561E+07 34.3109 1.00000
  1.259E+12 1.259E+12 3.587E+00 4.509E+04 7.862E+05 6.452E+05 1.476E+06 1.476E+06 1.571E+07 34.5412 1.00000
  1.413E+12 1.413E+12 3.604E+00 5.059E+04 8.821E+05 7.397E+05 1.672E+06 1.672E+06 1.581E+07 34.7715 1.00000
  1.585E+12 1.585E+12 3.621E+00 5.676E+04 9.897E+05 8.482E+05 1.895E+06 1.895E+06 1.590E+07 35.0017 1.00000
  1.778E+12 1.778E+12 3.639E+00 6.369E+04 1.110E+06 9.725E+05 2.147E+06 2.147E+06 1.600E+07 35.2320 1.00000
  1.995E+12 1.995E+12 3.657E+00 7.146E+04 1.246E+06 1.115E+06 2.432E+06 2.432E+06 1.609E+07 35.4622 1.00000
  2.239E+12 2.239E+12 3.674E+00 8.018E+04 1.398E+06 1.279E+06 2.757E+06 2.757E+06 1.619E+07 35.6925 1.00000
  2.512E+12 2.512E+12 3.692E+00 8.996E+04 1.568E+06 1.467E+06 3.125E+06 3.125E+06 1.628E+07 35.9227 1.00000
  2.818E+12 2.818E+12 3.710E+00 1.009E+05 1.760E+06 1.682E+06 3.543E+06 3.543E+06 1.637E+07 36.1530 1.00000
  3.162E+12 3.162E+12 3.728E+00 1.133E+05 1.974E+06 1.929E+06 4.017E+06 4.017E+06 1.646E+07 36.3833 1.00000
  3.548E+12 3.548E+12 3.747E+00 1.271E+05 2.215E+06 2.213E+06 4.555E+06 4.555E+06 1.656E+07 36.6135 1.00000
  3.981E+12 3.981E+12 3.765E+00 1.426E+05 2.485E+06 2.538E+06 5.166E+06 5.166E+06 1.664E+07 36.8438 1.00000
  4.467E+12 4.467E+12 3.783E+00 1.600E+05 2.788E+06 2.912E+06 5.860E+06 5.860E+06 1.673E+07 37.0740 1.00000
  5.012E+12 5.012E+12 3.802E+00 1.795E+05 3.128E+06 3.340E+06 6.648E+06 6.648E+06 1.682E+07 37.3043 1.00000
  5.623E+12 5.623E+12 3.820E+00 2.014E+05 3.510E+06 3.832E+06 7.543E+06 7.543E+06 1.691E+07 37.5346 1.00000
  6.310E+12 6.310E+12 3.839E+00 2.260E+05 3.938E+06 4.397E+06 8.561E+06 8.561E+06 1.699E+07 37.7648 1.00000
  7.079E+12 7.079E+12 3.858E+00 2.536E+05 4.418E+06 5.045E+06 9.716E+06 9.716E+06 1.708E+07 37.9951 1.00000
  7.943E+12 7.943E+12 3.876E+00 2.845E+05 4.957E+06 5.788E+06 1.103E+07 1.103E+07 1.716E+07 38.2253 1.00000
  8.913E+12 8.913E+12 3.895E+00 3.192E+05 5.562E+06 6.642E+06 1.252E+07 1.252E+07 1.724E+07 38.4556 1.00000
  1.000E+13 1.000E+13 3.914E+00 3.582E+05 6.240E+06 7.622E+06 1.422E+07 1.422E+07 1.733E+07 38.6859 1.00000
  1.122E+13 1.122E+13 3.934E+00 4.019E+05 7.001E+06 8.746E+06 1.615E+07 1.615E+07 1.741E+07 38.9161 1.00000
  1.259E+13 1.259E+13 3.953E+00 4.509E+05 7.855E+06 1.004E+07 1.834E+07 1.834E+07 1.749E+07 39.1464 1.00000
  1.413E+13 1.413E+13 3.972E+00 5.059E+05 8.813E+06 1.152E+07 2.084E+07 2.084E+07 1.756E+07 39.3766 1.00000
  1.585E+13 1.585E+13 3.992E+00 5.677E+05 9.888E+06 1.322E+07 2.368E+07 2.368E+07 1.764E+07 39.6069 1.00000
  1.778E+13 1.778E+13 4.011E+00 6.369E+05 1.109E+07 1.518E+07 2.691E+07 2.691E+07 1.772E+07 39.8371 1.00000
  1.995E+13 1.995E+13 4.031E+00 7.147E+05 1.245E+07 1.742E+07 3.058E+07 3.058E+07 1.779E+07 40.0674 1.00000
  2.239E+13 2.239E+13 4.051E+00 8.019E+05 1.396E+07 2.000E+07 3.476E+07 3.476E+07 1.787E+07 40.2977 1.00000
  2.512E+13 2.512E+13 4.071E+00 8.997E+05 1.567E+07 2.296E+07 3.952E+07 3.952E+07 1.794E+07 40.5279 1.00000
  2.818E+13 2.818E+13 4.091E+00 1.009E+06 1.758E+07 2.635E+07 4.494E+07 4.494E+07 1.802E+07 40.7582 1.00000
  3.162E+13 3.162E+13 4.111E+00 1.133E+06 1.972E+07 3.026E+07 5.111E+07 5.111E+07 1.809E+07 40.9884 1.00000
  3.548E+13 3.548E+13 4.131E+00 1.271E+06 2.213E+07 3.474E+07 5.813E+07 5.813E+07 1.816E+07 41.2187 1.00000
  3.981E+13 3.981E+13 4.151E+00 1.426E+06 2.483E+07 3.988E+07 6.614E+07 6.614E+07 1.823E+07 41.4490 1.00000
  4.467E+13 4.467E+13 4.172E+00 1.600E+06 2.785E+07 4.580E+07 7.525E+07 7.525E+07 1.830E+07 41.6792 1.00000
  5.012E+13 5.012E+13 4.192E+00 1.795E+06 3.125E+07 5.259E+07 8.563E+07 8.563E+07 1.837E+07 41.9095 1.00000
  5.623E+13 5.623E+13 4.213E+00 2.014E+06 3.506E+07 6.039E+07 9.746E+07 9.746E+07 1.843E+07 42.1397 1.00000
  6.310E+13 6.310E+13 4.234E+00 2.260E+06 3.934E+07 6.935E+07 1.109E+08 1.109E+08 1.850E+07 42.3700 1.00000
  7.079E+13 7.079E+13 4.255E+00 2.536E+06 4.413E+07 7.964E+07 1.263E+08 1.263E+08 1.856E+07 42.6002 1.00000
  7.943E+13 7.943E+13 4.276E+00 2.845E+06 4.952E+07 9.147E+07 1.438E+08 1.438E+08 1.863E+07 42.8305 1.00000
  8.913E+13 8.913E+13 4.297E+00 3.192E+06 5.556E+07 1.051E+08 1.638E+08 1.638E+08 1.869E+07 43.0608 1.00000
  1.000E+14 1.000E+14 4.318E+00 3.582E+06 6.233E+07 1.207E+08 1.866E+08 1.866E+08 1.875E+07 43.2910 1.00000
  1.122E+14 1.122E+14 4.340E+00 4.019E+06 6.993E+07 1.386E+08 2.126E+08 2.126E+08 1.882E+07 43.5213 1.00000
  1.259E+14 1.259E+14 4.361E+00 4.509E+06 7.846E+07 1.592E+08 2.422E+08 2.422E+08 1.888E+07 43.7515 1.00000
  1.413E+14 1.413E+14 4.383E+00 5.059E+06 8.803E+07 1.829E+08 2.760E+08 2.760E+08 1.894E+07 43.9818 1.00000
  1.585E+14 1.585E+14 4.404E+00 5.677E+06 9.876E+07 2.101E+08 3.146E+08 3.146E+08 1.899E+07 44.2121 1.00000
  1.778E+14 1.778E+14 4.426E+00 6.369E+06 1.108E+08 2.414E+08 3.586E+08 3.586E+08 1.905E+07 44.4423 1.00000
  1.995E+14 1.995E+14 4.448E+00 7.147E+06 1.243E+08 2.774E+08 4.088E+08 4.088E+08 1.911E+07 44.6726 1.00000
  2.239E+14 2.239E+14 4.470E+00 8.019E+06 1.395E+08 3.187E+08 4.662E+08 4.662E+08 1.916E+07 44.9028 1.00000
  2.512E+14 2.512E+14 4.492E+00 8.997E+06 1.565E+08 3.662E+08 5.317E+08 5.317E+08 1.922E+07 45.1331 1.00000
  2.818E+14 2.818E+14 4.514E+00 1.009E+07 1.756E+08 4.208E+08 6.064E+08 6.064E+08 1.927E+07 45.3633 1.00000
  3.162E+14 3.162E+14 4.537E+00 1.133E+07 1.970E+08 4.835E+08 6.918E+08 6.918E+08 1.933E+07 45.5936 1.00000
  3.548E+14 3.548E+14 4.559E+00 1.271E+07 2.210E+08 5.557E+08 7.894E+08 7.894E+08 1.938E+07 45.8239 1.00000
  3.981E+14 3.981E+14 4.582E+00 1.426E+07 2.480E+08 6.386E+08 9.008E+08 9.008E+08 1.943E+07 46.0541 1.00000
  4.467E+14 4.467E+14 4.605E+00 1.600E+07 2.782E+08 7.339E+08 1.028E+09 1.028E+09 1.948E+07 46.2844 1.00000
  5.012E+14 5.012E+14 4.627E+00 1.795E+07 3.121E+08 8.435E+08 1.174E+09 1.174E+09 1.953E+07 46.5146 1.00000
  5.623E+14 5.623E+14 4.650E+00 2.014E+07 3.502E+08 9.695E+08 1.340E+09 1.340E+09 1.958E+07 46.7449 1.00000
  6.310E+14 6.310E+14 4.673E+00 2.260E+07 3.929E+08 1.114E+09 1.530E+09 1.530E+09 1.963E+07 46.9752 1.00000
  7.079E+14 7.079E+14 4.697E+00 2.536E+07 4.408E+08 1.281E+09 1.747E+09 1.747E+09 1.968E+07 47.2054 1.00000
  7.943E+14 7.943E+14 4.720E+00 2.845E+07 4.945E+08 1.472E+09 1.995E+09 1.995E+09 1.972E+07 47.4357 1.00000
  8.913E+14 8.913E+14 4.743E+00 3.192E+07 5.548E+08 1.693E+09 2.279E+09 2.279E+09 1.977E+07 47.6659 1.00000
  1.000E+15 1.000E+15 4.767E+00 3.582E+07 6.225E+08 1.946E+09 2.604E+09 2.604E+09 1.981E+07 47.8962 1.00000
