 Incident particle is a Tau with M = 1776.82000 MeV
 Index = 0: Lead
      Absorber with <Z/A> = 0.39573
 Sternheimer coef:  a     k=m_s   x_0    x_1    I[eV]   Cbar  delta0
                 0.0936  3.1608  0.3776  3.8073  823.0  6.2018 0.14

 *** Table generated with PUMAS v1.00 ***

      T         p     Ionization  brems     pair     photonuc  Radloss    dE/dx   CSDA Range  delta   beta
    [MeV]    [MeV/c]  -----------------------[MeV cm^2/g]------------------------  [g/cm^2]
  1.000E+05 1.018E+05 1.567E+00 1.043E-03 1.859E-02 7.547E-03 2.718E-02 1.594E+00 3.137E+04  2.7980 0.99985
  1.122E+05 1.140E+05 1.585E+00 1.210E-03 2.226E-02 8.469E-03 3.194E-02 1.617E+00 3.897E+04  2.9576 0.99988
  1.259E+05 1.277E+05 1.603E+00 1.403E-03 2.657E-02 9.455E-03 3.743E-02 1.640E+00 4.738E+04  3.1211 0.99990
  1.413E+05 1.430E+05 1.621E+00 1.625E-03 3.163E-02 1.056E-02 4.381E-02 1.665E+00 5.668E+04  3.2882 0.99992
  1.585E+05 1.603E+05 1.639E+00 1.881E-03 3.755E-02 1.178E-02 5.122E-02 1.690E+00 6.695E+04  3.4587 0.99994
  1.778E+05 1.796E+05 1.656E+00 2.176E-03 4.447E-02 1.315E-02 5.979E-02 1.716E+00 7.831E+04  3.6327 0.99995
  1.995E+05 2.013E+05 1.674E+00 2.517E-03 5.255E-02 1.469E-02 6.975E-02 1.743E+00 9.086E+04  3.8101 0.99996
  2.239E+05 2.256E+05 1.691E+00 2.909E-03 6.195E-02 1.637E-02 8.122E-02 1.772E+00 1.047E+05  3.9906 0.99997
  2.512E+05 2.530E+05 1.708E+00 3.360E-03 7.287E-02 1.823E-02 9.446E-02 1.803E+00 1.200E+05  4.1741 0.99998
  2.818E+05 2.836E+05 1.725E+00 3.878E-03 8.553E-02 2.033E-02 1.097E-01 1.835E+00 1.368E+05  4.3607 0.99998
  3.162E+05 3.180E+05 1.742E+00 4.474E-03 1.002E-01 2.268E-02 1.273E-01 1.869E+00 1.554E+05  4.5501 0.99998
  3.548E+05 3.566E+05 1.758E+00 5.159E-03 1.171E-01 2.531E-02 1.476E-01 1.906E+00 1.759E+05  4.7423 0.99999
  3.981E+05 3.999E+05 1.775E+00 5.945E-03 1.367E-01 2.823E-02 1.708E-01 1.946E+00 1.983E+05  4.9371 0.99999
  4.467E+05 4.485E+05 1.791E+00 6.848E-03 1.592E-01 3.149E-02 1.975E-01 1.989E+00 2.230E+05  5.1345 0.99999
  5.012E+05 5.030E+05 1.807E+00 7.883E-03 1.851E-01 3.514E-02 2.281E-01 2.035E+00 2.501E+05  5.3343 0.99999
  5.623E+05 5.641E+05 1.823E+00 9.070E-03 2.149E-01 3.907E-02 2.630E-01 2.086E+00 2.798E+05  5.5365 1.00000
  6.310E+05 6.327E+05 1.839E+00 1.043E-02 2.490E-01 4.349E-02 3.029E-01 2.142E+00 3.123E+05  5.7409 1.00000
  7.079E+05 7.097E+05 1.855E+00 1.199E-02 2.881E-01 4.846E-02 3.486E-01 2.203E+00 3.477E+05  5.9474 1.00000
  7.943E+05 7.961E+05 1.870E+00 1.377E-02 3.329E-01 5.405E-02 4.007E-01 2.271E+00 3.863E+05  6.1560 1.00000
  8.913E+05 8.930E+05 1.885E+00 1.581E-02 3.841E-01 6.035E-02 4.603E-01 2.346E+00 4.283E+05  6.3665 1.00000
  1.000E+06 1.002E+06 1.901E+00 1.815E-02 4.425E-01 6.746E-02 5.281E-01 2.429E+00 4.739E+05  6.5789 1.00000
  1.122E+06 1.124E+06 1.915E+00 2.082E-02 5.092E-01 7.548E-02 6.055E-01 2.521E+00 5.232E+05  6.7929 1.00000
  1.259E+06 1.261E+06 1.930E+00 2.388E-02 5.851E-01 8.455E-02 6.935E-01 2.624E+00 5.765E+05  7.0087 1.00000
  1.413E+06 1.414E+06 1.945E+00 2.737E-02 6.715E-01 9.481E-02 7.937E-01 2.739E+00 6.338E+05  7.2260 1.00000
  1.585E+06 1.587E+06 1.959E+00 3.135E-02 7.698E-01 1.064E-01 9.076E-01 2.867E+00 6.953E+05  7.4447 1.00000
  1.778E+06 1.780E+06 1.973E+00 3.591E-02 8.814E-01 1.196E-01 1.037E+00 3.010E+00 7.612E+05  7.6648 1.00000
  1.995E+06 1.997E+06 1.987E+00 4.110E-02 1.008E+00 1.345E-01 1.184E+00 3.171E+00 8.314E+05  7.8861 1.00000
  2.239E+06 2.240E+06 2.001E+00 4.703E-02 1.152E+00 1.514E-01 1.350E+00 3.352E+00 9.061E+05  8.1087 1.00000
  2.512E+06 2.514E+06 2.015E+00 5.379E-02 1.315E+00 1.706E-01 1.539E+00 3.554E+00 9.853E+05  8.3323 1.00000
  2.818E+06 2.820E+06 2.029E+00 6.150E-02 1.499E+00 1.924E-01 1.753E+00 3.781E+00 1.069E+06  8.5569 1.00000
  3.162E+06 3.164E+06 2.042E+00 7.029E-02 1.708E+00 2.171E-01 1.995E+00 4.037E+00 1.157E+06  8.7825 1.00000
  3.548E+06 3.550E+06 2.055E+00 8.030E-02 1.944E+00 2.452E-01 2.269E+00 4.324E+00 1.249E+06  9.0088 1.00000
  3.981E+06 3.983E+06 2.068E+00 9.170E-02 2.210E+00 2.772E-01 2.579E+00 4.647E+00 1.346E+06  9.2359 1.00000
  4.467E+06 4.469E+06 2.081E+00 1.047E-01 2.512E+00 3.136E-01 2.930E+00 5.011E+00 1.447E+06  9.4637 1.00000
  5.012E+06 5.014E+06 2.094E+00 1.195E-01 2.852E+00 3.550E-01 3.326E+00 5.420E+00 1.551E+06  9.6920 1.00000
  5.623E+06 5.625E+06 2.106E+00 1.363E-01 3.235E+00 4.020E-01 3.774E+00 5.880E+00 1.660E+06  9.9208 1.00000
  6.310E+06 6.311E+06 2.119E+00 1.554E-01 3.668E+00 4.556E-01 4.279E+00 6.398E+00 1.772E+06 10.1500 1.00000
  7.079E+06 7.081E+06 2.131E+00 1.771E-01 4.156E+00 5.167E-01 4.850E+00 6.981E+00 1.887E+06 10.3796 1.00000
  7.943E+06 7.945E+06 2.143E+00 2.018E-01 4.706E+00 5.862E-01 5.494E+00 7.637E+00 2.006E+06 10.6094 1.00000
  8.913E+06 8.914E+06 2.155E+00 2.299E-01 5.326E+00 6.654E-01 6.221E+00 8.376E+00 2.127E+06 10.8395 1.00000
  1.000E+07 1.000E+07 2.167E+00 2.618E-01 6.023E+00 7.556E-01 7.041E+00 9.207E+00 2.251E+06 11.0696 1.00000
  1.122E+07 1.122E+07 2.178E+00 2.980E-01 6.809E+00 8.584E-01 7.965E+00 1.014E+01 2.377E+06 11.2998 1.00000
  1.259E+07 1.259E+07 2.190E+00 3.391E-01 7.693E+00 9.757E-01 9.007E+00 1.120E+01 2.506E+06 11.5300 1.00000
  1.413E+07 1.413E+07 2.202E+00 3.858E-01 8.687E+00 1.109E+00 1.018E+01 1.238E+01 2.637E+06 11.7603 1.00000
  1.585E+07 1.585E+07 2.213E+00 4.387E-01 9.806E+00 1.262E+00 1.151E+01 1.372E+01 2.769E+06 11.9905 1.00000
  1.778E+07 1.778E+07 2.224E+00 4.987E-01 1.106E+01 1.435E+00 1.300E+01 1.522E+01 2.903E+06 12.2207 1.00000
  1.995E+07 1.995E+07 2.236E+00 5.667E-01 1.248E+01 1.634E+00 1.468E+01 1.691E+01 3.038E+06 12.4510 1.00000
  2.239E+07 2.239E+07 2.247E+00 6.438E-01 1.407E+01 1.860E+00 1.657E+01 1.882E+01 3.175E+06 12.6812 1.00000
  2.512E+07 2.512E+07 2.258E+00 7.311E-01 1.586E+01 2.118E+00 1.871E+01 2.096E+01 3.313E+06 12.9114 1.00000
  2.818E+07 2.819E+07 2.269E+00 8.300E-01 1.787E+01 2.412E+00 2.111E+01 2.338E+01 3.451E+06 13.1417 1.00000
  3.162E+07 3.162E+07 2.280E+00 9.419E-01 2.012E+01 2.748E+00 2.381E+01 2.609E+01 3.591E+06 13.3719 1.00000
  3.548E+07 3.548E+07 2.291E+00 1.069E+00 2.266E+01 3.131E+00 2.686E+01 2.915E+01 3.731E+06 13.6022 1.00000
  3.981E+07 3.981E+07 2.302E+00 1.212E+00 2.551E+01 3.568E+00 3.029E+01 3.259E+01 3.872E+06 13.8324 1.00000
  4.467E+07 4.467E+07 2.313E+00 1.374E+00 2.871E+01 4.067E+00 3.415E+01 3.646E+01 4.013E+06 14.0627 1.00000
  5.012E+07 5.012E+07 2.324E+00 1.557E+00 3.230E+01 4.637E+00 3.850E+01 4.082E+01 4.154E+06 14.2929 1.00000
  5.623E+07 5.624E+07 2.335E+00 1.765E+00 3.634E+01 5.287E+00 4.339E+01 4.572E+01 4.296E+06 14.5232 1.00000
  6.310E+07 6.310E+07 2.346E+00 1.999E+00 4.087E+01 6.030E+00 4.890E+01 5.124E+01 4.438E+06 14.7534 1.00000
  7.079E+07 7.080E+07 2.357E+00 2.263E+00 4.596E+01 6.877E+00 5.510E+01 5.746E+01 4.580E+06 14.9837 1.00000
  7.943E+07 7.943E+07 2.368E+00 2.562E+00 5.167E+01 7.845E+00 6.208E+01 6.445E+01 4.722E+06 15.2139 1.00000
  8.913E+07 8.913E+07 2.379E+00 2.899E+00 5.809E+01 8.950E+00 6.993E+01 7.231E+01 4.865E+06 15.4442 1.00000
  1.000E+08 1.000E+08 2.390E+00 3.280E+00 6.529E+01 1.021E+01 7.878E+01 8.117E+01 5.007E+06 15.6744 1.00000
  1.122E+08 1.122E+08 2.401E+00 3.709E+00 7.337E+01 1.165E+01 8.873E+01 9.113E+01 5.149E+06 15.9047 1.00000
  1.259E+08 1.259E+08 2.413E+00 4.193E+00 8.244E+01 1.330E+01 9.994E+01 1.023E+02 5.291E+06 16.1349 1.00000
  1.413E+08 1.413E+08 2.424E+00 4.740E+00 9.263E+01 1.518E+01 1.125E+02 1.150E+02 5.433E+06 16.3652 1.00000
  1.585E+08 1.585E+08 2.435E+00 5.356E+00 1.041E+02 1.733E+01 1.267E+02 1.292E+02 5.574E+06 16.5955 1.00000
  1.778E+08 1.778E+08 2.446E+00 6.050E+00 1.169E+02 1.978E+01 1.427E+02 1.452E+02 5.716E+06 16.8257 1.00000
  1.995E+08 1.995E+08 2.457E+00 6.832E+00 1.313E+02 2.258E+01 1.607E+02 1.632E+02 5.857E+06 17.0560 1.00000
  2.239E+08 2.239E+08 2.469E+00 7.713E+00 1.475E+02 2.578E+01 1.809E+02 1.834E+02 5.998E+06 17.2862 1.00000
  2.512E+08 2.512E+08 2.480E+00 8.705E+00 1.656E+02 2.944E+01 2.037E+02 2.062E+02 6.139E+06 17.5165 1.00000
  2.818E+08 2.818E+08 2.491E+00 9.823E+00 1.859E+02 3.362E+01 2.294E+02 2.319E+02 6.279E+06 17.7467 1.00000
  3.162E+08 3.162E+08 2.503E+00 1.108E+01 2.088E+02 3.839E+01 2.583E+02 2.608E+02 6.419E+06 17.9770 1.00000
  3.548E+08 3.548E+08 2.514E+00 1.250E+01 2.344E+02 4.385E+01 2.908E+02 2.933E+02 6.559E+06 18.2073 1.00000
  3.981E+08 3.981E+08 2.526E+00 1.409E+01 2.632E+02 5.008E+01 3.274E+02 3.299E+02 6.698E+06 18.4375 1.00000
  4.467E+08 4.467E+08 2.537E+00 1.588E+01 2.955E+02 5.720E+01 3.685E+02 3.711E+02 6.838E+06 18.6678 1.00000
  5.012E+08 5.012E+08 2.549E+00 1.790E+01 3.317E+02 6.535E+01 4.149E+02 4.175E+02 6.976E+06 18.8980 1.00000
  5.623E+08 5.623E+08 2.561E+00 2.017E+01 3.723E+02 7.465E+01 4.671E+02 4.697E+02 7.115E+06 19.1283 1.00000
  6.310E+08 6.310E+08 2.572E+00 2.272E+01 4.179E+02 8.529E+01 5.259E+02 5.285E+02 7.253E+06 19.3585 1.00000
  7.079E+08 7.079E+08 2.584E+00 2.559E+01 4.691E+02 9.744E+01 5.921E+02 5.947E+02 7.390E+06 19.5888 1.00000
  7.943E+08 7.943E+08 2.596E+00 2.881E+01 5.265E+02 1.113E+02 6.667E+02 6.693E+02 7.527E+06 19.8191 1.00000
  8.913E+08 8.913E+08 2.608E+00 3.243E+01 5.910E+02 1.272E+02 7.506E+02 7.533E+02 7.664E+06 20.0493 1.00000
  1.000E+09 1.000E+09 2.620E+00 3.650E+01 6.633E+02 1.454E+02 8.452E+02 8.478E+02 7.800E+06 20.2796 1.00000
  1.122E+09 1.122E+09 2.632E+00 4.108E+01 7.444E+02 1.661E+02 9.517E+02 9.543E+02 7.936E+06 20.5098 1.00000
  1.259E+09 1.259E+09 2.644E+00 4.622E+01 8.355E+02 1.899E+02 1.072E+03 1.074E+03 8.072E+06 20.7401 1.00000
  1.413E+09 1.413E+09 2.656E+00 5.200E+01 9.376E+02 2.170E+02 1.207E+03 1.209E+03 8.207E+06 20.9703 1.00000
  1.585E+09 1.585E+09 2.669E+00 5.849E+01 1.052E+03 2.481E+02 1.359E+03 1.361E+03 8.341E+06 21.2006 1.00000
  1.778E+09 1.778E+09 2.681E+00 6.578E+01 1.181E+03 2.835E+02 1.530E+03 1.533E+03 8.475E+06 21.4309 1.00000
  1.995E+09 1.995E+09 2.693E+00 7.397E+01 1.325E+03 3.241E+02 1.723E+03 1.726E+03 8.609E+06 21.6611 1.00000
  2.239E+09 2.239E+09 2.706E+00 8.316E+01 1.487E+03 3.705E+02 1.941E+03 1.943E+03 8.742E+06 21.8914 1.00000
  2.512E+09 2.512E+09 2.718E+00 9.349E+01 1.669E+03 4.236E+02 2.186E+03 2.189E+03 8.875E+06 22.1216 1.00000
  2.818E+09 2.818E+09 2.731E+00 1.051E+02 1.873E+03 4.843E+02 2.462E+03 2.465E+03 9.007E+06 22.3519 1.00000
  3.162E+09 3.162E+09 2.744E+00 1.181E+02 2.101E+03 5.538E+02 2.773E+03 2.776E+03 9.139E+06 22.5822 1.00000
  3.548E+09 3.548E+09 2.756E+00 1.327E+02 2.358E+03 6.332E+02 3.124E+03 3.127E+03 9.270E+06 22.8124 1.00000
  3.981E+09 3.981E+09 2.769E+00 1.491E+02 2.646E+03 7.241E+02 3.519E+03 3.522E+03 9.401E+06 23.0427 1.00000
  4.467E+09 4.467E+09 2.782E+00 1.675E+02 2.969E+03 8.280E+02 3.964E+03 3.967E+03 9.531E+06 23.2729 1.00000
  5.012E+09 5.012E+09 2.795E+00 1.882E+02 3.331E+03 9.470E+02 4.466E+03 4.469E+03 9.660E+06 23.5032 1.00000
  5.623E+09 5.623E+09 2.808E+00 2.114E+02 3.738E+03 1.083E+03 5.032E+03 5.035E+03 9.790E+06 23.7334 1.00000
  6.310E+09 6.310E+09 2.821E+00 2.375E+02 4.194E+03 1.239E+03 5.671E+03 5.673E+03 9.918E+06 23.9637 1.00000
  7.079E+09 7.079E+09 2.834E+00 2.667E+02 4.706E+03 1.417E+03 6.390E+03 6.393E+03 1.005E+07 24.1940 1.00000
  7.943E+09 7.943E+09 2.848E+00 2.996E+02 5.281E+03 1.621E+03 7.201E+03 7.204E+03 1.017E+07 24.4242 1.00000
  8.913E+09 8.913E+09 2.861E+00 3.364E+02 5.925E+03 1.854E+03 8.116E+03 8.119E+03 1.030E+07 24.6545 1.00000
  1.000E+10 1.000E+10 2.874E+00 3.778E+02 6.648E+03 2.121E+03 9.147E+03 9.150E+03 1.043E+07 24.8847 1.00000
  1.122E+10 1.122E+10 2.888E+00 4.242E+02 7.460E+03 2.426E+03 1.031E+04 1.031E+04 1.055E+07 25.1150 1.00000
  1.259E+10 1.259E+10 2.901E+00 4.762E+02 8.370E+03 2.776E+03 1.162E+04 1.163E+04 1.068E+07 25.3453 1.00000
  1.413E+10 1.413E+10 2.915E+00 5.347E+02 9.392E+03 3.176E+03 1.310E+04 1.311E+04 1.080E+07 25.5755 1.00000
  1.585E+10 1.585E+10 2.929E+00 6.003E+02 1.054E+04 3.634E+03 1.477E+04 1.478E+04 1.093E+07 25.8058 1.00000
  1.778E+10 1.778E+10 2.942E+00 6.739E+02 1.182E+04 4.159E+03 1.666E+04 1.666E+04 1.105E+07 26.0360 1.00000
  1.995E+10 1.995E+10 2.956E+00 7.565E+02 1.327E+04 4.759E+03 1.878E+04 1.879E+04 1.117E+07 26.2663 1.00000
  2.239E+10 2.239E+10 2.970E+00 8.492E+02 1.489E+04 5.446E+03 2.118E+04 2.118E+04 1.130E+07 26.4966 1.00000
  2.512E+10 2.512E+10 2.984E+00 9.532E+02 1.670E+04 6.233E+03 2.389E+04 2.389E+04 1.142E+07 26.7268 1.00000
  2.818E+10 2.818E+10 2.998E+00 1.070E+03 1.874E+04 7.134E+03 2.694E+04 2.695E+04 1.154E+07 26.9571 1.00000
  3.162E+10 3.162E+10 3.012E+00 1.201E+03 2.103E+04 8.166E+03 3.039E+04 3.040E+04 1.166E+07 27.1873 1.00000
  3.548E+10 3.548E+10 3.027E+00 1.348E+03 2.359E+04 9.347E+03 3.429E+04 3.429E+04 1.178E+07 27.4176 1.00000
  3.981E+10 3.981E+10 3.041E+00 1.513E+03 2.647E+04 1.070E+04 3.868E+04 3.868E+04 1.190E+07 27.6478 1.00000
  4.467E+10 4.467E+10 3.055E+00 1.698E+03 2.970E+04 1.225E+04 4.364E+04 4.365E+04 1.202E+07 27.8781 1.00000
  5.012E+10 5.012E+10 3.070E+00 1.905E+03 3.332E+04 1.402E+04 4.925E+04 4.925E+04 1.213E+07 28.1084 1.00000
  5.623E+10 5.623E+10 3.085E+00 2.138E+03 3.739E+04 1.605E+04 5.558E+04 5.558E+04 1.225E+07 28.3386 1.00000
  6.310E+10 6.310E+10 3.099E+00 2.400E+03 4.195E+04 1.838E+04 6.273E+04 6.273E+04 1.237E+07 28.5689 1.00000
  7.079E+10 7.079E+10 3.114E+00 2.693E+03 4.707E+04 2.105E+04 7.081E+04 7.081E+04 1.248E+07 28.7991 1.00000
  7.943E+10 7.943E+10 3.129E+00 3.022E+03 5.281E+04 2.410E+04 7.993E+04 7.993E+04 1.260E+07 29.0294 1.00000
  8.913E+10 8.913E+10 3.144E+00 3.392E+03 5.925E+04 2.760E+04 9.024E+04 9.024E+04 1.271E+07 29.2597 1.00000
  1.000E+11 1.000E+11 3.159E+00 3.806E+03 6.648E+04 3.160E+04 1.019E+05 1.019E+05 1.283E+07 29.4899 1.00000
  1.122E+11 1.122E+11 3.174E+00 4.271E+03 7.459E+04 3.619E+04 1.151E+05 1.151E+05 1.294E+07 29.7202 1.00000
  1.259E+11 1.259E+11 3.189E+00 4.793E+03 8.369E+04 4.145E+04 1.299E+05 1.299E+05 1.305E+07 29.9504 1.00000
  1.413E+11 1.413E+11 3.204E+00 5.378E+03 9.390E+04 4.748E+04 1.468E+05 1.468E+05 1.316E+07 30.1807 1.00000
  1.585E+11 1.585E+11 3.219E+00 6.035E+03 1.054E+05 5.438E+04 1.658E+05 1.658E+05 1.327E+07 30.4109 1.00000
  1.778E+11 1.778E+11 3.235E+00 6.772E+03 1.182E+05 6.229E+04 1.873E+05 1.873E+05 1.338E+07 30.6412 1.00000
  1.995E+11 1.995E+11 3.250E+00 7.599E+03 1.326E+05 7.136E+04 2.116E+05 2.116E+05 1.349E+07 30.8715 1.00000
  2.239E+11 2.239E+11 3.266E+00 8.527E+03 1.488E+05 8.175E+04 2.391E+05 2.391E+05 1.360E+07 31.1017 1.00000
  2.512E+11 2.512E+11 3.282E+00 9.568E+03 1.670E+05 9.366E+04 2.702E+05 2.702E+05 1.371E+07 31.3320 1.00000
  2.818E+11 2.818E+11 3.297E+00 1.074E+04 1.873E+05 1.073E+05 3.054E+05 3.054E+05 1.382E+07 31.5622 1.00000
  3.162E+11 3.162E+11 3.313E+00 1.205E+04 2.102E+05 1.229E+05 3.452E+05 3.452E+05 1.392E+07 31.7925 1.00000
  3.548E+11 3.548E+11 3.329E+00 1.352E+04 2.358E+05 1.409E+05 3.902E+05 3.902E+05 1.403E+07 32.0228 1.00000
  3.981E+11 3.981E+11 3.345E+00 1.517E+04 2.646E+05 1.614E+05 4.412E+05 4.412E+05 1.413E+07 32.2530 1.00000
  4.467E+11 4.467E+11 3.361E+00 1.702E+04 2.968E+05 1.850E+05 4.989E+05 4.989E+05 1.424E+07 32.4833 1.00000
  5.012E+11 5.012E+11 3.378E+00 1.910E+04 3.331E+05 2.120E+05 5.642E+05 5.642E+05 1.434E+07 32.7135 1.00000
  5.623E+11 5.623E+11 3.394E+00 2.143E+04 3.737E+05 2.430E+05 6.381E+05 6.381E+05 1.444E+07 32.9438 1.00000
  6.310E+11 6.310E+11 3.410E+00 2.404E+04 4.193E+05 2.785E+05 7.218E+05 7.218E+05 1.454E+07 33.1740 1.00000
  7.079E+11 7.079E+11 3.427E+00 2.697E+04 4.704E+05 3.192E+05 8.166E+05 8.166E+05 1.464E+07 33.4043 1.00000
  7.943E+11 7.943E+11 3.443E+00 3.027E+04 5.278E+05 3.659E+05 9.239E+05 9.239E+05 1.474E+07 33.6346 1.00000
  8.913E+11 8.913E+11 3.460E+00 3.396E+04 5.922E+05 4.194E+05 1.046E+06 1.046E+06 1.484E+07 33.8648 1.00000
  1.000E+12 1.000E+12 3.477E+00 3.811E+04 6.644E+05 4.808E+05 1.183E+06 1.183E+06 1.494E+07 34.0951 1.00000
  1.122E+12 1.122E+12 3.494E+00 4.276E+04 7.454E+05 5.512E+05 1.339E+06 1.339E+06 1.504E+07 34.3253 1.00000
  1.259E+12 1.259E+12 3.511E+00 4.797E+04 8.363E+05 6.319E+05 1.516E+06 1.516E+06 1.513E+07 34.5556 1.00000
  1.413E+12 1.413E+12 3.528E+00 5.383E+04 9.384E+05 7.245E+05 1.717E+06 1.717E+06 1.523E+07 34.7859 1.00000
  1.585E+12 1.585E+12 3.545E+00 6.040E+04 1.053E+06 8.308E+05 1.944E+06 1.944E+06 1.532E+07 35.0161 1.00000
  1.778E+12 1.778E+12 3.562E+00 6.777E+04 1.181E+06 9.526E+05 2.202E+06 2.202E+06 1.542E+07 35.2464 1.00000
  1.995E+12 1.995E+12 3.579E+00 7.604E+04 1.325E+06 1.092E+06 2.494E+06 2.494E+06 1.551E+07 35.4766 1.00000
  2.239E+12 2.239E+12 3.597E+00 8.531E+04 1.487E+06 1.253E+06 2.825E+06 2.825E+06 1.560E+07 35.7069 1.00000
  2.512E+12 2.512E+12 3.614E+00 9.572E+04 1.668E+06 1.437E+06 3.201E+06 3.201E+06 1.569E+07 35.9371 1.00000
  2.818E+12 2.818E+12 3.632E+00 1.074E+05 1.872E+06 1.648E+06 3.627E+06 3.627E+06 1.578E+07 36.1674 1.00000
  3.162E+12 3.162E+12 3.650E+00 1.205E+05 2.100E+06 1.890E+06 4.110E+06 4.110E+06 1.587E+07 36.3977 1.00000
  3.548E+12 3.548E+12 3.668E+00 1.352E+05 2.356E+06 2.168E+06 4.659E+06 4.659E+06 1.596E+07 36.6279 1.00000
  3.981E+12 3.981E+12 3.685E+00 1.517E+05 2.644E+06 2.486E+06 5.282E+06 5.282E+06 1.605E+07 36.8582 1.00000
  4.467E+12 4.467E+12 3.703E+00 1.702E+05 2.966E+06 2.852E+06 5.989E+06 5.989E+06 1.613E+07 37.0884 1.00000
  5.012E+12 5.012E+12 3.722E+00 1.910E+05 3.328E+06 3.272E+06 6.791E+06 6.791E+06 1.622E+07 37.3187 1.00000
  5.623E+12 5.623E+12 3.740E+00 2.143E+05 3.734E+06 3.754E+06 7.702E+06 7.702E+06 1.630E+07 37.5490 1.00000
  6.310E+12 6.310E+12 3.758E+00 2.405E+05 4.189E+06 4.307E+06 8.736E+06 8.736E+06 1.639E+07 37.7792 1.00000
  7.079E+12 7.079E+12 3.777E+00 2.698E+05 4.700E+06 4.941E+06 9.911E+06 9.911E+06 1.647E+07 38.0095 1.00000
  7.943E+12 7.943E+12 3.795E+00 3.027E+05 5.273E+06 5.670E+06 1.125E+07 1.125E+07 1.655E+07 38.2397 1.00000
  8.913E+12 8.913E+12 3.814E+00 3.397E+05 5.917E+06 6.506E+06 1.276E+07 1.276E+07 1.663E+07 38.4700 1.00000
  1.000E+13 1.000E+13 3.832E+00 3.811E+05 6.638E+06 7.465E+06 1.448E+07 1.448E+07 1.671E+07 38.7003 1.00000
  1.122E+13 1.122E+13 3.851E+00 4.276E+05 7.448E+06 8.567E+06 1.644E+07 1.644E+07 1.679E+07 38.9305 1.00000
  1.259E+13 1.259E+13 3.870E+00 4.798E+05 8.356E+06 9.832E+06 1.867E+07 1.867E+07 1.687E+07 39.1608 1.00000
  1.413E+13 1.413E+13 3.889E+00 5.383E+05 9.375E+06 1.128E+07 2.120E+07 2.120E+07 1.695E+07 39.3910 1.00000
  1.585E+13 1.585E+13 3.908E+00 6.040E+05 1.052E+07 1.295E+07 2.407E+07 2.407E+07 1.702E+07 39.6213 1.00000
  1.778E+13 1.778E+13 3.927E+00 6.777E+05 1.180E+07 1.487E+07 2.734E+07 2.734E+07 1.710E+07 39.8515 1.00000
  1.995E+13 1.995E+13 3.947E+00 7.604E+05 1.324E+07 1.706E+07 3.106E+07 3.106E+07 1.717E+07 40.0818 1.00000
  2.239E+13 2.239E+13 3.966E+00 8.532E+05 1.486E+07 1.959E+07 3.530E+07 3.530E+07 1.725E+07 40.3121 1.00000
  2.512E+13 2.512E+13 3.986E+00 9.573E+05 1.667E+07 2.248E+07 4.011E+07 4.011E+07 1.732E+07 40.5423 1.00000
  2.818E+13 2.818E+13 4.005E+00 1.074E+06 1.870E+07 2.581E+07 4.559E+07 4.559E+07 1.739E+07 40.7726 1.00000
  3.162E+13 3.162E+13 4.025E+00 1.205E+06 2.098E+07 2.963E+07 5.182E+07 5.182E+07 1.746E+07 41.0028 1.00000
  3.548E+13 3.548E+13 4.045E+00 1.352E+06 2.354E+07 3.402E+07 5.892E+07 5.892E+07 1.753E+07 41.2331 1.00000
  3.981E+13 3.981E+13 4.065E+00 1.517E+06 2.641E+07 3.907E+07 6.699E+07 6.699E+07 1.760E+07 41.4634 1.00000
  4.467E+13 4.467E+13 4.085E+00 1.702E+06 2.963E+07 4.486E+07 7.619E+07 7.619E+07 1.767E+07 41.6936 1.00000
  5.012E+13 5.012E+13 4.105E+00 1.910E+06 3.324E+07 5.151E+07 8.666E+07 8.666E+07 1.774E+07 41.9239 1.00000
  5.623E+13 5.623E+13 4.126E+00 2.143E+06 3.730E+07 5.915E+07 9.859E+07 9.859E+07 1.780E+07 42.1541 1.00000
  6.310E+13 6.310E+13 4.146E+00 2.405E+06 4.185E+07 6.793E+07 1.122E+08 1.122E+08 1.787E+07 42.3844 1.00000
  7.079E+13 7.079E+13 4.166E+00 2.698E+06 4.695E+07 7.801E+07 1.277E+08 1.277E+08 1.793E+07 42.6146 1.00000
  7.943E+13 7.943E+13 4.187E+00 3.027E+06 5.268E+07 8.960E+07 1.453E+08 1.453E+08 1.800E+07 42.8449 1.00000
  8.913E+13 8.913E+13 4.208E+00 3.397E+06 5.910E+07 1.029E+08 1.654E+08 1.654E+08 1.806E+07 43.0752 1.00000
  1.000E+14 1.000E+14 4.229E+00 3.811E+06 6.631E+07 1.182E+08 1.883E+08 1.883E+08 1.812E+07 43.3054 1.00000
  1.122E+14 1.122E+14 4.250E+00 4.276E+06 7.440E+07 1.358E+08 2.144E+08 2.144E+08 1.818E+07 43.5357 1.00000
  1.259E+14 1.259E+14 4.271E+00 4.798E+06 8.347E+07 1.560E+08 2.442E+08 2.442E+08 1.824E+07 43.7659 1.00000
  1.413E+14 1.413E+14 4.292E+00 5.383E+06 9.365E+07 1.792E+08 2.782E+08 2.782E+08 1.830E+07 43.9962 1.00000
  1.585E+14 1.585E+14 4.313E+00 6.040E+06 1.051E+08 2.058E+08 3.169E+08 3.169E+08 1.836E+07 44.2265 1.00000
  1.778E+14 1.778E+14 4.334E+00 6.777E+06 1.179E+08 2.365E+08 3.611E+08 3.611E+08 1.842E+07 44.4567 1.00000
  1.995E+14 1.995E+14 4.356E+00 7.604E+06 1.323E+08 2.717E+08 4.115E+08 4.115E+08 1.847E+07 44.6870 1.00000
  2.239E+14 2.239E+14 4.378E+00 8.532E+06 1.484E+08 3.122E+08 4.691E+08 4.691E+08 1.853E+07 44.9172 1.00000
  2.512E+14 2.512E+14 4.399E+00 9.573E+06 1.665E+08 3.587E+08 5.347E+08 5.347E+08 1.858E+07 45.1475 1.00000
  2.818E+14 2.818E+14 4.421E+00 1.074E+07 1.868E+08 4.121E+08 6.097E+08 6.097E+08 1.864E+07 45.3777 1.00000
  3.162E+14 3.162E+14 4.443E+00 1.205E+07 2.096E+08 4.736E+08 6.952E+08 6.952E+08 1.869E+07 45.6080 1.00000
  3.548E+14 3.548E+14 4.465E+00 1.352E+07 2.351E+08 5.443E+08 7.929E+08 7.929E+08 1.874E+07 45.8383 1.00000
  3.981E+14 3.981E+14 4.487E+00 1.517E+07 2.638E+08 6.255E+08 9.044E+08 9.044E+08 1.879E+07 46.0685 1.00000
  4.467E+14 4.467E+14 4.510E+00 1.702E+07 2.959E+08 7.189E+08 1.032E+09 1.032E+09 1.884E+07 46.2988 1.00000
  5.012E+14 5.012E+14 4.532E+00 1.910E+07 3.320E+08 8.262E+08 1.177E+09 1.177E+09 1.889E+07 46.5290 1.00000
  5.623E+14 5.623E+14 4.555E+00 2.143E+07 3.725E+08 9.496E+08 1.344E+09 1.344E+09 1.894E+07 46.7593 1.00000
  6.310E+14 6.310E+14 4.577E+00 2.405E+07 4.179E+08 1.092E+09 1.534E+09 1.534E+09 1.899E+07 46.9896 1.00000
  7.079E+14 7.079E+14 4.600E+00 2.698E+07 4.689E+08 1.255E+09 1.751E+09 1.751E+09 1.904E+07 47.2198 1.00000
  7.943E+14 7.943E+14 4.623E+00 3.027E+07 5.261E+08 1.442E+09 1.999E+09 1.999E+09 1.908E+07 47.4501 1.00000
  8.913E+14 8.913E+14 4.646E+00 3.397E+07 5.902E+08 1.658E+09 2.282E+09 2.282E+09 1.913E+07 47.6803 1.00000
  1.000E+15 1.000E+15 4.669E+00 3.811E+07 6.622E+08 1.906E+09 2.606E+09 2.606E+09 1.917E+07 47.9106 1.00000
