 Incident particle is a Tau with M = 1776.82000 MeV
 Index = 0: LiquidArgon
      Absorber with <Z/A> = 0.45059
 Density effect computed following Fano (1963)
 Models for Radloss: brems =  SSR, pair =  SSR, photonuc = DRSS

 *** Table generated with PUMAS v1.1 ***

      T         p     Ionization  brems     pair     photonuc  Radloss    dE/dx   CSDA Range  delta   beta
    [MeV]    [MeV/c]  -----------------------[MeV cm^2/g]------------------------  [g/cm^2]
  1.000E+05 1.018E+05 1.955E+00 7.648E-05 4.780E-03 6.452E-03 1.131E-02 1.966E+00 2.543E+04  3.2797 0.99985
  1.122E+05 1.140E+05 1.973E+00 9.263E-05 5.741E-03 7.296E-03 1.313E-02 1.987E+00 3.161E+04  3.4699 0.99988
  1.259E+05 1.277E+05 1.992E+00 1.120E-04 6.874E-03 8.232E-03 1.522E-02 2.007E+00 3.846E+04  3.6631 0.99990
  1.413E+05 1.430E+05 2.010E+00 1.352E-04 8.206E-03 9.261E-03 1.760E-02 2.028E+00 4.607E+04  3.8590 0.99992
  1.585E+05 1.603E+05 2.029E+00 1.629E-04 9.768E-03 1.043E-02 2.036E-02 2.049E+00 5.453E+04  4.0572 0.99994
  1.778E+05 1.796E+05 2.047E+00 1.959E-04 1.160E-02 1.172E-02 2.351E-02 2.070E+00 6.392E+04  4.2575 0.99995
  1.995E+05 2.013E+05 2.065E+00 2.351E-04 1.374E-02 1.317E-02 2.715E-02 2.092E+00 7.434E+04  4.4597 0.99996
  2.239E+05 2.256E+05 2.083E+00 2.816E-04 1.623E-02 1.479E-02 3.130E-02 2.114E+00 8.592E+04  4.6639 0.99997
  2.512E+05 2.530E+05 2.101E+00 3.368E-04 1.914E-02 1.658E-02 3.606E-02 2.137E+00 9.877E+04  4.8698 0.99998
  2.818E+05 2.836E+05 2.119E+00 4.020E-04 2.252E-02 1.861E-02 4.153E-02 2.160E+00 1.130E+05  5.0775 0.99998
  3.162E+05 3.180E+05 2.137E+00 4.789E-04 2.645E-02 2.088E-02 4.781E-02 2.184E+00 1.289E+05  5.2869 0.99998
  3.548E+05 3.566E+05 2.154E+00 5.695E-04 3.100E-02 2.342E-02 5.499E-02 2.209E+00 1.464E+05  5.4982 0.99999
  3.981E+05 3.999E+05 2.172E+00 6.761E-04 3.626E-02 2.626E-02 6.320E-02 2.235E+00 1.659E+05  5.7113 0.99999
  4.467E+05 4.485E+05 2.189E+00 8.011E-04 4.235E-02 2.946E-02 7.261E-02 2.262E+00 1.875E+05  5.9263 0.99999
  5.012E+05 5.030E+05 2.206E+00 9.477E-04 4.938E-02 3.302E-02 8.335E-02 2.290E+00 2.115E+05  6.1430 0.99999
  5.623E+05 5.641E+05 2.223E+00 1.119E-03 5.748E-02 3.704E-02 9.564E-02 2.319E+00 2.380E+05  6.3614 1.00000
  6.310E+05 6.327E+05 2.240E+00 1.319E-03 6.681E-02 4.158E-02 1.097E-01 2.350E+00 2.674E+05  6.5814 1.00000
  7.079E+05 7.097E+05 2.257E+00 1.553E-03 7.753E-02 4.670E-02 1.258E-01 2.383E+00 2.999E+05  6.8029 1.00000
  7.943E+05 7.961E+05 2.274E+00 1.826E-03 8.984E-02 5.245E-02 1.441E-01 2.418E+00 3.359E+05  7.0258 1.00000
  8.913E+05 8.930E+05 2.290E+00 2.143E-03 1.040E-01 5.891E-02 1.650E-01 2.455E+00 3.757E+05  7.2498 1.00000
  1.000E+06 1.002E+06 2.306E+00 2.511E-03 1.201E-01 6.625E-02 1.889E-01 2.495E+00 4.196E+05  7.4749 1.00000
  1.122E+06 1.124E+06 2.322E+00 2.939E-03 1.387E-01 7.449E-02 2.161E-01 2.539E+00 4.681E+05  7.7009 1.00000
  1.259E+06 1.261E+06 2.339E+00 3.434E-03 1.598E-01 8.386E-02 2.471E-01 2.586E+00 5.215E+05  7.9276 1.00000
  1.413E+06 1.414E+06 2.354E+00 4.009E-03 1.840E-01 9.442E-02 2.824E-01 2.637E+00 5.804E+05  8.1550 1.00000
  1.585E+06 1.587E+06 2.370E+00 4.674E-03 2.116E-01 1.064E-01 3.227E-01 2.693E+00 6.450E+05  8.3829 1.00000
  1.778E+06 1.780E+06 2.386E+00 5.442E-03 2.430E-01 1.199E-01 3.684E-01 2.754E+00 7.161E+05  8.6112 1.00000
  1.995E+06 1.997E+06 2.401E+00 6.326E-03 2.788E-01 1.353E-01 4.204E-01 2.822E+00 7.939E+05  8.8399 1.00000
  2.239E+06 2.240E+06 2.417E+00 7.351E-03 3.195E-01 1.527E-01 4.796E-01 2.896E+00 8.790E+05  9.0689 1.00000
  2.512E+06 2.514E+06 2.432E+00 8.534E-03 3.658E-01 1.725E-01 5.468E-01 2.979E+00 9.720E+05  9.2981 1.00000
  2.818E+06 2.820E+06 2.447E+00 9.895E-03 4.184E-01 1.950E-01 6.232E-01 3.070E+00 1.073E+06  9.5275 1.00000
  3.162E+06 3.164E+06 2.462E+00 1.146E-02 4.780E-01 2.205E-01 7.099E-01 3.172E+00 1.184E+06  9.7571 1.00000
  3.548E+06 3.550E+06 2.477E+00 1.326E-02 5.456E-01 2.494E-01 8.083E-01 3.285E+00 1.303E+06  9.9868 1.00000
  3.981E+06 3.983E+06 2.491E+00 1.532E-02 6.223E-01 2.823E-01 9.199E-01 3.411E+00 1.432E+06 10.2166 1.00000
  4.467E+06 4.469E+06 2.506E+00 1.769E-02 7.090E-01 3.198E-01 1.046E+00 3.552E+00 1.572E+06 10.4465 1.00000
  5.012E+06 5.014E+06 2.520E+00 2.042E-02 8.072E-01 3.624E-01 1.190E+00 3.710E+00 1.722E+06 10.6764 1.00000
  5.623E+06 5.625E+06 2.534E+00 2.355E-02 9.183E-01 4.108E-01 1.353E+00 3.887E+00 1.883E+06 10.9064 1.00000
  6.310E+06 6.311E+06 2.548E+00 2.714E-02 1.044E+00 4.661E-01 1.537E+00 4.085E+00 2.055E+06 11.1365 1.00000
  7.079E+06 7.081E+06 2.562E+00 3.125E-02 1.186E+00 5.289E-01 1.746E+00 4.308E+00 2.239E+06 11.3666 1.00000
  7.943E+06 7.945E+06 2.576E+00 3.596E-02 1.346E+00 6.004E-01 1.982E+00 4.558E+00 2.434E+06 11.5967 1.00000
  8.913E+06 8.914E+06 2.589E+00 4.134E-02 1.527E+00 6.820E-01 2.250E+00 4.839E+00 2.640E+06 11.8268 1.00000
  1.000E+07 1.000E+07 2.603E+00 4.750E-02 1.730E+00 7.749E-01 2.553E+00 5.156E+00 2.858E+06 12.0570 1.00000
  1.122E+07 1.122E+07 2.616E+00 5.453E-02 1.960E+00 8.807E-01 2.896E+00 5.512E+00 3.087E+06 12.2872 1.00000
  1.259E+07 1.259E+07 2.630E+00 6.256E-02 2.220E+00 1.001E+00 3.284E+00 5.913E+00 3.326E+06 12.5173 1.00000
  1.413E+07 1.413E+07 2.643E+00 7.172E-02 2.512E+00 1.139E+00 3.722E+00 6.365E+00 3.577E+06 12.7475 1.00000
  1.585E+07 1.585E+07 2.656E+00 8.218E-02 2.841E+00 1.296E+00 4.219E+00 6.875E+00 3.837E+06 12.9778 1.00000
  1.778E+07 1.778E+07 2.669E+00 9.410E-02 3.211E+00 1.475E+00 4.780E+00 7.449E+00 4.107E+06 13.2080 1.00000
  1.995E+07 1.995E+07 2.682E+00 1.077E-01 3.628E+00 1.679E+00 5.415E+00 8.097E+00 4.387E+06 13.4382 1.00000
  2.239E+07 2.239E+07 2.694E+00 1.232E-01 4.098E+00 1.912E+00 6.133E+00 8.827E+00 4.675E+06 13.6684 1.00000
  2.512E+07 2.512E+07 2.707E+00 1.408E-01 4.626E+00 2.178E+00 6.945E+00 9.652E+00 4.970E+06 13.8987 1.00000
  2.818E+07 2.819E+07 2.720E+00 1.609E-01 5.220E+00 2.481E+00 7.862E+00 1.058E+01 5.274E+06 14.1289 1.00000
  3.162E+07 3.162E+07 2.732E+00 1.838E-01 5.888E+00 2.828E+00 8.900E+00 1.163E+01 5.583E+06 14.3591 1.00000
  3.548E+07 3.548E+07 2.745E+00 2.098E-01 6.640E+00 3.223E+00 1.007E+01 1.282E+01 5.899E+06 14.5894 1.00000
  3.981E+07 3.981E+07 2.757E+00 2.393E-01 7.485E+00 3.674E+00 1.140E+01 1.416E+01 6.221E+06 14.8196 1.00000
  4.467E+07 4.467E+07 2.770E+00 2.729E-01 8.434E+00 4.189E+00 1.290E+01 1.567E+01 6.547E+06 15.0499 1.00000
  5.012E+07 5.012E+07 2.783E+00 3.110E-01 9.502E+00 4.777E+00 1.459E+01 1.737E+01 6.877E+06 15.2801 1.00000
  5.623E+07 5.624E+07 2.795E+00 3.543E-01 1.070E+01 5.449E+00 1.650E+01 1.930E+01 7.211E+06 15.5104 1.00000
  6.310E+07 6.310E+07 2.808E+00 4.034E-01 1.205E+01 6.216E+00 1.867E+01 2.148E+01 7.548E+06 15.7406 1.00000
  7.079E+07 7.080E+07 2.820E+00 4.591E-01 1.356E+01 7.092E+00 2.111E+01 2.393E+01 7.887E+06 15.9709 1.00000
  7.943E+07 7.943E+07 2.833E+00 5.223E-01 1.526E+01 8.093E+00 2.388E+01 2.671E+01 8.229E+06 16.2011 1.00000
  8.913E+07 8.913E+07 2.845E+00 5.938E-01 1.717E+01 9.237E+00 2.700E+01 2.985E+01 8.572E+06 16.4314 1.00000
  1.000E+08 1.000E+08 2.858E+00 6.749E-01 1.932E+01 1.054E+01 3.054E+01 3.339E+01 8.916E+06 16.6616 1.00000
  1.122E+08 1.122E+08 2.870E+00 7.666E-01 2.173E+01 1.203E+01 3.453E+01 3.740E+01 9.261E+06 16.8919 1.00000
  1.259E+08 1.259E+08 2.883E+00 8.705E-01 2.443E+01 1.374E+01 3.904E+01 4.193E+01 9.607E+06 17.1221 1.00000
  1.413E+08 1.413E+08 2.896E+00 9.880E-01 2.747E+01 1.569E+01 4.415E+01 4.704E+01 9.953E+06 17.3524 1.00000
  1.585E+08 1.585E+08 2.908E+00 1.121E+00 3.088E+01 1.792E+01 4.991E+01 5.282E+01 1.030E+07 17.5826 1.00000
  1.778E+08 1.778E+08 2.921E+00 1.271E+00 3.471E+01 2.046E+01 5.644E+01 5.936E+01 1.064E+07 17.8129 1.00000
  1.995E+08 1.995E+08 2.934E+00 1.441E+00 3.900E+01 2.337E+01 6.381E+01 6.675E+01 1.099E+07 18.0432 1.00000
  2.239E+08 2.239E+08 2.947E+00 1.633E+00 4.383E+01 2.669E+01 7.215E+01 7.510E+01 1.133E+07 18.2734 1.00000
  2.512E+08 2.512E+08 2.960E+00 1.849E+00 4.924E+01 3.049E+01 8.159E+01 8.455E+01 1.167E+07 18.5037 1.00000
  2.818E+08 2.818E+08 2.973E+00 2.094E+00 5.532E+01 3.484E+01 9.225E+01 9.523E+01 1.202E+07 18.7339 1.00000
  3.162E+08 3.162E+08 2.986E+00 2.370E+00 6.215E+01 3.980E+01 1.043E+02 1.073E+02 1.236E+07 18.9642 1.00000
  3.548E+08 3.548E+08 2.999E+00 2.681E+00 6.980E+01 4.548E+01 1.180E+02 1.210E+02 1.269E+07 19.1944 1.00000
  3.981E+08 3.981E+08 3.012E+00 3.032E+00 7.840E+01 5.197E+01 1.334E+02 1.364E+02 1.303E+07 19.4247 1.00000
  4.467E+08 4.467E+08 3.025E+00 3.428E+00 8.804E+01 5.939E+01 1.509E+02 1.539E+02 1.337E+07 19.6550 1.00000
  5.012E+08 5.012E+08 3.038E+00 3.874E+00 9.887E+01 6.788E+01 1.706E+02 1.737E+02 1.370E+07 19.8852 1.00000
  5.623E+08 5.623E+08 3.052E+00 4.377E+00 1.110E+02 7.759E+01 1.930E+02 1.960E+02 1.403E+07 20.1155 1.00000
  6.310E+08 6.310E+08 3.065E+00 4.944E+00 1.246E+02 8.869E+01 2.183E+02 2.213E+02 1.436E+07 20.3457 1.00000
  7.079E+08 7.079E+08 3.078E+00 5.582E+00 1.399E+02 1.014E+02 2.469E+02 2.500E+02 1.469E+07 20.5760 1.00000
  7.943E+08 7.943E+08 3.092E+00 6.300E+00 1.571E+02 1.159E+02 2.793E+02 2.824E+02 1.501E+07 20.8062 1.00000
  8.913E+08 8.913E+08 3.105E+00 7.109E+00 1.764E+02 1.325E+02 3.160E+02 3.191E+02 1.533E+07 21.0365 1.00000
  1.000E+09 1.000E+09 3.119E+00 8.019E+00 1.980E+02 1.515E+02 3.575E+02 3.607E+02 1.565E+07 21.2668 1.00000
  1.122E+09 1.122E+09 3.133E+00 9.044E+00 2.223E+02 1.732E+02 4.046E+02 4.077E+02 1.597E+07 21.4970 1.00000
  1.259E+09 1.259E+09 3.147E+00 1.020E+01 2.495E+02 1.981E+02 4.578E+02 4.609E+02 1.629E+07 21.7273 1.00000
  1.413E+09 1.413E+09 3.161E+00 1.149E+01 2.800E+02 2.266E+02 5.181E+02 5.213E+02 1.660E+07 21.9575 1.00000
  1.585E+09 1.585E+09 3.175E+00 1.295E+01 3.143E+02 2.591E+02 5.864E+02 5.896E+02 1.691E+07 22.1878 1.00000
  1.778E+09 1.778E+09 3.189E+00 1.459E+01 3.528E+02 2.964E+02 6.637E+02 6.669E+02 1.722E+07 22.4180 1.00000
  1.995E+09 1.995E+09 3.203E+00 1.643E+01 3.959E+02 3.390E+02 7.513E+02 7.545E+02 1.753E+07 22.6483 1.00000
  2.239E+09 2.239E+09 3.217E+00 1.851E+01 4.444E+02 3.877E+02 8.506E+02 8.538E+02 1.783E+07 22.8786 1.00000
  2.512E+09 2.512E+09 3.231E+00 2.084E+01 4.987E+02 4.435E+02 9.631E+02 9.663E+02 1.813E+07 23.1088 1.00000
  2.818E+09 2.818E+09 3.245E+00 2.345E+01 5.597E+02 5.074E+02 1.091E+03 1.094E+03 1.843E+07 23.3391 1.00000
  3.162E+09 3.162E+09 3.260E+00 2.639E+01 6.281E+02 5.805E+02 1.235E+03 1.238E+03 1.872E+07 23.5693 1.00000
  3.548E+09 3.548E+09 3.274E+00 2.970E+01 7.049E+02 6.642E+02 1.399E+03 1.402E+03 1.902E+07 23.7996 1.00000
  3.981E+09 3.981E+09 3.289E+00 3.341E+01 7.910E+02 7.600E+02 1.584E+03 1.588E+03 1.931E+07 24.0299 1.00000
  4.467E+09 4.467E+09 3.304E+00 3.758E+01 8.877E+02 8.696E+02 1.795E+03 1.798E+03 1.959E+07 24.2601 1.00000
  5.012E+09 5.012E+09 3.318E+00 4.227E+01 9.961E+02 9.952E+02 2.034E+03 2.037E+03 1.988E+07 24.4904 1.00000
  5.623E+09 5.623E+09 3.333E+00 4.753E+01 1.118E+03 1.139E+03 2.304E+03 2.308E+03 2.016E+07 24.7206 1.00000
  6.310E+09 6.310E+09 3.348E+00 5.344E+01 1.254E+03 1.303E+03 2.611E+03 2.615E+03 2.044E+07 24.9509 1.00000
  7.079E+09 7.079E+09 3.363E+00 6.007E+01 1.408E+03 1.492E+03 2.959E+03 2.963E+03 2.072E+07 25.1811 1.00000
  7.943E+09 7.943E+09 3.378E+00 6.752E+01 1.579E+03 1.708E+03 3.354E+03 3.358E+03 2.099E+07 25.4114 1.00000
  8.913E+09 8.913E+09 3.393E+00 7.589E+01 1.772E+03 1.955E+03 3.803E+03 3.806E+03 2.126E+07 25.6417 1.00000
  1.000E+10 1.000E+10 3.409E+00 8.528E+01 1.989E+03 2.237E+03 4.311E+03 4.315E+03 2.153E+07 25.8719 1.00000
  1.122E+10 1.122E+10 3.424E+00 9.583E+01 2.232E+03 2.561E+03 4.889E+03 4.892E+03 2.179E+07 26.1022 1.00000
  1.259E+10 1.259E+10 3.439E+00 1.077E+02 2.504E+03 2.932E+03 5.544E+03 5.547E+03 2.206E+07 26.3324 1.00000
  1.413E+10 1.413E+10 3.455E+00 1.210E+02 2.810E+03 3.357E+03 6.288E+03 6.291E+03 2.232E+07 26.5627 1.00000
  1.585E+10 1.585E+10 3.471E+00 1.359E+02 3.153E+03 3.844E+03 7.133E+03 7.136E+03 2.257E+07 26.7928 1.00000
  1.778E+10 1.778E+10 3.486E+00 1.526E+02 3.538E+03 4.402E+03 8.092E+03 8.095E+03 2.283E+07 27.0231 1.00000
  1.995E+10 1.995E+10 3.502E+00 1.714E+02 3.969E+03 5.040E+03 9.181E+03 9.185E+03 2.308E+07 27.2534 1.00000
  2.239E+10 2.239E+10 3.518E+00 1.925E+02 4.454E+03 5.772E+03 1.042E+04 1.042E+04 2.333E+07 27.4832 1.00000
  2.512E+10 2.512E+10 3.534E+00 2.162E+02 4.997E+03 6.611E+03 1.182E+04 1.183E+04 2.357E+07 27.7135 1.00000
  2.818E+10 2.818E+10 3.550E+00 2.427E+02 5.607E+03 7.571E+03 1.342E+04 1.342E+04 2.382E+07 27.9438 1.00000
  3.162E+10 3.162E+10 3.566E+00 2.726E+02 6.292E+03 8.672E+03 1.524E+04 1.524E+04 2.406E+07 28.1725 1.00000
  3.548E+10 3.548E+10 3.582E+00 3.060E+02 7.060E+03 9.933E+03 1.730E+04 1.730E+04 2.430E+07 28.4027 1.00000
  3.981E+10 3.981E+10 3.599E+00 3.436E+02 7.921E+03 1.138E+04 1.964E+04 1.965E+04 2.453E+07 28.6330 1.00000
  4.467E+10 4.467E+10 3.615E+00 3.857E+02 8.888E+03 1.303E+04 2.231E+04 2.231E+04 2.476E+07 28.8632 1.00000
  5.012E+10 5.012E+10 3.632E+00 4.330E+02 9.973E+03 1.493E+04 2.534E+04 2.534E+04 2.499E+07 29.0870 1.00000
  5.623E+10 5.623E+10 3.649E+00 4.861E+02 1.119E+04 1.711E+04 2.878E+04 2.879E+04 2.522E+07 29.3173 1.00000
  6.310E+10 6.310E+10 3.665E+00 5.457E+02 1.256E+04 1.960E+04 3.270E+04 3.271E+04 2.544E+07 29.5475 1.00000
  7.079E+10 7.079E+10 3.684E+00 6.125E+02 1.409E+04 2.246E+04 3.716E+04 3.716E+04 2.566E+07 29.7486 1.00000
  7.943E+10 7.943E+10 3.701E+00 6.875E+02 1.581E+04 2.573E+04 4.223E+04 4.223E+04 2.588E+07 29.9789 1.00000
  8.913E+10 8.913E+10 3.718E+00 7.717E+02 1.774E+04 2.949E+04 4.800E+04 4.800E+04 2.609E+07 30.2092 1.00000
  1.000E+11 1.000E+11 3.735E+00 8.661E+02 1.990E+04 3.379E+04 5.456E+04 5.456E+04 2.631E+07 30.4394 1.00000
  1.122E+11 1.122E+11 3.752E+00 9.721E+02 2.233E+04 3.873E+04 6.203E+04 6.203E+04 2.652E+07 30.6697 1.00000
  1.259E+11 1.259E+11 3.780E+00 1.091E+03 2.505E+04 4.439E+04 7.053E+04 7.054E+04 2.672E+07 30.7445 1.00000
  1.413E+11 1.413E+11 3.798E+00 1.224E+03 2.811E+04 5.088E+04 8.021E+04 8.022E+04 2.693E+07 30.9747 1.00000
  1.585E+11 1.585E+11 3.815E+00 1.374E+03 3.154E+04 5.832E+04 9.123E+04 9.124E+04 2.713E+07 31.2050 1.00000
  1.778E+11 1.778E+11 3.833E+00 1.542E+03 3.539E+04 6.685E+04 1.038E+05 1.038E+05 2.733E+07 31.4352 1.00000
  1.995E+11 1.995E+11 3.850E+00 1.731E+03 3.971E+04 7.663E+04 1.181E+05 1.181E+05 2.752E+07 31.6655 1.00000
  2.239E+11 2.239E+11 3.868E+00 1.942E+03 4.455E+04 8.785E+04 1.343E+05 1.344E+05 2.772E+07 31.8958 1.00000
  2.512E+11 2.512E+11 3.886E+00 2.179E+03 4.999E+04 1.007E+05 1.529E+05 1.529E+05 2.791E+07 32.1260 1.00000
  2.818E+11 2.818E+11 3.904E+00 2.446E+03 5.609E+04 1.155E+05 1.740E+05 1.740E+05 2.809E+07 32.3563 1.00000
  3.162E+11 3.162E+11 3.922E+00 2.744E+03 6.293E+04 1.324E+05 1.981E+05 1.981E+05 2.828E+07 32.5865 1.00000
  3.548E+11 3.548E+11 3.940E+00 3.080E+03 7.061E+04 1.518E+05 2.255E+05 2.255E+05 2.846E+07 32.8168 1.00000
  3.981E+11 3.981E+11 3.958E+00 3.456E+03 7.923E+04 1.741E+05 2.568E+05 2.568E+05 2.864E+07 33.0470 1.00000
  4.467E+11 4.467E+11 3.977E+00 3.878E+03 8.889E+04 1.997E+05 2.924E+05 2.924E+05 2.882E+07 33.2773 1.00000
  5.012E+11 5.012E+11 3.995E+00 4.351E+03 9.974E+04 2.290E+05 3.331E+05 3.331E+05 2.899E+07 33.5076 1.00000
  5.623E+11 5.623E+11 4.014E+00 4.883E+03 1.119E+05 2.626E+05 3.794E+05 3.794E+05 2.917E+07 33.7378 1.00000
  6.310E+11 6.310E+11 4.032E+00 5.479E+03 1.256E+05 3.012E+05 4.323E+05 4.323E+05 2.934E+07 33.9681 1.00000
  7.079E+11 7.079E+11 4.051E+00 6.148E+03 1.409E+05 3.455E+05 4.926E+05 4.926E+05 2.950E+07 34.1983 1.00000
  7.943E+11 7.943E+11 4.070E+00 6.898E+03 1.581E+05 3.963E+05 5.613E+05 5.613E+05 2.967E+07 34.4286 1.00000
  8.913E+11 8.913E+11 4.089E+00 7.740E+03 1.774E+05 4.547E+05 6.398E+05 6.398E+05 2.983E+07 34.6589 1.00000
  1.000E+12 1.000E+12 4.108E+00 8.685E+03 1.990E+05 5.216E+05 7.293E+05 7.293E+05 2.999E+07 34.8891 1.00000
  1.122E+12 1.122E+12 4.127E+00 9.745E+03 2.233E+05 5.984E+05 8.314E+05 8.315E+05 3.014E+07 35.1194 1.00000
  1.259E+12 1.259E+12 4.147E+00 1.093E+04 2.505E+05 6.866E+05 9.480E+05 9.480E+05 3.030E+07 35.3496 1.00000
  1.413E+12 1.413E+12 4.166E+00 1.227E+04 2.811E+05 7.878E+05 1.081E+06 1.081E+06 3.045E+07 35.5799 1.00000
  1.585E+12 1.585E+12 4.186E+00 1.377E+04 3.154E+05 9.039E+05 1.233E+06 1.233E+06 3.060E+07 35.8101 1.00000
  1.778E+12 1.778E+12 4.205E+00 1.545E+04 3.539E+05 1.037E+06 1.407E+06 1.407E+06 3.075E+07 36.0404 1.00000
  1.995E+12 1.995E+12 4.225E+00 1.733E+04 3.971E+05 1.190E+06 1.605E+06 1.605E+06 3.089E+07 36.2707 1.00000
  2.239E+12 2.239E+12 4.245E+00 1.945E+04 4.455E+05 1.366E+06 1.831E+06 1.831E+06 3.103E+07 36.5009 1.00000
  2.512E+12 2.512E+12 4.265E+00 2.182E+04 4.999E+05 1.568E+06 2.089E+06 2.089E+06 3.117E+07 36.7312 1.00000
  2.818E+12 2.818E+12 4.285E+00 2.448E+04 5.609E+05 1.799E+06 2.385E+06 2.385E+06 3.131E+07 36.9614 1.00000
  3.162E+12 3.162E+12 4.305E+00 2.747E+04 6.293E+05 2.065E+06 2.722E+06 2.722E+06 3.144E+07 37.1917 1.00000
  3.548E+12 3.548E+12 4.325E+00 3.083E+04 7.061E+05 2.371E+06 3.108E+06 3.108E+06 3.158E+07 37.4220 1.00000
  3.981E+12 3.981E+12 4.346E+00 3.459E+04 7.923E+05 2.721E+06 3.548E+06 3.548E+06 3.171E+07 37.6522 1.00000
  4.467E+12 4.467E+12 4.366E+00 3.881E+04 8.889E+05 3.124E+06 4.052E+06 4.052E+06 3.183E+07 37.8825 1.00000
  5.012E+12 5.012E+12 4.387E+00 4.354E+04 9.974E+05 3.587E+06 4.628E+06 4.628E+06 3.196E+07 38.1127 1.00000
  5.623E+12 5.623E+12 4.408E+00 4.886E+04 1.119E+06 4.118E+06 5.286E+06 5.286E+06 3.208E+07 38.3430 1.00000
  6.310E+12 6.310E+12 4.428E+00 5.482E+04 1.256E+06 4.728E+06 6.038E+06 6.038E+06 3.221E+07 38.5733 1.00000
  7.079E+12 7.079E+12 4.449E+00 6.151E+04 1.409E+06 5.428E+06 6.899E+06 6.899E+06 3.232E+07 38.8035 1.00000
  7.943E+12 7.943E+12 4.470E+00 6.901E+04 1.581E+06 6.233E+06 7.883E+06 7.883E+06 3.244E+07 39.0338 1.00000
  8.913E+12 8.913E+12 4.492E+00 7.744E+04 1.774E+06 7.158E+06 9.009E+06 9.009E+06 3.256E+07 39.2640 1.00000
  1.000E+13 1.000E+13 4.513E+00 8.689E+04 1.990E+06 8.220E+06 1.030E+07 1.030E+07 3.267E+07 39.4943 1.00000
  1.122E+13 1.122E+13 4.534E+00 9.749E+04 2.233E+06 9.440E+06 1.177E+07 1.177E+07 3.278E+07 39.7245 1.00000
  1.259E+13 1.259E+13 4.556E+00 1.094E+05 2.505E+06 1.084E+07 1.346E+07 1.346E+07 3.289E+07 39.9548 1.00000
  1.413E+13 1.413E+13 4.578E+00 1.227E+05 2.811E+06 1.245E+07 1.539E+07 1.539E+07 3.300E+07 40.1851 1.00000
  1.585E+13 1.585E+13 4.599E+00 1.377E+05 3.154E+06 1.430E+07 1.759E+07 1.759E+07 3.310E+07 40.4153 1.00000
  1.778E+13 1.778E+13 4.621E+00 1.545E+05 3.539E+06 1.643E+07 2.012E+07 2.012E+07 3.320E+07 40.6456 1.00000
  1.995E+13 1.995E+13 4.643E+00 1.734E+05 3.970E+06 1.887E+07 2.302E+07 2.302E+07 3.330E+07 40.8758 1.00000
  2.239E+13 2.239E+13 4.665E+00 1.945E+05 4.455E+06 2.168E+07 2.633E+07 2.633E+07 3.340E+07 41.1061 1.00000
  2.512E+13 2.512E+13 4.688E+00 2.183E+05 4.999E+06 2.491E+07 3.012E+07 3.012E+07 3.350E+07 41.3364 1.00000
  2.818E+13 2.818E+13 4.710E+00 2.449E+05 5.608E+06 2.861E+07 3.447E+07 3.447E+07 3.359E+07 41.5666 1.00000
  3.162E+13 3.162E+13 4.732E+00 2.748E+05 6.293E+06 3.287E+07 3.944E+07 3.944E+07 3.369E+07 41.7969 1.00000
  3.548E+13 3.548E+13 4.755E+00 3.083E+05 7.061E+06 3.777E+07 4.514E+07 4.514E+07 3.378E+07 42.0271 1.00000
  3.981E+13 3.981E+13 4.778E+00 3.459E+05 7.922E+06 4.340E+07 5.167E+07 5.167E+07 3.387E+07 42.2574 1.00000
  4.467E+13 4.467E+13 4.801E+00 3.881E+05 8.889E+06 4.987E+07 5.915E+07 5.915E+07 3.396E+07 42.4876 1.00000
  5.012E+13 5.012E+13 4.824E+00 4.355E+05 9.973E+06 5.731E+07 6.772E+07 6.772E+07 3.404E+07 42.7179 1.00000
  5.623E+13 5.623E+13 4.847E+00 4.886E+05 1.119E+07 6.586E+07 7.754E+07 7.754E+07 3.413E+07 42.9482 1.00000
  6.310E+13 6.310E+13 4.870E+00 5.482E+05 1.256E+07 7.569E+07 8.880E+07 8.880E+07 3.421E+07 43.1784 1.00000
  7.079E+13 7.079E+13 4.893E+00 6.151E+05 1.409E+07 8.699E+07 1.017E+08 1.017E+08 3.429E+07 43.4087 1.00000
  7.943E+13 7.943E+13 4.917E+00 6.902E+05 1.581E+07 9.999E+07 1.165E+08 1.165E+08 3.437E+07 43.6389 1.00000
  8.913E+13 8.913E+13 4.940E+00 7.744E+05 1.773E+07 1.149E+08 1.334E+08 1.334E+08 3.445E+07 43.8692 1.00000
  1.000E+14 1.000E+14 4.964E+00 8.689E+05 1.990E+07 1.321E+08 1.529E+08 1.529E+08 3.452E+07 44.0995 1.00000
  1.122E+14 1.122E+14 4.988E+00 9.749E+05 2.233E+07 1.519E+08 1.752E+08 1.752E+08 3.460E+07 44.3297 1.00000
  1.259E+14 1.259E+14 5.012E+00 1.094E+06 2.505E+07 1.746E+08 2.007E+08 2.007E+08 3.467E+07 44.5600 1.00000
  1.413E+14 1.413E+14 5.036E+00 1.227E+06 2.811E+07 2.007E+08 2.300E+08 2.300E+08 3.474E+07 44.7902 1.00000
  1.585E+14 1.585E+14 5.060E+00 1.377E+06 3.154E+07 2.307E+08 2.636E+08 2.636E+08 3.481E+07 45.0205 1.00000
  1.778E+14 1.778E+14 5.085E+00 1.545E+06 3.538E+07 2.653E+08 3.022E+08 3.022E+08 3.488E+07 45.2507 1.00000
  1.995E+14 1.995E+14 5.109E+00 1.734E+06 3.970E+07 3.050E+08 3.464E+08 3.464E+08 3.495E+07 45.4810 1.00000
  2.239E+14 2.239E+14 5.134E+00 1.945E+06 4.455E+07 3.507E+08 3.972E+08 3.972E+08 3.501E+07 45.7113 1.00000
  2.512E+14 2.512E+14 5.158E+00 2.183E+06 4.998E+07 4.033E+08 4.554E+08 4.554E+08 3.508E+07 45.9415 1.00000
  2.818E+14 2.818E+14 5.183E+00 2.449E+06 5.608E+07 4.637E+08 5.223E+08 5.223E+08 3.514E+07 46.1718 1.00000
  3.162E+14 3.162E+14 5.208E+00 2.748E+06 6.292E+07 5.333E+08 5.989E+08 5.989E+08 3.520E+07 46.4020 1.00000
  3.548E+14 3.548E+14 5.233E+00 3.083E+06 7.060E+07 6.133E+08 6.870E+08 6.870E+08 3.526E+07 46.6323 1.00000
  3.981E+14 3.981E+14 5.259E+00 3.459E+06 7.921E+07 7.053E+08 7.880E+08 7.880E+08 3.532E+07 46.8626 1.00000
  4.467E+14 4.467E+14 5.284E+00 3.881E+06 8.888E+07 8.112E+08 9.040E+08 9.040E+08 3.538E+07 47.0928 1.00000
  5.012E+14 5.012E+14 5.310E+00 4.355E+06 9.972E+07 9.330E+08 1.037E+09 1.037E+09 3.543E+07 47.3231 1.00000
  5.623E+14 5.623E+14 5.335E+00 4.886E+06 1.119E+08 1.073E+09 1.190E+09 1.190E+09 3.549E+07 47.5533 1.00000
  6.310E+14 6.310E+14 5.361E+00 5.482E+06 1.255E+08 1.234E+09 1.365E+09 1.365E+09 3.554E+07 47.7836 1.00000
  7.079E+14 7.079E+14 5.387E+00 6.151E+06 1.409E+08 1.420E+09 1.567E+09 1.567E+09 3.560E+07 48.0139 1.00000
  7.943E+14 7.943E+14 5.413E+00 6.902E+06 1.580E+08 1.634E+09 1.799E+09 1.799E+09 3.565E+07 48.2441 1.00000
  8.913E+14 8.913E+14 5.439E+00 7.744E+06 1.773E+08 1.879E+09 2.064E+09 2.064E+09 3.570E+07 48.4744 1.00000
  1.000E+15 1.000E+15 5.466E+00 8.689E+06 1.990E+08 2.162E+09 2.370E+09 2.370E+09 3.575E+07 48.7046 1.00000
