 Incident particle is a Tau with M = 1776.82000 MeV
 Index = 0: LithiumTetraborate
      Absorber with <Z/A> = 0.48488
 Density effect computed following Fano (1963)
 Models for Radloss: brems =  SSR, pair =  SSR, photonuc = DRSS

 *** Table generated with PUMAS v1.1 ***

      T         p     Ionization  brems     pair     photonuc  Radloss    dE/dx   CSDA Range  delta   beta
    [MeV]    [MeV/c]  -----------------------[MeV cm^2/g]------------------------  [g/cm^2]
  1.000E+05 1.018E+05 2.082E+00 3.772E-05 2.051E-03 6.692E-03 8.781E-03 2.090E+00 2.392E+04  4.9488 0.99985
  1.122E+05 1.140E+05 2.100E+00 4.565E-05 2.477E-03 7.585E-03 1.011E-02 2.110E+00 2.973E+04  5.1639 0.99988
  1.259E+05 1.277E+05 2.118E+00 5.514E-05 2.978E-03 8.578E-03 1.161E-02 2.129E+00 3.619E+04  5.3813 0.99990
  1.413E+05 1.430E+05 2.136E+00 6.651E-05 3.570E-03 9.674E-03 1.331E-02 2.149E+00 4.337E+04  5.6007 0.99992
  1.585E+05 1.603E+05 2.154E+00 8.006E-05 4.265E-03 1.092E-02 1.526E-02 2.169E+00 5.135E+04  5.8218 0.99994
  1.778E+05 1.796E+05 2.172E+00 9.619E-05 5.081E-03 1.230E-02 1.747E-02 2.189E+00 6.022E+04  6.0443 0.99995
  1.995E+05 2.013E+05 2.190E+00 1.154E-04 6.037E-03 1.386E-02 2.001E-02 2.210E+00 7.009E+04  6.2682 0.99996
  2.239E+05 2.256E+05 2.208E+00 1.381E-04 7.154E-03 1.559E-02 2.288E-02 2.231E+00 8.105E+04  6.4930 0.99997
  2.512E+05 2.530E+05 2.226E+00 1.650E-04 8.457E-03 1.753E-02 2.615E-02 2.252E+00 9.324E+04  6.7188 0.99998
  2.818E+05 2.836E+05 2.243E+00 1.968E-04 9.976E-03 1.971E-02 2.989E-02 2.273E+00 1.068E+05  6.9452 0.99998
  3.162E+05 3.180E+05 2.261E+00 2.343E-04 1.174E-02 2.218E-02 3.415E-02 2.295E+00 1.218E+05  7.1723 0.99998
  3.548E+05 3.566E+05 2.279E+00 2.784E-04 1.380E-02 2.493E-02 3.901E-02 2.318E+00 1.386E+05  7.3999 0.99999
  3.981E+05 3.999E+05 2.297E+00 3.303E-04 1.618E-02 2.802E-02 4.452E-02 2.341E+00 1.572E+05  7.6279 0.99999
  4.467E+05 4.485E+05 2.314E+00 3.911E-04 1.893E-02 3.150E-02 5.082E-02 2.365E+00 1.778E+05  7.8563 0.99999
  5.012E+05 5.030E+05 2.332E+00 4.623E-04 2.212E-02 3.538E-02 5.796E-02 2.390E+00 2.007E+05  8.0850 0.99999
  5.623E+05 5.641E+05 2.349E+00 5.457E-04 2.580E-02 3.978E-02 6.613E-02 2.416E+00 2.262E+05  8.3139 1.00000
  6.310E+05 6.327E+05 2.367E+00 6.430E-04 3.005E-02 4.475E-02 7.544E-02 2.442E+00 2.544E+05  8.5430 1.00000
  7.079E+05 7.097E+05 2.384E+00 7.565E-04 3.494E-02 5.036E-02 8.605E-02 2.470E+00 2.858E+05  8.7722 1.00000
  7.943E+05 7.961E+05 2.402E+00 8.887E-04 4.056E-02 5.667E-02 9.813E-02 2.500E+00 3.205E+05  9.0017 1.00000
  8.913E+05 8.930E+05 2.419E+00 1.042E-03 4.703E-02 6.379E-02 1.119E-01 2.531E+00 3.590E+05  9.2312 1.00000
  1.000E+06 1.002E+06 2.436E+00 1.221E-03 5.446E-02 7.186E-02 1.275E-01 2.564E+00 4.017E+05  9.4608 1.00000
  1.122E+06 1.124E+06 2.453E+00 1.428E-03 6.297E-02 8.095E-02 1.453E-01 2.599E+00 4.490E+05  9.6906 1.00000
  1.259E+06 1.261E+06 2.470E+00 1.669E-03 7.272E-02 9.128E-02 1.657E-01 2.636E+00 5.013E+05  9.9204 1.00000
  1.413E+06 1.414E+06 2.487E+00 1.948E-03 8.387E-02 1.029E-01 1.888E-01 2.676E+00 5.591E+05 10.1502 1.00000
  1.585E+06 1.587E+06 2.504E+00 2.270E-03 9.662E-02 1.162E-01 2.151E-01 2.719E+00 6.230E+05 10.3801 1.00000
  1.778E+06 1.780E+06 2.521E+00 2.642E-03 1.112E-01 1.312E-01 2.450E-01 2.766E+00 6.935E+05 10.6101 1.00000
  1.995E+06 1.997E+06 2.537E+00 3.071E-03 1.278E-01 1.482E-01 2.790E-01 2.816E+00 7.713E+05 10.8401 1.00000
  2.239E+06 2.240E+06 2.554E+00 3.567E-03 1.467E-01 1.675E-01 3.178E-01 2.872E+00 8.569E+05 11.0701 1.00000
  2.512E+06 2.514E+06 2.570E+00 4.140E-03 1.683E-01 1.894E-01 3.618E-01 2.932E+00 9.510E+05 11.3002 1.00000
  2.818E+06 2.820E+06 2.586E+00 4.800E-03 1.928E-01 2.144E-01 4.120E-01 2.998E+00 1.054E+06 11.5302 1.00000
  3.162E+06 3.164E+06 2.602E+00 5.558E-03 2.207E-01 2.426E-01 4.689E-01 3.071E+00 1.168E+06 11.7603 1.00000
  3.548E+06 3.550E+06 2.618E+00 6.430E-03 2.523E-01 2.748E-01 5.336E-01 3.152E+00 1.292E+06 11.9905 1.00000
  3.981E+06 3.983E+06 2.634E+00 7.431E-03 2.883E-01 3.114E-01 6.071E-01 3.241E+00 1.427E+06 12.2206 1.00000
  4.467E+06 4.469E+06 2.649E+00 8.580E-03 3.290E-01 3.530E-01 6.906E-01 3.340E+00 1.575E+06 12.4507 1.00000
  5.012E+06 5.014E+06 2.665E+00 9.904E-03 3.752E-01 4.003E-01 7.854E-01 3.450E+00 1.735E+06 12.6809 1.00000
  5.623E+06 5.625E+06 2.680E+00 1.142E-02 4.275E-01 4.542E-01 8.932E-01 3.573E+00 1.910E+06 12.9111 1.00000
  6.310E+06 6.311E+06 2.695E+00 1.316E-02 4.867E-01 5.156E-01 1.016E+00 3.711E+00 2.098E+06 13.1413 1.00000
  7.079E+06 7.081E+06 2.710E+00 1.516E-02 5.537E-01 5.855E-01 1.154E+00 3.865E+00 2.301E+06 13.3715 1.00000
  7.943E+06 7.945E+06 2.725E+00 1.744E-02 6.295E-01 6.652E-01 1.312E+00 4.037E+00 2.520E+06 13.6017 1.00000
  8.913E+06 8.914E+06 2.740E+00 2.006E-02 7.151E-01 7.559E-01 1.491E+00 4.231E+00 2.754E+06 13.8319 1.00000
  1.000E+07 1.000E+07 2.754E+00 2.305E-02 8.118E-01 8.594E-01 1.694E+00 4.448E+00 3.005E+06 14.0621 1.00000
  1.122E+07 1.122E+07 2.768E+00 2.647E-02 9.209E-01 9.772E-01 1.925E+00 4.693E+00 3.272E+06 14.2923 1.00000
  1.259E+07 1.259E+07 2.783E+00 3.037E-02 1.044E+00 1.112E+00 2.186E+00 4.969E+00 3.556E+06 14.5225 1.00000
  1.413E+07 1.413E+07 2.797E+00 3.483E-02 1.183E+00 1.265E+00 2.483E+00 5.280E+00 3.855E+06 14.7528 1.00000
  1.585E+07 1.585E+07 2.811E+00 3.992E-02 1.340E+00 1.440E+00 2.819E+00 5.630E+00 4.172E+06 14.9830 1.00000
  1.778E+07 1.778E+07 2.825E+00 4.573E-02 1.516E+00 1.639E+00 3.201E+00 6.026E+00 4.503E+06 15.2132 1.00000
  1.995E+07 1.995E+07 2.839E+00 5.235E-02 1.715E+00 1.867E+00 3.634E+00 6.473E+00 4.851E+06 15.4435 1.00000
  2.239E+07 2.239E+07 2.852E+00 5.990E-02 1.939E+00 2.126E+00 4.125E+00 6.978E+00 5.213E+06 15.6737 1.00000
  2.512E+07 2.512E+07 2.866E+00 6.851E-02 2.192E+00 2.422E+00 4.683E+00 7.549E+00 5.589E+06 15.9039 1.00000
  2.818E+07 2.819E+07 2.880E+00 7.833E-02 2.476E+00 2.760E+00 5.315E+00 8.194E+00 5.979E+06 16.1342 1.00000
  3.162E+07 3.162E+07 2.893E+00 8.950E-02 2.796E+00 3.146E+00 6.031E+00 8.925E+00 6.381E+06 16.3644 1.00000
  3.548E+07 3.548E+07 2.907E+00 1.022E-01 3.155E+00 3.587E+00 6.844E+00 9.751E+00 6.795E+06 16.5947 1.00000
  3.981E+07 3.981E+07 2.920E+00 1.167E-01 3.560E+00 4.090E+00 7.766E+00 1.069E+01 7.219E+06 16.8249 1.00000
  4.467E+07 4.467E+07 2.934E+00 1.331E-01 4.015E+00 4.664E+00 8.812E+00 1.175E+01 7.652E+06 17.0552 1.00000
  5.012E+07 5.012E+07 2.947E+00 1.518E-01 4.527E+00 5.319E+00 9.998E+00 1.295E+01 8.094E+06 17.2854 1.00000
  5.623E+07 5.624E+07 2.961E+00 1.731E-01 5.102E+00 6.068E+00 1.134E+01 1.430E+01 8.543E+06 17.5157 1.00000
  6.310E+07 6.310E+07 2.974E+00 1.972E-01 5.749E+00 6.923E+00 1.287E+01 1.584E+01 8.999E+06 17.7459 1.00000
  7.079E+07 7.080E+07 2.988E+00 2.246E-01 6.476E+00 7.900E+00 1.460E+01 1.759E+01 9.460E+06 17.9762 1.00000
  7.943E+07 7.943E+07 3.001E+00 2.557E-01 7.292E+00 9.015E+00 1.656E+01 1.956E+01 9.925E+06 18.2064 1.00000
  8.913E+07 8.913E+07 3.015E+00 2.909E-01 8.210E+00 1.029E+01 1.879E+01 2.181E+01 1.039E+07 18.4367 1.00000
  1.000E+08 1.000E+08 3.028E+00 3.309E-01 9.240E+00 1.175E+01 2.132E+01 2.435E+01 1.087E+07 18.6669 1.00000
  1.122E+08 1.122E+08 3.042E+00 3.762E-01 1.040E+01 1.341E+01 2.418E+01 2.723E+01 1.134E+07 18.8972 1.00000
  1.259E+08 1.259E+08 3.055E+00 4.275E-01 1.170E+01 1.531E+01 2.744E+01 3.049E+01 1.181E+07 19.1274 1.00000
  1.413E+08 1.413E+08 3.069E+00 4.856E-01 1.316E+01 1.748E+01 3.113E+01 3.420E+01 1.229E+07 19.3577 1.00000
  1.585E+08 1.585E+08 3.083E+00 5.514E-01 1.480E+01 1.996E+01 3.531E+01 3.840E+01 1.277E+07 19.5880 1.00000
  1.778E+08 1.778E+08 3.096E+00 6.259E-01 1.664E+01 2.280E+01 4.007E+01 4.316E+01 1.324E+07 19.8182 1.00000
  1.995E+08 1.995E+08 3.110E+00 7.102E-01 1.871E+01 2.604E+01 4.546E+01 4.857E+01 1.371E+07 20.0485 1.00000
  2.239E+08 2.239E+08 3.124E+00 8.055E-01 2.103E+01 2.975E+01 5.158E+01 5.471E+01 1.419E+07 20.2787 1.00000
  2.512E+08 2.512E+08 3.138E+00 9.132E-01 2.363E+01 3.399E+01 5.853E+01 6.167E+01 1.466E+07 20.5090 1.00000
  2.818E+08 2.818E+08 3.152E+00 1.035E+00 2.656E+01 3.883E+01 6.642E+01 6.957E+01 1.512E+07 20.7392 1.00000
  3.162E+08 3.162E+08 3.166E+00 1.172E+00 2.984E+01 4.436E+01 7.538E+01 7.854E+01 1.559E+07 20.9695 1.00000
  3.548E+08 3.548E+08 3.180E+00 1.328E+00 3.353E+01 5.069E+01 8.555E+01 8.873E+01 1.605E+07 21.1998 1.00000
  3.981E+08 3.981E+08 3.194E+00 1.503E+00 3.766E+01 5.793E+01 9.710E+01 1.003E+02 1.651E+07 21.4300 1.00000
  4.467E+08 4.467E+08 3.208E+00 1.701E+00 4.231E+01 6.621E+01 1.102E+02 1.134E+02 1.697E+07 21.6603 1.00000
  5.012E+08 5.012E+08 3.222E+00 1.925E+00 4.752E+01 7.567E+01 1.251E+02 1.283E+02 1.742E+07 21.8905 1.00000
  5.623E+08 5.623E+08 3.237E+00 2.177E+00 5.337E+01 8.649E+01 1.420E+02 1.453E+02 1.786E+07 22.1208 1.00000
  6.310E+08 6.310E+08 3.251E+00 2.461E+00 5.993E+01 9.886E+01 1.613E+02 1.645E+02 1.831E+07 22.3510 1.00000
  7.079E+08 7.079E+08 3.266E+00 2.781E+00 6.730E+01 1.130E+02 1.831E+02 1.864E+02 1.875E+07 22.5813 1.00000
  7.943E+08 7.943E+08 3.280E+00 3.143E+00 7.556E+01 1.292E+02 2.079E+02 2.112E+02 1.918E+07 22.8116 1.00000
  8.913E+08 8.913E+08 3.295E+00 3.550E+00 8.484E+01 1.477E+02 2.361E+02 2.394E+02 1.961E+07 23.0418 1.00000
  1.000E+09 1.000E+09 3.310E+00 4.008E+00 9.525E+01 1.689E+02 2.682E+02 2.715E+02 2.004E+07 23.2721 1.00000
  1.122E+09 1.122E+09 3.324E+00 4.525E+00 1.069E+02 1.931E+02 3.046E+02 3.079E+02 2.046E+07 23.5023 1.00000
  1.259E+09 1.259E+09 3.339E+00 5.106E+00 1.200E+02 2.209E+02 3.460E+02 3.493E+02 2.088E+07 23.7326 1.00000
  1.413E+09 1.413E+09 3.354E+00 5.761E+00 1.348E+02 2.526E+02 3.931E+02 3.964E+02 2.129E+07 23.9628 1.00000
  1.585E+09 1.585E+09 3.369E+00 6.498E+00 1.513E+02 2.889E+02 4.466E+02 4.500E+02 2.170E+07 24.1931 1.00000
  1.778E+09 1.778E+09 3.384E+00 7.328E+00 1.698E+02 3.304E+02 5.075E+02 5.109E+02 2.210E+07 24.4234 1.00000
  1.995E+09 1.995E+09 3.399E+00 8.261E+00 1.906E+02 3.779E+02 5.767E+02 5.801E+02 2.250E+07 24.6536 1.00000
  2.239E+09 2.239E+09 3.415E+00 9.311E+00 2.139E+02 4.323E+02 6.555E+02 6.589E+02 2.289E+07 24.8839 1.00000
  2.512E+09 2.512E+09 3.430E+00 1.049E+01 2.401E+02 4.945E+02 7.450E+02 7.485E+02 2.328E+07 25.1141 1.00000
  2.818E+09 2.818E+09 3.445E+00 1.182E+01 2.694E+02 5.657E+02 8.469E+02 8.504E+02 2.367E+07 25.3444 1.00000
  3.162E+09 3.162E+09 3.461E+00 1.331E+01 3.024E+02 6.472E+02 9.629E+02 9.663E+02 2.405E+07 25.5747 1.00000
  3.548E+09 3.548E+09 3.477E+00 1.499E+01 3.393E+02 7.405E+02 1.095E+03 1.098E+03 2.442E+07 25.8049 1.00000
  3.981E+09 3.981E+09 3.492E+00 1.688E+01 3.808E+02 8.473E+02 1.245E+03 1.248E+03 2.479E+07 26.0352 1.00000
  4.467E+09 4.467E+09 3.508E+00 1.900E+01 4.274E+02 9.695E+02 1.416E+03 1.419E+03 2.515E+07 26.2654 1.00000
  5.012E+09 5.012E+09 3.524E+00 2.138E+01 4.796E+02 1.109E+03 1.610E+03 1.614E+03 2.551E+07 26.4957 1.00000
  5.623E+09 5.623E+09 3.540E+00 2.406E+01 5.382E+02 1.270E+03 1.832E+03 1.835E+03 2.587E+07 26.7259 1.00000
  6.310E+09 6.310E+09 3.556E+00 2.707E+01 6.040E+02 1.453E+03 2.084E+03 2.088E+03 2.622E+07 26.9562 1.00000
  7.079E+09 7.079E+09 3.572E+00 3.045E+01 6.778E+02 1.663E+03 2.371E+03 2.375E+03 2.657E+07 27.1865 1.00000
  7.943E+09 7.943E+09 3.588E+00 3.425E+01 7.606E+02 1.904E+03 2.698E+03 2.702E+03 2.691E+07 27.4167 1.00000
  8.913E+09 8.913E+09 3.605E+00 3.852E+01 8.534E+02 2.179E+03 3.071E+03 3.075E+03 2.724E+07 27.6470 1.00000
  1.000E+10 1.000E+10 3.621E+00 4.331E+01 9.577E+02 2.494E+03 3.495E+03 3.499E+03 2.757E+07 27.8772 1.00000
  1.122E+10 1.122E+10 3.638E+00 4.869E+01 1.075E+03 2.856E+03 3.979E+03 3.983E+03 2.790E+07 28.1075 1.00000
  1.259E+10 1.259E+10 3.654E+00 5.473E+01 1.206E+03 3.269E+03 4.530E+03 4.533E+03 2.822E+07 28.3377 1.00000
  1.413E+10 1.413E+10 3.671E+00 6.152E+01 1.353E+03 3.743E+03 5.158E+03 5.161E+03 2.854E+07 28.5680 1.00000
  1.585E+10 1.585E+10 3.688E+00 6.914E+01 1.518E+03 4.286E+03 5.873E+03 5.877E+03 2.885E+07 28.7981 1.00000
  1.778E+10 1.778E+10 3.705E+00 7.769E+01 1.704E+03 4.907E+03 6.689E+03 6.692E+03 2.916E+07 29.0284 1.00000
  1.995E+10 1.995E+10 3.722E+00 8.729E+01 1.912E+03 5.619E+03 7.618E+03 7.622E+03 2.946E+07 29.2587 1.00000
  2.239E+10 2.239E+10 3.739E+00 9.807E+01 2.145E+03 6.435E+03 8.678E+03 8.682E+03 2.976E+07 29.4885 1.00000
  2.512E+10 2.512E+10 3.756E+00 1.102E+02 2.407E+03 7.370E+03 9.887E+03 9.891E+03 3.006E+07 29.7188 1.00000
  2.818E+10 2.818E+10 3.773E+00 1.238E+02 2.701E+03 8.441E+03 1.127E+04 1.127E+04 3.035E+07 29.9491 1.00000
  3.162E+10 3.162E+10 3.791E+00 1.390E+02 3.030E+03 9.668E+03 1.284E+04 1.284E+04 3.063E+07 30.1778 1.00000
  3.548E+10 3.548E+10 3.808E+00 1.561E+02 3.400E+03 1.107E+04 1.463E+04 1.463E+04 3.092E+07 30.4080 1.00000
  3.981E+10 3.981E+10 3.826E+00 1.753E+02 3.815E+03 1.268E+04 1.668E+04 1.668E+04 3.119E+07 30.6383 1.00000
  4.467E+10 4.467E+10 3.843E+00 1.969E+02 4.281E+03 1.453E+04 1.901E+04 1.901E+04 3.147E+07 30.8686 1.00000
  5.012E+10 5.012E+10 3.861E+00 2.211E+02 4.803E+03 1.665E+04 2.167E+04 2.168E+04 3.173E+07 31.0923 1.00000
  5.623E+10 5.623E+10 3.879E+00 2.483E+02 5.389E+03 1.907E+04 2.471E+04 2.471E+04 3.200E+07 31.3226 1.00000
  6.310E+10 6.310E+10 3.897E+00 2.787E+02 6.047E+03 2.185E+04 2.818E+04 2.818E+04 3.226E+07 31.5528 1.00000
  7.079E+10 7.079E+10 3.918E+00 3.130E+02 6.785E+03 2.504E+04 3.214E+04 3.214E+04 3.251E+07 31.7539 1.00000
  7.943E+10 7.943E+10 3.936E+00 3.513E+02 7.613E+03 2.869E+04 3.665E+04 3.666E+04 3.276E+07 31.9842 1.00000
  8.913E+10 8.913E+10 3.954E+00 3.944E+02 8.542E+03 3.288E+04 4.181E+04 4.182E+04 3.301E+07 32.2145 1.00000
  1.000E+11 1.000E+11 3.972E+00 4.428E+02 9.585E+03 3.768E+04 4.770E+04 4.771E+04 3.326E+07 32.4447 1.00000
  1.122E+11 1.122E+11 3.991E+00 4.970E+02 1.075E+04 4.318E+04 5.443E+04 5.443E+04 3.349E+07 32.6750 1.00000
  1.259E+11 1.259E+11 4.021E+00 5.579E+02 1.207E+04 4.949E+04 6.211E+04 6.212E+04 3.373E+07 32.7498 1.00000
  1.413E+11 1.413E+11 4.040E+00 6.262E+02 1.354E+04 5.672E+04 7.089E+04 7.089E+04 3.396E+07 32.9800 1.00000
  1.585E+11 1.585E+11 4.058E+00 7.029E+02 1.519E+04 6.502E+04 8.091E+04 8.091E+04 3.419E+07 33.2103 1.00000
  1.778E+11 1.778E+11 4.077E+00 7.889E+02 1.704E+04 7.453E+04 9.236E+04 9.237E+04 3.441E+07 33.4406 1.00000
  1.995E+11 1.995E+11 4.096E+00 8.854E+02 1.912E+04 8.544E+04 1.054E+05 1.054E+05 3.463E+07 33.6708 1.00000
  2.239E+11 2.239E+11 4.115E+00 9.937E+02 2.146E+04 9.795E+04 1.204E+05 1.204E+05 3.485E+07 33.9011 1.00000
  2.512E+11 2.512E+11 4.135E+00 1.115E+03 2.408E+04 1.123E+05 1.375E+05 1.375E+05 3.506E+07 34.1313 1.00000
  2.818E+11 2.818E+11 4.154E+00 1.252E+03 2.701E+04 1.287E+05 1.570E+05 1.570E+05 3.527E+07 34.3616 1.00000
  3.162E+11 3.162E+11 4.173E+00 1.405E+03 3.031E+04 1.476E+05 1.793E+05 1.793E+05 3.547E+07 34.5918 1.00000
  3.548E+11 3.548E+11 4.193E+00 1.576E+03 3.401E+04 1.693E+05 2.049E+05 2.049E+05 3.568E+07 34.8221 1.00000
  3.981E+11 3.981E+11 4.213E+00 1.769E+03 3.816E+04 1.941E+05 2.340E+05 2.340E+05 3.587E+07 35.0524 1.00000
  4.467E+11 4.467E+11 4.232E+00 1.985E+03 4.282E+04 2.226E+05 2.674E+05 2.674E+05 3.607E+07 35.2826 1.00000
  5.012E+11 5.012E+11 4.252E+00 2.228E+03 4.804E+04 2.553E+05 3.056E+05 3.056E+05 3.626E+07 35.5129 1.00000
  5.623E+11 5.623E+11 4.272E+00 2.500E+03 5.390E+04 2.928E+05 3.492E+05 3.492E+05 3.644E+07 35.7431 1.00000
  6.310E+11 6.310E+11 4.292E+00 2.805E+03 6.048E+04 3.358E+05 3.991E+05 3.991E+05 3.663E+07 35.9734 1.00000
  7.079E+11 7.079E+11 4.313E+00 3.148E+03 6.786E+04 3.852E+05 4.562E+05 4.562E+05 3.681E+07 36.2037 1.00000
  7.943E+11 7.943E+11 4.333E+00 3.532E+03 7.614E+04 4.419E+05 5.215E+05 5.215E+05 3.699E+07 36.4339 1.00000
  8.913E+11 8.913E+11 4.353E+00 3.964E+03 8.543E+04 5.069E+05 5.963E+05 5.963E+05 3.716E+07 36.6642 1.00000
  1.000E+12 1.000E+12 4.374E+00 4.448E+03 9.585E+04 5.815E+05 6.818E+05 6.818E+05 3.733E+07 36.8944 1.00000
  1.122E+12 1.122E+12 4.394E+00 4.991E+03 1.075E+05 6.671E+05 7.797E+05 7.797E+05 3.750E+07 37.1247 1.00000
  1.259E+12 1.259E+12 4.415E+00 5.600E+03 1.207E+05 7.654E+05 8.917E+05 8.917E+05 3.766E+07 37.3549 1.00000
  1.413E+12 1.413E+12 4.436E+00 6.284E+03 1.354E+05 8.782E+05 1.020E+06 1.020E+06 3.782E+07 37.5852 1.00000
  1.585E+12 1.585E+12 4.457E+00 7.051E+03 1.519E+05 1.008E+06 1.167E+06 1.167E+06 3.798E+07 37.8155 1.00000
  1.778E+12 1.778E+12 4.478E+00 7.912E+03 1.705E+05 1.156E+06 1.335E+06 1.335E+06 3.813E+07 38.0457 1.00000
  1.995E+12 1.995E+12 4.499E+00 8.877E+03 1.912E+05 1.327E+06 1.527E+06 1.527E+06 3.829E+07 38.2760 1.00000
  2.239E+12 2.239E+12 4.521E+00 9.961E+03 2.146E+05 1.523E+06 1.747E+06 1.747E+06 3.844E+07 38.5062 1.00000
  2.512E+12 2.512E+12 4.542E+00 1.118E+04 2.408E+05 1.748E+06 2.000E+06 2.000E+06 3.858E+07 38.7365 1.00000
  2.818E+12 2.818E+12 4.564E+00 1.254E+04 2.701E+05 2.006E+06 2.289E+06 2.289E+06 3.872E+07 38.9668 1.00000
  3.162E+12 3.162E+12 4.586E+00 1.407E+04 3.031E+05 2.303E+06 2.620E+06 2.620E+06 3.887E+07 39.1970 1.00000
  3.548E+12 3.548E+12 4.607E+00 1.579E+04 3.401E+05 2.643E+06 2.999E+06 2.999E+06 3.900E+07 39.4273 1.00000
  3.981E+12 3.981E+12 4.629E+00 1.772E+04 3.816E+05 3.034E+06 3.433E+06 3.433E+06 3.914E+07 39.6575 1.00000
  4.467E+12 4.467E+12 4.651E+00 1.988E+04 4.281E+05 3.483E+06 3.931E+06 3.931E+06 3.927E+07 39.8878 1.00000
  5.012E+12 5.012E+12 4.674E+00 2.230E+04 4.804E+05 3.999E+06 4.501E+06 4.501E+06 3.940E+07 40.1180 1.00000
  5.623E+12 5.623E+12 4.696E+00 2.503E+04 5.390E+05 4.591E+06 5.155E+06 5.155E+06 3.953E+07 40.3483 1.00000
  6.310E+12 6.310E+12 4.718E+00 2.808E+04 6.048E+05 5.271E+06 5.904E+06 5.904E+06 3.965E+07 40.5786 1.00000
  7.079E+12 7.079E+12 4.741E+00 3.151E+04 6.786E+05 6.052E+06 6.762E+06 6.762E+06 3.977E+07 40.8088 1.00000
  7.943E+12 7.943E+12 4.764E+00 3.535E+04 7.614E+05 6.949E+06 7.746E+06 7.746E+06 3.989E+07 41.0391 1.00000
  8.913E+12 8.913E+12 4.786E+00 3.967E+04 8.543E+05 7.980E+06 8.874E+06 8.874E+06 4.001E+07 41.2693 1.00000
  1.000E+13 1.000E+13 4.809E+00 4.451E+04 9.585E+05 9.164E+06 1.017E+07 1.017E+07 4.012E+07 41.4996 1.00000
  1.122E+13 1.122E+13 4.832E+00 4.994E+04 1.075E+06 1.052E+07 1.165E+07 1.165E+07 4.023E+07 41.7299 1.00000
  1.259E+13 1.259E+13 4.856E+00 5.603E+04 1.207E+06 1.209E+07 1.335E+07 1.335E+07 4.034E+07 41.9601 1.00000
  1.413E+13 1.413E+13 4.879E+00 6.287E+04 1.354E+06 1.388E+07 1.530E+07 1.530E+07 4.045E+07 42.1904 1.00000
  1.585E+13 1.585E+13 4.902E+00 7.054E+04 1.519E+06 1.595E+07 1.753E+07 1.753E+07 4.056E+07 42.4206 1.00000
  1.778E+13 1.778E+13 4.926E+00 7.915E+04 1.704E+06 1.832E+07 2.010E+07 2.010E+07 4.066E+07 42.6509 1.00000
  1.995E+13 1.995E+13 4.950E+00 8.880E+04 1.912E+06 2.104E+07 2.304E+07 2.304E+07 4.076E+07 42.8812 1.00000
  2.239E+13 2.239E+13 4.973E+00 9.964E+04 2.146E+06 2.417E+07 2.641E+07 2.641E+07 4.086E+07 43.1114 1.00000
  2.512E+13 2.512E+13 4.997E+00 1.118E+05 2.408E+06 2.777E+07 3.029E+07 3.029E+07 4.096E+07 43.3417 1.00000
  2.818E+13 2.818E+13 5.021E+00 1.254E+05 2.701E+06 3.190E+07 3.473E+07 3.473E+07 4.105E+07 43.5719 1.00000
  3.162E+13 3.162E+13 5.046E+00 1.407E+05 3.031E+06 3.665E+07 3.982E+07 3.982E+07 4.114E+07 43.8022 1.00000
  3.548E+13 3.548E+13 5.070E+00 1.579E+05 3.401E+06 4.211E+07 4.567E+07 4.567E+07 4.123E+07 44.0324 1.00000
  3.981E+13 3.981E+13 5.094E+00 1.772E+05 3.816E+06 4.839E+07 5.238E+07 5.238E+07 4.132E+07 44.2627 1.00000
  4.467E+13 4.467E+13 5.119E+00 1.988E+05 4.281E+06 5.560E+07 6.008E+07 6.008E+07 4.141E+07 44.4930 1.00000
  5.012E+13 5.012E+13 5.144E+00 2.231E+05 4.804E+06 6.389E+07 6.892E+07 6.892E+07 4.149E+07 44.7232 1.00000
  5.623E+13 5.623E+13 5.169E+00 2.503E+05 5.390E+06 7.343E+07 7.907E+07 7.907E+07 4.158E+07 44.9535 1.00000
  6.310E+13 6.310E+13 5.194E+00 2.808E+05 6.047E+06 8.439E+07 9.071E+07 9.071E+07 4.166E+07 45.1837 1.00000
  7.079E+13 7.079E+13 5.219E+00 3.151E+05 6.785E+06 9.699E+07 1.041E+08 1.041E+08 4.174E+07 45.4140 1.00000
  7.943E+13 7.943E+13 5.244E+00 3.535E+05 7.613E+06 1.115E+08 1.194E+08 1.194E+08 4.181E+07 45.6443 1.00000
  8.913E+13 8.913E+13 5.269E+00 3.967E+05 8.542E+06 1.281E+08 1.371E+08 1.371E+08 4.189E+07 45.8745 1.00000
  1.000E+14 1.000E+14 5.295E+00 4.451E+05 9.584E+06 1.473E+08 1.573E+08 1.573E+08 4.196E+07 46.1048 1.00000
  1.122E+14 1.122E+14 5.321E+00 4.994E+05 1.075E+07 1.693E+08 1.806E+08 1.806E+08 4.204E+07 46.3350 1.00000
  1.259E+14 1.259E+14 5.346E+00 5.603E+05 1.207E+07 1.946E+08 2.072E+08 2.072E+08 4.211E+07 46.5653 1.00000
  1.413E+14 1.413E+14 5.372E+00 6.287E+05 1.354E+07 2.237E+08 2.379E+08 2.379E+08 4.218E+07 46.7955 1.00000
  1.585E+14 1.585E+14 5.398E+00 7.054E+05 1.519E+07 2.572E+08 2.731E+08 2.731E+08 4.224E+07 47.0258 1.00000
  1.778E+14 1.778E+14 5.425E+00 7.915E+05 1.704E+07 2.957E+08 3.136E+08 3.136E+08 4.231E+07 47.2561 1.00000
  1.995E+14 1.995E+14 5.451E+00 8.881E+05 1.912E+07 3.400E+08 3.600E+08 3.600E+08 4.237E+07 47.4863 1.00000
  2.239E+14 2.239E+14 5.477E+00 9.964E+05 2.146E+07 3.910E+08 4.134E+08 4.134E+08 4.244E+07 47.7166 1.00000
  2.512E+14 2.512E+14 5.504E+00 1.118E+06 2.407E+07 4.496E+08 4.748E+08 4.748E+08 4.250E+07 47.9468 1.00000
  2.818E+14 2.818E+14 5.531E+00 1.254E+06 2.701E+07 5.170E+08 5.453E+08 5.453E+08 4.256E+07 48.1771 1.00000
  3.162E+14 3.162E+14 5.558E+00 1.408E+06 3.031E+07 5.945E+08 6.262E+08 6.262E+08 4.262E+07 48.4074 1.00000
  3.548E+14 3.548E+14 5.585E+00 1.579E+06 3.400E+07 6.837E+08 7.193E+08 7.193E+08 4.267E+07 48.6376 1.00000
  3.981E+14 3.981E+14 5.612E+00 1.772E+06 3.815E+07 7.863E+08 8.263E+08 8.263E+08 4.273E+07 48.8679 1.00000
  4.467E+14 4.467E+14 5.639E+00 1.988E+06 4.281E+07 9.044E+08 9.492E+08 9.492E+08 4.279E+07 49.0981 1.00000
  5.012E+14 5.012E+14 5.667E+00 2.231E+06 4.803E+07 1.040E+09 1.090E+09 1.090E+09 4.284E+07 49.3284 1.00000
  5.623E+14 5.623E+14 5.694E+00 2.503E+06 5.389E+07 1.196E+09 1.253E+09 1.253E+09 4.289E+07 49.5586 1.00000
  6.310E+14 6.310E+14 5.722E+00 2.808E+06 6.047E+07 1.376E+09 1.440E+09 1.440E+09 4.294E+07 49.7889 1.00000
  7.079E+14 7.079E+14 5.750E+00 3.151E+06 6.784E+07 1.583E+09 1.654E+09 1.654E+09 4.299E+07 50.0192 1.00000
  7.943E+14 7.943E+14 5.778E+00 3.535E+06 7.612E+07 1.821E+09 1.901E+09 1.901E+09 4.304E+07 50.2494 1.00000
  8.913E+14 8.913E+14 5.806E+00 3.967E+06 8.541E+07 2.095E+09 2.185E+09 2.185E+09 4.309E+07 50.4797 1.00000
  1.000E+15 1.000E+15 5.835E+00 4.451E+06 9.583E+07 2.410E+09 2.511E+09 2.511E+09 4.314E+07 50.7099 1.00000
