 Incident particle is a Tau with M = 1776.82000 MeV
 Index = 0: Lutetium
      Absorber with <Z/A> = 0.40579
 Sternheimer coef:  a     k=m_s   x_0    x_1    I[eV]   Cbar  delta0
                 0.2403  2.5643  0.1560  3.5218  694.0  5.9784 0.14

 *** Table generated with PUMAS v1.00 ***

      T         p     Ionization  brems     pair     photonuc  Radloss    dE/dx   CSDA Range  delta   beta
    [MeV]    [MeV/c]  -----------------------[MeV cm^2/g]------------------------  [g/cm^2]
  1.000E+05 1.018E+05 1.606E+00 9.393E-04 1.655E-02 7.591E-03 2.508E-02 1.631E+00 3.066E+04  3.1470 0.99985
  1.122E+05 1.140E+05 1.625E+00 1.089E-03 1.982E-02 8.522E-03 2.943E-02 1.654E+00 3.808E+04  3.3015 0.99988
  1.259E+05 1.277E+05 1.644E+00 1.262E-03 2.366E-02 9.518E-03 3.444E-02 1.678E+00 4.630E+04  3.4594 0.99990
  1.413E+05 1.430E+05 1.663E+00 1.462E-03 2.817E-02 1.063E-02 4.026E-02 1.703E+00 5.539E+04  3.6207 0.99992
  1.585E+05 1.603E+05 1.681E+00 1.692E-03 3.345E-02 1.187E-02 4.701E-02 1.728E+00 6.544E+04  3.7853 0.99994
  1.778E+05 1.796E+05 1.700E+00 1.957E-03 3.962E-02 1.325E-02 5.483E-02 1.754E+00 7.654E+04  3.9532 0.99995
  1.995E+05 2.013E+05 1.718E+00 2.262E-03 4.683E-02 1.481E-02 6.390E-02 1.782E+00 8.882E+04  4.1242 0.99996
  2.239E+05 2.256E+05 1.736E+00 2.614E-03 5.521E-02 1.650E-02 7.433E-02 1.810E+00 1.024E+05  4.2983 0.99997
  2.512E+05 2.530E+05 1.754E+00 3.018E-03 6.496E-02 1.839E-02 8.637E-02 1.840E+00 1.173E+05  4.4755 0.99998
  2.818E+05 2.836E+05 1.772E+00 3.483E-03 7.626E-02 2.051E-02 1.003E-01 1.872E+00 1.339E+05  4.6556 0.99998
  3.162E+05 3.180E+05 1.789E+00 4.018E-03 8.935E-02 2.290E-02 1.163E-01 1.906E+00 1.521E+05  4.8387 0.99998
  3.548E+05 3.566E+05 1.807E+00 4.632E-03 1.045E-01 2.556E-02 1.347E-01 1.941E+00 1.721E+05  5.0246 0.99999
  3.981E+05 3.999E+05 1.824E+00 5.337E-03 1.219E-01 2.852E-02 1.558E-01 1.980E+00 1.942E+05  5.2133 0.99999
  4.467E+05 4.485E+05 1.841E+00 6.145E-03 1.421E-01 3.182E-02 1.800E-01 2.021E+00 2.185E+05  5.4047 0.99999
  5.012E+05 5.030E+05 1.858E+00 7.073E-03 1.652E-01 3.553E-02 2.078E-01 2.066E+00 2.452E+05  5.5987 0.99999
  5.623E+05 5.641E+05 1.875E+00 8.137E-03 1.918E-01 3.952E-02 2.395E-01 2.114E+00 2.744E+05  5.7953 1.00000
  6.310E+05 6.327E+05 1.891E+00 9.355E-03 2.223E-01 4.400E-02 2.757E-01 2.167E+00 3.065E+05  5.9944 1.00000
  7.079E+05 7.097E+05 1.908E+00 1.075E-02 2.573E-01 4.904E-02 3.171E-01 2.225E+00 3.416E+05  6.1959 1.00000
  7.943E+05 7.961E+05 1.924E+00 1.235E-02 2.974E-01 5.471E-02 3.645E-01 2.288E+00 3.798E+05  6.3998 1.00000
  8.913E+05 8.930E+05 1.940E+00 1.418E-02 3.432E-01 6.111E-02 4.185E-01 2.358E+00 4.216E+05  6.6059 1.00000
  1.000E+06 1.002E+06 1.955E+00 1.627E-02 3.955E-01 6.833E-02 4.801E-01 2.436E+00 4.670E+05  6.8142 1.00000
  1.122E+06 1.124E+06 1.971E+00 1.866E-02 4.552E-01 7.648E-02 5.503E-01 2.521E+00 5.162E+05  7.0247 1.00000
  1.259E+06 1.261E+06 1.986E+00 2.140E-02 5.231E-01 8.569E-02 6.302E-01 2.617E+00 5.695E+05  7.2371 1.00000
  1.413E+06 1.414E+06 2.001E+00 2.452E-02 6.005E-01 9.612E-02 7.212E-01 2.723E+00 6.271E+05  7.4515 1.00000
  1.585E+06 1.587E+06 2.016E+00 2.809E-02 6.886E-01 1.079E-01 8.246E-01 2.841E+00 6.891E+05  7.6678 1.00000
  1.778E+06 1.780E+06 2.031E+00 3.217E-02 7.886E-01 1.213E-01 9.421E-01 2.973E+00 7.556E+05  7.8859 1.00000
  1.995E+06 1.997E+06 2.046E+00 3.682E-02 9.022E-01 1.364E-01 1.075E+00 3.121E+00 8.269E+05  8.1057 1.00000
  2.239E+06 2.240E+06 2.060E+00 4.212E-02 1.031E+00 1.536E-01 1.227E+00 3.287E+00 9.029E+05  8.3270 1.00000
  2.512E+06 2.514E+06 2.074E+00 4.817E-02 1.177E+00 1.731E-01 1.398E+00 3.472E+00 9.838E+05  8.5499 1.00000
  2.818E+06 2.820E+06 2.088E+00 5.507E-02 1.342E+00 1.953E-01 1.593E+00 3.681E+00 1.070E+06  8.7741 1.00000
  3.162E+06 3.164E+06 2.102E+00 6.294E-02 1.530E+00 2.204E-01 1.813E+00 3.914E+00 1.160E+06  8.9996 1.00000
  3.548E+06 3.550E+06 2.115E+00 7.190E-02 1.741E+00 2.490E-01 2.062E+00 4.177E+00 1.256E+06  9.2263 1.00000
  3.981E+06 3.983E+06 2.128E+00 8.210E-02 1.981E+00 2.815E-01 2.344E+00 4.472E+00 1.356E+06  9.4541 1.00000
  4.467E+06 4.469E+06 2.141E+00 9.372E-02 2.251E+00 3.185E-01 2.663E+00 4.805E+00 1.461E+06  9.6827 1.00000
  5.012E+06 5.014E+06 2.154E+00 1.069E-01 2.556E+00 3.606E-01 3.024E+00 5.178E+00 1.570E+06  9.9121 1.00000
  5.623E+06 5.625E+06 2.167E+00 1.220E-01 2.901E+00 4.084E-01 3.431E+00 5.598E+00 1.684E+06 10.1420 1.00000
  6.310E+06 6.311E+06 2.180E+00 1.391E-01 3.289E+00 4.629E-01 3.891E+00 6.071E+00 1.802E+06 10.3722 1.00000
  7.079E+06 7.081E+06 2.192E+00 1.586E-01 3.727E+00 5.250E-01 4.411E+00 6.603E+00 1.923E+06 10.6024 1.00000
  7.943E+06 7.945E+06 2.205E+00 1.807E-01 4.221E+00 5.957E-01 4.998E+00 7.202E+00 2.049E+06 10.8326 1.00000
  8.913E+06 8.914E+06 2.217E+00 2.058E-01 4.778E+00 6.762E-01 5.660E+00 7.877E+00 2.177E+06 11.0628 1.00000
  1.000E+07 1.000E+07 2.229E+00 2.344E-01 5.404E+00 7.679E-01 6.407E+00 8.636E+00 2.309E+06 11.2930 1.00000
  1.122E+07 1.122E+07 2.241E+00 2.668E-01 6.110E+00 8.725E-01 7.249E+00 9.490E+00 2.444E+06 11.5232 1.00000
  1.259E+07 1.259E+07 2.253E+00 3.036E-01 6.904E+00 9.917E-01 8.199E+00 1.045E+01 2.582E+06 11.7534 1.00000
  1.413E+07 1.413E+07 2.265E+00 3.453E-01 7.798E+00 1.128E+00 9.271E+00 1.154E+01 2.722E+06 11.9837 1.00000
  1.585E+07 1.585E+07 2.277E+00 3.927E-01 8.803E+00 1.283E+00 1.048E+01 1.275E+01 2.864E+06 12.2139 1.00000
  1.778E+07 1.778E+07 2.288E+00 4.464E-01 9.933E+00 1.459E+00 1.184E+01 1.413E+01 3.009E+06 12.4441 1.00000
  1.995E+07 1.995E+07 2.300E+00 5.073E-01 1.120E+01 1.661E+00 1.337E+01 1.567E+01 3.155E+06 12.6744 1.00000
  2.239E+07 2.239E+07 2.311E+00 5.763E-01 1.263E+01 1.891E+00 1.510E+01 1.741E+01 3.302E+06 12.9046 1.00000
  2.512E+07 2.512E+07 2.323E+00 6.545E-01 1.424E+01 2.153E+00 1.705E+01 1.937E+01 3.451E+06 13.1348 1.00000
  2.818E+07 2.819E+07 2.334E+00 7.431E-01 1.605E+01 2.452E+00 1.924E+01 2.158E+01 3.601E+06 13.3651 1.00000
  3.162E+07 3.162E+07 2.346E+00 8.433E-01 1.807E+01 2.794E+00 2.171E+01 2.406E+01 3.752E+06 13.5953 1.00000
  3.548E+07 3.548E+07 2.357E+00 9.568E-01 2.035E+01 3.183E+00 2.449E+01 2.685E+01 3.905E+06 13.8256 1.00000
  3.981E+07 3.981E+07 2.368E+00 1.085E+00 2.292E+01 3.628E+00 2.763E+01 3.000E+01 4.057E+06 14.0558 1.00000
  4.467E+07 4.467E+07 2.379E+00 1.230E+00 2.579E+01 4.136E+00 3.116E+01 3.354E+01 4.211E+06 14.2861 1.00000
  5.012E+07 5.012E+07 2.391E+00 1.395E+00 2.902E+01 4.715E+00 3.513E+01 3.752E+01 4.365E+06 14.5163 1.00000
  5.623E+07 5.624E+07 2.402E+00 1.580E+00 3.265E+01 5.377E+00 3.961E+01 4.201E+01 4.519E+06 14.7466 1.00000
  6.310E+07 6.310E+07 2.413E+00 1.790E+00 3.672E+01 6.132E+00 4.465E+01 4.706E+01 4.673E+06 14.9768 1.00000
  7.079E+07 7.080E+07 2.425E+00 2.027E+00 4.130E+01 6.994E+00 5.032E+01 5.274E+01 4.828E+06 15.2071 1.00000
  7.943E+07 7.943E+07 2.436E+00 2.295E+00 4.644E+01 7.978E+00 5.671E+01 5.914E+01 4.983E+06 15.4373 1.00000
  8.913E+07 8.913E+07 2.447E+00 2.597E+00 5.220E+01 9.102E+00 6.390E+01 6.635E+01 5.138E+06 15.6676 1.00000
  1.000E+08 1.000E+08 2.458E+00 2.938E+00 5.868E+01 1.039E+01 7.200E+01 7.446E+01 5.293E+06 15.8978 1.00000
  1.122E+08 1.122E+08 2.470E+00 3.323E+00 6.594E+01 1.185E+01 8.112E+01 8.359E+01 5.448E+06 16.1281 1.00000
  1.259E+08 1.259E+08 2.481E+00 3.757E+00 7.410E+01 1.353E+01 9.138E+01 9.386E+01 5.603E+06 16.3583 1.00000
  1.413E+08 1.413E+08 2.493E+00 4.247E+00 8.326E+01 1.544E+01 1.029E+02 1.054E+02 5.758E+06 16.5886 1.00000
  1.585E+08 1.585E+08 2.504E+00 4.799E+00 9.354E+01 1.762E+01 1.160E+02 1.185E+02 5.912E+06 16.8189 1.00000
  1.778E+08 1.778E+08 2.516E+00 5.421E+00 1.051E+02 2.012E+01 1.306E+02 1.331E+02 6.066E+06 17.0491 1.00000
  1.995E+08 1.995E+08 2.527E+00 6.122E+00 1.180E+02 2.297E+01 1.471E+02 1.496E+02 6.220E+06 17.2794 1.00000
  2.239E+08 2.239E+08 2.539E+00 6.912E+00 1.325E+02 2.622E+01 1.657E+02 1.682E+02 6.374E+06 17.5096 1.00000
  2.512E+08 2.512E+08 2.550E+00 7.802E+00 1.489E+02 2.994E+01 1.866E+02 1.891E+02 6.527E+06 17.7399 1.00000
  2.818E+08 2.818E+08 2.562E+00 8.805E+00 1.672E+02 3.419E+01 2.102E+02 2.127E+02 6.680E+06 17.9701 1.00000
  3.162E+08 3.162E+08 2.574E+00 9.933E+00 1.877E+02 3.904E+01 2.367E+02 2.392E+02 6.833E+06 18.2004 1.00000
  3.548E+08 3.548E+08 2.585E+00 1.120E+01 2.107E+02 4.459E+01 2.665E+02 2.691E+02 6.985E+06 18.4307 1.00000
  3.981E+08 3.981E+08 2.597E+00 1.263E+01 2.366E+02 5.093E+01 3.002E+02 3.028E+02 7.137E+06 18.6609 1.00000
  4.467E+08 4.467E+08 2.609E+00 1.424E+01 2.656E+02 5.818E+01 3.381E+02 3.407E+02 7.289E+06 18.8912 1.00000
  5.012E+08 5.012E+08 2.621E+00 1.605E+01 2.982E+02 6.646E+01 3.807E+02 3.833E+02 7.440E+06 19.1214 1.00000
  5.623E+08 5.623E+08 2.633E+00 1.809E+01 3.348E+02 7.592E+01 4.288E+02 4.314E+02 7.591E+06 19.3517 1.00000
  6.310E+08 6.310E+08 2.645E+00 2.037E+01 3.758E+02 8.674E+01 4.829E+02 4.855E+02 7.741E+06 19.5819 1.00000
  7.079E+08 7.079E+08 2.657E+00 2.295E+01 4.218E+02 9.910E+01 5.438E+02 5.465E+02 7.891E+06 19.8122 1.00000
  7.943E+08 7.943E+08 2.669E+00 2.584E+01 4.734E+02 1.132E+02 6.125E+02 6.152E+02 8.040E+06 20.0425 1.00000
  8.913E+08 8.913E+08 2.682E+00 2.909E+01 5.314E+02 1.294E+02 6.898E+02 6.925E+02 8.189E+06 20.2727 1.00000
  1.000E+09 1.000E+09 2.694E+00 3.275E+01 5.964E+02 1.479E+02 7.770E+02 7.797E+02 8.337E+06 20.5030 1.00000
  1.122E+09 1.122E+09 2.706E+00 3.686E+01 6.693E+02 1.690E+02 8.752E+02 8.779E+02 8.485E+06 20.7332 1.00000
  1.259E+09 1.259E+09 2.719E+00 4.147E+01 7.512E+02 1.931E+02 9.858E+02 9.885E+02 8.632E+06 20.9635 1.00000
  1.413E+09 1.413E+09 2.731E+00 4.666E+01 8.430E+02 2.207E+02 1.110E+03 1.113E+03 8.778E+06 21.1937 1.00000
  1.585E+09 1.585E+09 2.744E+00 5.248E+01 9.461E+02 2.523E+02 1.251E+03 1.254E+03 8.925E+06 21.4240 1.00000
  1.778E+09 1.778E+09 2.756E+00 5.903E+01 1.062E+03 2.884E+02 1.409E+03 1.412E+03 9.070E+06 21.6543 1.00000
  1.995E+09 1.995E+09 2.769E+00 6.638E+01 1.191E+03 3.297E+02 1.588E+03 1.590E+03 9.215E+06 21.8845 1.00000
  2.239E+09 2.239E+09 2.782E+00 7.463E+01 1.337E+03 3.769E+02 1.789E+03 1.791E+03 9.360E+06 22.1148 1.00000
  2.512E+09 2.512E+09 2.795E+00 8.390E+01 1.500E+03 4.309E+02 2.015E+03 2.018E+03 9.504E+06 22.3450 1.00000
  2.818E+09 2.818E+09 2.808E+00 9.431E+01 1.684E+03 4.926E+02 2.271E+03 2.273E+03 9.647E+06 22.5753 1.00000
  3.162E+09 3.162E+09 2.821E+00 1.060E+02 1.889E+03 5.632E+02 2.559E+03 2.561E+03 9.790E+06 22.8056 1.00000
  3.548E+09 3.548E+09 2.834E+00 1.191E+02 2.120E+03 6.440E+02 2.883E+03 2.886E+03 9.932E+06 23.0358 1.00000
  3.981E+09 3.981E+09 2.847E+00 1.339E+02 2.379E+03 7.364E+02 3.249E+03 3.252E+03 1.007E+07 23.2661 1.00000
  4.467E+09 4.467E+09 2.860E+00 1.504E+02 2.669E+03 8.422E+02 3.662E+03 3.665E+03 1.021E+07 23.4963 1.00000
  5.012E+09 5.012E+09 2.873E+00 1.690E+02 2.995E+03 9.631E+02 4.128E+03 4.130E+03 1.035E+07 23.7266 1.00000
  5.623E+09 5.623E+09 2.887E+00 1.898E+02 3.361E+03 1.102E+03 4.652E+03 4.655E+03 1.049E+07 23.9568 1.00000
  6.310E+09 6.310E+09 2.900E+00 2.132E+02 3.771E+03 1.260E+03 5.245E+03 5.247E+03 1.063E+07 24.1871 1.00000
  7.079E+09 7.079E+09 2.914E+00 2.395E+02 4.232E+03 1.441E+03 5.912E+03 5.915E+03 1.077E+07 24.4174 1.00000
  7.943E+09 7.943E+09 2.927E+00 2.690E+02 4.748E+03 1.648E+03 6.666E+03 6.669E+03 1.091E+07 24.6476 1.00000
  8.913E+09 8.913E+09 2.941E+00 3.020E+02 5.328E+03 1.886E+03 7.516E+03 7.519E+03 1.105E+07 24.8779 1.00000
  1.000E+10 1.000E+10 2.955E+00 3.392E+02 5.978E+03 2.157E+03 8.474E+03 8.477E+03 1.118E+07 25.1081 1.00000
  1.122E+10 1.122E+10 2.968E+00 3.809E+02 6.708E+03 2.468E+03 9.556E+03 9.559E+03 1.132E+07 25.3384 1.00000
  1.259E+10 1.259E+10 2.982E+00 4.276E+02 7.526E+03 2.823E+03 1.078E+04 1.078E+04 1.145E+07 25.5687 1.00000
  1.413E+10 1.413E+10 2.996E+00 4.801E+02 8.445E+03 3.230E+03 1.216E+04 1.216E+04 1.159E+07 25.7989 1.00000
  1.585E+10 1.585E+10 3.010E+00 5.390E+02 9.476E+03 3.696E+03 1.371E+04 1.371E+04 1.172E+07 26.0292 1.00000
  1.778E+10 1.778E+10 3.024E+00 6.051E+02 1.063E+04 4.230E+03 1.547E+04 1.547E+04 1.186E+07 26.2594 1.00000
  1.995E+10 1.995E+10 3.039E+00 6.793E+02 1.193E+04 4.840E+03 1.745E+04 1.745E+04 1.199E+07 26.4897 1.00000
  2.239E+10 2.239E+10 3.053E+00 7.626E+02 1.338E+04 5.539E+03 1.969E+04 1.969E+04 1.212E+07 26.7200 1.00000
  2.512E+10 2.512E+10 3.067E+00 8.560E+02 1.502E+04 6.339E+03 2.221E+04 2.222E+04 1.225E+07 26.9502 1.00000
  2.818E+10 2.818E+10 3.082E+00 9.608E+02 1.685E+04 7.256E+03 2.507E+04 2.507E+04 1.238E+07 27.1805 1.00000
  3.162E+10 3.162E+10 3.096E+00 1.078E+03 1.891E+04 8.305E+03 2.829E+04 2.829E+04 1.251E+07 27.4107 1.00000
  3.548E+10 3.548E+10 3.111E+00 1.210E+03 2.121E+04 9.506E+03 3.193E+04 3.193E+04 1.264E+07 27.6410 1.00000
  3.981E+10 3.981E+10 3.126E+00 1.359E+03 2.380E+04 1.088E+04 3.604E+04 3.604E+04 1.277E+07 27.8712 1.00000
  4.467E+10 4.467E+10 3.140E+00 1.525E+03 2.670E+04 1.246E+04 4.069E+04 4.069E+04 1.289E+07 28.1015 1.00000
  5.012E+10 5.012E+10 3.155E+00 1.711E+03 2.996E+04 1.426E+04 4.594E+04 4.594E+04 1.302E+07 28.3318 1.00000
  5.623E+10 5.623E+10 3.170E+00 1.921E+03 3.362E+04 1.633E+04 5.187E+04 5.187E+04 1.315E+07 28.5620 1.00000
  6.310E+10 6.310E+10 3.185E+00 2.155E+03 3.772E+04 1.869E+04 5.857E+04 5.857E+04 1.327E+07 28.7923 1.00000
  7.079E+10 7.079E+10 3.200E+00 2.419E+03 4.232E+04 2.140E+04 6.615E+04 6.615E+04 1.339E+07 29.0225 1.00000
  7.943E+10 7.943E+10 3.216E+00 2.714E+03 4.749E+04 2.451E+04 7.471E+04 7.471E+04 1.352E+07 29.2528 1.00000
  8.913E+10 8.913E+10 3.231E+00 3.046E+03 5.328E+04 2.807E+04 8.439E+04 8.439E+04 1.364E+07 29.4831 1.00000
  1.000E+11 1.000E+11 3.246E+00 3.418E+03 5.978E+04 3.214E+04 9.534E+04 9.534E+04 1.376E+07 29.7133 1.00000
  1.122E+11 1.122E+11 3.262E+00 3.836E+03 6.707E+04 3.681E+04 1.077E+05 1.077E+05 1.388E+07 29.9436 1.00000
  1.259E+11 1.259E+11 3.277E+00 4.305E+03 7.525E+04 4.216E+04 1.217E+05 1.217E+05 1.400E+07 30.1738 1.00000
  1.413E+11 1.413E+11 3.293E+00 4.830E+03 8.443E+04 4.829E+04 1.375E+05 1.376E+05 1.412E+07 30.4041 1.00000
  1.585E+11 1.585E+11 3.309E+00 5.420E+03 9.473E+04 5.531E+04 1.555E+05 1.555E+05 1.424E+07 30.6343 1.00000
  1.778E+11 1.778E+11 3.324E+00 6.082E+03 1.063E+05 6.335E+04 1.757E+05 1.757E+05 1.436E+07 30.8646 1.00000
  1.995E+11 1.995E+11 3.340E+00 6.825E+03 1.193E+05 7.258E+04 1.987E+05 1.987E+05 1.447E+07 31.0949 1.00000
  2.239E+11 2.239E+11 3.356E+00 7.658E+03 1.338E+05 8.314E+04 2.246E+05 2.246E+05 1.459E+07 31.3251 1.00000
  2.512E+11 2.512E+11 3.372E+00 8.593E+03 1.501E+05 9.525E+04 2.540E+05 2.540E+05 1.470E+07 31.5554 1.00000
  2.818E+11 2.818E+11 3.389E+00 9.643E+03 1.684E+05 1.091E+05 2.872E+05 2.872E+05 1.482E+07 31.7856 1.00000
  3.162E+11 3.162E+11 3.405E+00 1.082E+04 1.890E+05 1.250E+05 3.248E+05 3.248E+05 1.493E+07 32.0159 1.00000
  3.548E+11 3.548E+11 3.421E+00 1.214E+04 2.120E+05 1.433E+05 3.675E+05 3.675E+05 1.504E+07 32.2462 1.00000
  3.981E+11 3.981E+11 3.438E+00 1.362E+04 2.379E+05 1.642E+05 4.157E+05 4.157E+05 1.515E+07 32.4764 1.00000
  4.467E+11 4.467E+11 3.454E+00 1.529E+04 2.669E+05 1.881E+05 4.704E+05 4.704E+05 1.526E+07 32.7067 1.00000
  5.012E+11 5.012E+11 3.471E+00 1.715E+04 2.995E+05 2.156E+05 5.323E+05 5.323E+05 1.537E+07 32.9369 1.00000
  5.623E+11 5.623E+11 3.488E+00 1.924E+04 3.360E+05 2.471E+05 6.024E+05 6.024E+05 1.548E+07 33.1672 1.00000
  6.310E+11 6.310E+11 3.504E+00 2.159E+04 3.770E+05 2.832E+05 6.818E+05 6.818E+05 1.559E+07 33.3974 1.00000
  7.079E+11 7.079E+11 3.521E+00 2.423E+04 4.230E+05 3.246E+05 7.718E+05 7.719E+05 1.569E+07 33.6277 1.00000
  7.943E+11 7.943E+11 3.538E+00 2.719E+04 4.746E+05 3.721E+05 8.739E+05 8.739E+05 1.580E+07 33.8580 1.00000
  8.913E+11 8.913E+11 3.555E+00 3.050E+04 5.325E+05 4.266E+05 9.895E+05 9.895E+05 1.590E+07 34.0882 1.00000
  1.000E+12 1.000E+12 3.573E+00 3.423E+04 5.974E+05 4.890E+05 1.121E+06 1.121E+06 1.601E+07 34.3185 1.00000
  1.122E+12 1.122E+12 3.590E+00 3.840E+04 6.703E+05 5.606E+05 1.269E+06 1.269E+06 1.611E+07 34.5487 1.00000
  1.259E+12 1.259E+12 3.607E+00 4.309E+04 7.520E+05 6.427E+05 1.438E+06 1.438E+06 1.621E+07 34.7790 1.00000
  1.413E+12 1.413E+12 3.625E+00 4.835E+04 8.438E+05 7.369E+05 1.629E+06 1.629E+06 1.631E+07 35.0093 1.00000
  1.585E+12 1.585E+12 3.642E+00 5.425E+04 9.467E+05 8.449E+05 1.846E+06 1.846E+06 1.641E+07 35.2395 1.00000
  1.778E+12 1.778E+12 3.660E+00 6.087E+04 1.062E+06 9.689E+05 2.092E+06 2.092E+06 1.651E+07 35.4698 1.00000
  1.995E+12 1.995E+12 3.678E+00 6.830E+04 1.192E+06 1.111E+06 2.371E+06 2.371E+06 1.661E+07 35.7000 1.00000
  2.239E+12 2.239E+12 3.696E+00 7.663E+04 1.337E+06 1.274E+06 2.688E+06 2.688E+06 1.670E+07 35.9303 1.00000
  2.512E+12 2.512E+12 3.714E+00 8.598E+04 1.500E+06 1.461E+06 3.047E+06 3.047E+06 1.680E+07 36.1605 1.00000
  2.818E+12 2.818E+12 3.732E+00 9.647E+04 1.683E+06 1.676E+06 3.455E+06 3.455E+06 1.689E+07 36.3908 1.00000
  3.162E+12 3.162E+12 3.750E+00 1.082E+05 1.888E+06 1.922E+06 3.919E+06 3.919E+06 1.699E+07 36.6211 1.00000
  3.548E+12 3.548E+12 3.768E+00 1.215E+05 2.119E+06 2.205E+06 4.445E+06 4.445E+06 1.708E+07 36.8513 1.00000
  3.981E+12 3.981E+12 3.786E+00 1.363E+05 2.377E+06 2.529E+06 5.042E+06 5.042E+06 1.717E+07 37.0816 1.00000
  4.467E+12 4.467E+12 3.805E+00 1.529E+05 2.667E+06 2.901E+06 5.721E+06 5.721E+06 1.726E+07 37.3118 1.00000
  5.012E+12 5.012E+12 3.824E+00 1.716E+05 2.992E+06 3.328E+06 6.492E+06 6.492E+06 1.735E+07 37.5421 1.00000
  5.623E+12 5.623E+12 3.842E+00 1.925E+05 3.357E+06 3.818E+06 7.368E+06 7.368E+06 1.744E+07 37.7724 1.00000
  6.310E+12 6.310E+12 3.861E+00 2.160E+05 3.767E+06 4.380E+06 8.363E+06 8.363E+06 1.753E+07 38.0026 1.00000
  7.079E+12 7.079E+12 3.880E+00 2.423E+05 4.226E+06 5.026E+06 9.494E+06 9.494E+06 1.761E+07 38.2329 1.00000
  7.943E+12 7.943E+12 3.899E+00 2.719E+05 4.742E+06 5.766E+06 1.078E+07 1.078E+07 1.770E+07 38.4631 1.00000
  8.913E+12 8.913E+12 3.918E+00 3.051E+05 5.320E+06 6.617E+06 1.224E+07 1.224E+07 1.778E+07 38.6934 1.00000
  1.000E+13 1.000E+13 3.937E+00 3.423E+05 5.969E+06 7.593E+06 1.390E+07 1.390E+07 1.787E+07 38.9237 1.00000
  1.122E+13 1.122E+13 3.956E+00 3.841E+05 6.697E+06 8.713E+06 1.579E+07 1.579E+07 1.795E+07 39.1539 1.00000
  1.259E+13 1.259E+13 3.976E+00 4.309E+05 7.514E+06 1.000E+07 1.794E+07 1.794E+07 1.803E+07 39.3842 1.00000
  1.413E+13 1.413E+13 3.995E+00 4.835E+05 8.430E+06 1.148E+07 2.039E+07 2.039E+07 1.811E+07 39.6144 1.00000
  1.585E+13 1.585E+13 4.015E+00 5.425E+05 9.458E+06 1.317E+07 2.317E+07 2.317E+07 1.819E+07 39.8447 1.00000
  1.778E+13 1.778E+13 4.035E+00 6.087E+05 1.061E+07 1.512E+07 2.634E+07 2.634E+07 1.827E+07 40.0749 1.00000
  1.995E+13 1.995E+13 4.054E+00 6.830E+05 1.191E+07 1.735E+07 2.994E+07 2.994E+07 1.835E+07 40.3052 1.00000
  2.239E+13 2.239E+13 4.074E+00 7.663E+05 1.336E+07 1.992E+07 3.405E+07 3.405E+07 1.842E+07 40.5355 1.00000
  2.512E+13 2.512E+13 4.094E+00 8.599E+05 1.499E+07 2.287E+07 3.872E+07 3.872E+07 1.850E+07 40.7657 1.00000
  2.818E+13 2.818E+13 4.115E+00 9.648E+05 1.682E+07 2.625E+07 4.403E+07 4.403E+07 1.857E+07 40.9960 1.00000
  3.162E+13 3.162E+13 4.135E+00 1.082E+06 1.887E+07 3.014E+07 5.009E+07 5.009E+07 1.865E+07 41.2262 1.00000
  3.548E+13 3.548E+13 4.155E+00 1.215E+06 2.117E+07 3.461E+07 5.699E+07 5.699E+07 1.872E+07 41.4565 1.00000
  3.981E+13 3.981E+13 4.176E+00 1.363E+06 2.375E+07 3.973E+07 6.484E+07 6.484E+07 1.879E+07 41.6868 1.00000
  4.467E+13 4.467E+13 4.196E+00 1.529E+06 2.664E+07 4.562E+07 7.380E+07 7.380E+07 1.886E+07 41.9170 1.00000
  5.012E+13 5.012E+13 4.217E+00 1.716E+06 2.989E+07 5.239E+07 8.400E+07 8.400E+07 1.893E+07 42.1473 1.00000
  5.623E+13 5.623E+13 4.238E+00 1.925E+06 3.354E+07 6.016E+07 9.562E+07 9.562E+07 1.900E+07 42.3775 1.00000
  6.310E+13 6.310E+13 4.259E+00 2.160E+06 3.763E+07 6.909E+07 1.089E+08 1.089E+08 1.907E+07 42.6078 1.00000
  7.079E+13 7.079E+13 4.280E+00 2.423E+06 4.222E+07 7.934E+07 1.240E+08 1.240E+08 1.913E+07 42.8380 1.00000
  7.943E+13 7.943E+13 4.301E+00 2.719E+06 4.737E+07 9.113E+07 1.412E+08 1.412E+08 1.920E+07 43.0683 1.00000
  8.913E+13 8.913E+13 4.322E+00 3.051E+06 5.314E+07 1.047E+08 1.609E+08 1.609E+08 1.926E+07 43.2986 1.00000
  1.000E+14 1.000E+14 4.343E+00 3.423E+06 5.962E+07 1.202E+08 1.833E+08 1.833E+08 1.933E+07 43.5288 1.00000
  1.122E+14 1.122E+14 4.365E+00 3.841E+06 6.690E+07 1.381E+08 2.088E+08 2.088E+08 1.939E+07 43.7591 1.00000
  1.259E+14 1.259E+14 4.386E+00 4.310E+06 7.505E+07 1.586E+08 2.380E+08 2.380E+08 1.945E+07 43.9893 1.00000
  1.413E+14 1.413E+14 4.408E+00 4.835E+06 8.421E+07 1.822E+08 2.713E+08 2.713E+08 1.951E+07 44.2196 1.00000
  1.585E+14 1.585E+14 4.430E+00 5.425E+06 9.448E+07 2.093E+08 3.092E+08 3.092E+08 1.957E+07 44.4499 1.00000
  1.778E+14 1.778E+14 4.452E+00 6.087E+06 1.060E+08 2.405E+08 3.526E+08 3.526E+08 1.963E+07 44.6801 1.00000
  1.995E+14 1.995E+14 4.474E+00 6.830E+06 1.189E+08 2.763E+08 4.021E+08 4.021E+08 1.969E+07 44.9104 1.00000
  2.239E+14 2.239E+14 4.496E+00 7.664E+06 1.334E+08 3.175E+08 4.586E+08 4.586E+08 1.974E+07 45.1406 1.00000
  2.512E+14 2.512E+14 4.518E+00 8.599E+06 1.497E+08 3.648E+08 5.231E+08 5.231E+08 1.980E+07 45.3709 1.00000
  2.818E+14 2.818E+14 4.541E+00 9.648E+06 1.680E+08 4.192E+08 5.968E+08 5.968E+08 1.985E+07 45.6011 1.00000
  3.162E+14 3.162E+14 4.563E+00 1.083E+07 1.884E+08 4.817E+08 6.809E+08 6.809E+08 1.991E+07 45.8314 1.00000
  3.548E+14 3.548E+14 4.586E+00 1.215E+07 2.114E+08 5.535E+08 7.771E+08 7.771E+08 1.996E+07 46.0617 1.00000
  3.981E+14 3.981E+14 4.609E+00 1.363E+07 2.372E+08 6.362E+08 8.870E+08 8.870E+08 2.001E+07 46.2919 1.00000
  4.467E+14 4.467E+14 4.632E+00 1.529E+07 2.661E+08 7.311E+08 1.013E+09 1.013E+09 2.006E+07 46.5222 1.00000
  5.012E+14 5.012E+14 4.655E+00 1.716E+07 2.986E+08 8.403E+08 1.156E+09 1.156E+09 2.012E+07 46.7524 1.00000
  5.623E+14 5.623E+14 4.678E+00 1.925E+07 3.350E+08 9.658E+08 1.320E+09 1.320E+09 2.016E+07 46.9827 1.00000
  6.310E+14 6.310E+14 4.701E+00 2.160E+07 3.758E+08 1.110E+09 1.508E+09 1.508E+09 2.021E+07 47.2130 1.00000
  7.079E+14 7.079E+14 4.724E+00 2.423E+07 4.216E+08 1.276E+09 1.722E+09 1.722E+09 2.026E+07 47.4432 1.00000
  7.943E+14 7.943E+14 4.748E+00 2.719E+07 4.731E+08 1.467E+09 1.967E+09 1.967E+09 2.031E+07 47.6735 1.00000
  8.913E+14 8.913E+14 4.771E+00 3.051E+07 5.307E+08 1.686E+09 2.248E+09 2.248E+09 2.035E+07 47.9037 1.00000
  1.000E+15 1.000E+15 4.795E+00 3.423E+07 5.955E+08 1.939E+09 2.568E+09 2.568E+09 2.040E+07 48.1340 1.00000
