 Incident particle is a Tau with M = 1776.82000 MeV
 Index = 0: LutetiumAluminumOxide1
      Absorber with <Z/A> = 0.43209
 Density effect computed following Fano (1963)
 Models for Radloss: brems =  SSR, pair =  SSR, photonuc = DRSS

 *** Table generated with PUMAS v1.1 ***

      T         p     Ionization  brems     pair     photonuc  Radloss    dE/dx   CSDA Range  delta   beta
    [MeV]    [MeV/c]  -----------------------[MeV cm^2/g]------------------------  [g/cm^2]
  1.000E+05 1.018E+05 1.738E+00 1.563E-04 1.242E-02 6.291E-03 1.886E-02 1.757E+00 2.846E+04  3.7106 0.99985
  1.122E+05 1.140E+05 1.757E+00 1.903E-04 1.487E-02 7.102E-03 2.217E-02 1.780E+00 3.536E+04  3.8819 0.99988
  1.259E+05 1.277E+05 1.776E+00 2.312E-04 1.777E-02 8.000E-03 2.600E-02 1.802E+00 4.300E+04  4.0567 0.99990
  1.413E+05 1.430E+05 1.795E+00 2.803E-04 2.116E-02 8.986E-03 3.043E-02 1.826E+00 5.147E+04  4.2350 0.99992
  1.585E+05 1.603E+05 1.814E+00 3.394E-04 2.514E-02 1.010E-02 3.558E-02 1.849E+00 6.085E+04  4.4169 0.99994
  1.778E+05 1.796E+05 1.832E+00 4.101E-04 2.980E-02 1.133E-02 4.154E-02 1.874E+00 7.123E+04  4.6021 0.99995
  1.995E+05 2.013E+05 1.851E+00 4.947E-04 3.522E-02 1.272E-02 4.844E-02 1.899E+00 8.273E+04  4.7905 0.99996
  2.239E+05 2.256E+05 1.869E+00 5.955E-04 4.155E-02 1.425E-02 5.639E-02 1.925E+00 9.547E+04  4.9821 0.99997
  2.512E+05 2.530E+05 1.887E+00 7.155E-04 4.890E-02 1.595E-02 6.557E-02 1.952E+00 1.096E+05  5.1767 0.99998
  2.818E+05 2.836E+05 1.905E+00 8.581E-04 5.743E-02 1.787E-02 7.617E-02 1.981E+00 1.251E+05  5.3739 0.99998
  3.162E+05 3.180E+05 1.922E+00 1.027E-03 6.733E-02 2.003E-02 8.838E-02 2.011E+00 1.424E+05  5.5736 0.99998
  3.548E+05 3.566E+05 1.940E+00 1.227E-03 7.877E-02 2.243E-02 1.024E-01 2.042E+00 1.614E+05  5.7756 0.99999
  3.981E+05 3.999E+05 1.957E+00 1.463E-03 9.199E-02 2.511E-02 1.186E-01 2.076E+00 1.824E+05  5.9798 0.99999
  4.467E+05 4.485E+05 1.974E+00 1.741E-03 1.072E-01 2.811E-02 1.371E-01 2.111E+00 2.056E+05  6.1859 0.99999
  5.012E+05 5.030E+05 1.991E+00 2.069E-03 1.248E-01 3.147E-02 1.584E-01 2.150E+00 2.312E+05  6.3938 0.99999
  5.623E+05 5.641E+05 2.008E+00 2.453E-03 1.450E-01 3.525E-02 1.827E-01 2.191E+00 2.594E+05  6.6035 1.00000
  6.310E+05 6.327E+05 2.025E+00 2.904E-03 1.683E-01 3.951E-02 2.107E-01 2.236E+00 2.904E+05  6.8149 1.00000
  7.079E+05 7.097E+05 2.042E+00 3.431E-03 1.949E-01 4.430E-02 2.427E-01 2.284E+00 3.245E+05  7.0278 1.00000
  7.943E+05 7.961E+05 2.058E+00 4.048E-03 2.255E-01 4.969E-02 2.792E-01 2.337E+00 3.618E+05  7.2423 1.00000
  8.913E+05 8.930E+05 2.075E+00 4.767E-03 2.604E-01 5.574E-02 3.209E-01 2.395E+00 4.028E+05  7.4582 1.00000
  1.000E+06 1.002E+06 2.091E+00 5.606E-03 3.004E-01 6.260E-02 3.686E-01 2.459E+00 4.476E+05  7.6754 1.00000
  1.122E+06 1.124E+06 2.107E+00 6.582E-03 3.461E-01 7.029E-02 4.230E-01 2.530E+00 4.965E+05  7.8940 1.00000
  1.259E+06 1.261E+06 2.123E+00 7.716E-03 3.982E-01 7.904E-02 4.849E-01 2.607E+00 5.498E+05  8.1137 1.00000
  1.413E+06 1.414E+06 2.138E+00 9.034E-03 4.576E-01 8.888E-02 5.555E-01 2.694E+00 6.078E+05  8.3345 1.00000
  1.585E+06 1.587E+06 2.154E+00 1.056E-02 5.252E-01 1.001E-01 6.358E-01 2.790E+00 6.706E+05  8.5562 1.00000
  1.778E+06 1.780E+06 2.169E+00 1.233E-02 6.021E-01 1.127E-01 7.271E-01 2.896E+00 7.387E+05  8.7788 1.00000
  1.995E+06 1.997E+06 2.184E+00 1.438E-02 6.896E-01 1.270E-01 8.309E-01 3.015E+00 8.121E+05  9.0021 1.00000
  2.239E+06 2.240E+06 2.199E+00 1.674E-02 7.889E-01 1.432E-01 9.488E-01 3.148E+00 8.911E+05  9.2261 1.00000
  2.512E+06 2.514E+06 2.214E+00 1.947E-02 9.015E-01 1.616E-01 1.083E+00 3.297E+00 9.759E+05  9.4508 1.00000
  2.818E+06 2.820E+06 2.229E+00 2.261E-02 1.029E+00 1.825E-01 1.234E+00 3.463E+00 1.067E+06  9.6759 1.00000
  3.162E+06 3.164E+06 2.244E+00 2.625E-02 1.174E+00 2.062E-01 1.406E+00 3.650E+00 1.163E+06  9.9016 1.00000
  3.548E+06 3.550E+06 2.258E+00 3.044E-02 1.338E+00 2.331E-01 1.601E+00 3.859E+00 1.266E+06 10.1278 1.00000
  3.981E+06 3.983E+06 2.272E+00 3.525E-02 1.523E+00 2.636E-01 1.822E+00 4.094E+00 1.375E+06 10.3543 1.00000
  4.467E+06 4.469E+06 2.286E+00 4.078E-02 1.733E+00 2.984E-01 2.072E+00 4.359E+00 1.490E+06 10.5813 1.00000
  5.012E+06 5.014E+06 2.300E+00 4.712E-02 1.970E+00 3.380E-01 2.355E+00 4.655E+00 1.611E+06 10.8086 1.00000
  5.623E+06 5.625E+06 2.314E+00 5.440E-02 2.238E+00 3.830E-01 2.675E+00 4.989E+00 1.738E+06 11.0364 1.00000
  6.310E+06 6.311E+06 2.328E+00 6.275E-02 2.540E+00 4.342E-01 3.037E+00 5.365E+00 1.870E+06 11.2644 1.00000
  7.079E+06 7.081E+06 2.341E+00 7.235E-02 2.881E+00 4.925E-01 3.446E+00 5.787E+00 2.009E+06 11.4928 1.00000
  7.943E+06 7.945E+06 2.354E+00 8.335E-02 3.266E+00 5.589E-01 3.908E+00 6.262E+00 2.152E+06 11.7214 1.00000
  8.913E+06 8.914E+06 2.367E+00 9.593E-02 3.700E+00 6.345E-01 4.430E+00 6.798E+00 2.301E+06 11.9503 1.00000
  1.000E+07 1.000E+07 2.380E+00 1.103E-01 4.189E+00 7.207E-01 5.020E+00 7.400E+00 2.454E+06 12.1795 1.00000
  1.122E+07 1.122E+07 2.393E+00 1.268E-01 4.740E+00 8.189E-01 5.685E+00 8.079E+00 2.612E+06 12.4088 1.00000
  1.259E+07 1.259E+07 2.406E+00 1.456E-01 5.360E+00 9.308E-01 6.437E+00 8.843E+00 2.774E+06 12.6383 1.00000
  1.413E+07 1.413E+07 2.419E+00 1.670E-01 6.059E+00 1.058E+00 7.285E+00 9.703E+00 2.939E+06 12.8679 1.00000
  1.585E+07 1.585E+07 2.431E+00 1.915E-01 6.846E+00 1.204E+00 8.241E+00 1.067E+01 3.109E+06 13.0976 1.00000
  1.778E+07 1.778E+07 2.444E+00 2.194E-01 7.731E+00 1.370E+00 9.320E+00 1.176E+01 3.281E+06 13.3275 1.00000
  1.995E+07 1.995E+07 2.456E+00 2.512E-01 8.727E+00 1.559E+00 1.054E+01 1.299E+01 3.457E+06 13.5574 1.00000
  2.239E+07 2.239E+07 2.468E+00 2.874E-01 9.847E+00 1.775E+00 1.191E+01 1.438E+01 3.635E+06 13.7873 1.00000
  2.512E+07 2.512E+07 2.480E+00 3.286E-01 1.111E+01 2.021E+00 1.346E+01 1.594E+01 3.815E+06 14.0174 1.00000
  2.818E+07 2.819E+07 2.493E+00 3.755E-01 1.252E+01 2.303E+00 1.520E+01 1.769E+01 3.997E+06 14.2475 1.00000
  3.162E+07 3.162E+07 2.505E+00 4.289E-01 1.412E+01 2.624E+00 1.717E+01 1.967E+01 4.182E+06 14.4776 1.00000
  3.548E+07 3.548E+07 2.517E+00 4.896E-01 1.591E+01 2.990E+00 1.939E+01 2.190E+01 4.367E+06 14.7077 1.00000
  3.981E+07 3.981E+07 2.529E+00 5.586E-01 1.792E+01 3.408E+00 2.189E+01 2.441E+01 4.555E+06 14.9379 1.00000
  4.467E+07 4.467E+07 2.541E+00 6.369E-01 2.018E+01 3.886E+00 2.470E+01 2.724E+01 4.743E+06 15.1681 1.00000
  5.012E+07 5.012E+07 2.553E+00 7.259E-01 2.272E+01 4.431E+00 2.788E+01 3.043E+01 4.932E+06 15.3982 1.00000
  5.623E+07 5.624E+07 2.565E+00 8.268E-01 2.557E+01 5.053E+00 3.145E+01 3.402E+01 5.122E+06 15.6285 1.00000
  6.310E+07 6.310E+07 2.577E+00 9.412E-01 2.878E+01 5.764E+00 3.548E+01 3.806E+01 5.313E+06 15.8587 1.00000
  7.079E+07 7.080E+07 2.589E+00 1.071E+00 3.238E+01 6.576E+00 4.002E+01 4.261E+01 5.504E+06 16.0889 1.00000
  7.943E+07 7.943E+07 2.601E+00 1.218E+00 3.642E+01 7.504E+00 4.514E+01 4.774E+01 5.695E+06 16.3191 1.00000
  8.913E+07 8.913E+07 2.613E+00 1.384E+00 4.096E+01 8.563E+00 5.091E+01 5.352E+01 5.887E+06 16.5494 1.00000
  1.000E+08 1.000E+08 2.625E+00 1.572E+00 4.606E+01 9.773E+00 5.740E+01 6.003E+01 6.079E+06 16.7796 1.00000
  1.122E+08 1.122E+08 2.637E+00 1.785E+00 5.178E+01 1.116E+01 6.472E+01 6.736E+01 6.270E+06 17.0098 1.00000
  1.259E+08 1.259E+08 2.649E+00 2.026E+00 5.821E+01 1.274E+01 7.297E+01 7.562E+01 6.462E+06 17.2401 1.00000
  1.413E+08 1.413E+08 2.661E+00 2.299E+00 6.542E+01 1.454E+01 8.226E+01 8.492E+01 6.654E+06 17.4703 1.00000
  1.585E+08 1.585E+08 2.673E+00 2.606E+00 7.352E+01 1.661E+01 9.273E+01 9.540E+01 6.845E+06 17.7006 1.00000
  1.778E+08 1.778E+08 2.686E+00 2.954E+00 8.261E+01 1.896E+01 1.045E+02 1.072E+02 7.036E+06 17.9308 1.00000
  1.995E+08 1.995E+08 2.698E+00 3.347E+00 9.281E+01 2.166E+01 1.178E+02 1.205E+02 7.227E+06 18.1611 1.00000
  2.239E+08 2.239E+08 2.710E+00 3.790E+00 1.043E+02 2.474E+01 1.328E+02 1.355E+02 7.417E+06 18.3914 1.00000
  2.512E+08 2.512E+08 2.723E+00 4.290E+00 1.171E+02 2.826E+01 1.497E+02 1.524E+02 7.607E+06 18.6216 1.00000
  2.818E+08 2.818E+08 2.735E+00 4.854E+00 1.316E+02 3.229E+01 1.687E+02 1.714E+02 7.797E+06 18.8519 1.00000
  3.162E+08 3.162E+08 2.748E+00 5.490E+00 1.477E+02 3.689E+01 1.901E+02 1.929E+02 7.986E+06 19.0821 1.00000
  3.548E+08 3.548E+08 2.760E+00 6.207E+00 1.659E+02 4.215E+01 2.143E+02 2.170E+02 8.174E+06 19.3124 1.00000
  3.981E+08 3.981E+08 2.773E+00 7.015E+00 1.863E+02 4.816E+01 2.415E+02 2.443E+02 8.362E+06 19.5426 1.00000
  4.467E+08 4.467E+08 2.785E+00 7.925E+00 2.092E+02 5.504E+01 2.722E+02 2.750E+02 8.550E+06 19.7729 1.00000
  5.012E+08 5.012E+08 2.798E+00 8.950E+00 2.349E+02 6.291E+01 3.067E+02 3.095E+02 8.736E+06 20.0031 1.00000
  5.623E+08 5.623E+08 2.811E+00 1.010E+01 2.637E+02 7.190E+01 3.457E+02 3.485E+02 8.923E+06 20.2334 1.00000
  6.310E+08 6.310E+08 2.824E+00 1.140E+01 2.961E+02 8.219E+01 3.897E+02 3.925E+02 9.108E+06 20.4637 1.00000
  7.079E+08 7.079E+08 2.837E+00 1.287E+01 3.324E+02 9.395E+01 4.392E+02 4.420E+02 9.293E+06 20.6939 1.00000
  7.943E+08 7.943E+08 2.850E+00 1.451E+01 3.731E+02 1.074E+02 4.950E+02 4.979E+02 9.477E+06 20.9242 1.00000
  8.913E+08 8.913E+08 2.863E+00 1.637E+01 4.188E+02 1.228E+02 5.580E+02 5.608E+02 9.660E+06 21.1544 1.00000
  1.000E+09 1.000E+09 2.876E+00 1.845E+01 4.701E+02 1.404E+02 6.290E+02 6.318E+02 9.843E+06 21.3847 1.00000
  1.122E+09 1.122E+09 2.889E+00 2.079E+01 5.277E+02 1.605E+02 7.090E+02 7.119E+02 1.002E+07 21.6149 1.00000
  1.259E+09 1.259E+09 2.902E+00 2.343E+01 5.922E+02 1.836E+02 7.993E+02 8.022E+02 1.021E+07 21.8452 1.00000
  1.413E+09 1.413E+09 2.915E+00 2.639E+01 6.647E+02 2.099E+02 9.010E+02 9.040E+02 1.039E+07 22.0755 1.00000
  1.585E+09 1.585E+09 2.929E+00 2.972E+01 7.460E+02 2.401E+02 1.016E+03 1.019E+03 1.057E+07 22.3057 1.00000
  1.778E+09 1.778E+09 2.942E+00 3.346E+01 8.373E+02 2.746E+02 1.145E+03 1.148E+03 1.074E+07 22.5360 1.00000
  1.995E+09 1.995E+09 2.956E+00 3.766E+01 9.397E+02 3.141E+02 1.291E+03 1.294E+03 1.092E+07 22.7662 1.00000
  2.239E+09 2.239E+09 2.969E+00 4.238E+01 1.055E+03 3.593E+02 1.456E+03 1.459E+03 1.110E+07 22.9965 1.00000
  2.512E+09 2.512E+09 2.983E+00 4.769E+01 1.183E+03 4.110E+02 1.642E+03 1.645E+03 1.128E+07 23.2268 1.00000
  2.818E+09 2.818E+09 2.997E+00 5.365E+01 1.328E+03 4.702E+02 1.852E+03 1.855E+03 1.145E+07 23.4570 1.00000
  3.162E+09 3.162E+09 3.011E+00 6.035E+01 1.490E+03 5.379E+02 2.089E+03 2.092E+03 1.163E+07 23.6873 1.00000
  3.548E+09 3.548E+09 3.025E+00 6.787E+01 1.672E+03 6.155E+02 2.356E+03 2.359E+03 1.180E+07 23.9175 1.00000
  3.981E+09 3.981E+09 3.039E+00 7.632E+01 1.877E+03 7.042E+02 2.657E+03 2.660E+03 1.197E+07 24.1478 1.00000
  4.467E+09 4.467E+09 3.053E+00 8.580E+01 2.106E+03 8.058E+02 2.998E+03 3.001E+03 1.214E+07 24.3780 1.00000
  5.012E+09 5.012E+09 3.067E+00 9.645E+01 2.363E+03 9.221E+02 3.382E+03 3.385E+03 1.231E+07 24.6083 1.00000
  5.623E+09 5.623E+09 3.081E+00 1.084E+02 2.652E+03 1.055E+03 3.816E+03 3.819E+03 1.248E+07 24.8386 1.00000
  6.310E+09 6.310E+09 3.095E+00 1.218E+02 2.976E+03 1.208E+03 4.305E+03 4.308E+03 1.265E+07 25.0688 1.00000
  7.079E+09 7.079E+09 3.110E+00 1.369E+02 3.339E+03 1.382E+03 4.858E+03 4.862E+03 1.282E+07 25.2991 1.00000
  7.943E+09 7.943E+09 3.124E+00 1.538E+02 3.747E+03 1.582E+03 5.483E+03 5.486E+03 1.299E+07 25.5293 1.00000
  8.913E+09 8.913E+09 3.139E+00 1.728E+02 4.204E+03 1.811E+03 6.188E+03 6.191E+03 1.315E+07 25.7596 1.00000
  1.000E+10 1.000E+10 3.153E+00 1.941E+02 4.718E+03 2.073E+03 6.985E+03 6.988E+03 1.332E+07 25.9898 1.00000
  1.122E+10 1.122E+10 3.168E+00 2.181E+02 5.294E+03 2.373E+03 7.885E+03 7.888E+03 1.348E+07 26.2201 1.00000
  1.259E+10 1.259E+10 3.183E+00 2.449E+02 5.940E+03 2.717E+03 8.902E+03 8.905E+03 1.365E+07 26.4503 1.00000
  1.413E+10 1.413E+10 3.198E+00 2.751E+02 6.665E+03 3.111E+03 1.005E+04 1.005E+04 1.381E+07 26.6806 1.00000
  1.585E+10 1.585E+10 3.213E+00 3.089E+02 7.479E+03 3.562E+03 1.135E+04 1.135E+04 1.397E+07 26.9108 1.00000
  1.778E+10 1.778E+10 3.228E+00 3.469E+02 8.391E+03 4.079E+03 1.282E+04 1.282E+04 1.413E+07 27.1410 1.00000
  1.995E+10 1.995E+10 3.243E+00 3.895E+02 9.416E+03 4.671E+03 1.448E+04 1.448E+04 1.429E+07 27.3713 1.00000
  2.239E+10 2.239E+10 3.258E+00 4.374E+02 1.056E+04 5.349E+03 1.635E+04 1.635E+04 1.445E+07 27.6012 1.00000
  2.512E+10 2.512E+10 3.273E+00 4.910E+02 1.185E+04 6.125E+03 1.847E+04 1.847E+04 1.461E+07 27.8314 1.00000
  2.818E+10 2.818E+10 3.289E+00 5.513E+02 1.330E+04 7.015E+03 2.087E+04 2.087E+04 1.476E+07 28.0617 1.00000
  3.162E+10 3.162E+10 3.304E+00 6.189E+02 1.492E+04 8.035E+03 2.358E+04 2.358E+04 1.492E+07 28.2904 1.00000
  3.548E+10 3.548E+10 3.320E+00 6.948E+02 1.675E+04 9.204E+03 2.664E+04 2.665E+04 1.507E+07 28.5207 1.00000
  3.981E+10 3.981E+10 3.335E+00 7.799E+02 1.879E+04 1.054E+04 3.011E+04 3.012E+04 1.522E+07 28.7509 1.00000
  4.467E+10 4.467E+10 3.351E+00 8.754E+02 2.108E+04 1.208E+04 3.404E+04 3.404E+04 1.537E+07 28.9812 1.00000
  5.012E+10 5.012E+10 3.367E+00 9.826E+02 2.366E+04 1.384E+04 3.847E+04 3.848E+04 1.553E+07 29.2049 1.00000
  5.623E+10 5.623E+10 3.383E+00 1.103E+03 2.654E+04 1.585E+04 4.350E+04 4.350E+04 1.567E+07 29.4352 1.00000
  6.310E+10 6.310E+10 3.399E+00 1.238E+03 2.978E+04 1.816E+04 4.918E+04 4.918E+04 1.582E+07 29.6655 1.00000
  7.079E+10 7.079E+10 3.417E+00 1.389E+03 3.342E+04 2.081E+04 5.561E+04 5.562E+04 1.597E+07 29.8666 1.00000
  7.943E+10 7.943E+10 3.434E+00 1.559E+03 3.749E+04 2.385E+04 6.290E+04 6.290E+04 1.612E+07 30.0968 1.00000
  8.913E+10 8.913E+10 3.450E+00 1.750E+03 4.207E+04 2.732E+04 7.114E+04 7.115E+04 1.626E+07 30.3271 1.00000
  1.000E+11 1.000E+11 3.466E+00 1.964E+03 4.720E+04 3.131E+04 8.048E+04 8.048E+04 1.640E+07 30.5573 1.00000
  1.122E+11 1.122E+11 3.483E+00 2.204E+03 5.296E+04 3.589E+04 9.105E+04 9.106E+04 1.655E+07 30.7876 1.00000
  1.259E+11 1.259E+11 3.510E+00 2.473E+03 5.942E+04 4.113E+04 1.030E+05 1.030E+05 1.669E+07 30.8624 1.00000
  1.413E+11 1.413E+11 3.526E+00 2.776E+03 6.667E+04 4.714E+04 1.166E+05 1.166E+05 1.683E+07 31.0927 1.00000
  1.585E+11 1.585E+11 3.543E+00 3.115E+03 7.481E+04 5.404E+04 1.320E+05 1.320E+05 1.697E+07 31.3229 1.00000
  1.778E+11 1.778E+11 3.560E+00 3.495E+03 8.394E+04 6.194E+04 1.494E+05 1.494E+05 1.710E+07 31.5532 1.00000
  1.995E+11 1.995E+11 3.577E+00 3.922E+03 9.418E+04 7.101E+04 1.691E+05 1.691E+05 1.724E+07 31.7834 1.00000
  2.239E+11 2.239E+11 3.594E+00 4.401E+03 1.057E+05 8.141E+04 1.915E+05 1.915E+05 1.738E+07 32.0137 1.00000
  2.512E+11 2.512E+11 3.611E+00 4.939E+03 1.186E+05 9.333E+04 2.168E+05 2.168E+05 1.751E+07 32.2439 1.00000
  2.818E+11 2.818E+11 3.628E+00 5.542E+03 1.330E+05 1.070E+05 2.456E+05 2.456E+05 1.764E+07 32.4742 1.00000
  3.162E+11 3.162E+11 3.645E+00 6.219E+03 1.493E+05 1.227E+05 2.782E+05 2.782E+05 1.777E+07 32.7045 1.00000
  3.548E+11 3.548E+11 3.663E+00 6.978E+03 1.675E+05 1.407E+05 3.152E+05 3.152E+05 1.790E+07 32.9347 1.00000
  3.981E+11 3.981E+11 3.680E+00 7.830E+03 1.879E+05 1.613E+05 3.571E+05 3.571E+05 1.803E+07 33.1650 1.00000
  4.467E+11 4.467E+11 3.698E+00 8.786E+03 2.108E+05 1.850E+05 4.046E+05 4.047E+05 1.816E+07 33.3952 1.00000
  5.012E+11 5.012E+11 3.716E+00 9.859E+03 2.366E+05 2.122E+05 4.586E+05 4.586E+05 1.829E+07 33.6255 1.00000
  5.623E+11 5.623E+11 3.734E+00 1.106E+04 2.654E+05 2.434E+05 5.199E+05 5.199E+05 1.841E+07 33.8558 1.00000
  6.310E+11 6.310E+11 3.751E+00 1.241E+04 2.978E+05 2.791E+05 5.894E+05 5.894E+05 1.854E+07 34.0860 1.00000
  7.079E+11 7.079E+11 3.769E+00 1.393E+04 3.342E+05 3.202E+05 6.683E+05 6.683E+05 1.866E+07 34.3163 1.00000
  7.943E+11 7.943E+11 3.788E+00 1.563E+04 3.749E+05 3.673E+05 7.578E+05 7.578E+05 1.878E+07 34.5465 1.00000
  8.913E+11 8.913E+11 3.806E+00 1.754E+04 4.207E+05 4.213E+05 8.595E+05 8.595E+05 1.890E+07 34.7768 1.00000
  1.000E+12 1.000E+12 3.824E+00 1.968E+04 4.720E+05 4.833E+05 9.750E+05 9.750E+05 1.902E+07 35.0071 1.00000
  1.122E+12 1.122E+12 3.842E+00 2.208E+04 5.296E+05 5.545E+05 1.106E+06 1.106E+06 1.914E+07 35.2373 1.00000
  1.259E+12 1.259E+12 3.861E+00 2.477E+04 5.942E+05 6.362E+05 1.255E+06 1.255E+06 1.925E+07 35.4676 1.00000
  1.413E+12 1.413E+12 3.880E+00 2.780E+04 6.668E+05 7.299E+05 1.424E+06 1.424E+06 1.937E+07 35.6978 1.00000
  1.585E+12 1.585E+12 3.898E+00 3.119E+04 7.481E+05 8.376E+05 1.617E+06 1.617E+06 1.948E+07 35.9281 1.00000
  1.778E+12 1.778E+12 3.917E+00 3.499E+04 8.394E+05 9.611E+05 1.836E+06 1.836E+06 1.959E+07 36.1583 1.00000
  1.995E+12 1.995E+12 3.936E+00 3.926E+04 9.418E+05 1.103E+06 2.084E+06 2.084E+06 1.970E+07 36.3886 1.00000
  2.239E+12 2.239E+12 3.955E+00 4.406E+04 1.057E+06 1.266E+06 2.367E+06 2.367E+06 1.981E+07 36.6189 1.00000
  2.512E+12 2.512E+12 3.974E+00 4.943E+04 1.186E+06 1.453E+06 2.688E+06 2.688E+06 1.992E+07 36.8491 1.00000
  2.818E+12 2.818E+12 3.993E+00 5.546E+04 1.330E+06 1.667E+06 3.053E+06 3.053E+06 2.003E+07 37.0794 1.00000
  3.162E+12 3.162E+12 4.013E+00 6.223E+04 1.493E+06 1.914E+06 3.469E+06 3.469E+06 2.014E+07 37.3096 1.00000
  3.548E+12 3.548E+12 4.032E+00 6.983E+04 1.675E+06 2.197E+06 3.941E+06 3.941E+06 2.024E+07 37.5399 1.00000
  3.981E+12 3.981E+12 4.052E+00 7.835E+04 1.879E+06 2.522E+06 4.479E+06 4.479E+06 2.034E+07 37.7702 1.00000
  4.467E+12 4.467E+12 4.072E+00 8.791E+04 2.108E+06 2.895E+06 5.091E+06 5.091E+06 2.044E+07 38.0004 1.00000
  5.012E+12 5.012E+12 4.091E+00 9.863E+04 2.366E+06 3.323E+06 5.788E+06 5.788E+06 2.054E+07 38.2307 1.00000
  5.623E+12 5.623E+12 4.111E+00 1.107E+05 2.654E+06 3.815E+06 6.580E+06 6.580E+06 2.064E+07 38.4609 1.00000
  6.310E+12 6.310E+12 4.131E+00 1.242E+05 2.978E+06 4.381E+06 7.483E+06 7.483E+06 2.074E+07 38.6912 1.00000
  7.079E+12 7.079E+12 4.151E+00 1.393E+05 3.342E+06 5.030E+06 8.511E+06 8.511E+06 2.084E+07 38.9214 1.00000
  7.943E+12 7.943E+12 4.171E+00 1.563E+05 3.749E+06 5.776E+06 9.681E+06 9.681E+06 2.093E+07 39.1517 1.00000
  8.913E+12 8.913E+12 4.192E+00 1.754E+05 4.207E+06 6.632E+06 1.101E+07 1.101E+07 2.103E+07 39.3820 1.00000
  1.000E+13 1.000E+13 4.212E+00 1.968E+05 4.720E+06 7.616E+06 1.253E+07 1.253E+07 2.112E+07 39.6122 1.00000
  1.122E+13 1.122E+13 4.233E+00 2.208E+05 5.296E+06 8.747E+06 1.426E+07 1.426E+07 2.121E+07 39.8425 1.00000
  1.259E+13 1.259E+13 4.253E+00 2.478E+05 5.942E+06 1.005E+07 1.624E+07 1.624E+07 2.130E+07 40.0727 1.00000
  1.413E+13 1.413E+13 4.274E+00 2.780E+05 6.667E+06 1.154E+07 1.848E+07 1.848E+07 2.139E+07 40.3030 1.00000
  1.585E+13 1.585E+13 4.295E+00 3.119E+05 7.481E+06 1.325E+07 2.105E+07 2.105E+07 2.148E+07 40.5333 1.00000
  1.778E+13 1.778E+13 4.316E+00 3.500E+05 8.393E+06 1.522E+07 2.397E+07 2.397E+07 2.156E+07 40.7635 1.00000
  1.995E+13 1.995E+13 4.337E+00 3.927E+05 9.418E+06 1.749E+07 2.730E+07 2.730E+07 2.165E+07 40.9938 1.00000
  2.239E+13 2.239E+13 4.358E+00 4.406E+05 1.057E+07 2.009E+07 3.110E+07 3.110E+07 2.173E+07 41.2240 1.00000
  2.512E+13 2.512E+13 4.380E+00 4.944E+05 1.186E+07 2.308E+07 3.543E+07 3.543E+07 2.181E+07 41.4543 1.00000
  2.818E+13 2.818E+13 4.401E+00 5.547E+05 1.330E+07 2.651E+07 4.037E+07 4.037E+07 2.189E+07 41.6845 1.00000
  3.162E+13 3.162E+13 4.423E+00 6.224E+05 1.493E+07 3.046E+07 4.601E+07 4.601E+07 2.197E+07 41.9148 1.00000
  3.548E+13 3.548E+13 4.444E+00 6.983E+05 1.675E+07 3.500E+07 5.244E+07 5.244E+07 2.205E+07 42.1451 1.00000
  3.981E+13 3.981E+13 4.466E+00 7.835E+05 1.879E+07 4.022E+07 5.979E+07 5.979E+07 2.213E+07 42.3753 1.00000
  4.467E+13 4.467E+13 4.488E+00 8.791E+05 2.108E+07 4.621E+07 6.817E+07 6.817E+07 2.221E+07 42.6056 1.00000
  5.012E+13 5.012E+13 4.510E+00 9.864E+05 2.366E+07 5.310E+07 7.775E+07 7.775E+07 2.228E+07 42.8358 1.00000
  5.623E+13 5.623E+13 4.532E+00 1.107E+06 2.654E+07 6.103E+07 8.868E+07 8.868E+07 2.235E+07 43.0661 1.00000
  6.310E+13 6.310E+13 4.555E+00 1.242E+06 2.978E+07 7.014E+07 1.012E+08 1.012E+08 2.243E+07 43.2964 1.00000
  7.079E+13 7.079E+13 4.577E+00 1.393E+06 3.341E+07 8.061E+07 1.154E+08 1.154E+08 2.250E+07 43.5266 1.00000
  7.943E+13 7.943E+13 4.600E+00 1.563E+06 3.749E+07 9.265E+07 1.317E+08 1.317E+08 2.257E+07 43.7569 1.00000
  8.913E+13 8.913E+13 4.622E+00 1.754E+06 4.206E+07 1.065E+08 1.503E+08 1.503E+08 2.264E+07 43.9871 1.00000
  1.000E+14 1.000E+14 4.645E+00 1.968E+06 4.720E+07 1.224E+08 1.716E+08 1.716E+08 2.270E+07 44.2174 1.00000
  1.122E+14 1.122E+14 4.668E+00 2.208E+06 5.296E+07 1.407E+08 1.959E+08 1.959E+08 2.277E+07 44.4476 1.00000
  1.259E+14 1.259E+14 4.691E+00 2.478E+06 5.942E+07 1.618E+08 2.237E+08 2.237E+08 2.284E+07 44.6779 1.00000
  1.413E+14 1.413E+14 4.714E+00 2.780E+06 6.667E+07 1.860E+08 2.554E+08 2.554E+08 2.290E+07 44.9082 1.00000
  1.585E+14 1.585E+14 4.737E+00 3.119E+06 7.480E+07 2.138E+08 2.917E+08 2.917E+08 2.296E+07 45.1384 1.00000
  1.778E+14 1.778E+14 4.760E+00 3.500E+06 8.393E+07 2.458E+08 3.332E+08 3.332E+08 2.303E+07 45.3687 1.00000
  1.995E+14 1.995E+14 4.784E+00 3.927E+06 9.417E+07 2.826E+08 3.807E+08 3.807E+08 2.309E+07 45.5989 1.00000
  2.239E+14 2.239E+14 4.808E+00 4.406E+06 1.057E+08 3.250E+08 4.350E+08 4.350E+08 2.315E+07 45.8292 1.00000
  2.512E+14 2.512E+14 4.831E+00 4.944E+06 1.185E+08 3.737E+08 4.972E+08 4.972E+08 2.320E+07 46.0595 1.00000
  2.818E+14 2.818E+14 4.855E+00 5.547E+06 1.330E+08 4.297E+08 5.682E+08 5.682E+08 2.326E+07 46.2897 1.00000
  3.162E+14 3.162E+14 4.879E+00 6.224E+06 1.492E+08 4.941E+08 6.496E+08 6.496E+08 2.332E+07 46.5200 1.00000
  3.548E+14 3.548E+14 4.903E+00 6.983E+06 1.675E+08 5.683E+08 7.427E+08 7.427E+08 2.337E+07 46.7502 1.00000
  3.981E+14 3.981E+14 4.927E+00 7.835E+06 1.879E+08 6.535E+08 8.493E+08 8.493E+08 2.343E+07 46.9805 1.00000
  4.467E+14 4.467E+14 4.952E+00 8.791E+06 2.108E+08 7.517E+08 9.713E+08 9.713E+08 2.348E+07 47.2108 1.00000
  5.012E+14 5.012E+14 4.976E+00 9.864E+06 2.365E+08 8.645E+08 1.111E+09 1.111E+09 2.353E+07 47.4410 1.00000
  5.623E+14 5.623E+14 5.001E+00 1.107E+07 2.654E+08 9.944E+08 1.271E+09 1.271E+09 2.359E+07 47.6713 1.00000
  6.310E+14 6.310E+14 5.026E+00 1.242E+07 2.978E+08 1.144E+09 1.454E+09 1.454E+09 2.364E+07 47.9015 1.00000
  7.079E+14 7.079E+14 5.050E+00 1.393E+07 3.341E+08 1.316E+09 1.664E+09 1.664E+09 2.369E+07 48.1318 1.00000
  7.943E+14 7.943E+14 5.075E+00 1.563E+07 3.749E+08 1.514E+09 1.904E+09 1.904E+09 2.373E+07 48.3620 1.00000
  8.913E+14 8.913E+14 5.101E+00 1.754E+07 4.206E+08 1.741E+09 2.179E+09 2.179E+09 2.378E+07 48.5923 1.00000
  1.000E+15 1.000E+15 5.126E+00 1.968E+07 4.719E+08 2.003E+09 2.495E+09 2.495E+09 2.383E+07 48.8226 1.00000
