 Incident particle is a Tau with M = 1776.82000 MeV
 Index = 0: Magnesium
      Absorber with <Z/A> = 0.49371
 Sternheimer coef:  a     k=m_s   x_0    x_1    I[eV]   Cbar  delta0
                 0.0816  3.6166  0.1499  3.0668  156.0  4.5297 0.08

 *** Table generated with PUMAS v1.00 ***

      T         p     Ionization  brems     pair     photonuc  Radloss    dE/dx   CSDA Range  delta   beta
    [MeV]    [MeV/c]  -----------------------[MeV cm^2/g]------------------------  [g/cm^2]
  1.000E+05 1.018E+05 2.132E+00 2.254E-04 3.553E-03 8.144E-03 1.192E-02 2.144E+00 2.332E+04  3.7819 0.99985
  1.122E+05 1.140E+05 2.152E+00 2.606E-04 4.274E-03 9.184E-03 1.372E-02 2.166E+00 2.898E+04  3.9805 0.99988
  1.259E+05 1.277E+05 2.171E+00 3.011E-04 5.124E-03 1.030E-02 1.573E-02 2.187E+00 3.527E+04  4.1821 0.99990
  1.413E+05 1.430E+05 2.191E+00 3.477E-04 6.124E-03 1.156E-02 1.803E-02 2.209E+00 4.226E+04  4.3866 0.99992
  1.585E+05 1.603E+05 2.210E+00 4.013E-04 7.299E-03 1.296E-02 2.066E-02 2.231E+00 5.003E+04  4.5938 0.99994
  1.778E+05 1.796E+05 2.230E+00 4.629E-04 8.676E-03 1.453E-02 2.367E-02 2.253E+00 5.865E+04  4.8036 0.99995
  1.995E+05 2.013E+05 2.249E+00 5.338E-04 1.029E-02 1.631E-02 2.713E-02 2.276E+00 6.823E+04  5.0156 0.99996
  2.239E+05 2.256E+05 2.268E+00 6.152E-04 1.217E-02 1.826E-02 3.104E-02 2.299E+00 7.888E+04  5.2298 0.99997
  2.512E+05 2.530E+05 2.287E+00 7.087E-04 1.436E-02 2.044E-02 3.551E-02 2.322E+00 9.070E+04  5.4459 0.99998
  2.818E+05 2.836E+05 2.305E+00 8.160E-04 1.691E-02 2.289E-02 4.062E-02 2.346E+00 1.038E+05  5.6639 0.99998
  3.162E+05 3.180E+05 2.324E+00 9.391E-04 1.987E-02 2.566E-02 4.647E-02 2.371E+00 1.184E+05  5.8835 0.99998
  3.548E+05 3.566E+05 2.343E+00 1.080E-03 2.330E-02 2.877E-02 5.315E-02 2.396E+00 1.346E+05  6.1047 0.99999
  3.981E+05 3.999E+05 2.361E+00 1.242E-03 2.727E-02 3.223E-02 6.074E-02 2.422E+00 1.526E+05  6.3272 0.99999
  4.467E+05 4.485E+05 2.379E+00 1.428E-03 3.186E-02 3.611E-02 6.940E-02 2.449E+00 1.725E+05  6.5509 0.99999
  5.012E+05 5.030E+05 2.398E+00 1.640E-03 3.716E-02 4.047E-02 7.928E-02 2.477E+00 1.947E+05  6.7757 0.99999
  5.623E+05 5.641E+05 2.416E+00 1.884E-03 4.328E-02 4.519E-02 9.035E-02 2.506E+00 2.192E+05  7.0015 1.00000
  6.310E+05 6.327E+05 2.434E+00 2.163E-03 5.031E-02 5.051E-02 1.030E-01 2.537E+00 2.464E+05  7.2282 1.00000
  7.079E+05 7.097E+05 2.452E+00 2.482E-03 5.840E-02 5.651E-02 1.174E-01 2.569E+00 2.766E+05  7.4555 1.00000
  7.943E+05 7.961E+05 2.470E+00 2.847E-03 6.769E-02 6.327E-02 1.338E-01 2.603E+00 3.100E+05  7.6835 1.00000
  8.913E+05 8.930E+05 2.487E+00 3.264E-03 7.835E-02 7.092E-02 1.525E-01 2.640E+00 3.469E+05  7.9120 1.00000
  1.000E+06 1.002E+06 2.505E+00 3.742E-03 9.057E-02 7.956E-02 1.739E-01 2.679E+00 3.878E+05  8.1410 1.00000
  1.122E+06 1.124E+06 2.522E+00 4.287E-03 1.045E-01 8.933E-02 1.982E-01 2.720E+00 4.330E+05  8.3703 1.00000
  1.259E+06 1.261E+06 2.540E+00 4.911E-03 1.205E-01 1.004E-01 2.258E-01 2.766E+00 4.830E+05  8.5998 1.00000
  1.413E+06 1.414E+06 2.557E+00 5.623E-03 1.388E-01 1.129E-01 2.573E-01 2.814E+00 5.380E+05  8.8296 1.00000
  1.585E+06 1.587E+06 2.574E+00 6.437E-03 1.596E-01 1.271E-01 2.932E-01 2.867E+00 5.987E+05  9.0595 1.00000
  1.778E+06 1.780E+06 2.591E+00 7.366E-03 1.833E-01 1.433E-01 3.340E-01 2.925E+00 6.655E+05  9.2895 1.00000
  1.995E+06 1.997E+06 2.608E+00 8.427E-03 2.104E-01 1.616E-01 3.804E-01 2.988E+00 7.389E+05  9.5195 1.00000
  2.239E+06 2.240E+06 2.625E+00 9.637E-03 2.411E-01 1.823E-01 4.331E-01 3.058E+00 8.194E+05  9.7496 1.00000
  2.512E+06 2.514E+06 2.641E+00 1.102E-02 2.761E-01 2.059E-01 4.930E-01 3.134E+00 9.077E+05  9.9796 1.00000
  2.818E+06 2.820E+06 2.658E+00 1.259E-02 3.158E-01 2.327E-01 5.611E-01 3.219E+00 1.004E+06 10.2097 1.00000
  3.162E+06 3.164E+06 2.674E+00 1.439E-02 3.609E-01 2.632E-01 6.385E-01 3.312E+00 1.110E+06 10.4399 1.00000
  3.548E+06 3.550E+06 2.690E+00 1.644E-02 4.120E-01 2.978E-01 7.263E-01 3.416E+00 1.224E+06 10.6700 1.00000
  3.981E+06 3.983E+06 2.706E+00 1.877E-02 4.699E-01 3.373E-01 8.260E-01 3.532E+00 1.349E+06 10.9002 1.00000
  4.467E+06 4.469E+06 2.722E+00 2.143E-02 5.355E-01 3.821E-01 9.391E-01 3.661E+00 1.484E+06 11.1303 1.00000
  5.012E+06 5.014E+06 2.738E+00 2.446E-02 6.098E-01 4.332E-01 1.067E+00 3.805E+00 1.630E+06 11.3605 1.00000
  5.623E+06 5.625E+06 2.753E+00 2.790E-02 6.937E-01 4.913E-01 1.213E+00 3.966E+00 1.787E+06 11.5907 1.00000
  6.310E+06 6.311E+06 2.769E+00 3.183E-02 7.886E-01 5.575E-01 1.378E+00 4.147E+00 1.957E+06 11.8209 1.00000
  7.079E+06 7.081E+06 2.784E+00 3.630E-02 8.959E-01 6.329E-01 1.565E+00 4.349E+00 2.138E+06 12.0511 1.00000
  7.943E+06 7.945E+06 2.799E+00 4.138E-02 1.017E+00 7.188E-01 1.777E+00 4.576E+00 2.332E+06 12.2813 1.00000
  8.913E+06 8.914E+06 2.814E+00 4.716E-02 1.154E+00 8.168E-01 2.017E+00 4.831E+00 2.538E+06 12.5115 1.00000
  1.000E+07 1.000E+07 2.829E+00 5.373E-02 1.308E+00 9.283E-01 2.290E+00 5.118E+00 2.757E+06 12.7417 1.00000
  1.122E+07 1.122E+07 2.843E+00 6.121E-02 1.481E+00 1.056E+00 2.598E+00 5.441E+00 2.988E+06 12.9719 1.00000
  1.259E+07 1.259E+07 2.858E+00 6.970E-02 1.677E+00 1.201E+00 2.948E+00 5.805E+00 3.232E+06 13.2021 1.00000
  1.413E+07 1.413E+07 2.872E+00 7.935E-02 1.898E+00 1.366E+00 3.343E+00 6.215E+00 3.488E+06 13.4324 1.00000
  1.585E+07 1.585E+07 2.886E+00 9.031E-02 2.147E+00 1.555E+00 3.791E+00 6.678E+00 3.755E+06 13.6626 1.00000
  1.778E+07 1.778E+07 2.900E+00 1.028E-01 2.426E+00 1.770E+00 4.299E+00 7.199E+00 4.035E+06 13.8928 1.00000
  1.995E+07 1.995E+07 2.915E+00 1.169E-01 2.742E+00 2.015E+00 4.873E+00 7.788E+00 4.325E+06 14.1231 1.00000
  2.239E+07 2.239E+07 2.929E+00 1.329E-01 3.096E+00 2.295E+00 5.524E+00 8.452E+00 4.625E+06 14.3533 1.00000
  2.512E+07 2.512E+07 2.943E+00 1.511E-01 3.495E+00 2.614E+00 6.260E+00 9.203E+00 4.935E+06 14.5835 1.00000
  2.818E+07 2.819E+07 2.956E+00 1.717E-01 3.944E+00 2.979E+00 7.094E+00 1.005E+01 5.254E+06 14.8138 1.00000
  3.162E+07 3.162E+07 2.970E+00 1.951E-01 4.448E+00 3.394E+00 8.037E+00 1.101E+01 5.581E+06 15.0440 1.00000
  3.548E+07 3.548E+07 2.984E+00 2.216E-01 5.015E+00 3.869E+00 9.106E+00 1.209E+01 5.916E+06 15.2743 1.00000
  3.981E+07 3.981E+07 2.998E+00 2.516E-01 5.653E+00 4.410E+00 1.031E+01 1.331E+01 6.258E+06 15.5045 1.00000
  4.467E+07 4.467E+07 3.011E+00 2.857E-01 6.369E+00 5.029E+00 1.168E+01 1.469E+01 6.605E+06 15.7348 1.00000
  5.012E+07 5.012E+07 3.025E+00 3.242E-01 7.174E+00 5.734E+00 1.323E+01 1.626E+01 6.958E+06 15.9650 1.00000
  5.623E+07 5.624E+07 3.039E+00 3.678E-01 8.079E+00 6.540E+00 1.499E+01 1.803E+01 7.316E+06 16.1953 1.00000
  6.310E+07 6.310E+07 3.053E+00 4.172E-01 9.095E+00 7.459E+00 1.697E+01 2.002E+01 7.678E+06 16.4255 1.00000
  7.079E+07 7.080E+07 3.066E+00 4.730E-01 1.024E+01 8.509E+00 1.922E+01 2.229E+01 8.043E+06 16.6558 1.00000
  7.943E+07 7.943E+07 3.080E+00 5.362E-01 1.152E+01 9.708E+00 2.176E+01 2.484E+01 8.410E+06 16.8860 1.00000
  8.913E+07 8.913E+07 3.094E+00 6.077E-01 1.296E+01 1.108E+01 2.464E+01 2.774E+01 8.780E+06 17.1163 1.00000
  1.000E+08 1.000E+08 3.108E+00 6.884E-01 1.458E+01 1.264E+01 2.790E+01 3.101E+01 9.152E+06 17.3465 1.00000
  1.122E+08 1.122E+08 3.121E+00 7.797E-01 1.639E+01 1.443E+01 3.160E+01 3.472E+01 9.524E+06 17.5768 1.00000
  1.259E+08 1.259E+08 3.135E+00 8.828E-01 1.843E+01 1.646E+01 3.578E+01 3.891E+01 9.897E+06 17.8070 1.00000
  1.413E+08 1.413E+08 3.149E+00 9.993E-01 2.072E+01 1.879E+01 4.051E+01 4.366E+01 1.027E+07 18.0373 1.00000
  1.585E+08 1.585E+08 3.163E+00 1.131E+00 2.329E+01 2.145E+01 4.587E+01 4.904E+01 1.064E+07 18.2676 1.00000
  1.778E+08 1.778E+08 3.177E+00 1.279E+00 2.617E+01 2.449E+01 5.194E+01 5.512E+01 1.102E+07 18.4978 1.00000
  1.995E+08 1.995E+08 3.191E+00 1.447E+00 2.941E+01 2.796E+01 5.882E+01 6.201E+01 1.139E+07 18.7281 1.00000
  2.239E+08 2.239E+08 3.205E+00 1.636E+00 3.304E+01 3.193E+01 6.661E+01 6.982E+01 1.176E+07 18.9583 1.00000
  2.512E+08 2.512E+08 3.219E+00 1.850E+00 3.712E+01 3.646E+01 7.543E+01 7.865E+01 1.213E+07 19.1886 1.00000
  2.818E+08 2.818E+08 3.233E+00 2.090E+00 4.170E+01 4.164E+01 8.543E+01 8.866E+01 1.250E+07 19.4188 1.00000
  3.162E+08 3.162E+08 3.248E+00 2.361E+00 4.684E+01 4.755E+01 9.675E+01 1.000E+02 1.286E+07 19.6491 1.00000
  3.548E+08 3.548E+08 3.262E+00 2.667E+00 5.261E+01 5.431E+01 1.096E+02 1.128E+02 1.323E+07 19.8794 1.00000
  3.981E+08 3.981E+08 3.276E+00 3.012E+00 5.908E+01 6.203E+01 1.241E+02 1.274E+02 1.359E+07 20.1096 1.00000
  4.467E+08 4.467E+08 3.291E+00 3.400E+00 6.634E+01 7.086E+01 1.406E+02 1.439E+02 1.395E+07 20.3399 1.00000
  5.012E+08 5.012E+08 3.305E+00 3.837E+00 7.450E+01 8.095E+01 1.593E+02 1.626E+02 1.430E+07 20.5701 1.00000
  5.623E+08 5.623E+08 3.320E+00 4.330E+00 8.364E+01 9.247E+01 1.804E+02 1.838E+02 1.466E+07 20.8004 1.00000
  6.310E+08 6.310E+08 3.335E+00 4.884E+00 9.391E+01 1.057E+02 2.044E+02 2.078E+02 1.501E+07 21.0306 1.00000
  7.079E+08 7.079E+08 3.349E+00 5.509E+00 1.054E+02 1.207E+02 2.316E+02 2.350E+02 1.536E+07 21.2609 1.00000
  7.943E+08 7.943E+08 3.364E+00 6.211E+00 1.184E+02 1.379E+02 2.625E+02 2.659E+02 1.571E+07 21.4912 1.00000
  8.913E+08 8.913E+08 3.379E+00 7.002E+00 1.329E+02 1.576E+02 2.975E+02 3.009E+02 1.605E+07 21.7214 1.00000
  1.000E+09 1.000E+09 3.394E+00 7.892E+00 1.491E+02 1.801E+02 3.371E+02 3.405E+02 1.639E+07 21.9517 1.00000
  1.122E+09 1.122E+09 3.409E+00 8.893E+00 1.674E+02 2.058E+02 3.821E+02 3.855E+02 1.673E+07 22.1819 1.00000
  1.259E+09 1.259E+09 3.424E+00 1.002E+01 1.879E+02 2.352E+02 4.332E+02 4.366E+02 1.706E+07 22.4122 1.00000
  1.413E+09 1.413E+09 3.439E+00 1.128E+01 2.109E+02 2.689E+02 4.911E+02 4.945E+02 1.739E+07 22.6424 1.00000
  1.585E+09 1.585E+09 3.455E+00 1.271E+01 2.367E+02 3.073E+02 5.567E+02 5.602E+02 1.772E+07 22.8727 1.00000
  1.778E+09 1.778E+09 3.470E+00 1.431E+01 2.656E+02 3.513E+02 6.313E+02 6.347E+02 1.804E+07 23.1030 1.00000
  1.995E+09 1.995E+09 3.486E+00 1.611E+01 2.981E+02 4.016E+02 7.158E+02 7.193E+02 1.837E+07 23.3332 1.00000
  2.239E+09 2.239E+09 3.501E+00 1.813E+01 3.346E+02 4.591E+02 8.118E+02 8.153E+02 1.869E+07 23.5635 1.00000
  2.512E+09 2.512E+09 3.517E+00 2.040E+01 3.755E+02 5.249E+02 9.208E+02 9.243E+02 1.900E+07 23.7937 1.00000
  2.818E+09 2.818E+09 3.532E+00 2.296E+01 4.214E+02 6.001E+02 1.044E+03 1.048E+03 1.931E+07 24.0240 1.00000
  3.162E+09 3.162E+09 3.548E+00 2.583E+01 4.729E+02 6.861E+02 1.185E+03 1.188E+03 1.962E+07 24.2543 1.00000
  3.548E+09 3.548E+09 3.564E+00 2.905E+01 5.307E+02 7.845E+02 1.344E+03 1.348E+03 1.993E+07 24.4845 1.00000
  3.981E+09 3.981E+09 3.580E+00 3.267E+01 5.955E+02 8.971E+02 1.525E+03 1.529E+03 2.023E+07 24.7148 1.00000
  4.467E+09 4.467E+09 3.596E+00 3.674E+01 6.682E+02 1.026E+03 1.731E+03 1.734E+03 2.053E+07 24.9450 1.00000
  5.012E+09 5.012E+09 3.612E+00 4.131E+01 7.499E+02 1.173E+03 1.964E+03 1.968E+03 2.082E+07 25.1753 1.00000
  5.623E+09 5.623E+09 3.629E+00 4.644E+01 8.414E+02 1.342E+03 2.230E+03 2.233E+03 2.112E+07 25.4055 1.00000
  6.310E+09 6.310E+09 3.645E+00 5.220E+01 9.442E+02 1.535E+03 2.531E+03 2.535E+03 2.140E+07 25.6358 1.00000
  7.079E+09 7.079E+09 3.661E+00 5.867E+01 1.059E+03 1.755E+03 2.874E+03 2.877E+03 2.169E+07 25.8661 1.00000
  7.943E+09 7.943E+09 3.678E+00 6.593E+01 1.189E+03 2.008E+03 3.263E+03 3.266E+03 2.197E+07 26.0963 1.00000
  8.913E+09 8.913E+09 3.695E+00 7.409E+01 1.334E+03 2.297E+03 3.705E+03 3.709E+03 2.225E+07 26.3266 1.00000
  1.000E+10 1.000E+10 3.711E+00 8.325E+01 1.497E+03 2.628E+03 4.208E+03 4.212E+03 2.253E+07 26.5568 1.00000
  1.122E+10 1.122E+10 3.728E+00 9.353E+01 1.680E+03 3.006E+03 4.779E+03 4.783E+03 2.280E+07 26.7871 1.00000
  1.259E+10 1.259E+10 3.745E+00 1.051E+02 1.885E+03 3.440E+03 5.429E+03 5.433E+03 2.307E+07 27.0174 1.00000
  1.413E+10 1.413E+10 3.762E+00 1.180E+02 2.115E+03 3.935E+03 6.168E+03 6.172E+03 2.333E+07 27.2476 1.00000
  1.585E+10 1.585E+10 3.779E+00 1.326E+02 2.373E+03 4.503E+03 7.008E+03 7.012E+03 2.360E+07 27.4779 1.00000
  1.778E+10 1.778E+10 3.796E+00 1.489E+02 2.662E+03 5.153E+03 7.964E+03 7.968E+03 2.386E+07 27.7081 1.00000
  1.995E+10 1.995E+10 3.814E+00 1.672E+02 2.987E+03 5.896E+03 9.051E+03 9.055E+03 2.411E+07 27.9384 1.00000
  2.239E+10 2.239E+10 3.831E+00 1.878E+02 3.352E+03 6.748E+03 1.029E+04 1.029E+04 2.437E+07 28.1687 1.00000
  2.512E+10 2.512E+10 3.848E+00 2.109E+02 3.761E+03 7.723E+03 1.169E+04 1.170E+04 2.461E+07 28.3989 1.00000
  2.818E+10 2.818E+10 3.866E+00 2.368E+02 4.219E+03 8.839E+03 1.330E+04 1.330E+04 2.486E+07 28.6292 1.00000
  3.162E+10 3.162E+10 3.884E+00 2.658E+02 4.734E+03 1.012E+04 1.512E+04 1.512E+04 2.510E+07 28.8594 1.00000
  3.548E+10 3.548E+10 3.901E+00 2.985E+02 5.312E+03 1.158E+04 1.719E+04 1.719E+04 2.534E+07 29.0897 1.00000
  3.981E+10 3.981E+10 3.919E+00 3.351E+02 5.960E+03 1.326E+04 1.955E+04 1.956E+04 2.558E+07 29.3199 1.00000
  4.467E+10 4.467E+10 3.937E+00 3.762E+02 6.687E+03 1.518E+04 2.224E+04 2.224E+04 2.581E+07 29.5502 1.00000
  5.012E+10 5.012E+10 3.955E+00 4.223E+02 7.503E+03 1.737E+04 2.530E+04 2.530E+04 2.604E+07 29.7805 1.00000
  5.623E+10 5.623E+10 3.974E+00 4.740E+02 8.419E+03 1.989E+04 2.878E+04 2.879E+04 2.627E+07 30.0107 1.00000
  6.310E+10 6.310E+10 3.992E+00 5.321E+02 9.446E+03 2.277E+04 3.275E+04 3.276E+04 2.650E+07 30.2410 1.00000
  7.079E+10 7.079E+10 4.010E+00 5.973E+02 1.060E+04 2.608E+04 3.727E+04 3.727E+04 2.672E+07 30.4712 1.00000
  7.943E+10 7.943E+10 4.029E+00 6.704E+02 1.189E+04 2.986E+04 4.242E+04 4.242E+04 2.693E+07 30.7015 1.00000
  8.913E+10 8.913E+10 4.047E+00 7.525E+02 1.334E+04 3.419E+04 4.829E+04 4.829E+04 2.715E+07 30.9318 1.00000
  1.000E+11 1.000E+11 4.066E+00 8.445E+02 1.497E+04 3.916E+04 5.497E+04 5.497E+04 2.736E+07 31.1620 1.00000
  1.122E+11 1.122E+11 4.085E+00 9.478E+02 1.680E+04 4.484E+04 6.259E+04 6.259E+04 2.757E+07 31.3923 1.00000
  1.259E+11 1.259E+11 4.104E+00 1.064E+03 1.884E+04 5.136E+04 7.127E+04 7.127E+04 2.777E+07 31.6225 1.00000
  1.413E+11 1.413E+11 4.123E+00 1.194E+03 2.114E+04 5.882E+04 8.116E+04 8.117E+04 2.798E+07 31.8528 1.00000
  1.585E+11 1.585E+11 4.142E+00 1.340E+03 2.372E+04 6.738E+04 9.244E+04 9.245E+04 2.818E+07 32.0830 1.00000
  1.778E+11 1.778E+11 4.161E+00 1.504E+03 2.662E+04 7.718E+04 1.053E+05 1.053E+05 2.837E+07 32.3133 1.00000
  1.995E+11 1.995E+11 4.181E+00 1.687E+03 2.986E+04 8.841E+04 1.200E+05 1.200E+05 2.857E+07 32.5436 1.00000
  2.239E+11 2.239E+11 4.200E+00 1.894E+03 3.351E+04 1.013E+05 1.367E+05 1.367E+05 2.876E+07 32.7738 1.00000
  2.512E+11 2.512E+11 4.220E+00 2.125E+03 3.760E+04 1.160E+05 1.558E+05 1.558E+05 2.894E+07 33.0041 1.00000
  2.818E+11 2.818E+11 4.239E+00 2.385E+03 4.218E+04 1.329E+05 1.775E+05 1.775E+05 2.913E+07 33.2343 1.00000
  3.162E+11 3.162E+11 4.259E+00 2.676E+03 4.733E+04 1.523E+05 2.023E+05 2.023E+05 2.931E+07 33.4646 1.00000
  3.548E+11 3.548E+11 4.279E+00 3.003E+03 5.310E+04 1.745E+05 2.306E+05 2.307E+05 2.949E+07 33.6949 1.00000
  3.981E+11 3.981E+11 4.299E+00 3.370E+03 5.958E+04 2.000E+05 2.630E+05 2.630E+05 2.967E+07 33.9251 1.00000
  4.467E+11 4.467E+11 4.319E+00 3.781E+03 6.684E+04 2.292E+05 2.998E+05 2.998E+05 2.984E+07 34.1554 1.00000
  5.012E+11 5.012E+11 4.339E+00 4.243E+03 7.500E+04 2.627E+05 3.419E+05 3.419E+05 3.001E+07 34.3856 1.00000
  5.623E+11 5.623E+11 4.360E+00 4.761E+03 8.415E+04 3.010E+05 3.900E+05 3.900E+05 3.018E+07 34.6159 1.00000
  6.310E+11 6.310E+11 4.380E+00 5.342E+03 9.441E+04 3.450E+05 4.448E+05 4.448E+05 3.034E+07 34.8461 1.00000
  7.079E+11 7.079E+11 4.401E+00 5.994E+03 1.059E+05 3.955E+05 5.074E+05 5.074E+05 3.050E+07 35.0764 1.00000
  7.943E+11 7.943E+11 4.421E+00 6.726E+03 1.188E+05 4.533E+05 5.789E+05 5.789E+05 3.066E+07 35.3067 1.00000
  8.913E+11 8.913E+11 4.442E+00 7.547E+03 1.333E+05 5.196E+05 6.605E+05 6.605E+05 3.082E+07 35.5369 1.00000
  1.000E+12 1.000E+12 4.463E+00 8.469E+03 1.496E+05 5.957E+05 7.538E+05 7.538E+05 3.098E+07 35.7672 1.00000
  1.122E+12 1.122E+12 4.484E+00 9.502E+03 1.679E+05 6.829E+05 8.603E+05 8.603E+05 3.113E+07 35.9974 1.00000
  1.259E+12 1.259E+12 4.505E+00 1.066E+04 1.883E+05 7.830E+05 9.820E+05 9.820E+05 3.128E+07 36.2277 1.00000
  1.413E+12 1.413E+12 4.527E+00 1.196E+04 2.113E+05 8.977E+05 1.121E+06 1.121E+06 3.142E+07 36.4580 1.00000
  1.585E+12 1.585E+12 4.548E+00 1.342E+04 2.371E+05 1.029E+06 1.280E+06 1.280E+06 3.157E+07 36.6882 1.00000
  1.778E+12 1.778E+12 4.569E+00 1.506E+04 2.660E+05 1.180E+06 1.461E+06 1.461E+06 3.171E+07 36.9185 1.00000
  1.995E+12 1.995E+12 4.591E+00 1.690E+04 2.984E+05 1.353E+06 1.669E+06 1.669E+06 3.185E+07 37.1487 1.00000
  2.239E+12 2.239E+12 4.613E+00 1.896E+04 3.348E+05 1.552E+06 1.906E+06 1.906E+06 3.199E+07 37.3790 1.00000
  2.512E+12 2.512E+12 4.635E+00 2.128E+04 3.757E+05 1.780E+06 2.177E+06 2.177E+06 3.212E+07 37.6092 1.00000
  2.818E+12 2.818E+12 4.657E+00 2.387E+04 4.215E+05 2.041E+06 2.487E+06 2.487E+06 3.225E+07 37.8395 1.00000
  3.162E+12 3.162E+12 4.679E+00 2.679E+04 4.729E+05 2.341E+06 2.841E+06 2.841E+06 3.238E+07 38.0698 1.00000
  3.548E+12 3.548E+12 4.701E+00 3.006E+04 5.306E+05 2.686E+06 3.246E+06 3.246E+06 3.251E+07 38.3000 1.00000
  3.981E+12 3.981E+12 4.723E+00 3.372E+04 5.953E+05 3.081E+06 3.710E+06 3.710E+06 3.263E+07 38.5303 1.00000
  4.467E+12 4.467E+12 4.746E+00 3.784E+04 6.679E+05 3.534E+06 4.240E+06 4.240E+06 3.276E+07 38.7605 1.00000
  5.012E+12 5.012E+12 4.768E+00 4.246E+04 7.494E+05 4.054E+06 4.846E+06 4.846E+06 3.288E+07 38.9908 1.00000
  5.623E+12 5.623E+12 4.791E+00 4.764E+04 8.408E+05 4.651E+06 5.539E+06 5.539E+06 3.300E+07 39.2211 1.00000
  6.310E+12 6.310E+12 4.814E+00 5.345E+04 9.433E+05 5.336E+06 6.333E+06 6.333E+06 3.311E+07 39.4513 1.00000
  7.079E+12 7.079E+12 4.837E+00 5.998E+04 1.058E+06 6.122E+06 7.241E+06 7.241E+06 3.323E+07 39.6816 1.00000
  7.943E+12 7.943E+12 4.860E+00 6.729E+04 1.187E+06 7.025E+06 8.279E+06 8.279E+06 3.334E+07 39.9118 1.00000
  8.913E+12 8.913E+12 4.883E+00 7.551E+04 1.332E+06 8.060E+06 9.468E+06 9.468E+06 3.345E+07 40.1421 1.00000
  1.000E+13 1.000E+13 4.907E+00 8.472E+04 1.495E+06 9.250E+06 1.083E+07 1.083E+07 3.355E+07 40.3724 1.00000
  1.122E+13 1.122E+13 4.930E+00 9.506E+04 1.677E+06 1.061E+07 1.239E+07 1.239E+07 3.366E+07 40.6026 1.00000
  1.259E+13 1.259E+13 4.954E+00 1.067E+05 1.882E+06 1.218E+07 1.417E+07 1.417E+07 3.376E+07 40.8329 1.00000
  1.413E+13 1.413E+13 4.977E+00 1.197E+05 2.111E+06 1.398E+07 1.621E+07 1.621E+07 3.387E+07 41.0631 1.00000
  1.585E+13 1.585E+13 5.001E+00 1.343E+05 2.369E+06 1.605E+07 1.855E+07 1.855E+07 3.397E+07 41.2934 1.00000
  1.778E+13 1.778E+13 5.025E+00 1.507E+05 2.658E+06 1.842E+07 2.123E+07 2.123E+07 3.406E+07 41.5236 1.00000
  1.995E+13 1.995E+13 5.049E+00 1.690E+05 2.982E+06 2.114E+07 2.429E+07 2.429E+07 3.416E+07 41.7539 1.00000
  2.239E+13 2.239E+13 5.074E+00 1.897E+05 3.345E+06 2.427E+07 2.780E+07 2.780E+07 3.425E+07 41.9842 1.00000
  2.512E+13 2.512E+13 5.098E+00 2.128E+05 3.753E+06 2.786E+07 3.182E+07 3.182E+07 3.434E+07 42.2144 1.00000
  2.818E+13 2.818E+13 5.123E+00 2.388E+05 4.211E+06 3.198E+07 3.643E+07 3.643E+07 3.443E+07 42.4447 1.00000
  3.162E+13 3.162E+13 5.147E+00 2.679E+05 4.725E+06 3.672E+07 4.171E+07 4.171E+07 3.452E+07 42.6749 1.00000
  3.548E+13 3.548E+13 5.172E+00 3.006E+05 5.301E+06 4.216E+07 4.776E+07 4.776E+07 3.461E+07 42.9052 1.00000
  3.981E+13 3.981E+13 5.197E+00 3.373E+05 5.947E+06 4.840E+07 5.469E+07 5.469E+07 3.469E+07 43.1355 1.00000
  4.467E+13 4.467E+13 5.222E+00 3.784E+05 6.673E+06 5.558E+07 6.263E+07 6.263E+07 3.478E+07 43.3657 1.00000
  5.012E+13 5.012E+13 5.247E+00 4.246E+05 7.486E+06 6.382E+07 7.173E+07 7.173E+07 3.486E+07 43.5960 1.00000
  5.623E+13 5.623E+13 5.272E+00 4.764E+05 8.399E+06 7.329E+07 8.216E+07 8.216E+07 3.494E+07 43.8262 1.00000
  6.310E+13 6.310E+13 5.298E+00 5.346E+05 9.424E+06 8.416E+07 9.412E+07 9.412E+07 3.502E+07 44.0565 1.00000
  7.079E+13 7.079E+13 5.323E+00 5.998E+05 1.057E+07 9.666E+07 1.078E+08 1.078E+08 3.509E+07 44.2867 1.00000
  7.943E+13 7.943E+13 5.349E+00 6.730E+05 1.186E+07 1.110E+08 1.235E+08 1.235E+08 3.517E+07 44.5170 1.00000
  8.913E+13 8.913E+13 5.375E+00 7.551E+05 1.331E+07 1.275E+08 1.416E+08 1.416E+08 3.524E+07 44.7473 1.00000
  1.000E+14 1.000E+14 5.401E+00 8.472E+05 1.493E+07 1.464E+08 1.622E+08 1.622E+08 3.531E+07 44.9775 1.00000
  1.122E+14 1.122E+14 5.427E+00 9.506E+05 1.675E+07 1.682E+08 1.859E+08 1.859E+08 3.538E+07 45.2078 1.00000
  1.259E+14 1.259E+14 5.453E+00 1.067E+06 1.880E+07 1.932E+08 2.131E+08 2.131E+08 3.545E+07 45.4380 1.00000
  1.413E+14 1.413E+14 5.480E+00 1.197E+06 2.109E+07 2.220E+08 2.443E+08 2.443E+08 3.552E+07 45.6683 1.00000
  1.585E+14 1.585E+14 5.506E+00 1.343E+06 2.366E+07 2.550E+08 2.800E+08 2.800E+08 3.559E+07 45.8986 1.00000
  1.778E+14 1.778E+14 5.533E+00 1.507E+06 2.654E+07 2.930E+08 3.210E+08 3.210E+08 3.565E+07 46.1288 1.00000
  1.995E+14 1.995E+14 5.560E+00 1.690E+06 2.978E+07 3.366E+08 3.681E+08 3.681E+08 3.572E+07 46.3591 1.00000
  2.239E+14 2.239E+14 5.587E+00 1.897E+06 3.341E+07 3.868E+08 4.221E+08 4.221E+08 3.578E+07 46.5893 1.00000
  2.512E+14 2.512E+14 5.614E+00 2.128E+06 3.749E+07 4.444E+08 4.840E+08 4.840E+08 3.584E+07 46.8196 1.00000
  2.818E+14 2.818E+14 5.641E+00 2.388E+06 4.206E+07 5.106E+08 5.551E+08 5.551E+08 3.590E+07 47.0498 1.00000
  3.162E+14 3.162E+14 5.669E+00 2.679E+06 4.719E+07 5.868E+08 6.367E+08 6.367E+08 3.596E+07 47.2801 1.00000
  3.548E+14 3.548E+14 5.696E+00 3.006E+06 5.294E+07 6.743E+08 7.303E+08 7.303E+08 3.601E+07 47.5104 1.00000
  3.981E+14 3.981E+14 5.724E+00 3.373E+06 5.940E+07 7.750E+08 8.377E+08 8.377E+08 3.607E+07 47.7406 1.00000
  4.467E+14 4.467E+14 5.752E+00 3.784E+06 6.664E+07 8.907E+08 9.611E+08 9.611E+08 3.612E+07 47.9709 1.00000
  5.012E+14 5.012E+14 5.780E+00 4.246E+06 7.477E+07 1.024E+09 1.103E+09 1.103E+09 3.617E+07 48.2011 1.00000
  5.623E+14 5.623E+14 5.808E+00 4.764E+06 8.389E+07 1.177E+09 1.265E+09 1.265E+09 3.623E+07 48.4314 1.00000
  6.310E+14 6.310E+14 5.836E+00 5.346E+06 9.412E+07 1.352E+09 1.452E+09 1.452E+09 3.628E+07 48.6617 1.00000
  7.079E+14 7.079E+14 5.864E+00 5.998E+06 1.056E+08 1.555E+09 1.666E+09 1.666E+09 3.633E+07 48.8919 1.00000
  7.943E+14 7.943E+14 5.893E+00 6.730E+06 1.185E+08 1.787E+09 1.912E+09 1.912E+09 3.638E+07 49.1222 1.00000
  8.913E+14 8.913E+14 5.922E+00 7.551E+06 1.329E+08 2.054E+09 2.195E+09 2.195E+09 3.642E+07 49.3524 1.00000
  1.000E+15 1.000E+15 5.950E+00 8.472E+06 1.491E+08 2.362E+09 2.519E+09 2.519E+09 3.647E+07 49.5827 1.00000
