 Incident particle is a Tau with M = 1776.82000 MeV
 Index = 0: MagnesiumTetraborate
      Absorber with <Z/A> = 0.49007
 Sternheimer coef:  a     k=m_s   x_0    x_1    I[eV]   Cbar  delta0
                 0.0970  3.4893  0.1147  2.7635  108.3  3.4328 0.00

 *** Table generated with PUMAS v1.00 ***

      T         p     Ionization  brems     pair     photonuc  Radloss    dE/dx   CSDA Range  delta   beta
    [MeV]    [MeV/c]  -----------------------[MeV cm^2/g]------------------------  [g/cm^2]
  1.000E+05 1.018E+05 2.098E+00 1.510E-04 2.354E-03 8.283E-03 1.079E-02 2.108E+00 2.372E+04  4.7617 0.99985
  1.122E+05 1.140E+05 2.116E+00 1.745E-04 2.839E-03 9.350E-03 1.236E-02 2.129E+00 2.948E+04  4.9723 0.99988
  1.259E+05 1.277E+05 2.135E+00 2.015E-04 3.411E-03 1.050E-02 1.411E-02 2.149E+00 3.588E+04  5.1853 0.99990
  1.413E+05 1.430E+05 2.153E+00 2.325E-04 4.084E-03 1.179E-02 1.611E-02 2.170E+00 4.299E+04  5.4003 0.99992
  1.585E+05 1.603E+05 2.172E+00 2.683E-04 4.876E-03 1.324E-02 1.838E-02 2.190E+00 5.090E+04  5.6173 0.99994
  1.778E+05 1.796E+05 2.190E+00 3.094E-04 5.805E-03 1.485E-02 2.097E-02 2.211E+00 5.968E+04  5.8360 0.99995
  1.995E+05 2.013E+05 2.209E+00 3.566E-04 6.893E-03 1.669E-02 2.394E-02 2.233E+00 6.945E+04  6.0564 0.99996
  2.239E+05 2.256E+05 2.227E+00 4.108E-04 8.164E-03 1.871E-02 2.728E-02 2.254E+00 8.030E+04  6.2782 0.99997
  2.512E+05 2.530E+05 2.245E+00 4.731E-04 9.646E-03 2.096E-02 3.108E-02 2.276E+00 9.236E+04  6.5013 0.99998
  2.818E+05 2.836E+05 2.263E+00 5.446E-04 1.137E-02 2.350E-02 3.542E-02 2.299E+00 1.058E+05  6.7256 0.99998
  3.162E+05 3.180E+05 2.282E+00 6.266E-04 1.338E-02 2.637E-02 4.037E-02 2.322E+00 1.206E+05  6.9510 0.99998
  3.548E+05 3.566E+05 2.300E+00 7.207E-04 1.570E-02 2.959E-02 4.601E-02 2.346E+00 1.372E+05  7.1772 0.99999
  3.981E+05 3.999E+05 2.318E+00 8.285E-04 1.840E-02 3.318E-02 5.241E-02 2.370E+00 1.555E+05  7.4042 0.99999
  4.467E+05 4.485E+05 2.335E+00 9.521E-04 2.152E-02 3.721E-02 5.968E-02 2.395E+00 1.759E+05  7.6320 0.99999
  5.012E+05 5.030E+05 2.353E+00 1.094E-03 2.512E-02 4.174E-02 6.796E-02 2.421E+00 1.986E+05  7.8602 0.99999
  5.623E+05 5.641E+05 2.371E+00 1.256E-03 2.928E-02 4.665E-02 7.719E-02 2.448E+00 2.237E+05  8.0890 1.00000
  6.310E+05 6.327E+05 2.389E+00 1.442E-03 3.407E-02 5.219E-02 8.770E-02 2.476E+00 2.515E+05  8.3181 1.00000
  7.079E+05 7.097E+05 2.406E+00 1.654E-03 3.959E-02 5.843E-02 9.967E-02 2.506E+00 2.824E+05  8.5475 1.00000
  7.943E+05 7.961E+05 2.424E+00 1.897E-03 4.593E-02 6.548E-02 1.133E-01 2.537E+00 3.167E+05  8.7771 1.00000
  8.913E+05 8.930E+05 2.441E+00 2.176E-03 5.321E-02 7.345E-02 1.288E-01 2.570E+00 3.547E+05  9.0068 1.00000
  1.000E+06 1.002E+06 2.459E+00 2.494E-03 6.155E-02 8.246E-02 1.465E-01 2.605E+00 3.967E+05  9.2366 1.00000
  1.122E+06 1.124E+06 2.476E+00 2.858E-03 7.111E-02 9.266E-02 1.666E-01 2.643E+00 4.432E+05  9.4665 1.00000
  1.259E+06 1.261E+06 2.493E+00 3.274E-03 8.205E-02 1.042E-01 1.895E-01 2.683E+00 4.946E+05  9.6964 1.00000
  1.413E+06 1.414E+06 2.510E+00 3.750E-03 9.456E-02 1.173E-01 2.156E-01 2.726E+00 5.514E+05  9.9263 1.00000
  1.585E+06 1.587E+06 2.527E+00 4.293E-03 1.088E-01 1.321E-01 2.453E-01 2.773E+00 6.141E+05 10.1563 1.00000
  1.778E+06 1.780E+06 2.544E+00 4.914E-03 1.251E-01 1.490E-01 2.790E-01 2.823E+00 6.832E+05 10.3863 1.00000
  1.995E+06 1.997E+06 2.561E+00 5.623E-03 1.437E-01 1.681E-01 3.174E-01 2.878E+00 7.593E+05 10.6164 1.00000
  2.239E+06 2.240E+06 2.578E+00 6.432E-03 1.649E-01 1.898E-01 3.611E-01 2.939E+00 8.431E+05 10.8465 1.00000
  2.512E+06 2.514E+06 2.594E+00 7.357E-03 1.889E-01 2.144E-01 4.107E-01 3.005E+00 9.350E+05 11.0765 1.00000
  2.818E+06 2.820E+06 2.610E+00 8.411E-03 2.163E-01 2.425E-01 4.671E-01 3.078E+00 1.036E+06 11.3066 1.00000
  3.162E+06 3.164E+06 2.627E+00 9.614E-03 2.473E-01 2.743E-01 5.313E-01 3.158E+00 1.146E+06 11.5368 1.00000
  3.548E+06 3.550E+06 2.643E+00 1.099E-02 2.826E-01 3.106E-01 6.041E-01 3.247E+00 1.267E+06 11.7669 1.00000
  3.981E+06 3.983E+06 2.659E+00 1.255E-02 3.226E-01 3.518E-01 6.869E-01 3.345E+00 1.398E+06 11.9971 1.00000
  4.467E+06 4.469E+06 2.674E+00 1.434E-02 3.679E-01 3.987E-01 7.809E-01 3.455E+00 1.541E+06 12.2272 1.00000
  5.012E+06 5.014E+06 2.690E+00 1.637E-02 4.192E-01 4.521E-01 8.877E-01 3.578E+00 1.696E+06 12.4574 1.00000
  5.623E+06 5.625E+06 2.705E+00 1.869E-02 4.772E-01 5.130E-01 1.009E+00 3.714E+00 1.864E+06 12.6876 1.00000
  6.310E+06 6.311E+06 2.720E+00 2.133E-02 5.429E-01 5.822E-01 1.146E+00 3.867E+00 2.045E+06 12.9178 1.00000
  7.079E+06 7.081E+06 2.736E+00 2.433E-02 6.172E-01 6.611E-01 1.303E+00 4.038E+00 2.240E+06 13.1480 1.00000
  7.943E+06 7.945E+06 2.751E+00 2.775E-02 7.011E-01 7.510E-01 1.480E+00 4.230E+00 2.449E+06 13.3782 1.00000
  8.913E+06 8.914E+06 2.765E+00 3.165E-02 7.958E-01 8.535E-01 1.681E+00 4.446E+00 2.672E+06 13.6084 1.00000
  1.000E+07 1.000E+07 2.780E+00 3.608E-02 9.028E-01 9.703E-01 1.909E+00 4.689E+00 2.911E+06 13.8386 1.00000
  1.122E+07 1.122E+07 2.795E+00 4.112E-02 1.023E+00 1.103E+00 2.168E+00 4.962E+00 3.164E+06 14.0688 1.00000
  1.259E+07 1.259E+07 2.809E+00 4.686E-02 1.159E+00 1.255E+00 2.462E+00 5.270E+00 3.431E+06 14.2990 1.00000
  1.413E+07 1.413E+07 2.823E+00 5.338E-02 1.313E+00 1.428E+00 2.795E+00 5.618E+00 3.714E+06 14.5293 1.00000
  1.585E+07 1.585E+07 2.837E+00 6.079E-02 1.486E+00 1.626E+00 3.172E+00 6.010E+00 4.011E+06 14.7595 1.00000
  1.778E+07 1.778E+07 2.851E+00 6.920E-02 1.680E+00 1.851E+00 3.600E+00 6.452E+00 4.321E+06 14.9897 1.00000
  1.995E+07 1.995E+07 2.865E+00 7.877E-02 1.900E+00 2.108E+00 4.086E+00 6.951E+00 4.646E+06 15.2200 1.00000
  2.239E+07 2.239E+07 2.879E+00 8.963E-02 2.146E+00 2.401E+00 4.637E+00 7.516E+00 4.983E+06 15.4502 1.00000
  2.512E+07 2.512E+07 2.893E+00 1.020E-01 2.424E+00 2.735E+00 5.261E+00 8.154E+00 5.332E+06 15.6804 1.00000
  2.818E+07 2.819E+07 2.907E+00 1.159E-01 2.737E+00 3.116E+00 5.969E+00 8.876E+00 5.693E+06 15.9107 1.00000
  3.162E+07 3.162E+07 2.921E+00 1.318E-01 3.088E+00 3.552E+00 6.772E+00 9.692E+00 6.064E+06 16.1409 1.00000
  3.548E+07 3.548E+07 2.934E+00 1.498E-01 3.484E+00 4.048E+00 7.682E+00 1.062E+01 6.444E+06 16.3712 1.00000
  3.981E+07 3.981E+07 2.948E+00 1.702E-01 3.928E+00 4.615E+00 8.714E+00 1.166E+01 6.834E+06 16.6014 1.00000
  4.467E+07 4.467E+07 2.962E+00 1.934E-01 4.428E+00 5.262E+00 9.883E+00 1.285E+01 7.231E+06 16.8317 1.00000
  5.012E+07 5.012E+07 2.975E+00 2.196E-01 4.989E+00 6.001E+00 1.121E+01 1.419E+01 7.636E+06 17.0619 1.00000
  5.623E+07 5.624E+07 2.989E+00 2.493E-01 5.621E+00 6.844E+00 1.271E+01 1.570E+01 8.046E+06 17.2922 1.00000
  6.310E+07 6.310E+07 3.002E+00 2.829E-01 6.330E+00 7.807E+00 1.442E+01 1.742E+01 8.461E+06 17.5224 1.00000
  7.079E+07 7.080E+07 3.016E+00 3.210E-01 7.126E+00 8.906E+00 1.635E+01 1.937E+01 8.881E+06 17.7527 1.00000
  7.943E+07 7.943E+07 3.030E+00 3.642E-01 8.021E+00 1.016E+01 1.855E+01 2.158E+01 9.304E+06 17.9829 1.00000
  8.913E+07 8.913E+07 3.043E+00 4.130E-01 9.027E+00 1.159E+01 2.103E+01 2.408E+01 9.730E+06 18.2132 1.00000
  1.000E+08 1.000E+08 3.057E+00 4.681E-01 1.016E+01 1.323E+01 2.385E+01 2.691E+01 1.016E+07 18.4434 1.00000
  1.122E+08 1.122E+08 3.071E+00 5.306E-01 1.142E+01 1.510E+01 2.705E+01 3.013E+01 1.059E+07 18.6737 1.00000
  1.259E+08 1.259E+08 3.084E+00 6.011E-01 1.285E+01 1.723E+01 3.068E+01 3.377E+01 1.102E+07 18.9039 1.00000
  1.413E+08 1.413E+08 3.098E+00 6.809E-01 1.445E+01 1.967E+01 3.480E+01 3.790E+01 1.145E+07 19.1342 1.00000
  1.585E+08 1.585E+08 3.112E+00 7.710E-01 1.624E+01 2.246E+01 3.947E+01 4.258E+01 1.188E+07 19.3645 1.00000
  1.778E+08 1.778E+08 3.126E+00 8.728E-01 1.825E+01 2.564E+01 4.477E+01 4.789E+01 1.231E+07 19.5947 1.00000
  1.995E+08 1.995E+08 3.140E+00 9.878E-01 2.052E+01 2.927E+01 5.078E+01 5.392E+01 1.273E+07 19.8250 1.00000
  2.239E+08 2.239E+08 3.154E+00 1.118E+00 2.306E+01 3.343E+01 5.760E+01 6.075E+01 1.316E+07 20.0552 1.00000
  2.512E+08 2.512E+08 3.168E+00 1.264E+00 2.590E+01 3.817E+01 6.534E+01 6.851E+01 1.358E+07 20.2855 1.00000
  2.818E+08 2.818E+08 3.182E+00 1.429E+00 2.910E+01 4.359E+01 7.412E+01 7.730E+01 1.401E+07 20.5157 1.00000
  3.162E+08 3.162E+08 3.196E+00 1.616E+00 3.269E+01 4.978E+01 8.409E+01 8.729E+01 1.443E+07 20.7460 1.00000
  3.548E+08 3.548E+08 3.210E+00 1.826E+00 3.672E+01 5.686E+01 9.541E+01 9.862E+01 1.484E+07 20.9763 1.00000
  3.981E+08 3.981E+08 3.225E+00 2.063E+00 4.124E+01 6.494E+01 1.083E+02 1.115E+02 1.526E+07 21.2065 1.00000
  4.467E+08 4.467E+08 3.239E+00 2.331E+00 4.632E+01 7.418E+01 1.228E+02 1.261E+02 1.567E+07 21.4368 1.00000
  5.012E+08 5.012E+08 3.253E+00 2.632E+00 5.202E+01 8.474E+01 1.394E+02 1.426E+02 1.607E+07 21.6670 1.00000
  5.623E+08 5.623E+08 3.268E+00 2.972E+00 5.841E+01 9.681E+01 1.582E+02 1.615E+02 1.648E+07 21.8973 1.00000
  6.310E+08 6.310E+08 3.282E+00 3.354E+00 6.558E+01 1.106E+02 1.795E+02 1.828E+02 1.688E+07 22.1275 1.00000
  7.079E+08 7.079E+08 3.297E+00 3.785E+00 7.363E+01 1.264E+02 2.038E+02 2.071E+02 1.727E+07 22.3578 1.00000
  7.943E+08 7.943E+08 3.312E+00 4.270E+00 8.266E+01 1.444E+02 2.313E+02 2.346E+02 1.767E+07 22.5881 1.00000
  8.913E+08 8.913E+08 3.327E+00 4.817E+00 9.280E+01 1.650E+02 2.626E+02 2.659E+02 1.806E+07 22.8183 1.00000
  1.000E+09 1.000E+09 3.341E+00 5.431E+00 1.042E+02 1.886E+02 2.982E+02 3.015E+02 1.844E+07 23.0486 1.00000
  1.122E+09 1.122E+09 3.356E+00 6.124E+00 1.169E+02 2.155E+02 3.386E+02 3.419E+02 1.882E+07 23.2788 1.00000
  1.259E+09 1.259E+09 3.371E+00 6.902E+00 1.313E+02 2.463E+02 3.844E+02 3.878E+02 1.920E+07 23.5091 1.00000
  1.413E+09 1.413E+09 3.386E+00 7.778E+00 1.473E+02 2.815E+02 4.366E+02 4.400E+02 1.957E+07 23.7393 1.00000
  1.585E+09 1.585E+09 3.402E+00 8.764E+00 1.654E+02 3.218E+02 4.959E+02 4.993E+02 1.994E+07 23.9696 1.00000
  1.778E+09 1.778E+09 3.417E+00 9.872E+00 1.856E+02 3.678E+02 5.632E+02 5.667E+02 2.030E+07 24.1999 1.00000
  1.995E+09 1.995E+09 3.432E+00 1.112E+01 2.083E+02 4.204E+02 6.398E+02 6.433E+02 2.066E+07 24.4301 1.00000
  2.239E+09 2.239E+09 3.448E+00 1.252E+01 2.338E+02 4.806E+02 7.269E+02 7.304E+02 2.102E+07 24.6604 1.00000
  2.512E+09 2.512E+09 3.463E+00 1.410E+01 2.624E+02 5.495E+02 8.259E+02 8.294E+02 2.137E+07 24.8906 1.00000
  2.818E+09 2.818E+09 3.479E+00 1.587E+01 2.944E+02 6.282E+02 9.385E+02 9.420E+02 2.172E+07 25.1209 1.00000
  3.162E+09 3.162E+09 3.494E+00 1.786E+01 3.304E+02 7.183E+02 1.067E+03 1.070E+03 2.206E+07 25.3512 1.00000
  3.548E+09 3.548E+09 3.510E+00 2.009E+01 3.708E+02 8.214E+02 1.212E+03 1.216E+03 2.240E+07 25.5814 1.00000
  3.981E+09 3.981E+09 3.526E+00 2.261E+01 4.161E+02 9.392E+02 1.378E+03 1.381E+03 2.273E+07 25.8117 1.00000
  4.467E+09 4.467E+09 3.542E+00 2.543E+01 4.669E+02 1.074E+03 1.566E+03 1.570E+03 2.307E+07 26.0419 1.00000
  5.012E+09 5.012E+09 3.558E+00 2.860E+01 5.240E+02 1.228E+03 1.781E+03 1.784E+03 2.339E+07 26.2722 1.00000
  5.623E+09 5.623E+09 3.574E+00 3.217E+01 5.880E+02 1.405E+03 2.025E+03 2.029E+03 2.371E+07 26.5024 1.00000
  6.310E+09 6.310E+09 3.590E+00 3.617E+01 6.598E+02 1.607E+03 2.303E+03 2.306E+03 2.403E+07 26.7327 1.00000
  7.079E+09 7.079E+09 3.607E+00 4.066E+01 7.403E+02 1.838E+03 2.619E+03 2.622E+03 2.435E+07 26.9630 1.00000
  7.943E+09 7.943E+09 3.623E+00 4.571E+01 8.307E+02 2.102E+03 2.979E+03 2.982E+03 2.465E+07 27.1932 1.00000
  8.913E+09 8.913E+09 3.640E+00 5.138E+01 9.322E+02 2.405E+03 3.388E+03 3.392E+03 2.496E+07 27.4235 1.00000
  1.000E+10 1.000E+10 3.656E+00 5.775E+01 1.046E+03 2.751E+03 3.855E+03 3.859E+03 2.526E+07 27.6537 1.00000
  1.122E+10 1.122E+10 3.673E+00 6.490E+01 1.174E+03 3.147E+03 4.386E+03 4.390E+03 2.556E+07 27.8840 1.00000
  1.259E+10 1.259E+10 3.690E+00 7.292E+01 1.317E+03 3.601E+03 4.991E+03 4.995E+03 2.585E+07 28.1143 1.00000
  1.413E+10 1.413E+10 3.707E+00 8.193E+01 1.478E+03 4.120E+03 5.680E+03 5.683E+03 2.614E+07 28.3445 1.00000
  1.585E+10 1.585E+10 3.724E+00 9.205E+01 1.658E+03 4.714E+03 6.464E+03 6.468E+03 2.643E+07 28.5748 1.00000
  1.778E+10 1.778E+10 3.741E+00 1.034E+02 1.860E+03 5.395E+03 7.358E+03 7.362E+03 2.671E+07 28.8050 1.00000
  1.995E+10 1.995E+10 3.758E+00 1.162E+02 2.087E+03 6.173E+03 8.377E+03 8.381E+03 2.698E+07 29.0353 1.00000
  2.239E+10 2.239E+10 3.775E+00 1.305E+02 2.342E+03 7.065E+03 9.537E+03 9.541E+03 2.726E+07 29.2656 1.00000
  2.512E+10 2.512E+10 3.792E+00 1.465E+02 2.628E+03 8.085E+03 1.086E+04 1.086E+04 2.752E+07 29.4958 1.00000
  2.818E+10 2.818E+10 3.810E+00 1.646E+02 2.949E+03 9.254E+03 1.237E+04 1.237E+04 2.779E+07 29.7261 1.00000
  3.162E+10 3.162E+10 3.827E+00 1.848E+02 3.309E+03 1.059E+04 1.409E+04 1.409E+04 2.805E+07 29.9563 1.00000
  3.548E+10 3.548E+10 3.845E+00 2.075E+02 3.712E+03 1.212E+04 1.604E+04 1.605E+04 2.831E+07 30.1866 1.00000
  3.981E+10 3.981E+10 3.863E+00 2.330E+02 4.165E+03 1.388E+04 1.828E+04 1.828E+04 2.856E+07 30.4168 1.00000
  4.467E+10 4.467E+10 3.881E+00 2.616E+02 4.673E+03 1.589E+04 2.082E+04 2.083E+04 2.881E+07 30.6471 1.00000
  5.012E+10 5.012E+10 3.899E+00 2.937E+02 5.244E+03 1.819E+04 2.373E+04 2.373E+04 2.906E+07 30.8774 1.00000
  5.623E+10 5.623E+10 3.917E+00 3.297E+02 5.883E+03 2.082E+04 2.704E+04 2.704E+04 2.930E+07 31.1076 1.00000
  6.310E+10 6.310E+10 3.935E+00 3.702E+02 6.601E+03 2.384E+04 3.081E+04 3.082E+04 2.954E+07 31.3379 1.00000
  7.079E+10 7.079E+10 3.953E+00 4.155E+02 7.407E+03 2.730E+04 3.512E+04 3.513E+04 2.977E+07 31.5681 1.00000
  7.943E+10 7.943E+10 3.971E+00 4.664E+02 8.310E+03 3.126E+04 4.004E+04 4.004E+04 3.000E+07 31.7984 1.00000
  8.913E+10 8.913E+10 3.990E+00 5.236E+02 9.324E+03 3.580E+04 4.564E+04 4.565E+04 3.023E+07 32.0287 1.00000
  1.000E+11 1.000E+11 4.008E+00 5.877E+02 1.046E+04 4.099E+04 5.204E+04 5.205E+04 3.045E+07 32.2589 1.00000
  1.122E+11 1.122E+11 4.027E+00 6.596E+02 1.174E+04 4.695E+04 5.934E+04 5.935E+04 3.067E+07 32.4892 1.00000
  1.259E+11 1.259E+11 4.046E+00 7.404E+02 1.317E+04 5.377E+04 6.768E+04 6.768E+04 3.089E+07 32.7194 1.00000
  1.413E+11 1.413E+11 4.065E+00 8.310E+02 1.478E+04 6.159E+04 7.719E+04 7.720E+04 3.110E+07 32.9497 1.00000
  1.585E+11 1.585E+11 4.084E+00 9.326E+02 1.658E+04 7.054E+04 8.805E+04 8.806E+04 3.131E+07 33.1799 1.00000
  1.778E+11 1.778E+11 4.103E+00 1.047E+03 1.860E+04 8.080E+04 1.005E+05 1.005E+05 3.152E+07 33.4102 1.00000
  1.995E+11 1.995E+11 4.122E+00 1.175E+03 2.087E+04 9.256E+04 1.146E+05 1.146E+05 3.172E+07 33.6405 1.00000
  2.239E+11 2.239E+11 4.141E+00 1.318E+03 2.342E+04 1.060E+05 1.308E+05 1.308E+05 3.192E+07 33.8707 1.00000
  2.512E+11 2.512E+11 4.161E+00 1.479E+03 2.627E+04 1.215E+05 1.492E+05 1.492E+05 3.212E+07 34.1010 1.00000
  2.818E+11 2.818E+11 4.180E+00 1.660E+03 2.948E+04 1.392E+05 1.703E+05 1.703E+05 3.231E+07 34.3312 1.00000
  3.162E+11 3.162E+11 4.200E+00 1.863E+03 3.307E+04 1.595E+05 1.944E+05 1.944E+05 3.250E+07 34.5615 1.00000
  3.548E+11 3.548E+11 4.220E+00 2.091E+03 3.711E+04 1.827E+05 2.219E+05 2.219E+05 3.268E+07 34.7918 1.00000
  3.981E+11 3.981E+11 4.240E+00 2.346E+03 4.164E+04 2.094E+05 2.534E+05 2.534E+05 3.287E+07 35.0220 1.00000
  4.467E+11 4.467E+11 4.260E+00 2.633E+03 4.671E+04 2.400E+05 2.893E+05 2.893E+05 3.305E+07 35.2523 1.00000
  5.012E+11 5.012E+11 4.280E+00 2.954E+03 5.241E+04 2.750E+05 3.304E+05 3.304E+05 3.322E+07 35.4825 1.00000
  5.623E+11 5.623E+11 4.300E+00 3.315E+03 5.881E+04 3.152E+05 3.773E+05 3.773E+05 3.340E+07 35.7128 1.00000
  6.310E+11 6.310E+11 4.320E+00 3.720E+03 6.598E+04 3.612E+05 4.309E+05 4.309E+05 3.357E+07 35.9430 1.00000
  7.079E+11 7.079E+11 4.341E+00 4.174E+03 7.403E+04 4.140E+05 4.922E+05 4.923E+05 3.373E+07 36.1733 1.00000
  7.943E+11 7.943E+11 4.361E+00 4.684E+03 8.306E+04 4.746E+05 5.623E+05 5.623E+05 3.390E+07 36.4036 1.00000
  8.913E+11 8.913E+11 4.382E+00 5.256E+03 9.319E+04 5.440E+05 6.425E+05 6.425E+05 3.406E+07 36.6338 1.00000
  1.000E+12 1.000E+12 4.403E+00 5.898E+03 1.046E+05 6.237E+05 7.341E+05 7.341E+05 3.422E+07 36.8641 1.00000
  1.122E+12 1.122E+12 4.423E+00 6.618E+03 1.173E+05 7.150E+05 8.389E+05 8.389E+05 3.438E+07 37.0943 1.00000
  1.259E+12 1.259E+12 4.444E+00 7.426E+03 1.316E+05 8.197E+05 9.588E+05 9.588E+05 3.453E+07 37.3246 1.00000
  1.413E+12 1.413E+12 4.465E+00 8.332E+03 1.477E+05 9.399E+05 1.096E+06 1.096E+06 3.468E+07 37.5549 1.00000
  1.585E+12 1.585E+12 4.487E+00 9.349E+03 1.657E+05 1.078E+06 1.253E+06 1.253E+06 3.483E+07 37.7851 1.00000
  1.778E+12 1.778E+12 4.508E+00 1.049E+04 1.859E+05 1.236E+06 1.432E+06 1.432E+06 3.497E+07 38.0154 1.00000
  1.995E+12 1.995E+12 4.530E+00 1.177E+04 2.086E+05 1.417E+06 1.637E+06 1.637E+06 3.511E+07 38.2456 1.00000
  2.239E+12 2.239E+12 4.551E+00 1.321E+04 2.340E+05 1.625E+06 1.872E+06 1.872E+06 3.525E+07 38.4759 1.00000
  2.512E+12 2.512E+12 4.573E+00 1.482E+04 2.625E+05 1.864E+06 2.141E+06 2.141E+06 3.539E+07 38.7061 1.00000
  2.818E+12 2.818E+12 4.595E+00 1.663E+04 2.946E+05 2.137E+06 2.449E+06 2.449E+06 3.552E+07 38.9364 1.00000
  3.162E+12 3.162E+12 4.617E+00 1.866E+04 3.305E+05 2.451E+06 2.801E+06 2.801E+06 3.565E+07 39.1667 1.00000
  3.548E+12 3.548E+12 4.639E+00 2.093E+04 3.708E+05 2.812E+06 3.204E+06 3.204E+06 3.578E+07 39.3969 1.00000
  3.981E+12 3.981E+12 4.661E+00 2.349E+04 4.160E+05 3.225E+06 3.665E+06 3.665E+06 3.591E+07 39.6272 1.00000
  4.467E+12 4.467E+12 4.683E+00 2.636E+04 4.668E+05 3.700E+06 4.193E+06 4.193E+06 3.603E+07 39.8574 1.00000
  5.012E+12 5.012E+12 4.706E+00 2.957E+04 5.237E+05 4.244E+06 4.798E+06 4.798E+06 3.616E+07 40.0877 1.00000
  5.623E+12 5.623E+12 4.728E+00 3.318E+04 5.876E+05 4.869E+06 5.490E+06 5.490E+06 3.628E+07 40.3180 1.00000
  6.310E+12 6.310E+12 4.751E+00 3.723E+04 6.593E+05 5.586E+06 6.283E+06 6.283E+06 3.639E+07 40.5482 1.00000
  7.079E+12 7.079E+12 4.774E+00 4.177E+04 7.397E+05 6.410E+06 7.191E+06 7.191E+06 3.651E+07 40.7785 1.00000
  7.943E+12 7.943E+12 4.797E+00 4.687E+04 8.299E+05 7.354E+06 8.231E+06 8.231E+06 3.662E+07 41.0087 1.00000
  8.913E+12 8.913E+12 4.820E+00 5.259E+04 9.311E+05 8.439E+06 9.423E+06 9.423E+06 3.673E+07 41.2390 1.00000
  1.000E+13 1.000E+13 4.843E+00 5.901E+04 1.045E+06 9.684E+06 1.079E+07 1.079E+07 3.684E+07 41.4693 1.00000
  1.122E+13 1.122E+13 4.866E+00 6.621E+04 1.172E+06 1.111E+07 1.235E+07 1.235E+07 3.694E+07 41.6995 1.00000
  1.259E+13 1.259E+13 4.889E+00 7.429E+04 1.315E+06 1.275E+07 1.414E+07 1.414E+07 3.705E+07 41.9298 1.00000
  1.413E+13 1.413E+13 4.913E+00 8.335E+04 1.475E+06 1.464E+07 1.620E+07 1.620E+07 3.715E+07 42.1600 1.00000
  1.585E+13 1.585E+13 4.937E+00 9.352E+04 1.655E+06 1.680E+07 1.855E+07 1.855E+07 3.725E+07 42.3903 1.00000
  1.778E+13 1.778E+13 4.961E+00 1.049E+05 1.857E+06 1.928E+07 2.124E+07 2.124E+07 3.735E+07 42.6205 1.00000
  1.995E+13 1.995E+13 4.984E+00 1.177E+05 2.084E+06 2.213E+07 2.433E+07 2.433E+07 3.744E+07 42.8508 1.00000
  2.239E+13 2.239E+13 5.009E+00 1.321E+05 2.338E+06 2.541E+07 2.788E+07 2.788E+07 3.754E+07 43.0811 1.00000
  2.512E+13 2.512E+13 5.033E+00 1.482E+05 2.623E+06 2.917E+07 3.194E+07 3.194E+07 3.763E+07 43.3113 1.00000
  2.818E+13 2.818E+13 5.057E+00 1.663E+05 2.943E+06 3.348E+07 3.659E+07 3.659E+07 3.772E+07 43.5416 1.00000
  3.162E+13 3.162E+13 5.082E+00 1.866E+05 3.302E+06 3.844E+07 4.193E+07 4.193E+07 3.781E+07 43.7718 1.00000
  3.548E+13 3.548E+13 5.106E+00 2.094E+05 3.704E+06 4.414E+07 4.805E+07 4.805E+07 3.789E+07 44.0021 1.00000
  3.981E+13 3.981E+13 5.131E+00 2.349E+05 4.156E+06 5.068E+07 5.507E+07 5.507E+07 3.798E+07 44.2324 1.00000
  4.467E+13 4.467E+13 5.156E+00 2.636E+05 4.663E+06 5.819E+07 6.311E+07 6.311E+07 3.806E+07 44.4626 1.00000
  5.012E+13 5.012E+13 5.181E+00 2.957E+05 5.232E+06 6.682E+07 7.234E+07 7.234E+07 3.814E+07 44.6929 1.00000
  5.623E+13 5.623E+13 5.206E+00 3.318E+05 5.870E+06 7.673E+07 8.293E+07 8.293E+07 3.822E+07 44.9231 1.00000
  6.310E+13 6.310E+13 5.231E+00 3.723E+05 6.586E+06 8.811E+07 9.507E+07 9.507E+07 3.830E+07 45.1534 1.00000
  7.079E+13 7.079E+13 5.256E+00 4.178E+05 7.389E+06 1.012E+08 1.090E+08 1.090E+08 3.837E+07 45.3836 1.00000
  7.943E+13 7.943E+13 5.282E+00 4.687E+05 8.290E+06 1.162E+08 1.250E+08 1.250E+08 3.845E+07 45.6139 1.00000
  8.913E+13 8.913E+13 5.308E+00 5.259E+05 9.301E+06 1.335E+08 1.433E+08 1.433E+08 3.852E+07 45.8442 1.00000
  1.000E+14 1.000E+14 5.333E+00 5.901E+05 1.044E+07 1.533E+08 1.643E+08 1.643E+08 3.859E+07 46.0744 1.00000
  1.122E+14 1.122E+14 5.359E+00 6.621E+05 1.171E+07 1.761E+08 1.885E+08 1.885E+08 3.866E+07 46.3047 1.00000
  1.259E+14 1.259E+14 5.385E+00 7.429E+05 1.314E+07 2.023E+08 2.162E+08 2.162E+08 3.873E+07 46.5349 1.00000
  1.413E+14 1.413E+14 5.412E+00 8.335E+05 1.474E+07 2.324E+08 2.480E+08 2.480E+08 3.879E+07 46.7652 1.00000
  1.585E+14 1.585E+14 5.438E+00 9.353E+05 1.653E+07 2.670E+08 2.845E+08 2.845E+08 3.886E+07 46.9955 1.00000
  1.778E+14 1.778E+14 5.465E+00 1.049E+06 1.855E+07 3.067E+08 3.263E+08 3.263E+08 3.892E+07 47.2257 1.00000
  1.995E+14 1.995E+14 5.491E+00 1.177E+06 2.081E+07 3.524E+08 3.744E+08 3.744E+08 3.899E+07 47.4560 1.00000
  2.239E+14 2.239E+14 5.518E+00 1.321E+06 2.335E+07 4.049E+08 4.296E+08 4.296E+08 3.905E+07 47.6862 1.00000
  2.512E+14 2.512E+14 5.545E+00 1.482E+06 2.620E+07 4.653E+08 4.929E+08 4.929E+08 3.911E+07 47.9165 1.00000
  2.818E+14 2.818E+14 5.572E+00 1.663E+06 2.939E+07 5.346E+08 5.657E+08 5.657E+08 3.916E+07 48.1467 1.00000
  3.162E+14 3.162E+14 5.599E+00 1.866E+06 3.298E+07 6.144E+08 6.492E+08 6.492E+08 3.922E+07 48.3770 1.00000
  3.548E+14 3.548E+14 5.626E+00 2.094E+06 3.700E+07 7.060E+08 7.451E+08 7.451E+08 3.928E+07 48.6073 1.00000
  3.981E+14 3.981E+14 5.654E+00 2.349E+06 4.151E+07 8.114E+08 8.552E+08 8.552E+08 3.933E+07 48.8375 1.00000
  4.467E+14 4.467E+14 5.682E+00 2.636E+06 4.657E+07 9.325E+08 9.817E+08 9.817E+08 3.938E+07 49.0678 1.00000
  5.012E+14 5.012E+14 5.709E+00 2.958E+06 5.225E+07 1.072E+09 1.127E+09 1.127E+09 3.944E+07 49.2980 1.00000
  5.623E+14 5.623E+14 5.737E+00 3.318E+06 5.862E+07 1.232E+09 1.294E+09 1.294E+09 3.949E+07 49.5283 1.00000
  6.310E+14 6.310E+14 5.765E+00 3.723E+06 6.577E+07 1.416E+09 1.485E+09 1.485E+09 3.954E+07 49.7586 1.00000
  7.079E+14 7.079E+14 5.793E+00 4.178E+06 7.379E+07 1.628E+09 1.705E+09 1.705E+09 3.959E+07 49.9888 1.00000
  7.943E+14 7.943E+14 5.822E+00 4.687E+06 8.279E+07 1.871E+09 1.958E+09 1.958E+09 3.963E+07 50.2191 1.00000
  8.913E+14 8.913E+14 5.850E+00 5.259E+06 9.289E+07 2.151E+09 2.249E+09 2.249E+09 3.968E+07 50.4493 1.00000
  1.000E+15 1.000E+15 5.879E+00 5.901E+06 1.042E+08 2.473E+09 2.583E+09 2.583E+09 3.972E+07 50.6796 1.00000
