 Incident particle is a Tau with M = 1776.82000 MeV
 Index = 0: Manganese
      Absorber with <Z/A> = 0.45506
 Density effect computed following Fano (1963)
 Models for Radloss: brems =  SSR, pair =  SSR, photonuc = DRSS

 *** Table generated with PUMAS v1.1 ***

      T         p     Ionization  brems     pair     photonuc  Radloss    dE/dx   CSDA Range  delta   beta
    [MeV]    [MeV/c]  -----------------------[MeV cm^2/g]------------------------  [g/cm^2]
  1.000E+05 1.018E+05 1.859E+00 1.008E-04 6.654E-03 6.391E-03 1.315E-02 1.872E+00 2.671E+04  4.1945 0.99985
  1.122E+05 1.140E+05 1.877E+00 1.222E-04 7.985E-03 7.221E-03 1.533E-02 1.893E+00 3.320E+04  4.3856 0.99988
  1.259E+05 1.277E+05 1.896E+00 1.479E-04 9.552E-03 8.142E-03 1.784E-02 1.914E+00 4.039E+04  4.5804 0.99990
  1.413E+05 1.430E+05 1.914E+00 1.786E-04 1.139E-02 9.154E-03 2.073E-02 1.935E+00 4.837E+04  4.7783 0.99992
  1.585E+05 1.603E+05 1.933E+00 2.154E-04 1.355E-02 1.030E-02 2.407E-02 1.957E+00 5.723E+04  4.9789 0.99994
  1.778E+05 1.796E+05 1.951E+00 2.592E-04 1.608E-02 1.156E-02 2.791E-02 1.979E+00 6.705E+04  5.1820 0.99995
  1.995E+05 2.013E+05 1.969E+00 3.115E-04 1.904E-02 1.299E-02 3.234E-02 2.001E+00 7.795E+04  5.3872 0.99996
  2.239E+05 2.256E+05 1.987E+00 3.734E-04 2.249E-02 1.457E-02 3.743E-02 2.025E+00 9.005E+04  5.5943 0.99997
  2.512E+05 2.530E+05 2.005E+00 4.470E-04 2.650E-02 1.633E-02 4.327E-02 2.048E+00 1.035E+05  5.8031 0.99998
  2.818E+05 2.836E+05 2.023E+00 5.340E-04 3.116E-02 1.831E-02 5.001E-02 2.073E+00 1.183E+05  6.0135 0.99998
  3.162E+05 3.180E+05 2.041E+00 6.367E-04 3.658E-02 2.053E-02 5.775E-02 2.098E+00 1.348E+05  6.2255 0.99998
  3.548E+05 3.566E+05 2.058E+00 7.577E-04 4.285E-02 2.302E-02 6.662E-02 2.125E+00 1.531E+05  6.4389 0.99999
  3.981E+05 3.999E+05 2.076E+00 9.001E-04 5.011E-02 2.579E-02 7.680E-02 2.153E+00 1.733E+05  6.6538 0.99999
  4.467E+05 4.485E+05 2.093E+00 1.067E-03 5.849E-02 2.890E-02 8.847E-02 2.182E+00 1.957E+05  6.8701 0.99999
  5.012E+05 5.030E+05 2.110E+00 1.264E-03 6.817E-02 3.238E-02 1.018E-01 2.212E+00 2.206E+05  7.0879 0.99999
  5.623E+05 5.641E+05 2.128E+00 1.493E-03 7.932E-02 3.630E-02 1.171E-01 2.245E+00 2.480E+05  7.3070 1.00000
  6.310E+05 6.327E+05 2.145E+00 1.762E-03 9.215E-02 4.072E-02 1.346E-01 2.279E+00 2.783E+05  7.5274 1.00000
  7.079E+05 7.097E+05 2.162E+00 2.076E-03 1.069E-01 4.570E-02 1.547E-01 2.316E+00 3.118E+05  7.7491 1.00000
  7.943E+05 7.961E+05 2.178E+00 2.441E-03 1.238E-01 5.130E-02 1.776E-01 2.356E+00 3.488E+05  7.9720 1.00000
  8.913E+05 8.930E+05 2.195E+00 2.867E-03 1.432E-01 5.759E-02 2.037E-01 2.399E+00 3.896E+05  8.1960 1.00000
  1.000E+06 1.002E+06 2.211E+00 3.361E-03 1.655E-01 6.472E-02 2.335E-01 2.445E+00 4.345E+05  8.4209 1.00000
  1.122E+06 1.124E+06 2.228E+00 3.936E-03 1.909E-01 7.273E-02 2.675E-01 2.495E+00 4.839E+05  8.6467 1.00000
  1.259E+06 1.261E+06 2.244E+00 4.601E-03 2.199E-01 8.183E-02 3.064E-01 2.550E+00 5.381E+05  8.8733 1.00000
  1.413E+06 1.414E+06 2.260E+00 5.375E-03 2.531E-01 9.209E-02 3.506E-01 2.611E+00 5.977E+05  9.1005 1.00000
  1.585E+06 1.587E+06 2.276E+00 6.270E-03 2.909E-01 1.037E-01 4.009E-01 2.677E+00 6.629E+05  9.3282 1.00000
  1.778E+06 1.780E+06 2.292E+00 7.303E-03 3.340E-01 1.169E-01 4.582E-01 2.750E+00 7.341E+05  9.5564 1.00000
  1.995E+06 1.997E+06 2.307E+00 8.494E-03 3.830E-01 1.318E-01 5.233E-01 2.831E+00 8.119E+05  9.7849 1.00000
  2.239E+06 2.240E+06 2.323E+00 9.872E-03 4.388E-01 1.487E-01 5.974E-01 2.920E+00 8.966E+05 10.0138 1.00000
  2.512E+06 2.514E+06 2.338E+00 1.146E-02 5.022E-01 1.679E-01 6.815E-01 3.020E+00 9.885E+05 10.2429 1.00000
  2.818E+06 2.820E+06 2.354E+00 1.330E-02 5.741E-01 1.897E-01 7.771E-01 3.131E+00 1.088E+06 10.4723 1.00000
  3.162E+06 3.164E+06 2.369E+00 1.541E-02 6.557E-01 2.144E-01 8.855E-01 3.254E+00 1.196E+06 10.7018 1.00000
  3.548E+06 3.550E+06 2.384E+00 1.783E-02 7.482E-01 2.425E-01 1.009E+00 3.392E+00 1.312E+06 10.9314 1.00000
  3.981E+06 3.983E+06 2.398E+00 2.062E-02 8.530E-01 2.744E-01 1.148E+00 3.546E+00 1.437E+06 11.1612 1.00000
  4.467E+06 4.469E+06 2.413E+00 2.381E-02 9.716E-01 3.107E-01 1.306E+00 3.719E+00 1.571E+06 11.3910 1.00000
  5.012E+06 5.014E+06 2.427E+00 2.748E-02 1.106E+00 3.520E-01 1.485E+00 3.913E+00 1.713E+06 11.6210 1.00000
  5.623E+06 5.625E+06 2.442E+00 3.171E-02 1.258E+00 3.990E-01 1.688E+00 4.130E+00 1.866E+06 11.8509 1.00000
  6.310E+06 6.311E+06 2.456E+00 3.655E-02 1.429E+00 4.525E-01 1.918E+00 4.374E+00 2.027E+06 12.0810 1.00000
  7.079E+06 7.081E+06 2.470E+00 4.209E-02 1.623E+00 5.134E-01 2.178E+00 4.648E+00 2.198E+06 12.3110 1.00000
  7.943E+06 7.945E+06 2.484E+00 4.844E-02 1.841E+00 5.828E-01 2.473E+00 4.956E+00 2.378E+06 12.5411 1.00000
  8.913E+06 8.914E+06 2.498E+00 5.570E-02 2.088E+00 6.618E-01 2.806E+00 5.303E+00 2.567E+06 12.7713 1.00000
  1.000E+07 1.000E+07 2.511E+00 6.400E-02 2.366E+00 7.518E-01 3.182E+00 5.693E+00 2.765E+06 13.0014 1.00000
  1.122E+07 1.122E+07 2.525E+00 7.348E-02 2.680E+00 8.544E-01 3.608E+00 6.133E+00 2.971E+06 13.2316 1.00000
  1.259E+07 1.259E+07 2.538E+00 8.431E-02 3.034E+00 9.713E-01 4.089E+00 6.627E+00 3.186E+06 13.4618 1.00000
  1.413E+07 1.413E+07 2.551E+00 9.667E-02 3.432E+00 1.105E+00 4.633E+00 7.185E+00 3.408E+06 13.6920 1.00000
  1.585E+07 1.585E+07 2.565E+00 1.108E-01 3.881E+00 1.257E+00 5.248E+00 7.813E+00 3.638E+06 13.9222 1.00000
  1.778E+07 1.778E+07 2.578E+00 1.269E-01 4.386E+00 1.430E+00 5.943E+00 8.520E+00 3.875E+06 14.1524 1.00000
  1.995E+07 1.995E+07 2.591E+00 1.452E-01 4.954E+00 1.628E+00 6.727E+00 9.318E+00 4.119E+06 14.3826 1.00000
  2.239E+07 2.239E+07 2.603E+00 1.661E-01 5.594E+00 1.854E+00 7.614E+00 1.022E+01 4.368E+06 14.6128 1.00000
  2.512E+07 2.512E+07 2.616E+00 1.898E-01 6.314E+00 2.111E+00 8.615E+00 1.123E+01 4.623E+06 14.8431 1.00000
  2.818E+07 2.819E+07 2.629E+00 2.169E-01 7.124E+00 2.405E+00 9.746E+00 1.237E+01 4.883E+06 15.0733 1.00000
  3.162E+07 3.162E+07 2.642E+00 2.478E-01 8.034E+00 2.741E+00 1.102E+01 1.366E+01 5.147E+06 15.3036 1.00000
  3.548E+07 3.548E+07 2.655E+00 2.828E-01 9.058E+00 3.123E+00 1.246E+01 1.512E+01 5.416E+06 15.5338 1.00000
  3.981E+07 3.981E+07 2.667E+00 3.227E-01 1.021E+01 3.561E+00 1.409E+01 1.676E+01 5.688E+06 15.7640 1.00000
  4.467E+07 4.467E+07 2.680E+00 3.679E-01 1.150E+01 4.060E+00 1.593E+01 1.861E+01 5.962E+06 15.9943 1.00000
  5.012E+07 5.012E+07 2.693E+00 4.193E-01 1.296E+01 4.629E+00 1.801E+01 2.070E+01 6.240E+06 16.2245 1.00000
  5.623E+07 5.624E+07 2.705E+00 4.776E-01 1.459E+01 5.280E+00 2.035E+01 2.305E+01 6.520E+06 16.4548 1.00000
  6.310E+07 6.310E+07 2.718E+00 5.438E-01 1.643E+01 6.023E+00 2.299E+01 2.571E+01 6.802E+06 16.6850 1.00000
  7.079E+07 7.080E+07 2.730E+00 6.188E-01 1.849E+01 6.872E+00 2.598E+01 2.871E+01 7.085E+06 16.9153 1.00000
  7.943E+07 7.943E+07 2.743E+00 7.038E-01 2.080E+01 7.841E+00 2.935E+01 3.209E+01 7.369E+06 17.1455 1.00000
  8.913E+07 8.913E+07 2.756E+00 8.002E-01 2.340E+01 8.949E+00 3.315E+01 3.591E+01 7.655E+06 17.3758 1.00000
  1.000E+08 1.000E+08 2.768E+00 9.093E-01 2.633E+01 1.021E+01 3.745E+01 4.022E+01 7.941E+06 17.6060 1.00000
  1.122E+08 1.122E+08 2.781E+00 1.033E+00 2.961E+01 1.166E+01 4.230E+01 4.508E+01 8.227E+06 17.8363 1.00000
  1.259E+08 1.259E+08 2.794E+00 1.173E+00 3.329E+01 1.331E+01 4.777E+01 5.057E+01 8.514E+06 18.0665 1.00000
  1.413E+08 1.413E+08 2.807E+00 1.331E+00 3.742E+01 1.520E+01 5.395E+01 5.676E+01 8.800E+06 18.2968 1.00000
  1.585E+08 1.585E+08 2.820E+00 1.509E+00 4.207E+01 1.736E+01 6.093E+01 6.375E+01 9.087E+06 18.5271 1.00000
  1.778E+08 1.778E+08 2.832E+00 1.711E+00 4.728E+01 1.982E+01 6.881E+01 7.164E+01 9.373E+06 18.7573 1.00000
  1.995E+08 1.995E+08 2.845E+00 1.940E+00 5.313E+01 2.264E+01 7.771E+01 8.055E+01 9.658E+06 18.9876 1.00000
  2.239E+08 2.239E+08 2.858E+00 2.198E+00 5.970E+01 2.586E+01 8.775E+01 9.061E+01 9.943E+06 19.2178 1.00000
  2.512E+08 2.512E+08 2.871E+00 2.489E+00 6.707E+01 2.954E+01 9.910E+01 1.020E+02 1.023E+07 19.4481 1.00000
  2.818E+08 2.818E+08 2.884E+00 2.817E+00 7.535E+01 3.375E+01 1.119E+02 1.148E+02 1.051E+07 19.6783 1.00000
  3.162E+08 3.162E+08 2.898E+00 3.188E+00 8.463E+01 3.856E+01 1.264E+02 1.293E+02 1.079E+07 19.9086 1.00000
  3.548E+08 3.548E+08 2.911E+00 3.606E+00 9.506E+01 4.406E+01 1.427E+02 1.456E+02 1.107E+07 20.1389 1.00000
  3.981E+08 3.981E+08 2.924E+00 4.078E+00 1.068E+02 5.034E+01 1.612E+02 1.641E+02 1.135E+07 20.3691 1.00000
  4.467E+08 4.467E+08 2.937E+00 4.609E+00 1.199E+02 5.753E+01 1.820E+02 1.850E+02 1.163E+07 20.5994 1.00000
  5.012E+08 5.012E+08 2.951E+00 5.208E+00 1.346E+02 6.576E+01 2.056E+02 2.085E+02 1.191E+07 20.8296 1.00000
  5.623E+08 5.623E+08 2.964E+00 5.883E+00 1.512E+02 7.516E+01 2.322E+02 2.352E+02 1.219E+07 21.0599 1.00000
  6.310E+08 6.310E+08 2.978E+00 6.643E+00 1.697E+02 8.591E+01 2.623E+02 2.653E+02 1.246E+07 21.2901 1.00000
  7.079E+08 7.079E+08 2.991E+00 7.499E+00 1.906E+02 9.821E+01 2.963E+02 2.992E+02 1.273E+07 21.5204 1.00000
  7.943E+08 7.943E+08 3.005E+00 8.463E+00 2.139E+02 1.123E+02 3.347E+02 3.377E+02 1.300E+07 21.7507 1.00000
  8.913E+08 8.913E+08 3.019E+00 9.548E+00 2.401E+02 1.284E+02 3.781E+02 3.811E+02 1.327E+07 21.9809 1.00000
  1.000E+09 1.000E+09 3.032E+00 1.077E+01 2.696E+02 1.468E+02 4.271E+02 4.301E+02 1.354E+07 22.2112 1.00000
  1.122E+09 1.122E+09 3.046E+00 1.214E+01 3.026E+02 1.678E+02 4.826E+02 4.856E+02 1.381E+07 22.4414 1.00000
  1.259E+09 1.259E+09 3.060E+00 1.369E+01 3.397E+02 1.919E+02 5.453E+02 5.483E+02 1.408E+07 22.6717 1.00000
  1.413E+09 1.413E+09 3.074E+00 1.542E+01 3.812E+02 2.195E+02 6.161E+02 6.192E+02 1.434E+07 22.9019 1.00000
  1.585E+09 1.585E+09 3.088E+00 1.738E+01 4.279E+02 2.510E+02 6.963E+02 6.994E+02 1.460E+07 23.1322 1.00000
  1.778E+09 1.778E+09 3.103E+00 1.957E+01 4.803E+02 2.871E+02 7.869E+02 7.900E+02 1.486E+07 23.3625 1.00000
  1.995E+09 1.995E+09 3.117E+00 2.204E+01 5.390E+02 3.283E+02 8.894E+02 8.925E+02 1.512E+07 23.5927 1.00000
  2.239E+09 2.239E+09 3.131E+00 2.482E+01 6.049E+02 3.756E+02 1.005E+03 1.008E+03 1.538E+07 23.8230 1.00000
  2.512E+09 2.512E+09 3.146E+00 2.794E+01 6.789E+02 4.296E+02 1.136E+03 1.140E+03 1.563E+07 24.0532 1.00000
  2.818E+09 2.818E+09 3.160E+00 3.144E+01 7.619E+02 4.915E+02 1.285E+03 1.288E+03 1.588E+07 24.2835 1.00000
  3.162E+09 3.162E+09 3.175E+00 3.538E+01 8.550E+02 5.623E+02 1.453E+03 1.456E+03 1.613E+07 24.5138 1.00000
  3.548E+09 3.548E+09 3.189E+00 3.980E+01 9.595E+02 6.434E+02 1.643E+03 1.646E+03 1.638E+07 24.7440 1.00000
  3.981E+09 3.981E+09 3.204E+00 4.477E+01 1.077E+03 7.362E+02 1.858E+03 1.861E+03 1.663E+07 24.9743 1.00000
  4.467E+09 4.467E+09 3.219E+00 5.036E+01 1.208E+03 8.424E+02 2.101E+03 2.104E+03 1.688E+07 25.2045 1.00000
  5.012E+09 5.012E+09 3.234E+00 5.662E+01 1.356E+03 9.640E+02 2.377E+03 2.380E+03 1.712E+07 25.4348 1.00000
  5.623E+09 5.623E+09 3.249E+00 6.366E+01 1.522E+03 1.103E+03 2.688E+03 2.692E+03 1.736E+07 25.6650 1.00000
  6.310E+09 6.310E+09 3.264E+00 7.157E+01 1.707E+03 1.263E+03 3.042E+03 3.045E+03 1.760E+07 25.8953 1.00000
  7.079E+09 7.079E+09 3.279E+00 8.045E+01 1.916E+03 1.445E+03 3.441E+03 3.445E+03 1.784E+07 26.1256 1.00000
  7.943E+09 7.943E+09 3.294E+00 9.041E+01 2.150E+03 1.654E+03 3.894E+03 3.898E+03 1.807E+07 26.3558 1.00000
  8.913E+09 8.913E+09 3.309E+00 1.016E+02 2.413E+03 1.893E+03 4.407E+03 4.411E+03 1.831E+07 26.5861 1.00000
  1.000E+10 1.000E+10 3.325E+00 1.142E+02 2.707E+03 2.167E+03 4.989E+03 4.992E+03 1.854E+07 26.8163 1.00000
  1.122E+10 1.122E+10 3.340E+00 1.283E+02 3.038E+03 2.481E+03 5.647E+03 5.650E+03 1.877E+07 27.0466 1.00000
  1.259E+10 1.259E+10 3.356E+00 1.441E+02 3.408E+03 2.840E+03 6.393E+03 6.396E+03 1.900E+07 27.2768 1.00000
  1.413E+10 1.413E+10 3.372E+00 1.619E+02 3.825E+03 3.252E+03 7.239E+03 7.242E+03 1.922E+07 27.5071 1.00000
  1.585E+10 1.585E+10 3.387E+00 1.818E+02 4.292E+03 3.724E+03 8.197E+03 8.200E+03 1.944E+07 27.7373 1.00000
  1.778E+10 1.778E+10 3.403E+00 2.042E+02 4.815E+03 4.264E+03 9.283E+03 9.287E+03 1.967E+07 27.9675 1.00000
  1.995E+10 1.995E+10 3.419E+00 2.293E+02 5.403E+03 4.882E+03 1.051E+04 1.052E+04 1.989E+07 28.1978 1.00000
  2.239E+10 2.239E+10 3.435E+00 2.575E+02 6.063E+03 5.591E+03 1.191E+04 1.191E+04 2.010E+07 28.4277 1.00000
  2.512E+10 2.512E+10 3.451E+00 2.892E+02 6.803E+03 6.403E+03 1.350E+04 1.350E+04 2.032E+07 28.6579 1.00000
  2.818E+10 2.818E+10 3.468E+00 3.247E+02 7.633E+03 7.334E+03 1.529E+04 1.529E+04 2.053E+07 28.8882 1.00000
  3.162E+10 3.162E+10 3.484E+00 3.646E+02 8.565E+03 8.400E+03 1.733E+04 1.733E+04 2.074E+07 29.1169 1.00000
  3.548E+10 3.548E+10 3.500E+00 4.093E+02 9.610E+03 9.621E+03 1.964E+04 1.964E+04 2.095E+07 29.3471 1.00000
  3.981E+10 3.981E+10 3.517E+00 4.595E+02 1.078E+04 1.102E+04 2.226E+04 2.227E+04 2.116E+07 29.5774 1.00000
  4.467E+10 4.467E+10 3.533E+00 5.158E+02 1.210E+04 1.263E+04 2.524E+04 2.524E+04 2.136E+07 29.8077 1.00000
  5.012E+10 5.012E+10 3.550E+00 5.791E+02 1.358E+04 1.446E+04 2.862E+04 2.862E+04 2.157E+07 30.0314 1.00000
  5.623E+10 5.623E+10 3.567E+00 6.500E+02 1.523E+04 1.657E+04 3.245E+04 3.246E+04 2.177E+07 30.2617 1.00000
  6.310E+10 6.310E+10 3.584E+00 7.296E+02 1.709E+04 1.899E+04 3.681E+04 3.681E+04 2.196E+07 30.4919 1.00000
  7.079E+10 7.079E+10 3.603E+00 8.190E+02 1.918E+04 2.175E+04 4.175E+04 4.175E+04 2.216E+07 30.6931 1.00000
  7.943E+10 7.943E+10 3.620E+00 9.192E+02 2.152E+04 2.493E+04 4.736E+04 4.737E+04 2.236E+07 30.9233 1.00000
  8.913E+10 8.913E+10 3.637E+00 1.032E+03 2.414E+04 2.856E+04 5.374E+04 5.374E+04 2.255E+07 31.1536 1.00000
  1.000E+11 1.000E+11 3.655E+00 1.158E+03 2.709E+04 3.273E+04 6.098E+04 6.098E+04 2.274E+07 31.3838 1.00000
  1.122E+11 1.122E+11 3.672E+00 1.300E+03 3.039E+04 3.752E+04 6.921E+04 6.921E+04 2.292E+07 31.6141 1.00000
  1.259E+11 1.259E+11 3.700E+00 1.458E+03 3.410E+04 4.300E+04 7.856E+04 7.856E+04 2.311E+07 31.6889 1.00000
  1.413E+11 1.413E+11 3.718E+00 1.637E+03 3.826E+04 4.928E+04 8.918E+04 8.919E+04 2.329E+07 31.9191 1.00000
  1.585E+11 1.585E+11 3.735E+00 1.837E+03 4.293E+04 5.649E+04 1.013E+05 1.013E+05 2.348E+07 32.1494 1.00000
  1.778E+11 1.778E+11 3.753E+00 2.061E+03 4.817E+04 6.475E+04 1.150E+05 1.150E+05 2.365E+07 32.3797 1.00000
  1.995E+11 1.995E+11 3.771E+00 2.313E+03 5.405E+04 7.423E+04 1.306E+05 1.306E+05 2.383E+07 32.6099 1.00000
  2.239E+11 2.239E+11 3.789E+00 2.596E+03 6.064E+04 8.510E+04 1.483E+05 1.483E+05 2.401E+07 32.8402 1.00000
  2.512E+11 2.512E+11 3.807E+00 2.913E+03 6.804E+04 9.756E+04 1.685E+05 1.685E+05 2.418E+07 33.0704 1.00000
  2.818E+11 2.818E+11 3.825E+00 3.269E+03 7.635E+04 1.119E+05 1.915E+05 1.915E+05 2.435E+07 33.3007 1.00000
  3.162E+11 3.162E+11 3.843E+00 3.668E+03 8.566E+04 1.283E+05 2.176E+05 2.176E+05 2.452E+07 33.5309 1.00000
  3.548E+11 3.548E+11 3.862E+00 4.116E+03 9.612E+04 1.471E+05 2.473E+05 2.473E+05 2.468E+07 33.7612 1.00000
  3.981E+11 3.981E+11 3.880E+00 4.619E+03 1.078E+05 1.687E+05 2.811E+05 2.811E+05 2.485E+07 33.9915 1.00000
  4.467E+11 4.467E+11 3.899E+00 5.183E+03 1.210E+05 1.934E+05 3.196E+05 3.196E+05 2.501E+07 34.2217 1.00000
  5.012E+11 5.012E+11 3.917E+00 5.816E+03 1.358E+05 2.218E+05 3.634E+05 3.634E+05 2.517E+07 34.4520 1.00000
  5.623E+11 5.623E+11 3.936E+00 6.526E+03 1.523E+05 2.544E+05 4.133E+05 4.133E+05 2.533E+07 34.6822 1.00000
  6.310E+11 6.310E+11 3.955E+00 7.323E+03 1.709E+05 2.918E+05 4.700E+05 4.700E+05 2.548E+07 34.9125 1.00000
  7.079E+11 7.079E+11 3.974E+00 8.217E+03 1.918E+05 3.347E+05 5.347E+05 5.347E+05 2.564E+07 35.1428 1.00000
  7.943E+11 7.943E+11 3.993E+00 9.220E+03 2.152E+05 3.839E+05 6.083E+05 6.083E+05 2.579E+07 35.3730 1.00000
  8.913E+11 8.913E+11 4.012E+00 1.035E+04 2.414E+05 4.404E+05 6.922E+05 6.922E+05 2.594E+07 35.6033 1.00000
  1.000E+12 1.000E+12 4.031E+00 1.161E+04 2.709E+05 5.052E+05 7.877E+05 7.877E+05 2.608E+07 35.8335 1.00000
  1.122E+12 1.122E+12 4.051E+00 1.302E+04 3.039E+05 5.796E+05 8.966E+05 8.966E+05 2.623E+07 36.0638 1.00000
  1.259E+12 1.259E+12 4.070E+00 1.461E+04 3.410E+05 6.650E+05 1.021E+06 1.021E+06 2.637E+07 36.2940 1.00000
  1.413E+12 1.413E+12 4.090E+00 1.640E+04 3.826E+05 7.631E+05 1.162E+06 1.162E+06 2.651E+07 36.5243 1.00000
  1.585E+12 1.585E+12 4.110E+00 1.840E+04 4.293E+05 8.756E+05 1.323E+06 1.323E+06 2.665E+07 36.7546 1.00000
  1.778E+12 1.778E+12 4.129E+00 2.065E+04 4.817E+05 1.005E+06 1.507E+06 1.507E+06 2.679E+07 36.9848 1.00000
  1.995E+12 1.995E+12 4.149E+00 2.316E+04 5.405E+05 1.153E+06 1.717E+06 1.717E+06 2.692E+07 37.2151 1.00000
  2.239E+12 2.239E+12 4.169E+00 2.599E+04 6.064E+05 1.323E+06 1.956E+06 1.956E+06 2.706E+07 37.4453 1.00000
  2.512E+12 2.512E+12 4.189E+00 2.916E+04 6.804E+05 1.519E+06 2.228E+06 2.228E+06 2.719E+07 37.6756 1.00000
  2.818E+12 2.818E+12 4.210E+00 3.272E+04 7.635E+05 1.743E+06 2.539E+06 2.539E+06 2.732E+07 37.9059 1.00000
  3.162E+12 3.162E+12 4.230E+00 3.672E+04 8.566E+05 2.001E+06 2.894E+06 2.894E+06 2.744E+07 38.1361 1.00000
  3.548E+12 3.548E+12 4.251E+00 4.120E+04 9.611E+05 2.296E+06 3.299E+06 3.299E+06 2.757E+07 38.3664 1.00000
  3.981E+12 3.981E+12 4.271E+00 4.622E+04 1.078E+06 2.636E+06 3.761E+06 3.761E+06 2.769E+07 38.5966 1.00000
  4.467E+12 4.467E+12 4.292E+00 5.186E+04 1.210E+06 3.026E+06 4.288E+06 4.288E+06 2.781E+07 38.8269 1.00000
  5.012E+12 5.012E+12 4.313E+00 5.819E+04 1.358E+06 3.474E+06 4.890E+06 4.890E+06 2.793E+07 39.0572 1.00000
  5.623E+12 5.623E+12 4.334E+00 6.530E+04 1.523E+06 3.989E+06 5.577E+06 5.577E+06 2.805E+07 39.2874 1.00000
  6.310E+12 6.310E+12 4.355E+00 7.326E+04 1.709E+06 4.579E+06 6.362E+06 6.362E+06 2.816E+07 39.5177 1.00000
  7.079E+12 7.079E+12 4.376E+00 8.220E+04 1.918E+06 5.258E+06 7.258E+06 7.258E+06 2.828E+07 39.7479 1.00000
  7.943E+12 7.943E+12 4.397E+00 9.223E+04 2.152E+06 6.038E+06 8.282E+06 8.282E+06 2.839E+07 39.9782 1.00000
  8.913E+12 8.913E+12 4.419E+00 1.035E+05 2.414E+06 6.933E+06 9.451E+06 9.451E+06 2.850E+07 40.2084 1.00000
  1.000E+13 1.000E+13 4.440E+00 1.161E+05 2.709E+06 7.962E+06 1.079E+07 1.079E+07 2.860E+07 40.4387 1.00000
  1.122E+13 1.122E+13 4.462E+00 1.303E+05 3.039E+06 9.144E+06 1.231E+07 1.231E+07 2.871E+07 40.6690 1.00000
  1.259E+13 1.259E+13 4.484E+00 1.462E+05 3.410E+06 1.050E+07 1.406E+07 1.406E+07 2.881E+07 40.8992 1.00000
  1.413E+13 1.413E+13 4.505E+00 1.640E+05 3.826E+06 1.206E+07 1.605E+07 1.605E+07 2.892E+07 41.1295 1.00000
  1.585E+13 1.585E+13 4.527E+00 1.840E+05 4.293E+06 1.385E+07 1.833E+07 1.833E+07 2.902E+07 41.3597 1.00000
  1.778E+13 1.778E+13 4.549E+00 2.065E+05 4.817E+06 1.591E+07 2.094E+07 2.094E+07 2.912E+07 41.5900 1.00000
  1.995E+13 1.995E+13 4.572E+00 2.317E+05 5.405E+06 1.828E+07 2.392E+07 2.392E+07 2.921E+07 41.8203 1.00000
  2.239E+13 2.239E+13 4.594E+00 2.600E+05 6.064E+06 2.100E+07 2.732E+07 2.732E+07 2.931E+07 42.0505 1.00000
  2.512E+13 2.512E+13 4.617E+00 2.917E+05 6.804E+06 2.412E+07 3.122E+07 3.122E+07 2.940E+07 42.2808 1.00000
  2.818E+13 2.818E+13 4.639E+00 3.273E+05 7.634E+06 2.772E+07 3.568E+07 3.568E+07 2.949E+07 42.5110 1.00000
  3.162E+13 3.162E+13 4.662E+00 3.672E+05 8.566E+06 3.184E+07 4.078E+07 4.078E+07 2.958E+07 42.7413 1.00000
  3.548E+13 3.548E+13 4.685E+00 4.120E+05 9.611E+06 3.659E+07 4.661E+07 4.661E+07 2.967E+07 42.9715 1.00000
  3.981E+13 3.981E+13 4.708E+00 4.623E+05 1.078E+07 4.204E+07 5.329E+07 5.329E+07 2.976E+07 43.2018 1.00000
  4.467E+13 4.467E+13 4.731E+00 5.187E+05 1.210E+07 4.831E+07 6.093E+07 6.093E+07 2.984E+07 43.4321 1.00000
  5.012E+13 5.012E+13 4.754E+00 5.820E+05 1.358E+07 5.551E+07 6.967E+07 6.967E+07 2.993E+07 43.6623 1.00000
  5.623E+13 5.623E+13 4.777E+00 6.530E+05 1.523E+07 6.380E+07 7.968E+07 7.968E+07 3.001E+07 43.8926 1.00000
  6.310E+13 6.310E+13 4.801E+00 7.327E+05 1.709E+07 7.332E+07 9.114E+07 9.114E+07 3.009E+07 44.1228 1.00000
  7.079E+13 7.079E+13 4.824E+00 8.221E+05 1.918E+07 8.427E+07 1.043E+08 1.043E+08 3.017E+07 44.3531 1.00000
  7.943E+13 7.943E+13 4.848E+00 9.224E+05 2.152E+07 9.685E+07 1.193E+08 1.193E+08 3.025E+07 44.5834 1.00000
  8.913E+13 8.913E+13 4.872E+00 1.035E+06 2.414E+07 1.113E+08 1.365E+08 1.365E+08 3.032E+07 44.8136 1.00000
  1.000E+14 1.000E+14 4.896E+00 1.161E+06 2.709E+07 1.280E+08 1.562E+08 1.562E+08 3.040E+07 45.0439 1.00000
  1.122E+14 1.122E+14 4.920E+00 1.303E+06 3.039E+07 1.471E+08 1.788E+08 1.788E+08 3.047E+07 45.2741 1.00000
  1.259E+14 1.259E+14 4.944E+00 1.462E+06 3.410E+07 1.691E+08 2.047E+08 2.047E+08 3.054E+07 45.5044 1.00000
  1.413E+14 1.413E+14 4.968E+00 1.640E+06 3.826E+07 1.944E+08 2.343E+08 2.343E+08 3.061E+07 45.7346 1.00000
  1.585E+14 1.585E+14 4.993E+00 1.840E+06 4.293E+07 2.235E+08 2.683E+08 2.683E+08 3.068E+07 45.9649 1.00000
  1.778E+14 1.778E+14 5.017E+00 2.065E+06 4.816E+07 2.570E+08 3.072E+08 3.072E+08 3.075E+07 46.1952 1.00000
  1.995E+14 1.995E+14 5.042E+00 2.317E+06 5.404E+07 2.954E+08 3.518E+08 3.518E+08 3.081E+07 46.4254 1.00000
  2.239E+14 2.239E+14 5.067E+00 2.600E+06 6.064E+07 3.397E+08 4.029E+08 4.029E+08 3.088E+07 46.6557 1.00000
  2.512E+14 2.512E+14 5.092E+00 2.917E+06 6.803E+07 3.906E+08 4.616E+08 4.616E+08 3.094E+07 46.8859 1.00000
  2.818E+14 2.818E+14 5.117E+00 3.273E+06 7.633E+07 4.492E+08 5.288E+08 5.288E+08 3.100E+07 47.1162 1.00000
  3.162E+14 3.162E+14 5.142E+00 3.672E+06 8.565E+07 5.165E+08 6.059E+08 6.059E+08 3.106E+07 47.3465 1.00000
  3.548E+14 3.548E+14 5.168E+00 4.120E+06 9.610E+07 5.940E+08 6.943E+08 6.943E+08 3.112E+07 47.5767 1.00000
  3.981E+14 3.981E+14 5.193E+00 4.623E+06 1.078E+08 6.832E+08 7.956E+08 7.956E+08 3.118E+07 47.8070 1.00000
  4.467E+14 4.467E+14 5.219E+00 5.187E+06 1.210E+08 7.858E+08 9.119E+08 9.119E+08 3.124E+07 48.0372 1.00000
  5.012E+14 5.012E+14 5.245E+00 5.820E+06 1.357E+08 9.038E+08 1.045E+09 1.045E+09 3.129E+07 48.2675 1.00000
  5.623E+14 5.623E+14 5.271E+00 6.530E+06 1.523E+08 1.040E+09 1.198E+09 1.198E+09 3.135E+07 48.4978 1.00000
  6.310E+14 6.310E+14 5.297E+00 7.327E+06 1.709E+08 1.196E+09 1.374E+09 1.374E+09 3.140E+07 48.7280 1.00000
  7.079E+14 7.079E+14 5.323E+00 8.221E+06 1.917E+08 1.376E+09 1.575E+09 1.575E+09 3.145E+07 48.9583 1.00000
  7.943E+14 7.943E+14 5.349E+00 9.224E+06 2.151E+08 1.582E+09 1.807E+09 1.807E+09 3.151E+07 49.1885 1.00000
  8.913E+14 8.913E+14 5.376E+00 1.035E+07 2.414E+08 1.820E+09 2.072E+09 2.072E+09 3.156E+07 49.4188 1.00000
  1.000E+15 1.000E+15 5.402E+00 1.161E+07 2.708E+08 2.094E+09 2.377E+09 2.377E+09 3.161E+07 49.6490 1.00000
