 Incident particle is a Tau with M = 1776.82000 MeV
 Index = 0: Mendelevium
      Absorber with <Z/A> = 0.39132
 Density effect computed following Fano (1963)
 Models for Radloss: brems =  SSR, pair =  SSR, photonuc = DRSS

 *** Table generated with PUMAS v1.1 ***

      T         p     Ionization  brems     pair     photonuc  Radloss    dE/dx   CSDA Range  delta   beta
    [MeV]    [MeV/c]  -----------------------[MeV cm^2/g]------------------------  [g/cm^2]
  1.000E+05 1.018E+05 1.532E+00 2.542E-04 2.248E-02 6.073E-03 2.881E-02 1.561E+00 3.204E+04  2.6811 0.99985
  1.122E+05 1.140E+05 1.550E+00 3.101E-04 2.691E-02 6.841E-03 3.406E-02 1.584E+00 3.980E+04  2.8344 0.99988
  1.259E+05 1.277E+05 1.569E+00 3.775E-04 3.212E-02 7.688E-03 4.018E-02 1.609E+00 4.837E+04  2.9920 0.99990
  1.413E+05 1.430E+05 1.587E+00 4.590E-04 3.823E-02 8.616E-03 4.730E-02 1.634E+00 5.784E+04  3.1536 0.99992
  1.585E+05 1.603E+05 1.604E+00 5.569E-04 4.538E-02 9.664E-03 5.560E-02 1.660E+00 6.831E+04  3.3191 0.99994
  1.778E+05 1.796E+05 1.622E+00 6.746E-04 5.374E-02 1.081E-02 6.523E-02 1.687E+00 7.986E+04  3.4884 0.99995
  1.995E+05 2.013E+05 1.640E+00 8.157E-04 6.348E-02 1.211E-02 7.641E-02 1.716E+00 9.261E+04  3.6615 0.99996
  2.239E+05 2.256E+05 1.657E+00 9.843E-04 7.483E-02 1.354E-02 8.935E-02 1.746E+00 1.067E+05  3.8384 0.99997
  2.512E+05 2.530E+05 1.674E+00 1.185E-03 8.801E-02 1.512E-02 1.043E-01 1.778E+00 1.222E+05  4.0189 0.99998
  2.818E+05 2.836E+05 1.691E+00 1.425E-03 1.033E-01 1.690E-02 1.216E-01 1.813E+00 1.392E+05  4.2029 0.99998
  3.162E+05 3.180E+05 1.708E+00 1.710E-03 1.210E-01 1.889E-02 1.416E-01 1.849E+00 1.580E+05  4.3903 0.99998
  3.548E+05 3.566E+05 1.724E+00 2.047E-03 1.415E-01 2.111E-02 1.646E-01 1.889E+00 1.787E+05  4.5809 0.99999
  3.981E+05 3.999E+05 1.741E+00 2.446E-03 1.651E-01 2.357E-02 1.911E-01 1.932E+00 2.013E+05  4.7746 0.99999
  4.467E+05 4.485E+05 1.757E+00 2.918E-03 1.923E-01 2.634E-02 2.216E-01 1.978E+00 2.262E+05  4.9712 0.99999
  5.012E+05 5.030E+05 1.773E+00 3.473E-03 2.237E-01 2.941E-02 2.566E-01 2.029E+00 2.534E+05  5.1703 0.99999
  5.623E+05 5.641E+05 1.789E+00 4.127E-03 2.597E-01 3.287E-02 2.967E-01 2.085E+00 2.831E+05  5.3720 1.00000
  6.310E+05 6.327E+05 1.804E+00 4.895E-03 3.011E-01 3.677E-02 3.427E-01 2.147E+00 3.155E+05  5.5759 1.00000
  7.079E+05 7.097E+05 1.820E+00 5.796E-03 3.485E-01 4.114E-02 3.954E-01 2.215E+00 3.508E+05  5.7820 1.00000
  7.943E+05 7.961E+05 1.835E+00 6.849E-03 4.028E-01 4.605E-02 4.557E-01 2.291E+00 3.892E+05  5.9900 1.00000
  8.913E+05 8.930E+05 1.850E+00 8.082E-03 4.649E-01 5.155E-02 5.245E-01 2.375E+00 4.307E+05  6.2000 1.00000
  1.000E+06 1.002E+06 1.865E+00 9.519E-03 5.359E-01 5.778E-02 6.032E-01 2.468E+00 4.756E+05  6.4118 1.00000
  1.122E+06 1.124E+06 1.880E+00 1.119E-02 6.168E-01 6.476E-02 6.928E-01 2.573E+00 5.240E+05  6.6254 1.00000
  1.259E+06 1.261E+06 1.895E+00 1.314E-02 7.091E-01 7.268E-02 7.950E-01 2.690E+00 5.761E+05  6.8405 1.00000
  1.413E+06 1.414E+06 1.909E+00 1.541E-02 8.143E-01 8.159E-02 9.113E-01 2.820E+00 6.319E+05  7.0571 1.00000
  1.585E+06 1.587E+06 1.923E+00 1.804E-02 9.339E-01 9.168E-02 1.044E+00 2.967E+00 6.914E+05  7.2751 1.00000
  1.778E+06 1.780E+06 1.937E+00 2.108E-02 1.070E+00 1.031E-01 1.194E+00 3.131E+00 7.549E+05  7.4944 1.00000
  1.995E+06 1.997E+06 1.951E+00 2.462E-02 1.224E+00 1.160E-01 1.365E+00 3.316E+00 8.222E+05  7.7148 1.00000
  2.239E+06 2.240E+06 1.965E+00 2.871E-02 1.399E+00 1.306E-01 1.559E+00 3.524E+00 8.934E+05  7.9362 1.00000
  2.512E+06 2.514E+06 1.979E+00 3.343E-02 1.598E+00 1.472E-01 1.779E+00 3.758E+00 9.685E+05  8.1585 1.00000
  2.818E+06 2.820E+06 1.992E+00 3.886E-02 1.823E+00 1.660E-01 2.028E+00 4.020E+00 1.047E+06  8.3817 1.00000
  3.162E+06 3.164E+06 2.006E+00 4.515E-02 2.078E+00 1.873E-01 2.311E+00 4.316E+00 1.130E+06  8.6055 1.00000
  3.548E+06 3.550E+06 2.019E+00 5.240E-02 2.367E+00 2.115E-01 2.631E+00 4.649E+00 1.216E+06  8.8300 1.00000
  3.981E+06 3.983E+06 2.032E+00 6.075E-02 2.693E+00 2.390E-01 2.993E+00 5.024E+00 1.306E+06  9.0551 1.00000
  4.467E+06 4.469E+06 2.045E+00 7.034E-02 3.062E+00 2.702E-01 3.402E+00 5.447E+00 1.398E+06  9.2808 1.00000
  5.012E+06 5.014E+06 2.057E+00 8.135E-02 3.478E+00 3.058E-01 3.865E+00 5.922E+00 1.494E+06  9.5069 1.00000
  5.623E+06 5.625E+06 2.070E+00 9.399E-02 3.948E+00 3.462E-01 4.389E+00 6.458E+00 1.593E+06  9.7335 1.00000
  6.310E+06 6.311E+06 2.082E+00 1.085E-01 4.479E+00 3.922E-01 4.980E+00 7.062E+00 1.695E+06  9.9605 1.00000
  7.079E+06 7.081E+06 2.094E+00 1.251E-01 5.077E+00 4.445E-01 5.647E+00 7.741E+00 1.799E+06 10.1880 1.00000
  7.943E+06 7.945E+06 2.106E+00 1.442E-01 5.752E+00 5.041E-01 6.401E+00 8.507E+00 1.905E+06 10.4158 1.00000
  8.913E+06 8.914E+06 2.118E+00 1.661E-01 6.513E+00 5.720E-01 7.251E+00 9.369E+00 2.014E+06 10.6440 1.00000
  1.000E+07 1.000E+07 2.130E+00 1.911E-01 7.370E+00 6.492E-01 8.210E+00 1.034E+01 2.124E+06 10.8725 1.00000
  1.122E+07 1.122E+07 2.142E+00 2.197E-01 8.335E+00 7.373E-01 9.292E+00 1.143E+01 2.236E+06 11.1013 1.00000
  1.259E+07 1.259E+07 2.153E+00 2.523E-01 9.422E+00 8.376E-01 1.051E+01 1.267E+01 2.350E+06 11.3303 1.00000
  1.413E+07 1.413E+07 2.165E+00 2.896E-01 1.065E+01 9.521E-01 1.189E+01 1.405E+01 2.465E+06 11.5595 1.00000
  1.585E+07 1.585E+07 2.176E+00 3.322E-01 1.202E+01 1.083E+00 1.344E+01 1.561E+01 2.581E+06 11.7889 1.00000
  1.778E+07 1.778E+07 2.187E+00 3.807E-01 1.357E+01 1.231E+00 1.518E+01 1.737E+01 2.699E+06 12.0185 1.00000
  1.995E+07 1.995E+07 2.199E+00 4.360E-01 1.531E+01 1.401E+00 1.715E+01 1.935E+01 2.817E+06 12.2482 1.00000
  2.239E+07 2.239E+07 2.210E+00 4.989E-01 1.727E+01 1.594E+00 1.937E+01 2.158E+01 2.936E+06 12.4780 1.00000
  2.512E+07 2.512E+07 2.221E+00 5.706E-01 1.948E+01 1.815E+00 2.186E+01 2.408E+01 3.056E+06 12.7079 1.00000
  2.818E+07 2.819E+07 2.232E+00 6.521E-01 2.195E+01 2.067E+00 2.467E+01 2.690E+01 3.176E+06 12.9379 1.00000
  3.162E+07 3.162E+07 2.243E+00 7.448E-01 2.474E+01 2.355E+00 2.784E+01 3.008E+01 3.297E+06 13.1679 1.00000
  3.548E+07 3.548E+07 2.254E+00 8.501E-01 2.787E+01 2.683E+00 3.140E+01 3.365E+01 3.418E+06 13.3979 1.00000
  3.981E+07 3.981E+07 2.265E+00 9.700E-01 3.138E+01 3.058E+00 3.541E+01 3.767E+01 3.540E+06 13.6280 1.00000
  4.467E+07 4.467E+07 2.276E+00 1.106E+00 3.533E+01 3.485E+00 3.992E+01 4.220E+01 3.662E+06 13.8582 1.00000
  5.012E+07 5.012E+07 2.286E+00 1.260E+00 3.977E+01 3.974E+00 4.500E+01 4.729E+01 3.784E+06 14.0883 1.00000
  5.623E+07 5.624E+07 2.297E+00 1.436E+00 4.475E+01 4.531E+00 5.072E+01 5.301E+01 3.906E+06 14.3185 1.00000
  6.310E+07 6.310E+07 2.308E+00 1.634E+00 5.035E+01 5.168E+00 5.715E+01 5.946E+01 4.028E+06 14.5487 1.00000
  7.079E+07 7.080E+07 2.319E+00 1.859E+00 5.663E+01 5.895E+00 6.439E+01 6.671E+01 4.150E+06 14.7789 1.00000
  7.943E+07 7.943E+07 2.330E+00 2.114E+00 6.369E+01 6.726E+00 7.253E+01 7.486E+01 4.272E+06 15.0091 1.00000
  8.913E+07 8.913E+07 2.341E+00 2.402E+00 7.162E+01 7.675E+00 8.169E+01 8.404E+01 4.394E+06 15.2393 1.00000
  1.000E+08 1.000E+08 2.352E+00 2.729E+00 8.052E+01 8.759E+00 9.200E+01 9.436E+01 4.516E+06 15.4696 1.00000
  1.122E+08 1.122E+08 2.363E+00 3.098E+00 9.051E+01 9.998E+00 1.036E+02 1.060E+02 4.638E+06 15.6998 1.00000
  1.259E+08 1.259E+08 2.374E+00 3.515E+00 1.017E+02 1.141E+01 1.167E+02 1.190E+02 4.760E+06 15.9300 1.00000
  1.413E+08 1.413E+08 2.385E+00 3.987E+00 1.143E+02 1.303E+01 1.313E+02 1.337E+02 4.882E+06 16.1603 1.00000
  1.585E+08 1.585E+08 2.396E+00 4.519E+00 1.284E+02 1.488E+01 1.478E+02 1.502E+02 5.004E+06 16.3905 1.00000
  1.778E+08 1.778E+08 2.407E+00 5.121E+00 1.443E+02 1.699E+01 1.664E+02 1.688E+02 5.125E+06 16.6208 1.00000
  1.995E+08 1.995E+08 2.418E+00 5.800E+00 1.621E+02 1.940E+01 1.873E+02 1.897E+02 5.246E+06 16.8510 1.00000
  2.239E+08 2.239E+08 2.429E+00 6.566E+00 1.821E+02 2.216E+01 2.108E+02 2.133E+02 5.367E+06 17.0813 1.00000
  2.512E+08 2.512E+08 2.440E+00 7.431E+00 2.045E+02 2.532E+01 2.373E+02 2.397E+02 5.488E+06 17.3115 1.00000
  2.818E+08 2.818E+08 2.452E+00 8.405E+00 2.297E+02 2.892E+01 2.670E+02 2.695E+02 5.608E+06 17.5418 1.00000
  3.162E+08 3.162E+08 2.463E+00 9.504E+00 2.580E+02 3.304E+01 3.005E+02 3.030E+02 5.729E+06 17.7720 1.00000
  3.548E+08 3.548E+08 2.474E+00 1.074E+01 2.897E+02 3.775E+01 3.382E+02 3.407E+02 5.849E+06 18.0023 1.00000
  3.981E+08 3.981E+08 2.486E+00 1.214E+01 3.253E+02 4.314E+01 3.805E+02 3.830E+02 5.968E+06 18.2326 1.00000
  4.467E+08 4.467E+08 2.497E+00 1.371E+01 3.652E+02 4.930E+01 4.282E+02 4.307E+02 6.088E+06 18.4628 1.00000
  5.012E+08 5.012E+08 2.509E+00 1.548E+01 4.100E+02 5.634E+01 4.818E+02 4.844E+02 6.207E+06 18.6931 1.00000
  5.623E+08 5.623E+08 2.520E+00 1.747E+01 4.603E+02 6.440E+01 5.422E+02 5.447E+02 6.326E+06 18.9233 1.00000
  6.310E+08 6.310E+08 2.532E+00 1.971E+01 5.168E+02 7.361E+01 6.101E+02 6.126E+02 6.445E+06 19.1536 1.00000
  7.079E+08 7.079E+08 2.543E+00 2.223E+01 5.801E+02 8.414E+01 6.865E+02 6.890E+02 6.563E+06 19.3838 1.00000
  7.943E+08 7.943E+08 2.555E+00 2.507E+01 6.512E+02 9.619E+01 7.724E+02 7.750E+02 6.681E+06 19.6141 1.00000
  8.913E+08 8.913E+08 2.567E+00 2.826E+01 7.309E+02 1.100E+02 8.691E+02 8.717E+02 6.799E+06 19.8444 1.00000
  1.000E+09 1.000E+09 2.579E+00 3.184E+01 8.204E+02 1.257E+02 9.780E+02 9.805E+02 6.917E+06 20.0746 1.00000
  1.122E+09 1.122E+09 2.591E+00 3.588E+01 9.208E+02 1.438E+02 1.100E+03 1.103E+03 7.034E+06 20.3049 1.00000
  1.259E+09 1.259E+09 2.603E+00 4.041E+01 1.033E+03 1.644E+02 1.238E+03 1.241E+03 7.151E+06 20.5351 1.00000
  1.413E+09 1.413E+09 2.615E+00 4.551E+01 1.160E+03 1.880E+02 1.393E+03 1.396E+03 7.268E+06 20.7654 1.00000
  1.585E+09 1.585E+09 2.627E+00 5.124E+01 1.302E+03 2.150E+02 1.568E+03 1.571E+03 7.384E+06 20.9956 1.00000
  1.778E+09 1.778E+09 2.639E+00 5.767E+01 1.461E+03 2.459E+02 1.765E+03 1.767E+03 7.500E+06 21.2259 1.00000
  1.995E+09 1.995E+09 2.651E+00 6.490E+01 1.640E+03 2.813E+02 1.986E+03 1.988E+03 7.616E+06 21.4562 1.00000
  2.239E+09 2.239E+09 2.664E+00 7.303E+01 1.840E+03 3.218E+02 2.235E+03 2.237E+03 7.731E+06 21.6864 1.00000
  2.512E+09 2.512E+09 2.676E+00 8.215E+01 2.065E+03 3.681E+02 2.515E+03 2.518E+03 7.846E+06 21.9167 1.00000
  2.818E+09 2.818E+09 2.689E+00 9.240E+01 2.317E+03 4.211E+02 2.831E+03 2.833E+03 7.961E+06 22.1469 1.00000
  3.162E+09 3.162E+09 2.701E+00 1.039E+02 2.600E+03 4.817E+02 3.186E+03 3.189E+03 8.075E+06 22.3772 1.00000
  3.548E+09 3.548E+09 2.714E+00 1.168E+02 2.918E+03 5.512E+02 3.586E+03 3.589E+03 8.189E+06 22.6075 1.00000
  3.981E+09 3.981E+09 2.726E+00 1.313E+02 3.274E+03 6.307E+02 4.036E+03 4.039E+03 8.303E+06 22.8377 1.00000
  4.467E+09 4.467E+09 2.739E+00 1.476E+02 3.674E+03 7.216E+02 4.544E+03 4.546E+03 8.416E+06 23.0680 1.00000
  5.012E+09 5.012E+09 2.752E+00 1.659E+02 4.123E+03 8.258E+02 5.115E+03 5.117E+03 8.529E+06 23.2982 1.00000
  5.623E+09 5.623E+09 2.765E+00 1.865E+02 4.626E+03 9.451E+02 5.758E+03 5.761E+03 8.642E+06 23.5285 1.00000
  6.310E+09 6.310E+09 2.778E+00 2.095E+02 5.191E+03 1.082E+03 6.483E+03 6.485E+03 8.754E+06 23.7587 1.00000
  7.079E+09 7.079E+09 2.791E+00 2.354E+02 5.825E+03 1.238E+03 7.299E+03 7.301E+03 8.866E+06 23.9890 1.00000
  7.943E+09 7.943E+09 2.804E+00 2.645E+02 6.537E+03 1.417E+03 8.218E+03 8.221E+03 8.977E+06 24.2193 1.00000
  8.913E+09 8.913E+09 2.817E+00 2.971E+02 7.335E+03 1.622E+03 9.254E+03 9.256E+03 9.088E+06 24.4495 1.00000
  1.000E+10 1.000E+10 2.830E+00 3.337E+02 8.230E+03 1.857E+03 1.042E+04 1.042E+04 9.199E+06 24.6798 1.00000
  1.122E+10 1.122E+10 2.844E+00 3.748E+02 9.235E+03 2.125E+03 1.173E+04 1.174E+04 9.309E+06 24.9100 1.00000
  1.259E+10 1.259E+10 2.857E+00 4.209E+02 1.036E+04 2.433E+03 1.322E+04 1.322E+04 9.419E+06 25.1403 1.00000
  1.413E+10 1.413E+10 2.870E+00 4.727E+02 1.163E+04 2.786E+03 1.489E+04 1.489E+04 9.528E+06 25.3705 1.00000
  1.585E+10 1.585E+10 2.884E+00 5.307E+02 1.305E+04 3.190E+03 1.677E+04 1.677E+04 9.637E+06 25.6007 1.00000
  1.778E+10 1.778E+10 2.898E+00 5.959E+02 1.464E+04 3.653E+03 1.889E+04 1.889E+04 9.746E+06 25.8309 1.00000
  1.995E+10 1.995E+10 2.911E+00 6.691E+02 1.642E+04 4.183E+03 2.128E+04 2.128E+04 9.854E+06 26.0612 1.00000
  2.239E+10 2.239E+10 2.925E+00 7.512E+02 1.843E+04 4.790E+03 2.397E+04 2.397E+04 9.962E+06 26.2911 1.00000
  2.512E+10 2.512E+10 2.939E+00 8.433E+02 2.068E+04 5.485E+03 2.701E+04 2.701E+04 1.007E+07 26.5213 1.00000
  2.818E+10 2.818E+10 2.953E+00 9.467E+02 2.320E+04 6.283E+03 3.043E+04 3.043E+04 1.018E+07 26.7516 1.00000
  3.162E+10 3.162E+10 2.967E+00 1.063E+03 2.603E+04 7.196E+03 3.429E+04 3.430E+04 1.028E+07 26.9803 1.00000
  3.548E+10 3.548E+10 2.981E+00 1.193E+03 2.921E+04 8.242E+03 3.865E+04 3.865E+04 1.039E+07 27.2106 1.00000
  3.981E+10 3.981E+10 2.995E+00 1.339E+03 3.278E+04 9.441E+03 4.356E+04 4.356E+04 1.049E+07 27.4408 1.00000
  4.467E+10 4.467E+10 3.010E+00 1.503E+03 3.678E+04 1.082E+04 4.909E+04 4.910E+04 1.060E+07 27.6711 1.00000
  5.012E+10 5.012E+10 3.024E+00 1.687E+03 4.126E+04 1.239E+04 5.534E+04 5.534E+04 1.070E+07 27.8949 1.00000
  5.623E+10 5.623E+10 3.039E+00 1.893E+03 4.630E+04 1.420E+04 6.239E+04 6.239E+04 1.081E+07 28.1251 1.00000
  6.310E+10 6.310E+10 3.053E+00 2.125E+03 5.195E+04 1.626E+04 7.034E+04 7.034E+04 1.091E+07 28.3554 1.00000
  7.079E+10 7.079E+10 3.070E+00 2.385E+03 5.829E+04 1.864E+04 7.931E+04 7.931E+04 1.101E+07 28.5565 1.00000
  7.943E+10 7.943E+10 3.084E+00 2.676E+03 6.540E+04 2.135E+04 8.943E+04 8.943E+04 1.112E+07 28.7868 1.00000
  8.913E+10 8.913E+10 3.099E+00 3.003E+03 7.338E+04 2.447E+04 1.009E+05 1.009E+05 1.122E+07 29.0170 1.00000
  1.000E+11 1.000E+11 3.114E+00 3.370E+03 8.234E+04 2.804E+04 1.137E+05 1.138E+05 1.132E+07 29.2473 1.00000
  1.122E+11 1.122E+11 3.129E+00 3.782E+03 9.238E+04 3.214E+04 1.283E+05 1.283E+05 1.142E+07 29.4775 1.00000
  1.259E+11 1.259E+11 3.153E+00 4.244E+03 1.037E+05 3.683E+04 1.447E+05 1.447E+05 1.152E+07 29.5523 1.00000
  1.413E+11 1.413E+11 3.168E+00 4.763E+03 1.163E+05 4.222E+04 1.633E+05 1.633E+05 1.162E+07 29.7826 1.00000
  1.585E+11 1.585E+11 3.183E+00 5.345E+03 1.305E+05 4.839E+04 1.842E+05 1.842E+05 1.172E+07 30.0128 1.00000
  1.778E+11 1.778E+11 3.199E+00 5.997E+03 1.464E+05 5.547E+04 2.079E+05 2.079E+05 1.182E+07 30.2431 1.00000
  1.995E+11 1.995E+11 3.214E+00 6.730E+03 1.643E+05 6.359E+04 2.346E+05 2.346E+05 1.192E+07 30.4734 1.00000
  2.239E+11 2.239E+11 3.229E+00 7.552E+03 1.843E+05 7.290E+04 2.648E+05 2.648E+05 1.201E+07 30.7036 1.00000
  2.512E+11 2.512E+11 3.245E+00 8.474E+03 2.068E+05 8.358E+04 2.989E+05 2.989E+05 1.211E+07 30.9339 1.00000
  2.818E+11 2.818E+11 3.260E+00 9.509E+03 2.321E+05 9.583E+04 3.374E+05 3.374E+05 1.221E+07 31.1641 1.00000
  3.162E+11 3.162E+11 3.276E+00 1.067E+04 2.604E+05 1.099E+05 3.809E+05 3.809E+05 1.230E+07 31.3944 1.00000
  3.548E+11 3.548E+11 3.292E+00 1.197E+04 2.922E+05 1.260E+05 4.301E+05 4.301E+05 1.240E+07 31.6246 1.00000
  3.981E+11 3.981E+11 3.308E+00 1.343E+04 3.278E+05 1.445E+05 4.857E+05 4.857E+05 1.249E+07 31.8549 1.00000
  4.467E+11 4.467E+11 3.324E+00 1.507E+04 3.678E+05 1.657E+05 5.486E+05 5.486E+05 1.259E+07 32.0852 1.00000
  5.012E+11 5.012E+11 3.340E+00 1.691E+04 4.127E+05 1.900E+05 6.196E+05 6.196E+05 1.268E+07 32.3154 1.00000
  5.623E+11 5.623E+11 3.356E+00 1.898E+04 4.630E+05 2.179E+05 6.999E+05 6.999E+05 1.277E+07 32.5457 1.00000
  6.310E+11 6.310E+11 3.372E+00 2.129E+04 5.195E+05 2.500E+05 7.908E+05 7.908E+05 1.287E+07 32.7759 1.00000
  7.079E+11 7.079E+11 3.388E+00 2.389E+04 5.829E+05 2.867E+05 8.935E+05 8.935E+05 1.296E+07 33.0062 1.00000
  7.943E+11 7.943E+11 3.405E+00 2.681E+04 6.540E+05 3.289E+05 1.010E+06 1.010E+06 1.305E+07 33.2365 1.00000
  8.913E+11 8.913E+11 3.421E+00 3.008E+04 7.339E+05 3.773E+05 1.141E+06 1.141E+06 1.314E+07 33.4667 1.00000
  1.000E+12 1.000E+12 3.438E+00 3.375E+04 8.234E+05 4.328E+05 1.290E+06 1.290E+06 1.323E+07 33.6970 1.00000
  1.122E+12 1.122E+12 3.454E+00 3.787E+04 9.239E+05 4.966E+05 1.458E+06 1.458E+06 1.332E+07 33.9272 1.00000
  1.259E+12 1.259E+12 3.471E+00 4.250E+04 1.037E+06 5.697E+05 1.649E+06 1.649E+06 1.341E+07 34.1575 1.00000
  1.413E+12 1.413E+12 3.488E+00 4.768E+04 1.163E+06 6.537E+05 1.864E+06 1.864E+06 1.349E+07 34.3877 1.00000
  1.585E+12 1.585E+12 3.505E+00 5.350E+04 1.305E+06 7.501E+05 2.109E+06 2.109E+06 1.358E+07 34.6180 1.00000
  1.778E+12 1.778E+12 3.522E+00 6.003E+04 1.464E+06 8.607E+05 2.385E+06 2.385E+06 1.367E+07 34.8483 1.00000
  1.995E+12 1.995E+12 3.539E+00 6.735E+04 1.643E+06 9.877E+05 2.698E+06 2.698E+06 1.375E+07 35.0785 1.00000
  2.239E+12 2.239E+12 3.556E+00 7.557E+04 1.843E+06 1.134E+06 3.052E+06 3.052E+06 1.384E+07 35.3088 1.00000
  2.512E+12 2.512E+12 3.574E+00 8.480E+04 2.068E+06 1.301E+06 3.454E+06 3.454E+06 1.392E+07 35.5390 1.00000
  2.818E+12 2.818E+12 3.591E+00 9.514E+04 2.321E+06 1.493E+06 3.909E+06 3.909E+06 1.400E+07 35.7693 1.00000
  3.162E+12 3.162E+12 3.609E+00 1.068E+05 2.604E+06 1.714E+06 4.424E+06 4.424E+06 1.409E+07 35.9996 1.00000
  3.548E+12 3.548E+12 3.626E+00 1.198E+05 2.921E+06 1.967E+06 5.008E+06 5.008E+06 1.417E+07 36.2298 1.00000
  3.981E+12 3.981E+12 3.644E+00 1.344E+05 3.278E+06 2.258E+06 5.671E+06 5.671E+06 1.425E+07 36.4601 1.00000
  4.467E+12 4.467E+12 3.662E+00 1.508E+05 3.678E+06 2.592E+06 6.421E+06 6.421E+06 1.433E+07 36.6903 1.00000
  5.012E+12 5.012E+12 3.680E+00 1.692E+05 4.127E+06 2.976E+06 7.272E+06 7.272E+06 1.441E+07 36.9206 1.00000
  5.623E+12 5.623E+12 3.698E+00 1.898E+05 4.630E+06 3.417E+06 8.237E+06 8.237E+06 1.449E+07 37.1508 1.00000
  6.310E+12 6.310E+12 3.716E+00 2.130E+05 5.195E+06 3.923E+06 9.331E+06 9.331E+06 1.457E+07 37.3811 1.00000
  7.079E+12 7.079E+12 3.734E+00 2.390E+05 5.829E+06 4.504E+06 1.057E+07 1.057E+07 1.465E+07 37.6114 1.00000
  7.943E+12 7.943E+12 3.752E+00 2.682E+05 6.540E+06 5.172E+06 1.198E+07 1.198E+07 1.472E+07 37.8416 1.00000
  8.913E+12 8.913E+12 3.771E+00 3.009E+05 7.338E+06 5.939E+06 1.358E+07 1.358E+07 1.480E+07 38.0719 1.00000
  1.000E+13 1.000E+13 3.789E+00 3.376E+05 8.234E+06 6.821E+06 1.539E+07 1.539E+07 1.487E+07 38.3021 1.00000
  1.122E+13 1.122E+13 3.808E+00 3.788E+05 9.238E+06 7.833E+06 1.745E+07 1.745E+07 1.495E+07 38.5324 1.00000
  1.259E+13 1.259E+13 3.827E+00 4.250E+05 1.037E+07 8.996E+06 1.979E+07 1.979E+07 1.502E+07 38.7627 1.00000
  1.413E+13 1.413E+13 3.845E+00 4.769E+05 1.163E+07 1.033E+07 2.244E+07 2.244E+07 1.509E+07 38.9929 1.00000
  1.585E+13 1.585E+13 3.864E+00 5.351E+05 1.305E+07 1.187E+07 2.545E+07 2.545E+07 1.517E+07 39.2232 1.00000
  1.778E+13 1.778E+13 3.883E+00 6.004E+05 1.464E+07 1.363E+07 2.887E+07 2.887E+07 1.524E+07 39.4534 1.00000
  1.995E+13 1.995E+13 3.903E+00 6.736E+05 1.643E+07 1.566E+07 3.276E+07 3.276E+07 1.531E+07 39.6837 1.00000
  2.239E+13 2.239E+13 3.922E+00 7.558E+05 1.843E+07 1.799E+07 3.718E+07 3.718E+07 1.538E+07 39.9140 1.00000
  2.512E+13 2.512E+13 3.941E+00 8.480E+05 2.068E+07 2.067E+07 4.220E+07 4.220E+07 1.545E+07 40.1442 1.00000
  2.818E+13 2.818E+13 3.960E+00 9.515E+05 2.320E+07 2.374E+07 4.790E+07 4.790E+07 1.551E+07 40.3745 1.00000
  3.162E+13 3.162E+13 3.980E+00 1.068E+06 2.604E+07 2.728E+07 5.438E+07 5.438E+07 1.558E+07 40.6047 1.00000
  3.548E+13 3.548E+13 4.000E+00 1.198E+06 2.921E+07 3.134E+07 6.175E+07 6.175E+07 1.565E+07 40.8350 1.00000
  3.981E+13 3.981E+13 4.019E+00 1.344E+06 3.278E+07 3.601E+07 7.014E+07 7.014E+07 1.571E+07 41.0652 1.00000
  4.467E+13 4.467E+13 4.039E+00 1.508E+06 3.678E+07 4.138E+07 7.967E+07 7.967E+07 1.578E+07 41.2955 1.00000
  5.012E+13 5.012E+13 4.059E+00 1.692E+06 4.126E+07 4.756E+07 9.051E+07 9.051E+07 1.584E+07 41.5258 1.00000
  5.623E+13 5.623E+13 4.079E+00 1.899E+06 4.630E+07 5.465E+07 1.028E+08 1.028E+08 1.591E+07 41.7560 1.00000
  6.310E+13 6.310E+13 4.099E+00 2.130E+06 5.195E+07 6.281E+07 1.169E+08 1.169E+08 1.597E+07 41.9863 1.00000
  7.079E+13 7.079E+13 4.120E+00 2.390E+06 5.828E+07 7.219E+07 1.329E+08 1.329E+08 1.603E+07 42.2165 1.00000
  7.943E+13 7.943E+13 4.140E+00 2.682E+06 6.540E+07 8.297E+07 1.510E+08 1.510E+08 1.609E+07 42.4468 1.00000
  8.913E+13 8.913E+13 4.161E+00 3.009E+06 7.338E+07 9.537E+07 1.718E+08 1.718E+08 1.615E+07 42.6771 1.00000
  1.000E+14 1.000E+14 4.181E+00 3.376E+06 8.233E+07 1.096E+08 1.953E+08 1.953E+08 1.621E+07 42.9073 1.00000
  1.122E+14 1.122E+14 4.202E+00 3.788E+06 9.237E+07 1.260E+08 2.222E+08 2.222E+08 1.627E+07 43.1376 1.00000
  1.259E+14 1.259E+14 4.223E+00 4.250E+06 1.036E+08 1.449E+08 2.528E+08 2.528E+08 1.633E+07 43.3678 1.00000
  1.413E+14 1.413E+14 4.244E+00 4.769E+06 1.163E+08 1.665E+08 2.876E+08 2.876E+08 1.638E+07 43.5981 1.00000
  1.585E+14 1.585E+14 4.265E+00 5.351E+06 1.305E+08 1.915E+08 3.273E+08 3.273E+08 1.644E+07 43.8283 1.00000
  1.778E+14 1.778E+14 4.286E+00 6.004E+06 1.464E+08 2.201E+08 3.725E+08 3.725E+08 1.650E+07 44.0586 1.00000
  1.995E+14 1.995E+14 4.307E+00 6.736E+06 1.643E+08 2.531E+08 4.241E+08 4.241E+08 1.655E+07 44.2889 1.00000
  2.239E+14 2.239E+14 4.328E+00 7.558E+06 1.843E+08 2.910E+08 4.829E+08 4.829E+08 1.660E+07 44.5191 1.00000
  2.512E+14 2.512E+14 4.350E+00 8.480E+06 2.068E+08 3.346E+08 5.499E+08 5.499E+08 1.666E+07 44.7494 1.00000
  2.818E+14 2.818E+14 4.372E+00 9.515E+06 2.320E+08 3.848E+08 6.263E+08 6.263E+08 1.671E+07 44.9796 1.00000
  3.162E+14 3.162E+14 4.393E+00 1.068E+07 2.603E+08 4.425E+08 7.135E+08 7.135E+08 1.676E+07 45.2099 1.00000
  3.548E+14 3.548E+14 4.415E+00 1.198E+07 2.921E+08 5.089E+08 8.130E+08 8.130E+08 1.681E+07 45.4402 1.00000
  3.981E+14 3.981E+14 4.437E+00 1.344E+07 3.277E+08 5.853E+08 9.264E+08 9.264E+08 1.686E+07 45.6704 1.00000
  4.467E+14 4.467E+14 4.459E+00 1.508E+07 3.677E+08 6.731E+08 1.056E+09 1.056E+09 1.691E+07 45.9007 1.00000
  5.012E+14 5.012E+14 4.481E+00 1.692E+07 4.126E+08 7.742E+08 1.204E+09 1.204E+09 1.696E+07 46.1309 1.00000
  5.623E+14 5.623E+14 4.504E+00 1.899E+07 4.629E+08 8.905E+08 1.372E+09 1.372E+09 1.701E+07 46.3612 1.00000
  6.310E+14 6.310E+14 4.526E+00 2.130E+07 5.194E+08 1.024E+09 1.565E+09 1.565E+09 1.705E+07 46.5914 1.00000
  7.079E+14 7.079E+14 4.548E+00 2.390E+07 5.828E+08 1.178E+09 1.785E+09 1.785E+09 1.710E+07 46.8217 1.00000
  7.943E+14 7.943E+14 4.571E+00 2.682E+07 6.539E+08 1.356E+09 2.036E+09 2.036E+09 1.714E+07 47.0520 1.00000
  8.913E+14 8.913E+14 4.594E+00 3.009E+07 7.337E+08 1.559E+09 2.323E+09 2.323E+09 1.719E+07 47.2822 1.00000
  1.000E+15 1.000E+15 4.617E+00 3.376E+07 8.232E+08 1.794E+09 2.651E+09 2.651E+09 1.723E+07 47.5125 1.00000
