 Incident particle is a Tau with M = 1776.82000 MeV
 Index = 0: MercuricIodide
      Absorber with <Z/A> = 0.40933
 Density effect computed following Fano (1963)
 Models for Radloss: brems =  SSR, pair =  SSR, photonuc = DRSS

 *** Table generated with PUMAS v1.1 ***

      T         p     Ionization  brems     pair     photonuc  Radloss    dE/dx   CSDA Range  delta   beta
    [MeV]    [MeV/c]  -----------------------[MeV cm^2/g]------------------------  [g/cm^2]
  1.000E+05 1.018E+05 1.655E+00 1.881E-04 1.516E-02 6.174E-03 2.152E-02 1.676E+00 2.983E+04  2.6214 0.99985
  1.122E+05 1.140E+05 1.674E+00 2.290E-04 1.815E-02 6.961E-03 2.534E-02 1.699E+00 3.706E+04  2.7787 0.99988
  1.259E+05 1.277E+05 1.693E+00 2.782E-04 2.168E-02 7.831E-03 2.979E-02 1.722E+00 4.506E+04  2.9403 0.99990
  1.413E+05 1.430E+05 1.711E+00 3.375E-04 2.582E-02 8.786E-03 3.494E-02 1.746E+00 5.392E+04  3.1059 0.99992
  1.585E+05 1.603E+05 1.730E+00 4.087E-04 3.066E-02 9.864E-03 4.094E-02 1.771E+00 6.372E+04  3.2754 0.99994
  1.778E+05 1.796E+05 1.748E+00 4.941E-04 3.633E-02 1.105E-02 4.787E-02 1.796E+00 7.456E+04  3.4487 0.99995
  1.995E+05 2.013E+05 1.766E+00 5.961E-04 4.294E-02 1.239E-02 5.592E-02 1.822E+00 8.656E+04  3.6256 0.99996
  2.239E+05 2.256E+05 1.784E+00 7.178E-04 5.064E-02 1.386E-02 6.522E-02 1.849E+00 9.982E+04  3.8061 0.99997
  2.512E+05 2.530E+05 1.801E+00 8.626E-04 5.959E-02 1.550E-02 7.595E-02 1.877E+00 1.145E+05  3.9900 0.99998
  2.818E+05 2.836E+05 1.819E+00 1.035E-03 6.997E-02 1.734E-02 8.835E-02 1.907E+00 1.307E+05  4.1773 0.99998
  3.162E+05 3.180E+05 1.836E+00 1.239E-03 8.201E-02 1.941E-02 1.027E-01 1.939E+00 1.486E+05  4.3678 0.99998
  3.548E+05 3.566E+05 1.853E+00 1.480E-03 9.594E-02 2.171E-02 1.191E-01 1.973E+00 1.683E+05  4.5614 0.99999
  3.981E+05 3.999E+05 1.870E+00 1.765E-03 1.120E-01 2.427E-02 1.381E-01 2.008E+00 1.900E+05  4.7580 0.99999
  4.467E+05 4.485E+05 1.887E+00 2.101E-03 1.306E-01 2.715E-02 1.598E-01 2.047E+00 2.140E+05  4.9573 0.99999
  5.012E+05 5.030E+05 1.904E+00 2.497E-03 1.519E-01 3.035E-02 1.848E-01 2.088E+00 2.404E+05  5.1593 0.99999
  5.623E+05 5.641E+05 1.920E+00 2.962E-03 1.765E-01 3.395E-02 2.134E-01 2.133E+00 2.693E+05  5.3637 1.00000
  6.310E+05 6.327E+05 1.936E+00 3.506E-03 2.048E-01 3.801E-02 2.463E-01 2.182E+00 3.011E+05  5.5704 1.00000
  7.079E+05 7.097E+05 1.952E+00 4.144E-03 2.372E-01 4.258E-02 2.839E-01 2.236E+00 3.360E+05  5.7792 1.00000
  7.943E+05 7.961E+05 1.968E+00 4.889E-03 2.743E-01 4.770E-02 3.269E-01 2.295E+00 3.741E+05  5.9898 1.00000
  8.913E+05 8.930E+05 1.984E+00 5.759E-03 3.168E-01 5.345E-02 3.760E-01 2.360E+00 4.157E+05  6.2023 1.00000
  1.000E+06 1.002E+06 1.999E+00 6.773E-03 3.653E-01 5.996E-02 4.321E-01 2.431E+00 4.611E+05  6.4163 1.00000
  1.122E+06 1.124E+06 2.015E+00 7.952E-03 4.208E-01 6.726E-02 4.960E-01 2.511E+00 5.105E+05  6.6319 1.00000
  1.259E+06 1.261E+06 2.030E+00 9.324E-03 4.841E-01 7.555E-02 5.690E-01 2.599E+00 5.641E+05  6.8489 1.00000
  1.413E+06 1.414E+06 2.045E+00 1.092E-02 5.562E-01 8.489E-02 6.520E-01 2.697E+00 6.221E+05  7.0671 1.00000
  1.585E+06 1.587E+06 2.060E+00 1.276E-02 6.383E-01 9.546E-02 7.465E-01 2.806E+00 6.848E+05  7.2865 1.00000
  1.778E+06 1.780E+06 2.074E+00 1.490E-02 7.316E-01 1.074E-01 8.539E-01 2.928E+00 7.522E+05  7.5070 1.00000
  1.995E+06 1.997E+06 2.089E+00 1.738E-02 8.378E-01 1.209E-01 9.761E-01 3.065E+00 8.247E+05  7.7285 1.00000
  2.239E+06 2.240E+06 2.103E+00 2.024E-02 9.582E-01 1.363E-01 1.115E+00 3.218E+00 9.022E+05  7.9509 1.00000
  2.512E+06 2.514E+06 2.117E+00 2.354E-02 1.095E+00 1.537E-01 1.272E+00 3.390E+00 9.849E+05  8.1742 1.00000
  2.818E+06 2.820E+06 2.131E+00 2.734E-02 1.250E+00 1.734E-01 1.451E+00 3.582E+00 1.073E+06  8.3983 1.00000
  3.162E+06 3.164E+06 2.145E+00 3.175E-02 1.425E+00 1.958E-01 1.653E+00 3.798E+00 1.166E+06  8.6230 1.00000
  3.548E+06 3.550E+06 2.159E+00 3.681E-02 1.624E+00 2.212E-01 1.882E+00 4.041E+00 1.265E+06  8.8484 1.00000
  3.981E+06 3.983E+06 2.172E+00 4.263E-02 1.849E+00 2.501E-01 2.142E+00 4.314E+00 1.368E+06  9.0744 1.00000
  4.467E+06 4.469E+06 2.186E+00 4.932E-02 2.103E+00 2.829E-01 2.435E+00 4.621E+00 1.477E+06  9.3009 1.00000
  5.012E+06 5.014E+06 2.199E+00 5.700E-02 2.391E+00 3.203E-01 2.768E+00 4.967E+00 1.591E+06  9.5280 1.00000
  5.623E+06 5.625E+06 2.212E+00 6.580E-02 2.715E+00 3.627E-01 3.144E+00 5.356E+00 1.709E+06  9.7554 1.00000
  6.310E+06 6.311E+06 2.225E+00 7.591E-02 3.081E+00 4.111E-01 3.568E+00 5.793E+00 1.832E+06  9.9833 1.00000
  7.079E+06 7.081E+06 2.238E+00 8.752E-02 3.495E+00 4.661E-01 4.048E+00 6.286E+00 1.960E+06 10.2115 1.00000
  7.943E+06 7.945E+06 2.250E+00 1.008E-01 3.961E+00 5.287E-01 4.590E+00 6.841E+00 2.092E+06 10.4400 1.00000
  8.913E+06 8.914E+06 2.263E+00 1.161E-01 4.486E+00 6.001E-01 5.202E+00 7.465E+00 2.227E+06 10.6688 1.00000
  1.000E+07 1.000E+07 2.275E+00 1.335E-01 5.079E+00 6.814E-01 5.893E+00 8.168E+00 2.366E+06 10.8978 1.00000
  1.122E+07 1.122E+07 2.287E+00 1.534E-01 5.746E+00 7.740E-01 6.673E+00 8.960E+00 2.509E+06 11.1271 1.00000
  1.259E+07 1.259E+07 2.299E+00 1.761E-01 6.497E+00 8.795E-01 7.553E+00 9.852E+00 2.655E+06 11.3565 1.00000
  1.413E+07 1.413E+07 2.311E+00 2.020E-01 7.343E+00 9.999E-01 8.545E+00 1.086E+01 2.803E+06 11.5861 1.00000
  1.585E+07 1.585E+07 2.323E+00 2.316E-01 8.296E+00 1.137E+00 9.665E+00 1.199E+01 2.954E+06 11.8158 1.00000
  1.778E+07 1.778E+07 2.335E+00 2.654E-01 9.368E+00 1.293E+00 1.093E+01 1.326E+01 3.108E+06 12.0456 1.00000
  1.995E+07 1.995E+07 2.347E+00 3.038E-01 1.057E+01 1.472E+00 1.235E+01 1.470E+01 3.263E+06 12.2754 1.00000
  2.239E+07 2.239E+07 2.358E+00 3.476E-01 1.193E+01 1.676E+00 1.395E+01 1.631E+01 3.420E+06 12.5054 1.00000
  2.512E+07 2.512E+07 2.370E+00 3.975E-01 1.345E+01 1.908E+00 1.576E+01 1.813E+01 3.579E+06 12.7354 1.00000
  2.818E+07 2.819E+07 2.381E+00 4.542E-01 1.517E+01 2.173E+00 1.780E+01 2.018E+01 3.739E+06 12.9655 1.00000
  3.162E+07 3.162E+07 2.393E+00 5.187E-01 1.710E+01 2.476E+00 2.009E+01 2.248E+01 3.900E+06 13.1956 1.00000
  3.548E+07 3.548E+07 2.404E+00 5.921E-01 1.926E+01 2.821E+00 2.268E+01 2.508E+01 4.063E+06 13.4257 1.00000
  3.981E+07 3.981E+07 2.416E+00 6.756E-01 2.170E+01 3.215E+00 2.559E+01 2.800E+01 4.226E+06 13.6559 1.00000
  4.467E+07 4.467E+07 2.427E+00 7.703E-01 2.443E+01 3.665E+00 2.887E+01 3.130E+01 4.390E+06 13.8860 1.00000
  5.012E+07 5.012E+07 2.438E+00 8.778E-01 2.751E+01 4.179E+00 3.256E+01 3.500E+01 4.555E+06 14.1162 1.00000
  5.623E+07 5.624E+07 2.450E+00 9.997E-01 3.096E+01 4.766E+00 3.673E+01 3.918E+01 4.720E+06 14.3464 1.00000
  6.310E+07 6.310E+07 2.461E+00 1.138E+00 3.484E+01 5.436E+00 4.141E+01 4.387E+01 4.885E+06 14.5766 1.00000
  7.079E+07 7.080E+07 2.473E+00 1.295E+00 3.919E+01 6.201E+00 4.669E+01 4.916E+01 5.051E+06 14.8069 1.00000
  7.943E+07 7.943E+07 2.484E+00 1.472E+00 4.409E+01 7.075E+00 5.263E+01 5.512E+01 5.217E+06 15.0371 1.00000
  8.913E+07 8.913E+07 2.495E+00 1.673E+00 4.958E+01 8.074E+00 5.933E+01 6.182E+01 5.383E+06 15.2673 1.00000
  1.000E+08 1.000E+08 2.507E+00 1.901E+00 5.575E+01 9.214E+00 6.686E+01 6.937E+01 5.549E+06 15.4976 1.00000
  1.122E+08 1.122E+08 2.518E+00 2.158E+00 6.267E+01 1.052E+01 7.535E+01 7.786E+01 5.715E+06 15.7278 1.00000
  1.259E+08 1.259E+08 2.530E+00 2.449E+00 7.044E+01 1.201E+01 8.490E+01 8.743E+01 5.880E+06 15.9581 1.00000
  1.413E+08 1.413E+08 2.541E+00 2.778E+00 7.917E+01 1.371E+01 9.566E+01 9.820E+01 6.046E+06 16.1883 1.00000
  1.585E+08 1.585E+08 2.553E+00 3.150E+00 8.897E+01 1.565E+01 1.078E+02 1.103E+02 6.212E+06 16.4186 1.00000
  1.778E+08 1.778E+08 2.564E+00 3.570E+00 9.997E+01 1.788E+01 1.214E+02 1.240E+02 6.377E+06 16.6488 1.00000
  1.995E+08 1.995E+08 2.576E+00 4.044E+00 1.123E+02 2.042E+01 1.368E+02 1.393E+02 6.542E+06 16.8791 1.00000
  2.239E+08 2.239E+08 2.588E+00 4.578E+00 1.262E+02 2.332E+01 1.541E+02 1.567E+02 6.707E+06 17.1093 1.00000
  2.512E+08 2.512E+08 2.599E+00 5.182E+00 1.417E+02 2.664E+01 1.735E+02 1.761E+02 6.871E+06 17.3396 1.00000
  2.818E+08 2.818E+08 2.611E+00 5.863E+00 1.592E+02 3.043E+01 1.955E+02 1.981E+02 7.035E+06 17.5698 1.00000
  3.162E+08 3.162E+08 2.623E+00 6.630E+00 1.788E+02 3.477E+01 2.202E+02 2.228E+02 7.199E+06 17.8001 1.00000
  3.548E+08 3.548E+08 2.635E+00 7.496E+00 2.008E+02 3.973E+01 2.480E+02 2.506E+02 7.362E+06 18.0303 1.00000
  3.981E+08 3.981E+08 2.647E+00 8.471E+00 2.254E+02 4.539E+01 2.793E+02 2.819E+02 7.525E+06 18.2606 1.00000
  4.467E+08 4.467E+08 2.659E+00 9.569E+00 2.531E+02 5.188E+01 3.146E+02 3.172E+02 7.687E+06 18.4909 1.00000
  5.012E+08 5.012E+08 2.671E+00 1.081E+01 2.842E+02 5.929E+01 3.543E+02 3.570E+02 7.849E+06 18.7211 1.00000
  5.623E+08 5.623E+08 2.683E+00 1.220E+01 3.191E+02 6.776E+01 3.990E+02 4.017E+02 8.010E+06 18.9514 1.00000
  6.310E+08 6.310E+08 2.695E+00 1.377E+01 3.582E+02 7.746E+01 4.494E+02 4.521E+02 8.171E+06 19.1816 1.00000
  7.079E+08 7.079E+08 2.707E+00 1.553E+01 4.021E+02 8.854E+01 5.062E+02 5.089E+02 8.332E+06 19.4119 1.00000
  7.943E+08 7.943E+08 2.720E+00 1.752E+01 4.514E+02 1.012E+02 5.701E+02 5.728E+02 8.491E+06 19.6421 1.00000
  8.913E+08 8.913E+08 2.732E+00 1.975E+01 5.067E+02 1.157E+02 6.422E+02 6.449E+02 8.651E+06 19.8724 1.00000
  1.000E+09 1.000E+09 2.744E+00 2.226E+01 5.687E+02 1.323E+02 7.233E+02 7.261E+02 8.810E+06 20.1027 1.00000
  1.122E+09 1.122E+09 2.757E+00 2.509E+01 6.383E+02 1.513E+02 8.147E+02 8.175E+02 8.968E+06 20.3329 1.00000
  1.259E+09 1.259E+09 2.769E+00 2.826E+01 7.165E+02 1.730E+02 9.178E+02 9.205E+02 9.126E+06 20.5632 1.00000
  1.413E+09 1.413E+09 2.782E+00 3.183E+01 8.041E+02 1.979E+02 1.034E+03 1.037E+03 9.283E+06 20.7934 1.00000
  1.585E+09 1.585E+09 2.795E+00 3.584E+01 9.025E+02 2.263E+02 1.165E+03 1.167E+03 9.439E+06 21.0237 1.00000
  1.778E+09 1.778E+09 2.807E+00 4.035E+01 1.013E+03 2.588E+02 1.312E+03 1.315E+03 9.595E+06 21.2539 1.00000
  1.995E+09 1.995E+09 2.820E+00 4.542E+01 1.137E+03 2.960E+02 1.478E+03 1.481E+03 9.751E+06 21.4842 1.00000
  2.239E+09 2.239E+09 2.833E+00 5.111E+01 1.276E+03 3.386E+02 1.665E+03 1.668E+03 9.906E+06 21.7145 1.00000
  2.512E+09 2.512E+09 2.846E+00 5.751E+01 1.432E+03 3.873E+02 1.876E+03 1.879E+03 1.006E+07 21.9447 1.00000
  2.818E+09 2.818E+09 2.859E+00 6.469E+01 1.607E+03 4.431E+02 2.114E+03 2.117E+03 1.021E+07 22.1750 1.00000
  3.162E+09 3.162E+09 2.872E+00 7.276E+01 1.803E+03 5.070E+02 2.383E+03 2.386E+03 1.037E+07 22.4052 1.00000
  3.548E+09 3.548E+09 2.885E+00 8.182E+01 2.023E+03 5.800E+02 2.685E+03 2.688E+03 1.052E+07 22.6355 1.00000
  3.981E+09 3.981E+09 2.899E+00 9.200E+01 2.270E+03 6.637E+02 3.026E+03 3.029E+03 1.067E+07 22.8658 1.00000
  4.467E+09 4.467E+09 2.912E+00 1.034E+02 2.548E+03 7.594E+02 3.411E+03 3.413E+03 1.082E+07 23.0960 1.00000
  5.012E+09 5.012E+09 2.925E+00 1.163E+02 2.859E+03 8.690E+02 3.844E+03 3.847E+03 1.097E+07 23.3263 1.00000
  5.623E+09 5.623E+09 2.939E+00 1.307E+02 3.208E+03 9.945E+02 4.333E+03 4.336E+03 1.112E+07 23.5565 1.00000
  6.310E+09 6.310E+09 2.952E+00 1.468E+02 3.600E+03 1.138E+03 4.885E+03 4.888E+03 1.127E+07 23.7868 1.00000
  7.079E+09 7.079E+09 2.966E+00 1.650E+02 4.039E+03 1.303E+03 5.507E+03 5.510E+03 1.142E+07 24.0170 1.00000
  7.943E+09 7.943E+09 2.980E+00 1.854E+02 4.533E+03 1.491E+03 6.209E+03 6.212E+03 1.157E+07 24.2473 1.00000
  8.913E+09 8.913E+09 2.993E+00 2.082E+02 5.086E+03 1.707E+03 7.001E+03 7.004E+03 1.171E+07 24.4776 1.00000
  1.000E+10 1.000E+10 3.007E+00 2.339E+02 5.707E+03 1.954E+03 7.895E+03 7.898E+03 1.186E+07 24.7078 1.00000
  1.122E+10 1.122E+10 3.021E+00 2.628E+02 6.404E+03 2.237E+03 8.903E+03 8.906E+03 1.200E+07 24.9381 1.00000
  1.259E+10 1.259E+10 3.035E+00 2.951E+02 7.185E+03 2.561E+03 1.004E+04 1.004E+04 1.215E+07 25.1683 1.00000
  1.413E+10 1.413E+10 3.049E+00 3.314E+02 8.062E+03 2.932E+03 1.133E+04 1.133E+04 1.229E+07 25.3986 1.00000
  1.585E+10 1.585E+10 3.063E+00 3.722E+02 9.047E+03 3.357E+03 1.278E+04 1.278E+04 1.244E+07 25.6287 1.00000
  1.778E+10 1.778E+10 3.078E+00 4.179E+02 1.015E+04 3.844E+03 1.441E+04 1.442E+04 1.258E+07 25.8590 1.00000
  1.995E+10 1.995E+10 3.092E+00 4.692E+02 1.139E+04 4.402E+03 1.626E+04 1.626E+04 1.272E+07 26.0893 1.00000
  2.239E+10 2.239E+10 3.107E+00 5.268E+02 1.278E+04 5.041E+03 1.835E+04 1.835E+04 1.286E+07 26.3191 1.00000
  2.512E+10 2.512E+10 3.121E+00 5.915E+02 1.434E+04 5.773E+03 2.070E+04 2.071E+04 1.300E+07 26.5494 1.00000
  2.818E+10 2.818E+10 3.136E+00 6.640E+02 1.609E+04 6.611E+03 2.337E+04 2.337E+04 1.314E+07 26.7797 1.00000
  3.162E+10 3.162E+10 3.150E+00 7.454E+02 1.805E+04 7.573E+03 2.637E+04 2.637E+04 1.328E+07 27.0084 1.00000
  3.548E+10 3.548E+10 3.165E+00 8.368E+02 2.026E+04 8.674E+03 2.977E+04 2.977E+04 1.342E+07 27.2386 1.00000
  3.981E+10 3.981E+10 3.180E+00 9.393E+02 2.273E+04 9.936E+03 3.360E+04 3.361E+04 1.355E+07 27.4689 1.00000
  4.467E+10 4.467E+10 3.195E+00 1.054E+03 2.550E+04 1.138E+04 3.794E+04 3.794E+04 1.369E+07 27.6991 1.00000
  5.012E+10 5.012E+10 3.210E+00 1.183E+03 2.861E+04 1.304E+04 4.284E+04 4.284E+04 1.382E+07 27.9229 1.00000
  5.623E+10 5.623E+10 3.225E+00 1.328E+03 3.211E+04 1.494E+04 4.837E+04 4.838E+04 1.396E+07 28.1532 1.00000
  6.310E+10 6.310E+10 3.240E+00 1.491E+03 3.602E+04 1.712E+04 5.463E+04 5.463E+04 1.409E+07 28.3834 1.00000
  7.079E+10 7.079E+10 3.258E+00 1.673E+03 4.042E+04 1.961E+04 6.171E+04 6.171E+04 1.422E+07 28.5845 1.00000
  7.943E+10 7.943E+10 3.273E+00 1.878E+03 4.535E+04 2.247E+04 6.970E+04 6.971E+04 1.436E+07 28.8148 1.00000
  8.913E+10 8.913E+10 3.288E+00 2.107E+03 5.089E+04 2.575E+04 7.875E+04 7.875E+04 1.449E+07 29.0451 1.00000
  1.000E+11 1.000E+11 3.304E+00 2.365E+03 5.710E+04 2.951E+04 8.897E+04 8.898E+04 1.462E+07 29.2753 1.00000
  1.122E+11 1.122E+11 3.319E+00 2.654E+03 6.406E+04 3.382E+04 1.005E+05 1.005E+05 1.475E+07 29.5056 1.00000
  1.259E+11 1.259E+11 3.345E+00 2.978E+03 7.188E+04 3.876E+04 1.136E+05 1.136E+05 1.487E+07 29.5804 1.00000
  1.413E+11 1.413E+11 3.361E+00 3.342E+03 8.065E+04 4.443E+04 1.284E+05 1.284E+05 1.500E+07 29.8106 1.00000
  1.585E+11 1.585E+11 3.377E+00 3.751E+03 9.049E+04 5.093E+04 1.452E+05 1.452E+05 1.513E+07 30.0409 1.00000
  1.778E+11 1.778E+11 3.392E+00 4.209E+03 1.015E+05 5.838E+04 1.641E+05 1.641E+05 1.525E+07 30.2711 1.00000
  1.995E+11 1.995E+11 3.408E+00 4.723E+03 1.139E+05 6.692E+04 1.856E+05 1.856E+05 1.538E+07 30.5014 1.00000
  2.239E+11 2.239E+11 3.425E+00 5.300E+03 1.278E+05 7.672E+04 2.098E+05 2.098E+05 1.550E+07 30.7317 1.00000
  2.512E+11 2.512E+11 3.441E+00 5.947E+03 1.434E+05 8.796E+04 2.373E+05 2.373E+05 1.562E+07 30.9619 1.00000
  2.818E+11 2.818E+11 3.457E+00 6.673E+03 1.609E+05 1.008E+05 2.684E+05 2.684E+05 1.574E+07 31.1922 1.00000
  3.162E+11 3.162E+11 3.474E+00 7.488E+03 1.806E+05 1.156E+05 3.037E+05 3.037E+05 1.586E+07 31.4224 1.00000
  3.548E+11 3.548E+11 3.490E+00 8.402E+03 2.026E+05 1.326E+05 3.436E+05 3.436E+05 1.598E+07 31.6527 1.00000
  3.981E+11 3.981E+11 3.507E+00 9.428E+03 2.273E+05 1.520E+05 3.888E+05 3.888E+05 1.610E+07 31.8829 1.00000
  4.467E+11 4.467E+11 3.523E+00 1.058E+04 2.551E+05 1.744E+05 4.400E+05 4.400E+05 1.622E+07 32.1132 1.00000
  5.012E+11 5.012E+11 3.540E+00 1.187E+04 2.862E+05 2.000E+05 4.980E+05 4.980E+05 1.634E+07 32.3435 1.00000
  5.623E+11 5.623E+11 3.557E+00 1.332E+04 3.211E+05 2.293E+05 5.638E+05 5.638E+05 1.645E+07 32.5737 1.00000
  6.310E+11 6.310E+11 3.574E+00 1.495E+04 3.603E+05 2.630E+05 6.383E+05 6.383E+05 1.657E+07 32.8040 1.00000
  7.079E+11 7.079E+11 3.591E+00 1.677E+04 4.042E+05 3.017E+05 7.227E+05 7.227E+05 1.668E+07 33.0342 1.00000
  7.943E+11 7.943E+11 3.608E+00 1.882E+04 4.536E+05 3.461E+05 8.185E+05 8.185E+05 1.679E+07 33.2645 1.00000
  8.913E+11 8.913E+11 3.625E+00 2.111E+04 5.089E+05 3.970E+05 9.270E+05 9.270E+05 1.690E+07 33.4948 1.00000
  1.000E+12 1.000E+12 3.643E+00 2.369E+04 5.710E+05 4.555E+05 1.050E+06 1.050E+06 1.701E+07 33.7250 1.00000
  1.122E+12 1.122E+12 3.660E+00 2.658E+04 6.407E+05 5.226E+05 1.190E+06 1.190E+06 1.712E+07 33.9553 1.00000
  1.259E+12 1.259E+12 3.678E+00 2.983E+04 7.188E+05 5.995E+05 1.348E+06 1.348E+06 1.723E+07 34.1855 1.00000
  1.413E+12 1.413E+12 3.695E+00 3.347E+04 8.065E+05 6.879E+05 1.528E+06 1.528E+06 1.734E+07 34.4158 1.00000
  1.585E+12 1.585E+12 3.713E+00 3.755E+04 9.049E+05 7.893E+05 1.732E+06 1.732E+06 1.744E+07 34.6460 1.00000
  1.778E+12 1.778E+12 3.731E+00 4.213E+04 1.015E+06 9.058E+05 1.963E+06 1.963E+06 1.755E+07 34.8763 1.00000
  1.995E+12 1.995E+12 3.749E+00 4.727E+04 1.139E+06 1.039E+06 2.226E+06 2.226E+06 1.765E+07 35.1066 1.00000
  2.239E+12 2.239E+12 3.767E+00 5.304E+04 1.278E+06 1.193E+06 2.524E+06 2.524E+06 1.775E+07 35.3368 1.00000
  2.512E+12 2.512E+12 3.785E+00 5.952E+04 1.434E+06 1.369E+06 2.863E+06 2.863E+06 1.785E+07 35.5671 1.00000
  2.818E+12 2.818E+12 3.803E+00 6.678E+04 1.609E+06 1.571E+06 3.247E+06 3.247E+06 1.796E+07 35.7973 1.00000
  3.162E+12 3.162E+12 3.822E+00 7.493E+04 1.806E+06 1.804E+06 3.684E+06 3.684E+06 1.805E+07 36.0276 1.00000
  3.548E+12 3.548E+12 3.840E+00 8.407E+04 2.026E+06 2.070E+06 4.180E+06 4.180E+06 1.815E+07 36.2579 1.00000
  3.981E+12 3.981E+12 3.859E+00 9.433E+04 2.273E+06 2.376E+06 4.744E+06 4.744E+06 1.825E+07 36.4881 1.00000
  4.467E+12 4.467E+12 3.877E+00 1.058E+05 2.550E+06 2.728E+06 5.384E+06 5.384E+06 1.835E+07 36.7184 1.00000
  5.012E+12 5.012E+12 3.896E+00 1.188E+05 2.862E+06 3.132E+06 6.112E+06 6.112E+06 1.844E+07 36.9486 1.00000
  5.623E+12 5.623E+12 3.915E+00 1.332E+05 3.211E+06 3.596E+06 6.940E+06 6.940E+06 1.854E+07 37.1789 1.00000
  6.310E+12 6.310E+12 3.934E+00 1.495E+05 3.603E+06 4.128E+06 7.881E+06 7.881E+06 1.863E+07 37.4092 1.00000
  7.079E+12 7.079E+12 3.953E+00 1.677E+05 4.042E+06 4.740E+06 8.950E+06 8.950E+06 1.872E+07 37.6394 1.00000
  7.943E+12 7.943E+12 3.972E+00 1.882E+05 4.535E+06 5.443E+06 1.017E+07 1.017E+07 1.881E+07 37.8697 1.00000
  8.913E+12 8.913E+12 3.991E+00 2.112E+05 5.089E+06 6.250E+06 1.155E+07 1.155E+07 1.890E+07 38.0999 1.00000
  1.000E+13 1.000E+13 4.010E+00 2.370E+05 5.710E+06 7.178E+06 1.312E+07 1.312E+07 1.899E+07 38.3302 1.00000
  1.122E+13 1.122E+13 4.030E+00 2.659E+05 6.406E+06 8.243E+06 1.492E+07 1.492E+07 1.907E+07 38.5604 1.00000
  1.259E+13 1.259E+13 4.049E+00 2.983E+05 7.188E+06 9.467E+06 1.695E+07 1.695E+07 1.916E+07 38.7907 1.00000
  1.413E+13 1.413E+13 4.069E+00 3.347E+05 8.065E+06 1.087E+07 1.927E+07 1.927E+07 1.925E+07 39.0210 1.00000
  1.585E+13 1.585E+13 4.089E+00 3.756E+05 9.049E+06 1.249E+07 2.191E+07 2.191E+07 1.933E+07 39.2512 1.00000
  1.778E+13 1.778E+13 4.109E+00 4.214E+05 1.015E+07 1.435E+07 2.492E+07 2.492E+07 1.941E+07 39.4815 1.00000
  1.995E+13 1.995E+13 4.129E+00 4.728E+05 1.139E+07 1.648E+07 2.834E+07 2.834E+07 1.949E+07 39.7117 1.00000
  2.239E+13 2.239E+13 4.149E+00 5.305E+05 1.278E+07 1.893E+07 3.224E+07 3.224E+07 1.957E+07 39.9420 1.00000
  2.512E+13 2.512E+13 4.169E+00 5.952E+05 1.434E+07 2.175E+07 3.669E+07 3.669E+07 1.965E+07 40.1723 1.00000
  2.818E+13 2.818E+13 4.189E+00 6.678E+05 1.609E+07 2.499E+07 4.175E+07 4.175E+07 1.973E+07 40.4025 1.00000
  3.162E+13 3.162E+13 4.210E+00 7.493E+05 1.805E+07 2.871E+07 4.751E+07 4.751E+07 1.981E+07 40.6328 1.00000
  3.548E+13 3.548E+13 4.230E+00 8.408E+05 2.026E+07 3.298E+07 5.408E+07 5.408E+07 1.989E+07 40.8630 1.00000
  3.981E+13 3.981E+13 4.251E+00 9.433E+05 2.273E+07 3.790E+07 6.157E+07 6.157E+07 1.996E+07 41.0933 1.00000
  4.467E+13 4.467E+13 4.272E+00 1.058E+06 2.550E+07 4.355E+07 7.011E+07 7.011E+07 2.003E+07 41.3235 1.00000
  5.012E+13 5.012E+13 4.293E+00 1.188E+06 2.861E+07 5.005E+07 7.985E+07 7.985E+07 2.011E+07 41.5538 1.00000
  5.623E+13 5.623E+13 4.314E+00 1.333E+06 3.211E+07 5.751E+07 9.095E+07 9.095E+07 2.018E+07 41.7841 1.00000
  6.310E+13 6.310E+13 4.335E+00 1.495E+06 3.602E+07 6.610E+07 1.036E+08 1.036E+08 2.025E+07 42.0143 1.00000
  7.079E+13 7.079E+13 4.356E+00 1.678E+06 4.042E+07 7.597E+07 1.181E+08 1.181E+08 2.032E+07 42.2446 1.00000
  7.943E+13 7.943E+13 4.377E+00 1.882E+06 4.535E+07 8.731E+07 1.345E+08 1.345E+08 2.039E+07 42.4748 1.00000
  8.913E+13 8.913E+13 4.399E+00 2.112E+06 5.088E+07 1.004E+08 1.534E+08 1.534E+08 2.045E+07 42.7051 1.00000
  1.000E+14 1.000E+14 4.420E+00 2.370E+06 5.709E+07 1.154E+08 1.748E+08 1.748E+08 2.052E+07 42.9354 1.00000
  1.122E+14 1.122E+14 4.442E+00 2.659E+06 6.406E+07 1.326E+08 1.993E+08 1.993E+08 2.059E+07 43.1656 1.00000
  1.259E+14 1.259E+14 4.464E+00 2.983E+06 7.187E+07 1.524E+08 2.273E+08 2.273E+08 2.065E+07 43.3959 1.00000
  1.413E+14 1.413E+14 4.486E+00 3.347E+06 8.064E+07 1.753E+08 2.592E+08 2.592E+08 2.071E+07 43.6261 1.00000
  1.585E+14 1.585E+14 4.508E+00 3.756E+06 9.048E+07 2.015E+08 2.957E+08 2.957E+08 2.078E+07 43.8564 1.00000
  1.778E+14 1.778E+14 4.530E+00 4.214E+06 1.015E+08 2.316E+08 3.374E+08 3.374E+08 2.084E+07 44.0866 1.00000
  1.995E+14 1.995E+14 4.552E+00 4.728E+06 1.139E+08 2.663E+08 3.850E+08 3.850E+08 2.090E+07 44.3169 1.00000
  2.239E+14 2.239E+14 4.574E+00 5.305E+06 1.278E+08 3.062E+08 4.394E+08 4.394E+08 2.096E+07 44.5472 1.00000
  2.512E+14 2.512E+14 4.597E+00 5.952E+06 1.434E+08 3.521E+08 5.015E+08 5.015E+08 2.101E+07 44.7774 1.00000
  2.818E+14 2.818E+14 4.619E+00 6.678E+06 1.609E+08 4.049E+08 5.725E+08 5.725E+08 2.107E+07 45.0077 1.00000
  3.162E+14 3.162E+14 4.642E+00 7.493E+06 1.805E+08 4.657E+08 6.537E+08 6.537E+08 2.113E+07 45.2379 1.00000
  3.548E+14 3.548E+14 4.665E+00 8.408E+06 2.026E+08 5.355E+08 7.465E+08 7.465E+08 2.118E+07 45.4682 1.00000
  3.981E+14 3.981E+14 4.688E+00 9.434E+06 2.273E+08 6.159E+08 8.526E+08 8.526E+08 2.124E+07 45.6985 1.00000
  4.467E+14 4.467E+14 4.711E+00 1.058E+07 2.550E+08 7.084E+08 9.740E+08 9.740E+08 2.129E+07 45.9287 1.00000
  5.012E+14 5.012E+14 4.734E+00 1.188E+07 2.861E+08 8.148E+08 1.113E+09 1.113E+09 2.134E+07 46.1590 1.00000
  5.623E+14 5.623E+14 4.758E+00 1.333E+07 3.210E+08 9.372E+08 1.272E+09 1.272E+09 2.139E+07 46.3892 1.00000
  6.310E+14 6.310E+14 4.781E+00 1.495E+07 3.602E+08 1.078E+09 1.453E+09 1.453E+09 2.145E+07 46.6195 1.00000
  7.079E+14 7.079E+14 4.805E+00 1.678E+07 4.041E+08 1.240E+09 1.661E+09 1.661E+09 2.149E+07 46.8498 1.00000
  7.943E+14 7.943E+14 4.828E+00 1.882E+07 4.534E+08 1.427E+09 1.899E+09 1.899E+09 2.154E+07 47.0800 1.00000
  8.913E+14 8.913E+14 4.852E+00 2.112E+07 5.088E+08 1.641E+09 2.171E+09 2.171E+09 2.159E+07 47.3103 1.00000
  1.000E+15 1.000E+15 4.876E+00 2.370E+07 5.709E+08 1.888E+09 2.483E+09 2.483E+09 2.164E+07 47.5405 1.00000
