 Incident particle is a Tau with M = 1776.82000 MeV
 Index = 0: Methanol
      Absorber with <Z/A> = 0.56167
 Sternheimer coef:  a     k=m_s   x_0    x_1    I[eV]   Cbar  delta0
                 0.0897  3.5477  0.2529  2.7639   67.6  3.5160 0.00

 *** Table generated with PUMAS v1.00 ***

      T         p     Ionization  brems     pair     photonuc  Radloss    dE/dx   CSDA Range  delta   beta
    [MeV]    [MeV/c]  -----------------------[MeV cm^2/g]------------------------  [g/cm^2]
  1.000E+05 1.018E+05 2.493E+00 1.295E-04 2.018E-03 8.421E-03 1.057E-02 2.504E+00 1.997E+04  4.6712 0.99985
  1.122E+05 1.140E+05 2.514E+00 1.496E-04 2.439E-03 9.516E-03 1.210E-02 2.527E+00 2.482E+04  4.8828 0.99988
  1.259E+05 1.277E+05 2.536E+00 1.727E-04 2.937E-03 1.070E-02 1.381E-02 2.550E+00 3.022E+04  5.0966 0.99990
  1.413E+05 1.430E+05 2.557E+00 1.993E-04 3.523E-03 1.203E-02 1.575E-02 2.573E+00 3.621E+04  5.3124 0.99992
  1.585E+05 1.603E+05 2.578E+00 2.298E-04 4.213E-03 1.352E-02 1.796E-02 2.596E+00 4.288E+04  5.5301 0.99994
  1.778E+05 1.796E+05 2.599E+00 2.650E-04 5.023E-03 1.518E-02 2.047E-02 2.620E+00 5.030E+04  5.7495 0.99995
  1.995E+05 2.013E+05 2.620E+00 3.054E-04 5.972E-03 1.708E-02 2.336E-02 2.644E+00 5.854E+04  5.9705 0.99996
  2.239E+05 2.256E+05 2.641E+00 3.518E-04 7.082E-03 1.916E-02 2.659E-02 2.668E+00 6.771E+04  6.1928 0.99997
  2.512E+05 2.530E+05 2.662E+00 4.051E-04 8.377E-03 2.149E-02 3.027E-02 2.692E+00 7.791E+04  6.4164 0.99998
  2.818E+05 2.836E+05 2.683E+00 4.662E-04 9.887E-03 2.411E-02 3.447E-02 2.717E+00 8.924E+04  6.6411 0.99998
  3.162E+05 3.180E+05 2.703E+00 5.364E-04 1.164E-02 2.709E-02 3.926E-02 2.743E+00 1.018E+05  6.8667 0.99998
  3.548E+05 3.566E+05 2.724E+00 6.168E-04 1.368E-02 3.042E-02 4.472E-02 2.769E+00 1.158E+05  7.0933 0.99999
  3.981E+05 3.999E+05 2.745E+00 7.091E-04 1.604E-02 3.415E-02 5.090E-02 2.796E+00 1.314E+05  7.3205 0.99999
  4.467E+05 4.485E+05 2.765E+00 8.149E-04 1.878E-02 3.833E-02 5.792E-02 2.823E+00 1.487E+05  7.5484 0.99999
  5.012E+05 5.030E+05 2.786E+00 9.361E-04 2.194E-02 4.304E-02 6.592E-02 2.852E+00 1.679E+05  7.7768 0.99999
  5.623E+05 5.641E+05 2.806E+00 1.075E-03 2.559E-02 4.815E-02 7.481E-02 2.881E+00 1.892E+05  8.0056 1.00000
  6.310E+05 6.327E+05 2.826E+00 1.234E-03 2.980E-02 5.390E-02 8.494E-02 2.911E+00 2.129E+05  8.2348 1.00000
  7.079E+05 7.097E+05 2.846E+00 1.416E-03 3.465E-02 6.041E-02 9.647E-02 2.943E+00 2.392E+05  8.4642 1.00000
  7.943E+05 7.961E+05 2.867E+00 1.625E-03 4.022E-02 6.775E-02 1.096E-01 2.976E+00 2.684E+05  8.6938 1.00000
  8.913E+05 8.930E+05 2.887E+00 1.863E-03 4.662E-02 7.605E-02 1.245E-01 3.011E+00 3.008E+05  8.9236 1.00000
  1.000E+06 1.002E+06 2.907E+00 2.136E-03 5.397E-02 8.545E-02 1.416E-01 3.048E+00 3.367E+05  9.1534 1.00000
  1.122E+06 1.124E+06 2.926E+00 2.449E-03 6.240E-02 9.609E-02 1.609E-01 3.087E+00 3.765E+05  9.3833 1.00000
  1.259E+06 1.261E+06 2.946E+00 2.806E-03 7.204E-02 1.081E-01 1.830E-01 3.129E+00 4.205E+05  9.6132 1.00000
  1.413E+06 1.414E+06 2.966E+00 3.214E-03 8.308E-02 1.218E-01 2.081E-01 3.174E+00 4.693E+05  9.8431 1.00000
  1.585E+06 1.587E+06 2.985E+00 3.681E-03 9.568E-02 1.373E-01 2.367E-01 3.222E+00 5.232E+05 10.0731 1.00000
  1.778E+06 1.780E+06 3.004E+00 4.215E-03 1.101E-01 1.549E-01 2.692E-01 3.274E+00 5.827E+05 10.3031 1.00000
  1.995E+06 1.997E+06 3.024E+00 4.825E-03 1.265E-01 1.748E-01 3.061E-01 3.330E+00 6.484E+05 10.5332 1.00000
  2.239E+06 2.240E+06 3.043E+00 5.522E-03 1.452E-01 1.975E-01 3.482E-01 3.391E+00 7.209E+05 10.7633 1.00000
  2.512E+06 2.514E+06 3.062E+00 6.318E-03 1.665E-01 2.233E-01 3.961E-01 3.458E+00 8.007E+05 10.9933 1.00000
  2.818E+06 2.820E+06 3.080E+00 7.227E-03 1.907E-01 2.526E-01 4.505E-01 3.531E+00 8.884E+05 11.2234 1.00000
  3.162E+06 3.164E+06 3.099E+00 8.264E-03 2.182E-01 2.859E-01 5.123E-01 3.611E+00 9.847E+05 11.4536 1.00000
  3.548E+06 3.550E+06 3.117E+00 9.448E-03 2.494E-01 3.238E-01 5.826E-01 3.700E+00 1.090E+06 11.6837 1.00000
  3.981E+06 3.983E+06 3.135E+00 1.080E-02 2.849E-01 3.669E-01 6.625E-01 3.798E+00 1.206E+06 11.9139 1.00000
  4.467E+06 4.469E+06 3.153E+00 1.234E-02 3.251E-01 4.159E-01 7.534E-01 3.907E+00 1.332E+06 12.1440 1.00000
  5.012E+06 5.014E+06 3.171E+00 1.410E-02 3.706E-01 4.718E-01 8.565E-01 4.028E+00 1.469E+06 12.3742 1.00000
  5.623E+06 5.625E+06 3.189E+00 1.610E-02 4.222E-01 5.354E-01 9.737E-01 4.163E+00 1.619E+06 12.6044 1.00000
  6.310E+06 6.311E+06 3.206E+00 1.839E-02 4.806E-01 6.079E-01 1.107E+00 4.313E+00 1.781E+06 12.8346 1.00000
  7.079E+06 7.081E+06 3.224E+00 2.099E-02 5.466E-01 6.904E-01 1.258E+00 4.482E+00 1.956E+06 13.0648 1.00000
  7.943E+06 7.945E+06 3.241E+00 2.396E-02 6.212E-01 7.845E-01 1.430E+00 4.670E+00 2.145E+06 13.2950 1.00000
  8.913E+06 8.914E+06 3.258E+00 2.734E-02 7.055E-01 8.917E-01 1.624E+00 4.882E+00 2.348E+06 13.5252 1.00000
  1.000E+07 1.000E+07 3.275E+00 3.119E-02 8.006E-01 1.014E+00 1.846E+00 5.120E+00 2.565E+06 13.7554 1.00000
  1.122E+07 1.122E+07 3.291E+00 3.557E-02 9.081E-01 1.153E+00 2.097E+00 5.388E+00 2.798E+06 13.9856 1.00000
  1.259E+07 1.259E+07 3.308E+00 4.055E-02 1.029E+00 1.312E+00 2.382E+00 5.690E+00 3.045E+06 14.2158 1.00000
  1.413E+07 1.413E+07 3.324E+00 4.622E-02 1.166E+00 1.493E+00 2.705E+00 6.029E+00 3.307E+06 14.4461 1.00000
  1.585E+07 1.585E+07 3.340E+00 5.267E-02 1.320E+00 1.700E+00 3.072E+00 6.413E+00 3.585E+06 14.6763 1.00000
  1.778E+07 1.778E+07 3.357E+00 6.000E-02 1.493E+00 1.935E+00 3.489E+00 6.845E+00 3.877E+06 14.9065 1.00000
  1.995E+07 1.995E+07 3.373E+00 6.834E-02 1.689E+00 2.204E+00 3.961E+00 7.334E+00 4.183E+06 15.1368 1.00000
  2.239E+07 2.239E+07 3.388E+00 7.781E-02 1.909E+00 2.511E+00 4.498E+00 7.886E+00 4.503E+06 15.3670 1.00000
  2.512E+07 2.512E+07 3.404E+00 8.856E-02 2.157E+00 2.860E+00 5.106E+00 8.510E+00 4.837E+06 15.5972 1.00000
  2.818E+07 2.819E+07 3.420E+00 1.008E-01 2.436E+00 3.260E+00 5.796E+00 9.216E+00 5.184E+06 15.8275 1.00000
  3.162E+07 3.162E+07 3.436E+00 1.146E-01 2.750E+00 3.715E+00 6.579E+00 1.002E+01 5.542E+06 16.0577 1.00000
  3.548E+07 3.548E+07 3.452E+00 1.304E-01 3.103E+00 4.235E+00 7.468E+00 1.092E+01 5.911E+06 16.2880 1.00000
  3.981E+07 3.981E+07 3.467E+00 1.482E-01 3.500E+00 4.828E+00 8.476E+00 1.194E+01 6.291E+06 16.5182 1.00000
  4.467E+07 4.467E+07 3.483E+00 1.685E-01 3.946E+00 5.506E+00 9.620E+00 1.310E+01 6.679E+06 16.7485 1.00000
  5.012E+07 5.012E+07 3.498E+00 1.915E-01 4.447E+00 6.279E+00 1.092E+01 1.442E+01 7.076E+06 16.9787 1.00000
  5.623E+07 5.624E+07 3.514E+00 2.175E-01 5.011E+00 7.161E+00 1.239E+01 1.590E+01 7.481E+06 17.2090 1.00000
  6.310E+07 6.310E+07 3.530E+00 2.470E-01 5.645E+00 8.169E+00 1.406E+01 1.759E+01 7.891E+06 17.4392 1.00000
  7.079E+07 7.080E+07 3.545E+00 2.804E-01 6.357E+00 9.320E+00 1.596E+01 1.950E+01 8.308E+06 17.6695 1.00000
  7.943E+07 7.943E+07 3.561E+00 3.183E-01 7.157E+00 1.063E+01 1.811E+01 2.167E+01 8.728E+06 17.8997 1.00000
  8.913E+07 8.913E+07 3.576E+00 3.611E-01 8.055E+00 1.213E+01 2.055E+01 2.413E+01 9.153E+06 18.1300 1.00000
  1.000E+08 1.000E+08 3.592E+00 4.096E-01 9.064E+00 1.385E+01 2.332E+01 2.691E+01 9.580E+06 18.3602 1.00000
  1.122E+08 1.122E+08 3.608E+00 4.644E-01 1.020E+01 1.580E+01 2.646E+01 3.007E+01 1.001E+07 18.5905 1.00000
  1.259E+08 1.259E+08 3.624E+00 5.265E-01 1.147E+01 1.804E+01 3.003E+01 3.366E+01 1.044E+07 18.8207 1.00000
  1.413E+08 1.413E+08 3.639E+00 5.967E-01 1.290E+01 2.059E+01 3.408E+01 3.772E+01 1.087E+07 19.0510 1.00000
  1.585E+08 1.585E+08 3.655E+00 6.761E-01 1.450E+01 2.350E+01 3.868E+01 4.234E+01 1.130E+07 19.2813 1.00000
  1.778E+08 1.778E+08 3.671E+00 7.658E-01 1.630E+01 2.683E+01 4.390E+01 4.758E+01 1.174E+07 19.5115 1.00000
  1.995E+08 1.995E+08 3.687E+00 8.671E-01 1.833E+01 3.064E+01 4.983E+01 5.352E+01 1.217E+07 19.7418 1.00000
  2.239E+08 2.239E+08 3.703E+00 9.816E-01 2.060E+01 3.498E+01 5.656E+01 6.027E+01 1.260E+07 19.9720 1.00000
  2.512E+08 2.512E+08 3.719E+00 1.111E+00 2.315E+01 3.995E+01 6.420E+01 6.792E+01 1.302E+07 20.2023 1.00000
  2.818E+08 2.818E+08 3.735E+00 1.257E+00 2.601E+01 4.562E+01 7.288E+01 7.662E+01 1.345E+07 20.4325 1.00000
  3.162E+08 3.162E+08 3.752E+00 1.422E+00 2.922E+01 5.210E+01 8.274E+01 8.649E+01 1.387E+07 20.6628 1.00000
  3.548E+08 3.548E+08 3.768E+00 1.607E+00 3.282E+01 5.951E+01 9.394E+01 9.770E+01 1.429E+07 20.8931 1.00000
  3.981E+08 3.981E+08 3.784E+00 1.817E+00 3.686E+01 6.797E+01 1.067E+02 1.104E+02 1.471E+07 21.1233 1.00000
  4.467E+08 4.467E+08 3.801E+00 2.053E+00 4.140E+01 7.764E+01 1.211E+02 1.249E+02 1.513E+07 21.3536 1.00000
  5.012E+08 5.012E+08 3.817E+00 2.320E+00 4.650E+01 8.870E+01 1.375E+02 1.413E+02 1.554E+07 21.5838 1.00000
  5.623E+08 5.623E+08 3.834E+00 2.621E+00 5.221E+01 1.013E+02 1.562E+02 1.600E+02 1.594E+07 21.8141 1.00000
  6.310E+08 6.310E+08 3.850E+00 2.959E+00 5.863E+01 1.158E+02 1.774E+02 1.812E+02 1.635E+07 22.0443 1.00000
  7.079E+08 7.079E+08 3.867E+00 3.341E+00 6.583E+01 1.323E+02 2.014E+02 2.053E+02 1.675E+07 22.2746 1.00000
  7.943E+08 7.943E+08 3.884E+00 3.771E+00 7.391E+01 1.511E+02 2.288E+02 2.327E+02 1.714E+07 22.5049 1.00000
  8.913E+08 8.913E+08 3.901E+00 4.255E+00 8.297E+01 1.727E+02 2.599E+02 2.638E+02 1.754E+07 22.7351 1.00000
  1.000E+09 1.000E+09 3.918E+00 4.800E+00 9.315E+01 1.974E+02 2.953E+02 2.992E+02 1.792E+07 22.9654 1.00000
  1.122E+09 1.122E+09 3.935E+00 5.414E+00 1.046E+02 2.256E+02 3.355E+02 3.395E+02 1.831E+07 23.1956 1.00000
  1.259E+09 1.259E+09 3.952E+00 6.105E+00 1.174E+02 2.578E+02 3.813E+02 3.852E+02 1.869E+07 23.4259 1.00000
  1.413E+09 1.413E+09 3.970E+00 6.883E+00 1.317E+02 2.946E+02 4.333E+02 4.372E+02 1.906E+07 23.6561 1.00000
  1.585E+09 1.585E+09 3.987E+00 7.758E+00 1.479E+02 3.368E+02 4.924E+02 4.964E+02 1.943E+07 23.8864 1.00000
  1.778E+09 1.778E+09 4.005E+00 8.743E+00 1.660E+02 3.850E+02 5.597E+02 5.637E+02 1.980E+07 24.1167 1.00000
  1.995E+09 1.995E+09 4.022E+00 9.850E+00 1.863E+02 4.401E+02 6.362E+02 6.402E+02 2.016E+07 24.3469 1.00000
  2.239E+09 2.239E+09 4.040E+00 1.110E+01 2.091E+02 5.031E+02 7.232E+02 7.273E+02 2.052E+07 24.5772 1.00000
  2.512E+09 2.512E+09 4.058E+00 1.250E+01 2.346E+02 5.752E+02 8.223E+02 8.263E+02 2.087E+07 24.8074 1.00000
  2.818E+09 2.818E+09 4.075E+00 1.407E+01 2.633E+02 6.576E+02 9.350E+02 9.391E+02 2.122E+07 25.0377 1.00000
  3.162E+09 3.162E+09 4.093E+00 1.584E+01 2.955E+02 7.519E+02 1.063E+03 1.067E+03 2.156E+07 25.2680 1.00000
  3.548E+09 3.548E+09 4.112E+00 1.783E+01 3.316E+02 8.597E+02 1.209E+03 1.213E+03 2.190E+07 25.4982 1.00000
  3.981E+09 3.981E+09 4.130E+00 2.007E+01 3.722E+02 9.831E+02 1.375E+03 1.379E+03 2.224E+07 25.7285 1.00000
  4.467E+09 4.467E+09 4.148E+00 2.258E+01 4.176E+02 1.124E+03 1.564E+03 1.569E+03 2.257E+07 25.9587 1.00000
  5.012E+09 5.012E+09 4.166E+00 2.541E+01 4.686E+02 1.286E+03 1.780E+03 1.784E+03 2.290E+07 26.1890 1.00000
  5.623E+09 5.623E+09 4.185E+00 2.858E+01 5.259E+02 1.470E+03 2.025E+03 2.029E+03 2.322E+07 26.4192 1.00000
  6.310E+09 6.310E+09 4.203E+00 3.214E+01 5.901E+02 1.682E+03 2.304E+03 2.308E+03 2.354E+07 26.6495 1.00000
  7.079E+09 7.079E+09 4.222E+00 3.615E+01 6.622E+02 1.924E+03 2.622E+03 2.626E+03 2.385E+07 26.8798 1.00000
  7.943E+09 7.943E+09 4.241E+00 4.064E+01 7.431E+02 2.200E+03 2.984E+03 2.988E+03 2.416E+07 27.1100 1.00000
  8.913E+09 8.913E+09 4.260E+00 4.570E+01 8.338E+02 2.517E+03 3.397E+03 3.401E+03 2.446E+07 27.3403 1.00000
  1.000E+10 1.000E+10 4.279E+00 5.137E+01 9.356E+02 2.880E+03 3.867E+03 3.871E+03 2.476E+07 27.5705 1.00000
  1.122E+10 1.122E+10 4.298E+00 5.774E+01 1.050E+03 3.294E+03 4.402E+03 4.406E+03 2.506E+07 27.8008 1.00000
  1.259E+10 1.259E+10 4.317E+00 6.489E+01 1.178E+03 3.769E+03 5.012E+03 5.016E+03 2.535E+07 28.0311 1.00000
  1.413E+10 1.413E+10 4.337E+00 7.293E+01 1.322E+03 4.313E+03 5.707E+03 5.712E+03 2.564E+07 28.2613 1.00000
  1.585E+10 1.585E+10 4.356E+00 8.194E+01 1.483E+03 4.935E+03 6.500E+03 6.504E+03 2.592E+07 28.4916 1.00000
  1.778E+10 1.778E+10 4.376E+00 9.207E+01 1.664E+03 5.647E+03 7.403E+03 7.407E+03 2.620E+07 28.7218 1.00000
  1.995E+10 1.995E+10 4.395E+00 1.034E+02 1.867E+03 6.462E+03 8.432E+03 8.437E+03 2.648E+07 28.9521 1.00000
  2.239E+10 2.239E+10 4.415E+00 1.162E+02 2.095E+03 7.395E+03 9.606E+03 9.610E+03 2.675E+07 29.1824 1.00000
  2.512E+10 2.512E+10 4.435E+00 1.305E+02 2.351E+03 8.463E+03 1.094E+04 1.095E+04 2.701E+07 29.4126 1.00000
  2.818E+10 2.818E+10 4.455E+00 1.466E+02 2.638E+03 9.686E+03 1.247E+04 1.247E+04 2.728E+07 29.6429 1.00000
  3.162E+10 3.162E+10 4.475E+00 1.646E+02 2.959E+03 1.109E+04 1.421E+04 1.422E+04 2.754E+07 29.8731 1.00000
  3.548E+10 3.548E+10 4.495E+00 1.849E+02 3.321E+03 1.269E+04 1.620E+04 1.620E+04 2.779E+07 30.1034 1.00000
  3.981E+10 3.981E+10 4.516E+00 2.076E+02 3.726E+03 1.453E+04 1.846E+04 1.846E+04 2.804E+07 30.3336 1.00000
  4.467E+10 4.467E+10 4.536E+00 2.332E+02 4.180E+03 1.663E+04 2.104E+04 2.105E+04 2.829E+07 30.5639 1.00000
  5.012E+10 5.012E+10 4.557E+00 2.618E+02 4.690E+03 1.904E+04 2.399E+04 2.399E+04 2.853E+07 30.7942 1.00000
  5.623E+10 5.623E+10 4.577E+00 2.939E+02 5.263E+03 2.180E+04 2.735E+04 2.736E+04 2.877E+07 31.0244 1.00000
  6.310E+10 6.310E+10 4.598E+00 3.300E+02 5.905E+03 2.496E+04 3.119E+04 3.120E+04 2.901E+07 31.2547 1.00000
  7.079E+10 7.079E+10 4.619E+00 3.705E+02 6.625E+03 2.857E+04 3.557E+04 3.557E+04 2.924E+07 31.4849 1.00000
  7.943E+10 7.943E+10 4.640E+00 4.159E+02 7.433E+03 3.272E+04 4.057E+04 4.057E+04 2.947E+07 31.7152 1.00000
  8.913E+10 8.913E+10 4.661E+00 4.669E+02 8.340E+03 3.747E+04 4.628E+04 4.628E+04 2.969E+07 31.9455 1.00000
  1.000E+11 1.000E+11 4.683E+00 5.241E+02 9.358E+03 4.291E+04 5.279E+04 5.279E+04 2.991E+07 32.1757 1.00000
  1.122E+11 1.122E+11 4.704E+00 5.883E+02 1.050E+04 4.914E+04 6.023E+04 6.023E+04 3.013E+07 32.4060 1.00000
  1.259E+11 1.259E+11 4.725E+00 6.603E+02 1.178E+04 5.628E+04 6.872E+04 6.873E+04 3.034E+07 32.6362 1.00000
  1.413E+11 1.413E+11 4.747E+00 7.412E+02 1.322E+04 6.446E+04 7.842E+04 7.842E+04 3.055E+07 32.8665 1.00000
  1.585E+11 1.585E+11 4.769E+00 8.319E+02 1.483E+04 7.384E+04 8.950E+04 8.950E+04 3.076E+07 33.0967 1.00000
  1.778E+11 1.778E+11 4.791E+00 9.337E+02 1.664E+04 8.458E+04 1.021E+05 1.022E+05 3.096E+07 33.3270 1.00000
  1.995E+11 1.995E+11 4.813E+00 1.048E+03 1.867E+04 9.689E+04 1.166E+05 1.166E+05 3.116E+07 33.5573 1.00000
  2.239E+11 2.239E+11 4.835E+00 1.176E+03 2.095E+04 1.110E+05 1.331E+05 1.331E+05 3.135E+07 33.7875 1.00000
  2.512E+11 2.512E+11 4.857E+00 1.320E+03 2.350E+04 1.272E+05 1.520E+05 1.520E+05 3.155E+07 34.0178 1.00000
  2.818E+11 2.818E+11 4.880E+00 1.481E+03 2.637E+04 1.457E+05 1.735E+05 1.735E+05 3.174E+07 34.2480 1.00000
  3.162E+11 3.162E+11 4.902E+00 1.662E+03 2.959E+04 1.669E+05 1.982E+05 1.982E+05 3.192E+07 34.4783 1.00000
  3.548E+11 3.548E+11 4.925E+00 1.865E+03 3.319E+04 1.913E+05 2.263E+05 2.263E+05 3.210E+07 34.7086 1.00000
  3.981E+11 3.981E+11 4.947E+00 2.093E+03 3.724E+04 2.192E+05 2.585E+05 2.585E+05 3.228E+07 34.9388 1.00000
  4.467E+11 4.467E+11 4.970E+00 2.349E+03 4.179E+04 2.512E+05 2.953E+05 2.953E+05 3.246E+07 35.1691 1.00000
  5.012E+11 5.012E+11 4.993E+00 2.636E+03 4.688E+04 2.878E+05 3.374E+05 3.374E+05 3.263E+07 35.3993 1.00000
  5.623E+11 5.623E+11 5.017E+00 2.958E+03 5.260E+04 3.299E+05 3.855E+05 3.855E+05 3.280E+07 35.6296 1.00000
  6.310E+11 6.310E+11 5.040E+00 3.319E+03 5.902E+04 3.781E+05 4.404E+05 4.404E+05 3.297E+07 35.8598 1.00000
  7.079E+11 7.079E+11 5.063E+00 3.725E+03 6.622E+04 4.334E+05 5.033E+05 5.033E+05 3.313E+07 36.0901 1.00000
  7.943E+11 7.943E+11 5.087E+00 4.180E+03 7.430E+04 4.968E+05 5.752E+05 5.752E+05 3.329E+07 36.3204 1.00000
  8.913E+11 8.913E+11 5.110E+00 4.690E+03 8.336E+04 5.694E+05 6.575E+05 6.575E+05 3.345E+07 36.5506 1.00000
  1.000E+12 1.000E+12 5.134E+00 5.263E+03 9.353E+04 6.528E+05 7.516E+05 7.516E+05 3.361E+07 36.7809 1.00000
  1.122E+12 1.122E+12 5.158E+00 5.905E+03 1.049E+05 7.484E+05 8.592E+05 8.592E+05 3.376E+07 37.0111 1.00000
  1.259E+12 1.259E+12 5.182E+00 6.626E+03 1.177E+05 8.580E+05 9.824E+05 9.824E+05 3.391E+07 37.2414 1.00000
  1.413E+12 1.413E+12 5.206E+00 7.435E+03 1.321E+05 9.837E+05 1.123E+06 1.123E+06 3.406E+07 37.4717 1.00000
  1.585E+12 1.585E+12 5.231E+00 8.343E+03 1.482E+05 1.128E+06 1.285E+06 1.285E+06 3.420E+07 37.7019 1.00000
  1.778E+12 1.778E+12 5.255E+00 9.362E+03 1.663E+05 1.293E+06 1.469E+06 1.469E+06 3.434E+07 37.9322 1.00000
  1.995E+12 1.995E+12 5.280E+00 1.050E+04 1.866E+05 1.483E+06 1.680E+06 1.680E+06 3.448E+07 38.1624 1.00000
  2.239E+12 2.239E+12 5.305E+00 1.179E+04 2.093E+05 1.701E+06 1.922E+06 1.922E+06 3.461E+07 38.3927 1.00000
  2.512E+12 2.512E+12 5.329E+00 1.323E+04 2.349E+05 1.951E+06 2.199E+06 2.199E+06 3.475E+07 38.6229 1.00000
  2.818E+12 2.818E+12 5.354E+00 1.484E+04 2.635E+05 2.237E+06 2.515E+06 2.515E+06 3.488E+07 38.8532 1.00000
  3.162E+12 3.162E+12 5.380E+00 1.665E+04 2.956E+05 2.566E+06 2.878E+06 2.878E+06 3.501E+07 39.0835 1.00000
  3.548E+12 3.548E+12 5.405E+00 1.868E+04 3.317E+05 2.943E+06 3.293E+06 3.293E+06 3.513E+07 39.3137 1.00000
  3.981E+12 3.981E+12 5.430E+00 2.096E+04 3.722E+05 3.376E+06 3.769E+06 3.769E+06 3.526E+07 39.5440 1.00000
  4.467E+12 4.467E+12 5.456E+00 2.352E+04 4.175E+05 3.873E+06 4.314E+06 4.314E+06 3.538E+07 39.7742 1.00000
  5.012E+12 5.012E+12 5.482E+00 2.639E+04 4.685E+05 4.443E+06 4.937E+06 4.937E+06 3.549E+07 40.0045 1.00000
  5.623E+12 5.623E+12 5.507E+00 2.961E+04 5.256E+05 5.097E+06 5.652E+06 5.652E+06 3.561E+07 40.2348 1.00000
  6.310E+12 6.310E+12 5.533E+00 3.323E+04 5.897E+05 5.847E+06 6.470E+06 6.470E+06 3.572E+07 40.4650 1.00000
  7.079E+12 7.079E+12 5.560E+00 3.728E+04 6.616E+05 6.709E+06 7.408E+06 7.408E+06 3.584E+07 40.6953 1.00000
  7.943E+12 7.943E+12 5.586E+00 4.183E+04 7.423E+05 7.698E+06 8.482E+06 8.482E+06 3.594E+07 40.9255 1.00000
  8.913E+12 8.913E+12 5.612E+00 4.693E+04 8.329E+05 8.833E+06 9.713E+06 9.713E+06 3.605E+07 41.1558 1.00000
  1.000E+13 1.000E+13 5.639E+00 5.266E+04 9.345E+05 1.014E+07 1.112E+07 1.112E+07 3.616E+07 41.3861 1.00000
  1.122E+13 1.122E+13 5.665E+00 5.909E+04 1.048E+06 1.163E+07 1.274E+07 1.274E+07 3.626E+07 41.6163 1.00000
  1.259E+13 1.259E+13 5.692E+00 6.630E+04 1.176E+06 1.335E+07 1.459E+07 1.459E+07 3.636E+07 41.8466 1.00000
  1.413E+13 1.413E+13 5.719E+00 7.439E+04 1.320E+06 1.532E+07 1.671E+07 1.671E+07 3.646E+07 42.0768 1.00000
  1.585E+13 1.585E+13 5.746E+00 8.347E+04 1.481E+06 1.758E+07 1.915E+07 1.915E+07 3.656E+07 42.3071 1.00000
  1.778E+13 1.778E+13 5.774E+00 9.365E+04 1.661E+06 2.018E+07 2.194E+07 2.194E+07 3.665E+07 42.5373 1.00000
  1.995E+13 1.995E+13 5.801E+00 1.051E+05 1.864E+06 2.317E+07 2.514E+07 2.514E+07 3.674E+07 42.7676 1.00000
  2.239E+13 2.239E+13 5.829E+00 1.179E+05 2.091E+06 2.659E+07 2.880E+07 2.880E+07 3.683E+07 42.9979 1.00000
  2.512E+13 2.512E+13 5.857E+00 1.323E+05 2.346E+06 3.053E+07 3.301E+07 3.301E+07 3.692E+07 43.2281 1.00000
  2.818E+13 2.818E+13 5.884E+00 1.484E+05 2.632E+06 3.505E+07 3.783E+07 3.783E+07 3.701E+07 43.4584 1.00000
  3.162E+13 3.162E+13 5.912E+00 1.665E+05 2.953E+06 4.024E+07 4.336E+07 4.336E+07 3.709E+07 43.6886 1.00000
  3.548E+13 3.548E+13 5.941E+00 1.869E+05 3.314E+06 4.620E+07 4.970E+07 4.970E+07 3.718E+07 43.9189 1.00000
  3.981E+13 3.981E+13 5.969E+00 2.097E+05 3.718E+06 5.304E+07 5.697E+07 5.697E+07 3.726E+07 44.1492 1.00000
  4.467E+13 4.467E+13 5.997E+00 2.352E+05 4.171E+06 6.090E+07 6.531E+07 6.531E+07 3.734E+07 44.3794 1.00000
  5.012E+13 5.012E+13 6.026E+00 2.639E+05 4.680E+06 6.994E+07 7.488E+07 7.488E+07 3.742E+07 44.6097 1.00000
  5.623E+13 5.623E+13 6.055E+00 2.962E+05 5.251E+06 8.031E+07 8.586E+07 8.586E+07 3.749E+07 44.8399 1.00000
  6.310E+13 6.310E+13 6.084E+00 3.323E+05 5.891E+06 9.223E+07 9.845E+07 9.845E+07 3.757E+07 45.0702 1.00000
  7.079E+13 7.079E+13 6.113E+00 3.728E+05 6.609E+06 1.059E+08 1.129E+08 1.129E+08 3.764E+07 45.3004 1.00000
  7.943E+13 7.943E+13 6.142E+00 4.183E+05 7.415E+06 1.216E+08 1.295E+08 1.295E+08 3.771E+07 45.5307 1.00000
  8.913E+13 8.913E+13 6.172E+00 4.694E+05 8.320E+06 1.397E+08 1.485E+08 1.485E+08 3.778E+07 45.7610 1.00000
  1.000E+14 1.000E+14 6.201E+00 5.267E+05 9.334E+06 1.605E+08 1.703E+08 1.703E+08 3.785E+07 45.9912 1.00000
  1.122E+14 1.122E+14 6.231E+00 5.909E+05 1.047E+07 1.843E+08 1.954E+08 1.954E+08 3.792E+07 46.2215 1.00000
  1.259E+14 1.259E+14 6.261E+00 6.630E+05 1.175E+07 2.118E+08 2.242E+08 2.242E+08 3.798E+07 46.4517 1.00000
  1.413E+14 1.413E+14 6.291E+00 7.439E+05 1.318E+07 2.433E+08 2.572E+08 2.572E+08 3.805E+07 46.6820 1.00000
  1.585E+14 1.585E+14 6.321E+00 8.347E+05 1.479E+07 2.795E+08 2.951E+08 2.951E+08 3.811E+07 46.9123 1.00000
  1.778E+14 1.778E+14 6.351E+00 9.365E+05 1.659E+07 3.211E+08 3.386E+08 3.386E+08 3.817E+07 47.1425 1.00000
  1.995E+14 1.995E+14 6.382E+00 1.051E+06 1.862E+07 3.689E+08 3.885E+08 3.885E+08 3.823E+07 47.3728 1.00000
  2.239E+14 2.239E+14 6.413E+00 1.179E+06 2.089E+07 4.238E+08 4.459E+08 4.459E+08 3.829E+07 47.6030 1.00000
  2.512E+14 2.512E+14 6.443E+00 1.323E+06 2.344E+07 4.870E+08 5.117E+08 5.117E+08 3.835E+07 47.8333 1.00000
  2.818E+14 2.818E+14 6.474E+00 1.484E+06 2.629E+07 5.596E+08 5.874E+08 5.874E+08 3.840E+07 48.0635 1.00000
  3.162E+14 3.162E+14 6.506E+00 1.665E+06 2.950E+07 6.430E+08 6.742E+08 6.742E+08 3.846E+07 48.2938 1.00000
  3.548E+14 3.548E+14 6.537E+00 1.869E+06 3.310E+07 7.390E+08 7.739E+08 7.739E+08 3.851E+07 48.5241 1.00000
  3.981E+14 3.981E+14 6.568E+00 2.097E+06 3.713E+07 8.492E+08 8.885E+08 8.885E+08 3.856E+07 48.7543 1.00000
  4.467E+14 4.467E+14 6.600E+00 2.352E+06 4.166E+07 9.760E+08 1.020E+09 1.020E+09 3.862E+07 48.9846 1.00000
  5.012E+14 5.012E+14 6.632E+00 2.640E+06 4.674E+07 1.122E+09 1.171E+09 1.171E+09 3.867E+07 49.2148 1.00000
  5.623E+14 5.623E+14 6.664E+00 2.962E+06 5.244E+07 1.289E+09 1.345E+09 1.345E+09 3.871E+07 49.4451 1.00000
  6.310E+14 6.310E+14 6.696E+00 3.323E+06 5.883E+07 1.482E+09 1.544E+09 1.544E+09 3.876E+07 49.6754 1.00000
  7.079E+14 7.079E+14 6.728E+00 3.728E+06 6.601E+07 1.704E+09 1.773E+09 1.773E+09 3.881E+07 49.9056 1.00000
  7.943E+14 7.943E+14 6.761E+00 4.183E+06 7.406E+07 1.958E+09 2.036E+09 2.036E+09 3.885E+07 50.1359 1.00000
  8.913E+14 8.913E+14 6.793E+00 4.694E+06 8.309E+07 2.251E+09 2.339E+09 2.339E+09 3.890E+07 50.3661 1.00000
  1.000E+15 1.000E+15 6.826E+00 5.267E+06 9.322E+07 2.588E+09 2.686E+09 2.686E+09 3.894E+07 50.5964 1.00000
