 Incident particle is a Tau with M = 1776.82000 MeV
 Index = 0: MixDWax
      Absorber with <Z/A> = 0.56479
 Density effect computed following Fano (1963)
 Models for Radloss: brems =  SSR, pair =  SSR, photonuc = DRSS

 *** Table generated with PUMAS v1.1 ***

      T         p     Ionization  brems     pair     photonuc  Radloss    dE/dx   CSDA Range  delta   beta
    [MeV]    [MeV/c]  -----------------------[MeV cm^2/g]------------------------  [g/cm^2]
  1.000E+05 1.018E+05 2.489E+00 3.440E-05 1.857E-03 6.819E-03 8.711E-03 2.498E+00 2.002E+04  5.0835 0.99985
  1.122E+05 1.140E+05 2.510E+00 4.167E-05 2.247E-03 7.734E-03 1.002E-02 2.520E+00 2.488E+04  5.2990 0.99988
  1.259E+05 1.277E+05 2.532E+00 5.039E-05 2.708E-03 8.752E-03 1.151E-02 2.543E+00 3.029E+04  5.5166 0.99990
  1.413E+05 1.430E+05 2.553E+00 6.082E-05 3.251E-03 9.878E-03 1.319E-02 2.566E+00 3.630E+04  5.7361 0.99992
  1.585E+05 1.603E+05 2.574E+00 7.327E-05 3.891E-03 1.116E-02 1.512E-02 2.589E+00 4.299E+04  5.9572 0.99994
  1.778E+05 1.796E+05 2.594E+00 8.812E-05 4.642E-03 1.257E-02 1.730E-02 2.612E+00 5.042E+04  6.1797 0.99995
  1.995E+05 2.013E+05 2.615E+00 1.058E-04 5.522E-03 1.418E-02 1.981E-02 2.635E+00 5.869E+04  6.4034 0.99996
  2.239E+05 2.256E+05 2.636E+00 1.267E-04 6.552E-03 1.597E-02 2.264E-02 2.659E+00 6.789E+04  6.6280 0.99997
  2.512E+05 2.530E+05 2.657E+00 1.515E-04 7.754E-03 1.796E-02 2.587E-02 2.683E+00 7.812E+04  6.8535 0.99998
  2.818E+05 2.836E+05 2.678E+00 1.809E-04 9.156E-03 2.022E-02 2.955E-02 2.707E+00 8.949E+04  7.0797 0.99998
  3.162E+05 3.180E+05 2.698E+00 2.156E-04 1.079E-02 2.276E-02 3.377E-02 2.732E+00 1.021E+05  7.3065 0.99998
  3.548E+05 3.566E+05 2.719E+00 2.564E-04 1.268E-02 2.561E-02 3.855E-02 2.758E+00 1.162E+05  7.5338 0.99999
  3.981E+05 3.999E+05 2.740E+00 3.044E-04 1.488E-02 2.880E-02 4.399E-02 2.784E+00 1.318E+05  7.7615 0.99999
  4.467E+05 4.485E+05 2.760E+00 3.607E-04 1.743E-02 3.240E-02 5.020E-02 2.811E+00 1.492E+05  7.9896 0.99999
  5.012E+05 5.030E+05 2.781E+00 4.268E-04 2.038E-02 3.643E-02 5.724E-02 2.838E+00 1.685E+05  8.2180 0.99999
  5.623E+05 5.641E+05 2.801E+00 5.042E-04 2.379E-02 4.099E-02 6.529E-02 2.867E+00 1.899E+05  8.4467 1.00000
  6.310E+05 6.327E+05 2.822E+00 5.945E-04 2.773E-02 4.615E-02 7.447E-02 2.896E+00 2.137E+05  8.6756 1.00000
  7.079E+05 7.097E+05 2.842E+00 7.000E-04 3.226E-02 5.196E-02 8.493E-02 2.927E+00 2.402E+05  8.9047 1.00000
  7.943E+05 7.961E+05 2.862E+00 8.230E-04 3.749E-02 5.852E-02 9.683E-02 2.959E+00 2.695E+05  9.1339 1.00000
  8.913E+05 8.930E+05 2.883E+00 9.660E-04 4.349E-02 6.591E-02 1.104E-01 2.993E+00 3.021E+05  9.3633 1.00000
  1.000E+06 1.002E+06 2.903E+00 1.133E-03 5.039E-02 7.431E-02 1.258E-01 3.028E+00 3.382E+05  9.5928 1.00000
  1.122E+06 1.124E+06 2.923E+00 1.326E-03 5.830E-02 8.375E-02 1.434E-01 3.066E+00 3.782E+05  9.8224 1.00000
  1.259E+06 1.261E+06 2.942E+00 1.550E-03 6.737E-02 9.450E-02 1.634E-01 3.106E+00 4.226E+05 10.0521 1.00000
  1.413E+06 1.414E+06 2.962E+00 1.810E-03 7.775E-02 1.066E-01 1.862E-01 3.148E+00 4.717E+05 10.2819 1.00000
  1.585E+06 1.587E+06 2.982E+00 2.111E-03 8.962E-02 1.204E-01 2.122E-01 3.194E+00 5.261E+05 10.5117 1.00000
  1.778E+06 1.780E+06 3.001E+00 2.458E-03 1.032E-01 1.360E-01 2.417E-01 3.243E+00 5.862E+05 10.7416 1.00000
  1.995E+06 1.997E+06 3.021E+00 2.859E-03 1.187E-01 1.537E-01 2.753E-01 3.296E+00 6.525E+05 10.9716 1.00000
  2.239E+06 2.240E+06 3.040E+00 3.324E-03 1.363E-01 1.739E-01 3.135E-01 3.353E+00 7.257E+05 11.2016 1.00000
  2.512E+06 2.514E+06 3.059E+00 3.860E-03 1.564E-01 1.967E-01 3.570E-01 3.416E+00 8.065E+05 11.4316 1.00000
  2.818E+06 2.820E+06 3.078E+00 4.477E-03 1.793E-01 2.227E-01 4.065E-01 3.484E+00 8.953E+05 11.6617 1.00000
  3.162E+06 3.164E+06 3.096E+00 5.188E-03 2.054E-01 2.522E-01 4.628E-01 3.559E+00 9.930E+05 11.8918 1.00000
  3.548E+06 3.550E+06 3.115E+00 6.005E-03 2.350E-01 2.857E-01 5.267E-01 3.641E+00 1.100E+06 12.1219 1.00000
  3.981E+06 3.983E+06 3.133E+00 6.943E-03 2.686E-01 3.239E-01 5.994E-01 3.732E+00 1.218E+06 12.3520 1.00000
  4.467E+06 4.469E+06 3.151E+00 8.021E-03 3.067E-01 3.673E-01 6.820E-01 3.833E+00 1.346E+06 12.5821 1.00000
  5.012E+06 5.014E+06 3.169E+00 9.263E-03 3.500E-01 4.167E-01 7.759E-01 3.945E+00 1.486E+06 12.8123 1.00000
  5.623E+06 5.625E+06 3.187E+00 1.069E-02 3.990E-01 4.729E-01 8.826E-01 4.069E+00 1.639E+06 13.0425 1.00000
  6.310E+06 6.311E+06 3.204E+00 1.232E-02 4.545E-01 5.370E-01 1.004E+00 4.208E+00 1.805E+06 13.2726 1.00000
  7.079E+06 7.081E+06 3.222E+00 1.420E-02 5.173E-01 6.099E-01 1.141E+00 4.363E+00 1.984E+06 13.5028 1.00000
  7.943E+06 7.945E+06 3.239E+00 1.634E-02 5.883E-01 6.930E-01 1.298E+00 4.537E+00 2.178E+06 13.7330 1.00000
  8.913E+06 8.914E+06 3.256E+00 1.880E-02 6.687E-01 7.877E-01 1.475E+00 4.731E+00 2.388E+06 13.9632 1.00000
  1.000E+07 1.000E+07 3.273E+00 2.161E-02 7.594E-01 8.957E-01 1.677E+00 4.950E+00 2.612E+06 14.1934 1.00000
  1.122E+07 1.122E+07 3.290E+00 2.483E-02 8.619E-01 1.019E+00 1.905E+00 5.195E+00 2.853E+06 14.4237 1.00000
  1.259E+07 1.259E+07 3.306E+00 2.850E-02 9.776E-01 1.159E+00 2.165E+00 5.471E+00 3.110E+06 14.6539 1.00000
  1.413E+07 1.413E+07 3.323E+00 3.270E-02 1.108E+00 1.319E+00 2.460E+00 5.783E+00 3.383E+06 14.8841 1.00000
  1.585E+07 1.585E+07 3.339E+00 3.750E-02 1.256E+00 1.502E+00 2.795E+00 6.134E+00 3.672E+06 15.1143 1.00000
  1.778E+07 1.778E+07 3.355E+00 4.297E-02 1.422E+00 1.710E+00 3.174E+00 6.529E+00 3.978E+06 15.3446 1.00000
  1.995E+07 1.995E+07 3.371E+00 4.921E-02 1.609E+00 1.947E+00 3.605E+00 6.976E+00 4.299E+06 15.5748 1.00000
  2.239E+07 2.239E+07 3.387E+00 5.633E-02 1.820E+00 2.218E+00 4.094E+00 7.481E+00 4.636E+06 15.8050 1.00000
  2.512E+07 2.512E+07 3.403E+00 6.445E-02 2.057E+00 2.527E+00 4.649E+00 8.052E+00 4.988E+06 16.0353 1.00000
  2.818E+07 2.819E+07 3.419E+00 7.371E-02 2.325E+00 2.880E+00 5.279E+00 8.698E+00 5.354E+06 16.2655 1.00000
  3.162E+07 3.162E+07 3.435E+00 8.426E-02 2.626E+00 3.283E+00 5.993E+00 9.428E+00 5.734E+06 16.4958 1.00000
  3.548E+07 3.548E+07 3.451E+00 9.627E-02 2.964E+00 3.743E+00 6.804E+00 1.025E+01 6.126E+06 16.7260 1.00000
  3.981E+07 3.981E+07 3.467E+00 1.099E-01 3.346E+00 4.268E+00 7.724E+00 1.119E+01 6.530E+06 16.9563 1.00000
  4.467E+07 4.467E+07 3.482E+00 1.255E-01 3.774E+00 4.868E+00 8.767E+00 1.225E+01 6.945E+06 17.1865 1.00000
  5.012E+07 5.012E+07 3.498E+00 1.431E-01 4.257E+00 5.552E+00 9.952E+00 1.345E+01 7.369E+06 17.4168 1.00000
  5.623E+07 5.624E+07 3.514E+00 1.632E-01 4.799E+00 6.334E+00 1.130E+01 1.481E+01 7.803E+06 17.6470 1.00000
  6.310E+07 6.310E+07 3.529E+00 1.860E-01 5.408E+00 7.227E+00 1.282E+01 1.635E+01 8.243E+06 17.8773 1.00000
  7.079E+07 7.080E+07 3.545E+00 2.120E-01 6.093E+00 8.247E+00 1.455E+01 1.810E+01 8.691E+06 18.1075 1.00000
  7.943E+07 7.943E+07 3.561E+00 2.414E-01 6.863E+00 9.411E+00 1.652E+01 2.008E+01 9.144E+06 18.3378 1.00000
  8.913E+07 8.913E+07 3.576E+00 2.748E-01 7.729E+00 1.074E+01 1.875E+01 2.232E+01 9.601E+06 18.5680 1.00000
  1.000E+08 1.000E+08 3.592E+00 3.126E-01 8.700E+00 1.226E+01 2.128E+01 2.487E+01 1.006E+07 18.7983 1.00000
  1.122E+08 1.122E+08 3.608E+00 3.555E-01 9.792E+00 1.400E+01 2.415E+01 2.776E+01 1.053E+07 19.0285 1.00000
  1.259E+08 1.259E+08 3.624E+00 4.042E-01 1.102E+01 1.598E+01 2.741E+01 3.103E+01 1.099E+07 19.2588 1.00000
  1.413E+08 1.413E+08 3.640E+00 4.593E-01 1.240E+01 1.825E+01 3.111E+01 3.475E+01 1.146E+07 19.4890 1.00000
  1.585E+08 1.585E+08 3.656E+00 5.218E-01 1.394E+01 2.084E+01 3.531E+01 3.896E+01 1.193E+07 19.7193 1.00000
  1.778E+08 1.778E+08 3.672E+00 5.924E-01 1.568E+01 2.381E+01 4.008E+01 4.375E+01 1.240E+07 19.9496 1.00000
  1.995E+08 1.995E+08 3.688E+00 6.724E-01 1.763E+01 2.719E+01 4.550E+01 4.918E+01 1.286E+07 20.1798 1.00000
  2.239E+08 2.239E+08 3.704E+00 7.630E-01 1.982E+01 3.106E+01 5.165E+01 5.535E+01 1.333E+07 20.4101 1.00000
  2.512E+08 2.512E+08 3.720E+00 8.653E-01 2.228E+01 3.549E+01 5.863E+01 6.235E+01 1.380E+07 20.6403 1.00000
  2.818E+08 2.818E+08 3.736E+00 9.811E-01 2.504E+01 4.054E+01 6.656E+01 7.030E+01 1.426E+07 20.8706 1.00000
  3.162E+08 3.162E+08 3.752E+00 1.112E+00 2.814E+01 4.632E+01 7.557E+01 7.932E+01 1.472E+07 21.1008 1.00000
  3.548E+08 3.548E+08 3.769E+00 1.260E+00 3.161E+01 5.293E+01 8.581E+01 8.958E+01 1.518E+07 21.3311 1.00000
  3.981E+08 3.981E+08 3.785E+00 1.427E+00 3.552E+01 6.049E+01 9.743E+01 1.012E+02 1.563E+07 21.5614 1.00000
  4.467E+08 4.467E+08 3.802E+00 1.615E+00 3.990E+01 6.913E+01 1.106E+02 1.144E+02 1.608E+07 21.7916 1.00000
  5.012E+08 5.012E+08 3.818E+00 1.828E+00 4.482E+01 7.901E+01 1.257E+02 1.295E+02 1.653E+07 22.0219 1.00000
  5.623E+08 5.623E+08 3.835E+00 2.068E+00 5.034E+01 9.031E+01 1.427E+02 1.466E+02 1.697E+07 22.2521 1.00000
  6.310E+08 6.310E+08 3.852E+00 2.339E+00 5.653E+01 1.032E+02 1.621E+02 1.660E+02 1.741E+07 22.4824 1.00000
  7.079E+08 7.079E+08 3.869E+00 2.644E+00 6.348E+01 1.180E+02 1.841E+02 1.880E+02 1.785E+07 22.7126 1.00000
  7.943E+08 7.943E+08 3.886E+00 2.989E+00 7.128E+01 1.349E+02 2.092E+02 2.131E+02 1.828E+07 22.9429 1.00000
  8.913E+08 8.913E+08 3.903E+00 3.377E+00 8.004E+01 1.543E+02 2.377E+02 2.416E+02 1.871E+07 23.1732 1.00000
  1.000E+09 1.000E+09 3.920E+00 3.815E+00 8.986E+01 1.764E+02 2.701E+02 2.740E+02 1.913E+07 23.4034 1.00000
  1.122E+09 1.122E+09 3.937E+00 4.308E+00 1.009E+02 2.017E+02 3.069E+02 3.108E+02 1.955E+07 23.6337 1.00000
  1.259E+09 1.259E+09 3.954E+00 4.863E+00 1.133E+02 2.306E+02 3.487E+02 3.527E+02 1.996E+07 23.8639 1.00000
  1.413E+09 1.413E+09 3.972E+00 5.488E+00 1.271E+02 2.637E+02 3.964E+02 4.003E+02 2.037E+07 24.0942 1.00000
  1.585E+09 1.585E+09 3.989E+00 6.193E+00 1.427E+02 3.016E+02 4.506E+02 4.545E+02 2.077E+07 24.3244 1.00000
  1.778E+09 1.778E+09 4.007E+00 6.985E+00 1.602E+02 3.450E+02 5.122E+02 5.162E+02 2.117E+07 24.5547 1.00000
  1.995E+09 1.995E+09 4.025E+00 7.878E+00 1.798E+02 3.946E+02 5.823E+02 5.863E+02 2.157E+07 24.7850 1.00000
  2.239E+09 2.239E+09 4.042E+00 8.881E+00 2.018E+02 4.514E+02 6.621E+02 6.661E+02 2.196E+07 25.0152 1.00000
  2.512E+09 2.512E+09 4.060E+00 1.001E+01 2.265E+02 5.164E+02 7.529E+02 7.570E+02 2.234E+07 25.2455 1.00000
  2.818E+09 2.818E+09 4.078E+00 1.128E+01 2.543E+02 5.907E+02 8.563E+02 8.603E+02 2.272E+07 25.4757 1.00000
  3.162E+09 3.162E+09 4.096E+00 1.271E+01 2.854E+02 6.758E+02 9.739E+02 9.780E+02 2.309E+07 25.7060 1.00000
  3.548E+09 3.548E+09 4.114E+00 1.432E+01 3.203E+02 7.732E+02 1.108E+03 1.112E+03 2.346E+07 25.9363 1.00000
  3.981E+09 3.981E+09 4.133E+00 1.612E+01 3.594E+02 8.848E+02 1.260E+03 1.264E+03 2.383E+07 26.1665 1.00000
  4.467E+09 4.467E+09 4.151E+00 1.815E+01 4.034E+02 1.012E+03 1.434E+03 1.438E+03 2.419E+07 26.3968 1.00000
  5.012E+09 5.012E+09 4.170E+00 2.044E+01 4.527E+02 1.159E+03 1.632E+03 1.636E+03 2.454E+07 26.6270 1.00000
  5.623E+09 5.623E+09 4.188E+00 2.300E+01 5.080E+02 1.326E+03 1.857E+03 1.861E+03 2.490E+07 26.8573 1.00000
  6.310E+09 6.310E+09 4.207E+00 2.589E+01 5.700E+02 1.517E+03 2.113E+03 2.118E+03 2.524E+07 27.0875 1.00000
  7.079E+09 7.079E+09 4.226E+00 2.912E+01 6.397E+02 1.737E+03 2.406E+03 2.410E+03 2.558E+07 27.3178 1.00000
  7.943E+09 7.943E+09 4.245E+00 3.276E+01 7.178E+02 1.988E+03 2.738E+03 2.743E+03 2.592E+07 27.5481 1.00000
  8.913E+09 8.913E+09 4.264E+00 3.685E+01 8.055E+02 2.275E+03 3.118E+03 3.122E+03 2.625E+07 27.7783 1.00000
  1.000E+10 1.000E+10 4.283E+00 4.144E+01 9.039E+02 2.605E+03 3.550E+03 3.554E+03 2.657E+07 28.0086 1.00000
  1.122E+10 1.122E+10 4.302E+00 4.660E+01 1.014E+03 2.982E+03 4.043E+03 4.047E+03 2.690E+07 28.2388 1.00000
  1.259E+10 1.259E+10 4.321E+00 5.240E+01 1.138E+03 3.414E+03 4.604E+03 4.609E+03 2.721E+07 28.4691 1.00000
  1.413E+10 1.413E+10 4.341E+00 5.890E+01 1.277E+03 3.909E+03 5.245E+03 5.249E+03 2.752E+07 28.6993 1.00000
  1.585E+10 1.585E+10 4.360E+00 6.621E+01 1.433E+03 4.475E+03 5.975E+03 5.979E+03 2.783E+07 28.9295 1.00000
  1.778E+10 1.778E+10 4.380E+00 7.441E+01 1.608E+03 5.124E+03 6.807E+03 6.811E+03 2.814E+07 29.1597 1.00000
  1.995E+10 1.995E+10 4.400E+00 8.362E+01 1.804E+03 5.868E+03 7.756E+03 7.760E+03 2.843E+07 29.3900 1.00000
  2.239E+10 2.239E+10 4.420E+00 9.396E+01 2.025E+03 6.720E+03 8.839E+03 8.843E+03 2.873E+07 29.6199 1.00000
  2.512E+10 2.512E+10 4.440E+00 1.056E+02 2.272E+03 7.696E+03 1.007E+04 1.008E+04 2.902E+07 29.8501 1.00000
  2.818E+10 2.818E+10 4.460E+00 1.186E+02 2.549E+03 8.814E+03 1.148E+04 1.149E+04 2.930E+07 30.0804 1.00000
  3.162E+10 3.162E+10 4.480E+00 1.332E+02 2.860E+03 1.010E+04 1.309E+04 1.309E+04 2.958E+07 30.3091 1.00000
  3.548E+10 3.548E+10 4.501E+00 1.496E+02 3.209E+03 1.156E+04 1.492E+04 1.493E+04 2.986E+07 30.5394 1.00000
  3.981E+10 3.981E+10 4.521E+00 1.681E+02 3.601E+03 1.325E+04 1.702E+04 1.702E+04 3.013E+07 30.7696 1.00000
  4.467E+10 4.467E+10 4.542E+00 1.888E+02 4.041E+03 1.517E+04 1.940E+04 1.941E+04 3.040E+07 30.9999 1.00000
  5.012E+10 5.012E+10 4.563E+00 2.120E+02 4.534E+03 1.738E+04 2.213E+04 2.213E+04 3.066E+07 31.2237 1.00000
  5.623E+10 5.623E+10 4.584E+00 2.380E+02 5.087E+03 1.992E+04 2.524E+04 2.525E+04 3.092E+07 31.4539 1.00000
  6.310E+10 6.310E+10 4.605E+00 2.673E+02 5.708E+03 2.282E+04 2.879E+04 2.880E+04 3.117E+07 31.6842 1.00000
  7.079E+10 7.079E+10 4.628E+00 3.001E+02 6.404E+03 2.615E+04 3.285E+04 3.285E+04 3.142E+07 31.8853 1.00000
  7.943E+10 7.943E+10 4.649E+00 3.370E+02 7.186E+03 2.996E+04 3.748E+04 3.749E+04 3.167E+07 32.1156 1.00000
  8.913E+10 8.913E+10 4.671E+00 3.783E+02 8.063E+03 3.433E+04 4.277E+04 4.278E+04 3.191E+07 32.3458 1.00000
  1.000E+11 1.000E+11 4.692E+00 4.247E+02 9.047E+03 3.934E+04 4.881E+04 4.882E+04 3.215E+07 32.5761 1.00000
  1.122E+11 1.122E+11 4.713E+00 4.768E+02 1.015E+04 4.509E+04 5.572E+04 5.572E+04 3.238E+07 32.8063 1.00000
  1.259E+11 1.259E+11 4.749E+00 5.352E+02 1.139E+04 5.168E+04 6.360E+04 6.361E+04 3.261E+07 32.8811 1.00000
  1.413E+11 1.413E+11 4.770E+00 6.008E+02 1.278E+04 5.923E+04 7.261E+04 7.262E+04 3.284E+07 33.1114 1.00000
  1.585E+11 1.585E+11 4.792E+00 6.743E+02 1.434E+04 6.789E+04 8.291E+04 8.291E+04 3.306E+07 33.3416 1.00000
  1.778E+11 1.778E+11 4.814E+00 7.569E+02 1.609E+04 7.782E+04 9.467E+04 9.468E+04 3.328E+07 33.5719 1.00000
  1.995E+11 1.995E+11 4.836E+00 8.495E+02 1.805E+04 8.922E+04 1.081E+05 1.081E+05 3.349E+07 33.8022 1.00000
  2.239E+11 2.239E+11 4.859E+00 9.535E+02 2.026E+04 1.023E+05 1.235E+05 1.235E+05 3.370E+07 34.0324 1.00000
  2.512E+11 2.512E+11 4.881E+00 1.070E+03 2.273E+04 1.173E+05 1.411E+05 1.411E+05 3.391E+07 34.2627 1.00000
  2.818E+11 2.818E+11 4.904E+00 1.201E+03 2.550E+04 1.344E+05 1.611E+05 1.611E+05 3.411E+07 34.4929 1.00000
  3.162E+11 3.162E+11 4.926E+00 1.348E+03 2.861E+04 1.542E+05 1.841E+05 1.841E+05 3.431E+07 34.7232 1.00000
  3.548E+11 3.548E+11 4.949E+00 1.513E+03 3.210E+04 1.768E+05 2.104E+05 2.104E+05 3.451E+07 34.9534 1.00000
  3.981E+11 3.981E+11 4.972E+00 1.698E+03 3.602E+04 2.027E+05 2.404E+05 2.404E+05 3.470E+07 35.1837 1.00000
  4.467E+11 4.467E+11 4.995E+00 1.905E+03 4.041E+04 2.325E+05 2.748E+05 2.748E+05 3.489E+07 35.4140 1.00000
  5.012E+11 5.012E+11 5.018E+00 2.138E+03 4.535E+04 2.666E+05 3.141E+05 3.141E+05 3.507E+07 35.6442 1.00000
  5.623E+11 5.623E+11 5.041E+00 2.399E+03 5.088E+04 3.058E+05 3.590E+05 3.590E+05 3.526E+07 35.8745 1.00000
  6.310E+11 6.310E+11 5.065E+00 2.692E+03 5.709E+04 3.507E+05 4.105E+05 4.105E+05 3.544E+07 36.1047 1.00000
  7.079E+11 7.079E+11 5.088E+00 3.021E+03 6.405E+04 4.022E+05 4.693E+05 4.693E+05 3.561E+07 36.3350 1.00000
  7.943E+11 7.943E+11 5.112E+00 3.390E+03 7.187E+04 4.614E+05 5.367E+05 5.367E+05 3.578E+07 36.5653 1.00000
  8.913E+11 8.913E+11 5.136E+00 3.804E+03 8.064E+04 5.293E+05 6.138E+05 6.138E+05 3.595E+07 36.7955 1.00000
  1.000E+12 1.000E+12 5.160E+00 4.269E+03 9.048E+04 6.072E+05 7.020E+05 7.020E+05 3.612E+07 37.0258 1.00000
  1.122E+12 1.122E+12 5.184E+00 4.790E+03 1.015E+05 6.967E+05 8.030E+05 8.030E+05 3.628E+07 37.2560 1.00000
  1.259E+12 1.259E+12 5.208E+00 5.375E+03 1.139E+05 7.993E+05 9.186E+05 9.186E+05 3.644E+07 37.4863 1.00000
  1.413E+12 1.413E+12 5.232E+00 6.031E+03 1.278E+05 9.171E+05 1.051E+06 1.051E+06 3.659E+07 37.7165 1.00000
  1.585E+12 1.585E+12 5.257E+00 6.767E+03 1.434E+05 1.052E+06 1.202E+06 1.202E+06 3.675E+07 37.9468 1.00000
  1.778E+12 1.778E+12 5.281E+00 7.594E+03 1.609E+05 1.208E+06 1.376E+06 1.376E+06 3.690E+07 38.1771 1.00000
  1.995E+12 1.995E+12 5.306E+00 8.521E+03 1.805E+05 1.386E+06 1.575E+06 1.575E+06 3.705E+07 38.4073 1.00000
  2.239E+12 2.239E+12 5.331E+00 9.561E+03 2.026E+05 1.590E+06 1.802E+06 1.802E+06 3.719E+07 38.6376 1.00000
  2.512E+12 2.512E+12 5.356E+00 1.073E+04 2.273E+05 1.825E+06 2.063E+06 2.063E+06 3.733E+07 38.8678 1.00000
  2.818E+12 2.818E+12 5.381E+00 1.204E+04 2.550E+05 2.095E+06 2.362E+06 2.362E+06 3.747E+07 39.0981 1.00000
  3.162E+12 3.162E+12 5.406E+00 1.351E+04 2.861E+05 2.404E+06 2.704E+06 2.704E+06 3.761E+07 39.3284 1.00000
  3.548E+12 3.548E+12 5.432E+00 1.515E+04 3.210E+05 2.760E+06 3.096E+06 3.096E+06 3.774E+07 39.5586 1.00000
  3.981E+12 3.981E+12 5.457E+00 1.700E+04 3.602E+05 3.168E+06 3.545E+06 3.545E+06 3.787E+07 39.7889 1.00000
  4.467E+12 4.467E+12 5.483E+00 1.908E+04 4.041E+05 3.637E+06 4.060E+06 4.060E+06 3.800E+07 40.0191 1.00000
  5.012E+12 5.012E+12 5.509E+00 2.141E+04 4.535E+05 4.175E+06 4.650E+06 4.650E+06 3.812E+07 40.2494 1.00000
  5.623E+12 5.623E+12 5.535E+00 2.402E+04 5.088E+05 4.794E+06 5.327E+06 5.327E+06 3.825E+07 40.4797 1.00000
  6.310E+12 6.310E+12 5.561E+00 2.695E+04 5.709E+05 5.504E+06 6.102E+06 6.102E+06 3.837E+07 40.7099 1.00000
  7.079E+12 7.079E+12 5.587E+00 3.024E+04 6.405E+05 6.320E+06 6.990E+06 6.990E+06 3.848E+07 40.9402 1.00000
  7.943E+12 7.943E+12 5.614E+00 3.393E+04 7.187E+05 7.257E+06 8.009E+06 8.009E+06 3.860E+07 41.1704 1.00000
  8.913E+12 8.913E+12 5.640E+00 3.807E+04 8.064E+05 8.333E+06 9.177E+06 9.177E+06 3.871E+07 41.4007 1.00000
  1.000E+13 1.000E+13 5.667E+00 4.272E+04 9.047E+05 9.569E+06 1.052E+07 1.052E+07 3.882E+07 41.6309 1.00000
  1.122E+13 1.122E+13 5.694E+00 4.793E+04 1.015E+06 1.099E+07 1.205E+07 1.205E+07 3.893E+07 41.8612 1.00000
  1.259E+13 1.259E+13 5.721E+00 5.378E+04 1.139E+06 1.262E+07 1.381E+07 1.381E+07 3.904E+07 42.0915 1.00000
  1.413E+13 1.413E+13 5.748E+00 6.034E+04 1.278E+06 1.450E+07 1.583E+07 1.583E+07 3.914E+07 42.3217 1.00000
  1.585E+13 1.585E+13 5.775E+00 6.771E+04 1.434E+06 1.665E+07 1.815E+07 1.815E+07 3.924E+07 42.5520 1.00000
  1.778E+13 1.778E+13 5.803E+00 7.597E+04 1.609E+06 1.913E+07 2.081E+07 2.081E+07 3.934E+07 42.7822 1.00000
  1.995E+13 1.995E+13 5.830E+00 8.524E+04 1.805E+06 2.197E+07 2.386E+07 2.386E+07 3.944E+07 43.0125 1.00000
  2.239E+13 2.239E+13 5.858E+00 9.564E+04 2.025E+06 2.524E+07 2.736E+07 2.736E+07 3.954E+07 43.2428 1.00000
  2.512E+13 2.512E+13 5.886E+00 1.073E+05 2.273E+06 2.899E+07 3.137E+07 3.137E+07 3.963E+07 43.4730 1.00000
  2.818E+13 2.818E+13 5.914E+00 1.204E+05 2.550E+06 3.331E+07 3.598E+07 3.598E+07 3.972E+07 43.7033 1.00000
  3.162E+13 3.162E+13 5.942E+00 1.351E+05 2.861E+06 3.827E+07 4.127E+07 4.127E+07 3.981E+07 43.9335 1.00000
  3.548E+13 3.548E+13 5.970E+00 1.516E+05 3.210E+06 4.397E+07 4.734E+07 4.734E+07 3.990E+07 44.1638 1.00000
  3.981E+13 3.981E+13 5.999E+00 1.701E+05 3.602E+06 5.053E+07 5.430E+07 5.430E+07 3.998E+07 44.3940 1.00000
  4.467E+13 4.467E+13 6.028E+00 1.908E+05 4.041E+06 5.806E+07 6.229E+07 6.229E+07 4.007E+07 44.6243 1.00000
  5.012E+13 5.012E+13 6.056E+00 2.141E+05 4.534E+06 6.672E+07 7.147E+07 7.147E+07 4.015E+07 44.8546 1.00000
  5.623E+13 5.623E+13 6.085E+00 2.402E+05 5.087E+06 7.668E+07 8.200E+07 8.200E+07 4.023E+07 45.0848 1.00000
  6.310E+13 6.310E+13 6.114E+00 2.696E+05 5.708E+06 8.812E+07 9.410E+07 9.410E+07 4.030E+07 45.3151 1.00000
  7.079E+13 7.079E+13 6.144E+00 3.025E+05 6.405E+06 1.013E+08 1.080E+08 1.080E+08 4.038E+07 45.5453 1.00000
  7.943E+13 7.943E+13 6.173E+00 3.394E+05 7.186E+06 1.164E+08 1.239E+08 1.239E+08 4.046E+07 45.7756 1.00000
  8.913E+13 8.913E+13 6.203E+00 3.808E+05 8.063E+06 1.338E+08 1.422E+08 1.422E+08 4.053E+07 46.0059 1.00000
  1.000E+14 1.000E+14 6.232E+00 4.272E+05 9.047E+06 1.538E+08 1.633E+08 1.633E+08 4.060E+07 46.2361 1.00000
  1.122E+14 1.122E+14 6.262E+00 4.794E+05 1.015E+07 1.768E+08 1.874E+08 1.874E+08 4.067E+07 46.4664 1.00000
  1.259E+14 1.259E+14 6.292E+00 5.379E+05 1.139E+07 2.032E+08 2.152E+08 2.152E+08 4.074E+07 46.6966 1.00000
  1.413E+14 1.413E+14 6.323E+00 6.035E+05 1.278E+07 2.336E+08 2.470E+08 2.470E+08 4.080E+07 46.9269 1.00000
  1.585E+14 1.585E+14 6.353E+00 6.771E+05 1.434E+07 2.686E+08 2.836E+08 2.836E+08 4.087E+07 47.1571 1.00000
  1.778E+14 1.778E+14 6.384E+00 7.597E+05 1.609E+07 3.088E+08 3.257E+08 3.257E+08 4.093E+07 47.3874 1.00000
  1.995E+14 1.995E+14 6.414E+00 8.524E+05 1.805E+07 3.551E+08 3.740E+08 3.740E+08 4.100E+07 47.6177 1.00000
  2.239E+14 2.239E+14 6.445E+00 9.565E+05 2.025E+07 4.083E+08 4.295E+08 4.295E+08 4.106E+07 47.8479 1.00000
  2.512E+14 2.512E+14 6.476E+00 1.073E+06 2.272E+07 4.695E+08 4.933E+08 4.933E+08 4.112E+07 48.0782 1.00000
  2.818E+14 2.818E+14 6.507E+00 1.204E+06 2.550E+07 5.399E+08 5.666E+08 5.666E+08 4.117E+07 48.3084 1.00000
  3.162E+14 3.162E+14 6.539E+00 1.351E+06 2.861E+07 6.208E+08 6.508E+08 6.508E+08 4.123E+07 48.5387 1.00000
  3.548E+14 3.548E+14 6.570E+00 1.516E+06 3.210E+07 7.140E+08 7.476E+08 7.476E+08 4.129E+07 48.7690 1.00000
  3.981E+14 3.981E+14 6.602E+00 1.701E+06 3.601E+07 8.211E+08 8.588E+08 8.588E+08 4.134E+07 48.9992 1.00000
  4.467E+14 4.467E+14 6.634E+00 1.908E+06 4.041E+07 9.444E+08 9.867E+08 9.867E+08 4.139E+07 49.2295 1.00000
  5.012E+14 5.012E+14 6.666E+00 2.141E+06 4.534E+07 1.086E+09 1.134E+09 1.134E+09 4.144E+07 49.4597 1.00000
  5.623E+14 5.623E+14 6.698E+00 2.403E+06 5.087E+07 1.249E+09 1.303E+09 1.303E+09 4.149E+07 49.6900 1.00000
  6.310E+14 6.310E+14 6.730E+00 2.696E+06 5.708E+07 1.437E+09 1.497E+09 1.497E+09 4.154E+07 49.9202 1.00000
  7.079E+14 7.079E+14 6.763E+00 3.025E+06 6.404E+07 1.653E+09 1.720E+09 1.720E+09 4.159E+07 50.1505 1.00000
  7.943E+14 7.943E+14 6.795E+00 3.394E+06 7.185E+07 1.902E+09 1.977E+09 1.977E+09 4.164E+07 50.3808 1.00000
  8.913E+14 8.913E+14 6.828E+00 3.808E+06 8.062E+07 2.188E+09 2.272E+09 2.272E+09 4.168E+07 50.6110 1.00000
  1.000E+15 1.000E+15 6.861E+00 4.272E+06 9.046E+07 2.517E+09 2.612E+09 2.612E+09 4.173E+07 50.8413 1.00000
