 Incident particle is a Tau with M = 1776.82000 MeV
 Index = 0: MuscleEquivalentLiquidWithSucrose
      Absorber with <Z/A> = 0.54821
 Sternheimer coef:  a     k=m_s   x_0    x_1    I[eV]   Cbar  delta0
                 0.0948  3.4699  0.2098  2.7550   74.3  3.3910 0.00

 *** Table generated with PUMAS v1.00 ***

      T         p     Ionization  brems     pair     photonuc  Radloss    dE/dx   CSDA Range  delta   beta
    [MeV]    [MeV/c]  -----------------------[MeV cm^2/g]------------------------  [g/cm^2]
  1.000E+05 1.018E+05 2.407E+00 1.399E-04 2.180E-03 8.378E-03 1.070E-02 2.417E+00 2.068E+04  4.7984 0.99985
  1.122E+05 1.140E+05 2.428E+00 1.616E-04 2.633E-03 9.464E-03 1.226E-02 2.440E+00 2.571E+04  5.0099 0.99988
  1.259E+05 1.277E+05 2.448E+00 1.866E-04 3.167E-03 1.063E-02 1.399E-02 2.462E+00 3.129E+04  5.2235 0.99990
  1.413E+05 1.430E+05 2.469E+00 2.154E-04 3.797E-03 1.195E-02 1.596E-02 2.485E+00 3.750E+04  5.4391 0.99992
  1.585E+05 1.603E+05 2.490E+00 2.484E-04 4.537E-03 1.343E-02 1.821E-02 2.508E+00 4.441E+04  5.6566 0.99994
  1.778E+05 1.796E+05 2.510E+00 2.864E-04 5.407E-03 1.508E-02 2.077E-02 2.531E+00 5.208E+04  5.8758 0.99995
  1.995E+05 2.013E+05 2.531E+00 3.301E-04 6.425E-03 1.696E-02 2.371E-02 2.555E+00 6.062E+04  6.0965 0.99996
  2.239E+05 2.256E+05 2.551E+00 3.803E-04 7.616E-03 1.902E-02 2.701E-02 2.578E+00 7.010E+04  6.3187 0.99997
  2.512E+05 2.530E+05 2.572E+00 4.379E-04 9.005E-03 2.132E-02 3.076E-02 2.602E+00 8.065E+04  6.5421 0.99998
  2.818E+05 2.836E+05 2.592E+00 5.040E-04 1.062E-02 2.392E-02 3.505E-02 2.627E+00 9.237E+04  6.7666 0.99998
  3.162E+05 3.180E+05 2.612E+00 5.799E-04 1.250E-02 2.686E-02 3.994E-02 2.652E+00 1.054E+05  6.9921 0.99998
  3.548E+05 3.566E+05 2.632E+00 6.669E-04 1.469E-02 3.016E-02 4.551E-02 2.678E+00 1.199E+05  7.2185 0.99999
  3.981E+05 3.999E+05 2.652E+00 7.667E-04 1.722E-02 3.385E-02 5.183E-02 2.704E+00 1.360E+05  7.4457 0.99999
  4.467E+05 4.485E+05 2.672E+00 8.810E-04 2.015E-02 3.798E-02 5.901E-02 2.731E+00 1.538E+05  7.6735 0.99999
  5.012E+05 5.030E+05 2.692E+00 1.012E-03 2.353E-02 4.263E-02 6.718E-02 2.760E+00 1.737E+05  7.9019 0.99999
  5.623E+05 5.641E+05 2.712E+00 1.162E-03 2.744E-02 4.768E-02 7.628E-02 2.789E+00 1.957E+05  8.1307 1.00000
  6.310E+05 6.327E+05 2.732E+00 1.334E-03 3.195E-02 5.337E-02 8.665E-02 2.819E+00 2.202E+05  8.3598 1.00000
  7.079E+05 7.097E+05 2.752E+00 1.531E-03 3.713E-02 5.979E-02 9.845E-02 2.850E+00 2.474E+05  8.5892 1.00000
  7.943E+05 7.961E+05 2.771E+00 1.756E-03 4.310E-02 6.704E-02 1.119E-01 2.883E+00 2.775E+05  8.8188 1.00000
  8.913E+05 8.930E+05 2.791E+00 2.014E-03 4.995E-02 7.524E-02 1.272E-01 2.918E+00 3.109E+05  9.0486 1.00000
  1.000E+06 1.002E+06 2.810E+00 2.309E-03 5.781E-02 8.451E-02 1.446E-01 2.955E+00 3.480E+05  9.2784 1.00000
  1.122E+06 1.124E+06 2.830E+00 2.646E-03 6.681E-02 9.501E-02 1.645E-01 2.994E+00 3.890E+05  9.5083 1.00000
  1.259E+06 1.261E+06 2.849E+00 3.032E-03 7.712E-02 1.069E-01 1.871E-01 3.036E+00 4.344E+05  9.7382 1.00000
  1.413E+06 1.414E+06 2.868E+00 3.473E-03 8.891E-02 1.204E-01 2.128E-01 3.081E+00 4.846E+05  9.9681 1.00000
  1.585E+06 1.587E+06 2.887E+00 3.977E-03 1.024E-01 1.357E-01 2.420E-01 3.129E+00 5.401E+05 10.1981 1.00000
  1.778E+06 1.780E+06 2.906E+00 4.553E-03 1.177E-01 1.530E-01 2.753E-01 3.181E+00 6.014E+05 10.4281 1.00000
  1.995E+06 1.997E+06 2.925E+00 5.211E-03 1.353E-01 1.727E-01 3.132E-01 3.238E+00 6.690E+05 10.6582 1.00000
  2.239E+06 2.240E+06 2.943E+00 5.963E-03 1.552E-01 1.951E-01 3.563E-01 3.300E+00 7.435E+05 10.8883 1.00000
  2.512E+06 2.514E+06 2.962E+00 6.821E-03 1.779E-01 2.205E-01 4.053E-01 3.367E+00 8.255E+05 11.1183 1.00000
  2.818E+06 2.820E+06 2.980E+00 7.801E-03 2.038E-01 2.494E-01 4.610E-01 3.441E+00 9.155E+05 11.3484 1.00000
  3.162E+06 3.164E+06 2.998E+00 8.920E-03 2.331E-01 2.823E-01 5.243E-01 3.522E+00 1.014E+06 11.5786 1.00000
  3.548E+06 3.550E+06 3.016E+00 1.020E-02 2.665E-01 3.196E-01 5.963E-01 3.612E+00 1.122E+06 11.8087 1.00000
  3.981E+06 3.983E+06 3.034E+00 1.165E-02 3.043E-01 3.621E-01 6.781E-01 3.712E+00 1.241E+06 12.0389 1.00000
  4.467E+06 4.469E+06 3.051E+00 1.331E-02 3.471E-01 4.105E-01 7.710E-01 3.822E+00 1.370E+06 12.2690 1.00000
  5.012E+06 5.014E+06 3.069E+00 1.521E-02 3.957E-01 4.656E-01 8.765E-01 3.945E+00 1.510E+06 12.4992 1.00000
  5.623E+06 5.625E+06 3.086E+00 1.736E-02 4.507E-01 5.284E-01 9.964E-01 4.082E+00 1.662E+06 12.7294 1.00000
  6.310E+06 6.311E+06 3.103E+00 1.982E-02 5.128E-01 5.998E-01 1.133E+00 4.236E+00 1.828E+06 12.9596 1.00000
  7.079E+06 7.081E+06 3.120E+00 2.263E-02 5.832E-01 6.813E-01 1.287E+00 4.407E+00 2.006E+06 13.1898 1.00000
  7.943E+06 7.945E+06 3.137E+00 2.582E-02 6.626E-01 7.740E-01 1.462E+00 4.599E+00 2.198E+06 13.4200 1.00000
  8.913E+06 8.914E+06 3.153E+00 2.945E-02 7.524E-01 8.797E-01 1.662E+00 4.815E+00 2.404E+06 13.6502 1.00000
  1.000E+07 1.000E+07 3.170E+00 3.359E-02 8.538E-01 1.000E+00 1.888E+00 5.057E+00 2.624E+06 13.8804 1.00000
  1.122E+07 1.122E+07 3.186E+00 3.830E-02 9.681E-01 1.138E+00 2.144E+00 5.330E+00 2.859E+06 14.1106 1.00000
  1.259E+07 1.259E+07 3.202E+00 4.365E-02 1.097E+00 1.294E+00 2.435E+00 5.637E+00 3.109E+06 14.3408 1.00000
  1.413E+07 1.413E+07 3.218E+00 4.975E-02 1.243E+00 1.473E+00 2.765E+00 5.983E+00 3.374E+06 14.5711 1.00000
  1.585E+07 1.585E+07 3.234E+00 5.667E-02 1.407E+00 1.677E+00 3.140E+00 6.374E+00 3.653E+06 14.8013 1.00000
  1.778E+07 1.778E+07 3.250E+00 6.455E-02 1.591E+00 1.909E+00 3.565E+00 6.814E+00 3.947E+06 15.0315 1.00000
  1.995E+07 1.995E+07 3.265E+00 7.349E-02 1.799E+00 2.174E+00 4.047E+00 7.312E+00 4.254E+06 15.2618 1.00000
  2.239E+07 2.239E+07 3.281E+00 8.366E-02 2.034E+00 2.476E+00 4.593E+00 7.874E+00 4.575E+06 15.4920 1.00000
  2.512E+07 2.512E+07 3.296E+00 9.520E-02 2.297E+00 2.821E+00 5.214E+00 8.510E+00 4.909E+06 15.7222 1.00000
  2.818E+07 2.819E+07 3.312E+00 1.083E-01 2.594E+00 3.215E+00 5.917E+00 9.229E+00 5.255E+06 15.9525 1.00000
  3.162E+07 3.162E+07 3.327E+00 1.232E-01 2.928E+00 3.664E+00 6.715E+00 1.004E+01 5.613E+06 16.1827 1.00000
  3.548E+07 3.548E+07 3.342E+00 1.401E-01 3.303E+00 4.177E+00 7.620E+00 1.096E+01 5.981E+06 16.4130 1.00000
  3.981E+07 3.981E+07 3.358E+00 1.592E-01 3.725E+00 4.762E+00 8.646E+00 1.200E+01 6.359E+06 16.6432 1.00000
  4.467E+07 4.467E+07 3.373E+00 1.809E-01 4.200E+00 5.430E+00 9.810E+00 1.318E+01 6.745E+06 16.8735 1.00000
  5.012E+07 5.012E+07 3.388E+00 2.055E-01 4.733E+00 6.192E+00 1.113E+01 1.452E+01 7.140E+06 17.1037 1.00000
  5.623E+07 5.624E+07 3.403E+00 2.334E-01 5.333E+00 7.062E+00 1.263E+01 1.603E+01 7.541E+06 17.3340 1.00000
  6.310E+07 6.310E+07 3.419E+00 2.650E-01 6.006E+00 8.056E+00 1.433E+01 1.775E+01 7.948E+06 17.5642 1.00000
  7.079E+07 7.080E+07 3.434E+00 3.008E-01 6.763E+00 9.190E+00 1.625E+01 1.969E+01 8.361E+06 17.7945 1.00000
  7.943E+07 7.943E+07 3.449E+00 3.413E-01 7.613E+00 1.049E+01 1.844E+01 2.189E+01 8.778E+06 18.0247 1.00000
  8.913E+07 8.913E+07 3.464E+00 3.872E-01 8.568E+00 1.196E+01 2.092E+01 2.438E+01 9.198E+06 18.2550 1.00000
  1.000E+08 1.000E+08 3.480E+00 4.391E-01 9.641E+00 1.365E+01 2.373E+01 2.721E+01 9.621E+06 18.4852 1.00000
  1.122E+08 1.122E+08 3.495E+00 4.978E-01 1.085E+01 1.558E+01 2.693E+01 3.042E+01 1.005E+07 18.7155 1.00000
  1.259E+08 1.259E+08 3.510E+00 5.642E-01 1.220E+01 1.779E+01 3.055E+01 3.406E+01 1.047E+07 18.9457 1.00000
  1.413E+08 1.413E+08 3.526E+00 6.392E-01 1.372E+01 2.030E+01 3.466E+01 3.818E+01 1.090E+07 19.1760 1.00000
  1.585E+08 1.585E+08 3.541E+00 7.241E-01 1.542E+01 2.318E+01 3.932E+01 4.286E+01 1.132E+07 19.4063 1.00000
  1.778E+08 1.778E+08 3.557E+00 8.200E-01 1.734E+01 2.646E+01 4.462E+01 4.817E+01 1.175E+07 19.6365 1.00000
  1.995E+08 1.995E+08 3.572E+00 9.283E-01 1.949E+01 3.021E+01 5.063E+01 5.420E+01 1.218E+07 19.8668 1.00000
  2.239E+08 2.239E+08 3.588E+00 1.051E+00 2.190E+01 3.450E+01 5.745E+01 6.103E+01 1.260E+07 20.0970 1.00000
  2.512E+08 2.512E+08 3.604E+00 1.189E+00 2.461E+01 3.939E+01 6.519E+01 6.879E+01 1.302E+07 20.3273 1.00000
  2.818E+08 2.818E+08 3.619E+00 1.345E+00 2.765E+01 4.498E+01 7.398E+01 7.760E+01 1.344E+07 20.5575 1.00000
  3.162E+08 3.162E+08 3.635E+00 1.521E+00 3.106E+01 5.138E+01 8.396E+01 8.759E+01 1.386E+07 20.7878 1.00000
  3.548E+08 3.548E+08 3.651E+00 1.719E+00 3.489E+01 5.868E+01 9.529E+01 9.894E+01 1.428E+07 21.0181 1.00000
  3.981E+08 3.981E+08 3.667E+00 1.943E+00 3.919E+01 6.702E+01 1.082E+02 1.118E+02 1.469E+07 21.2483 1.00000
  4.467E+08 4.467E+08 3.683E+00 2.195E+00 4.401E+01 7.656E+01 1.228E+02 1.265E+02 1.510E+07 21.4786 1.00000
  5.012E+08 5.012E+08 3.699E+00 2.480E+00 4.943E+01 8.746E+01 1.394E+02 1.431E+02 1.550E+07 21.7088 1.00000
  5.623E+08 5.623E+08 3.715E+00 2.801E+00 5.550E+01 9.992E+01 1.582E+02 1.619E+02 1.591E+07 21.9391 1.00000
  6.310E+08 6.310E+08 3.732E+00 3.162E+00 6.232E+01 1.142E+02 1.796E+02 1.834E+02 1.631E+07 22.1693 1.00000
  7.079E+08 7.079E+08 3.748E+00 3.569E+00 6.997E+01 1.304E+02 2.040E+02 2.077E+02 1.670E+07 22.3996 1.00000
  7.943E+08 7.943E+08 3.765E+00 4.028E+00 7.856E+01 1.490E+02 2.316E+02 2.354E+02 1.709E+07 22.6299 1.00000
  8.913E+08 8.913E+08 3.781E+00 4.544E+00 8.819E+01 1.703E+02 2.630E+02 2.668E+02 1.748E+07 22.8601 1.00000
  1.000E+09 1.000E+09 3.798E+00 5.126E+00 9.900E+01 1.946E+02 2.987E+02 3.025E+02 1.786E+07 23.0904 1.00000
  1.122E+09 1.122E+09 3.814E+00 5.780E+00 1.111E+02 2.224E+02 3.393E+02 3.431E+02 1.824E+07 23.3206 1.00000
  1.259E+09 1.259E+09 3.831E+00 6.517E+00 1.247E+02 2.542E+02 3.855E+02 3.893E+02 1.862E+07 23.5509 1.00000
  1.413E+09 1.413E+09 3.848E+00 7.346E+00 1.400E+02 2.905E+02 4.379E+02 4.417E+02 1.899E+07 23.7811 1.00000
  1.585E+09 1.585E+09 3.865E+00 8.279E+00 1.572E+02 3.321E+02 4.975E+02 5.014E+02 1.936E+07 24.0114 1.00000
  1.778E+09 1.778E+09 3.882E+00 9.328E+00 1.764E+02 3.796E+02 5.653E+02 5.692E+02 1.972E+07 24.2417 1.00000
  1.995E+09 1.995E+09 3.899E+00 1.051E+01 1.980E+02 4.339E+02 6.424E+02 6.463E+02 2.008E+07 24.4719 1.00000
  2.239E+09 2.239E+09 3.917E+00 1.184E+01 2.222E+02 4.961E+02 7.301E+02 7.340E+02 2.043E+07 24.7022 1.00000
  2.512E+09 2.512E+09 3.934E+00 1.333E+01 2.494E+02 5.671E+02 8.298E+02 8.337E+02 2.078E+07 24.9324 1.00000
  2.818E+09 2.818E+09 3.951E+00 1.500E+01 2.798E+02 6.484E+02 9.433E+02 9.472E+02 2.113E+07 25.1627 1.00000
  3.162E+09 3.162E+09 3.969E+00 1.689E+01 3.141E+02 7.414E+02 1.072E+03 1.076E+03 2.147E+07 25.3930 1.00000
  3.548E+09 3.548E+09 3.987E+00 1.901E+01 3.524E+02 8.477E+02 1.219E+03 1.223E+03 2.181E+07 25.6232 1.00000
  3.981E+09 3.981E+09 4.004E+00 2.139E+01 3.955E+02 9.694E+02 1.386E+03 1.390E+03 2.214E+07 25.8535 1.00000
  4.467E+09 4.467E+09 4.022E+00 2.407E+01 4.438E+02 1.109E+03 1.576E+03 1.580E+03 2.247E+07 26.0837 1.00000
  5.012E+09 5.012E+09 4.040E+00 2.708E+01 4.980E+02 1.268E+03 1.793E+03 1.797E+03 2.279E+07 26.3140 1.00000
  5.623E+09 5.623E+09 4.058E+00 3.045E+01 5.589E+02 1.450E+03 2.039E+03 2.043E+03 2.311E+07 26.5442 1.00000
  6.310E+09 6.310E+09 4.076E+00 3.425E+01 6.271E+02 1.658E+03 2.320E+03 2.324E+03 2.343E+07 26.7745 1.00000
  7.079E+09 7.079E+09 4.095E+00 3.851E+01 7.037E+02 1.897E+03 2.639E+03 2.643E+03 2.374E+07 27.0048 1.00000
  7.943E+09 7.943E+09 4.113E+00 4.330E+01 7.897E+02 2.170E+03 3.003E+03 3.007E+03 2.404E+07 27.2350 1.00000
  8.913E+09 8.913E+09 4.131E+00 4.868E+01 8.861E+02 2.482E+03 3.417E+03 3.421E+03 2.435E+07 27.4653 1.00000
  1.000E+10 1.000E+10 4.150E+00 5.471E+01 9.943E+02 2.839E+03 3.888E+03 3.893E+03 2.465E+07 27.6955 1.00000
  1.122E+10 1.122E+10 4.169E+00 6.150E+01 1.116E+03 3.248E+03 4.426E+03 4.430E+03 2.494E+07 27.9258 1.00000
  1.259E+10 1.259E+10 4.187E+00 6.911E+01 1.252E+03 3.717E+03 5.037E+03 5.042E+03 2.523E+07 28.1561 1.00000
  1.413E+10 1.413E+10 4.206E+00 7.766E+01 1.405E+03 4.252E+03 5.735E+03 5.739E+03 2.552E+07 28.3863 1.00000
  1.585E+10 1.585E+10 4.225E+00 8.725E+01 1.576E+03 4.866E+03 6.529E+03 6.533E+03 2.580E+07 28.6166 1.00000
  1.778E+10 1.778E+10 4.244E+00 9.803E+01 1.768E+03 5.568E+03 7.434E+03 7.438E+03 2.608E+07 28.8468 1.00000
  1.995E+10 1.995E+10 4.263E+00 1.101E+02 1.984E+03 6.371E+03 8.466E+03 8.470E+03 2.635E+07 29.0771 1.00000
  2.239E+10 2.239E+10 4.283E+00 1.237E+02 2.226E+03 7.291E+03 9.642E+03 9.646E+03 2.662E+07 29.3074 1.00000
  2.512E+10 2.512E+10 4.302E+00 1.389E+02 2.498E+03 8.345E+03 1.098E+04 1.099E+04 2.689E+07 29.5376 1.00000
  2.818E+10 2.818E+10 4.322E+00 1.561E+02 2.803E+03 9.551E+03 1.251E+04 1.251E+04 2.715E+07 29.7679 1.00000
  3.162E+10 3.162E+10 4.341E+00 1.753E+02 3.145E+03 1.093E+04 1.425E+04 1.426E+04 2.741E+07 29.9981 1.00000
  3.548E+10 3.548E+10 4.361E+00 1.968E+02 3.529E+03 1.251E+04 1.624E+04 1.624E+04 2.766E+07 30.2284 1.00000
  3.981E+10 3.981E+10 4.381E+00 2.210E+02 3.959E+03 1.432E+04 1.850E+04 1.851E+04 2.791E+07 30.4586 1.00000
  4.467E+10 4.467E+10 4.401E+00 2.481E+02 4.442E+03 1.640E+04 2.109E+04 2.109E+04 2.816E+07 30.6889 1.00000
  5.012E+10 5.012E+10 4.421E+00 2.786E+02 4.984E+03 1.877E+04 2.404E+04 2.404E+04 2.840E+07 30.9192 1.00000
  5.623E+10 5.623E+10 4.441E+00 3.128E+02 5.593E+03 2.149E+04 2.740E+04 2.740E+04 2.864E+07 31.1494 1.00000
  6.310E+10 6.310E+10 4.461E+00 3.512E+02 6.275E+03 2.461E+04 3.123E+04 3.124E+04 2.887E+07 31.3797 1.00000
  7.079E+10 7.079E+10 4.482E+00 3.943E+02 7.041E+03 2.818E+04 3.561E+04 3.561E+04 2.910E+07 31.6099 1.00000
  7.943E+10 7.943E+10 4.502E+00 4.426E+02 7.900E+03 3.226E+04 4.060E+04 4.061E+04 2.933E+07 31.8402 1.00000
  8.913E+10 8.913E+10 4.523E+00 4.968E+02 8.863E+03 3.694E+04 4.631E+04 4.631E+04 2.956E+07 32.0705 1.00000
  1.000E+11 1.000E+11 4.544E+00 5.577E+02 9.945E+03 4.231E+04 5.281E+04 5.282E+04 2.978E+07 32.3007 1.00000
  1.122E+11 1.122E+11 4.565E+00 6.260E+02 1.116E+04 4.845E+04 6.024E+04 6.024E+04 2.999E+07 32.5310 1.00000
  1.259E+11 1.259E+11 4.586E+00 7.026E+02 1.252E+04 5.549E+04 6.872E+04 6.872E+04 3.021E+07 32.7612 1.00000
  1.413E+11 1.413E+11 4.607E+00 7.886E+02 1.405E+04 6.356E+04 7.840E+04 7.840E+04 3.042E+07 32.9915 1.00000
  1.585E+11 1.585E+11 4.628E+00 8.851E+02 1.576E+04 7.280E+04 8.945E+04 8.945E+04 3.062E+07 33.2217 1.00000
  1.778E+11 1.778E+11 4.649E+00 9.934E+02 1.768E+04 8.340E+04 1.021E+05 1.021E+05 3.083E+07 33.4520 1.00000
  1.995E+11 1.995E+11 4.671E+00 1.115E+03 1.984E+04 9.553E+04 1.165E+05 1.165E+05 3.102E+07 33.6823 1.00000
  2.239E+11 2.239E+11 4.693E+00 1.251E+03 2.226E+04 1.094E+05 1.330E+05 1.330E+05 3.122E+07 33.9125 1.00000
  2.512E+11 2.512E+11 4.714E+00 1.404E+03 2.498E+04 1.254E+05 1.518E+05 1.518E+05 3.141E+07 34.1428 1.00000
  2.818E+11 2.818E+11 4.736E+00 1.576E+03 2.802E+04 1.437E+05 1.733E+05 1.733E+05 3.160E+07 34.3730 1.00000
  3.162E+11 3.162E+11 4.758E+00 1.768E+03 3.144E+04 1.646E+05 1.978E+05 1.978E+05 3.179E+07 34.6033 1.00000
  3.548E+11 3.548E+11 4.780E+00 1.985E+03 3.528E+04 1.886E+05 2.259E+05 2.259E+05 3.197E+07 34.8336 1.00000
  3.981E+11 3.981E+11 4.802E+00 2.227E+03 3.958E+04 2.161E+05 2.579E+05 2.579E+05 3.215E+07 35.0638 1.00000
  4.467E+11 4.467E+11 4.825E+00 2.499E+03 4.441E+04 2.477E+05 2.946E+05 2.946E+05 3.233E+07 35.2941 1.00000
  5.012E+11 5.012E+11 4.847E+00 2.804E+03 4.982E+04 2.838E+05 3.365E+05 3.365E+05 3.250E+07 35.5243 1.00000
  5.623E+11 5.623E+11 4.870E+00 3.147E+03 5.590E+04 3.253E+05 3.843E+05 3.843E+05 3.267E+07 35.7546 1.00000
  6.310E+11 6.310E+11 4.893E+00 3.531E+03 6.272E+04 3.728E+05 4.391E+05 4.391E+05 3.284E+07 35.9848 1.00000
  7.079E+11 7.079E+11 4.915E+00 3.963E+03 7.037E+04 4.273E+05 5.017E+05 5.017E+05 3.300E+07 36.2151 1.00000
  7.943E+11 7.943E+11 4.938E+00 4.446E+03 7.895E+04 4.898E+05 5.732E+05 5.732E+05 3.317E+07 36.4454 1.00000
  8.913E+11 8.913E+11 4.961E+00 4.989E+03 8.858E+04 5.615E+05 6.551E+05 6.551E+05 3.332E+07 36.6756 1.00000
  1.000E+12 1.000E+12 4.985E+00 5.599E+03 9.939E+04 6.437E+05 7.487E+05 7.487E+05 3.348E+07 36.9059 1.00000
  1.122E+12 1.122E+12 5.008E+00 6.282E+03 1.115E+05 7.379E+05 8.557E+05 8.557E+05 3.363E+07 37.1361 1.00000
  1.259E+12 1.259E+12 5.032E+00 7.049E+03 1.251E+05 8.460E+05 9.782E+05 9.782E+05 3.378E+07 37.3664 1.00000
  1.413E+12 1.413E+12 5.055E+00 7.910E+03 1.404E+05 9.700E+05 1.118E+06 1.118E+06 3.393E+07 37.5967 1.00000
  1.585E+12 1.585E+12 5.079E+00 8.875E+03 1.575E+05 1.112E+06 1.279E+06 1.279E+06 3.407E+07 37.8269 1.00000
  1.778E+12 1.778E+12 5.103E+00 9.959E+03 1.767E+05 1.275E+06 1.462E+06 1.462E+06 3.422E+07 38.0572 1.00000
  1.995E+12 1.995E+12 5.127E+00 1.117E+04 1.983E+05 1.462E+06 1.672E+06 1.672E+06 3.436E+07 38.2874 1.00000
  2.239E+12 2.239E+12 5.151E+00 1.254E+04 2.224E+05 1.677E+06 1.912E+06 1.912E+06 3.449E+07 38.5177 1.00000
  2.512E+12 2.512E+12 5.175E+00 1.407E+04 2.496E+05 1.923E+06 2.187E+06 2.187E+06 3.463E+07 38.7479 1.00000
  2.818E+12 2.818E+12 5.200E+00 1.579E+04 2.800E+05 2.206E+06 2.502E+06 2.502E+06 3.476E+07 38.9782 1.00000
  3.162E+12 3.162E+12 5.224E+00 1.771E+04 3.142E+05 2.530E+06 2.862E+06 2.862E+06 3.489E+07 39.2085 1.00000
  3.548E+12 3.548E+12 5.249E+00 1.987E+04 3.525E+05 2.902E+06 3.274E+06 3.274E+06 3.501E+07 39.4387 1.00000
  3.981E+12 3.981E+12 5.274E+00 2.230E+04 3.955E+05 3.329E+06 3.747E+06 3.747E+06 3.514E+07 39.6690 1.00000
  4.467E+12 4.467E+12 5.299E+00 2.502E+04 4.437E+05 3.819E+06 4.287E+06 4.287E+06 3.526E+07 39.8992 1.00000
  5.012E+12 5.012E+12 5.324E+00 2.807E+04 4.978E+05 4.381E+06 4.906E+06 4.906E+06 3.538E+07 40.1295 1.00000
  5.623E+12 5.623E+12 5.349E+00 3.150E+04 5.586E+05 5.025E+06 5.616E+06 5.616E+06 3.549E+07 40.3598 1.00000
  6.310E+12 6.310E+12 5.374E+00 3.534E+04 6.267E+05 5.766E+06 6.428E+06 6.428E+06 3.561E+07 40.5900 1.00000
  7.079E+12 7.079E+12 5.400E+00 3.966E+04 7.031E+05 6.615E+06 7.358E+06 7.358E+06 3.572E+07 40.8203 1.00000
  7.943E+12 7.943E+12 5.425E+00 4.450E+04 7.889E+05 7.590E+06 8.424E+06 8.424E+06 3.583E+07 41.0505 1.00000
  8.913E+12 8.913E+12 5.451E+00 4.993E+04 8.851E+05 8.710E+06 9.645E+06 9.645E+06 3.594E+07 41.2808 1.00000
  1.000E+13 1.000E+13 5.477E+00 5.602E+04 9.930E+05 9.995E+06 1.104E+07 1.104E+07 3.604E+07 41.5111 1.00000
  1.122E+13 1.122E+13 5.503E+00 6.285E+04 1.114E+06 1.147E+07 1.265E+07 1.265E+07 3.615E+07 41.7413 1.00000
  1.259E+13 1.259E+13 5.529E+00 7.052E+04 1.250E+06 1.316E+07 1.448E+07 1.448E+07 3.625E+07 41.9716 1.00000
  1.413E+13 1.413E+13 5.556E+00 7.913E+04 1.403E+06 1.511E+07 1.659E+07 1.659E+07 3.635E+07 42.2018 1.00000
  1.585E+13 1.585E+13 5.582E+00 8.879E+04 1.574E+06 1.734E+07 1.900E+07 1.900E+07 3.644E+07 42.4321 1.00000
  1.778E+13 1.778E+13 5.609E+00 9.962E+04 1.765E+06 1.990E+07 2.177E+07 2.177E+07 3.654E+07 42.6623 1.00000
  1.995E+13 1.995E+13 5.636E+00 1.118E+05 1.981E+06 2.284E+07 2.494E+07 2.494E+07 3.663E+07 42.8926 1.00000
  2.239E+13 2.239E+13 5.663E+00 1.254E+05 2.222E+06 2.622E+07 2.857E+07 2.857E+07 3.672E+07 43.1229 1.00000
  2.512E+13 2.512E+13 5.690E+00 1.407E+05 2.493E+06 3.010E+07 3.274E+07 3.274E+07 3.681E+07 43.3531 1.00000
  2.818E+13 2.818E+13 5.717E+00 1.579E+05 2.797E+06 3.456E+07 3.751E+07 3.751E+07 3.690E+07 43.5834 1.00000
  3.162E+13 3.162E+13 5.744E+00 1.772E+05 3.139E+06 3.967E+07 4.299E+07 4.299E+07 3.699E+07 43.8136 1.00000
  3.548E+13 3.548E+13 5.772E+00 1.988E+05 3.521E+06 4.555E+07 4.927E+07 4.927E+07 3.707E+07 44.0439 1.00000
  3.981E+13 3.981E+13 5.799E+00 2.230E+05 3.951E+06 5.230E+07 5.648E+07 5.648E+07 3.715E+07 44.2742 1.00000
  4.467E+13 4.467E+13 5.827E+00 2.502E+05 4.433E+06 6.005E+07 6.474E+07 6.474E+07 3.723E+07 44.5044 1.00000
  5.012E+13 5.012E+13 5.855E+00 2.808E+05 4.973E+06 6.896E+07 7.421E+07 7.421E+07 3.731E+07 44.7347 1.00000
  5.623E+13 5.623E+13 5.883E+00 3.150E+05 5.580E+06 7.919E+07 8.508E+07 8.508E+07 3.739E+07 44.9649 1.00000
  6.310E+13 6.310E+13 5.912E+00 3.535E+05 6.260E+06 9.094E+07 9.756E+07 9.756E+07 3.747E+07 45.1952 1.00000
  7.079E+13 7.079E+13 5.940E+00 3.966E+05 7.024E+06 1.044E+08 1.119E+08 1.119E+08 3.754E+07 45.4254 1.00000
  7.943E+13 7.943E+13 5.969E+00 4.450E+05 7.880E+06 1.200E+08 1.283E+08 1.283E+08 3.761E+07 45.6557 1.00000
  8.913E+13 8.913E+13 5.997E+00 4.993E+05 8.841E+06 1.378E+08 1.471E+08 1.471E+08 3.768E+07 45.8860 1.00000
  1.000E+14 1.000E+14 6.026E+00 5.602E+05 9.920E+06 1.582E+08 1.687E+08 1.687E+08 3.775E+07 46.1162 1.00000
  1.122E+14 1.122E+14 6.055E+00 6.286E+05 1.113E+07 1.818E+08 1.935E+08 1.935E+08 3.782E+07 46.3465 1.00000
  1.259E+14 1.259E+14 6.084E+00 7.053E+05 1.249E+07 2.088E+08 2.220E+08 2.220E+08 3.789E+07 46.5767 1.00000
  1.413E+14 1.413E+14 6.114E+00 7.913E+05 1.401E+07 2.399E+08 2.547E+08 2.547E+08 3.795E+07 46.8070 1.00000
  1.585E+14 1.585E+14 6.143E+00 8.879E+05 1.572E+07 2.756E+08 2.922E+08 2.922E+08 3.801E+07 47.0373 1.00000
  1.778E+14 1.778E+14 6.173E+00 9.962E+05 1.763E+07 3.166E+08 3.352E+08 3.352E+08 3.808E+07 47.2675 1.00000
  1.995E+14 1.995E+14 6.202E+00 1.118E+06 1.978E+07 3.637E+08 3.846E+08 3.846E+08 3.814E+07 47.4978 1.00000
  2.239E+14 2.239E+14 6.232E+00 1.254E+06 2.220E+07 4.179E+08 4.414E+08 4.414E+08 3.820E+07 47.7280 1.00000
  2.512E+14 2.512E+14 6.263E+00 1.407E+06 2.490E+07 4.802E+08 5.065E+08 5.065E+08 3.825E+07 47.9583 1.00000
  2.818E+14 2.818E+14 6.293E+00 1.579E+06 2.794E+07 5.518E+08 5.813E+08 5.813E+08 3.831E+07 48.1885 1.00000
  3.162E+14 3.162E+14 6.323E+00 1.772E+06 3.135E+07 6.341E+08 6.672E+08 6.672E+08 3.837E+07 48.4188 1.00000
  3.548E+14 3.548E+14 6.354E+00 1.988E+06 3.517E+07 7.287E+08 7.658E+08 7.658E+08 3.842E+07 48.6491 1.00000
  3.981E+14 3.981E+14 6.385E+00 2.230E+06 3.946E+07 8.374E+08 8.791E+08 8.791E+08 3.847E+07 48.8793 1.00000
  4.467E+14 4.467E+14 6.415E+00 2.502E+06 4.427E+07 9.624E+08 1.009E+09 1.009E+09 3.852E+07 49.1096 1.00000
  5.012E+14 5.012E+14 6.446E+00 2.808E+06 4.967E+07 1.106E+09 1.159E+09 1.159E+09 3.857E+07 49.3398 1.00000
  5.623E+14 5.623E+14 6.478E+00 3.150E+06 5.573E+07 1.271E+09 1.330E+09 1.330E+09 3.862E+07 49.5701 1.00000
  6.310E+14 6.310E+14 6.509E+00 3.535E+06 6.252E+07 1.461E+09 1.527E+09 1.527E+09 3.867E+07 49.8004 1.00000
  7.079E+14 7.079E+14 6.541E+00 3.966E+06 7.015E+07 1.680E+09 1.754E+09 1.754E+09 3.872E+07 50.0306 1.00000
  7.943E+14 7.943E+14 6.572E+00 4.450E+06 7.870E+07 1.931E+09 2.014E+09 2.014E+09 3.877E+07 50.2609 1.00000
  8.913E+14 8.913E+14 6.604E+00 4.993E+06 8.830E+07 2.220E+09 2.313E+09 2.313E+09 3.881E+07 50.4911 1.00000
  1.000E+15 1.000E+15 6.636E+00 5.602E+06 9.906E+07 2.552E+09 2.657E+09 2.657E+09 3.885E+07 50.7214 1.00000
