 Incident particle is a Tau with M = 1776.82000 MeV
 Index = 0: NPentane
      Absorber with <Z/A> = 0.58200
 Sternheimer coef:  a     k=m_s   x_0    x_1    I[eV]   Cbar  delta0
                 0.1081  3.5265  0.2086  2.5855   53.6  3.2504 0.00

 *** Table generated with PUMAS v1.00 ***

      T         p     Ionization  brems     pair     photonuc  Radloss    dE/dx   CSDA Range  delta   beta
    [MeV]    [MeV/c]  -----------------------[MeV cm^2/g]------------------------  [g/cm^2]
  1.000E+05 1.018E+05 2.604E+00 1.081E-04 1.683E-03 8.501E-03 1.029E-02 2.615E+00 1.912E+04  4.9007 0.99985
  1.122E+05 1.140E+05 2.626E+00 1.248E-04 2.039E-03 9.612E-03 1.178E-02 2.638E+00 2.377E+04  5.1164 0.99988
  1.259E+05 1.277E+05 2.648E+00 1.440E-04 2.460E-03 1.081E-02 1.341E-02 2.661E+00 2.894E+04  5.3341 0.99990
  1.413E+05 1.430E+05 2.669E+00 1.662E-04 2.957E-03 1.216E-02 1.528E-02 2.685E+00 3.468E+04  5.5536 0.99992
  1.585E+05 1.603E+05 2.691E+00 1.916E-04 3.541E-03 1.367E-02 1.741E-02 2.708E+00 4.108E+04  5.7747 0.99994
  1.778E+05 1.796E+05 2.713E+00 2.209E-04 4.228E-03 1.537E-02 1.982E-02 2.732E+00 4.818E+04  5.9973 0.99995
  1.995E+05 2.013E+05 2.734E+00 2.545E-04 5.033E-03 1.730E-02 2.259E-02 2.757E+00 5.609E+04  6.2211 0.99996
  2.239E+05 2.256E+05 2.756E+00 2.932E-04 5.976E-03 1.942E-02 2.568E-02 2.781E+00 6.488E+04  6.4461 0.99997
  2.512E+05 2.530E+05 2.777E+00 3.375E-04 7.076E-03 2.179E-02 2.920E-02 2.806E+00 7.466E+04  6.6720 0.99998
  2.818E+05 2.836E+05 2.798E+00 3.884E-04 8.359E-03 2.447E-02 3.321E-02 2.832E+00 8.553E+04  6.8988 0.99998
  3.162E+05 3.180E+05 2.820E+00 4.468E-04 9.852E-03 2.750E-02 3.780E-02 2.857E+00 9.762E+04  7.1263 0.99998
  3.548E+05 3.566E+05 2.841E+00 5.138E-04 1.159E-02 3.090E-02 4.300E-02 2.884E+00 1.111E+05  7.3544 0.99999
  3.981E+05 3.999E+05 2.862E+00 5.907E-04 1.360E-02 3.470E-02 4.889E-02 2.911E+00 1.260E+05  7.5829 0.99999
  4.467E+05 4.485E+05 2.883E+00 6.788E-04 1.593E-02 3.897E-02 5.558E-02 2.939E+00 1.426E+05  7.8118 0.99999
  5.012E+05 5.030E+05 2.904E+00 7.798E-04 1.863E-02 4.378E-02 6.319E-02 2.968E+00 1.611E+05  8.0411 0.99999
  5.623E+05 5.641E+05 2.925E+00 8.955E-04 2.174E-02 4.900E-02 7.164E-02 2.997E+00 1.816E+05  8.2705 1.00000
  6.310E+05 6.327E+05 2.946E+00 1.028E-03 2.533E-02 5.489E-02 8.125E-02 3.028E+00 2.044E+05  8.5000 1.00000
  7.079E+05 7.097E+05 2.967E+00 1.180E-03 2.947E-02 6.153E-02 9.219E-02 3.059E+00 2.297E+05  8.7297 1.00000
  7.943E+05 7.961E+05 2.988E+00 1.354E-03 3.424E-02 6.904E-02 1.046E-01 3.093E+00 2.577E+05  8.9594 1.00000
  8.913E+05 8.930E+05 3.009E+00 1.553E-03 3.972E-02 7.754E-02 1.188E-01 3.128E+00 2.889E+05  9.1892 1.00000
  1.000E+06 1.002E+06 3.029E+00 1.781E-03 4.601E-02 8.715E-02 1.349E-01 3.164E+00 3.235E+05  9.4190 1.00000
  1.122E+06 1.124E+06 3.050E+00 2.042E-03 5.322E-02 9.804E-02 1.533E-01 3.203E+00 3.618E+05  9.6489 1.00000
  1.259E+06 1.261E+06 3.070E+00 2.340E-03 6.148E-02 1.104E-01 1.742E-01 3.245E+00 4.043E+05  9.8788 1.00000
  1.413E+06 1.414E+06 3.091E+00 2.681E-03 7.094E-02 1.244E-01 1.980E-01 3.289E+00 4.513E+05 10.1087 1.00000
  1.585E+06 1.587E+06 3.111E+00 3.072E-03 8.175E-02 1.402E-01 2.250E-01 3.336E+00 5.033E+05 10.3387 1.00000
  1.778E+06 1.780E+06 3.131E+00 3.518E-03 9.410E-02 1.582E-01 2.558E-01 3.387E+00 5.609E+05 10.5687 1.00000
  1.995E+06 1.997E+06 3.151E+00 4.029E-03 1.082E-01 1.787E-01 2.909E-01 3.442E+00 6.244E+05 10.7988 1.00000
  2.239E+06 2.240E+06 3.171E+00 4.613E-03 1.243E-01 2.019E-01 3.308E-01 3.501E+00 6.946E+05 11.0289 1.00000
  2.512E+06 2.514E+06 3.190E+00 5.280E-03 1.425E-01 2.283E-01 3.761E-01 3.566E+00 7.719E+05 11.2589 1.00000
  2.818E+06 2.820E+06 3.210E+00 6.042E-03 1.634E-01 2.583E-01 4.277E-01 3.637E+00 8.570E+05 11.4890 1.00000
  3.162E+06 3.164E+06 3.229E+00 6.912E-03 1.870E-01 2.924E-01 4.864E-01 3.715E+00 9.505E+05 11.7192 1.00000
  3.548E+06 3.550E+06 3.248E+00 7.907E-03 2.139E-01 3.313E-01 5.531E-01 3.801E+00 1.053E+06 11.9493 1.00000
  3.981E+06 3.983E+06 3.267E+00 9.042E-03 2.445E-01 3.754E-01 6.290E-01 3.896E+00 1.166E+06 12.1795 1.00000
  4.467E+06 4.469E+06 3.285E+00 1.034E-02 2.791E-01 4.257E-01 7.152E-01 4.001E+00 1.289E+06 12.4096 1.00000
  5.012E+06 5.014E+06 3.304E+00 1.182E-02 3.184E-01 4.830E-01 8.132E-01 4.117E+00 1.423E+06 12.6398 1.00000
  5.623E+06 5.625E+06 3.322E+00 1.350E-02 3.629E-01 5.482E-01 9.246E-01 4.247E+00 1.569E+06 12.8700 1.00000
  6.310E+06 6.311E+06 3.340E+00 1.543E-02 4.132E-01 6.225E-01 1.051E+00 4.391E+00 1.728E+06 13.1002 1.00000
  7.079E+06 7.081E+06 3.358E+00 1.762E-02 4.702E-01 7.071E-01 1.195E+00 4.553E+00 1.900E+06 13.3304 1.00000
  7.943E+06 7.945E+06 3.376E+00 2.013E-02 5.347E-01 8.035E-01 1.358E+00 4.734E+00 2.087E+06 13.5606 1.00000
  8.913E+06 8.914E+06 3.393E+00 2.298E-02 6.075E-01 9.134E-01 1.544E+00 4.937E+00 2.287E+06 13.7908 1.00000
  1.000E+07 1.000E+07 3.411E+00 2.623E-02 6.898E-01 1.039E+00 1.755E+00 5.166E+00 2.503E+06 14.0210 1.00000
  1.122E+07 1.122E+07 3.428E+00 2.993E-02 7.827E-01 1.181E+00 1.994E+00 5.422E+00 2.733E+06 14.2512 1.00000
  1.259E+07 1.259E+07 3.445E+00 3.414E-02 8.875E-01 1.344E+00 2.266E+00 5.711E+00 2.979E+06 14.4814 1.00000
  1.413E+07 1.413E+07 3.462E+00 3.894E-02 1.006E+00 1.530E+00 2.575E+00 6.037E+00 3.241E+06 14.7117 1.00000
  1.585E+07 1.585E+07 3.479E+00 4.440E-02 1.139E+00 1.742E+00 2.925E+00 6.404E+00 3.518E+06 14.9419 1.00000
  1.778E+07 1.778E+07 3.496E+00 5.061E-02 1.289E+00 1.983E+00 3.323E+00 6.819E+00 3.811E+06 15.1721 1.00000
  1.995E+07 1.995E+07 3.512E+00 5.767E-02 1.459E+00 2.259E+00 3.775E+00 7.288E+00 4.119E+06 15.4024 1.00000
  2.239E+07 2.239E+07 3.529E+00 6.570E-02 1.649E+00 2.573E+00 4.288E+00 7.817E+00 4.442E+06 15.6326 1.00000
  2.512E+07 2.512E+07 3.545E+00 7.483E-02 1.864E+00 2.932E+00 4.871E+00 8.416E+00 4.779E+06 15.8628 1.00000
  2.818E+07 2.819E+07 3.562E+00 8.520E-02 2.106E+00 3.341E+00 5.532E+00 9.094E+00 5.129E+06 16.0931 1.00000
  3.162E+07 3.162E+07 3.578E+00 9.698E-02 2.378E+00 3.808E+00 6.283E+00 9.861E+00 5.493E+06 16.3233 1.00000
  3.548E+07 3.548E+07 3.594E+00 1.103E-01 2.684E+00 4.341E+00 7.136E+00 1.073E+01 5.868E+06 16.5536 1.00000
  3.981E+07 3.981E+07 3.610E+00 1.255E-01 3.028E+00 4.949E+00 8.103E+00 1.171E+01 6.255E+06 16.7838 1.00000
  4.467E+07 4.467E+07 3.627E+00 1.428E-01 3.416E+00 5.644E+00 9.202E+00 1.283E+01 6.652E+06 17.0141 1.00000
  5.012E+07 5.012E+07 3.643E+00 1.623E-01 3.851E+00 6.437E+00 1.045E+01 1.409E+01 7.057E+06 17.2443 1.00000
  5.623E+07 5.624E+07 3.659E+00 1.845E-01 4.340E+00 7.342E+00 1.187E+01 1.553E+01 7.471E+06 17.4746 1.00000
  6.310E+07 6.310E+07 3.675E+00 2.096E-01 4.890E+00 8.375E+00 1.347E+01 1.715E+01 7.892E+06 17.7048 1.00000
  7.079E+07 7.080E+07 3.691E+00 2.381E-01 5.508E+00 9.554E+00 1.530E+01 1.899E+01 8.319E+06 17.9351 1.00000
  7.943E+07 7.943E+07 3.707E+00 2.704E-01 6.202E+00 1.090E+01 1.737E+01 2.108E+01 8.752E+06 18.1653 1.00000
  8.913E+07 8.913E+07 3.724E+00 3.070E-01 6.982E+00 1.244E+01 1.973E+01 2.345E+01 9.188E+06 18.3956 1.00000
  1.000E+08 1.000E+08 3.740E+00 3.484E-01 7.858E+00 1.420E+01 2.240E+01 2.614E+01 9.628E+06 18.6258 1.00000
  1.122E+08 1.122E+08 3.756E+00 3.953E-01 8.843E+00 1.620E+01 2.544E+01 2.920E+01 1.007E+07 18.8561 1.00000
  1.259E+08 1.259E+08 3.772E+00 4.483E-01 9.948E+00 1.849E+01 2.889E+01 3.266E+01 1.051E+07 19.0863 1.00000
  1.413E+08 1.413E+08 3.789E+00 5.084E-01 1.119E+01 2.111E+01 3.281E+01 3.659E+01 1.096E+07 19.3166 1.00000
  1.585E+08 1.585E+08 3.805E+00 5.763E-01 1.258E+01 2.410E+01 3.726E+01 4.106E+01 1.140E+07 19.5469 1.00000
  1.778E+08 1.778E+08 3.822E+00 6.531E-01 1.415E+01 2.751E+01 4.231E+01 4.613E+01 1.185E+07 19.7771 1.00000
  1.995E+08 1.995E+08 3.838E+00 7.399E-01 1.590E+01 3.141E+01 4.805E+01 5.189E+01 1.229E+07 20.0074 1.00000
  2.239E+08 2.239E+08 3.855E+00 8.380E-01 1.787E+01 3.587E+01 5.458E+01 5.844E+01 1.274E+07 20.2376 1.00000
  2.512E+08 2.512E+08 3.872E+00 9.489E-01 2.009E+01 4.096E+01 6.199E+01 6.587E+01 1.318E+07 20.4679 1.00000
  2.818E+08 2.818E+08 3.888E+00 1.074E+00 2.257E+01 4.677E+01 7.042E+01 7.431E+01 1.362E+07 20.6981 1.00000
  3.162E+08 3.162E+08 3.905E+00 1.215E+00 2.536E+01 5.342E+01 8.000E+01 8.390E+01 1.405E+07 20.9284 1.00000
  3.548E+08 3.548E+08 3.922E+00 1.375E+00 2.849E+01 6.101E+01 9.088E+01 9.480E+01 1.449E+07 21.1587 1.00000
  3.981E+08 3.981E+08 3.939E+00 1.555E+00 3.200E+01 6.969E+01 1.033E+02 1.072E+02 1.492E+07 21.3889 1.00000
  4.467E+08 4.467E+08 3.956E+00 1.758E+00 3.595E+01 7.961E+01 1.173E+02 1.213E+02 1.534E+07 21.6192 1.00000
  5.012E+08 5.012E+08 3.973E+00 1.987E+00 4.037E+01 9.094E+01 1.333E+02 1.373E+02 1.577E+07 21.8494 1.00000
  5.623E+08 5.623E+08 3.990E+00 2.246E+00 4.534E+01 1.039E+02 1.515E+02 1.555E+02 1.619E+07 22.0797 1.00000
  6.310E+08 6.310E+08 4.008E+00 2.537E+00 5.091E+01 1.187E+02 1.721E+02 1.762E+02 1.660E+07 22.3099 1.00000
  7.079E+08 7.079E+08 4.025E+00 2.866E+00 5.717E+01 1.356E+02 1.957E+02 1.997E+02 1.701E+07 22.5402 1.00000
  7.943E+08 7.943E+08 4.042E+00 3.236E+00 6.419E+01 1.550E+02 2.224E+02 2.264E+02 1.742E+07 22.7705 1.00000
  8.913E+08 8.913E+08 4.060E+00 3.653E+00 7.206E+01 1.771E+02 2.528E+02 2.569E+02 1.782E+07 23.0007 1.00000
  1.000E+09 1.000E+09 4.078E+00 4.123E+00 8.090E+01 2.024E+02 2.874E+02 2.915E+02 1.822E+07 23.2310 1.00000
  1.122E+09 1.122E+09 4.095E+00 4.652E+00 9.082E+01 2.313E+02 3.267E+02 3.308E+02 1.862E+07 23.4612 1.00000
  1.259E+09 1.259E+09 4.113E+00 5.248E+00 1.019E+02 2.643E+02 3.715E+02 3.756E+02 1.900E+07 23.6915 1.00000
  1.413E+09 1.413E+09 4.131E+00 5.918E+00 1.144E+02 3.021E+02 4.225E+02 4.266E+02 1.939E+07 23.9217 1.00000
  1.585E+09 1.585E+09 4.149E+00 6.673E+00 1.284E+02 3.453E+02 4.804E+02 4.846E+02 1.977E+07 24.1520 1.00000
  1.778E+09 1.778E+09 4.167E+00 7.523E+00 1.442E+02 3.947E+02 5.464E+02 5.506E+02 2.014E+07 24.3823 1.00000
  1.995E+09 1.995E+09 4.185E+00 8.479E+00 1.618E+02 4.512E+02 6.215E+02 6.257E+02 2.051E+07 24.6125 1.00000
  2.239E+09 2.239E+09 4.204E+00 9.554E+00 1.816E+02 5.158E+02 7.070E+02 7.112E+02 2.088E+07 24.8428 1.00000
  2.512E+09 2.512E+09 4.222E+00 1.076E+01 2.038E+02 5.897E+02 8.043E+02 8.085E+02 2.124E+07 25.0730 1.00000
  2.818E+09 2.818E+09 4.241E+00 1.212E+01 2.288E+02 6.742E+02 9.151E+02 9.194E+02 2.160E+07 25.3033 1.00000
  3.162E+09 3.162E+09 4.259E+00 1.365E+01 2.567E+02 7.709E+02 1.041E+03 1.046E+03 2.195E+07 25.5336 1.00000
  3.548E+09 3.548E+09 4.278E+00 1.537E+01 2.881E+02 8.815E+02 1.185E+03 1.189E+03 2.230E+07 25.7638 1.00000
  3.981E+09 3.981E+09 4.297E+00 1.731E+01 3.233E+02 1.008E+03 1.349E+03 1.353E+03 2.264E+07 25.9941 1.00000
  4.467E+09 4.467E+09 4.316E+00 1.948E+01 3.628E+02 1.153E+03 1.535E+03 1.539E+03 2.297E+07 26.2243 1.00000
  5.012E+09 5.012E+09 4.335E+00 2.192E+01 4.071E+02 1.318E+03 1.747E+03 1.752E+03 2.331E+07 26.4546 1.00000
  5.623E+09 5.623E+09 4.354E+00 2.467E+01 4.569E+02 1.508E+03 1.989E+03 1.994E+03 2.364E+07 26.6848 1.00000
  6.310E+09 6.310E+09 4.373E+00 2.775E+01 5.127E+02 1.724E+03 2.265E+03 2.269E+03 2.396E+07 26.9151 1.00000
  7.079E+09 7.079E+09 4.393E+00 3.121E+01 5.753E+02 1.972E+03 2.579E+03 2.583E+03 2.428E+07 27.1454 1.00000
  7.943E+09 7.943E+09 4.412E+00 3.511E+01 6.456E+02 2.256E+03 2.937E+03 2.941E+03 2.459E+07 27.3756 1.00000
  8.913E+09 8.913E+09 4.432E+00 3.948E+01 7.244E+02 2.581E+03 3.345E+03 3.349E+03 2.490E+07 27.6059 1.00000
  1.000E+10 1.000E+10 4.451E+00 4.439E+01 8.128E+02 2.953E+03 3.810E+03 3.814E+03 2.521E+07 27.8361 1.00000
  1.122E+10 1.122E+10 4.471E+00 4.990E+01 9.121E+02 3.378E+03 4.340E+03 4.344E+03 2.551E+07 28.0664 1.00000
  1.259E+10 1.259E+10 4.491E+00 5.610E+01 1.023E+03 3.865E+03 4.944E+03 4.949E+03 2.580E+07 28.2967 1.00000
  1.413E+10 1.413E+10 4.511E+00 6.305E+01 1.148E+03 4.422E+03 5.633E+03 5.638E+03 2.609E+07 28.5269 1.00000
  1.585E+10 1.585E+10 4.531E+00 7.086E+01 1.289E+03 5.060E+03 6.419E+03 6.423E+03 2.638E+07 28.7572 1.00000
  1.778E+10 1.778E+10 4.552E+00 7.963E+01 1.446E+03 5.790E+03 7.315E+03 7.320E+03 2.666E+07 28.9874 1.00000
  1.995E+10 1.995E+10 4.572E+00 8.947E+01 1.622E+03 6.625E+03 8.337E+03 8.342E+03 2.694E+07 29.2177 1.00000
  2.239E+10 2.239E+10 4.593E+00 1.005E+02 1.820E+03 7.582E+03 9.503E+03 9.507E+03 2.722E+07 29.4480 1.00000
  2.512E+10 2.512E+10 4.613E+00 1.129E+02 2.042E+03 8.677E+03 1.083E+04 1.084E+04 2.749E+07 29.6782 1.00000
  2.818E+10 2.818E+10 4.634E+00 1.269E+02 2.292E+03 9.931E+03 1.235E+04 1.235E+04 2.775E+07 29.9085 1.00000
  3.162E+10 3.162E+10 4.655E+00 1.425E+02 2.571E+03 1.137E+04 1.408E+04 1.409E+04 2.801E+07 30.1387 1.00000
  3.548E+10 3.548E+10 4.676E+00 1.600E+02 2.885E+03 1.301E+04 1.606E+04 1.606E+04 2.827E+07 30.3690 1.00000
  3.981E+10 3.981E+10 4.697E+00 1.797E+02 3.237E+03 1.489E+04 1.831E+04 1.832E+04 2.852E+07 30.5992 1.00000
  4.467E+10 4.467E+10 4.718E+00 2.018E+02 3.632E+03 1.705E+04 2.088E+04 2.089E+04 2.877E+07 30.8295 1.00000
  5.012E+10 5.012E+10 4.739E+00 2.267E+02 4.075E+03 1.952E+04 2.382E+04 2.383E+04 2.902E+07 31.0598 1.00000
  5.623E+10 5.623E+10 4.761E+00 2.545E+02 4.572E+03 2.235E+04 2.718E+04 2.718E+04 2.926E+07 31.2900 1.00000
  6.310E+10 6.310E+10 4.782E+00 2.858E+02 5.130E+03 2.559E+04 3.100E+04 3.101E+04 2.949E+07 31.5203 1.00000
  7.079E+10 7.079E+10 4.804E+00 3.208E+02 5.756E+03 2.930E+04 3.538E+04 3.538E+04 2.973E+07 31.7505 1.00000
  7.943E+10 7.943E+10 4.826E+00 3.602E+02 6.459E+03 3.355E+04 4.037E+04 4.037E+04 2.996E+07 31.9808 1.00000
  8.913E+10 8.913E+10 4.848E+00 4.044E+02 7.247E+03 3.842E+04 4.607E+04 4.607E+04 3.018E+07 32.2111 1.00000
  1.000E+11 1.000E+11 4.870E+00 4.540E+02 8.131E+03 4.399E+04 5.258E+04 5.258E+04 3.040E+07 32.4413 1.00000
  1.122E+11 1.122E+11 4.892E+00 5.096E+02 9.123E+03 5.038E+04 6.002E+04 6.002E+04 3.062E+07 32.6716 1.00000
  1.259E+11 1.259E+11 4.914E+00 5.720E+02 1.024E+04 5.771E+04 6.851E+04 6.852E+04 3.083E+07 32.9018 1.00000
  1.413E+11 1.413E+11 4.937E+00 6.421E+02 1.148E+04 6.609E+04 7.822E+04 7.823E+04 3.104E+07 33.1321 1.00000
  1.585E+11 1.585E+11 4.959E+00 7.207E+02 1.289E+04 7.571E+04 8.931E+04 8.932E+04 3.125E+07 33.3623 1.00000
  1.778E+11 1.778E+11 4.982E+00 8.089E+02 1.446E+04 8.672E+04 1.020E+05 1.020E+05 3.145E+07 33.5926 1.00000
  1.995E+11 1.995E+11 5.005E+00 9.079E+02 1.622E+04 9.934E+04 1.165E+05 1.165E+05 3.165E+07 33.8229 1.00000
  2.239E+11 2.239E+11 5.028E+00 1.019E+03 1.820E+04 1.138E+05 1.330E+05 1.330E+05 3.185E+07 34.0531 1.00000
  2.512E+11 2.512E+11 5.051E+00 1.144E+03 2.042E+04 1.304E+05 1.519E+05 1.520E+05 3.204E+07 34.2834 1.00000
  2.818E+11 2.818E+11 5.074E+00 1.283E+03 2.291E+04 1.494E+05 1.736E+05 1.736E+05 3.223E+07 34.5136 1.00000
  3.162E+11 3.162E+11 5.097E+00 1.440E+03 2.571E+04 1.712E+05 1.983E+05 1.983E+05 3.242E+07 34.7439 1.00000
  3.548E+11 3.548E+11 5.121E+00 1.616E+03 2.884E+04 1.961E+05 2.266E+05 2.266E+05 3.260E+07 34.9742 1.00000
  3.981E+11 3.981E+11 5.144E+00 1.814E+03 3.236E+04 2.247E+05 2.589E+05 2.589E+05 3.278E+07 35.2044 1.00000
  4.467E+11 4.467E+11 5.168E+00 2.036E+03 3.631E+04 2.575E+05 2.959E+05 2.959E+05 3.295E+07 35.4347 1.00000
  5.012E+11 5.012E+11 5.192E+00 2.285E+03 4.074E+04 2.951E+05 3.382E+05 3.382E+05 3.313E+07 35.6649 1.00000
  5.623E+11 5.623E+11 5.216E+00 2.564E+03 4.570E+04 3.383E+05 3.865E+05 3.865E+05 3.330E+07 35.8952 1.00000
  6.310E+11 6.310E+11 5.240E+00 2.877E+03 5.128E+04 3.877E+05 4.418E+05 4.418E+05 3.346E+07 36.1254 1.00000
  7.079E+11 7.079E+11 5.264E+00 3.228E+03 5.753E+04 4.444E+05 5.051E+05 5.051E+05 3.363E+07 36.3557 1.00000
  7.943E+11 7.943E+11 5.289E+00 3.623E+03 6.455E+04 5.093E+05 5.775E+05 5.775E+05 3.379E+07 36.5860 1.00000
  8.913E+11 8.913E+11 5.313E+00 4.065E+03 7.243E+04 5.839E+05 6.604E+05 6.604E+05 3.394E+07 36.8162 1.00000
  1.000E+12 1.000E+12 5.338E+00 4.561E+03 8.126E+04 6.693E+05 7.552E+05 7.552E+05 3.410E+07 37.0465 1.00000
  1.122E+12 1.122E+12 5.363E+00 5.118E+03 9.117E+04 7.673E+05 8.636E+05 8.636E+05 3.425E+07 37.2767 1.00000
  1.259E+12 1.259E+12 5.387E+00 5.743E+03 1.023E+05 8.797E+05 9.878E+05 9.878E+05 3.440E+07 37.5070 1.00000
  1.413E+12 1.413E+12 5.413E+00 6.444E+03 1.148E+05 1.009E+06 1.130E+06 1.130E+06 3.454E+07 37.7373 1.00000
  1.585E+12 1.585E+12 5.438E+00 7.231E+03 1.288E+05 1.157E+06 1.293E+06 1.293E+06 3.469E+07 37.9675 1.00000
  1.778E+12 1.778E+12 5.463E+00 8.114E+03 1.445E+05 1.326E+06 1.479E+06 1.479E+06 3.483E+07 38.1978 1.00000
  1.995E+12 1.995E+12 5.489E+00 9.105E+03 1.621E+05 1.521E+06 1.692E+06 1.692E+06 3.496E+07 38.4280 1.00000
  2.239E+12 2.239E+12 5.514E+00 1.022E+04 1.819E+05 1.744E+06 1.936E+06 1.936E+06 3.510E+07 38.6583 1.00000
  2.512E+12 2.512E+12 5.540E+00 1.146E+04 2.041E+05 2.000E+06 2.216E+06 2.216E+06 3.523E+07 38.8885 1.00000
  2.818E+12 2.818E+12 5.566E+00 1.286E+04 2.289E+05 2.294E+06 2.536E+06 2.536E+06 3.536E+07 39.1188 1.00000
  3.162E+12 3.162E+12 5.592E+00 1.443E+04 2.569E+05 2.631E+06 2.902E+06 2.902E+06 3.549E+07 39.3491 1.00000
  3.548E+12 3.548E+12 5.618E+00 1.619E+04 2.882E+05 3.018E+06 3.322E+06 3.322E+06 3.561E+07 39.5793 1.00000
  3.981E+12 3.981E+12 5.645E+00 1.817E+04 3.233E+05 3.461E+06 3.803E+06 3.803E+06 3.573E+07 39.8096 1.00000
  4.467E+12 4.467E+12 5.671E+00 2.039E+04 3.628E+05 3.971E+06 4.354E+06 4.354E+06 3.585E+07 40.0398 1.00000
  5.012E+12 5.012E+12 5.698E+00 2.288E+04 4.070E+05 4.555E+06 4.985E+06 4.985E+06 3.597E+07 40.2701 1.00000
  5.623E+12 5.623E+12 5.724E+00 2.567E+04 4.567E+05 5.226E+06 5.708E+06 5.708E+06 3.609E+07 40.5004 1.00000
  6.310E+12 6.310E+12 5.751E+00 2.880E+04 5.124E+05 5.995E+06 6.537E+06 6.537E+06 3.620E+07 40.7306 1.00000
  7.079E+12 7.079E+12 5.778E+00 3.231E+04 5.749E+05 6.879E+06 7.486E+06 7.486E+06 3.631E+07 40.9609 1.00000
  7.943E+12 7.943E+12 5.806E+00 3.626E+04 6.450E+05 7.893E+06 8.574E+06 8.574E+06 3.642E+07 41.1911 1.00000
  8.913E+12 8.913E+12 5.833E+00 4.068E+04 7.237E+05 9.057E+06 9.821E+06 9.821E+06 3.652E+07 41.4214 1.00000
  1.000E+13 1.000E+13 5.861E+00 4.565E+04 8.119E+05 1.039E+07 1.125E+07 1.125E+07 3.663E+07 41.6517 1.00000
  1.122E+13 1.122E+13 5.888E+00 5.122E+04 9.109E+05 1.193E+07 1.289E+07 1.289E+07 3.673E+07 41.8819 1.00000
  1.259E+13 1.259E+13 5.916E+00 5.747E+04 1.022E+06 1.369E+07 1.477E+07 1.477E+07 3.683E+07 42.1122 1.00000
  1.413E+13 1.413E+13 5.944E+00 6.448E+04 1.147E+06 1.571E+07 1.692E+07 1.692E+07 3.693E+07 42.3424 1.00000
  1.585E+13 1.585E+13 5.972E+00 7.235E+04 1.287E+06 1.803E+07 1.939E+07 1.939E+07 3.702E+07 42.5727 1.00000
  1.778E+13 1.778E+13 6.000E+00 8.117E+04 1.443E+06 2.069E+07 2.222E+07 2.222E+07 3.711E+07 42.8029 1.00000
  1.995E+13 1.995E+13 6.029E+00 9.108E+04 1.619E+06 2.375E+07 2.546E+07 2.546E+07 3.721E+07 43.0332 1.00000
  2.239E+13 2.239E+13 6.057E+00 1.022E+05 1.817E+06 2.727E+07 2.919E+07 2.919E+07 3.729E+07 43.2635 1.00000
  2.512E+13 2.512E+13 6.086E+00 1.147E+05 2.039E+06 3.130E+07 3.345E+07 3.345E+07 3.738E+07 43.4937 1.00000
  2.818E+13 2.818E+13 6.115E+00 1.287E+05 2.287E+06 3.593E+07 3.835E+07 3.835E+07 3.747E+07 43.7240 1.00000
  3.162E+13 3.162E+13 6.144E+00 1.444E+05 2.566E+06 4.126E+07 4.397E+07 4.397E+07 3.755E+07 43.9542 1.00000
  3.548E+13 3.548E+13 6.173E+00 1.620E+05 2.879E+06 4.737E+07 5.041E+07 5.041E+07 3.763E+07 44.1845 1.00000
  3.981E+13 3.981E+13 6.203E+00 1.817E+05 3.230E+06 5.439E+07 5.780E+07 5.780E+07 3.771E+07 44.4148 1.00000
  4.467E+13 4.467E+13 6.232E+00 2.039E+05 3.624E+06 6.245E+07 6.628E+07 6.628E+07 3.779E+07 44.6450 1.00000
  5.012E+13 5.012E+13 6.262E+00 2.288E+05 4.066E+06 7.171E+07 7.600E+07 7.600E+07 3.787E+07 44.8753 1.00000
  5.623E+13 5.623E+13 6.292E+00 2.567E+05 4.562E+06 8.235E+07 8.716E+07 8.716E+07 3.795E+07 45.1055 1.00000
  6.310E+13 6.310E+13 6.322E+00 2.880E+05 5.118E+06 9.456E+07 9.997E+07 9.997E+07 3.802E+07 45.3358 1.00000
  7.079E+13 7.079E+13 6.352E+00 3.232E+05 5.743E+06 1.086E+08 1.147E+08 1.147E+08 3.809E+07 45.5660 1.00000
  7.943E+13 7.943E+13 6.382E+00 3.626E+05 6.443E+06 1.247E+08 1.315E+08 1.315E+08 3.816E+07 45.7963 1.00000
  8.913E+13 8.913E+13 6.413E+00 4.069E+05 7.229E+06 1.433E+08 1.509E+08 1.509E+08 3.823E+07 46.0266 1.00000
  1.000E+14 1.000E+14 6.443E+00 4.565E+05 8.110E+06 1.645E+08 1.731E+08 1.731E+08 3.830E+07 46.2568 1.00000
  1.122E+14 1.122E+14 6.474E+00 5.122E+05 9.099E+06 1.890E+08 1.986E+08 1.986E+08 3.836E+07 46.4871 1.00000
  1.259E+14 1.259E+14 6.505E+00 5.747E+05 1.021E+07 2.171E+08 2.279E+08 2.279E+08 3.843E+07 46.7173 1.00000
  1.413E+14 1.413E+14 6.536E+00 6.448E+05 1.145E+07 2.494E+08 2.615E+08 2.615E+08 3.849E+07 46.9476 1.00000
  1.585E+14 1.585E+14 6.568E+00 7.235E+05 1.285E+07 2.865E+08 3.001E+08 3.001E+08 3.855E+07 47.1779 1.00000
  1.778E+14 1.778E+14 6.599E+00 8.118E+05 1.442E+07 3.292E+08 3.444E+08 3.444E+08 3.861E+07 47.4081 1.00000
  1.995E+14 1.995E+14 6.631E+00 9.108E+05 1.618E+07 3.782E+08 3.953E+08 3.953E+08 3.867E+07 47.6384 1.00000
  2.239E+14 2.239E+14 6.662E+00 1.022E+06 1.815E+07 4.346E+08 4.537E+08 4.537E+08 3.873E+07 47.8686 1.00000
  2.512E+14 2.512E+14 6.694E+00 1.147E+06 2.036E+07 4.993E+08 5.208E+08 5.208E+08 3.879E+07 48.0989 1.00000
  2.818E+14 2.818E+14 6.726E+00 1.287E+06 2.284E+07 5.738E+08 5.979E+08 5.979E+08 3.884E+07 48.3291 1.00000
  3.162E+14 3.162E+14 6.759E+00 1.444E+06 2.563E+07 6.593E+08 6.864E+08 6.864E+08 3.890E+07 48.5594 1.00000
  3.548E+14 3.548E+14 6.791E+00 1.620E+06 2.876E+07 7.577E+08 7.881E+08 7.881E+08 3.895E+07 48.7897 1.00000
  3.981E+14 3.981E+14 6.824E+00 1.817E+06 3.226E+07 8.708E+08 9.048E+08 9.048E+08 3.900E+07 49.0199 1.00000
  4.467E+14 4.467E+14 6.857E+00 2.039E+06 3.620E+07 1.001E+09 1.039E+09 1.039E+09 3.905E+07 49.2502 1.00000
  5.012E+14 5.012E+14 6.890E+00 2.288E+06 4.061E+07 1.150E+09 1.193E+09 1.193E+09 3.910E+07 49.4804 1.00000
  5.623E+14 5.623E+14 6.923E+00 2.567E+06 4.556E+07 1.322E+09 1.370E+09 1.370E+09 3.915E+07 49.7107 1.00000
  6.310E+14 6.310E+14 6.956E+00 2.880E+06 5.112E+07 1.520E+09 1.574E+09 1.574E+09 3.919E+07 49.9410 1.00000
  7.079E+14 7.079E+14 6.990E+00 3.232E+06 5.735E+07 1.747E+09 1.807E+09 1.807E+09 3.924E+07 50.1712 1.00000
  7.943E+14 7.943E+14 7.023E+00 3.626E+06 6.435E+07 2.008E+09 2.076E+09 2.076E+09 3.928E+07 50.4015 1.00000
  8.913E+14 8.913E+14 7.057E+00 4.069E+06 7.219E+07 2.308E+09 2.384E+09 2.384E+09 3.933E+07 50.6317 1.00000
  1.000E+15 1.000E+15 7.091E+00 4.565E+06 8.100E+07 2.654E+09 2.739E+09 2.739E+09 3.937E+07 50.8620 1.00000
