 Incident particle is a Tau with M = 1776.82000 MeV
 Index = 0: Naphtalene
      Absorber with <Z/A> = 0.53049
 Sternheimer coef:  a     k=m_s   x_0    x_1    I[eV]   Cbar  delta0
                 0.1477  3.2654  0.1374  2.5429   68.4  3.2274 0.00

 *** Table generated with PUMAS v1.00 ***

      T         p     Ionization  brems     pair     photonuc  Radloss    dE/dx   CSDA Range  delta   beta
    [MeV]    [MeV/c]  -----------------------[MeV cm^2/g]------------------------  [g/cm^2]
  1.000E+05 1.018E+05 2.331E+00 1.157E-04 1.794E-03 8.413E-03 1.032E-02 2.342E+00 2.135E+04  4.9352 0.99985
  1.122E+05 1.140E+05 2.351E+00 1.336E-04 2.170E-03 9.506E-03 1.181E-02 2.363E+00 2.654E+04  5.1490 0.99988
  1.259E+05 1.277E+05 2.371E+00 1.542E-04 2.614E-03 1.068E-02 1.345E-02 2.385E+00 3.231E+04  5.3649 0.99990
  1.413E+05 1.430E+05 2.391E+00 1.779E-04 3.137E-03 1.201E-02 1.533E-02 2.406E+00 3.872E+04  5.5828 0.99992
  1.585E+05 1.603E+05 2.411E+00 2.052E-04 3.753E-03 1.350E-02 1.746E-02 2.428E+00 4.585E+04  5.8025 0.99994
  1.778E+05 1.796E+05 2.431E+00 2.365E-04 4.477E-03 1.516E-02 1.987E-02 2.451E+00 5.378E+04  6.0239 0.99995
  1.995E+05 2.013E+05 2.450E+00 2.725E-04 5.324E-03 1.705E-02 2.265E-02 2.473E+00 6.259E+04  6.2468 0.99996
  2.239E+05 2.256E+05 2.470E+00 3.139E-04 6.316E-03 1.913E-02 2.576E-02 2.496E+00 7.239E+04  6.4709 0.99997
  2.512E+05 2.530E+05 2.490E+00 3.614E-04 7.474E-03 2.145E-02 2.929E-02 2.519E+00 8.329E+04  6.6962 0.99998
  2.818E+05 2.836E+05 2.509E+00 4.159E-04 8.823E-03 2.407E-02 3.331E-02 2.542E+00 9.540E+04  6.9225 0.99998
  3.162E+05 3.180E+05 2.528E+00 4.784E-04 1.039E-02 2.704E-02 3.791E-02 2.566E+00 1.089E+05  7.1496 0.99998
  3.548E+05 3.566E+05 2.548E+00 5.502E-04 1.221E-02 3.036E-02 4.313E-02 2.591E+00 1.238E+05  7.3775 0.99999
  3.981E+05 3.999E+05 2.567E+00 6.324E-04 1.433E-02 3.408E-02 4.904E-02 2.616E+00 1.405E+05  7.6059 0.99999
  4.467E+05 4.485E+05 2.586E+00 7.267E-04 1.677E-02 3.825E-02 5.575E-02 2.642E+00 1.589E+05  7.8348 0.99999
  5.012E+05 5.030E+05 2.606E+00 8.347E-04 1.960E-02 4.295E-02 6.339E-02 2.669E+00 1.795E+05  8.0640 0.99999
  5.623E+05 5.641E+05 2.625E+00 9.585E-04 2.287E-02 4.804E-02 7.187E-02 2.697E+00 2.022E+05  8.2935 1.00000
  6.310E+05 6.327E+05 2.644E+00 1.100E-03 2.664E-02 5.378E-02 8.152E-02 2.726E+00 2.276E+05  8.5230 1.00000
  7.079E+05 7.097E+05 2.663E+00 1.263E-03 3.098E-02 6.026E-02 9.250E-02 2.756E+00 2.557E+05  8.7527 1.00000
  7.943E+05 7.961E+05 2.682E+00 1.448E-03 3.597E-02 6.758E-02 1.050E-01 2.787E+00 2.868E+05  8.9824 1.00000
  8.913E+05 8.930E+05 2.701E+00 1.661E-03 4.171E-02 7.586E-02 1.192E-01 2.820E+00 3.214E+05  9.2122 1.00000
  1.000E+06 1.002E+06 2.720E+00 1.904E-03 4.830E-02 8.523E-02 1.354E-01 2.855E+00 3.597E+05  9.4420 1.00000
  1.122E+06 1.124E+06 2.738E+00 2.183E-03 5.585E-02 9.583E-02 1.539E-01 2.892E+00 4.022E+05  9.6719 1.00000
  1.259E+06 1.261E+06 2.757E+00 2.501E-03 6.450E-02 1.078E-01 1.748E-01 2.932E+00 4.492E+05  9.9018 1.00000
  1.413E+06 1.414E+06 2.776E+00 2.866E-03 7.439E-02 1.215E-01 1.987E-01 2.974E+00 5.012E+05 10.1317 1.00000
  1.585E+06 1.587E+06 2.794E+00 3.282E-03 8.570E-02 1.369E-01 2.259E-01 3.020E+00 5.587E+05 10.3617 1.00000
  1.778E+06 1.780E+06 2.812E+00 3.758E-03 9.861E-02 1.544E-01 2.568E-01 3.069E+00 6.223E+05 10.5917 1.00000
  1.995E+06 1.997E+06 2.830E+00 4.302E-03 1.133E-01 1.743E-01 2.920E-01 3.122E+00 6.923E+05 10.8218 1.00000
  2.239E+06 2.240E+06 2.848E+00 4.924E-03 1.301E-01 1.969E-01 3.320E-01 3.180E+00 7.696E+05 11.0519 1.00000
  2.512E+06 2.514E+06 2.866E+00 5.634E-03 1.492E-01 2.226E-01 3.775E-01 3.244E+00 8.547E+05 11.2819 1.00000
  2.818E+06 2.820E+06 2.884E+00 6.445E-03 1.710E-01 2.518E-01 4.292E-01 3.313E+00 9.482E+05 11.5120 1.00000
  3.162E+06 3.164E+06 2.901E+00 7.370E-03 1.957E-01 2.850E-01 4.880E-01 3.389E+00 1.051E+06 11.7422 1.00000
  3.548E+06 3.550E+06 2.919E+00 8.427E-03 2.237E-01 3.227E-01 5.549E-01 3.474E+00 1.163E+06 11.9723 1.00000
  3.981E+06 3.983E+06 2.936E+00 9.634E-03 2.556E-01 3.657E-01 6.310E-01 3.567E+00 1.286E+06 12.2025 1.00000
  4.467E+06 4.469E+06 2.953E+00 1.101E-02 2.917E-01 4.146E-01 7.174E-01 3.670E+00 1.421E+06 12.4326 1.00000
  5.012E+06 5.014E+06 2.970E+00 1.258E-02 3.327E-01 4.703E-01 8.155E-01 3.785E+00 1.567E+06 12.6628 1.00000
  5.623E+06 5.625E+06 2.987E+00 1.437E-02 3.791E-01 5.337E-01 9.271E-01 3.914E+00 1.726E+06 12.8930 1.00000
  6.310E+06 6.311E+06 3.003E+00 1.641E-02 4.315E-01 6.059E-01 1.054E+00 4.057E+00 1.898E+06 13.1232 1.00000
  7.079E+06 7.081E+06 3.019E+00 1.874E-02 4.909E-01 6.882E-01 1.198E+00 4.217E+00 2.084E+06 13.3534 1.00000
  7.943E+06 7.945E+06 3.036E+00 2.139E-02 5.580E-01 7.819E-01 1.361E+00 4.397E+00 2.285E+06 13.5836 1.00000
  8.913E+06 8.914E+06 3.052E+00 2.441E-02 6.339E-01 8.887E-01 1.547E+00 4.599E+00 2.500E+06 13.8138 1.00000
  1.000E+07 1.000E+07 3.067E+00 2.785E-02 7.195E-01 1.010E+00 1.758E+00 4.825E+00 2.731E+06 14.0440 1.00000
  1.122E+07 1.122E+07 3.083E+00 3.176E-02 8.162E-01 1.149E+00 1.997E+00 5.080E+00 2.978E+06 14.2742 1.00000
  1.259E+07 1.259E+07 3.099E+00 3.622E-02 9.253E-01 1.308E+00 2.269E+00 5.368E+00 3.240E+06 14.5044 1.00000
  1.413E+07 1.413E+07 3.114E+00 4.129E-02 1.048E+00 1.488E+00 2.578E+00 5.692E+00 3.518E+06 14.7347 1.00000
  1.585E+07 1.585E+07 3.130E+00 4.705E-02 1.187E+00 1.694E+00 2.928E+00 6.058E+00 3.812E+06 14.9649 1.00000
  1.778E+07 1.778E+07 3.145E+00 5.361E-02 1.343E+00 1.929E+00 3.326E+00 6.471E+00 4.121E+06 15.1951 1.00000
  1.995E+07 1.995E+07 3.160E+00 6.107E-02 1.520E+00 2.197E+00 3.777E+00 6.937E+00 4.445E+06 15.4254 1.00000
  2.239E+07 2.239E+07 3.175E+00 6.954E-02 1.718E+00 2.502E+00 4.289E+00 7.464E+00 4.783E+06 15.6556 1.00000
  2.512E+07 2.512E+07 3.190E+00 7.916E-02 1.941E+00 2.851E+00 4.871E+00 8.061E+00 5.136E+06 15.8858 1.00000
  2.818E+07 2.819E+07 3.205E+00 9.010E-02 2.193E+00 3.248E+00 5.531E+00 8.736E+00 5.501E+06 16.1161 1.00000
  3.162E+07 3.162E+07 3.220E+00 1.025E-01 2.475E+00 3.702E+00 6.280E+00 9.500E+00 5.879E+06 16.3463 1.00000
  3.548E+07 3.548E+07 3.235E+00 1.166E-01 2.793E+00 4.220E+00 7.131E+00 1.037E+01 6.268E+06 16.5766 1.00000
  3.981E+07 3.981E+07 3.249E+00 1.326E-01 3.151E+00 4.812E+00 8.096E+00 1.134E+01 6.668E+06 16.8068 1.00000
  4.467E+07 4.467E+07 3.264E+00 1.507E-01 3.554E+00 5.487E+00 9.191E+00 1.246E+01 7.077E+06 17.0371 1.00000
  5.012E+07 5.012E+07 3.279E+00 1.713E-01 4.006E+00 6.257E+00 1.043E+01 1.371E+01 7.495E+06 17.2673 1.00000
  5.623E+07 5.624E+07 3.294E+00 1.946E-01 4.514E+00 7.137E+00 1.185E+01 1.514E+01 7.920E+06 17.4976 1.00000
  6.310E+07 6.310E+07 3.308E+00 2.210E-01 5.085E+00 8.141E+00 1.345E+01 1.676E+01 8.351E+06 17.7278 1.00000
  7.079E+07 7.080E+07 3.323E+00 2.510E-01 5.727E+00 9.287E+00 1.527E+01 1.859E+01 8.788E+06 17.9581 1.00000
  7.943E+07 7.943E+07 3.338E+00 2.849E-01 6.449E+00 1.060E+01 1.733E+01 2.067E+01 9.229E+06 18.1883 1.00000
  8.913E+07 8.913E+07 3.353E+00 3.233E-01 7.259E+00 1.209E+01 1.967E+01 2.303E+01 9.674E+06 18.4186 1.00000
  1.000E+08 1.000E+08 3.367E+00 3.668E-01 8.169E+00 1.380E+01 2.233E+01 2.570E+01 1.012E+07 18.6488 1.00000
  1.122E+08 1.122E+08 3.382E+00 4.160E-01 9.191E+00 1.575E+01 2.535E+01 2.874E+01 1.057E+07 18.8791 1.00000
  1.259E+08 1.259E+08 3.397E+00 4.717E-01 1.034E+01 1.797E+01 2.878E+01 3.218E+01 1.102E+07 19.1093 1.00000
  1.413E+08 1.413E+08 3.412E+00 5.346E-01 1.163E+01 2.052E+01 3.268E+01 3.609E+01 1.147E+07 19.3396 1.00000
  1.585E+08 1.585E+08 3.427E+00 6.058E-01 1.307E+01 2.342E+01 3.710E+01 4.053E+01 1.193E+07 19.5699 1.00000
  1.778E+08 1.778E+08 3.442E+00 6.863E-01 1.470E+01 2.674E+01 4.213E+01 4.557E+01 1.238E+07 19.8001 1.00000
  1.995E+08 1.995E+08 3.457E+00 7.773E-01 1.652E+01 3.053E+01 4.783E+01 5.129E+01 1.283E+07 20.0304 1.00000
  2.239E+08 2.239E+08 3.472E+00 8.801E-01 1.857E+01 3.486E+01 5.431E+01 5.778E+01 1.327E+07 20.2606 1.00000
  2.512E+08 2.512E+08 3.487E+00 9.961E-01 2.087E+01 3.981E+01 6.167E+01 6.516E+01 1.372E+07 20.4909 1.00000
  2.818E+08 2.818E+08 3.503E+00 1.127E+00 2.345E+01 4.546E+01 7.004E+01 7.354E+01 1.416E+07 20.7211 1.00000
  3.162E+08 3.162E+08 3.518E+00 1.275E+00 2.634E+01 5.192E+01 7.954E+01 8.306E+01 1.460E+07 20.9514 1.00000
  3.548E+08 3.548E+08 3.533E+00 1.442E+00 2.959E+01 5.930E+01 9.034E+01 9.387E+01 1.504E+07 21.1817 1.00000
  3.981E+08 3.981E+08 3.549E+00 1.630E+00 3.324E+01 6.773E+01 1.026E+02 1.062E+02 1.548E+07 21.4119 1.00000
  4.467E+08 4.467E+08 3.564E+00 1.843E+00 3.734E+01 7.737E+01 1.166E+02 1.201E+02 1.591E+07 21.6422 1.00000
  5.012E+08 5.012E+08 3.580E+00 2.082E+00 4.193E+01 8.839E+01 1.324E+02 1.360E+02 1.633E+07 21.8724 1.00000
  5.623E+08 5.623E+08 3.596E+00 2.352E+00 4.709E+01 1.010E+02 1.504E+02 1.540E+02 1.676E+07 22.1027 1.00000
  6.310E+08 6.310E+08 3.611E+00 2.657E+00 5.287E+01 1.154E+02 1.709E+02 1.745E+02 1.718E+07 22.3329 1.00000
  7.079E+08 7.079E+08 3.627E+00 3.000E+00 5.937E+01 1.318E+02 1.942E+02 1.978E+02 1.759E+07 22.5632 1.00000
  7.943E+08 7.943E+08 3.643E+00 3.387E+00 6.666E+01 1.506E+02 2.207E+02 2.243E+02 1.800E+07 22.7935 1.00000
  8.913E+08 8.913E+08 3.659E+00 3.822E+00 7.483E+01 1.721E+02 2.508E+02 2.544E+02 1.841E+07 23.0237 1.00000
  1.000E+09 1.000E+09 3.675E+00 4.313E+00 8.401E+01 1.967E+02 2.850E+02 2.887E+02 1.881E+07 23.2540 1.00000
  1.122E+09 1.122E+09 3.691E+00 4.865E+00 9.431E+01 2.248E+02 3.239E+02 3.276E+02 1.921E+07 23.4842 1.00000
  1.259E+09 1.259E+09 3.708E+00 5.486E+00 1.059E+02 2.569E+02 3.682E+02 3.719E+02 1.960E+07 23.7145 1.00000
  1.413E+09 1.413E+09 3.724E+00 6.186E+00 1.188E+02 2.936E+02 4.186E+02 4.223E+02 1.999E+07 23.9447 1.00000
  1.585E+09 1.585E+09 3.740E+00 6.974E+00 1.334E+02 3.356E+02 4.759E+02 4.797E+02 2.037E+07 24.1750 1.00000
  1.778E+09 1.778E+09 3.757E+00 7.859E+00 1.497E+02 3.836E+02 5.412E+02 5.449E+02 2.075E+07 24.4053 1.00000
  1.995E+09 1.995E+09 3.773E+00 8.856E+00 1.680E+02 4.385E+02 6.154E+02 6.192E+02 2.113E+07 24.6355 1.00000
  2.239E+09 2.239E+09 3.790E+00 9.977E+00 1.886E+02 5.013E+02 6.999E+02 7.037E+02 2.150E+07 24.8658 1.00000
  2.512E+09 2.512E+09 3.807E+00 1.124E+01 2.116E+02 5.731E+02 7.960E+02 7.998E+02 2.186E+07 25.0960 1.00000
  2.818E+09 2.818E+09 3.824E+00 1.266E+01 2.375E+02 6.553E+02 9.055E+02 9.093E+02 2.222E+07 25.3263 1.00000
  3.162E+09 3.162E+09 3.841E+00 1.425E+01 2.665E+02 7.492E+02 1.030E+03 1.034E+03 2.258E+07 25.5566 1.00000
  3.548E+09 3.548E+09 3.858E+00 1.604E+01 2.991E+02 8.567E+02 1.172E+03 1.176E+03 2.293E+07 25.7868 1.00000
  3.981E+09 3.981E+09 3.875E+00 1.805E+01 3.357E+02 9.797E+02 1.333E+03 1.337E+03 2.327E+07 26.0171 1.00000
  4.467E+09 4.467E+09 3.892E+00 2.032E+01 3.767E+02 1.120E+03 1.517E+03 1.521E+03 2.362E+07 26.2473 1.00000
  5.012E+09 5.012E+09 3.910E+00 2.286E+01 4.227E+02 1.281E+03 1.727E+03 1.731E+03 2.395E+07 26.4776 1.00000
  5.623E+09 5.623E+09 3.927E+00 2.572E+01 4.744E+02 1.465E+03 1.965E+03 1.969E+03 2.428E+07 26.7078 1.00000
  6.310E+09 6.310E+09 3.945E+00 2.893E+01 5.323E+02 1.676E+03 2.237E+03 2.241E+03 2.461E+07 26.9381 1.00000
  7.079E+09 7.079E+09 3.962E+00 3.253E+01 5.973E+02 1.917E+03 2.547E+03 2.551E+03 2.493E+07 27.1684 1.00000
  7.943E+09 7.943E+09 3.980E+00 3.659E+01 6.702E+02 2.193E+03 2.900E+03 2.904E+03 2.525E+07 27.3986 1.00000
  8.913E+09 8.913E+09 3.998E+00 4.114E+01 7.521E+02 2.508E+03 3.302E+03 3.306E+03 2.557E+07 27.6289 1.00000
  1.000E+10 1.000E+10 4.016E+00 4.625E+01 8.439E+02 2.870E+03 3.760E+03 3.764E+03 2.588E+07 27.8591 1.00000
  1.122E+10 1.122E+10 4.034E+00 5.199E+01 9.469E+02 3.283E+03 4.282E+03 4.286E+03 2.618E+07 28.0894 1.00000
  1.259E+10 1.259E+10 4.052E+00 5.843E+01 1.063E+03 3.756E+03 4.877E+03 4.881E+03 2.648E+07 28.3197 1.00000
  1.413E+10 1.413E+10 4.070E+00 6.567E+01 1.192E+03 4.297E+03 5.555E+03 5.559E+03 2.678E+07 28.5499 1.00000
  1.585E+10 1.585E+10 4.089E+00 7.379E+01 1.338E+03 4.917E+03 6.329E+03 6.333E+03 2.707E+07 28.7802 1.00000
  1.778E+10 1.778E+10 4.107E+00 8.291E+01 1.501E+03 5.627E+03 7.211E+03 7.215E+03 2.735E+07 29.0104 1.00000
  1.995E+10 1.995E+10 4.126E+00 9.316E+01 1.684E+03 6.439E+03 8.216E+03 8.221E+03 2.764E+07 29.2407 1.00000
  2.239E+10 2.239E+10 4.145E+00 1.047E+02 1.890E+03 7.369E+03 9.363E+03 9.367E+03 2.791E+07 29.4710 1.00000
  2.512E+10 2.512E+10 4.163E+00 1.176E+02 2.120E+03 8.433E+03 1.067E+04 1.068E+04 2.819E+07 29.7012 1.00000
  2.818E+10 2.818E+10 4.182E+00 1.320E+02 2.379E+03 9.652E+03 1.216E+04 1.217E+04 2.846E+07 29.9315 1.00000
  3.162E+10 3.162E+10 4.201E+00 1.483E+02 2.669E+03 1.105E+04 1.387E+04 1.387E+04 2.872E+07 30.1617 1.00000
  3.548E+10 3.548E+10 4.220E+00 1.666E+02 2.995E+03 1.265E+04 1.581E+04 1.581E+04 2.898E+07 30.3920 1.00000
  3.981E+10 3.981E+10 4.240E+00 1.870E+02 3.361E+03 1.448E+04 1.802E+04 1.803E+04 2.924E+07 30.6222 1.00000
  4.467E+10 4.467E+10 4.259E+00 2.100E+02 3.771E+03 1.657E+04 2.055E+04 2.056E+04 2.949E+07 30.8525 1.00000
  5.012E+10 5.012E+10 4.278E+00 2.359E+02 4.231E+03 1.897E+04 2.344E+04 2.344E+04 2.974E+07 31.0828 1.00000
  5.623E+10 5.623E+10 4.298E+00 2.648E+02 4.747E+03 2.172E+04 2.673E+04 2.674E+04 2.999E+07 31.3130 1.00000
  6.310E+10 6.310E+10 4.317E+00 2.973E+02 5.326E+03 2.487E+04 3.049E+04 3.050E+04 3.023E+07 31.5433 1.00000
  7.079E+10 7.079E+10 4.337E+00 3.338E+02 5.976E+03 2.847E+04 3.478E+04 3.479E+04 3.046E+07 31.7735 1.00000
  7.943E+10 7.943E+10 4.357E+00 3.747E+02 6.705E+03 3.261E+04 3.969E+04 3.969E+04 3.070E+07 32.0038 1.00000
  8.913E+10 8.913E+10 4.377E+00 4.207E+02 7.523E+03 3.734E+04 4.528E+04 4.529E+04 3.093E+07 32.2341 1.00000
  1.000E+11 1.000E+11 4.397E+00 4.722E+02 8.441E+03 4.276E+04 5.167E+04 5.168E+04 3.115E+07 32.4643 1.00000
  1.122E+11 1.122E+11 4.417E+00 5.301E+02 9.471E+03 4.897E+04 5.897E+04 5.897E+04 3.137E+07 32.6946 1.00000
  1.259E+11 1.259E+11 4.438E+00 5.950E+02 1.063E+04 5.608E+04 6.730E+04 6.731E+04 3.159E+07 32.9248 1.00000
  1.413E+11 1.413E+11 4.458E+00 6.679E+02 1.192E+04 6.424E+04 7.683E+04 7.683E+04 3.180E+07 33.1551 1.00000
  1.585E+11 1.585E+11 4.479E+00 7.496E+02 1.338E+04 7.358E+04 8.770E+04 8.771E+04 3.202E+07 33.3853 1.00000
  1.778E+11 1.778E+11 4.499E+00 8.413E+02 1.501E+04 8.428E+04 1.001E+05 1.001E+05 3.222E+07 33.6156 1.00000
  1.995E+11 1.995E+11 4.520E+00 9.443E+02 1.684E+04 9.655E+04 1.143E+05 1.143E+05 3.243E+07 33.8459 1.00000
  2.239E+11 2.239E+11 4.541E+00 1.060E+03 1.889E+04 1.106E+05 1.306E+05 1.306E+05 3.263E+07 34.0761 1.00000
  2.512E+11 2.512E+11 4.562E+00 1.189E+03 2.120E+04 1.267E+05 1.491E+05 1.491E+05 3.282E+07 34.3064 1.00000
  2.818E+11 2.818E+11 4.583E+00 1.335E+03 2.379E+04 1.452E+05 1.703E+05 1.703E+05 3.301E+07 34.5366 1.00000
  3.162E+11 3.162E+11 4.605E+00 1.498E+03 2.669E+04 1.663E+05 1.945E+05 1.945E+05 3.320E+07 34.7669 1.00000
  3.548E+11 3.548E+11 4.626E+00 1.681E+03 2.994E+04 1.906E+05 2.222E+05 2.222E+05 3.339E+07 34.9972 1.00000
  3.981E+11 3.981E+11 4.647E+00 1.886E+03 3.359E+04 2.184E+05 2.539E+05 2.539E+05 3.357E+07 35.2274 1.00000
  4.467E+11 4.467E+11 4.669E+00 2.117E+03 3.769E+04 2.503E+05 2.901E+05 2.901E+05 3.375E+07 35.4577 1.00000
  5.012E+11 5.012E+11 4.691E+00 2.376E+03 4.229E+04 2.868E+05 3.315E+05 3.315E+05 3.393E+07 35.6879 1.00000
  5.623E+11 5.623E+11 4.713E+00 2.666E+03 4.745E+04 3.287E+05 3.789E+05 3.789E+05 3.410E+07 35.9182 1.00000
  6.310E+11 6.310E+11 4.735E+00 2.992E+03 5.324E+04 3.768E+05 4.330E+05 4.330E+05 3.427E+07 36.1484 1.00000
  7.079E+11 7.079E+11 4.757E+00 3.357E+03 5.973E+04 4.319E+05 4.950E+05 4.950E+05 3.444E+07 36.3787 1.00000
  7.943E+11 7.943E+11 4.779E+00 3.767E+03 6.702E+04 4.950E+05 5.658E+05 5.658E+05 3.460E+07 36.6090 1.00000
  8.913E+11 8.913E+11 4.801E+00 4.227E+03 7.519E+04 5.675E+05 6.469E+05 6.469E+05 3.476E+07 36.8392 1.00000
  1.000E+12 1.000E+12 4.824E+00 4.743E+03 8.436E+04 6.505E+05 7.396E+05 7.396E+05 3.492E+07 37.0695 1.00000
  1.122E+12 1.122E+12 4.846E+00 5.322E+03 9.465E+04 7.458E+05 8.457E+05 8.457E+05 3.507E+07 37.2997 1.00000
  1.259E+12 1.259E+12 4.869E+00 5.972E+03 1.062E+05 8.550E+05 9.672E+05 9.672E+05 3.522E+07 37.5300 1.00000
  1.413E+12 1.413E+12 4.892E+00 6.701E+03 1.192E+05 9.803E+05 1.106E+06 1.106E+06 3.537E+07 37.7603 1.00000
  1.585E+12 1.585E+12 4.915E+00 7.519E+03 1.337E+05 1.124E+06 1.265E+06 1.265E+06 3.552E+07 37.9905 1.00000
  1.778E+12 1.778E+12 4.938E+00 8.437E+03 1.500E+05 1.289E+06 1.447E+06 1.447E+06 3.566E+07 38.2208 1.00000
  1.995E+12 1.995E+12 4.961E+00 9.467E+03 1.683E+05 1.478E+06 1.656E+06 1.656E+06 3.580E+07 38.4510 1.00000
  2.239E+12 2.239E+12 4.985E+00 1.062E+04 1.888E+05 1.695E+06 1.894E+06 1.894E+06 3.594E+07 38.6813 1.00000
  2.512E+12 2.512E+12 5.008E+00 1.192E+04 2.118E+05 1.944E+06 2.168E+06 2.168E+06 3.608E+07 38.9115 1.00000
  2.818E+12 2.818E+12 5.032E+00 1.337E+04 2.377E+05 2.229E+06 2.480E+06 2.480E+06 3.621E+07 39.1418 1.00000
  3.162E+12 3.162E+12 5.056E+00 1.501E+04 2.667E+05 2.557E+06 2.839E+06 2.839E+06 3.634E+07 39.3721 1.00000
  3.548E+12 3.548E+12 5.079E+00 1.684E+04 2.992E+05 2.933E+06 3.249E+06 3.249E+06 3.647E+07 39.6023 1.00000
  3.981E+12 3.981E+12 5.103E+00 1.889E+04 3.357E+05 3.364E+06 3.719E+06 3.719E+06 3.659E+07 39.8326 1.00000
  4.467E+12 4.467E+12 5.128E+00 2.120E+04 3.766E+05 3.859E+06 4.257E+06 4.257E+06 3.671E+07 40.0628 1.00000
  5.012E+12 5.012E+12 5.152E+00 2.379E+04 4.226E+05 4.427E+06 4.873E+06 4.873E+06 3.683E+07 40.2931 1.00000
  5.623E+12 5.623E+12 5.176E+00 2.669E+04 4.741E+05 5.079E+06 5.580E+06 5.580E+06 3.695E+07 40.5234 1.00000
  6.310E+12 6.310E+12 5.201E+00 2.994E+04 5.319E+05 5.827E+06 6.389E+06 6.389E+06 3.707E+07 40.7536 1.00000
  7.079E+12 7.079E+12 5.225E+00 3.360E+04 5.968E+05 6.685E+06 7.316E+06 7.316E+06 3.718E+07 40.9839 1.00000
  7.943E+12 7.943E+12 5.250E+00 3.770E+04 6.696E+05 7.671E+06 8.378E+06 8.378E+06 3.729E+07 41.2141 1.00000
  8.913E+12 8.913E+12 5.275E+00 4.230E+04 7.513E+05 8.802E+06 9.596E+06 9.596E+06 3.740E+07 41.4444 1.00000
  1.000E+13 1.000E+13 5.300E+00 4.746E+04 8.429E+05 1.010E+07 1.099E+07 1.099E+07 3.750E+07 41.6747 1.00000
  1.122E+13 1.122E+13 5.326E+00 5.325E+04 9.457E+05 1.159E+07 1.259E+07 1.259E+07 3.761E+07 41.9049 1.00000
  1.259E+13 1.259E+13 5.351E+00 5.975E+04 1.061E+06 1.330E+07 1.442E+07 1.442E+07 3.771E+07 42.1352 1.00000
  1.413E+13 1.413E+13 5.376E+00 6.704E+04 1.190E+06 1.527E+07 1.652E+07 1.652E+07 3.781E+07 42.3654 1.00000
  1.585E+13 1.585E+13 5.402E+00 7.522E+04 1.336E+06 1.752E+07 1.893E+07 1.893E+07 3.791E+07 42.5957 1.00000
  1.778E+13 1.778E+13 5.428E+00 8.440E+04 1.499E+06 2.011E+07 2.170E+07 2.170E+07 3.800E+07 42.8259 1.00000
  1.995E+13 1.995E+13 5.454E+00 9.470E+04 1.681E+06 2.309E+07 2.486E+07 2.486E+07 3.810E+07 43.0562 1.00000
  2.239E+13 2.239E+13 5.480E+00 1.063E+05 1.886E+06 2.650E+07 2.849E+07 2.849E+07 3.819E+07 43.2865 1.00000
  2.512E+13 2.512E+13 5.506E+00 1.192E+05 2.116E+06 3.042E+07 3.266E+07 3.266E+07 3.828E+07 43.5167 1.00000
  2.818E+13 2.818E+13 5.532E+00 1.338E+05 2.375E+06 3.492E+07 3.743E+07 3.743E+07 3.837E+07 43.7470 1.00000
  3.162E+13 3.162E+13 5.559E+00 1.501E+05 2.664E+06 4.010E+07 4.291E+07 4.291E+07 3.845E+07 43.9772 1.00000
  3.548E+13 3.548E+13 5.585E+00 1.684E+05 2.989E+06 4.604E+07 4.919E+07 4.919E+07 3.854E+07 44.2075 1.00000
  3.981E+13 3.981E+13 5.612E+00 1.890E+05 3.354E+06 5.286E+07 5.640E+07 5.640E+07 3.862E+07 44.4378 1.00000
  4.467E+13 4.467E+13 5.639E+00 2.120E+05 3.763E+06 6.069E+07 6.467E+07 6.467E+07 3.870E+07 44.6680 1.00000
  5.012E+13 5.012E+13 5.666E+00 2.379E+05 4.221E+06 6.969E+07 7.415E+07 7.415E+07 3.878E+07 44.8983 1.00000
  5.623E+13 5.623E+13 5.693E+00 2.669E+05 4.736E+06 8.003E+07 8.503E+07 8.503E+07 3.886E+07 45.1285 1.00000
  6.310E+13 6.310E+13 5.721E+00 2.995E+05 5.314E+06 9.191E+07 9.752E+07 9.752E+07 3.893E+07 45.3588 1.00000
  7.079E+13 7.079E+13 5.748E+00 3.360E+05 5.962E+06 1.055E+08 1.118E+08 1.118E+08 3.900E+07 45.5890 1.00000
  7.943E+13 7.943E+13 5.776E+00 3.770E+05 6.689E+06 1.212E+08 1.283E+08 1.283E+08 3.908E+07 45.8193 1.00000
  8.913E+13 8.913E+13 5.804E+00 4.230E+05 7.505E+06 1.392E+08 1.472E+08 1.472E+08 3.915E+07 46.0496 1.00000
  1.000E+14 1.000E+14 5.832E+00 4.746E+05 8.420E+06 1.599E+08 1.688E+08 1.688E+08 3.922E+07 46.2798 1.00000
  1.122E+14 1.122E+14 5.860E+00 5.326E+05 9.447E+06 1.837E+08 1.937E+08 1.937E+08 3.928E+07 46.5101 1.00000
  1.259E+14 1.259E+14 5.888E+00 5.975E+05 1.060E+07 2.110E+08 2.222E+08 2.222E+08 3.935E+07 46.7403 1.00000
  1.413E+14 1.413E+14 5.916E+00 6.705E+05 1.189E+07 2.424E+08 2.550E+08 2.550E+08 3.942E+07 46.9706 1.00000
  1.585E+14 1.585E+14 5.945E+00 7.523E+05 1.334E+07 2.785E+08 2.926E+08 2.926E+08 3.948E+07 47.2009 1.00000
  1.778E+14 1.778E+14 5.973E+00 8.441E+05 1.497E+07 3.199E+08 3.358E+08 3.358E+08 3.954E+07 47.4311 1.00000
  1.995E+14 1.995E+14 6.002E+00 9.471E+05 1.679E+07 3.676E+08 3.853E+08 3.853E+08 3.960E+07 47.6614 1.00000
  2.239E+14 2.239E+14 6.031E+00 1.063E+06 1.884E+07 4.223E+08 4.423E+08 4.423E+08 3.966E+07 47.8916 1.00000
  2.512E+14 2.512E+14 6.060E+00 1.192E+06 2.114E+07 4.853E+08 5.076E+08 5.076E+08 3.972E+07 48.1219 1.00000
  2.818E+14 2.818E+14 6.090E+00 1.338E+06 2.372E+07 5.576E+08 5.827E+08 5.827E+08 3.977E+07 48.3521 1.00000
  3.162E+14 3.162E+14 6.119E+00 1.501E+06 2.661E+07 6.408E+08 6.689E+08 6.689E+08 3.983E+07 48.5824 1.00000
  3.548E+14 3.548E+14 6.149E+00 1.684E+06 2.985E+07 7.364E+08 7.679E+08 7.679E+08 3.988E+07 48.8127 1.00000
  3.981E+14 3.981E+14 6.178E+00 1.890E+06 3.349E+07 8.463E+08 8.817E+08 8.817E+08 3.994E+07 49.0429 1.00000
  4.467E+14 4.467E+14 6.208E+00 2.120E+06 3.758E+07 9.726E+08 1.012E+09 1.012E+09 3.999E+07 49.2732 1.00000
  5.012E+14 5.012E+14 6.238E+00 2.379E+06 4.216E+07 1.118E+09 1.162E+09 1.162E+09 4.004E+07 49.5034 1.00000
  5.623E+14 5.623E+14 6.269E+00 2.669E+06 4.730E+07 1.285E+09 1.335E+09 1.335E+09 4.009E+07 49.7337 1.00000
  6.310E+14 6.310E+14 6.299E+00 2.995E+06 5.307E+07 1.477E+09 1.533E+09 1.533E+09 4.014E+07 49.9640 1.00000
  7.079E+14 7.079E+14 6.329E+00 3.360E+06 5.954E+07 1.698E+09 1.760E+09 1.760E+09 4.018E+07 50.1942 1.00000
  7.943E+14 7.943E+14 6.360E+00 3.770E+06 6.680E+07 1.951E+09 2.022E+09 2.022E+09 4.023E+07 50.4245 1.00000
  8.913E+14 8.913E+14 6.391E+00 4.230E+06 7.495E+07 2.243E+09 2.322E+09 2.322E+09 4.027E+07 50.6547 1.00000
  1.000E+15 1.000E+15 6.422E+00 4.747E+06 8.409E+07 2.579E+09 2.668E+09 2.668E+09 4.032E+07 50.8850 1.00000
