 Incident particle is a Tau with M = 1776.82000 MeV
 Index = 0: Nihonium
      Absorber with <Z/A> = 0.39485
 Density effect computed following Fano (1963)
 Models for Radloss: brems =  SSR, pair =  SSR, photonuc = DRSS

 *** Table generated with PUMAS v1.1 ***

      T         p     Ionization  brems     pair     photonuc  Radloss    dE/dx   CSDA Range  delta   beta
    [MeV]    [MeV/c]  -----------------------[MeV cm^2/g]------------------------  [g/cm^2]
  1.000E+05 1.018E+05 1.539E+00 2.805E-04 2.532E-02 6.057E-03 3.166E-02 1.571E+00 3.183E+04  2.4889 0.99985
  1.122E+05 1.140E+05 1.558E+00 3.423E-04 3.031E-02 6.820E-03 3.747E-02 1.595E+00 3.954E+04  2.6369 0.99988
  1.259E+05 1.277E+05 1.577E+00 4.170E-04 3.617E-02 7.663E-03 4.425E-02 1.621E+00 4.805E+04  2.7894 0.99990
  1.413E+05 1.430E+05 1.595E+00 5.072E-04 4.305E-02 8.586E-03 5.214E-02 1.647E+00 5.745E+04  2.9461 0.99992
  1.585E+05 1.603E+05 1.614E+00 6.157E-04 5.109E-02 9.628E-03 6.134E-02 1.675E+00 6.783E+04  3.1068 0.99994
  1.778E+05 1.796E+05 1.632E+00 7.462E-04 6.050E-02 1.077E-02 7.201E-02 1.704E+00 7.927E+04  3.2715 0.99995
  1.995E+05 2.013E+05 1.650E+00 9.026E-04 7.146E-02 1.206E-02 8.442E-02 1.734E+00 9.190E+04  3.4400 0.99996
  2.239E+05 2.256E+05 1.667E+00 1.090E-03 8.422E-02 1.348E-02 9.878E-02 1.766E+00 1.058E+05  3.6123 0.99997
  2.512E+05 2.530E+05 1.685E+00 1.313E-03 9.904E-02 1.505E-02 1.154E-01 1.800E+00 1.211E+05  3.7883 0.99998
  2.818E+05 2.836E+05 1.702E+00 1.579E-03 1.162E-01 1.682E-02 1.346E-01 1.837E+00 1.380E+05  3.9679 0.99998
  3.162E+05 3.180E+05 1.719E+00 1.895E-03 1.361E-01 1.880E-02 1.568E-01 1.876E+00 1.565E+05  4.1511 0.99998
  3.548E+05 3.566E+05 1.736E+00 2.271E-03 1.591E-01 2.100E-02 1.824E-01 1.919E+00 1.768E+05  4.3378 0.99999
  3.981E+05 3.999E+05 1.753E+00 2.715E-03 1.857E-01 2.344E-02 2.118E-01 1.965E+00 1.991E+05  4.5277 0.99999
  4.467E+05 4.485E+05 1.770E+00 3.239E-03 2.163E-01 2.619E-02 2.457E-01 2.015E+00 2.235E+05  4.7207 0.99999
  5.012E+05 5.030E+05 1.786E+00 3.858E-03 2.515E-01 2.923E-02 2.846E-01 2.070E+00 2.502E+05  4.9166 0.99999
  5.623E+05 5.641E+05 1.802E+00 4.586E-03 2.919E-01 3.267E-02 3.292E-01 2.131E+00 2.793E+05  5.1151 1.00000
  6.310E+05 6.327E+05 1.818E+00 5.442E-03 3.384E-01 3.653E-02 3.804E-01 2.198E+00 3.110E+05  5.3162 1.00000
  7.079E+05 7.097E+05 1.834E+00 6.446E-03 3.916E-01 4.086E-02 4.389E-01 2.273E+00 3.455E+05  5.5196 1.00000
  7.943E+05 7.961E+05 1.849E+00 7.619E-03 4.526E-01 4.573E-02 5.059E-01 2.355E+00 3.828E+05  5.7252 1.00000
  8.913E+05 8.930E+05 1.865E+00 8.994E-03 5.223E-01 5.118E-02 5.824E-01 2.447E+00 4.232E+05  5.9328 1.00000
  1.000E+06 1.002E+06 1.880E+00 1.060E-02 6.019E-01 5.735E-02 6.698E-01 2.550E+00 4.667E+05  6.1423 1.00000
  1.122E+06 1.124E+06 1.895E+00 1.247E-02 6.927E-01 6.427E-02 7.694E-01 2.665E+00 5.135E+05  6.3537 1.00000
  1.259E+06 1.261E+06 1.910E+00 1.464E-02 7.962E-01 7.212E-02 8.830E-01 2.793E+00 5.637E+05  6.5668 1.00000
  1.413E+06 1.414E+06 1.925E+00 1.717E-02 9.141E-01 8.094E-02 1.012E+00 2.937E+00 6.173E+05  6.7815 1.00000
  1.585E+06 1.587E+06 1.939E+00 2.011E-02 1.048E+00 9.094E-02 1.159E+00 3.098E+00 6.745E+05  6.9978 1.00000
  1.778E+06 1.780E+06 1.954E+00 2.351E-02 1.201E+00 1.022E-01 1.326E+00 3.280E+00 7.351E+05  7.2155 1.00000
  1.995E+06 1.997E+06 1.968E+00 2.746E-02 1.374E+00 1.150E-01 1.516E+00 3.484E+00 7.993E+05  7.4344 1.00000
  2.239E+06 2.240E+06 1.982E+00 3.203E-02 1.570E+00 1.295E-01 1.732E+00 3.713E+00 8.670E+05  7.6546 1.00000
  2.512E+06 2.514E+06 1.995E+00 3.730E-02 1.793E+00 1.459E-01 1.976E+00 3.971E+00 9.381E+05  7.8758 1.00000
  2.818E+06 2.820E+06 2.009E+00 4.338E-02 2.045E+00 1.645E-01 2.253E+00 4.262E+00 1.013E+06  8.0979 1.00000
  3.162E+06 3.164E+06 2.023E+00 5.039E-02 2.330E+00 1.857E-01 2.566E+00 4.589E+00 1.090E+06  8.3208 1.00000
  3.548E+06 3.550E+06 2.036E+00 5.851E-02 2.653E+00 2.096E-01 2.922E+00 4.957E+00 1.171E+06  8.5445 1.00000
  3.981E+06 3.983E+06 2.049E+00 6.784E-02 3.019E+00 2.368E-01 3.323E+00 5.372E+00 1.255E+06  8.7689 1.00000
  4.467E+06 4.469E+06 2.062E+00 7.857E-02 3.432E+00 2.678E-01 3.778E+00 5.840E+00 1.342E+06  8.9938 1.00000
  5.012E+06 5.014E+06 2.075E+00 9.089E-02 3.898E+00 3.029E-01 4.292E+00 6.366E+00 1.431E+06  9.2193 1.00000
  5.623E+06 5.625E+06 2.088E+00 1.050E-01 4.424E+00 3.430E-01 4.872E+00 6.960E+00 1.523E+06  9.4453 1.00000
  6.310E+06 6.311E+06 2.100E+00 1.212E-01 5.018E+00 3.885E-01 5.528E+00 7.628E+00 1.617E+06  9.6718 1.00000
  7.079E+06 7.081E+06 2.112E+00 1.398E-01 5.688E+00 4.403E-01 6.268E+00 8.380E+00 1.713E+06  9.8988 1.00000
  7.943E+06 7.945E+06 2.125E+00 1.612E-01 6.443E+00 4.993E-01 7.104E+00 9.228E+00 1.812E+06 10.1261 1.00000
  8.913E+06 8.914E+06 2.137E+00 1.856E-01 7.294E+00 5.664E-01 8.046E+00 1.018E+01 1.912E+06 10.3539 1.00000
  1.000E+07 1.000E+07 2.149E+00 2.136E-01 8.253E+00 6.429E-01 9.110E+00 1.126E+01 2.013E+06 10.5820 1.00000
  1.122E+07 1.122E+07 2.160E+00 2.456E-01 9.333E+00 7.301E-01 1.031E+01 1.247E+01 2.116E+06 10.8104 1.00000
  1.259E+07 1.259E+07 2.172E+00 2.822E-01 1.055E+01 8.294E-01 1.166E+01 1.383E+01 2.220E+06 11.0391 1.00000
  1.413E+07 1.413E+07 2.184E+00 3.239E-01 1.192E+01 9.427E-01 1.318E+01 1.537E+01 2.325E+06 11.2681 1.00000
  1.585E+07 1.585E+07 2.195E+00 3.715E-01 1.346E+01 1.072E+00 1.490E+01 1.710E+01 2.432E+06 11.4972 1.00000
  1.778E+07 1.778E+07 2.207E+00 4.257E-01 1.519E+01 1.219E+00 1.684E+01 1.904E+01 2.539E+06 11.7266 1.00000
  1.995E+07 1.995E+07 2.218E+00 4.876E-01 1.714E+01 1.387E+00 1.901E+01 2.123E+01 2.647E+06 11.9561 1.00000
  2.239E+07 2.239E+07 2.229E+00 5.580E-01 1.933E+01 1.578E+00 2.147E+01 2.370E+01 2.755E+06 12.1858 1.00000
  2.512E+07 2.512E+07 2.240E+00 6.382E-01 2.180E+01 1.797E+00 2.423E+01 2.647E+01 2.864E+06 12.4156 1.00000
  2.818E+07 2.819E+07 2.251E+00 7.294E-01 2.457E+01 2.046E+00 2.734E+01 2.959E+01 2.974E+06 12.6454 1.00000
  3.162E+07 3.162E+07 2.263E+00 8.330E-01 2.768E+01 2.331E+00 3.084E+01 3.311E+01 3.084E+06 12.8754 1.00000
  3.548E+07 3.548E+07 2.274E+00 9.508E-01 3.118E+01 2.656E+00 3.478E+01 3.706E+01 3.194E+06 13.1054 1.00000
  3.981E+07 3.981E+07 2.285E+00 1.085E+00 3.511E+01 3.027E+00 3.922E+01 4.150E+01 3.304E+06 13.3354 1.00000
  4.467E+07 4.467E+07 2.296E+00 1.237E+00 3.953E+01 3.450E+00 4.421E+01 4.651E+01 3.415E+06 13.5655 1.00000
  5.012E+07 5.012E+07 2.307E+00 1.410E+00 4.449E+01 3.933E+00 4.983E+01 5.214E+01 3.525E+06 13.7957 1.00000
  5.623E+07 5.624E+07 2.318E+00 1.606E+00 5.006E+01 4.485E+00 5.615E+01 5.847E+01 3.636E+06 14.0258 1.00000
  6.310E+07 6.310E+07 2.328E+00 1.828E+00 5.632E+01 5.115E+00 6.326E+01 6.559E+01 3.747E+06 14.2560 1.00000
  7.079E+07 7.080E+07 2.339E+00 2.079E+00 6.335E+01 5.835E+00 7.126E+01 7.360E+01 3.857E+06 14.4862 1.00000
  7.943E+07 7.943E+07 2.350E+00 2.364E+00 7.124E+01 6.658E+00 8.026E+01 8.261E+01 3.968E+06 14.7164 1.00000
  8.913E+07 8.913E+07 2.361E+00 2.686E+00 8.010E+01 7.597E+00 9.038E+01 9.275E+01 4.079E+06 14.9466 1.00000
  1.000E+08 1.000E+08 2.372E+00 3.051E+00 9.005E+01 8.670E+00 1.018E+02 1.041E+02 4.189E+06 15.1768 1.00000
  1.122E+08 1.122E+08 2.384E+00 3.464E+00 1.012E+02 9.896E+00 1.146E+02 1.170E+02 4.300E+06 15.4070 1.00000
  1.259E+08 1.259E+08 2.395E+00 3.930E+00 1.138E+02 1.130E+01 1.290E+02 1.314E+02 4.410E+06 15.6373 1.00000
  1.413E+08 1.413E+08 2.406E+00 4.458E+00 1.278E+02 1.290E+01 1.452E+02 1.476E+02 4.520E+06 15.8675 1.00000
  1.585E+08 1.585E+08 2.417E+00 5.053E+00 1.436E+02 1.473E+01 1.634E+02 1.658E+02 4.631E+06 16.0978 1.00000
  1.778E+08 1.778E+08 2.428E+00 5.725E+00 1.614E+02 1.682E+01 1.839E+02 1.864E+02 4.740E+06 16.3280 1.00000
  1.995E+08 1.995E+08 2.439E+00 6.484E+00 1.813E+02 1.920E+01 2.070E+02 2.094E+02 4.850E+06 16.5583 1.00000
  2.239E+08 2.239E+08 2.450E+00 7.340E+00 2.036E+02 2.193E+01 2.329E+02 2.354E+02 4.960E+06 16.7885 1.00000
  2.512E+08 2.512E+08 2.462E+00 8.306E+00 2.287E+02 2.506E+01 2.621E+02 2.645E+02 5.069E+06 17.0188 1.00000
  2.818E+08 2.818E+08 2.473E+00 9.395E+00 2.569E+02 2.862E+01 2.949E+02 2.974E+02 5.179E+06 17.2490 1.00000
  3.162E+08 3.162E+08 2.485E+00 1.062E+01 2.885E+02 3.270E+01 3.318E+02 3.343E+02 5.288E+06 17.4793 1.00000
  3.548E+08 3.548E+08 2.496E+00 1.201E+01 3.239E+02 3.737E+01 3.733E+02 3.758E+02 5.396E+06 17.7095 1.00000
  3.981E+08 3.981E+08 2.507E+00 1.356E+01 3.637E+02 4.270E+01 4.200E+02 4.225E+02 5.505E+06 17.9398 1.00000
  4.467E+08 4.467E+08 2.519E+00 1.532E+01 4.083E+02 4.879E+01 4.725E+02 4.750E+02 5.613E+06 18.1700 1.00000
  5.012E+08 5.012E+08 2.531E+00 1.729E+01 4.584E+02 5.576E+01 5.315E+02 5.340E+02 5.721E+06 18.4003 1.00000
  5.623E+08 5.623E+08 2.542E+00 1.952E+01 5.147E+02 6.374E+01 5.979E+02 6.005E+02 5.829E+06 18.6305 1.00000
  6.310E+08 6.310E+08 2.554E+00 2.202E+01 5.778E+02 7.285E+01 6.726E+02 6.752E+02 5.937E+06 18.8608 1.00000
  7.079E+08 7.079E+08 2.566E+00 2.484E+01 6.486E+02 8.328E+01 7.567E+02 7.593E+02 6.045E+06 19.0911 1.00000
  7.943E+08 7.943E+08 2.578E+00 2.800E+01 7.280E+02 9.521E+01 8.512E+02 8.538E+02 6.152E+06 19.3213 1.00000
  8.913E+08 8.913E+08 2.590E+00 3.157E+01 8.172E+02 1.088E+02 9.576E+02 9.602E+02 6.259E+06 19.5516 1.00000
  1.000E+09 1.000E+09 2.602E+00 3.557E+01 9.172E+02 1.245E+02 1.077E+03 1.080E+03 6.366E+06 19.7818 1.00000
  1.122E+09 1.122E+09 2.614E+00 4.008E+01 1.029E+03 1.423E+02 1.212E+03 1.214E+03 6.472E+06 20.0121 1.00000
  1.259E+09 1.259E+09 2.626E+00 4.514E+01 1.155E+03 1.627E+02 1.363E+03 1.366E+03 6.578E+06 20.2423 1.00000
  1.413E+09 1.413E+09 2.638E+00 5.083E+01 1.297E+03 1.861E+02 1.534E+03 1.536E+03 6.684E+06 20.4726 1.00000
  1.585E+09 1.585E+09 2.650E+00 5.722E+01 1.455E+03 2.128E+02 1.725E+03 1.728E+03 6.790E+06 20.7029 1.00000
  1.778E+09 1.778E+09 2.662E+00 6.441E+01 1.633E+03 2.434E+02 1.941E+03 1.944E+03 6.895E+06 20.9331 1.00000
  1.995E+09 1.995E+09 2.675E+00 7.248E+01 1.833E+03 2.784E+02 2.184E+03 2.187E+03 7.001E+06 21.1634 1.00000
  2.239E+09 2.239E+09 2.687E+00 8.155E+01 2.057E+03 3.185E+02 2.457E+03 2.460E+03 7.106E+06 21.3936 1.00000
  2.512E+09 2.512E+09 2.700E+00 9.173E+01 2.308E+03 3.643E+02 2.764E+03 2.767E+03 7.210E+06 21.6239 1.00000
  2.818E+09 2.818E+09 2.712E+00 1.032E+02 2.590E+03 4.167E+02 3.110E+03 3.113E+03 7.315E+06 21.8542 1.00000
  3.162E+09 3.162E+09 2.725E+00 1.160E+02 2.907E+03 4.768E+02 3.500E+03 3.503E+03 7.419E+06 22.0844 1.00000
  3.548E+09 3.548E+09 2.738E+00 1.304E+02 3.262E+03 5.455E+02 3.938E+03 3.941E+03 7.522E+06 22.3147 1.00000
  3.981E+09 3.981E+09 2.750E+00 1.466E+02 3.661E+03 6.242E+02 4.431E+03 4.434E+03 7.626E+06 22.5449 1.00000
  4.467E+09 4.467E+09 2.763E+00 1.648E+02 4.108E+03 7.142E+02 4.987E+03 4.990E+03 7.729E+06 22.7752 1.00000
  5.012E+09 5.012E+09 2.776E+00 1.853E+02 4.609E+03 8.173E+02 5.612E+03 5.615E+03 7.832E+06 23.0054 1.00000
  5.623E+09 5.623E+09 2.789E+00 2.082E+02 5.172E+03 9.353E+02 6.316E+03 6.319E+03 7.935E+06 23.2357 1.00000
  6.310E+09 6.310E+09 2.802E+00 2.339E+02 5.804E+03 1.070E+03 7.108E+03 7.111E+03 8.037E+06 23.4660 1.00000
  7.079E+09 7.079E+09 2.815E+00 2.628E+02 6.512E+03 1.225E+03 8.000E+03 8.003E+03 8.139E+06 23.6962 1.00000
  7.943E+09 7.943E+09 2.829E+00 2.952E+02 7.308E+03 1.402E+03 9.005E+03 9.008E+03 8.241E+06 23.9265 1.00000
  8.913E+09 8.913E+09 2.842E+00 3.316E+02 8.200E+03 1.605E+03 1.014E+04 1.014E+04 8.342E+06 24.1567 1.00000
  1.000E+10 1.000E+10 2.855E+00 3.725E+02 9.201E+03 1.838E+03 1.141E+04 1.141E+04 8.443E+06 24.3870 1.00000
  1.122E+10 1.122E+10 2.869E+00 4.183E+02 1.032E+04 2.104E+03 1.285E+04 1.285E+04 8.544E+06 24.6172 1.00000
  1.259E+10 1.259E+10 2.882E+00 4.698E+02 1.158E+04 2.408E+03 1.446E+04 1.447E+04 8.644E+06 24.8475 1.00000
  1.413E+10 1.413E+10 2.896E+00 5.276E+02 1.300E+04 2.757E+03 1.628E+04 1.629E+04 8.744E+06 25.0777 1.00000
  1.585E+10 1.585E+10 2.909E+00 5.924E+02 1.458E+04 3.157E+03 1.833E+04 1.834E+04 8.844E+06 25.3079 1.00000
  1.778E+10 1.778E+10 2.923E+00 6.651E+02 1.636E+04 3.615E+03 2.065E+04 2.065E+04 8.943E+06 25.5382 1.00000
  1.995E+10 1.995E+10 2.937E+00 7.467E+02 1.836E+04 4.140E+03 2.325E+04 2.325E+04 9.042E+06 25.7684 1.00000
  2.239E+10 2.239E+10 2.951E+00 8.384E+02 2.060E+04 4.741E+03 2.618E+04 2.619E+04 9.141E+06 25.9983 1.00000
  2.512E+10 2.512E+10 2.965E+00 9.412E+02 2.312E+04 5.429E+03 2.949E+04 2.949E+04 9.239E+06 26.2286 1.00000
  2.818E+10 2.818E+10 2.979E+00 1.057E+03 2.594E+04 6.218E+03 3.321E+04 3.322E+04 9.337E+06 26.4588 1.00000
  3.162E+10 3.162E+10 2.993E+00 1.186E+03 2.910E+04 7.122E+03 3.741E+04 3.742E+04 9.434E+06 26.6875 1.00000
  3.548E+10 3.548E+10 3.007E+00 1.331E+03 3.266E+04 8.158E+03 4.215E+04 4.215E+04 9.532E+06 26.9178 1.00000
  3.981E+10 3.981E+10 3.022E+00 1.494E+03 3.664E+04 9.344E+03 4.748E+04 4.748E+04 9.628E+06 27.1481 1.00000
  4.467E+10 4.467E+10 3.036E+00 1.677E+03 4.111E+04 1.070E+04 5.350E+04 5.350E+04 9.725E+06 27.3783 1.00000
  5.012E+10 5.012E+10 3.051E+00 1.882E+03 4.613E+04 1.226E+04 6.028E+04 6.028E+04 9.821E+06 27.6021 1.00000
  5.623E+10 5.623E+10 3.066E+00 2.113E+03 5.176E+04 1.405E+04 6.792E+04 6.793E+04 9.916E+06 27.8323 1.00000
  6.310E+10 6.310E+10 3.080E+00 2.371E+03 5.808E+04 1.610E+04 7.655E+04 7.655E+04 1.001E+07 28.0626 1.00000
  7.079E+10 7.079E+10 3.097E+00 2.661E+03 6.516E+04 1.844E+04 8.627E+04 8.627E+04 1.011E+07 28.2637 1.00000
  7.943E+10 7.943E+10 3.111E+00 2.986E+03 7.312E+04 2.113E+04 9.724E+04 9.724E+04 1.020E+07 28.4940 1.00000
  8.913E+10 8.913E+10 3.126E+00 3.351E+03 8.204E+04 2.422E+04 1.096E+05 1.096E+05 1.029E+07 28.7242 1.00000
  1.000E+11 1.000E+11 3.141E+00 3.761E+03 9.205E+04 2.775E+04 1.236E+05 1.236E+05 1.039E+07 28.9545 1.00000
  1.122E+11 1.122E+11 3.156E+00 4.221E+03 1.033E+05 3.181E+04 1.393E+05 1.393E+05 1.048E+07 29.1847 1.00000
  1.259E+11 1.259E+11 3.181E+00 4.736E+03 1.159E+05 3.646E+04 1.571E+05 1.571E+05 1.057E+07 29.2595 1.00000
  1.413E+11 1.413E+11 3.196E+00 5.315E+03 1.300E+05 4.178E+04 1.771E+05 1.771E+05 1.066E+07 29.4898 1.00000
  1.585E+11 1.585E+11 3.211E+00 5.964E+03 1.459E+05 4.789E+04 1.997E+05 1.998E+05 1.076E+07 29.7200 1.00000
  1.778E+11 1.778E+11 3.227E+00 6.693E+03 1.637E+05 5.490E+04 2.253E+05 2.253E+05 1.085E+07 29.9503 1.00000
  1.995E+11 1.995E+11 3.242E+00 7.510E+03 1.837E+05 6.294E+04 2.541E+05 2.541E+05 1.094E+07 30.1806 1.00000
  2.239E+11 2.239E+11 3.258E+00 8.427E+03 2.061E+05 7.215E+04 2.867E+05 2.867E+05 1.103E+07 30.4108 1.00000
  2.512E+11 2.512E+11 3.273E+00 9.456E+03 2.312E+05 8.272E+04 3.234E+05 3.234E+05 1.112E+07 30.6411 1.00000
  2.818E+11 2.818E+11 3.289E+00 1.061E+04 2.594E+05 9.484E+04 3.649E+05 3.649E+05 1.121E+07 30.8713 1.00000
  3.162E+11 3.162E+11 3.305E+00 1.191E+04 2.911E+05 1.087E+05 4.117E+05 4.117E+05 1.130E+07 31.1016 1.00000
  3.548E+11 3.548E+11 3.321E+00 1.336E+04 3.266E+05 1.247E+05 4.647E+05 4.647E+05 1.138E+07 31.3319 1.00000
  3.981E+11 3.981E+11 3.337E+00 1.499E+04 3.665E+05 1.430E+05 5.244E+05 5.244E+05 1.147E+07 31.5621 1.00000
  4.467E+11 4.467E+11 3.353E+00 1.682E+04 4.112E+05 1.640E+05 5.920E+05 5.920E+05 1.156E+07 31.7924 1.00000
  5.012E+11 5.012E+11 3.369E+00 1.887E+04 4.613E+05 1.881E+05 6.683E+05 6.683E+05 1.165E+07 32.0226 1.00000
  5.623E+11 5.623E+11 3.386E+00 2.118E+04 5.176E+05 2.157E+05 7.545E+05 7.545E+05 1.173E+07 32.2529 1.00000
  6.310E+11 6.310E+11 3.402E+00 2.376E+04 5.808E+05 2.474E+05 8.520E+05 8.520E+05 1.182E+07 32.4832 1.00000
  7.079E+11 7.079E+11 3.418E+00 2.666E+04 6.517E+05 2.838E+05 9.621E+05 9.621E+05 1.190E+07 32.7134 1.00000
  7.943E+11 7.943E+11 3.435E+00 2.992E+04 7.312E+05 3.255E+05 1.087E+06 1.087E+06 1.199E+07 32.9437 1.00000
  8.913E+11 8.913E+11 3.452E+00 3.357E+04 8.204E+05 3.734E+05 1.227E+06 1.227E+06 1.207E+07 33.1739 1.00000
  1.000E+12 1.000E+12 3.468E+00 3.767E+04 9.205E+05 4.284E+05 1.387E+06 1.387E+06 1.215E+07 33.4042 1.00000
  1.122E+12 1.122E+12 3.485E+00 4.226E+04 1.033E+06 4.915E+05 1.567E+06 1.567E+06 1.224E+07 33.6344 1.00000
  1.259E+12 1.259E+12 3.502E+00 4.742E+04 1.159E+06 5.639E+05 1.770E+06 1.770E+06 1.232E+07 33.8647 1.00000
  1.413E+12 1.413E+12 3.519E+00 5.321E+04 1.300E+06 6.470E+05 2.000E+06 2.000E+06 1.240E+07 34.0950 1.00000
  1.585E+12 1.585E+12 3.536E+00 5.970E+04 1.459E+06 7.424E+05 2.261E+06 2.261E+06 1.248E+07 34.3252 1.00000
  1.778E+12 1.778E+12 3.553E+00 6.699E+04 1.637E+06 8.519E+05 2.556E+06 2.556E+06 1.256E+07 34.5555 1.00000
  1.995E+12 1.995E+12 3.571E+00 7.516E+04 1.837E+06 9.776E+05 2.889E+06 2.889E+06 1.264E+07 34.7857 1.00000
  2.239E+12 2.239E+12 3.588E+00 8.433E+04 2.061E+06 1.122E+06 3.267E+06 3.267E+06 1.272E+07 35.0160 1.00000
  2.512E+12 2.512E+12 3.605E+00 9.462E+04 2.312E+06 1.288E+06 3.694E+06 3.694E+06 1.280E+07 35.2463 1.00000
  2.818E+12 2.818E+12 3.623E+00 1.062E+05 2.594E+06 1.478E+06 4.178E+06 4.178E+06 1.288E+07 35.4765 1.00000
  3.162E+12 3.162E+12 3.641E+00 1.191E+05 2.911E+06 1.696E+06 4.726E+06 4.726E+06 1.295E+07 35.7068 1.00000
  3.548E+12 3.548E+12 3.659E+00 1.337E+05 3.266E+06 1.947E+06 5.347E+06 5.347E+06 1.303E+07 35.9370 1.00000
  3.981E+12 3.981E+12 3.676E+00 1.500E+05 3.665E+06 2.235E+06 6.049E+06 6.049E+06 1.311E+07 36.1673 1.00000
  4.467E+12 4.467E+12 3.694E+00 1.683E+05 4.112E+06 2.566E+06 6.846E+06 6.846E+06 1.318E+07 36.3975 1.00000
  5.012E+12 5.012E+12 3.712E+00 1.888E+05 4.613E+06 2.946E+06 7.748E+06 7.748E+06 1.326E+07 36.6278 1.00000
  5.623E+12 5.623E+12 3.731E+00 2.118E+05 5.176E+06 3.382E+06 8.770E+06 8.770E+06 1.333E+07 36.8581 1.00000
  6.310E+12 6.310E+12 3.749E+00 2.377E+05 5.808E+06 3.883E+06 9.928E+06 9.928E+06 1.341E+07 37.0883 1.00000
  7.079E+12 7.079E+12 3.767E+00 2.667E+05 6.516E+06 4.458E+06 1.124E+07 1.124E+07 1.348E+07 37.3186 1.00000
  7.943E+12 7.943E+12 3.786E+00 2.992E+05 7.312E+06 5.119E+06 1.273E+07 1.273E+07 1.355E+07 37.5488 1.00000
  8.913E+12 8.913E+12 3.804E+00 3.358E+05 8.204E+06 5.878E+06 1.442E+07 1.442E+07 1.362E+07 37.7791 1.00000
  1.000E+13 1.000E+13 3.823E+00 3.767E+05 9.205E+06 6.751E+06 1.633E+07 1.633E+07 1.369E+07 38.0094 1.00000
  1.122E+13 1.122E+13 3.842E+00 4.227E+05 1.033E+07 7.753E+06 1.850E+07 1.850E+07 1.376E+07 38.2396 1.00000
  1.259E+13 1.259E+13 3.861E+00 4.743E+05 1.159E+07 8.904E+06 2.097E+07 2.097E+07 1.383E+07 38.4699 1.00000
  1.413E+13 1.413E+13 3.880E+00 5.321E+05 1.300E+07 1.023E+07 2.376E+07 2.376E+07 1.390E+07 38.7001 1.00000
  1.585E+13 1.585E+13 3.899E+00 5.971E+05 1.459E+07 1.175E+07 2.693E+07 2.693E+07 1.397E+07 38.9304 1.00000
  1.778E+13 1.778E+13 3.918E+00 6.699E+05 1.637E+07 1.349E+07 3.053E+07 3.053E+07 1.404E+07 39.1606 1.00000
  1.995E+13 1.995E+13 3.937E+00 7.517E+05 1.837E+07 1.550E+07 3.462E+07 3.462E+07 1.410E+07 39.3909 1.00000
  2.239E+13 2.239E+13 3.957E+00 8.434E+05 2.061E+07 1.780E+07 3.925E+07 3.925E+07 1.417E+07 39.6212 1.00000
  2.512E+13 2.512E+13 3.976E+00 9.463E+05 2.312E+07 2.045E+07 4.452E+07 4.452E+07 1.423E+07 39.8514 1.00000
  2.818E+13 2.818E+13 3.996E+00 1.062E+06 2.594E+07 2.350E+07 5.050E+07 5.050E+07 1.430E+07 40.0817 1.00000
  3.162E+13 3.162E+13 4.015E+00 1.191E+06 2.911E+07 2.700E+07 5.730E+07 5.730E+07 1.436E+07 40.3119 1.00000
  3.548E+13 3.548E+13 4.035E+00 1.337E+06 3.266E+07 3.102E+07 6.502E+07 6.502E+07 1.443E+07 40.5422 1.00000
  3.981E+13 3.981E+13 4.055E+00 1.500E+06 3.664E+07 3.564E+07 7.379E+07 7.379E+07 1.449E+07 40.7725 1.00000
  4.467E+13 4.467E+13 4.075E+00 1.683E+06 4.111E+07 4.096E+07 8.376E+07 8.376E+07 1.455E+07 41.0027 1.00000
  5.012E+13 5.012E+13 4.095E+00 1.888E+06 4.613E+07 4.707E+07 9.509E+07 9.509E+07 1.461E+07 41.2330 1.00000
  5.623E+13 5.623E+13 4.115E+00 2.119E+06 5.176E+07 5.409E+07 1.080E+08 1.080E+08 1.467E+07 41.4632 1.00000
  6.310E+13 6.310E+13 4.136E+00 2.377E+06 5.807E+07 6.216E+07 1.226E+08 1.226E+08 1.473E+07 41.6935 1.00000
  7.079E+13 7.079E+13 4.156E+00 2.667E+06 6.516E+07 7.145E+07 1.393E+08 1.393E+08 1.479E+07 41.9238 1.00000
  7.943E+13 7.943E+13 4.177E+00 2.992E+06 7.311E+07 8.212E+07 1.582E+08 1.582E+08 1.485E+07 42.1540 1.00000
  8.913E+13 8.913E+13 4.198E+00 3.358E+06 8.203E+07 9.439E+07 1.798E+08 1.798E+08 1.491E+07 42.3843 1.00000
  1.000E+14 1.000E+14 4.218E+00 3.767E+06 9.204E+07 1.085E+08 2.043E+08 2.043E+08 1.496E+07 42.6145 1.00000
  1.122E+14 1.122E+14 4.239E+00 4.227E+06 1.033E+08 1.247E+08 2.322E+08 2.322E+08 1.502E+07 42.8448 1.00000
  1.259E+14 1.259E+14 4.260E+00 4.743E+06 1.159E+08 1.434E+08 2.640E+08 2.640E+08 1.507E+07 43.0750 1.00000
  1.413E+14 1.413E+14 4.281E+00 5.321E+06 1.300E+08 1.648E+08 3.001E+08 3.001E+08 1.513E+07 43.3053 1.00000
  1.585E+14 1.585E+14 4.303E+00 5.971E+06 1.459E+08 1.895E+08 3.413E+08 3.413E+08 1.518E+07 43.5356 1.00000
  1.778E+14 1.778E+14 4.324E+00 6.699E+06 1.637E+08 2.179E+08 3.882E+08 3.882E+08 1.524E+07 43.7658 1.00000
  1.995E+14 1.995E+14 4.345E+00 7.517E+06 1.836E+08 2.505E+08 4.416E+08 4.416E+08 1.529E+07 43.9961 1.00000
  2.239E+14 2.239E+14 4.367E+00 8.434E+06 2.060E+08 2.880E+08 5.025E+08 5.025E+08 1.534E+07 44.2263 1.00000
  2.512E+14 2.512E+14 4.389E+00 9.463E+06 2.312E+08 3.312E+08 5.718E+08 5.718E+08 1.539E+07 44.4566 1.00000
  2.818E+14 2.818E+14 4.410E+00 1.062E+07 2.594E+08 3.808E+08 6.508E+08 6.508E+08 1.544E+07 44.6869 1.00000
  3.162E+14 3.162E+14 4.432E+00 1.191E+07 2.910E+08 4.380E+08 7.409E+08 7.409E+08 1.549E+07 44.9171 1.00000
  3.548E+14 3.548E+14 4.454E+00 1.337E+07 3.265E+08 5.037E+08 8.436E+08 8.436E+08 1.554E+07 45.1474 1.00000
  3.981E+14 3.981E+14 4.477E+00 1.500E+07 3.664E+08 5.793E+08 9.606E+08 9.606E+08 1.559E+07 45.3776 1.00000
  4.467E+14 4.467E+14 4.499E+00 1.683E+07 4.111E+08 6.662E+08 1.094E+09 1.094E+09 1.563E+07 45.6079 1.00000
  5.012E+14 5.012E+14 4.521E+00 1.888E+07 4.613E+08 7.663E+08 1.246E+09 1.246E+09 1.568E+07 45.8381 1.00000
  5.623E+14 5.623E+14 4.544E+00 2.119E+07 5.175E+08 8.814E+08 1.420E+09 1.420E+09 1.573E+07 46.0684 1.00000
  6.310E+14 6.310E+14 4.566E+00 2.377E+07 5.807E+08 1.014E+09 1.618E+09 1.618E+09 1.577E+07 46.2987 1.00000
  7.079E+14 7.079E+14 4.589E+00 2.667E+07 6.515E+08 1.166E+09 1.844E+09 1.844E+09 1.582E+07 46.5289 1.00000
  7.943E+14 7.943E+14 4.612E+00 2.992E+07 7.310E+08 1.342E+09 2.103E+09 2.103E+09 1.586E+07 46.7592 1.00000
  8.913E+14 8.913E+14 4.635E+00 3.358E+07 8.202E+08 1.543E+09 2.397E+09 2.397E+09 1.590E+07 46.9894 1.00000
  1.000E+15 1.000E+15 4.658E+00 3.767E+07 9.203E+08 1.776E+09 2.734E+09 2.734E+09 1.595E+07 47.2197 1.00000
