 Incident particle is a Tau with M = 1776.82000 MeV
 Index = 0: Nitrobenzene
      Absorber with <Z/A> = 0.51986
 Density effect computed following Fano (1963)
 Models for Radloss: brems =  SSR, pair =  SSR, photonuc = DRSS

 *** Table generated with PUMAS v1.1 ***

      T         p     Ionization  brems     pair     photonuc  Radloss    dE/dx   CSDA Range  delta   beta
    [MeV]    [MeV/c]  -----------------------[MeV cm^2/g]------------------------  [g/cm^2]
  1.000E+05 1.018E+05 2.282E+00 3.704E-05 1.995E-03 6.737E-03 8.769E-03 2.291E+00 2.183E+04  4.7621 0.99985
  1.122E+05 1.140E+05 2.302E+00 4.484E-05 2.410E-03 7.637E-03 1.009E-02 2.312E+00 2.713E+04  4.9753 0.99988
  1.259E+05 1.277E+05 2.321E+00 5.417E-05 2.901E-03 8.638E-03 1.159E-02 2.333E+00 3.302E+04  5.1910 0.99990
  1.413E+05 1.430E+05 2.341E+00 6.534E-05 3.479E-03 9.744E-03 1.329E-02 2.354E+00 3.958E+04  5.4090 0.99992
  1.585E+05 1.603E+05 2.360E+00 7.867E-05 4.159E-03 1.100E-02 1.524E-02 2.375E+00 4.687E+04  5.6290 0.99994
  1.778E+05 1.796E+05 2.379E+00 9.454E-05 4.957E-03 1.239E-02 1.744E-02 2.397E+00 5.497E+04  5.8506 0.99995
  1.995E+05 2.013E+05 2.399E+00 1.134E-04 5.892E-03 1.397E-02 1.997E-02 2.419E+00 6.398E+04  6.0736 0.99996
  2.239E+05 2.256E+05 2.418E+00 1.358E-04 6.986E-03 1.572E-02 2.284E-02 2.441E+00 7.400E+04  6.2979 0.99997
  2.512E+05 2.530E+05 2.437E+00 1.622E-04 8.262E-03 1.767E-02 2.610E-02 2.463E+00 8.514E+04  6.5231 0.99998
  2.818E+05 2.836E+05 2.456E+00 1.935E-04 9.750E-03 1.988E-02 2.982E-02 2.486E+00 9.753E+04  6.7492 0.99998
  3.162E+05 3.180E+05 2.475E+00 2.304E-04 1.148E-02 2.237E-02 3.408E-02 2.509E+00 1.113E+05  6.9759 0.99998
  3.548E+05 3.566E+05 2.494E+00 2.739E-04 1.349E-02 2.516E-02 3.892E-02 2.533E+00 1.266E+05  7.2033 0.99999
  3.981E+05 3.999E+05 2.513E+00 3.249E-04 1.583E-02 2.828E-02 4.443E-02 2.558E+00 1.436E+05  7.4311 0.99999
  4.467E+05 4.485E+05 2.532E+00 3.848E-04 1.853E-02 3.179E-02 5.071E-02 2.583E+00 1.625E+05  7.6593 0.99999
  5.012E+05 5.030E+05 2.551E+00 4.549E-04 2.166E-02 3.572E-02 5.783E-02 2.609E+00 1.835E+05  7.8878 0.99999
  5.623E+05 5.641E+05 2.570E+00 5.371E-04 2.527E-02 4.018E-02 6.598E-02 2.636E+00 2.068E+05  8.1166 1.00000
  6.310E+05 6.327E+05 2.589E+00 6.329E-04 2.943E-02 4.520E-02 7.527E-02 2.664E+00 2.327E+05  8.3456 1.00000
  7.079E+05 7.097E+05 2.607E+00 7.447E-04 3.424E-02 5.088E-02 8.586E-02 2.693E+00 2.614E+05  8.5748 1.00000
  7.943E+05 7.961E+05 2.626E+00 8.750E-04 3.976E-02 5.727E-02 9.791E-02 2.724E+00 2.933E+05  8.8041 1.00000
  8.913E+05 8.930E+05 2.645E+00 1.026E-03 4.612E-02 6.447E-02 1.116E-01 2.756E+00 3.287E+05  9.0336 1.00000
  1.000E+06 1.002E+06 2.663E+00 1.203E-03 5.341E-02 7.265E-02 1.273E-01 2.790E+00 3.679E+05  9.2632 1.00000
  1.122E+06 1.124E+06 2.682E+00 1.407E-03 6.178E-02 8.185E-02 1.450E-01 2.827E+00 4.114E+05  9.4929 1.00000
  1.259E+06 1.261E+06 2.700E+00 1.644E-03 7.136E-02 9.232E-02 1.653E-01 2.865E+00 4.595E+05  9.7227 1.00000
  1.413E+06 1.414E+06 2.718E+00 1.919E-03 8.234E-02 1.041E-01 1.884E-01 2.906E+00 5.127E+05  9.9525 1.00000
  1.585E+06 1.587E+06 2.736E+00 2.237E-03 9.488E-02 1.175E-01 2.147E-01 2.951E+00 5.715E+05 10.1824 1.00000
  1.778E+06 1.780E+06 2.754E+00 2.603E-03 1.092E-01 1.327E-01 2.445E-01 2.998E+00 6.366E+05 10.4124 1.00000
  1.995E+06 1.997E+06 2.772E+00 3.026E-03 1.256E-01 1.499E-01 2.785E-01 3.050E+00 7.083E+05 10.6424 1.00000
  2.239E+06 2.240E+06 2.789E+00 3.517E-03 1.442E-01 1.695E-01 3.173E-01 3.106E+00 7.874E+05 10.8724 1.00000
  2.512E+06 2.514E+06 2.807E+00 4.082E-03 1.654E-01 1.917E-01 3.612E-01 3.168E+00 8.745E+05 11.1024 1.00000
  2.818E+06 2.820E+06 2.824E+00 4.733E-03 1.896E-01 2.170E-01 4.113E-01 3.235E+00 9.702E+05 11.3325 1.00000
  3.162E+06 3.164E+06 2.841E+00 5.481E-03 2.170E-01 2.457E-01 4.682E-01 3.309E+00 1.075E+06 11.5626 1.00000
  3.548E+06 3.550E+06 2.858E+00 6.342E-03 2.483E-01 2.783E-01 5.329E-01 3.391E+00 1.190E+06 11.7927 1.00000
  3.981E+06 3.983E+06 2.875E+00 7.330E-03 2.837E-01 3.153E-01 6.064E-01 3.481E+00 1.316E+06 12.0229 1.00000
  4.467E+06 4.469E+06 2.892E+00 8.464E-03 3.239E-01 3.575E-01 6.898E-01 3.582E+00 1.454E+06 12.2530 1.00000
  5.012E+06 5.014E+06 2.908E+00 9.771E-03 3.694E-01 4.055E-01 7.847E-01 3.693E+00 1.604E+06 12.4832 1.00000
  5.623E+06 5.625E+06 2.925E+00 1.127E-02 4.211E-01 4.602E-01 8.925E-01 3.817E+00 1.767E+06 12.7134 1.00000
  6.310E+06 6.311E+06 2.941E+00 1.299E-02 4.795E-01 5.224E-01 1.015E+00 3.956E+00 1.943E+06 12.9435 1.00000
  7.079E+06 7.081E+06 2.957E+00 1.496E-02 5.456E-01 5.933E-01 1.154E+00 4.111E+00 2.134E+06 13.1737 1.00000
  7.943E+06 7.945E+06 2.973E+00 1.722E-02 6.204E-01 6.740E-01 1.312E+00 4.284E+00 2.340E+06 13.4039 1.00000
  8.913E+06 8.914E+06 2.988E+00 1.980E-02 7.049E-01 7.660E-01 1.491E+00 4.479E+00 2.561E+06 13.6341 1.00000
  1.000E+07 1.000E+07 3.004E+00 2.275E-02 8.004E-01 8.709E-01 1.694E+00 4.698E+00 2.798E+06 13.8644 1.00000
  1.122E+07 1.122E+07 3.019E+00 2.613E-02 9.083E-01 9.904E-01 1.925E+00 4.944E+00 3.051E+06 14.0946 1.00000
  1.259E+07 1.259E+07 3.035E+00 2.999E-02 1.030E+00 1.127E+00 2.187E+00 5.221E+00 3.321E+06 14.3248 1.00000
  1.413E+07 1.413E+07 3.050E+00 3.440E-02 1.167E+00 1.282E+00 2.484E+00 5.533E+00 3.607E+06 14.5550 1.00000
  1.585E+07 1.585E+07 3.065E+00 3.943E-02 1.322E+00 1.459E+00 2.821E+00 5.886E+00 3.909E+06 14.7853 1.00000
  1.778E+07 1.778E+07 3.080E+00 4.517E-02 1.497E+00 1.661E+00 3.203E+00 6.283E+00 4.227E+06 15.0155 1.00000
  1.995E+07 1.995E+07 3.095E+00 5.172E-02 1.693E+00 1.892E+00 3.637E+00 6.732E+00 4.560E+06 15.2457 1.00000
  2.239E+07 2.239E+07 3.109E+00 5.919E-02 1.915E+00 2.155E+00 4.129E+00 7.239E+00 4.909E+06 15.4760 1.00000
  2.512E+07 2.512E+07 3.124E+00 6.770E-02 2.165E+00 2.456E+00 4.688E+00 7.812E+00 5.272E+06 15.7062 1.00000
  2.818E+07 2.819E+07 3.139E+00 7.741E-02 2.445E+00 2.798E+00 5.321E+00 8.460E+00 5.649E+06 15.9364 1.00000
  3.162E+07 3.162E+07 3.153E+00 8.847E-02 2.762E+00 3.190E+00 6.040E+00 9.193E+00 6.039E+06 16.1667 1.00000
  3.548E+07 3.548E+07 3.168E+00 1.010E-01 3.118E+00 3.636E+00 6.855E+00 1.002E+01 6.441E+06 16.3969 1.00000
  3.981E+07 3.981E+07 3.182E+00 1.154E-01 3.518E+00 4.146E+00 7.779E+00 1.096E+01 6.854E+06 16.6272 1.00000
  4.467E+07 4.467E+07 3.197E+00 1.316E-01 3.968E+00 4.728E+00 8.828E+00 1.202E+01 7.277E+06 16.8574 1.00000
  5.012E+07 5.012E+07 3.211E+00 1.501E-01 4.474E+00 5.393E+00 1.002E+01 1.323E+01 7.709E+06 17.0877 1.00000
  5.623E+07 5.624E+07 3.225E+00 1.712E-01 5.044E+00 6.152E+00 1.137E+01 1.459E+01 8.149E+06 17.3179 1.00000
  6.310E+07 6.310E+07 3.240E+00 1.951E-01 5.684E+00 7.019E+00 1.290E+01 1.614E+01 8.596E+06 17.5482 1.00000
  7.079E+07 7.080E+07 3.254E+00 2.222E-01 6.403E+00 8.010E+00 1.463E+01 1.789E+01 9.049E+06 17.7784 1.00000
  7.943E+07 7.943E+07 3.269E+00 2.530E-01 7.211E+00 9.141E+00 1.660E+01 1.987E+01 9.507E+06 18.0087 1.00000
  8.913E+07 8.913E+07 3.283E+00 2.879E-01 8.119E+00 1.043E+01 1.884E+01 2.212E+01 9.969E+06 18.2389 1.00000
  1.000E+08 1.000E+08 3.298E+00 3.275E-01 9.139E+00 1.191E+01 2.138E+01 2.467E+01 1.043E+07 18.4692 1.00000
  1.122E+08 1.122E+08 3.312E+00 3.724E-01 1.028E+01 1.360E+01 2.425E+01 2.757E+01 1.090E+07 18.6995 1.00000
  1.259E+08 1.259E+08 3.327E+00 4.232E-01 1.157E+01 1.552E+01 2.752E+01 3.085E+01 1.137E+07 18.9297 1.00000
  1.413E+08 1.413E+08 3.342E+00 4.808E-01 1.302E+01 1.773E+01 3.122E+01 3.457E+01 1.184E+07 19.1600 1.00000
  1.585E+08 1.585E+08 3.356E+00 5.461E-01 1.464E+01 2.024E+01 3.543E+01 3.879E+01 1.231E+07 19.3902 1.00000
  1.778E+08 1.778E+08 3.371E+00 6.199E-01 1.646E+01 2.312E+01 4.020E+01 4.357E+01 1.278E+07 19.6205 1.00000
  1.995E+08 1.995E+08 3.386E+00 7.035E-01 1.851E+01 2.641E+01 4.562E+01 4.901E+01 1.325E+07 19.8507 1.00000
  2.239E+08 2.239E+08 3.400E+00 7.980E-01 2.081E+01 3.017E+01 5.177E+01 5.517E+01 1.372E+07 20.0810 1.00000
  2.512E+08 2.512E+08 3.415E+00 9.048E-01 2.339E+01 3.446E+01 5.875E+01 6.217E+01 1.419E+07 20.3112 1.00000
  2.818E+08 2.818E+08 3.430E+00 1.026E+00 2.628E+01 3.937E+01 6.668E+01 7.011E+01 1.465E+07 20.5415 1.00000
  3.162E+08 3.162E+08 3.445E+00 1.162E+00 2.953E+01 4.498E+01 7.568E+01 7.912E+01 1.511E+07 20.7718 1.00000
  3.548E+08 3.548E+08 3.460E+00 1.316E+00 3.318E+01 5.140E+01 8.590E+01 8.936E+01 1.557E+07 21.0020 1.00000
  3.981E+08 3.981E+08 3.476E+00 1.490E+00 3.728E+01 5.874E+01 9.751E+01 1.010E+02 1.603E+07 21.2323 1.00000
  4.467E+08 4.467E+08 3.491E+00 1.687E+00 4.187E+01 6.713E+01 1.107E+02 1.142E+02 1.648E+07 21.4625 1.00000
  5.012E+08 5.012E+08 3.506E+00 1.909E+00 4.703E+01 7.673E+01 1.257E+02 1.292E+02 1.693E+07 21.6928 1.00000
  5.623E+08 5.623E+08 3.521E+00 2.159E+00 5.282E+01 8.770E+01 1.427E+02 1.462E+02 1.737E+07 21.9230 1.00000
  6.310E+08 6.310E+08 3.537E+00 2.441E+00 5.932E+01 1.002E+02 1.620E+02 1.655E+02 1.781E+07 22.1533 1.00000
  7.079E+08 7.079E+08 3.552E+00 2.760E+00 6.661E+01 1.146E+02 1.840E+02 1.875E+02 1.825E+07 22.3836 1.00000
  7.943E+08 7.943E+08 3.568E+00 3.119E+00 7.479E+01 1.310E+02 2.089E+02 2.125E+02 1.868E+07 22.6138 1.00000
  8.913E+08 8.913E+08 3.584E+00 3.523E+00 8.398E+01 1.498E+02 2.373E+02 2.409E+02 1.911E+07 22.8441 1.00000
  1.000E+09 1.000E+09 3.599E+00 3.979E+00 9.429E+01 1.713E+02 2.695E+02 2.731E+02 1.953E+07 23.0743 1.00000
  1.122E+09 1.122E+09 3.615E+00 4.492E+00 1.059E+02 1.958E+02 3.062E+02 3.098E+02 1.995E+07 23.3046 1.00000
  1.259E+09 1.259E+09 3.631E+00 5.070E+00 1.188E+02 2.240E+02 3.479E+02 3.515E+02 2.037E+07 23.5349 1.00000
  1.413E+09 1.413E+09 3.647E+00 5.721E+00 1.334E+02 2.561E+02 3.952E+02 3.989E+02 2.078E+07 23.7651 1.00000
  1.585E+09 1.585E+09 3.663E+00 6.454E+00 1.497E+02 2.929E+02 4.491E+02 4.528E+02 2.118E+07 23.9954 1.00000
  1.778E+09 1.778E+09 3.680E+00 7.279E+00 1.681E+02 3.350E+02 5.104E+02 5.140E+02 2.158E+07 24.2256 1.00000
  1.995E+09 1.995E+09 3.696E+00 8.207E+00 1.887E+02 3.832E+02 5.800E+02 5.837E+02 2.198E+07 24.4559 1.00000
  2.239E+09 2.239E+09 3.712E+00 9.251E+00 2.117E+02 4.383E+02 6.593E+02 6.630E+02 2.237E+07 24.6861 1.00000
  2.512E+09 2.512E+09 3.729E+00 1.043E+01 2.377E+02 5.014E+02 7.495E+02 7.532E+02 2.276E+07 24.9164 1.00000
  2.818E+09 2.818E+09 3.745E+00 1.175E+01 2.667E+02 5.736E+02 8.521E+02 8.558E+02 2.314E+07 25.1467 1.00000
  3.162E+09 3.162E+09 3.762E+00 1.323E+01 2.994E+02 6.563E+02 9.689E+02 9.726E+02 2.351E+07 25.3769 1.00000
  3.548E+09 3.548E+09 3.779E+00 1.490E+01 3.360E+02 7.509E+02 1.102E+03 1.106E+03 2.389E+07 25.6072 1.00000
  3.981E+09 3.981E+09 3.795E+00 1.678E+01 3.770E+02 8.591E+02 1.253E+03 1.257E+03 2.425E+07 25.8374 1.00000
  4.467E+09 4.467E+09 3.812E+00 1.889E+01 4.231E+02 9.831E+02 1.425E+03 1.429E+03 2.462E+07 26.0677 1.00000
  5.012E+09 5.012E+09 3.829E+00 2.126E+01 4.748E+02 1.125E+03 1.621E+03 1.625E+03 2.497E+07 26.2980 1.00000
  5.623E+09 5.623E+09 3.846E+00 2.393E+01 5.329E+02 1.287E+03 1.844E+03 1.848E+03 2.533E+07 26.5282 1.00000
  6.310E+09 6.310E+09 3.864E+00 2.693E+01 5.980E+02 1.473E+03 2.098E+03 2.102E+03 2.567E+07 26.7585 1.00000
  7.079E+09 7.079E+09 3.881E+00 3.029E+01 6.710E+02 1.686E+03 2.388E+03 2.392E+03 2.602E+07 26.9887 1.00000
  7.943E+09 7.943E+09 3.898E+00 3.407E+01 7.530E+02 1.930E+03 2.717E+03 2.721E+03 2.636E+07 27.2190 1.00000
  8.913E+09 8.913E+09 3.916E+00 3.832E+01 8.450E+02 2.210E+03 3.093E+03 3.097E+03 2.669E+07 27.4492 1.00000
  1.000E+10 1.000E+10 3.933E+00 4.309E+01 9.482E+02 2.529E+03 3.521E+03 3.525E+03 2.702E+07 27.6795 1.00000
  1.122E+10 1.122E+10 3.951E+00 4.844E+01 1.064E+03 2.896E+03 4.008E+03 4.012E+03 2.734E+07 27.9097 1.00000
  1.259E+10 1.259E+10 3.969E+00 5.446E+01 1.194E+03 3.315E+03 4.563E+03 4.567E+03 2.766E+07 28.1400 1.00000
  1.413E+10 1.413E+10 3.987E+00 6.122E+01 1.340E+03 3.795E+03 5.196E+03 5.200E+03 2.798E+07 28.3702 1.00000
  1.585E+10 1.585E+10 4.005E+00 6.880E+01 1.503E+03 4.346E+03 5.918E+03 5.922E+03 2.829E+07 28.6004 1.00000
  1.778E+10 1.778E+10 4.023E+00 7.732E+01 1.687E+03 4.976E+03 6.740E+03 6.744E+03 2.859E+07 28.8307 1.00000
  1.995E+10 1.995E+10 4.041E+00 8.688E+01 1.893E+03 5.698E+03 7.678E+03 7.682E+03 2.889E+07 29.0609 1.00000
  2.239E+10 2.239E+10 4.059E+00 9.762E+01 2.124E+03 6.525E+03 8.747E+03 8.751E+03 2.919E+07 29.2908 1.00000
  2.512E+10 2.512E+10 4.078E+00 1.097E+02 2.383E+03 7.473E+03 9.966E+03 9.970E+03 2.948E+07 29.5211 1.00000
  2.818E+10 2.818E+10 4.096E+00 1.232E+02 2.674E+03 8.559E+03 1.136E+04 1.136E+04 2.977E+07 29.7513 1.00000
  3.162E+10 3.162E+10 4.115E+00 1.384E+02 3.000E+03 9.803E+03 1.294E+04 1.295E+04 3.006E+07 29.9800 1.00000
  3.548E+10 3.548E+10 4.134E+00 1.554E+02 3.366E+03 1.123E+04 1.475E+04 1.475E+04 3.033E+07 30.2103 1.00000
  3.981E+10 3.981E+10 4.153E+00 1.746E+02 3.777E+03 1.286E+04 1.681E+04 1.682E+04 3.061E+07 30.4406 1.00000
  4.467E+10 4.467E+10 4.172E+00 1.960E+02 4.238E+03 1.473E+04 1.917E+04 1.917E+04 3.088E+07 30.6708 1.00000
  5.012E+10 5.012E+10 4.191E+00 2.201E+02 4.756E+03 1.688E+04 2.186E+04 2.186E+04 3.115E+07 30.8946 1.00000
  5.623E+10 5.623E+10 4.210E+00 2.472E+02 5.336E+03 1.934E+04 2.492E+04 2.493E+04 3.141E+07 31.1248 1.00000
  6.310E+10 6.310E+10 4.230E+00 2.775E+02 5.987E+03 2.216E+04 2.842E+04 2.843E+04 3.166E+07 31.3551 1.00000
  7.079E+10 7.079E+10 4.251E+00 3.116E+02 6.718E+03 2.539E+04 3.242E+04 3.242E+04 3.192E+07 31.5562 1.00000
  7.943E+10 7.943E+10 4.271E+00 3.499E+02 7.538E+03 2.909E+04 3.698E+04 3.698E+04 3.217E+07 31.7865 1.00000
  8.913E+10 8.913E+10 4.290E+00 3.928E+02 8.457E+03 3.334E+04 4.219E+04 4.219E+04 3.241E+07 32.0167 1.00000
  1.000E+11 1.000E+11 4.310E+00 4.409E+02 9.490E+03 3.820E+04 4.813E+04 4.814E+04 3.265E+07 32.2470 1.00000
  1.122E+11 1.122E+11 4.330E+00 4.949E+02 1.065E+04 4.378E+04 5.493E+04 5.493E+04 3.289E+07 32.4772 1.00000
  1.259E+11 1.259E+11 4.362E+00 5.556E+02 1.195E+04 5.018E+04 6.268E+04 6.269E+04 3.312E+07 32.5520 1.00000
  1.413E+11 1.413E+11 4.382E+00 6.236E+02 1.340E+04 5.752E+04 7.154E+04 7.155E+04 3.335E+07 32.7823 1.00000
  1.585E+11 1.585E+11 4.402E+00 7.000E+02 1.504E+04 6.593E+04 8.167E+04 8.167E+04 3.358E+07 33.0126 1.00000
  1.778E+11 1.778E+11 4.423E+00 7.857E+02 1.688E+04 7.557E+04 9.323E+04 9.324E+04 3.380E+07 33.2428 1.00000
  1.995E+11 1.995E+11 4.443E+00 8.818E+02 1.894E+04 8.663E+04 1.064E+05 1.065E+05 3.402E+07 33.4731 1.00000
  2.239E+11 2.239E+11 4.463E+00 9.897E+02 2.125E+04 9.932E+04 1.216E+05 1.216E+05 3.423E+07 33.7033 1.00000
  2.512E+11 2.512E+11 4.484E+00 1.111E+03 2.384E+04 1.139E+05 1.388E+05 1.388E+05 3.444E+07 33.9336 1.00000
  2.818E+11 2.818E+11 4.505E+00 1.247E+03 2.675E+04 1.306E+05 1.585E+05 1.586E+05 3.465E+07 34.1639 1.00000
  3.162E+11 3.162E+11 4.526E+00 1.399E+03 3.001E+04 1.497E+05 1.811E+05 1.811E+05 3.485E+07 34.3941 1.00000
  3.548E+11 3.548E+11 4.547E+00 1.570E+03 3.367E+04 1.716E+05 2.069E+05 2.069E+05 3.505E+07 34.6244 1.00000
  3.981E+11 3.981E+11 4.568E+00 1.762E+03 3.778E+04 1.968E+05 2.364E+05 2.364E+05 3.525E+07 34.8546 1.00000
  4.467E+11 4.467E+11 4.589E+00 1.977E+03 4.239E+04 2.257E+05 2.701E+05 2.701E+05 3.544E+07 35.0849 1.00000
  5.012E+11 5.012E+11 4.610E+00 2.219E+03 4.756E+04 2.589E+05 3.087E+05 3.087E+05 3.563E+07 35.3151 1.00000
  5.623E+11 5.623E+11 4.632E+00 2.490E+03 5.337E+04 2.969E+05 3.528E+05 3.528E+05 3.581E+07 35.5454 1.00000
  6.310E+11 6.310E+11 4.653E+00 2.794E+03 5.988E+04 3.405E+05 4.032E+05 4.032E+05 3.599E+07 35.7757 1.00000
  7.079E+11 7.079E+11 4.675E+00 3.135E+03 6.719E+04 3.906E+05 4.609E+05 4.609E+05 3.617E+07 36.0059 1.00000
  7.943E+11 7.943E+11 4.697E+00 3.518E+03 7.538E+04 4.481E+05 5.270E+05 5.270E+05 3.635E+07 36.2362 1.00000
  8.913E+11 8.913E+11 4.718E+00 3.948E+03 8.458E+04 5.140E+05 6.025E+05 6.025E+05 3.652E+07 36.4664 1.00000
  1.000E+12 1.000E+12 4.740E+00 4.430E+03 9.490E+04 5.897E+05 6.890E+05 6.890E+05 3.669E+07 36.6967 1.00000
  1.122E+12 1.122E+12 4.763E+00 4.971E+03 1.065E+05 6.765E+05 7.879E+05 7.879E+05 3.685E+07 36.9270 1.00000
  1.259E+12 1.259E+12 4.785E+00 5.578E+03 1.195E+05 7.762E+05 9.012E+05 9.012E+05 3.702E+07 37.1572 1.00000
  1.413E+12 1.413E+12 4.807E+00 6.259E+03 1.341E+05 8.906E+05 1.031E+06 1.031E+06 3.718E+07 37.3875 1.00000
  1.585E+12 1.585E+12 4.830E+00 7.023E+03 1.504E+05 1.022E+06 1.179E+06 1.179E+06 3.733E+07 37.6177 1.00000
  1.778E+12 1.778E+12 4.852E+00 7.880E+03 1.688E+05 1.173E+06 1.349E+06 1.349E+06 3.749E+07 37.8480 1.00000
  1.995E+12 1.995E+12 4.875E+00 8.842E+03 1.894E+05 1.346E+06 1.544E+06 1.544E+06 3.764E+07 38.0782 1.00000
  2.239E+12 2.239E+12 4.898E+00 9.922E+03 2.125E+05 1.544E+06 1.767E+06 1.767E+06 3.778E+07 38.3085 1.00000
  2.512E+12 2.512E+12 4.921E+00 1.113E+04 2.384E+05 1.772E+06 2.022E+06 2.022E+06 3.793E+07 38.5388 1.00000
  2.818E+12 2.818E+12 4.944E+00 1.249E+04 2.675E+05 2.034E+06 2.314E+06 2.314E+06 3.807E+07 38.7690 1.00000
  3.162E+12 3.162E+12 4.968E+00 1.402E+04 3.001E+05 2.335E+06 2.649E+06 2.649E+06 3.821E+07 38.9993 1.00000
  3.548E+12 3.548E+12 4.991E+00 1.573E+04 3.367E+05 2.680E+06 3.033E+06 3.033E+06 3.834E+07 39.2295 1.00000
  3.981E+12 3.981E+12 5.015E+00 1.765E+04 3.778E+05 3.077E+06 3.472E+06 3.472E+06 3.848E+07 39.4598 1.00000
  4.467E+12 4.467E+12 5.038E+00 1.980E+04 4.239E+05 3.532E+06 3.975E+06 3.975E+06 3.861E+07 39.6901 1.00000
  5.012E+12 5.012E+12 5.062E+00 2.222E+04 4.756E+05 4.055E+06 4.552E+06 4.552E+06 3.874E+07 39.9203 1.00000
  5.623E+12 5.623E+12 5.086E+00 2.493E+04 5.337E+05 4.655E+06 5.214E+06 5.214E+06 3.886E+07 40.1506 1.00000
  6.310E+12 6.310E+12 5.110E+00 2.797E+04 5.988E+05 5.345E+06 5.971E+06 5.971E+06 3.898E+07 40.3808 1.00000
  7.079E+12 7.079E+12 5.134E+00 3.138E+04 6.718E+05 6.137E+06 6.840E+06 6.840E+06 3.910E+07 40.6111 1.00000
  7.943E+12 7.943E+12 5.158E+00 3.521E+04 7.538E+05 7.047E+06 7.836E+06 7.836E+06 3.922E+07 40.8413 1.00000
  8.913E+12 8.913E+12 5.183E+00 3.951E+04 8.458E+05 8.092E+06 8.977E+06 8.977E+06 3.934E+07 41.0716 1.00000
  1.000E+13 1.000E+13 5.208E+00 4.433E+04 9.490E+05 9.292E+06 1.029E+07 1.029E+07 3.945E+07 41.3019 1.00000
  1.122E+13 1.122E+13 5.232E+00 4.974E+04 1.065E+06 1.067E+07 1.179E+07 1.179E+07 3.956E+07 41.5321 1.00000
  1.259E+13 1.259E+13 5.257E+00 5.581E+04 1.195E+06 1.226E+07 1.351E+07 1.351E+07 3.967E+07 41.7624 1.00000
  1.413E+13 1.413E+13 5.282E+00 6.262E+04 1.340E+06 1.408E+07 1.548E+07 1.548E+07 3.978E+07 41.9926 1.00000
  1.585E+13 1.585E+13 5.307E+00 7.026E+04 1.504E+06 1.617E+07 1.774E+07 1.774E+07 3.988E+07 42.2229 1.00000
  1.778E+13 1.778E+13 5.332E+00 7.884E+04 1.688E+06 1.857E+07 2.034E+07 2.034E+07 3.998E+07 42.4532 1.00000
  1.995E+13 1.995E+13 5.358E+00 8.846E+04 1.893E+06 2.133E+07 2.332E+07 2.332E+07 4.008E+07 42.6834 1.00000
  2.239E+13 2.239E+13 5.383E+00 9.925E+04 2.124E+06 2.451E+07 2.673E+07 2.673E+07 4.018E+07 42.9137 1.00000
  2.512E+13 2.512E+13 5.409E+00 1.114E+05 2.384E+06 2.816E+07 3.065E+07 3.065E+07 4.027E+07 43.1439 1.00000
  2.818E+13 2.818E+13 5.435E+00 1.249E+05 2.675E+06 3.235E+07 3.515E+07 3.515E+07 4.037E+07 43.3742 1.00000
  3.162E+13 3.162E+13 5.461E+00 1.402E+05 3.001E+06 3.716E+07 4.031E+07 4.031E+07 4.046E+07 43.6044 1.00000
  3.548E+13 3.548E+13 5.487E+00 1.573E+05 3.367E+06 4.270E+07 4.623E+07 4.623E+07 4.055E+07 43.8347 1.00000
  3.981E+13 3.981E+13 5.513E+00 1.765E+05 3.778E+06 4.907E+07 5.302E+07 5.302E+07 4.064E+07 44.0650 1.00000
  4.467E+13 4.467E+13 5.539E+00 1.980E+05 4.239E+06 5.638E+07 6.082E+07 6.082E+07 4.072E+07 44.2952 1.00000
  5.012E+13 5.012E+13 5.566E+00 2.222E+05 4.756E+06 6.479E+07 6.977E+07 6.977E+07 4.081E+07 44.5255 1.00000
  5.623E+13 5.623E+13 5.593E+00 2.493E+05 5.336E+06 7.446E+07 8.004E+07 8.004E+07 4.089E+07 44.7557 1.00000
  6.310E+13 6.310E+13 5.619E+00 2.797E+05 5.987E+06 8.557E+07 9.184E+07 9.184E+07 4.097E+07 44.9860 1.00000
  7.079E+13 7.079E+13 5.646E+00 3.139E+05 6.718E+06 9.835E+07 1.054E+08 1.054E+08 4.105E+07 45.2163 1.00000
  7.943E+13 7.943E+13 5.673E+00 3.522E+05 7.538E+06 1.130E+08 1.209E+08 1.209E+08 4.112E+07 45.4465 1.00000
  8.913E+13 8.913E+13 5.701E+00 3.951E+05 8.457E+06 1.299E+08 1.388E+08 1.388E+08 4.120E+07 45.6768 1.00000
  1.000E+14 1.000E+14 5.728E+00 4.433E+05 9.489E+06 1.493E+08 1.593E+08 1.593E+08 4.127E+07 45.9070 1.00000
  1.122E+14 1.122E+14 5.756E+00 4.974E+05 1.065E+07 1.717E+08 1.828E+08 1.828E+08 4.134E+07 46.1373 1.00000
  1.259E+14 1.259E+14 5.783E+00 5.581E+05 1.195E+07 1.973E+08 2.099E+08 2.099E+08 4.141E+07 46.3676 1.00000
  1.413E+14 1.413E+14 5.811E+00 6.262E+05 1.340E+07 2.269E+08 2.409E+08 2.409E+08 4.148E+07 46.5978 1.00000
  1.585E+14 1.585E+14 5.839E+00 7.027E+05 1.504E+07 2.608E+08 2.766E+08 2.766E+08 4.155E+07 46.8281 1.00000
  1.778E+14 1.778E+14 5.867E+00 7.884E+05 1.687E+07 2.999E+08 3.175E+08 3.175E+08 4.161E+07 47.0583 1.00000
  1.995E+14 1.995E+14 5.895E+00 8.846E+05 1.893E+07 3.448E+08 3.646E+08 3.646E+08 4.167E+07 47.2886 1.00000
  2.239E+14 2.239E+14 5.924E+00 9.925E+05 2.124E+07 3.965E+08 4.187E+08 4.187E+08 4.174E+07 47.5188 1.00000
  2.512E+14 2.512E+14 5.952E+00 1.114E+06 2.383E+07 4.559E+08 4.808E+08 4.808E+08 4.180E+07 47.7491 1.00000
  2.818E+14 2.818E+14 5.981E+00 1.250E+06 2.674E+07 5.242E+08 5.522E+08 5.522E+08 4.186E+07 47.9794 1.00000
  3.162E+14 3.162E+14 6.010E+00 1.402E+06 3.001E+07 6.029E+08 6.343E+08 6.343E+08 4.192E+07 48.2096 1.00000
  3.548E+14 3.548E+14 6.039E+00 1.573E+06 3.367E+07 6.933E+08 7.285E+08 7.285E+08 4.197E+07 48.4399 1.00000
  3.981E+14 3.981E+14 6.068E+00 1.765E+06 3.777E+07 7.973E+08 8.369E+08 8.369E+08 4.203E+07 48.6701 1.00000
  4.467E+14 4.467E+14 6.097E+00 1.980E+06 4.238E+07 9.171E+08 9.614E+08 9.614E+08 4.208E+07 48.9004 1.00000
  5.012E+14 5.012E+14 6.127E+00 2.222E+06 4.755E+07 1.055E+09 1.105E+09 1.105E+09 4.213E+07 49.1307 1.00000
  5.623E+14 5.623E+14 6.156E+00 2.493E+06 5.336E+07 1.213E+09 1.269E+09 1.269E+09 4.219E+07 49.3609 1.00000
  6.310E+14 6.310E+14 6.186E+00 2.797E+06 5.987E+07 1.396E+09 1.458E+09 1.458E+09 4.224E+07 49.5912 1.00000
  7.079E+14 7.079E+14 6.216E+00 3.139E+06 6.717E+07 1.605E+09 1.676E+09 1.676E+09 4.229E+07 49.8214 1.00000
  7.943E+14 7.943E+14 6.246E+00 3.522E+06 7.537E+07 1.847E+09 1.926E+09 1.926E+09 4.233E+07 50.0517 1.00000
  8.913E+14 8.913E+14 6.276E+00 3.951E+06 8.456E+07 2.125E+09 2.213E+09 2.213E+09 4.238E+07 50.2819 1.00000
  1.000E+15 1.000E+15 6.307E+00 4.433E+06 9.488E+07 2.444E+09 2.543E+09 2.543E+09 4.243E+07 50.5122 1.00000
