 Incident particle is a Tau with M = 1776.82000 MeV
 Index = 0: Nobelium
      Absorber with <Z/A> = 0.39367
 Density effect computed following Fano (1963)
 Models for Radloss: brems =  SSR, pair =  SSR, photonuc = DRSS

 *** Table generated with PUMAS v1.1 ***

      T         p     Ionization  brems     pair     photonuc  Radloss    dE/dx   CSDA Range  delta   beta
    [MeV]    [MeV/c]  -----------------------[MeV cm^2/g]------------------------  [g/cm^2]
  1.000E+05 1.018E+05 1.540E+00 2.580E-04 2.283E-02 6.074E-03 2.916E-02 1.569E+00 3.186E+04  2.6679 0.99985
  1.122E+05 1.140E+05 1.559E+00 3.147E-04 2.733E-02 6.841E-03 3.449E-02 1.593E+00 3.957E+04  2.8209 0.99988
  1.259E+05 1.277E+05 1.577E+00 3.832E-04 3.262E-02 7.688E-03 4.069E-02 1.618E+00 4.810E+04  2.9782 0.99990
  1.413E+05 1.430E+05 1.595E+00 4.659E-04 3.883E-02 8.616E-03 4.791E-02 1.643E+00 5.752E+04  3.1394 0.99992
  1.585E+05 1.603E+05 1.613E+00 5.653E-04 4.609E-02 9.664E-03 5.632E-02 1.670E+00 6.792E+04  3.3046 0.99994
  1.778E+05 1.796E+05 1.631E+00 6.848E-04 5.458E-02 1.081E-02 6.608E-02 1.697E+00 7.941E+04  3.4736 0.99995
  1.995E+05 2.013E+05 1.649E+00 8.280E-04 6.448E-02 1.211E-02 7.742E-02 1.726E+00 9.208E+04  3.6465 0.99996
  2.239E+05 2.256E+05 1.666E+00 9.992E-04 7.600E-02 1.354E-02 9.054E-02 1.757E+00 1.061E+05  3.8230 0.99997
  2.512E+05 2.530E+05 1.684E+00 1.203E-03 8.938E-02 1.512E-02 1.057E-01 1.789E+00 1.215E+05  4.0032 0.99998
  2.818E+05 2.836E+05 1.701E+00 1.447E-03 1.049E-01 1.690E-02 1.233E-01 1.824E+00 1.384E+05  4.1869 0.99998
  3.162E+05 3.180E+05 1.717E+00 1.736E-03 1.229E-01 1.889E-02 1.435E-01 1.861E+00 1.571E+05  4.3741 0.99998
  3.548E+05 3.566E+05 1.734E+00 2.078E-03 1.437E-01 2.111E-02 1.669E-01 1.901E+00 1.776E+05  4.5644 0.99999
  3.981E+05 3.999E+05 1.751E+00 2.484E-03 1.677E-01 2.357E-02 1.937E-01 1.944E+00 2.001E+05  4.7579 0.99999
  4.467E+05 4.485E+05 1.767E+00 2.962E-03 1.953E-01 2.634E-02 2.246E-01 1.991E+00 2.248E+05  4.9542 0.99999
  5.012E+05 5.030E+05 1.783E+00 3.526E-03 2.272E-01 2.941E-02 2.601E-01 2.043E+00 2.518E+05  5.1531 0.99999
  5.623E+05 5.641E+05 1.799E+00 4.190E-03 2.638E-01 3.287E-02 3.008E-01 2.100E+00 2.814E+05  5.3546 1.00000
  6.310E+05 6.327E+05 1.815E+00 4.970E-03 3.058E-01 3.676E-02 3.475E-01 2.162E+00 3.136E+05  5.5583 1.00000
  7.079E+05 7.097E+05 1.830E+00 5.885E-03 3.539E-01 4.113E-02 4.009E-01 2.231E+00 3.486E+05  5.7642 1.00000
  7.943E+05 7.961E+05 1.846E+00 6.954E-03 4.091E-01 4.604E-02 4.620E-01 2.308E+00 3.867E+05  5.9721 1.00000
  8.913E+05 8.930E+05 1.861E+00 8.205E-03 4.721E-01 5.154E-02 5.319E-01 2.393E+00 4.279E+05  6.1820 1.00000
  1.000E+06 1.002E+06 1.876E+00 9.665E-03 5.442E-01 5.776E-02 6.116E-01 2.487E+00 4.725E+05  6.3936 1.00000
  1.122E+06 1.124E+06 1.891E+00 1.137E-02 6.264E-01 6.474E-02 7.025E-01 2.593E+00 5.205E+05  6.6070 1.00000
  1.259E+06 1.261E+06 1.906E+00 1.335E-02 7.201E-01 7.266E-02 8.061E-01 2.712E+00 5.722E+05  6.8220 1.00000
  1.413E+06 1.414E+06 1.920E+00 1.565E-02 8.268E-01 8.156E-02 9.241E-01 2.844E+00 6.275E+05  7.0385 1.00000
  1.585E+06 1.587E+06 1.934E+00 1.832E-02 9.483E-01 9.166E-02 1.058E+00 2.993E+00 6.865E+05  7.2564 1.00000
  1.778E+06 1.780E+06 1.949E+00 2.141E-02 1.086E+00 1.030E-01 1.211E+00 3.159E+00 7.494E+05  7.4756 1.00000
  1.995E+06 1.997E+06 1.963E+00 2.500E-02 1.243E+00 1.159E-01 1.384E+00 3.347E+00 8.161E+05  7.6959 1.00000
  2.239E+06 2.240E+06 1.977E+00 2.915E-02 1.421E+00 1.306E-01 1.581E+00 3.557E+00 8.867E+05  7.9172 1.00000
  2.512E+06 2.514E+06 1.990E+00 3.394E-02 1.623E+00 1.471E-01 1.804E+00 3.794E+00 9.610E+05  8.1395 1.00000
  2.818E+06 2.820E+06 2.004E+00 3.946E-02 1.851E+00 1.659E-01 2.057E+00 4.061E+00 1.039E+06  8.3625 1.00000
  3.162E+06 3.164E+06 2.017E+00 4.584E-02 2.110E+00 1.873E-01 2.343E+00 4.360E+00 1.121E+06  8.5863 1.00000
  3.548E+06 3.550E+06 2.030E+00 5.321E-02 2.403E+00 2.114E-01 2.668E+00 4.698E+00 1.206E+06  8.8108 1.00000
  3.981E+06 3.983E+06 2.043E+00 6.168E-02 2.734E+00 2.389E-01 3.035E+00 5.078E+00 1.295E+06  9.0358 1.00000
  4.467E+06 4.469E+06 2.056E+00 7.142E-02 3.109E+00 2.702E-01 3.450E+00 5.507E+00 1.386E+06  9.2614 1.00000
  5.012E+06 5.014E+06 2.069E+00 8.261E-02 3.531E+00 3.057E-01 3.920E+00 5.989E+00 1.481E+06  9.4875 1.00000
  5.623E+06 5.625E+06 2.082E+00 9.544E-02 4.009E+00 3.461E-01 4.450E+00 6.532E+00 1.579E+06  9.7141 1.00000
  6.310E+06 6.311E+06 2.094E+00 1.102E-01 4.547E+00 3.921E-01 5.050E+00 7.144E+00 1.680E+06  9.9411 1.00000
  7.079E+06 7.081E+06 2.106E+00 1.270E-01 5.155E+00 4.444E-01 5.726E+00 7.833E+00 1.782E+06 10.1685 1.00000
  7.943E+06 7.945E+06 2.119E+00 1.464E-01 5.840E+00 5.039E-01 6.490E+00 8.609E+00 1.888E+06 10.3963 1.00000
  8.913E+06 8.914E+06 2.131E+00 1.686E-01 6.612E+00 5.718E-01 7.353E+00 9.483E+00 1.995E+06 10.6245 1.00000
  1.000E+07 1.000E+07 2.143E+00 1.940E-01 7.482E+00 6.490E-01 8.325E+00 1.047E+01 2.104E+06 10.8530 1.00000
  1.122E+07 1.122E+07 2.154E+00 2.231E-01 8.462E+00 7.370E-01 9.422E+00 1.158E+01 2.215E+06 11.0817 1.00000
  1.259E+07 1.259E+07 2.166E+00 2.562E-01 9.565E+00 8.373E-01 1.066E+01 1.282E+01 2.327E+06 11.3107 1.00000
  1.413E+07 1.413E+07 2.177E+00 2.941E-01 1.081E+01 9.517E-01 1.205E+01 1.423E+01 2.441E+06 11.5399 1.00000
  1.585E+07 1.585E+07 2.189E+00 3.373E-01 1.221E+01 1.082E+00 1.362E+01 1.581E+01 2.556E+06 11.7693 1.00000
  1.778E+07 1.778E+07 2.200E+00 3.866E-01 1.378E+01 1.231E+00 1.539E+01 1.759E+01 2.671E+06 11.9989 1.00000
  1.995E+07 1.995E+07 2.211E+00 4.427E-01 1.555E+01 1.400E+00 1.739E+01 1.960E+01 2.788E+06 12.2286 1.00000
  2.239E+07 2.239E+07 2.223E+00 5.066E-01 1.754E+01 1.594E+00 1.964E+01 2.186E+01 2.906E+06 12.4584 1.00000
  2.512E+07 2.512E+07 2.234E+00 5.794E-01 1.977E+01 1.815E+00 2.217E+01 2.440E+01 3.024E+06 12.6882 1.00000
  2.818E+07 2.819E+07 2.245E+00 6.621E-01 2.229E+01 2.066E+00 2.501E+01 2.726E+01 3.143E+06 12.9182 1.00000
  3.162E+07 3.162E+07 2.256E+00 7.562E-01 2.511E+01 2.354E+00 2.822E+01 3.048E+01 3.262E+06 13.1482 1.00000
  3.548E+07 3.548E+07 2.267E+00 8.632E-01 2.829E+01 2.682E+00 3.183E+01 3.410E+01 3.382E+06 13.3783 1.00000
  3.981E+07 3.981E+07 2.278E+00 9.849E-01 3.186E+01 3.056E+00 3.590E+01 3.817E+01 3.502E+06 13.6084 1.00000
  4.467E+07 4.467E+07 2.289E+00 1.123E+00 3.586E+01 3.484E+00 4.047E+01 4.276E+01 3.622E+06 13.8385 1.00000
  5.012E+07 5.012E+07 2.300E+00 1.280E+00 4.037E+01 3.972E+00 4.562E+01 4.792E+01 3.742E+06 14.0686 1.00000
  5.623E+07 5.624E+07 2.311E+00 1.458E+00 4.543E+01 4.529E+00 5.141E+01 5.373E+01 3.863E+06 14.2988 1.00000
  6.310E+07 6.310E+07 2.322E+00 1.659E+00 5.111E+01 5.166E+00 5.793E+01 6.026E+01 3.983E+06 14.5290 1.00000
  7.079E+07 7.080E+07 2.333E+00 1.888E+00 5.749E+01 5.893E+00 6.527E+01 6.760E+01 4.104E+06 14.7592 1.00000
  7.943E+07 7.943E+07 2.344E+00 2.146E+00 6.466E+01 6.723E+00 7.352E+01 7.587E+01 4.224E+06 14.9894 1.00000
  8.913E+07 8.913E+07 2.355E+00 2.439E+00 7.270E+01 7.672E+00 8.281E+01 8.517E+01 4.345E+06 15.2197 1.00000
  1.000E+08 1.000E+08 2.366E+00 2.770E+00 8.173E+01 8.756E+00 9.326E+01 9.563E+01 4.465E+06 15.4499 1.00000
  1.122E+08 1.122E+08 2.377E+00 3.145E+00 9.188E+01 9.994E+00 1.050E+02 1.074E+02 4.586E+06 15.6801 1.00000
  1.259E+08 1.259E+08 2.388E+00 3.569E+00 1.033E+02 1.141E+01 1.182E+02 1.206E+02 4.706E+06 15.9104 1.00000
  1.413E+08 1.413E+08 2.399E+00 4.048E+00 1.160E+02 1.302E+01 1.331E+02 1.355E+02 4.826E+06 16.1406 1.00000
  1.585E+08 1.585E+08 2.410E+00 4.589E+00 1.304E+02 1.487E+01 1.499E+02 1.523E+02 4.946E+06 16.3709 1.00000
  1.778E+08 1.778E+08 2.421E+00 5.199E+00 1.465E+02 1.698E+01 1.687E+02 1.711E+02 5.066E+06 16.6011 1.00000
  1.995E+08 1.995E+08 2.432E+00 5.889E+00 1.646E+02 1.940E+01 1.899E+02 1.923E+02 5.185E+06 16.8314 1.00000
  2.239E+08 2.239E+08 2.443E+00 6.667E+00 1.849E+02 2.215E+01 2.137E+02 2.161E+02 5.304E+06 17.0616 1.00000
  2.512E+08 2.512E+08 2.455E+00 7.544E+00 2.076E+02 2.531E+01 2.405E+02 2.429E+02 5.424E+06 17.2919 1.00000
  2.818E+08 2.818E+08 2.466E+00 8.534E+00 2.332E+02 2.891E+01 2.706E+02 2.731E+02 5.543E+06 17.5221 1.00000
  3.162E+08 3.162E+08 2.477E+00 9.649E+00 2.619E+02 3.303E+01 3.045E+02 3.070E+02 5.661E+06 17.7524 1.00000
  3.548E+08 3.548E+08 2.489E+00 1.091E+01 2.941E+02 3.774E+01 3.427E+02 3.452E+02 5.780E+06 17.9826 1.00000
  3.981E+08 3.981E+08 2.500E+00 1.232E+01 3.302E+02 4.312E+01 3.856E+02 3.881E+02 5.898E+06 18.2129 1.00000
  4.467E+08 4.467E+08 2.512E+00 1.392E+01 3.707E+02 4.928E+01 4.339E+02 4.364E+02 6.016E+06 18.4431 1.00000
  5.012E+08 5.012E+08 2.523E+00 1.571E+01 4.162E+02 5.632E+01 4.882E+02 4.908E+02 6.134E+06 18.6734 1.00000
  5.623E+08 5.623E+08 2.535E+00 1.773E+01 4.673E+02 6.437E+01 5.494E+02 5.519E+02 6.251E+06 18.9036 1.00000
  6.310E+08 6.310E+08 2.547E+00 2.001E+01 5.246E+02 7.358E+01 6.181E+02 6.207E+02 6.368E+06 19.1339 1.00000
  7.079E+08 7.079E+08 2.558E+00 2.257E+01 5.888E+02 8.411E+01 6.955E+02 6.981E+02 6.485E+06 19.3642 1.00000
  7.943E+08 7.943E+08 2.570E+00 2.545E+01 6.610E+02 9.616E+01 7.826E+02 7.852E+02 6.602E+06 19.5944 1.00000
  8.913E+08 8.913E+08 2.582E+00 2.869E+01 7.419E+02 1.099E+02 8.805E+02 8.831E+02 6.718E+06 19.8247 1.00000
  1.000E+09 1.000E+09 2.594E+00 3.233E+01 8.328E+02 1.257E+02 9.908E+02 9.934E+02 6.834E+06 20.0549 1.00000
  1.122E+09 1.122E+09 2.606E+00 3.642E+01 9.347E+02 1.437E+02 1.115E+03 1.117E+03 6.950E+06 20.2852 1.00000
  1.259E+09 1.259E+09 2.618E+00 4.103E+01 1.049E+03 1.643E+02 1.254E+03 1.257E+03 7.065E+06 20.5154 1.00000
  1.413E+09 1.413E+09 2.630E+00 4.620E+01 1.177E+03 1.879E+02 1.412E+03 1.414E+03 7.180E+06 20.7457 1.00000
  1.585E+09 1.585E+09 2.642E+00 5.202E+01 1.321E+03 2.149E+02 1.588E+03 1.591E+03 7.295E+06 20.9760 1.00000
  1.778E+09 1.778E+09 2.655E+00 5.855E+01 1.483E+03 2.458E+02 1.787E+03 1.790E+03 7.410E+06 21.2062 1.00000
  1.995E+09 1.995E+09 2.667E+00 6.589E+01 1.664E+03 2.812E+02 2.011E+03 2.014E+03 7.524E+06 21.4365 1.00000
  2.239E+09 2.239E+09 2.679E+00 7.414E+01 1.868E+03 3.216E+02 2.263E+03 2.266E+03 7.638E+06 21.6667 1.00000
  2.512E+09 2.512E+09 2.692E+00 8.340E+01 2.096E+03 3.679E+02 2.547E+03 2.550E+03 7.752E+06 21.8970 1.00000
  2.818E+09 2.818E+09 2.704E+00 9.380E+01 2.352E+03 4.209E+02 2.867E+03 2.869E+03 7.865E+06 22.1273 1.00000
  3.162E+09 3.162E+09 2.717E+00 1.055E+02 2.639E+03 4.816E+02 3.226E+03 3.229E+03 7.978E+06 22.3575 1.00000
  3.548E+09 3.548E+09 2.730E+00 1.186E+02 2.962E+03 5.510E+02 3.631E+03 3.634E+03 8.090E+06 22.5878 1.00000
  3.981E+09 3.981E+09 2.742E+00 1.333E+02 3.324E+03 6.304E+02 4.087E+03 4.090E+03 8.202E+06 22.8180 1.00000
  4.467E+09 4.467E+09 2.755E+00 1.499E+02 3.730E+03 7.214E+02 4.601E+03 4.604E+03 8.314E+06 23.0483 1.00000
  5.012E+09 5.012E+09 2.768E+00 1.685E+02 4.185E+03 8.255E+02 5.179E+03 5.182E+03 8.426E+06 23.2785 1.00000
  5.623E+09 5.623E+09 2.781E+00 1.893E+02 4.696E+03 9.447E+02 5.830E+03 5.833E+03 8.537E+06 23.5088 1.00000
  6.310E+09 6.310E+09 2.794E+00 2.127E+02 5.270E+03 1.081E+03 6.564E+03 6.566E+03 8.648E+06 23.7391 1.00000
  7.079E+09 7.079E+09 2.807E+00 2.390E+02 5.913E+03 1.237E+03 7.390E+03 7.392E+03 8.758E+06 23.9693 1.00000
  7.943E+09 7.943E+09 2.820E+00 2.685E+02 6.635E+03 1.416E+03 8.320E+03 8.323E+03 8.868E+06 24.1996 1.00000
  8.913E+09 8.913E+09 2.834E+00 3.016E+02 7.445E+03 1.621E+03 9.368E+03 9.371E+03 8.978E+06 24.4298 1.00000
  1.000E+10 1.000E+10 2.847E+00 3.387E+02 8.354E+03 1.856E+03 1.055E+04 1.055E+04 9.087E+06 24.6601 1.00000
  1.122E+10 1.122E+10 2.860E+00 3.805E+02 9.374E+03 2.125E+03 1.188E+04 1.188E+04 9.196E+06 24.8903 1.00000
  1.259E+10 1.259E+10 2.874E+00 4.273E+02 1.052E+04 2.432E+03 1.338E+04 1.338E+04 9.305E+06 25.1206 1.00000
  1.413E+10 1.413E+10 2.887E+00 4.798E+02 1.180E+04 2.785E+03 1.507E+04 1.507E+04 9.413E+06 25.3508 1.00000
  1.585E+10 1.585E+10 2.901E+00 5.388E+02 1.324E+04 3.189E+03 1.697E+04 1.697E+04 9.521E+06 25.5810 1.00000
  1.778E+10 1.778E+10 2.915E+00 6.049E+02 1.486E+04 3.651E+03 1.912E+04 1.912E+04 9.628E+06 25.8113 1.00000
  1.995E+10 1.995E+10 2.928E+00 6.792E+02 1.667E+04 4.181E+03 2.153E+04 2.154E+04 9.735E+06 26.0415 1.00000
  2.239E+10 2.239E+10 2.942E+00 7.625E+02 1.871E+04 4.788E+03 2.426E+04 2.426E+04 9.841E+06 26.2714 1.00000
  2.512E+10 2.512E+10 2.956E+00 8.560E+02 2.099E+04 5.483E+03 2.733E+04 2.733E+04 9.947E+06 26.5017 1.00000
  2.818E+10 2.818E+10 2.970E+00 9.610E+02 2.355E+04 6.280E+03 3.079E+04 3.080E+04 1.005E+07 26.7319 1.00000
  3.162E+10 3.162E+10 2.984E+00 1.079E+03 2.643E+04 7.193E+03 3.470E+04 3.470E+04 1.016E+07 26.9606 1.00000
  3.548E+10 3.548E+10 2.999E+00 1.211E+03 2.965E+04 8.239E+03 3.910E+04 3.910E+04 1.026E+07 27.1909 1.00000
  3.981E+10 3.981E+10 3.013E+00 1.359E+03 3.327E+04 9.438E+03 4.407E+04 4.407E+04 1.037E+07 27.4212 1.00000
  4.467E+10 4.467E+10 3.027E+00 1.526E+03 3.733E+04 1.081E+04 4.967E+04 4.967E+04 1.047E+07 27.6514 1.00000
  5.012E+10 5.012E+10 3.042E+00 1.712E+03 4.189E+04 1.239E+04 5.598E+04 5.599E+04 1.057E+07 27.8752 1.00000
  5.623E+10 5.623E+10 3.057E+00 1.922E+03 4.700E+04 1.419E+04 6.311E+04 6.311E+04 1.068E+07 28.1054 1.00000
  6.310E+10 6.310E+10 3.071E+00 2.157E+03 5.273E+04 1.626E+04 7.115E+04 7.115E+04 1.078E+07 28.3357 1.00000
  7.079E+10 7.079E+10 3.088E+00 2.421E+03 5.917E+04 1.863E+04 8.022E+04 8.022E+04 1.088E+07 28.5368 1.00000
  7.943E+10 7.943E+10 3.102E+00 2.717E+03 6.639E+04 2.135E+04 9.045E+04 9.045E+04 1.098E+07 28.7671 1.00000
  8.913E+10 8.913E+10 3.117E+00 3.049E+03 7.449E+04 2.446E+04 1.020E+05 1.020E+05 1.108E+07 28.9973 1.00000
  1.000E+11 1.000E+11 3.132E+00 3.421E+03 8.358E+04 2.803E+04 1.150E+05 1.150E+05 1.118E+07 29.2276 1.00000
  1.122E+11 1.122E+11 3.147E+00 3.839E+03 9.378E+04 3.213E+04 1.297E+05 1.297E+05 1.128E+07 29.4578 1.00000
  1.259E+11 1.259E+11 3.172E+00 4.308E+03 1.052E+05 3.682E+04 1.463E+05 1.464E+05 1.138E+07 29.5326 1.00000
  1.413E+11 1.413E+11 3.187E+00 4.835E+03 1.181E+05 4.220E+04 1.651E+05 1.651E+05 1.148E+07 29.7629 1.00000
  1.585E+11 1.585E+11 3.202E+00 5.425E+03 1.325E+05 4.837E+04 1.863E+05 1.863E+05 1.158E+07 29.9932 1.00000
  1.778E+11 1.778E+11 3.217E+00 6.088E+03 1.486E+05 5.545E+04 2.102E+05 2.102E+05 1.168E+07 30.2234 1.00000
  1.995E+11 1.995E+11 3.233E+00 6.832E+03 1.668E+05 6.357E+04 2.372E+05 2.372E+05 1.177E+07 30.4537 1.00000
  2.239E+11 2.239E+11 3.248E+00 7.666E+03 1.871E+05 7.287E+04 2.677E+05 2.677E+05 1.187E+07 30.6839 1.00000
  2.512E+11 2.512E+11 3.264E+00 8.602E+03 2.099E+05 8.355E+04 3.021E+05 3.021E+05 1.197E+07 30.9142 1.00000
  2.818E+11 2.818E+11 3.280E+00 9.652E+03 2.356E+05 9.579E+04 3.410E+05 3.410E+05 1.206E+07 31.1444 1.00000
  3.162E+11 3.162E+11 3.295E+00 1.083E+04 2.643E+05 1.098E+05 3.850E+05 3.850E+05 1.216E+07 31.3747 1.00000
  3.548E+11 3.548E+11 3.311E+00 1.215E+04 2.966E+05 1.259E+05 4.347E+05 4.347E+05 1.225E+07 31.6050 1.00000
  3.981E+11 3.981E+11 3.327E+00 1.364E+04 3.327E+05 1.444E+05 4.908E+05 4.908E+05 1.235E+07 31.8352 1.00000
  4.467E+11 4.467E+11 3.343E+00 1.530E+04 3.733E+05 1.656E+05 5.543E+05 5.543E+05 1.244E+07 32.0655 1.00000
  5.012E+11 5.012E+11 3.359E+00 1.717E+04 4.189E+05 1.899E+05 6.260E+05 6.260E+05 1.253E+07 32.2957 1.00000
  5.623E+11 5.623E+11 3.376E+00 1.927E+04 4.700E+05 2.178E+05 7.071E+05 7.071E+05 1.262E+07 32.5260 1.00000
  6.310E+11 6.310E+11 3.392E+00 2.162E+04 5.274E+05 2.499E+05 7.988E+05 7.988E+05 1.271E+07 32.7563 1.00000
  7.079E+11 7.079E+11 3.408E+00 2.426E+04 5.917E+05 2.866E+05 9.026E+05 9.026E+05 1.280E+07 32.9865 1.00000
  7.943E+11 7.943E+11 3.425E+00 2.722E+04 6.639E+05 3.288E+05 1.020E+06 1.020E+06 1.289E+07 33.2168 1.00000
  8.913E+11 8.913E+11 3.441E+00 3.054E+04 7.449E+05 3.771E+05 1.153E+06 1.153E+06 1.298E+07 33.4470 1.00000
  1.000E+12 1.000E+12 3.458E+00 3.426E+04 8.358E+05 4.326E+05 1.303E+06 1.303E+06 1.307E+07 33.6773 1.00000
  1.122E+12 1.122E+12 3.475E+00 3.845E+04 9.378E+05 4.964E+05 1.473E+06 1.473E+06 1.316E+07 33.9076 1.00000
  1.259E+12 1.259E+12 3.492E+00 4.314E+04 1.052E+06 5.695E+05 1.665E+06 1.665E+06 1.325E+07 34.1378 1.00000
  1.413E+12 1.413E+12 3.509E+00 4.840E+04 1.181E+06 6.534E+05 1.882E+06 1.882E+06 1.333E+07 34.3681 1.00000
  1.585E+12 1.585E+12 3.526E+00 5.431E+04 1.325E+06 7.498E+05 2.129E+06 2.129E+06 1.342E+07 34.5983 1.00000
  1.778E+12 1.778E+12 3.543E+00 6.094E+04 1.486E+06 8.604E+05 2.408E+06 2.408E+06 1.351E+07 34.8286 1.00000
  1.995E+12 1.995E+12 3.560E+00 6.837E+04 1.668E+06 9.873E+05 2.723E+06 2.723E+06 1.359E+07 35.0588 1.00000
  2.239E+12 2.239E+12 3.577E+00 7.672E+04 1.871E+06 1.133E+06 3.081E+06 3.081E+06 1.367E+07 35.2891 1.00000
  2.512E+12 2.512E+12 3.595E+00 8.608E+04 2.099E+06 1.300E+06 3.486E+06 3.486E+06 1.376E+07 35.5194 1.00000
  2.818E+12 2.818E+12 3.612E+00 9.658E+04 2.356E+06 1.493E+06 3.945E+06 3.945E+06 1.384E+07 35.7496 1.00000
  3.162E+12 3.162E+12 3.630E+00 1.084E+05 2.643E+06 1.713E+06 4.465E+06 4.465E+06 1.392E+07 35.9799 1.00000
  3.548E+12 3.548E+12 3.648E+00 1.216E+05 2.965E+06 1.966E+06 5.054E+06 5.054E+06 1.400E+07 36.2101 1.00000
  3.981E+12 3.981E+12 3.666E+00 1.364E+05 3.327E+06 2.257E+06 5.721E+06 5.721E+06 1.408E+07 36.4404 1.00000
  4.467E+12 4.467E+12 3.683E+00 1.531E+05 3.733E+06 2.591E+06 6.478E+06 6.478E+06 1.416E+07 36.6707 1.00000
  5.012E+12 5.012E+12 3.701E+00 1.718E+05 4.189E+06 2.975E+06 7.336E+06 7.336E+06 1.424E+07 36.9009 1.00000
  5.623E+12 5.623E+12 3.720E+00 1.927E+05 4.700E+06 3.416E+06 8.308E+06 8.308E+06 1.432E+07 37.1312 1.00000
  6.310E+12 6.310E+12 3.738E+00 2.162E+05 5.273E+06 3.922E+06 9.411E+06 9.411E+06 1.440E+07 37.3614 1.00000
  7.079E+12 7.079E+12 3.756E+00 2.426E+05 5.917E+06 4.503E+06 1.066E+07 1.066E+07 1.448E+07 37.5917 1.00000
  7.943E+12 7.943E+12 3.775E+00 2.722E+05 6.639E+06 5.170E+06 1.208E+07 1.208E+07 1.455E+07 37.8219 1.00000
  8.913E+12 8.913E+12 3.793E+00 3.054E+05 7.449E+06 5.937E+06 1.369E+07 1.369E+07 1.463E+07 38.0522 1.00000
  1.000E+13 1.000E+13 3.812E+00 3.427E+05 8.358E+06 6.818E+06 1.552E+07 1.552E+07 1.470E+07 38.2825 1.00000
  1.122E+13 1.122E+13 3.830E+00 3.845E+05 9.377E+06 7.830E+06 1.759E+07 1.759E+07 1.478E+07 38.5127 1.00000
  1.259E+13 1.259E+13 3.849E+00 4.314E+05 1.052E+07 8.993E+06 1.995E+07 1.995E+07 1.485E+07 38.7430 1.00000
  1.413E+13 1.413E+13 3.868E+00 4.841E+05 1.181E+07 1.033E+07 2.262E+07 2.262E+07 1.492E+07 38.9732 1.00000
  1.585E+13 1.585E+13 3.887E+00 5.431E+05 1.325E+07 1.186E+07 2.565E+07 2.565E+07 1.499E+07 39.2035 1.00000
  1.778E+13 1.778E+13 3.906E+00 6.094E+05 1.486E+07 1.363E+07 2.910E+07 2.910E+07 1.506E+07 39.4338 1.00000
  1.995E+13 1.995E+13 3.926E+00 6.838E+05 1.668E+07 1.565E+07 3.301E+07 3.301E+07 1.513E+07 39.6640 1.00000
  2.239E+13 2.239E+13 3.945E+00 7.672E+05 1.871E+07 1.798E+07 3.746E+07 3.746E+07 1.520E+07 39.8943 1.00000
  2.512E+13 2.512E+13 3.964E+00 8.608E+05 2.099E+07 2.066E+07 4.251E+07 4.251E+07 1.527E+07 40.1245 1.00000
  2.818E+13 2.818E+13 3.984E+00 9.659E+05 2.355E+07 2.373E+07 4.825E+07 4.825E+07 1.534E+07 40.3548 1.00000
  3.162E+13 3.162E+13 4.003E+00 1.084E+06 2.643E+07 2.727E+07 5.478E+07 5.478E+07 1.541E+07 40.5850 1.00000
  3.548E+13 3.548E+13 4.023E+00 1.216E+06 2.965E+07 3.133E+07 6.220E+07 6.220E+07 1.547E+07 40.8153 1.00000
  3.981E+13 3.981E+13 4.043E+00 1.364E+06 3.327E+07 3.600E+07 7.064E+07 7.064E+07 1.554E+07 41.0456 1.00000
  4.467E+13 4.467E+13 4.063E+00 1.531E+06 3.733E+07 4.137E+07 8.023E+07 8.023E+07 1.560E+07 41.2758 1.00000
  5.012E+13 5.012E+13 4.083E+00 1.718E+06 4.189E+07 4.754E+07 9.114E+07 9.114E+07 1.566E+07 41.5061 1.00000
  5.623E+13 5.623E+13 4.103E+00 1.927E+06 4.700E+07 5.463E+07 1.036E+08 1.036E+08 1.573E+07 41.7363 1.00000
  6.310E+13 6.310E+13 4.124E+00 2.162E+06 5.273E+07 6.278E+07 1.177E+08 1.177E+08 1.579E+07 41.9666 1.00000
  7.079E+13 7.079E+13 4.144E+00 2.426E+06 5.916E+07 7.216E+07 1.337E+08 1.337E+08 1.585E+07 42.1969 1.00000
  7.943E+13 7.943E+13 4.165E+00 2.722E+06 6.638E+07 8.294E+07 1.520E+08 1.520E+08 1.591E+07 42.4271 1.00000
  8.913E+13 8.913E+13 4.185E+00 3.054E+06 7.448E+07 9.533E+07 1.729E+08 1.729E+08 1.597E+07 42.6574 1.00000
  1.000E+14 1.000E+14 4.206E+00 3.427E+06 8.357E+07 1.096E+08 1.966E+08 1.966E+08 1.603E+07 42.8876 1.00000
  1.122E+14 1.122E+14 4.227E+00 3.845E+06 9.377E+07 1.260E+08 2.236E+08 2.236E+08 1.609E+07 43.1179 1.00000
  1.259E+14 1.259E+14 4.248E+00 4.314E+06 1.052E+08 1.448E+08 2.543E+08 2.543E+08 1.615E+07 43.3481 1.00000
  1.413E+14 1.413E+14 4.269E+00 4.841E+06 1.180E+08 1.665E+08 2.894E+08 2.894E+08 1.620E+07 43.5784 1.00000
  1.585E+14 1.585E+14 4.290E+00 5.432E+06 1.324E+08 1.914E+08 3.293E+08 3.293E+08 1.626E+07 43.8087 1.00000
  1.778E+14 1.778E+14 4.311E+00 6.094E+06 1.486E+08 2.200E+08 3.747E+08 3.747E+08 1.631E+07 44.0389 1.00000
  1.995E+14 1.995E+14 4.333E+00 6.838E+06 1.667E+08 2.530E+08 4.266E+08 4.266E+08 1.637E+07 44.2692 1.00000
  2.239E+14 2.239E+14 4.354E+00 7.672E+06 1.871E+08 2.909E+08 4.857E+08 4.857E+08 1.642E+07 44.4994 1.00000
  2.512E+14 2.512E+14 4.376E+00 8.608E+06 2.099E+08 3.345E+08 5.530E+08 5.530E+08 1.647E+07 44.7297 1.00000
  2.818E+14 2.818E+14 4.397E+00 9.659E+06 2.355E+08 3.846E+08 6.298E+08 6.298E+08 1.653E+07 44.9600 1.00000
  3.162E+14 3.162E+14 4.419E+00 1.084E+07 2.643E+08 4.423E+08 7.174E+08 7.174E+08 1.658E+07 45.1902 1.00000
  3.548E+14 3.548E+14 4.441E+00 1.216E+07 2.965E+08 5.087E+08 8.174E+08 8.174E+08 1.663E+07 45.4205 1.00000
  3.981E+14 3.981E+14 4.463E+00 1.364E+07 3.327E+08 5.850E+08 9.314E+08 9.314E+08 1.668E+07 45.6507 1.00000
  4.467E+14 4.467E+14 4.485E+00 1.531E+07 3.733E+08 6.729E+08 1.061E+09 1.061E+09 1.673E+07 45.8810 1.00000
  5.012E+14 5.012E+14 4.508E+00 1.718E+07 4.188E+08 7.739E+08 1.210E+09 1.210E+09 1.677E+07 46.1113 1.00000
  5.623E+14 5.623E+14 4.530E+00 1.927E+07 4.699E+08 8.902E+08 1.379E+09 1.379E+09 1.682E+07 46.3415 1.00000
  6.310E+14 6.310E+14 4.553E+00 2.162E+07 5.272E+08 1.024E+09 1.573E+09 1.573E+09 1.687E+07 46.5718 1.00000
  7.079E+14 7.079E+14 4.575E+00 2.426E+07 5.916E+08 1.178E+09 1.794E+09 1.794E+09 1.691E+07 46.8020 1.00000
  7.943E+14 7.943E+14 4.598E+00 2.722E+07 6.638E+08 1.355E+09 2.046E+09 2.046E+09 1.696E+07 47.0323 1.00000
  8.913E+14 8.913E+14 4.621E+00 3.054E+07 7.447E+08 1.559E+09 2.334E+09 2.334E+09 1.700E+07 47.2625 1.00000
  1.000E+15 1.000E+15 4.644E+00 3.427E+07 8.356E+08 1.793E+09 2.663E+09 2.663E+09 1.705E+07 47.4928 1.00000
