 Incident particle is a Tau with M = 1776.82000 MeV
 Index = 0: PVC
      Absorber with <Z/A> = 0.51197
 Sternheimer coef:  a     k=m_s   x_0    x_1    I[eV]   Cbar  delta0
                 0.1244  3.2104  0.1559  2.9415  108.2  4.0532 0.00

 *** Table generated with PUMAS v1.00 ***

      T         p     Ionization  brems     pair     photonuc  Radloss    dE/dx   CSDA Range  delta   beta
    [MeV]    [MeV/c]  -----------------------[MeV cm^2/g]------------------------  [g/cm^2]
  1.000E+05 1.018E+05 2.231E+00 2.195E-04 3.495E-03 8.215E-03 1.193E-02 2.243E+00 2.229E+04  4.2561 0.99985
  1.122E+05 1.140E+05 2.252E+00 2.538E-04 4.205E-03 9.269E-03 1.373E-02 2.265E+00 2.770E+04  4.4554 0.99988
  1.259E+05 1.277E+05 2.272E+00 2.933E-04 5.042E-03 1.040E-02 1.574E-02 2.288E+00 3.372E+04  4.6575 0.99990
  1.413E+05 1.430E+05 2.292E+00 3.387E-04 6.027E-03 1.168E-02 1.804E-02 2.310E+00 4.040E+04  4.8624 0.99992
  1.585E+05 1.603E+05 2.312E+00 3.910E-04 7.184E-03 1.310E-02 2.068E-02 2.333E+00 4.782E+04  5.0697 0.99994
  1.778E+05 1.796E+05 2.332E+00 4.512E-04 8.540E-03 1.470E-02 2.369E-02 2.356E+00 5.607E+04  5.2795 0.99995
  1.995E+05 2.013E+05 2.352E+00 5.204E-04 1.013E-02 1.651E-02 2.716E-02 2.379E+00 6.524E+04  5.4914 0.99996
  2.239E+05 2.256E+05 2.372E+00 5.998E-04 1.198E-02 1.849E-02 3.107E-02 2.403E+00 7.542E+04  5.7055 0.99997
  2.512E+05 2.530E+05 2.391E+00 6.911E-04 1.414E-02 2.071E-02 3.554E-02 2.427E+00 8.673E+04  5.9215 0.99998
  2.818E+05 2.836E+05 2.411E+00 7.959E-04 1.665E-02 2.321E-02 4.065E-02 2.452E+00 9.930E+04  6.1393 0.99998
  3.162E+05 3.180E+05 2.430E+00 9.162E-04 1.956E-02 2.603E-02 4.651E-02 2.477E+00 1.133E+05  6.3588 0.99998
  3.548E+05 3.566E+05 2.450E+00 1.054E-03 2.294E-02 2.920E-02 5.319E-02 2.503E+00 1.288E+05  6.5798 0.99999
  3.981E+05 3.999E+05 2.469E+00 1.212E-03 2.685E-02 3.273E-02 6.079E-02 2.529E+00 1.460E+05  6.8022 0.99999
  4.467E+05 4.485E+05 2.488E+00 1.394E-03 3.137E-02 3.669E-02 6.945E-02 2.557E+00 1.651E+05  7.0259 0.99999
  5.012E+05 5.030E+05 2.507E+00 1.601E-03 3.659E-02 4.114E-02 7.933E-02 2.586E+00 1.863E+05  7.2507 0.99999
  5.623E+05 5.641E+05 2.525E+00 1.839E-03 4.261E-02 4.596E-02 9.040E-02 2.616E+00 2.098E+05  7.4766 1.00000
  6.310E+05 6.327E+05 2.544E+00 2.112E-03 4.953E-02 5.139E-02 1.030E-01 2.647E+00 2.358E+05  7.7033 1.00000
  7.079E+05 7.097E+05 2.563E+00 2.424E-03 5.749E-02 5.752E-02 1.174E-01 2.680E+00 2.648E+05  7.9308 1.00000
  7.943E+05 7.961E+05 2.581E+00 2.781E-03 6.664E-02 6.444E-02 1.339E-01 2.715E+00 2.968E+05  8.1589 1.00000
  8.913E+05 8.930E+05 2.599E+00 3.189E-03 7.712E-02 7.225E-02 1.526E-01 2.752E+00 3.322E+05  8.3877 1.00000
  1.000E+06 1.002E+06 2.618E+00 3.656E-03 8.914E-02 8.109E-02 1.739E-01 2.791E+00 3.715E+05  8.6168 1.00000
  1.122E+06 1.124E+06 2.636E+00 4.190E-03 1.029E-01 9.109E-02 1.982E-01 2.834E+00 4.149E+05  8.8463 1.00000
  1.259E+06 1.261E+06 2.654E+00 4.800E-03 1.186E-01 1.024E-01 2.258E-01 2.880E+00 4.628E+05  9.0761 1.00000
  1.413E+06 1.414E+06 2.672E+00 5.497E-03 1.366E-01 1.152E-01 2.573E-01 2.929E+00 5.157E+05  9.3060 1.00000
  1.585E+06 1.587E+06 2.689E+00 6.294E-03 1.570E-01 1.298E-01 2.931E-01 2.982E+00 5.740E+05  9.5359 1.00000
  1.778E+06 1.780E+06 2.707E+00 7.203E-03 1.804E-01 1.463E-01 3.339E-01 3.041E+00 6.382E+05  9.7659 1.00000
  1.995E+06 1.997E+06 2.724E+00 8.242E-03 2.070E-01 1.650E-01 3.802E-01 3.105E+00 7.088E+05  9.9960 1.00000
  2.239E+06 2.240E+06 2.742E+00 9.427E-03 2.372E-01 1.863E-01 4.329E-01 3.175E+00 7.864E+05 10.2261 1.00000
  2.512E+06 2.514E+06 2.759E+00 1.078E-02 2.716E-01 2.105E-01 4.928E-01 3.252E+00 8.714E+05 10.4561 1.00000
  2.818E+06 2.820E+06 2.776E+00 1.232E-02 3.106E-01 2.379E-01 5.609E-01 3.337E+00 9.645E+05 10.6862 1.00000
  3.162E+06 3.164E+06 2.793E+00 1.408E-02 3.549E-01 2.691E-01 6.381E-01 3.431E+00 1.066E+06 10.9164 1.00000
  3.548E+06 3.550E+06 2.810E+00 1.609E-02 4.052E-01 3.046E-01 7.259E-01 3.536E+00 1.177E+06 11.1465 1.00000
  3.981E+06 3.983E+06 2.826E+00 1.837E-02 4.621E-01 3.450E-01 8.255E-01 3.652E+00 1.297E+06 11.3767 1.00000
  4.467E+06 4.469E+06 2.843E+00 2.098E-02 5.266E-01 3.910E-01 9.385E-01 3.781E+00 1.428E+06 11.6068 1.00000
  5.012E+06 5.014E+06 2.859E+00 2.395E-02 5.995E-01 4.433E-01 1.067E+00 3.926E+00 1.570E+06 11.8370 1.00000
  5.623E+06 5.625E+06 2.875E+00 2.733E-02 6.820E-01 5.029E-01 1.212E+00 4.087E+00 1.722E+06 12.0672 1.00000
  6.310E+06 6.311E+06 2.891E+00 3.117E-02 7.753E-01 5.707E-01 1.377E+00 4.268E+00 1.887E+06 12.2974 1.00000
  7.079E+06 7.081E+06 2.907E+00 3.555E-02 8.807E-01 6.480E-01 1.564E+00 4.471E+00 2.063E+06 12.5276 1.00000
  7.943E+06 7.945E+06 2.922E+00 4.054E-02 9.996E-01 7.361E-01 1.776E+00 4.699E+00 2.251E+06 12.7578 1.00000
  8.913E+06 8.914E+06 2.938E+00 4.620E-02 1.134E+00 8.364E-01 2.016E+00 4.954E+00 2.452E+06 12.9880 1.00000
  1.000E+07 1.000E+07 2.953E+00 5.265E-02 1.285E+00 9.508E-01 2.289E+00 5.242E+00 2.666E+06 13.2182 1.00000
  1.122E+07 1.122E+07 2.968E+00 5.998E-02 1.456E+00 1.081E+00 2.597E+00 5.566E+00 2.892E+06 13.4484 1.00000
  1.259E+07 1.259E+07 2.983E+00 6.831E-02 1.649E+00 1.230E+00 2.947E+00 5.930E+00 3.130E+06 13.6786 1.00000
  1.413E+07 1.413E+07 2.998E+00 7.777E-02 1.865E+00 1.399E+00 3.343E+00 6.341E+00 3.381E+06 13.9089 1.00000
  1.585E+07 1.585E+07 3.013E+00 8.853E-02 2.110E+00 1.593E+00 3.791E+00 6.804E+00 3.644E+06 14.1391 1.00000
  1.778E+07 1.778E+07 3.028E+00 1.007E-01 2.385E+00 1.813E+00 4.299E+00 7.326E+00 3.918E+06 14.3693 1.00000
  1.995E+07 1.995E+07 3.042E+00 1.146E-01 2.694E+00 2.065E+00 4.874E+00 7.916E+00 4.203E+06 14.5996 1.00000
  2.239E+07 2.239E+07 3.057E+00 1.303E-01 3.043E+00 2.351E+00 5.525E+00 8.582E+00 4.498E+06 14.8298 1.00000
  2.512E+07 2.512E+07 3.071E+00 1.482E-01 3.435E+00 2.679E+00 6.262E+00 9.333E+00 4.804E+06 15.0600 1.00000
  2.818E+07 2.819E+07 3.086E+00 1.684E-01 3.876E+00 3.052E+00 7.096E+00 1.018E+01 5.119E+06 15.2903 1.00000
  3.162E+07 3.162E+07 3.100E+00 1.913E-01 4.371E+00 3.479E+00 8.041E+00 1.114E+01 5.442E+06 15.5205 1.00000
  3.548E+07 3.548E+07 3.114E+00 2.174E-01 4.929E+00 3.965E+00 9.111E+00 1.223E+01 5.773E+06 15.7508 1.00000
  3.981E+07 3.981E+07 3.129E+00 2.468E-01 5.555E+00 4.520E+00 1.032E+01 1.345E+01 6.111E+06 15.9810 1.00000
  4.467E+07 4.467E+07 3.143E+00 2.802E-01 6.259E+00 5.154E+00 1.169E+01 1.484E+01 6.455E+06 16.2113 1.00000
  5.012E+07 5.012E+07 3.157E+00 3.180E-01 7.051E+00 5.877E+00 1.325E+01 1.640E+01 6.805E+06 16.4415 1.00000
  5.623E+07 5.624E+07 3.171E+00 3.608E-01 7.940E+00 6.703E+00 1.500E+01 1.818E+01 7.160E+06 16.6718 1.00000
  6.310E+07 6.310E+07 3.186E+00 4.093E-01 8.939E+00 7.646E+00 1.699E+01 2.018E+01 7.518E+06 16.9020 1.00000
  7.079E+07 7.080E+07 3.200E+00 4.641E-01 1.006E+01 8.722E+00 1.925E+01 2.245E+01 7.881E+06 17.1323 1.00000
  7.943E+07 7.943E+07 3.214E+00 5.262E-01 1.132E+01 9.951E+00 2.180E+01 2.501E+01 8.246E+06 17.3625 1.00000
  8.913E+07 8.913E+07 3.228E+00 5.963E-01 1.274E+01 1.135E+01 2.469E+01 2.792E+01 8.613E+06 17.5928 1.00000
  1.000E+08 1.000E+08 3.243E+00 6.756E-01 1.433E+01 1.296E+01 2.796E+01 3.120E+01 8.982E+06 17.8230 1.00000
  1.122E+08 1.122E+08 3.257E+00 7.652E-01 1.611E+01 1.479E+01 3.166E+01 3.492E+01 9.352E+06 18.0533 1.00000
  1.259E+08 1.259E+08 3.271E+00 8.664E-01 1.811E+01 1.688E+01 3.586E+01 3.913E+01 9.723E+06 18.2835 1.00000
  1.413E+08 1.413E+08 3.286E+00 9.808E-01 2.036E+01 1.927E+01 4.061E+01 4.390E+01 1.009E+07 18.5138 1.00000
  1.585E+08 1.585E+08 3.300E+00 1.110E+00 2.289E+01 2.199E+01 4.599E+01 4.929E+01 1.047E+07 18.7441 1.00000
  1.778E+08 1.778E+08 3.315E+00 1.256E+00 2.572E+01 2.511E+01 5.209E+01 5.540E+01 1.084E+07 18.9743 1.00000
  1.995E+08 1.995E+08 3.329E+00 1.420E+00 2.891E+01 2.867E+01 5.899E+01 6.232E+01 1.121E+07 19.2046 1.00000
  2.239E+08 2.239E+08 3.344E+00 1.606E+00 3.248E+01 3.273E+01 6.682E+01 7.016E+01 1.158E+07 19.4348 1.00000
  2.512E+08 2.512E+08 3.358E+00 1.816E+00 3.649E+01 3.738E+01 7.568E+01 7.904E+01 1.194E+07 19.6651 1.00000
  2.818E+08 2.818E+08 3.373E+00 2.052E+00 4.099E+01 4.268E+01 8.572E+01 8.910E+01 1.231E+07 19.8953 1.00000
  3.162E+08 3.162E+08 3.388E+00 2.318E+00 4.604E+01 4.875E+01 9.711E+01 1.005E+02 1.267E+07 20.1256 1.00000
  3.548E+08 3.548E+08 3.403E+00 2.618E+00 5.171E+01 5.568E+01 1.100E+02 1.134E+02 1.303E+07 20.3559 1.00000
  3.981E+08 3.981E+08 3.418E+00 2.957E+00 5.807E+01 6.359E+01 1.246E+02 1.280E+02 1.339E+07 20.5861 1.00000
  4.467E+08 4.467E+08 3.433E+00 3.338E+00 6.521E+01 7.264E+01 1.412E+02 1.446E+02 1.375E+07 20.8164 1.00000
  5.012E+08 5.012E+08 3.448E+00 3.768E+00 7.322E+01 8.298E+01 1.600E+02 1.634E+02 1.411E+07 21.0466 1.00000
  5.623E+08 5.623E+08 3.463E+00 4.251E+00 8.222E+01 9.480E+01 1.813E+02 1.847E+02 1.446E+07 21.2769 1.00000
  6.310E+08 6.310E+08 3.478E+00 4.796E+00 9.231E+01 1.083E+02 2.054E+02 2.089E+02 1.481E+07 21.5071 1.00000
  7.079E+08 7.079E+08 3.493E+00 5.409E+00 1.036E+02 1.238E+02 2.328E+02 2.363E+02 1.516E+07 21.7374 1.00000
  7.943E+08 7.943E+08 3.509E+00 6.099E+00 1.163E+02 1.414E+02 2.638E+02 2.673E+02 1.550E+07 21.9677 1.00000
  8.913E+08 8.913E+08 3.524E+00 6.876E+00 1.306E+02 1.616E+02 2.990E+02 3.026E+02 1.584E+07 22.1979 1.00000
  1.000E+09 1.000E+09 3.540E+00 7.750E+00 1.466E+02 1.846E+02 3.390E+02 3.425E+02 1.618E+07 22.4282 1.00000
  1.122E+09 1.122E+09 3.555E+00 8.733E+00 1.645E+02 2.110E+02 3.843E+02 3.878E+02 1.652E+07 22.6584 1.00000
  1.259E+09 1.259E+09 3.571E+00 9.838E+00 1.847E+02 2.412E+02 4.357E+02 4.393E+02 1.685E+07 22.8887 1.00000
  1.413E+09 1.413E+09 3.587E+00 1.108E+01 2.073E+02 2.756E+02 4.940E+02 4.976E+02 1.718E+07 23.1189 1.00000
  1.585E+09 1.585E+09 3.603E+00 1.248E+01 2.327E+02 3.151E+02 5.602E+02 5.638E+02 1.750E+07 23.3492 1.00000
  1.778E+09 1.778E+09 3.619E+00 1.405E+01 2.611E+02 3.601E+02 6.353E+02 6.389E+02 1.783E+07 23.5795 1.00000
  1.995E+09 1.995E+09 3.635E+00 1.582E+01 2.931E+02 4.117E+02 7.206E+02 7.242E+02 1.815E+07 23.8097 1.00000
  2.239E+09 2.239E+09 3.651E+00 1.781E+01 3.289E+02 4.706E+02 8.173E+02 8.210E+02 1.846E+07 24.0400 1.00000
  2.512E+09 2.512E+09 3.667E+00 2.004E+01 3.691E+02 5.381E+02 9.272E+02 9.309E+02 1.878E+07 24.2702 1.00000
  2.818E+09 2.818E+09 3.683E+00 2.255E+01 4.142E+02 6.152E+02 1.052E+03 1.056E+03 1.909E+07 24.5005 1.00000
  3.162E+09 3.162E+09 3.700E+00 2.537E+01 4.648E+02 7.034E+02 1.194E+03 1.197E+03 1.939E+07 24.7308 1.00000
  3.548E+09 3.548E+09 3.716E+00 2.853E+01 5.216E+02 8.043E+02 1.354E+03 1.358E+03 1.970E+07 24.9610 1.00000
  3.981E+09 3.981E+09 3.733E+00 3.209E+01 5.853E+02 9.197E+02 1.537E+03 1.541E+03 2.000E+07 25.1913 1.00000
  4.467E+09 4.467E+09 3.749E+00 3.608E+01 6.568E+02 1.052E+03 1.745E+03 1.748E+03 2.029E+07 25.4215 1.00000
  5.012E+09 5.012E+09 3.766E+00 4.057E+01 7.371E+02 1.203E+03 1.980E+03 1.984E+03 2.059E+07 25.6518 1.00000
  5.623E+09 5.623E+09 3.783E+00 4.561E+01 8.271E+02 1.376E+03 2.248E+03 2.252E+03 2.088E+07 25.8820 1.00000
  6.310E+09 6.310E+09 3.800E+00 5.127E+01 9.281E+02 1.573E+03 2.553E+03 2.557E+03 2.116E+07 26.1123 1.00000
  7.079E+09 7.079E+09 3.817E+00 5.763E+01 1.041E+03 1.800E+03 2.899E+03 2.903E+03 2.145E+07 26.3426 1.00000
  7.943E+09 7.943E+09 3.834E+00 6.477E+01 1.169E+03 2.059E+03 3.292E+03 3.296E+03 2.172E+07 26.5728 1.00000
  8.913E+09 8.913E+09 3.851E+00 7.278E+01 1.311E+03 2.355E+03 3.739E+03 3.743E+03 2.200E+07 26.8031 1.00000
  1.000E+10 1.000E+10 3.869E+00 8.178E+01 1.471E+03 2.694E+03 4.247E+03 4.251E+03 2.227E+07 27.0333 1.00000
  1.122E+10 1.122E+10 3.886E+00 9.188E+01 1.651E+03 3.082E+03 4.825E+03 4.829E+03 2.254E+07 27.2636 1.00000
  1.259E+10 1.259E+10 3.904E+00 1.032E+02 1.852E+03 3.526E+03 5.482E+03 5.486E+03 2.281E+07 27.4939 1.00000
  1.413E+10 1.413E+10 3.921E+00 1.160E+02 2.078E+03 4.034E+03 6.229E+03 6.233E+03 2.307E+07 27.7241 1.00000
  1.585E+10 1.585E+10 3.939E+00 1.302E+02 2.332E+03 4.616E+03 7.079E+03 7.083E+03 2.333E+07 27.9544 1.00000
  1.778E+10 1.778E+10 3.957E+00 1.463E+02 2.617E+03 5.282E+03 8.046E+03 8.049E+03 2.359E+07 28.1846 1.00000
  1.995E+10 1.995E+10 3.975E+00 1.643E+02 2.936E+03 6.045E+03 9.145E+03 9.149E+03 2.384E+07 28.4149 1.00000
  2.239E+10 2.239E+10 3.993E+00 1.845E+02 3.294E+03 6.918E+03 1.040E+04 1.040E+04 2.409E+07 28.6452 1.00000
  2.512E+10 2.512E+10 4.011E+00 2.072E+02 3.696E+03 7.917E+03 1.182E+04 1.182E+04 2.434E+07 28.8754 1.00000
  2.818E+10 2.818E+10 4.029E+00 2.326E+02 4.148E+03 9.062E+03 1.344E+04 1.345E+04 2.458E+07 29.1057 1.00000
  3.162E+10 3.162E+10 4.047E+00 2.612E+02 4.654E+03 1.037E+04 1.529E+04 1.529E+04 2.483E+07 29.3359 1.00000
  3.548E+10 3.548E+10 4.066E+00 2.933E+02 5.221E+03 1.187E+04 1.739E+04 1.739E+04 2.506E+07 29.5662 1.00000
  3.981E+10 3.981E+10 4.084E+00 3.292E+02 5.859E+03 1.359E+04 1.978E+04 1.978E+04 2.530E+07 29.7964 1.00000
  4.467E+10 4.467E+10 4.103E+00 3.696E+02 6.573E+03 1.556E+04 2.250E+04 2.250E+04 2.553E+07 30.0267 1.00000
  5.012E+10 5.012E+10 4.122E+00 4.149E+02 7.375E+03 1.781E+04 2.560E+04 2.560E+04 2.575E+07 30.2570 1.00000
  5.623E+10 5.623E+10 4.141E+00 4.658E+02 8.275E+03 2.039E+04 2.913E+04 2.914E+04 2.598E+07 30.4872 1.00000
  6.310E+10 6.310E+10 4.160E+00 5.229E+02 9.285E+03 2.335E+04 3.315E+04 3.316E+04 2.620E+07 30.7175 1.00000
  7.079E+10 7.079E+10 4.179E+00 5.869E+02 1.042E+04 2.673E+04 3.774E+04 3.774E+04 2.642E+07 30.9477 1.00000
  7.943E+10 7.943E+10 4.198E+00 6.588E+02 1.169E+04 3.061E+04 4.296E+04 4.296E+04 2.663E+07 31.1780 1.00000
  8.913E+10 8.913E+10 4.217E+00 7.394E+02 1.311E+04 3.505E+04 4.891E+04 4.891E+04 2.684E+07 31.4083 1.00000
  1.000E+11 1.000E+11 4.237E+00 8.299E+02 1.471E+04 4.014E+04 5.569E+04 5.569E+04 2.705E+07 31.6385 1.00000
  1.122E+11 1.122E+11 4.256E+00 9.314E+02 1.651E+04 4.597E+04 6.341E+04 6.342E+04 2.726E+07 31.8688 1.00000
  1.259E+11 1.259E+11 4.276E+00 1.045E+03 1.852E+04 5.265E+04 7.222E+04 7.222E+04 2.746E+07 32.0990 1.00000
  1.413E+11 1.413E+11 4.295E+00 1.173E+03 2.078E+04 6.030E+04 8.226E+04 8.227E+04 2.766E+07 32.3293 1.00000
  1.585E+11 1.585E+11 4.315E+00 1.317E+03 2.332E+04 6.907E+04 9.371E+04 9.371E+04 2.786E+07 32.5595 1.00000
  1.778E+11 1.778E+11 4.335E+00 1.478E+03 2.616E+04 7.912E+04 1.068E+05 1.068E+05 2.805E+07 32.7898 1.00000
  1.995E+11 1.995E+11 4.355E+00 1.658E+03 2.936E+04 9.064E+04 1.217E+05 1.217E+05 2.824E+07 33.0201 1.00000
  2.239E+11 2.239E+11 4.375E+00 1.861E+03 3.294E+04 1.038E+05 1.386E+05 1.386E+05 2.843E+07 33.2503 1.00000
  2.512E+11 2.512E+11 4.396E+00 2.088E+03 3.695E+04 1.190E+05 1.580E+05 1.580E+05 2.862E+07 33.4806 1.00000
  2.818E+11 2.818E+11 4.416E+00 2.343E+03 4.146E+04 1.363E+05 1.801E+05 1.801E+05 2.880E+07 33.7108 1.00000
  3.162E+11 3.162E+11 4.437E+00 2.630E+03 4.652E+04 1.562E+05 2.053E+05 2.053E+05 2.898E+07 33.9411 1.00000
  3.548E+11 3.548E+11 4.457E+00 2.951E+03 5.219E+04 1.789E+05 2.341E+05 2.341E+05 2.915E+07 34.1714 1.00000
  3.981E+11 3.981E+11 4.478E+00 3.311E+03 5.856E+04 2.050E+05 2.669E+05 2.669E+05 2.933E+07 34.4016 1.00000
  4.467E+11 4.467E+11 4.499E+00 3.716E+03 6.571E+04 2.350E+05 3.044E+05 3.044E+05 2.950E+07 34.6319 1.00000
  5.012E+11 5.012E+11 4.520E+00 4.169E+03 7.372E+04 2.693E+05 3.472E+05 3.472E+05 2.967E+07 34.8621 1.00000
  5.623E+11 5.623E+11 4.541E+00 4.679E+03 8.271E+04 3.086E+05 3.960E+05 3.960E+05 2.983E+07 35.0924 1.00000
  6.310E+11 6.310E+11 4.562E+00 5.250E+03 9.280E+04 3.537E+05 4.518E+05 4.518E+05 2.999E+07 35.3226 1.00000
  7.079E+11 7.079E+11 4.583E+00 5.891E+03 1.041E+05 4.054E+05 5.154E+05 5.155E+05 3.015E+07 35.5529 1.00000
  7.943E+11 7.943E+11 4.605E+00 6.610E+03 1.168E+05 4.647E+05 5.882E+05 5.882E+05 3.031E+07 35.7832 1.00000
  8.913E+11 8.913E+11 4.627E+00 7.417E+03 1.311E+05 5.327E+05 6.712E+05 6.712E+05 3.047E+07 36.0134 1.00000
  1.000E+12 1.000E+12 4.648E+00 8.322E+03 1.471E+05 6.107E+05 7.661E+05 7.661E+05 3.062E+07 36.2437 1.00000
  1.122E+12 1.122E+12 4.670E+00 9.338E+03 1.650E+05 7.001E+05 8.745E+05 8.745E+05 3.077E+07 36.4739 1.00000
  1.259E+12 1.259E+12 4.692E+00 1.048E+04 1.851E+05 8.027E+05 9.983E+05 9.983E+05 3.091E+07 36.7042 1.00000
  1.413E+12 1.413E+12 4.714E+00 1.176E+04 2.077E+05 9.203E+05 1.140E+06 1.140E+06 3.106E+07 36.9345 1.00000
  1.585E+12 1.585E+12 4.736E+00 1.319E+04 2.330E+05 1.055E+06 1.301E+06 1.301E+06 3.120E+07 37.1647 1.00000
  1.778E+12 1.778E+12 4.759E+00 1.480E+04 2.615E+05 1.210E+06 1.486E+06 1.486E+06 3.134E+07 37.3950 1.00000
  1.995E+12 1.995E+12 4.781E+00 1.661E+04 2.934E+05 1.388E+06 1.697E+06 1.698E+06 3.148E+07 37.6252 1.00000
  2.239E+12 2.239E+12 4.803E+00 1.864E+04 3.291E+05 1.591E+06 1.939E+06 1.939E+06 3.161E+07 37.8555 1.00000
  2.512E+12 2.512E+12 4.826E+00 2.091E+04 3.693E+05 1.825E+06 2.215E+06 2.215E+06 3.174E+07 38.0857 1.00000
  2.818E+12 2.818E+12 4.849E+00 2.346E+04 4.143E+05 2.093E+06 2.531E+06 2.531E+06 3.187E+07 38.3160 1.00000
  3.162E+12 3.162E+12 4.872E+00 2.633E+04 4.649E+05 2.400E+06 2.892E+06 2.892E+06 3.200E+07 38.5463 1.00000
  3.548E+12 3.548E+12 4.895E+00 2.954E+04 5.216E+05 2.753E+06 3.304E+06 3.304E+06 3.212E+07 38.7765 1.00000
  3.981E+12 3.981E+12 4.918E+00 3.314E+04 5.852E+05 3.158E+06 3.777E+06 3.777E+06 3.225E+07 39.0068 1.00000
  4.467E+12 4.467E+12 4.941E+00 3.719E+04 6.565E+05 3.623E+06 4.317E+06 4.317E+06 3.237E+07 39.2370 1.00000
  5.012E+12 5.012E+12 4.965E+00 4.173E+04 7.366E+05 4.156E+06 4.934E+06 4.934E+06 3.249E+07 39.4673 1.00000
  5.623E+12 5.623E+12 4.988E+00 4.682E+04 8.265E+05 4.768E+06 5.641E+06 5.641E+06 3.260E+07 39.6976 1.00000
  6.310E+12 6.310E+12 5.012E+00 5.253E+04 9.273E+05 5.470E+06 6.450E+06 6.450E+06 3.272E+07 39.9278 1.00000
  7.079E+12 7.079E+12 5.036E+00 5.894E+04 1.040E+06 6.276E+06 7.376E+06 7.376E+06 3.283E+07 40.1581 1.00000
  7.943E+12 7.943E+12 5.060E+00 6.613E+04 1.167E+06 7.202E+06 8.435E+06 8.435E+06 3.294E+07 40.3883 1.00000
  8.913E+12 8.913E+12 5.084E+00 7.420E+04 1.310E+06 8.263E+06 9.647E+06 9.647E+06 3.305E+07 40.6186 1.00000
  1.000E+13 1.000E+13 5.108E+00 8.326E+04 1.469E+06 9.482E+06 1.104E+07 1.104E+07 3.315E+07 40.8489 1.00000
  1.122E+13 1.122E+13 5.132E+00 9.342E+04 1.649E+06 1.088E+07 1.262E+07 1.262E+07 3.326E+07 41.0791 1.00000
  1.259E+13 1.259E+13 5.157E+00 1.048E+05 1.850E+06 1.249E+07 1.444E+07 1.444E+07 3.336E+07 41.3094 1.00000
  1.413E+13 1.413E+13 5.182E+00 1.176E+05 2.075E+06 1.433E+07 1.653E+07 1.653E+07 3.346E+07 41.5396 1.00000
  1.585E+13 1.585E+13 5.206E+00 1.320E+05 2.328E+06 1.645E+07 1.891E+07 1.891E+07 3.355E+07 41.7699 1.00000
  1.778E+13 1.778E+13 5.231E+00 1.481E+05 2.612E+06 1.888E+07 2.164E+07 2.164E+07 3.365E+07 42.0001 1.00000
  1.995E+13 1.995E+13 5.256E+00 1.661E+05 2.931E+06 2.167E+07 2.477E+07 2.477E+07 3.374E+07 42.2304 1.00000
  2.239E+13 2.239E+13 5.281E+00 1.864E+05 3.288E+06 2.488E+07 2.835E+07 2.835E+07 3.384E+07 42.4607 1.00000
  2.512E+13 2.512E+13 5.307E+00 2.091E+05 3.689E+06 2.856E+07 3.246E+07 3.246E+07 3.393E+07 42.6909 1.00000
  2.818E+13 2.818E+13 5.332E+00 2.347E+05 4.139E+06 3.279E+07 3.716E+07 3.716E+07 3.401E+07 42.9212 1.00000
  3.162E+13 3.162E+13 5.358E+00 2.633E+05 4.644E+06 3.764E+07 4.255E+07 4.255E+07 3.410E+07 43.1514 1.00000
  3.548E+13 3.548E+13 5.383E+00 2.954E+05 5.210E+06 4.322E+07 4.872E+07 4.872E+07 3.419E+07 43.3817 1.00000
  3.981E+13 3.981E+13 5.409E+00 3.315E+05 5.846E+06 4.962E+07 5.580E+07 5.580E+07 3.427E+07 43.6120 1.00000
  4.467E+13 4.467E+13 5.435E+00 3.719E+05 6.559E+06 5.698E+07 6.391E+07 6.391E+07 3.435E+07 43.8422 1.00000
  5.012E+13 5.012E+13 5.461E+00 4.173E+05 7.359E+06 6.543E+07 7.320E+07 7.320E+07 3.443E+07 44.0725 1.00000
  5.623E+13 5.623E+13 5.487E+00 4.682E+05 8.256E+06 7.513E+07 8.386E+07 8.386E+07 3.451E+07 44.3027 1.00000
  6.310E+13 6.310E+13 5.514E+00 5.253E+05 9.263E+06 8.628E+07 9.607E+07 9.607E+07 3.459E+07 44.5330 1.00000
  7.079E+13 7.079E+13 5.540E+00 5.894E+05 1.039E+07 9.909E+07 1.101E+08 1.101E+08 3.466E+07 44.7632 1.00000
  7.943E+13 7.943E+13 5.567E+00 6.614E+05 1.166E+07 1.138E+08 1.261E+08 1.261E+08 3.473E+07 44.9935 1.00000
  8.913E+13 8.913E+13 5.594E+00 7.421E+05 1.308E+07 1.307E+08 1.445E+08 1.445E+08 3.481E+07 45.2238 1.00000
  1.000E+14 1.000E+14 5.621E+00 8.326E+05 1.468E+07 1.501E+08 1.656E+08 1.656E+08 3.488E+07 45.4540 1.00000
  1.122E+14 1.122E+14 5.648E+00 9.342E+05 1.647E+07 1.725E+08 1.899E+08 1.899E+08 3.495E+07 45.6843 1.00000
  1.259E+14 1.259E+14 5.675E+00 1.048E+06 1.848E+07 1.981E+08 2.176E+08 2.176E+08 3.501E+07 45.9145 1.00000
  1.413E+14 1.413E+14 5.703E+00 1.176E+06 2.073E+07 2.276E+08 2.495E+08 2.495E+08 3.508E+07 46.1448 1.00000
  1.585E+14 1.585E+14 5.730E+00 1.320E+06 2.326E+07 2.614E+08 2.860E+08 2.860E+08 3.514E+07 46.3751 1.00000
  1.778E+14 1.778E+14 5.758E+00 1.481E+06 2.609E+07 3.004E+08 3.279E+08 3.279E+08 3.521E+07 46.6053 1.00000
  1.995E+14 1.995E+14 5.786E+00 1.661E+06 2.927E+07 3.451E+08 3.760E+08 3.760E+08 3.527E+07 46.8356 1.00000
  2.239E+14 2.239E+14 5.813E+00 1.864E+06 3.284E+07 3.965E+08 4.312E+08 4.312E+08 3.533E+07 47.0658 1.00000
  2.512E+14 2.512E+14 5.842E+00 2.091E+06 3.685E+07 4.556E+08 4.945E+08 4.945E+08 3.539E+07 47.2961 1.00000
  2.818E+14 2.818E+14 5.870E+00 2.347E+06 4.134E+07 5.235E+08 5.672E+08 5.672E+08 3.545E+07 47.5263 1.00000
  3.162E+14 3.162E+14 5.898E+00 2.633E+06 4.638E+07 6.016E+08 6.506E+08 6.506E+08 3.550E+07 47.7566 1.00000
  3.548E+14 3.548E+14 5.927E+00 2.954E+06 5.204E+07 6.913E+08 7.463E+08 7.463E+08 3.556E+07 47.9869 1.00000
  3.981E+14 3.981E+14 5.956E+00 3.315E+06 5.839E+07 7.945E+08 8.562E+08 8.562E+08 3.561E+07 48.2171 1.00000
  4.467E+14 4.467E+14 5.984E+00 3.719E+06 6.551E+07 9.131E+08 9.823E+08 9.823E+08 3.567E+07 48.4474 1.00000
  5.012E+14 5.012E+14 6.013E+00 4.173E+06 7.349E+07 1.049E+09 1.127E+09 1.127E+09 3.572E+07 48.6776 1.00000
  5.623E+14 5.623E+14 6.043E+00 4.682E+06 8.246E+07 1.206E+09 1.293E+09 1.293E+09 3.577E+07 48.9079 1.00000
  6.310E+14 6.310E+14 6.072E+00 5.253E+06 9.251E+07 1.386E+09 1.484E+09 1.484E+09 3.582E+07 49.1382 1.00000
  7.079E+14 7.079E+14 6.101E+00 5.894E+06 1.038E+08 1.594E+09 1.703E+09 1.703E+09 3.587E+07 49.3684 1.00000
  7.943E+14 7.943E+14 6.131E+00 6.614E+06 1.164E+08 1.832E+09 1.955E+09 1.955E+09 3.592E+07 49.5987 1.00000
  8.913E+14 8.913E+14 6.161E+00 7.421E+06 1.306E+08 2.106E+09 2.244E+09 2.244E+09 3.596E+07 49.8289 1.00000
  1.000E+15 1.000E+15 6.191E+00 8.326E+06 1.466E+08 2.421E+09 2.576E+09 2.576E+09 3.601E+07 50.0592 1.00000
