 Incident particle is a Tau with M = 1776.82000 MeV
 Index = 0: Polyoxymethylene
      Absorber with <Z/A> = 0.53287
 Density effect computed following Fano (1963)
 Models for Radloss: brems =  SSR, pair =  SSR, photonuc = DRSS

 *** Table generated with PUMAS v1.1 ***

      T         p     Ionization  brems     pair     photonuc  Radloss    dE/dx   CSDA Range  delta   beta
    [MeV]    [MeV/c]  -----------------------[MeV cm^2/g]------------------------  [g/cm^2]
  1.000E+05 1.018E+05 2.323E+00 3.859E-05 2.092E-03 6.745E-03 8.876E-03 2.332E+00 2.144E+04  4.9185 0.99985
  1.122E+05 1.140E+05 2.343E+00 4.671E-05 2.527E-03 7.646E-03 1.022E-02 2.353E+00 2.665E+04  5.1317 0.99988
  1.259E+05 1.277E+05 2.363E+00 5.644E-05 3.041E-03 8.648E-03 1.175E-02 2.375E+00 3.244E+04  5.3474 0.99990
  1.413E+05 1.430E+05 2.383E+00 6.808E-05 3.646E-03 9.755E-03 1.347E-02 2.397E+00 3.888E+04  5.5653 0.99992
  1.585E+05 1.603E+05 2.403E+00 8.197E-05 4.358E-03 1.101E-02 1.545E-02 2.418E+00 4.604E+04  5.7852 0.99994
  1.778E+05 1.796E+05 2.423E+00 9.850E-05 5.194E-03 1.240E-02 1.770E-02 2.440E+00 5.400E+04  6.0068 0.99995
  1.995E+05 2.013E+05 2.443E+00 1.182E-04 6.173E-03 1.398E-02 2.027E-02 2.463E+00 6.285E+04  6.2297 0.99996
  2.239E+05 2.256E+05 2.462E+00 1.415E-04 7.318E-03 1.573E-02 2.319E-02 2.485E+00 7.269E+04  6.4539 0.99997
  2.512E+05 2.530E+05 2.482E+00 1.691E-04 8.654E-03 1.769E-02 2.651E-02 2.508E+00 8.363E+04  6.6791 0.99998
  2.818E+05 2.836E+05 2.501E+00 2.017E-04 1.021E-02 1.990E-02 3.032E-02 2.532E+00 9.579E+04  6.9051 0.99998
  3.162E+05 3.180E+05 2.521E+00 2.401E-04 1.202E-02 2.239E-02 3.466E-02 2.556E+00 1.093E+05  7.1318 0.99998
  3.548E+05 3.566E+05 2.541E+00 2.854E-04 1.413E-02 2.518E-02 3.960E-02 2.580E+00 1.243E+05  7.3591 0.99999
  3.981E+05 3.999E+05 2.560E+00 3.386E-04 1.657E-02 2.831E-02 4.521E-02 2.605E+00 1.410E+05  7.5868 0.99999
  4.467E+05 4.485E+05 2.579E+00 4.011E-04 1.940E-02 3.183E-02 5.163E-02 2.631E+00 1.596E+05  7.8150 0.99999
  5.012E+05 5.030E+05 2.599E+00 4.742E-04 2.267E-02 3.576E-02 5.891E-02 2.658E+00 1.802E+05  8.0435 0.99999
  5.623E+05 5.641E+05 2.618E+00 5.598E-04 2.644E-02 4.022E-02 6.723E-02 2.685E+00 2.031E+05  8.2723 1.00000
  6.310E+05 6.327E+05 2.637E+00 6.597E-04 3.080E-02 4.526E-02 7.672E-02 2.714E+00 2.285E+05  8.5013 1.00000
  7.079E+05 7.097E+05 2.657E+00 7.763E-04 3.582E-02 5.094E-02 8.754E-02 2.744E+00 2.567E+05  8.7305 1.00000
  7.943E+05 7.961E+05 2.676E+00 9.122E-04 4.160E-02 5.734E-02 9.985E-02 2.776E+00 2.880E+05  8.9598 1.00000
  8.913E+05 8.930E+05 2.695E+00 1.070E-03 4.825E-02 6.455E-02 1.139E-01 2.809E+00 3.227E+05  9.1893 1.00000
  1.000E+06 1.002E+06 2.714E+00 1.254E-03 5.587E-02 7.274E-02 1.299E-01 2.844E+00 3.612E+05  9.4189 1.00000
  1.122E+06 1.124E+06 2.732E+00 1.467E-03 6.462E-02 8.195E-02 1.480E-01 2.880E+00 4.038E+05  9.6486 1.00000
  1.259E+06 1.261E+06 2.751E+00 1.714E-03 7.464E-02 9.243E-02 1.688E-01 2.920E+00 4.510E+05  9.8783 1.00000
  1.413E+06 1.414E+06 2.770E+00 2.001E-03 8.610E-02 1.043E-01 1.924E-01 2.962E+00 5.033E+05 10.1082 1.00000
  1.585E+06 1.587E+06 2.788E+00 2.332E-03 9.921E-02 1.177E-01 2.192E-01 3.007E+00 5.610E+05 10.3381 1.00000
  1.778E+06 1.780E+06 2.807E+00 2.715E-03 1.142E-01 1.329E-01 2.498E-01 3.056E+00 6.248E+05 10.5680 1.00000
  1.995E+06 1.997E+06 2.825E+00 3.156E-03 1.313E-01 1.501E-01 2.845E-01 3.109E+00 6.952E+05 10.7980 1.00000
  2.239E+06 2.240E+06 2.843E+00 3.667E-03 1.507E-01 1.698E-01 3.242E-01 3.167E+00 7.727E+05 11.0280 1.00000
  2.512E+06 2.514E+06 2.861E+00 4.257E-03 1.729E-01 1.920E-01 3.691E-01 3.230E+00 8.581E+05 11.2581 1.00000
  2.818E+06 2.820E+06 2.879E+00 4.936E-03 1.981E-01 2.173E-01 4.204E-01 3.299E+00 9.520E+05 11.4881 1.00000
  3.162E+06 3.164E+06 2.896E+00 5.716E-03 2.268E-01 2.460E-01 4.785E-01 3.375E+00 1.055E+06 11.7182 1.00000
  3.548E+06 3.550E+06 2.914E+00 6.614E-03 2.594E-01 2.786E-01 5.446E-01 3.458E+00 1.168E+06 11.9484 1.00000
  3.981E+06 3.983E+06 2.931E+00 7.644E-03 2.964E-01 3.158E-01 6.198E-01 3.551E+00 1.292E+06 12.1785 1.00000
  4.467E+06 4.469E+06 2.948E+00 8.828E-03 3.383E-01 3.580E-01 7.051E-01 3.653E+00 1.426E+06 12.4086 1.00000
  5.012E+06 5.014E+06 2.965E+00 1.019E-02 3.859E-01 4.061E-01 8.021E-01 3.767E+00 1.573E+06 12.6388 1.00000
  5.623E+06 5.625E+06 2.982E+00 1.176E-02 4.397E-01 4.608E-01 9.123E-01 3.894E+00 1.733E+06 12.8690 1.00000
  6.310E+06 6.311E+06 2.998E+00 1.355E-02 5.007E-01 5.231E-01 1.037E+00 4.036E+00 1.906E+06 13.0992 1.00000
  7.079E+06 7.081E+06 3.015E+00 1.561E-02 5.697E-01 5.941E-01 1.179E+00 4.194E+00 2.093E+06 13.3294 1.00000
  7.943E+06 7.945E+06 3.031E+00 1.796E-02 6.477E-01 6.749E-01 1.341E+00 4.372E+00 2.295E+06 13.5596 1.00000
  8.913E+06 8.914E+06 3.047E+00 2.065E-02 7.359E-01 7.671E-01 1.524E+00 4.571E+00 2.512E+06 13.7898 1.00000
  1.000E+07 1.000E+07 3.063E+00 2.373E-02 8.355E-01 8.721E-01 1.731E+00 4.794E+00 2.744E+06 14.0200 1.00000
  1.122E+07 1.122E+07 3.079E+00 2.726E-02 9.480E-01 9.918E-01 1.967E+00 5.046E+00 2.992E+06 14.2502 1.00000
  1.259E+07 1.259E+07 3.094E+00 3.128E-02 1.075E+00 1.128E+00 2.234E+00 5.329E+00 3.256E+06 14.4804 1.00000
  1.413E+07 1.413E+07 3.110E+00 3.588E-02 1.218E+00 1.284E+00 2.538E+00 5.648E+00 3.536E+06 14.7106 1.00000
  1.585E+07 1.585E+07 3.125E+00 4.113E-02 1.380E+00 1.461E+00 2.882E+00 6.007E+00 3.832E+06 14.9409 1.00000
  1.778E+07 1.778E+07 3.141E+00 4.711E-02 1.562E+00 1.664E+00 3.272E+00 6.413E+00 4.143E+06 15.1711 1.00000
  1.995E+07 1.995E+07 3.156E+00 5.394E-02 1.767E+00 1.895E+00 3.715E+00 6.871E+00 4.470E+06 15.4013 1.00000
  2.239E+07 2.239E+07 3.171E+00 6.173E-02 1.998E+00 2.158E+00 4.218E+00 7.389E+00 4.812E+06 15.6316 1.00000
  2.512E+07 2.512E+07 3.186E+00 7.061E-02 2.258E+00 2.459E+00 4.788E+00 7.974E+00 5.168E+06 15.8618 1.00000
  2.818E+07 2.819E+07 3.201E+00 8.073E-02 2.551E+00 2.802E+00 5.434E+00 8.635E+00 5.537E+06 16.0921 1.00000
  3.162E+07 3.162E+07 3.216E+00 9.226E-02 2.881E+00 3.194E+00 6.167E+00 9.383E+00 5.919E+06 16.3223 1.00000
  3.548E+07 3.548E+07 3.231E+00 1.054E-01 3.251E+00 3.641E+00 6.998E+00 1.023E+01 6.313E+06 16.5526 1.00000
  3.981E+07 3.981E+07 3.246E+00 1.203E-01 3.669E+00 4.152E+00 7.941E+00 1.119E+01 6.717E+06 16.7828 1.00000
  4.467E+07 4.467E+07 3.260E+00 1.373E-01 4.138E+00 4.735E+00 9.010E+00 1.227E+01 7.132E+06 17.0131 1.00000
  5.012E+07 5.012E+07 3.275E+00 1.566E-01 4.666E+00 5.401E+00 1.022E+01 1.350E+01 7.555E+06 17.2433 1.00000
  5.623E+07 5.624E+07 3.290E+00 1.785E-01 5.259E+00 6.161E+00 1.160E+01 1.489E+01 7.986E+06 17.4736 1.00000
  6.310E+07 6.310E+07 3.305E+00 2.034E-01 5.926E+00 7.029E+00 1.316E+01 1.646E+01 8.425E+06 17.7038 1.00000
  7.079E+07 7.080E+07 3.320E+00 2.317E-01 6.675E+00 8.021E+00 1.493E+01 1.825E+01 8.869E+06 17.9341 1.00000
  7.943E+07 7.943E+07 3.334E+00 2.637E-01 7.518E+00 9.154E+00 1.694E+01 2.027E+01 9.318E+06 18.1643 1.00000
  8.913E+07 8.913E+07 3.349E+00 3.001E-01 8.464E+00 1.045E+01 1.921E+01 2.256E+01 9.771E+06 18.3946 1.00000
  1.000E+08 1.000E+08 3.364E+00 3.414E-01 9.527E+00 1.193E+01 2.179E+01 2.516E+01 1.023E+07 18.6248 1.00000
  1.122E+08 1.122E+08 3.379E+00 3.882E-01 1.072E+01 1.362E+01 2.472E+01 2.810E+01 1.069E+07 18.8551 1.00000
  1.259E+08 1.259E+08 3.394E+00 4.412E-01 1.206E+01 1.555E+01 2.805E+01 3.144E+01 1.115E+07 19.0853 1.00000
  1.413E+08 1.413E+08 3.409E+00 5.012E-01 1.357E+01 1.775E+01 3.182E+01 3.523E+01 1.161E+07 19.3156 1.00000
  1.585E+08 1.585E+08 3.424E+00 5.692E-01 1.526E+01 2.027E+01 3.610E+01 3.952E+01 1.207E+07 19.5458 1.00000
  1.778E+08 1.778E+08 3.439E+00 6.462E-01 1.716E+01 2.315E+01 4.096E+01 4.440E+01 1.253E+07 19.7761 1.00000
  1.995E+08 1.995E+08 3.454E+00 7.332E-01 1.929E+01 2.644E+01 4.647E+01 4.992E+01 1.299E+07 20.0064 1.00000
  2.239E+08 2.239E+08 3.469E+00 8.317E-01 2.169E+01 3.021E+01 5.272E+01 5.619E+01 1.345E+07 20.2366 1.00000
  2.512E+08 2.512E+08 3.485E+00 9.430E-01 2.437E+01 3.451E+01 5.983E+01 6.331E+01 1.391E+07 20.4669 1.00000
  2.818E+08 2.818E+08 3.500E+00 1.069E+00 2.739E+01 3.943E+01 6.789E+01 7.139E+01 1.436E+07 20.6971 1.00000
  3.162E+08 3.162E+08 3.515E+00 1.211E+00 3.078E+01 4.505E+01 7.704E+01 8.055E+01 1.482E+07 20.9274 1.00000
  3.548E+08 3.548E+08 3.531E+00 1.372E+00 3.458E+01 5.148E+01 8.743E+01 9.096E+01 1.527E+07 21.1576 1.00000
  3.981E+08 3.981E+08 3.546E+00 1.553E+00 3.885E+01 5.882E+01 9.922E+01 1.028E+02 1.572E+07 21.3879 1.00000
  4.467E+08 4.467E+08 3.562E+00 1.758E+00 4.364E+01 6.723E+01 1.126E+02 1.162E+02 1.616E+07 21.6182 1.00000
  5.012E+08 5.012E+08 3.578E+00 1.989E+00 4.901E+01 7.684E+01 1.278E+02 1.314E+02 1.660E+07 21.8484 1.00000
  5.623E+08 5.623E+08 3.593E+00 2.249E+00 5.504E+01 8.782E+01 1.451E+02 1.487E+02 1.704E+07 22.0787 1.00000
  6.310E+08 6.310E+08 3.609E+00 2.543E+00 6.182E+01 1.004E+02 1.647E+02 1.684E+02 1.747E+07 22.3089 1.00000
  7.079E+08 7.079E+08 3.625E+00 2.875E+00 6.941E+01 1.148E+02 1.871E+02 1.907E+02 1.790E+07 22.5392 1.00000
  7.943E+08 7.943E+08 3.641E+00 3.248E+00 7.794E+01 1.312E+02 2.124E+02 2.160E+02 1.833E+07 22.7694 1.00000
  8.913E+08 8.913E+08 3.657E+00 3.670E+00 8.751E+01 1.500E+02 2.412E+02 2.448E+02 1.875E+07 22.9997 1.00000
  1.000E+09 1.000E+09 3.673E+00 4.144E+00 9.825E+01 1.715E+02 2.739E+02 2.776E+02 1.916E+07 23.2300 1.00000
  1.122E+09 1.122E+09 3.690E+00 4.678E+00 1.103E+02 1.961E+02 3.111E+02 3.148E+02 1.958E+07 23.4602 1.00000
  1.259E+09 1.259E+09 3.706E+00 5.280E+00 1.238E+02 2.243E+02 3.534E+02 3.571E+02 1.999E+07 23.6905 1.00000
  1.413E+09 1.413E+09 3.722E+00 5.958E+00 1.390E+02 2.565E+02 4.014E+02 4.052E+02 2.039E+07 23.9207 1.00000
  1.585E+09 1.585E+09 3.739E+00 6.721E+00 1.560E+02 2.933E+02 4.561E+02 4.598E+02 2.079E+07 24.1510 1.00000
  1.778E+09 1.778E+09 3.755E+00 7.579E+00 1.751E+02 3.355E+02 5.182E+02 5.220E+02 2.118E+07 24.3813 1.00000
  1.995E+09 1.995E+09 3.772E+00 8.545E+00 1.966E+02 3.837E+02 5.889E+02 5.926E+02 2.157E+07 24.6115 1.00000
  2.239E+09 2.239E+09 3.789E+00 9.632E+00 2.206E+02 4.389E+02 6.692E+02 6.730E+02 2.196E+07 24.8418 1.00000
  2.512E+09 2.512E+09 3.806E+00 1.085E+01 2.476E+02 5.021E+02 7.606E+02 7.644E+02 2.234E+07 25.0720 1.00000
  2.818E+09 2.818E+09 3.823E+00 1.223E+01 2.779E+02 5.744E+02 8.646E+02 8.684E+02 2.271E+07 25.3023 1.00000
  3.162E+09 3.162E+09 3.840E+00 1.378E+01 3.119E+02 6.572E+02 9.829E+02 9.867E+02 2.309E+07 25.5325 1.00000
  3.548E+09 3.548E+09 3.857E+00 1.551E+01 3.501E+02 7.519E+02 1.118E+03 1.121E+03 2.345E+07 25.7628 1.00000
  3.981E+09 3.981E+09 3.874E+00 1.747E+01 3.929E+02 8.604E+02 1.271E+03 1.275E+03 2.381E+07 25.9931 1.00000
  4.467E+09 4.467E+09 3.892E+00 1.966E+01 4.409E+02 9.845E+02 1.445E+03 1.449E+03 2.417E+07 26.2233 1.00000
  5.012E+09 5.012E+09 3.909E+00 2.213E+01 4.948E+02 1.127E+03 1.644E+03 1.647E+03 2.452E+07 26.4536 1.00000
  5.623E+09 5.623E+09 3.927E+00 2.491E+01 5.552E+02 1.289E+03 1.869E+03 1.873E+03 2.487E+07 26.6838 1.00000
  6.310E+09 6.310E+09 3.944E+00 2.802E+01 6.231E+02 1.476E+03 2.127E+03 2.131E+03 2.522E+07 26.9141 1.00000
  7.079E+09 7.079E+09 3.962E+00 3.152E+01 6.992E+02 1.689E+03 2.420E+03 2.424E+03 2.555E+07 27.1444 1.00000
  7.943E+09 7.943E+09 3.980E+00 3.546E+01 7.846E+02 1.933E+03 2.753E+03 2.757E+03 2.589E+07 27.3746 1.00000
  8.913E+09 8.913E+09 3.998E+00 3.988E+01 8.804E+02 2.213E+03 3.133E+03 3.137E+03 2.622E+07 27.6049 1.00000
  1.000E+10 1.000E+10 4.016E+00 4.484E+01 9.880E+02 2.533E+03 3.566E+03 3.570E+03 2.654E+07 27.8351 1.00000
  1.122E+10 1.122E+10 4.034E+00 5.041E+01 1.109E+03 2.900E+03 4.059E+03 4.063E+03 2.686E+07 28.0654 1.00000
  1.259E+10 1.259E+10 4.052E+00 5.667E+01 1.244E+03 3.320E+03 4.620E+03 4.624E+03 2.718E+07 28.2956 1.00000
  1.413E+10 1.413E+10 4.070E+00 6.370E+01 1.396E+03 3.801E+03 5.260E+03 5.264E+03 2.749E+07 28.5259 1.00000
  1.585E+10 1.585E+10 4.089E+00 7.159E+01 1.566E+03 4.352E+03 5.990E+03 5.994E+03 2.780E+07 28.7560 1.00000
  1.778E+10 1.778E+10 4.107E+00 8.045E+01 1.758E+03 4.983E+03 6.821E+03 6.825E+03 2.810E+07 28.9863 1.00000
  1.995E+10 1.995E+10 4.126E+00 9.040E+01 1.972E+03 5.706E+03 7.769E+03 7.773E+03 2.840E+07 29.2166 1.00000
  2.239E+10 2.239E+10 4.145E+00 1.016E+02 2.213E+03 6.535E+03 8.849E+03 8.853E+03 2.869E+07 29.4464 1.00000
  2.512E+10 2.512E+10 4.164E+00 1.141E+02 2.483E+03 7.484E+03 1.008E+04 1.008E+04 2.898E+07 29.6767 1.00000
  2.818E+10 2.818E+10 4.183E+00 1.282E+02 2.786E+03 8.571E+03 1.149E+04 1.149E+04 2.926E+07 29.9070 1.00000
  3.162E+10 3.162E+10 4.202E+00 1.440E+02 3.126E+03 9.817E+03 1.309E+04 1.309E+04 2.954E+07 30.1357 1.00000
  3.548E+10 3.548E+10 4.221E+00 1.617E+02 3.508E+03 1.124E+04 1.491E+04 1.492E+04 2.982E+07 30.3659 1.00000
  3.981E+10 3.981E+10 4.240E+00 1.816E+02 3.936E+03 1.288E+04 1.700E+04 1.700E+04 3.009E+07 30.5962 1.00000
  4.467E+10 4.467E+10 4.260E+00 2.039E+02 4.416E+03 1.476E+04 1.938E+04 1.938E+04 3.036E+07 30.8265 1.00000
  5.012E+10 5.012E+10 4.280E+00 2.290E+02 4.955E+03 1.690E+04 2.209E+04 2.209E+04 3.062E+07 31.0502 1.00000
  5.623E+10 5.623E+10 4.300E+00 2.572E+02 5.560E+03 1.937E+04 2.518E+04 2.519E+04 3.088E+07 31.2805 1.00000
  6.310E+10 6.310E+10 4.319E+00 2.887E+02 6.238E+03 2.219E+04 2.872E+04 2.872E+04 3.114E+07 31.5107 1.00000
  7.079E+10 7.079E+10 4.342E+00 3.242E+02 7.000E+03 2.542E+04 3.275E+04 3.275E+04 3.139E+07 31.7118 1.00000
  7.943E+10 7.943E+10 4.361E+00 3.640E+02 7.854E+03 2.913E+04 3.735E+04 3.736E+04 3.163E+07 31.9421 1.00000
  8.913E+10 8.913E+10 4.382E+00 4.086E+02 8.813E+03 3.338E+04 4.261E+04 4.261E+04 3.188E+07 32.1724 1.00000
  1.000E+11 1.000E+11 4.402E+00 4.587E+02 9.888E+03 3.826E+04 4.860E+04 4.861E+04 3.211E+07 32.4026 1.00000
  1.122E+11 1.122E+11 4.422E+00 5.149E+02 1.109E+04 4.385E+04 5.545E+04 5.546E+04 3.235E+07 32.6329 1.00000
  1.259E+11 1.259E+11 4.455E+00 5.780E+02 1.245E+04 5.025E+04 6.328E+04 6.328E+04 3.258E+07 32.7077 1.00000
  1.413E+11 1.413E+11 4.476E+00 6.487E+02 1.397E+04 5.760E+04 7.221E+04 7.222E+04 3.281E+07 32.9379 1.00000
  1.585E+11 1.585E+11 4.496E+00 7.282E+02 1.567E+04 6.602E+04 8.242E+04 8.242E+04 3.303E+07 33.1682 1.00000
  1.778E+11 1.778E+11 4.517E+00 8.173E+02 1.758E+04 7.568E+04 9.408E+04 9.408E+04 3.325E+07 33.3984 1.00000
  1.995E+11 1.995E+11 4.538E+00 9.173E+02 1.973E+04 8.676E+04 1.074E+05 1.074E+05 3.347E+07 33.6287 1.00000
  2.239E+11 2.239E+11 4.559E+00 1.030E+03 2.214E+04 9.946E+04 1.226E+05 1.226E+05 3.368E+07 33.8590 1.00000
  2.512E+11 2.512E+11 4.580E+00 1.155E+03 2.484E+04 1.140E+05 1.400E+05 1.400E+05 3.389E+07 34.0892 1.00000
  2.818E+11 2.818E+11 4.601E+00 1.297E+03 2.787E+04 1.307E+05 1.599E+05 1.599E+05 3.409E+07 34.3195 1.00000
  3.162E+11 3.162E+11 4.623E+00 1.455E+03 3.127E+04 1.499E+05 1.826E+05 1.826E+05 3.429E+07 34.5497 1.00000
  3.548E+11 3.548E+11 4.644E+00 1.633E+03 3.509E+04 1.719E+05 2.086E+05 2.086E+05 3.449E+07 34.7800 1.00000
  3.981E+11 3.981E+11 4.666E+00 1.833E+03 3.937E+04 1.971E+05 2.383E+05 2.383E+05 3.468E+07 35.0103 1.00000
  4.467E+11 4.467E+11 4.688E+00 2.057E+03 4.417E+04 2.260E+05 2.723E+05 2.723E+05 3.487E+07 35.2405 1.00000
  5.012E+11 5.012E+11 4.709E+00 2.308E+03 4.956E+04 2.592E+05 3.111E+05 3.111E+05 3.506E+07 35.4708 1.00000
  5.623E+11 5.623E+11 4.731E+00 2.590E+03 5.561E+04 2.973E+05 3.555E+05 3.555E+05 3.525E+07 35.7010 1.00000
  6.310E+11 6.310E+11 4.753E+00 2.906E+03 6.239E+04 3.410E+05 4.063E+05 4.063E+05 3.543E+07 35.9313 1.00000
  7.079E+11 7.079E+11 4.776E+00 3.261E+03 7.001E+04 3.912E+05 4.644E+05 4.644E+05 3.560E+07 36.1615 1.00000
  7.943E+11 7.943E+11 4.798E+00 3.660E+03 7.855E+04 4.487E+05 5.309E+05 5.309E+05 3.578E+07 36.3918 1.00000
  8.913E+11 8.913E+11 4.820E+00 4.107E+03 8.813E+04 5.147E+05 6.070E+05 6.070E+05 3.595E+07 36.6221 1.00000
  1.000E+12 1.000E+12 4.843E+00 4.608E+03 9.889E+04 5.905E+05 6.940E+05 6.940E+05 3.612E+07 36.8523 1.00000
  1.122E+12 1.122E+12 4.866E+00 5.171E+03 1.110E+05 6.774E+05 7.936E+05 7.936E+05 3.628E+07 37.0826 1.00000
  1.259E+12 1.259E+12 4.889E+00 5.802E+03 1.245E+05 7.773E+05 9.075E+05 9.076E+05 3.644E+07 37.3128 1.00000
  1.413E+12 1.413E+12 4.911E+00 6.510E+03 1.397E+05 8.918E+05 1.038E+06 1.038E+06 3.660E+07 37.5431 1.00000
  1.585E+12 1.585E+12 4.935E+00 7.305E+03 1.567E+05 1.023E+06 1.187E+06 1.187E+06 3.675E+07 37.7734 1.00000
  1.778E+12 1.778E+12 4.958E+00 8.197E+03 1.758E+05 1.174E+06 1.358E+06 1.358E+06 3.691E+07 38.0036 1.00000
  1.995E+12 1.995E+12 4.981E+00 9.198E+03 1.973E+05 1.348E+06 1.554E+06 1.554E+06 3.706E+07 38.2339 1.00000
  2.239E+12 2.239E+12 5.005E+00 1.032E+04 2.214E+05 1.546E+06 1.778E+06 1.778E+06 3.720E+07 38.4641 1.00000
  2.512E+12 2.512E+12 5.028E+00 1.158E+04 2.484E+05 1.775E+06 2.035E+06 2.035E+06 3.735E+07 38.6944 1.00000
  2.818E+12 2.818E+12 5.052E+00 1.299E+04 2.787E+05 2.037E+06 2.329E+06 2.329E+06 3.749E+07 38.9246 1.00000
  3.162E+12 3.162E+12 5.076E+00 1.458E+04 3.127E+05 2.338E+06 2.665E+06 2.665E+06 3.762E+07 39.1549 1.00000
  3.548E+12 3.548E+12 5.100E+00 1.636E+04 3.509E+05 2.684E+06 3.051E+06 3.051E+06 3.776E+07 39.3852 1.00000
  3.981E+12 3.981E+12 5.124E+00 1.836E+04 3.937E+05 3.081E+06 3.493E+06 3.493E+06 3.789E+07 39.6154 1.00000
  4.467E+12 4.467E+12 5.148E+00 2.060E+04 4.417E+05 3.537E+06 3.999E+06 3.999E+06 3.802E+07 39.8457 1.00000
  5.012E+12 5.012E+12 5.173E+00 2.311E+04 4.956E+05 4.060E+06 4.579E+06 4.579E+06 3.815E+07 40.0759 1.00000
  5.623E+12 5.623E+12 5.197E+00 2.593E+04 5.561E+05 4.662E+06 5.244E+06 5.244E+06 3.827E+07 40.3062 1.00000
  6.310E+12 6.310E+12 5.222E+00 2.909E+04 6.239E+05 5.352E+06 6.005E+06 6.005E+06 3.840E+07 40.5365 1.00000
  7.079E+12 7.079E+12 5.246E+00 3.264E+04 7.000E+05 6.145E+06 6.878E+06 6.878E+06 3.852E+07 40.7667 1.00000
  7.943E+12 7.943E+12 5.271E+00 3.663E+04 7.855E+05 7.057E+06 7.879E+06 7.879E+06 3.863E+07 40.9970 1.00000
  8.913E+12 8.913E+12 5.296E+00 4.110E+04 8.813E+05 8.103E+06 9.026E+06 9.026E+06 3.875E+07 41.2272 1.00000
  1.000E+13 1.000E+13 5.322E+00 4.611E+04 9.888E+05 9.305E+06 1.034E+07 1.034E+07 3.886E+07 41.4575 1.00000
  1.122E+13 1.122E+13 5.347E+00 5.174E+04 1.109E+06 1.069E+07 1.185E+07 1.185E+07 3.897E+07 41.6878 1.00000
  1.259E+13 1.259E+13 5.373E+00 5.805E+04 1.245E+06 1.227E+07 1.358E+07 1.358E+07 3.908E+07 41.9180 1.00000
  1.413E+13 1.413E+13 5.398E+00 6.514E+04 1.397E+06 1.410E+07 1.556E+07 1.556E+07 3.918E+07 42.1483 1.00000
  1.585E+13 1.585E+13 5.424E+00 7.309E+04 1.567E+06 1.619E+07 1.783E+07 1.783E+07 3.929E+07 42.3785 1.00000
  1.778E+13 1.778E+13 5.450E+00 8.200E+04 1.758E+06 1.860E+07 2.044E+07 2.044E+07 3.939E+07 42.6088 1.00000
  1.995E+13 1.995E+13 5.476E+00 9.201E+04 1.973E+06 2.136E+07 2.343E+07 2.343E+07 3.949E+07 42.8390 1.00000
  2.239E+13 2.239E+13 5.502E+00 1.032E+05 2.214E+06 2.454E+07 2.686E+07 2.686E+07 3.958E+07 43.0693 1.00000
  2.512E+13 2.512E+13 5.528E+00 1.158E+05 2.484E+06 2.819E+07 3.079E+07 3.079E+07 3.968E+07 43.2996 1.00000
  2.818E+13 2.818E+13 5.555E+00 1.300E+05 2.787E+06 3.239E+07 3.531E+07 3.531E+07 3.977E+07 43.5298 1.00000
  3.162E+13 3.162E+13 5.581E+00 1.458E+05 3.127E+06 3.722E+07 4.049E+07 4.049E+07 3.986E+07 43.7601 1.00000
  3.548E+13 3.548E+13 5.608E+00 1.636E+05 3.508E+06 4.276E+07 4.643E+07 4.643E+07 3.995E+07 43.9903 1.00000
  3.981E+13 3.981E+13 5.635E+00 1.836E+05 3.936E+06 4.913E+07 5.325E+07 5.325E+07 4.004E+07 44.2206 1.00000
  4.467E+13 4.467E+13 5.662E+00 2.060E+05 4.417E+06 5.646E+07 6.108E+07 6.108E+07 4.012E+07 44.4509 1.00000
  5.012E+13 5.012E+13 5.689E+00 2.311E+05 4.956E+06 6.488E+07 7.007E+07 7.007E+07 4.021E+07 44.6811 1.00000
  5.623E+13 5.623E+13 5.716E+00 2.593E+05 5.560E+06 7.456E+07 8.038E+07 8.038E+07 4.029E+07 44.9114 1.00000
  6.310E+13 6.310E+13 5.744E+00 2.910E+05 6.239E+06 8.569E+07 9.222E+07 9.222E+07 4.037E+07 45.1416 1.00000
  7.079E+13 7.079E+13 5.772E+00 3.265E+05 7.000E+06 9.848E+07 1.058E+08 1.058E+08 4.045E+07 45.3719 1.00000
  7.943E+13 7.943E+13 5.799E+00 3.663E+05 7.854E+06 1.132E+08 1.214E+08 1.214E+08 4.052E+07 45.6021 1.00000
  8.913E+13 8.913E+13 5.827E+00 4.110E+05 8.812E+06 1.301E+08 1.393E+08 1.393E+08 4.060E+07 45.8324 1.00000
  1.000E+14 1.000E+14 5.855E+00 4.612E+05 9.888E+06 1.496E+08 1.599E+08 1.599E+08 4.067E+07 46.0627 1.00000
  1.122E+14 1.122E+14 5.883E+00 5.174E+05 1.109E+07 1.719E+08 1.835E+08 1.835E+08 4.074E+07 46.2929 1.00000
  1.259E+14 1.259E+14 5.912E+00 5.806E+05 1.245E+07 1.976E+08 2.107E+08 2.107E+08 4.081E+07 46.5232 1.00000
  1.413E+14 1.413E+14 5.940E+00 6.514E+05 1.397E+07 2.272E+08 2.418E+08 2.418E+08 4.088E+07 46.7534 1.00000
  1.585E+14 1.585E+14 5.969E+00 7.309E+05 1.567E+07 2.612E+08 2.776E+08 2.776E+08 4.095E+07 46.9837 1.00000
  1.778E+14 1.778E+14 5.998E+00 8.201E+05 1.758E+07 3.003E+08 3.187E+08 3.187E+08 4.101E+07 47.2140 1.00000
  1.995E+14 1.995E+14 6.027E+00 9.201E+05 1.973E+07 3.453E+08 3.659E+08 3.659E+08 4.107E+07 47.4442 1.00000
  2.239E+14 2.239E+14 6.056E+00 1.032E+06 2.213E+07 3.970E+08 4.202E+08 4.202E+08 4.114E+07 47.6745 1.00000
  2.512E+14 2.512E+14 6.085E+00 1.158E+06 2.484E+07 4.565E+08 4.825E+08 4.825E+08 4.120E+07 47.9047 1.00000
  2.818E+14 2.818E+14 6.114E+00 1.300E+06 2.787E+07 5.250E+08 5.541E+08 5.541E+08 4.126E+07 48.1350 1.00000
  3.162E+14 3.162E+14 6.144E+00 1.458E+06 3.127E+07 6.037E+08 6.364E+08 6.364E+08 4.131E+07 48.3652 1.00000
  3.548E+14 3.548E+14 6.174E+00 1.636E+06 3.508E+07 6.943E+08 7.310E+08 7.310E+08 4.137E+07 48.5955 1.00000
  3.981E+14 3.981E+14 6.204E+00 1.836E+06 3.936E+07 7.985E+08 8.397E+08 8.397E+08 4.143E+07 48.8258 1.00000
  4.467E+14 4.467E+14 6.234E+00 2.060E+06 4.416E+07 9.183E+08 9.646E+08 9.646E+08 4.148E+07 49.0560 1.00000
  5.012E+14 5.012E+14 6.264E+00 2.311E+06 4.955E+07 1.056E+09 1.108E+09 1.108E+09 4.153E+07 49.2863 1.00000
  5.623E+14 5.623E+14 6.294E+00 2.593E+06 5.560E+07 1.215E+09 1.273E+09 1.273E+09 4.158E+07 49.5165 1.00000
  6.310E+14 6.310E+14 6.325E+00 2.910E+06 6.238E+07 1.398E+09 1.463E+09 1.463E+09 4.163E+07 49.7468 1.00000
  7.079E+14 7.079E+14 6.355E+00 3.265E+06 6.999E+07 1.608E+09 1.681E+09 1.681E+09 4.168E+07 49.9771 1.00000
  7.943E+14 7.943E+14 6.386E+00 3.663E+06 7.853E+07 1.849E+09 1.932E+09 1.932E+09 4.173E+07 50.2073 1.00000
  8.913E+14 8.913E+14 6.417E+00 4.110E+06 8.811E+07 2.128E+09 2.220E+09 2.220E+09 4.178E+07 50.4376 1.00000
  1.000E+15 1.000E+15 6.448E+00 4.612E+06 9.886E+07 2.448E+09 2.551E+09 2.551E+09 4.182E+07 50.6678 1.00000
