 Incident particle is a Tau with M = 1776.82000 MeV
 Index = 0: PolyvinylideneFluoride
      Absorber with <Z/A> = 0.49973
 Density effect computed following Fano (1963)
 Models for Radloss: brems =  SSR, pair =  SSR, photonuc = DRSS

 *** Table generated with PUMAS v1.1 ***

      T         p     Ionization  brems     pair     photonuc  Radloss    dE/dx   CSDA Range  delta   beta
    [MeV]    [MeV/c]  -----------------------[MeV cm^2/g]------------------------  [g/cm^2]
  1.000E+05 1.018E+05 2.164E+00 4.083E-05 2.250E-03 6.684E-03 8.975E-03 2.173E+00 2.301E+04  4.8268 0.99985
  1.122E+05 1.140E+05 2.184E+00 4.941E-05 2.715E-03 7.574E-03 1.034E-02 2.194E+00 2.859E+04  5.0352 0.99988
  1.259E+05 1.277E+05 2.203E+00 5.970E-05 3.263E-03 8.564E-03 1.189E-02 2.215E+00 3.480E+04  5.2465 0.99990
  1.413E+05 1.430E+05 2.222E+00 7.200E-05 3.910E-03 9.656E-03 1.364E-02 2.235E+00 4.171E+04  5.4603 0.99992
  1.585E+05 1.603E+05 2.241E+00 8.668E-05 4.670E-03 1.090E-02 1.565E-02 2.256E+00 4.938E+04  5.6765 0.99994
  1.778E+05 1.796E+05 2.260E+00 1.041E-04 5.561E-03 1.227E-02 1.793E-02 2.278E+00 5.791E+04  5.8948 0.99995
  1.995E+05 2.013E+05 2.278E+00 1.249E-04 6.605E-03 1.382E-02 2.055E-02 2.299E+00 6.739E+04  6.1150 0.99996
  2.239E+05 2.256E+05 2.297E+00 1.495E-04 7.825E-03 1.555E-02 2.352E-02 2.321E+00 7.793E+04  6.3368 0.99997
  2.512E+05 2.530E+05 2.316E+00 1.787E-04 9.248E-03 1.748E-02 2.690E-02 2.342E+00 8.965E+04  6.5600 0.99998
  2.818E+05 2.836E+05 2.334E+00 2.131E-04 1.091E-02 1.965E-02 3.077E-02 2.365E+00 1.027E+05  6.7843 0.99998
  3.162E+05 3.180E+05 2.353E+00 2.537E-04 1.284E-02 2.211E-02 3.519E-02 2.388E+00 1.171E+05  7.0097 0.99998
  3.548E+05 3.566E+05 2.371E+00 3.015E-04 1.507E-02 2.485E-02 4.023E-02 2.411E+00 1.332E+05  7.2358 0.99999
  3.981E+05 3.999E+05 2.389E+00 3.577E-04 1.767E-02 2.792E-02 4.595E-02 2.435E+00 1.511E+05  7.4627 0.99999
  4.467E+05 4.485E+05 2.408E+00 4.236E-04 2.068E-02 3.138E-02 5.248E-02 2.460E+00 1.709E+05  7.6901 0.99999
  5.012E+05 5.030E+05 2.426E+00 5.007E-04 2.415E-02 3.525E-02 5.990E-02 2.486E+00 1.930E+05  7.9180 0.99999
  5.623E+05 5.641E+05 2.444E+00 5.911E-04 2.817E-02 3.962E-02 6.838E-02 2.512E+00 2.174E+05  8.1463 1.00000
  6.310E+05 6.327E+05 2.462E+00 6.965E-04 3.280E-02 4.457E-02 7.806E-02 2.540E+00 2.446E+05  8.3749 1.00000
  7.079E+05 7.097E+05 2.480E+00 8.194E-04 3.813E-02 5.014E-02 8.909E-02 2.569E+00 2.747E+05  8.6038 1.00000
  7.943E+05 7.961E+05 2.498E+00 9.627E-04 4.426E-02 5.643E-02 1.017E-01 2.600E+00 3.082E+05  8.8329 1.00000
  8.913E+05 8.930E+05 2.516E+00 1.129E-03 5.131E-02 6.350E-02 1.159E-01 2.632E+00 3.452E+05  9.0622 1.00000
  1.000E+06 1.002E+06 2.534E+00 1.323E-03 5.940E-02 7.153E-02 1.322E-01 2.666E+00 3.863E+05  9.2916 1.00000
  1.122E+06 1.124E+06 2.551E+00 1.548E-03 6.867E-02 8.056E-02 1.508E-01 2.702E+00 4.317E+05  9.5212 1.00000
  1.259E+06 1.261E+06 2.569E+00 1.808E-03 7.929E-02 9.084E-02 1.719E-01 2.741E+00 4.820E+05  9.7509 1.00000
  1.413E+06 1.414E+06 2.586E+00 2.110E-03 9.143E-02 1.024E-01 1.960E-01 2.782E+00 5.377E+05  9.9806 1.00000
  1.585E+06 1.587E+06 2.604E+00 2.459E-03 1.053E-01 1.156E-01 2.234E-01 2.827E+00 5.991E+05 10.2105 1.00000
  1.778E+06 1.780E+06 2.621E+00 2.862E-03 1.212E-01 1.305E-01 2.545E-01 2.875E+00 6.669E+05 10.4403 1.00000
  1.995E+06 1.997E+06 2.638E+00 3.327E-03 1.392E-01 1.474E-01 2.899E-01 2.928E+00 7.417E+05 10.6703 1.00000
  2.239E+06 2.240E+06 2.655E+00 3.866E-03 1.598E-01 1.666E-01 3.303E-01 2.985E+00 8.241E+05 10.9003 1.00000
  2.512E+06 2.514E+06 2.672E+00 4.487E-03 1.833E-01 1.884E-01 3.761E-01 3.048E+00 9.146E+05 11.1303 1.00000
  2.818E+06 2.820E+06 2.688E+00 5.201E-03 2.099E-01 2.132E-01 4.283E-01 3.117E+00 1.014E+06 11.3604 1.00000
  3.162E+06 3.164E+06 2.705E+00 6.023E-03 2.402E-01 2.413E-01 4.875E-01 3.192E+00 1.123E+06 11.5904 1.00000
  3.548E+06 3.550E+06 2.721E+00 6.968E-03 2.747E-01 2.732E-01 5.549E-01 3.276E+00 1.242E+06 11.8205 1.00000
  3.981E+06 3.983E+06 2.737E+00 8.053E-03 3.137E-01 3.096E-01 6.313E-01 3.369E+00 1.373E+06 12.0507 1.00000
  4.467E+06 4.469E+06 2.753E+00 9.298E-03 3.580E-01 3.509E-01 7.182E-01 3.472E+00 1.515E+06 12.2808 1.00000
  5.012E+06 5.014E+06 2.769E+00 1.073E-02 4.082E-01 3.980E-01 8.169E-01 3.586E+00 1.669E+06 12.5110 1.00000
  5.623E+06 5.625E+06 2.785E+00 1.238E-02 4.650E-01 4.516E-01 9.290E-01 3.714E+00 1.837E+06 12.7411 1.00000
  6.310E+06 6.311E+06 2.800E+00 1.427E-02 5.293E-01 5.126E-01 1.056E+00 3.857E+00 2.018E+06 12.9713 1.00000
  7.079E+06 7.081E+06 2.816E+00 1.643E-02 6.021E-01 5.820E-01 1.201E+00 4.016E+00 2.214E+06 13.2015 1.00000
  7.943E+06 7.945E+06 2.831E+00 1.890E-02 6.843E-01 6.612E-01 1.364E+00 4.196E+00 2.424E+06 13.4317 1.00000
  8.913E+06 8.914E+06 2.846E+00 2.174E-02 7.773E-01 7.514E-01 1.550E+00 4.397E+00 2.650E+06 13.6619 1.00000
  1.000E+07 1.000E+07 2.861E+00 2.498E-02 8.822E-01 8.541E-01 1.761E+00 4.623E+00 2.891E+06 13.8921 1.00000
  1.122E+07 1.122E+07 2.876E+00 2.868E-02 1.001E+00 9.713E-01 2.001E+00 4.877E+00 3.148E+06 14.1223 1.00000
  1.259E+07 1.259E+07 2.891E+00 3.291E-02 1.134E+00 1.105E+00 2.272E+00 5.163E+00 3.421E+06 14.3526 1.00000
  1.413E+07 1.413E+07 2.905E+00 3.774E-02 1.285E+00 1.257E+00 2.580E+00 5.485E+00 3.709E+06 14.5828 1.00000
  1.585E+07 1.585E+07 2.920E+00 4.325E-02 1.455E+00 1.431E+00 2.929E+00 5.849E+00 4.014E+06 14.8130 1.00000
  1.778E+07 1.778E+07 2.934E+00 4.955E-02 1.647E+00 1.629E+00 3.325E+00 6.259E+00 4.333E+06 15.0432 1.00000
  1.995E+07 1.995E+07 2.948E+00 5.672E-02 1.863E+00 1.855E+00 3.774E+00 6.723E+00 4.668E+06 15.2735 1.00000
  2.239E+07 2.239E+07 2.962E+00 6.490E-02 2.106E+00 2.113E+00 4.283E+00 7.246E+00 5.016E+06 15.5037 1.00000
  2.512E+07 2.512E+07 2.977E+00 7.422E-02 2.379E+00 2.407E+00 4.861E+00 7.837E+00 5.379E+06 15.7340 1.00000
  2.818E+07 2.819E+07 2.991E+00 8.485E-02 2.687E+00 2.743E+00 5.515E+00 8.506E+00 5.754E+06 15.9642 1.00000
  3.162E+07 3.162E+07 3.005E+00 9.695E-02 3.034E+00 3.127E+00 6.258E+00 9.262E+00 6.141E+06 16.1944 1.00000
  3.548E+07 3.548E+07 3.019E+00 1.107E-01 3.424E+00 3.564E+00 7.099E+00 1.012E+01 6.540E+06 16.4247 1.00000
  3.981E+07 3.981E+07 3.032E+00 1.264E-01 3.863E+00 4.064E+00 8.053E+00 1.109E+01 6.949E+06 16.6549 1.00000
  4.467E+07 4.467E+07 3.046E+00 1.442E-01 4.356E+00 4.634E+00 9.135E+00 1.218E+01 7.366E+06 16.8852 1.00000
  5.012E+07 5.012E+07 3.060E+00 1.644E-01 4.911E+00 5.286E+00 1.036E+01 1.342E+01 7.793E+06 17.1154 1.00000
  5.623E+07 5.624E+07 3.074E+00 1.874E-01 5.535E+00 6.030E+00 1.175E+01 1.483E+01 8.226E+06 17.3457 1.00000
  6.310E+07 6.310E+07 3.088E+00 2.135E-01 6.236E+00 6.879E+00 1.333E+01 1.642E+01 8.666E+06 17.5759 1.00000
  7.079E+07 7.080E+07 3.102E+00 2.432E-01 7.023E+00 7.850E+00 1.512E+01 1.822E+01 9.111E+06 17.8062 1.00000
  7.943E+07 7.943E+07 3.116E+00 2.768E-01 7.908E+00 8.958E+00 1.714E+01 2.026E+01 9.560E+06 18.0364 1.00000
  8.913E+07 8.913E+07 3.130E+00 3.149E-01 8.903E+00 1.022E+01 1.944E+01 2.257E+01 1.001E+07 18.2667 1.00000
  1.000E+08 1.000E+08 3.144E+00 3.582E-01 1.002E+01 1.167E+01 2.205E+01 2.519E+01 1.047E+07 18.4970 1.00000
  1.122E+08 1.122E+08 3.158E+00 4.072E-01 1.127E+01 1.332E+01 2.501E+01 2.816E+01 1.093E+07 18.7272 1.00000
  1.259E+08 1.259E+08 3.172E+00 4.627E-01 1.268E+01 1.521E+01 2.836E+01 3.153E+01 1.139E+07 18.9575 1.00000
  1.413E+08 1.413E+08 3.186E+00 5.256E-01 1.427E+01 1.737E+01 3.216E+01 3.535E+01 1.185E+07 19.1877 1.00000
  1.585E+08 1.585E+08 3.200E+00 5.967E-01 1.604E+01 1.984E+01 3.648E+01 3.968E+01 1.231E+07 19.4180 1.00000
  1.778E+08 1.778E+08 3.214E+00 6.773E-01 1.804E+01 2.266E+01 4.137E+01 4.458E+01 1.277E+07 19.6482 1.00000
  1.995E+08 1.995E+08 3.228E+00 7.684E-01 2.028E+01 2.588E+01 4.692E+01 5.015E+01 1.322E+07 19.8785 1.00000
  2.239E+08 2.239E+08 3.242E+00 8.714E-01 2.279E+01 2.956E+01 5.322E+01 5.647E+01 1.368E+07 20.1087 1.00000
  2.512E+08 2.512E+08 3.257E+00 9.879E-01 2.562E+01 3.377E+01 6.037E+01 6.363E+01 1.414E+07 20.3390 1.00000
  2.818E+08 2.818E+08 3.271E+00 1.119E+00 2.878E+01 3.858E+01 6.848E+01 7.176E+01 1.459E+07 20.5693 1.00000
  3.162E+08 3.162E+08 3.285E+00 1.268E+00 3.234E+01 4.408E+01 7.769E+01 8.098E+01 1.504E+07 20.7995 1.00000
  3.548E+08 3.548E+08 3.300E+00 1.436E+00 3.634E+01 5.037E+01 8.814E+01 9.144E+01 1.549E+07 21.0298 1.00000
  3.981E+08 3.981E+08 3.315E+00 1.626E+00 4.082E+01 5.756E+01 1.000E+02 1.033E+02 1.593E+07 21.2600 1.00000
  4.467E+08 4.467E+08 3.329E+00 1.839E+00 4.585E+01 6.578E+01 1.135E+02 1.168E+02 1.638E+07 21.4903 1.00000
  5.012E+08 5.012E+08 3.344E+00 2.081E+00 5.149E+01 7.518E+01 1.288E+02 1.321E+02 1.682E+07 21.7205 1.00000
  5.623E+08 5.623E+08 3.359E+00 2.353E+00 5.783E+01 8.594E+01 1.461E+02 1.495E+02 1.725E+07 21.9508 1.00000
  6.310E+08 6.310E+08 3.373E+00 2.660E+00 6.494E+01 9.823E+01 1.658E+02 1.692E+02 1.768E+07 22.1811 1.00000
  7.079E+08 7.079E+08 3.388E+00 3.006E+00 7.292E+01 1.123E+02 1.882E+02 1.916E+02 1.811E+07 22.4113 1.00000
  7.943E+08 7.943E+08 3.403E+00 3.396E+00 8.188E+01 1.284E+02 2.137E+02 2.171E+02 1.853E+07 22.6416 1.00000
  8.913E+08 8.913E+08 3.418E+00 3.836E+00 9.193E+01 1.468E+02 2.425E+02 2.460E+02 1.895E+07 22.8718 1.00000
  1.000E+09 1.000E+09 3.434E+00 4.331E+00 1.032E+02 1.678E+02 2.754E+02 2.788E+02 1.937E+07 23.1021 1.00000
  1.122E+09 1.122E+09 3.449E+00 4.888E+00 1.159E+02 1.919E+02 3.127E+02 3.161E+02 1.978E+07 23.3324 1.00000
  1.259E+09 1.259E+09 3.464E+00 5.516E+00 1.301E+02 2.194E+02 3.550E+02 3.585E+02 2.018E+07 23.5626 1.00000
  1.413E+09 1.413E+09 3.480E+00 6.223E+00 1.460E+02 2.510E+02 4.032E+02 4.067E+02 2.059E+07 23.7929 1.00000
  1.585E+09 1.585E+09 3.495E+00 7.018E+00 1.639E+02 2.870E+02 4.579E+02 4.614E+02 2.098E+07 24.0231 1.00000
  1.778E+09 1.778E+09 3.511E+00 7.913E+00 1.840E+02 3.283E+02 5.201E+02 5.236E+02 2.138E+07 24.2534 1.00000
  1.995E+09 1.995E+09 3.526E+00 8.920E+00 2.065E+02 3.755E+02 5.909E+02 5.944E+02 2.177E+07 24.4836 1.00000
  2.239E+09 2.239E+09 3.542E+00 1.005E+01 2.317E+02 4.295E+02 6.713E+02 6.748E+02 2.215E+07 24.7139 1.00000
  2.512E+09 2.512E+09 3.558E+00 1.133E+01 2.601E+02 4.913E+02 7.627E+02 7.663E+02 2.253E+07 24.9442 1.00000
  2.818E+09 2.818E+09 3.574E+00 1.276E+01 2.919E+02 5.621E+02 8.667E+02 8.703E+02 2.290E+07 25.1744 1.00000
  3.162E+09 3.162E+09 3.590E+00 1.437E+01 3.276E+02 6.431E+02 9.850E+02 9.886E+02 2.328E+07 25.4047 1.00000
  3.548E+09 3.548E+09 3.606E+00 1.618E+01 3.677E+02 7.358E+02 1.120E+03 1.123E+03 2.364E+07 25.6349 1.00000
  3.981E+09 3.981E+09 3.622E+00 1.822E+01 4.126E+02 8.419E+02 1.273E+03 1.276E+03 2.400E+07 25.8652 1.00000
  4.467E+09 4.467E+09 3.638E+00 2.050E+01 4.630E+02 9.633E+02 1.447E+03 1.451E+03 2.436E+07 26.0954 1.00000
  5.012E+09 5.012E+09 3.655E+00 2.307E+01 5.196E+02 1.102E+03 1.645E+03 1.649E+03 2.471E+07 26.3257 1.00000
  5.623E+09 5.623E+09 3.671E+00 2.596E+01 5.831E+02 1.262E+03 1.871E+03 1.874E+03 2.506E+07 26.5560 1.00000
  6.310E+09 6.310E+09 3.688E+00 2.921E+01 6.544E+02 1.444E+03 2.127E+03 2.131E+03 2.540E+07 26.7862 1.00000
  7.079E+09 7.079E+09 3.704E+00 3.285E+01 7.343E+02 1.652E+03 2.420E+03 2.423E+03 2.574E+07 27.0165 1.00000
  7.943E+09 7.943E+09 3.721E+00 3.695E+01 8.240E+02 1.891E+03 2.752E+03 2.756E+03 2.608E+07 27.2467 1.00000
  8.913E+09 8.913E+09 3.738E+00 4.155E+01 9.246E+02 2.165E+03 3.131E+03 3.135E+03 2.640E+07 27.4770 1.00000
  1.000E+10 1.000E+10 3.755E+00 4.671E+01 1.038E+03 2.478E+03 3.563E+03 3.566E+03 2.673E+07 27.7073 1.00000
  1.122E+10 1.122E+10 3.772E+00 5.252E+01 1.164E+03 2.837E+03 4.054E+03 4.058E+03 2.705E+07 27.9375 1.00000
  1.259E+10 1.259E+10 3.789E+00 5.903E+01 1.306E+03 3.248E+03 4.614E+03 4.618E+03 2.737E+07 28.1677 1.00000
  1.413E+10 1.413E+10 3.806E+00 6.634E+01 1.466E+03 3.719E+03 5.251E+03 5.255E+03 2.768E+07 28.3980 1.00000
  1.585E+10 1.585E+10 3.823E+00 7.456E+01 1.645E+03 4.258E+03 5.978E+03 5.982E+03 2.799E+07 28.6282 1.00000
  1.778E+10 1.778E+10 3.841E+00 8.378E+01 1.846E+03 4.876E+03 6.805E+03 6.809E+03 2.829E+07 28.8584 1.00000
  1.995E+10 1.995E+10 3.858E+00 9.413E+01 2.071E+03 5.583E+03 7.749E+03 7.753E+03 2.859E+07 29.0887 1.00000
  2.239E+10 2.239E+10 3.876E+00 1.057E+02 2.324E+03 6.394E+03 8.824E+03 8.828E+03 2.888E+07 29.3186 1.00000
  2.512E+10 2.512E+10 3.894E+00 1.188E+02 2.608E+03 7.323E+03 1.005E+04 1.005E+04 2.917E+07 29.5488 1.00000
  2.818E+10 2.818E+10 3.911E+00 1.334E+02 2.926E+03 8.387E+03 1.145E+04 1.145E+04 2.946E+07 29.7791 1.00000
  3.162E+10 3.162E+10 3.929E+00 1.499E+02 3.283E+03 9.606E+03 1.304E+04 1.304E+04 2.974E+07 30.0078 1.00000
  3.548E+10 3.548E+10 3.947E+00 1.683E+02 3.684E+03 1.100E+04 1.485E+04 1.486E+04 3.001E+07 30.2381 1.00000
  3.981E+10 3.981E+10 3.965E+00 1.890E+02 4.133E+03 1.260E+04 1.693E+04 1.693E+04 3.029E+07 30.4683 1.00000
  4.467E+10 4.467E+10 3.984E+00 2.123E+02 4.638E+03 1.444E+04 1.929E+04 1.929E+04 3.056E+07 30.6986 1.00000
  5.012E+10 5.012E+10 4.002E+00 2.383E+02 5.204E+03 1.654E+04 2.198E+04 2.199E+04 3.082E+07 30.9223 1.00000
  5.623E+10 5.623E+10 4.021E+00 2.676E+02 5.839E+03 1.895E+04 2.506E+04 2.506E+04 3.108E+07 31.1526 1.00000
  6.310E+10 6.310E+10 4.039E+00 3.005E+02 6.551E+03 2.171E+04 2.856E+04 2.857E+04 3.134E+07 31.3829 1.00000
  7.079E+10 7.079E+10 4.060E+00 3.373E+02 7.351E+03 2.488E+04 3.257E+04 3.257E+04 3.159E+07 31.5840 1.00000
  7.943E+10 7.943E+10 4.079E+00 3.787E+02 8.248E+03 2.851E+04 3.713E+04 3.714E+04 3.184E+07 31.8142 1.00000
  8.913E+10 8.913E+10 4.098E+00 4.251E+02 9.255E+03 3.267E+04 4.235E+04 4.235E+04 3.208E+07 32.0445 1.00000
  1.000E+11 1.000E+11 4.117E+00 4.772E+02 1.038E+04 3.743E+04 4.830E+04 4.830E+04 3.232E+07 32.2747 1.00000
  1.122E+11 1.122E+11 4.136E+00 5.357E+02 1.165E+04 4.290E+04 5.509E+04 5.509E+04 3.256E+07 32.5050 1.00000
  1.259E+11 1.259E+11 4.167E+00 6.013E+02 1.307E+04 4.917E+04 6.284E+04 6.285E+04 3.279E+07 32.5798 1.00000
  1.413E+11 1.413E+11 4.186E+00 6.749E+02 1.467E+04 5.636E+04 7.170E+04 7.171E+04 3.302E+07 32.8101 1.00000
  1.585E+11 1.585E+11 4.205E+00 7.575E+02 1.646E+04 6.460E+04 8.182E+04 8.182E+04 3.324E+07 33.0403 1.00000
  1.778E+11 1.778E+11 4.225E+00 8.502E+02 1.847E+04 7.405E+04 9.337E+04 9.337E+04 3.347E+07 33.2706 1.00000
  1.995E+11 1.995E+11 4.245E+00 9.543E+02 2.072E+04 8.489E+04 1.066E+05 1.066E+05 3.368E+07 33.5008 1.00000
  2.239E+11 2.239E+11 4.264E+00 1.071E+03 2.325E+04 9.732E+04 1.216E+05 1.216E+05 3.390E+07 33.7311 1.00000
  2.512E+11 2.512E+11 4.284E+00 1.202E+03 2.608E+04 1.116E+05 1.389E+05 1.389E+05 3.411E+07 33.9613 1.00000
  2.818E+11 2.818E+11 4.304E+00 1.349E+03 2.927E+04 1.279E+05 1.585E+05 1.585E+05 3.431E+07 34.1916 1.00000
  3.162E+11 3.162E+11 4.324E+00 1.514E+03 3.284E+04 1.467E+05 1.810E+05 1.810E+05 3.452E+07 34.4219 1.00000
  3.548E+11 3.548E+11 4.344E+00 1.699E+03 3.685E+04 1.682E+05 2.067E+05 2.067E+05 3.472E+07 34.6521 1.00000
  3.981E+11 3.981E+11 4.364E+00 1.906E+03 4.134E+04 1.929E+05 2.361E+05 2.361E+05 3.491E+07 34.8824 1.00000
  4.467E+11 4.467E+11 4.385E+00 2.139E+03 4.639E+04 2.212E+05 2.697E+05 2.697E+05 3.510E+07 35.1126 1.00000
  5.012E+11 5.012E+11 4.405E+00 2.401E+03 5.205E+04 2.537E+05 3.081E+05 3.081E+05 3.529E+07 35.3429 1.00000
  5.623E+11 5.623E+11 4.426E+00 2.694E+03 5.840E+04 2.909E+05 3.520E+05 3.520E+05 3.548E+07 35.5732 1.00000
  6.310E+11 6.310E+11 4.447E+00 3.023E+03 6.552E+04 3.337E+05 4.022E+05 4.022E+05 3.566E+07 35.8034 1.00000
  7.079E+11 7.079E+11 4.467E+00 3.392E+03 7.352E+04 3.827E+05 4.597E+05 4.597E+05 3.584E+07 36.0337 1.00000
  7.943E+11 7.943E+11 4.488E+00 3.807E+03 8.249E+04 4.390E+05 5.253E+05 5.253E+05 3.602E+07 36.2639 1.00000
  8.913E+11 8.913E+11 4.509E+00 4.271E+03 9.255E+04 5.036E+05 6.005E+05 6.005E+05 3.619E+07 36.4942 1.00000
  1.000E+12 1.000E+12 4.530E+00 4.793E+03 1.038E+05 5.778E+05 6.864E+05 6.864E+05 3.636E+07 36.7245 1.00000
  1.122E+12 1.122E+12 4.552E+00 5.378E+03 1.165E+05 6.629E+05 7.848E+05 7.848E+05 3.652E+07 36.9547 1.00000
  1.259E+12 1.259E+12 4.573E+00 6.035E+03 1.307E+05 7.605E+05 8.973E+05 8.973E+05 3.669E+07 37.1850 1.00000
  1.413E+12 1.413E+12 4.595E+00 6.772E+03 1.467E+05 8.726E+05 1.026E+06 1.026E+06 3.685E+07 37.4152 1.00000
  1.585E+12 1.585E+12 4.616E+00 7.598E+03 1.646E+05 1.001E+06 1.173E+06 1.173E+06 3.700E+07 37.6455 1.00000
  1.778E+12 1.778E+12 4.638E+00 8.526E+03 1.847E+05 1.149E+06 1.342E+06 1.342E+06 3.716E+07 37.8757 1.00000
  1.995E+12 1.995E+12 4.660E+00 9.566E+03 2.072E+05 1.319E+06 1.535E+06 1.535E+06 3.731E+07 38.1060 1.00000
  2.239E+12 2.239E+12 4.682E+00 1.073E+04 2.325E+05 1.513E+06 1.756E+06 1.756E+06 3.746E+07 38.3363 1.00000
  2.512E+12 2.512E+12 4.704E+00 1.204E+04 2.608E+05 1.737E+06 2.010E+06 2.010E+06 3.760E+07 38.5665 1.00000
  2.818E+12 2.818E+12 4.726E+00 1.351E+04 2.927E+05 1.993E+06 2.299E+06 2.299E+06 3.774E+07 38.7968 1.00000
  3.162E+12 3.162E+12 4.749E+00 1.516E+04 3.284E+05 2.288E+06 2.631E+06 2.631E+06 3.788E+07 39.0270 1.00000
  3.548E+12 3.548E+12 4.771E+00 1.701E+04 3.685E+05 2.626E+06 3.012E+06 3.012E+06 3.802E+07 39.2573 1.00000
  3.981E+12 3.981E+12 4.794E+00 1.909E+04 4.134E+05 3.015E+06 3.447E+06 3.447E+06 3.816E+07 39.4876 1.00000
  4.467E+12 4.467E+12 4.817E+00 2.142E+04 4.639E+05 3.461E+06 3.946E+06 3.946E+06 3.829E+07 39.7178 1.00000
  5.012E+12 5.012E+12 4.840E+00 2.404E+04 5.205E+05 3.973E+06 4.517E+06 4.517E+06 3.842E+07 39.9481 1.00000
  5.623E+12 5.623E+12 4.863E+00 2.697E+04 5.840E+05 4.561E+06 5.172E+06 5.172E+06 3.854E+07 40.1783 1.00000
  6.310E+12 6.310E+12 4.886E+00 3.026E+04 6.552E+05 5.237E+06 5.923E+06 5.923E+06 3.867E+07 40.4086 1.00000
  7.079E+12 7.079E+12 4.909E+00 3.395E+04 7.352E+05 6.013E+06 6.782E+06 6.782E+06 3.879E+07 40.6388 1.00000
  7.943E+12 7.943E+12 4.932E+00 3.810E+04 8.249E+05 6.905E+06 7.768E+06 7.768E+06 3.891E+07 40.8691 1.00000
  8.913E+12 8.913E+12 4.956E+00 4.274E+04 9.255E+05 7.929E+06 8.897E+06 8.897E+06 3.902E+07 41.0994 1.00000
  1.000E+13 1.000E+13 4.979E+00 4.796E+04 1.038E+06 9.105E+06 1.019E+07 1.019E+07 3.914E+07 41.3296 1.00000
  1.122E+13 1.122E+13 5.003E+00 5.381E+04 1.165E+06 1.046E+07 1.168E+07 1.168E+07 3.925E+07 41.5599 1.00000
  1.259E+13 1.259E+13 5.027E+00 6.038E+04 1.307E+06 1.201E+07 1.338E+07 1.338E+07 3.936E+07 41.7901 1.00000
  1.413E+13 1.413E+13 5.051E+00 6.775E+04 1.467E+06 1.379E+07 1.533E+07 1.533E+07 3.947E+07 42.0204 1.00000
  1.585E+13 1.585E+13 5.075E+00 7.601E+04 1.646E+06 1.584E+07 1.756E+07 1.756E+07 3.957E+07 42.2507 1.00000
  1.778E+13 1.778E+13 5.100E+00 8.529E+04 1.847E+06 1.820E+07 2.013E+07 2.013E+07 3.967E+07 42.4809 1.00000
  1.995E+13 1.995E+13 5.124E+00 9.570E+04 2.072E+06 2.090E+07 2.307E+07 2.307E+07 3.977E+07 42.7112 1.00000
  2.239E+13 2.239E+13 5.148E+00 1.074E+05 2.325E+06 2.401E+07 2.645E+07 2.645E+07 3.987E+07 42.9414 1.00000
  2.512E+13 2.512E+13 5.173E+00 1.205E+05 2.608E+06 2.759E+07 3.032E+07 3.032E+07 3.997E+07 43.1717 1.00000
  2.818E+13 2.818E+13 5.198E+00 1.352E+05 2.927E+06 3.170E+07 3.476E+07 3.476E+07 4.006E+07 43.4019 1.00000
  3.162E+13 3.162E+13 5.223E+00 1.517E+05 3.284E+06 3.642E+07 3.985E+07 3.985E+07 4.016E+07 43.6322 1.00000
  3.548E+13 3.548E+13 5.248E+00 1.702E+05 3.684E+06 4.184E+07 4.570E+07 4.570E+07 4.025E+07 43.8625 1.00000
  3.981E+13 3.981E+13 5.273E+00 1.909E+05 4.134E+06 4.808E+07 5.240E+07 5.240E+07 4.034E+07 44.0927 1.00000
  4.467E+13 4.467E+13 5.299E+00 2.142E+05 4.638E+06 5.525E+07 6.010E+07 6.010E+07 4.042E+07 44.3230 1.00000
  5.012E+13 5.012E+13 5.324E+00 2.404E+05 5.204E+06 6.349E+07 6.893E+07 6.893E+07 4.051E+07 44.5532 1.00000
  5.623E+13 5.623E+13 5.350E+00 2.697E+05 5.839E+06 7.296E+07 7.907E+07 7.907E+07 4.059E+07 44.7835 1.00000
  6.310E+13 6.310E+13 5.375E+00 3.026E+05 6.552E+06 8.385E+07 9.070E+07 9.070E+07 4.067E+07 45.0138 1.00000
  7.079E+13 7.079E+13 5.401E+00 3.396E+05 7.351E+06 9.637E+07 1.041E+08 1.041E+08 4.075E+07 45.2440 1.00000
  7.943E+13 7.943E+13 5.427E+00 3.810E+05 8.248E+06 1.108E+08 1.194E+08 1.194E+08 4.083E+07 45.4743 1.00000
  8.913E+13 8.913E+13 5.454E+00 4.275E+05 9.254E+06 1.273E+08 1.370E+08 1.370E+08 4.090E+07 45.7045 1.00000
  1.000E+14 1.000E+14 5.480E+00 4.796E+05 1.038E+07 1.463E+08 1.572E+08 1.572E+08 4.098E+07 45.9348 1.00000
  1.122E+14 1.122E+14 5.506E+00 5.382E+05 1.165E+07 1.682E+08 1.804E+08 1.804E+08 4.105E+07 46.1651 1.00000
  1.259E+14 1.259E+14 5.533E+00 6.038E+05 1.307E+07 1.934E+08 2.071E+08 2.071E+08 4.112E+07 46.3953 1.00000
  1.413E+14 1.413E+14 5.560E+00 6.775E+05 1.467E+07 2.223E+08 2.377E+08 2.377E+08 4.119E+07 46.6256 1.00000
  1.585E+14 1.585E+14 5.586E+00 7.602E+05 1.646E+07 2.556E+08 2.728E+08 2.728E+08 4.126E+07 46.8558 1.00000
  1.778E+14 1.778E+14 5.613E+00 8.529E+05 1.846E+07 2.938E+08 3.132E+08 3.132E+08 4.132E+07 47.0861 1.00000
  1.995E+14 1.995E+14 5.641E+00 9.570E+05 2.072E+07 3.379E+08 3.595E+08 3.595E+08 4.139E+07 47.3163 1.00000
  2.239E+14 2.239E+14 5.668E+00 1.074E+06 2.324E+07 3.885E+08 4.128E+08 4.128E+08 4.145E+07 47.5466 1.00000
  2.512E+14 2.512E+14 5.695E+00 1.205E+06 2.608E+07 4.467E+08 4.740E+08 4.740E+08 4.151E+07 47.7769 1.00000
  2.818E+14 2.818E+14 5.723E+00 1.352E+06 2.926E+07 5.137E+08 5.443E+08 5.443E+08 4.157E+07 48.0071 1.00000
  3.162E+14 3.162E+14 5.751E+00 1.517E+06 3.283E+07 5.907E+08 6.251E+08 6.251E+08 4.163E+07 48.2374 1.00000
  3.548E+14 3.548E+14 5.779E+00 1.702E+06 3.684E+07 6.793E+08 7.179E+08 7.179E+08 4.169E+07 48.4676 1.00000
  3.981E+14 3.981E+14 5.807E+00 1.909E+06 4.133E+07 7.813E+08 8.245E+08 8.245E+08 4.175E+07 48.6979 1.00000
  4.467E+14 4.467E+14 5.835E+00 2.142E+06 4.638E+07 8.986E+08 9.471E+08 9.471E+08 4.180E+07 48.9282 1.00000
  5.012E+14 5.012E+14 5.863E+00 2.404E+06 5.204E+07 1.034E+09 1.088E+09 1.088E+09 4.185E+07 49.1584 1.00000
  5.623E+14 5.623E+14 5.891E+00 2.697E+06 5.839E+07 1.189E+09 1.250E+09 1.250E+09 4.191E+07 49.3887 1.00000
  6.310E+14 6.310E+14 5.920E+00 3.026E+06 6.551E+07 1.367E+09 1.436E+09 1.436E+09 4.196E+07 49.6189 1.00000
  7.079E+14 7.079E+14 5.949E+00 3.396E+06 7.350E+07 1.573E+09 1.650E+09 1.650E+09 4.201E+07 49.8492 1.00000
  7.943E+14 7.943E+14 5.978E+00 3.810E+06 8.247E+07 1.810E+09 1.896E+09 1.896E+09 4.206E+07 50.0794 1.00000
  8.913E+14 8.913E+14 6.007E+00 4.275E+06 9.253E+07 2.082E+09 2.179E+09 2.179E+09 4.210E+07 50.3097 1.00000
  1.000E+15 1.000E+15 6.036E+00 4.796E+06 1.038E+08 2.395E+09 2.504E+09 2.504E+09 4.215E+07 50.5400 1.00000
