 Incident particle is a Tau with M = 1776.82000 MeV
 Index = 0: PolycarbonateLexan
      Absorber with <Z/A> = 0.52697
 Density effect computed following Fano (1963)
 Models for Radloss: brems =  SSR, pair =  SSR, photonuc = DRSS

 *** Table generated with PUMAS v1.1 ***

      T         p     Ionization  brems     pair     photonuc  Radloss    dE/dx   CSDA Range  delta   beta
    [MeV]    [MeV/c]  -----------------------[MeV cm^2/g]------------------------  [g/cm^2]
  1.000E+05 1.018E+05 2.312E+00 3.554E-05 1.905E-03 6.757E-03 8.698E-03 2.321E+00 2.154E+04  4.8445 0.99985
  1.122E+05 1.140E+05 2.332E+00 4.302E-05 2.303E-03 7.660E-03 1.001E-02 2.342E+00 2.677E+04  5.0584 0.99988
  1.259E+05 1.277E+05 2.352E+00 5.199E-05 2.773E-03 8.666E-03 1.149E-02 2.364E+00 3.259E+04  5.2748 0.99990
  1.413E+05 1.430E+05 2.372E+00 6.272E-05 3.328E-03 9.777E-03 1.317E-02 2.385E+00 3.906E+04  5.4933 0.99992
  1.585E+05 1.603E+05 2.391E+00 7.552E-05 3.980E-03 1.104E-02 1.509E-02 2.406E+00 4.626E+04  5.7138 0.99994
  1.778E+05 1.796E+05 2.411E+00 9.077E-05 4.745E-03 1.244E-02 1.727E-02 2.428E+00 5.426E+04  5.9358 0.99995
  1.995E+05 2.013E+05 2.430E+00 1.089E-04 5.642E-03 1.402E-02 1.977E-02 2.450E+00 6.315E+04  6.1592 0.99996
  2.239E+05 2.256E+05 2.450E+00 1.304E-04 6.691E-03 1.578E-02 2.260E-02 2.473E+00 7.304E+04  6.3837 0.99997
  2.512E+05 2.530E+05 2.469E+00 1.558E-04 7.916E-03 1.775E-02 2.582E-02 2.495E+00 8.404E+04  6.6092 0.99998
  2.818E+05 2.836E+05 2.489E+00 1.859E-04 9.344E-03 1.997E-02 2.950E-02 2.518E+00 9.626E+04  6.8354 0.99998
  3.162E+05 3.180E+05 2.508E+00 2.214E-04 1.101E-02 2.247E-02 3.370E-02 2.542E+00 1.099E+05  7.0623 0.99998
  3.548E+05 3.566E+05 2.527E+00 2.632E-04 1.294E-02 2.527E-02 3.847E-02 2.566E+00 1.250E+05  7.2898 0.99999
  3.981E+05 3.999E+05 2.547E+00 3.123E-04 1.518E-02 2.841E-02 4.390E-02 2.590E+00 1.418E+05  7.5177 0.99999
  4.467E+05 4.485E+05 2.566E+00 3.699E-04 1.777E-02 3.195E-02 5.009E-02 2.616E+00 1.604E+05  7.7459 0.99999
  5.012E+05 5.030E+05 2.585E+00 4.374E-04 2.077E-02 3.591E-02 5.712E-02 2.642E+00 1.811E+05  7.9745 0.99999
  5.623E+05 5.641E+05 2.604E+00 5.164E-04 2.424E-02 4.039E-02 6.515E-02 2.669E+00 2.042E+05  8.2033 1.00000
  6.310E+05 6.327E+05 2.623E+00 6.086E-04 2.825E-02 4.545E-02 7.430E-02 2.697E+00 2.297E+05  8.4324 1.00000
  7.079E+05 7.097E+05 2.642E+00 7.163E-04 3.286E-02 5.116E-02 8.474E-02 2.727E+00 2.581E+05  8.6616 1.00000
  7.943E+05 7.961E+05 2.661E+00 8.417E-04 3.817E-02 5.760E-02 9.661E-02 2.758E+00 2.896E+05  8.8910 1.00000
  8.913E+05 8.930E+05 2.680E+00 9.875E-04 4.428E-02 6.485E-02 1.101E-01 2.790E+00 3.246E+05  9.1205 1.00000
  1.000E+06 1.002E+06 2.698E+00 1.157E-03 5.129E-02 7.308E-02 1.255E-01 2.824E+00 3.633E+05  9.3501 1.00000
  1.122E+06 1.124E+06 2.717E+00 1.354E-03 5.933E-02 8.235E-02 1.430E-01 2.860E+00 4.062E+05  9.5798 1.00000
  1.259E+06 1.261E+06 2.736E+00 1.582E-03 6.855E-02 9.289E-02 1.630E-01 2.899E+00 4.538E+05  9.8096 1.00000
  1.413E+06 1.414E+06 2.754E+00 1.847E-03 7.910E-02 1.048E-01 1.857E-01 2.940E+00 5.064E+05 10.0395 1.00000
  1.585E+06 1.587E+06 2.772E+00 2.153E-03 9.117E-02 1.183E-01 2.116E-01 2.984E+00 5.646E+05 10.2694 1.00000
  1.778E+06 1.780E+06 2.790E+00 2.507E-03 1.050E-01 1.336E-01 2.410E-01 3.031E+00 6.289E+05 10.4993 1.00000
  1.995E+06 1.997E+06 2.808E+00 2.914E-03 1.207E-01 1.509E-01 2.745E-01 3.083E+00 6.999E+05 10.7293 1.00000
  2.239E+06 2.240E+06 2.826E+00 3.387E-03 1.386E-01 1.707E-01 3.127E-01 3.139E+00 7.781E+05 10.9593 1.00000
  2.512E+06 2.514E+06 2.844E+00 3.931E-03 1.590E-01 1.930E-01 3.560E-01 3.200E+00 8.643E+05 11.1894 1.00000
  2.818E+06 2.820E+06 2.862E+00 4.559E-03 1.823E-01 2.185E-01 4.054E-01 3.267E+00 9.591E+05 11.4195 1.00000
  3.162E+06 3.164E+06 2.879E+00 5.280E-03 2.087E-01 2.474E-01 4.614E-01 3.340E+00 1.063E+06 11.6496 1.00000
  3.548E+06 3.550E+06 2.896E+00 6.110E-03 2.388E-01 2.802E-01 5.251E-01 3.421E+00 1.177E+06 11.8797 1.00000
  3.981E+06 3.983E+06 2.913E+00 7.062E-03 2.729E-01 3.176E-01 5.975E-01 3.511E+00 1.302E+06 12.1098 1.00000
  4.467E+06 4.469E+06 2.930E+00 8.156E-03 3.116E-01 3.601E-01 6.798E-01 3.610E+00 1.439E+06 12.3400 1.00000
  5.012E+06 5.014E+06 2.947E+00 9.416E-03 3.555E-01 4.084E-01 7.734E-01 3.720E+00 1.587E+06 12.5701 1.00000
  5.623E+06 5.625E+06 2.963E+00 1.086E-02 4.052E-01 4.635E-01 8.796E-01 3.843E+00 1.749E+06 12.8003 1.00000
  6.310E+06 6.311E+06 2.980E+00 1.252E-02 4.615E-01 5.262E-01 1.000E+00 3.980E+00 1.925E+06 13.0305 1.00000
  7.079E+06 7.081E+06 2.996E+00 1.442E-02 5.252E-01 5.977E-01 1.137E+00 4.133E+00 2.114E+06 13.2607 1.00000
  7.943E+06 7.945E+06 3.012E+00 1.660E-02 5.973E-01 6.790E-01 1.293E+00 4.305E+00 2.319E+06 13.4909 1.00000
  8.913E+06 8.914E+06 3.028E+00 1.909E-02 6.788E-01 7.717E-01 1.470E+00 4.498E+00 2.539E+06 13.7211 1.00000
  1.000E+07 1.000E+07 3.044E+00 2.194E-02 7.708E-01 8.774E-01 1.670E+00 4.714E+00 2.776E+06 13.9513 1.00000
  1.122E+07 1.122E+07 3.059E+00 2.520E-02 8.748E-01 9.978E-01 1.898E+00 4.957E+00 3.028E+06 14.1815 1.00000
  1.259E+07 1.259E+07 3.075E+00 2.892E-02 9.921E-01 1.135E+00 2.156E+00 5.231E+00 3.297E+06 14.4118 1.00000
  1.413E+07 1.413E+07 3.090E+00 3.317E-02 1.124E+00 1.292E+00 2.449E+00 5.540E+00 3.582E+06 14.6420 1.00000
  1.585E+07 1.585E+07 3.106E+00 3.803E-02 1.274E+00 1.470E+00 2.782E+00 5.888E+00 3.884E+06 14.8722 1.00000
  1.778E+07 1.778E+07 3.121E+00 4.357E-02 1.442E+00 1.674E+00 3.160E+00 6.280E+00 4.202E+06 15.1024 1.00000
  1.995E+07 1.995E+07 3.136E+00 4.989E-02 1.632E+00 1.907E+00 3.588E+00 6.724E+00 4.536E+06 15.3327 1.00000
  2.239E+07 2.239E+07 3.151E+00 5.710E-02 1.845E+00 2.172E+00 4.074E+00 7.225E+00 4.885E+06 15.5629 1.00000
  2.512E+07 2.512E+07 3.166E+00 6.532E-02 2.086E+00 2.474E+00 4.626E+00 7.792E+00 5.249E+06 15.7932 1.00000
  2.818E+07 2.819E+07 3.180E+00 7.469E-02 2.357E+00 2.820E+00 5.252E+00 8.432E+00 5.627E+06 16.0234 1.00000
  3.162E+07 3.162E+07 3.195E+00 8.536E-02 2.662E+00 3.214E+00 5.962E+00 9.157E+00 6.018E+06 16.2537 1.00000
  3.548E+07 3.548E+07 3.210E+00 9.751E-02 3.006E+00 3.664E+00 6.767E+00 9.977E+00 6.422E+06 16.4839 1.00000
  3.981E+07 3.981E+07 3.225E+00 1.113E-01 3.392E+00 4.178E+00 7.681E+00 1.091E+01 6.837E+06 16.7141 1.00000
  4.467E+07 4.467E+07 3.239E+00 1.271E-01 3.826E+00 4.765E+00 8.718E+00 1.196E+01 7.262E+06 16.9444 1.00000
  5.012E+07 5.012E+07 3.254E+00 1.449E-01 4.315E+00 5.435E+00 9.894E+00 1.315E+01 7.697E+06 17.1746 1.00000
  5.623E+07 5.624E+07 3.268E+00 1.652E-01 4.864E+00 6.200E+00 1.123E+01 1.450E+01 8.139E+06 17.4049 1.00000
  6.310E+07 6.310E+07 3.283E+00 1.883E-01 5.481E+00 7.074E+00 1.274E+01 1.603E+01 8.589E+06 17.6351 1.00000
  7.079E+07 7.080E+07 3.298E+00 2.145E-01 6.175E+00 8.072E+00 1.446E+01 1.776E+01 9.046E+06 17.8654 1.00000
  7.943E+07 7.943E+07 3.312E+00 2.442E-01 6.955E+00 9.212E+00 1.641E+01 1.972E+01 9.507E+06 18.0957 1.00000
  8.913E+07 8.913E+07 3.327E+00 2.780E-01 7.831E+00 1.051E+01 1.862E+01 2.195E+01 9.973E+06 18.3259 1.00000
  1.000E+08 1.000E+08 3.342E+00 3.162E-01 8.816E+00 1.200E+01 2.113E+01 2.448E+01 1.044E+07 18.5562 1.00000
  1.122E+08 1.122E+08 3.356E+00 3.596E-01 9.921E+00 1.370E+01 2.398E+01 2.734E+01 1.091E+07 18.7864 1.00000
  1.259E+08 1.259E+08 3.371E+00 4.088E-01 1.116E+01 1.564E+01 2.722E+01 3.059E+01 1.139E+07 19.0167 1.00000
  1.413E+08 1.413E+08 3.386E+00 4.645E-01 1.256E+01 1.786E+01 3.089E+01 3.427E+01 1.186E+07 19.2469 1.00000
  1.585E+08 1.585E+08 3.401E+00 5.275E-01 1.412E+01 2.040E+01 3.505E+01 3.845E+01 1.234E+07 19.4772 1.00000
  1.778E+08 1.778E+08 3.416E+00 5.989E-01 1.588E+01 2.330E+01 3.978E+01 4.320E+01 1.281E+07 19.7074 1.00000
  1.995E+08 1.995E+08 3.431E+00 6.797E-01 1.786E+01 2.661E+01 4.515E+01 4.858E+01 1.328E+07 19.9377 1.00000
  2.239E+08 2.239E+08 3.446E+00 7.711E-01 2.008E+01 3.040E+01 5.125E+01 5.469E+01 1.375E+07 20.1679 1.00000
  2.512E+08 2.512E+08 3.461E+00 8.744E-01 2.257E+01 3.473E+01 5.817E+01 6.163E+01 1.423E+07 20.3982 1.00000
  2.818E+08 2.818E+08 3.476E+00 9.913E-01 2.536E+01 3.968E+01 6.603E+01 6.951E+01 1.469E+07 20.6285 1.00000
  3.162E+08 3.162E+08 3.491E+00 1.123E+00 2.850E+01 4.534E+01 7.496E+01 7.845E+01 1.516E+07 20.8587 1.00000
  3.548E+08 3.548E+08 3.507E+00 1.272E+00 3.202E+01 5.181E+01 8.510E+01 8.860E+01 1.562E+07 21.0890 1.00000
  3.981E+08 3.981E+08 3.522E+00 1.441E+00 3.597E+01 5.920E+01 9.661E+01 1.001E+02 1.608E+07 21.3192 1.00000
  4.467E+08 4.467E+08 3.537E+00 1.631E+00 4.041E+01 6.766E+01 1.097E+02 1.132E+02 1.654E+07 21.5495 1.00000
  5.012E+08 5.012E+08 3.553E+00 1.846E+00 4.539E+01 7.733E+01 1.246E+02 1.281E+02 1.699E+07 21.7797 1.00000
  5.623E+08 5.623E+08 3.568E+00 2.088E+00 5.098E+01 8.839E+01 1.415E+02 1.450E+02 1.744E+07 22.0100 1.00000
  6.310E+08 6.310E+08 3.584E+00 2.361E+00 5.725E+01 1.010E+02 1.606E+02 1.642E+02 1.788E+07 22.2403 1.00000
  7.079E+08 7.079E+08 3.600E+00 2.669E+00 6.429E+01 1.155E+02 1.825E+02 1.861E+02 1.832E+07 22.4705 1.00000
  7.943E+08 7.943E+08 3.616E+00 3.017E+00 7.219E+01 1.320E+02 2.072E+02 2.109E+02 1.876E+07 22.7008 1.00000
  8.913E+08 8.913E+08 3.632E+00 3.408E+00 8.105E+01 1.510E+02 2.354E+02 2.391E+02 1.919E+07 22.9310 1.00000
  1.000E+09 1.000E+09 3.647E+00 3.849E+00 9.100E+01 1.726E+02 2.675E+02 2.711E+02 1.962E+07 23.1613 1.00000
  1.122E+09 1.122E+09 3.664E+00 4.346E+00 1.022E+02 1.974E+02 3.039E+02 3.075E+02 2.004E+07 23.3916 1.00000
  1.259E+09 1.259E+09 3.680E+00 4.906E+00 1.147E+02 2.257E+02 3.453E+02 3.490E+02 2.046E+07 23.6218 1.00000
  1.413E+09 1.413E+09 3.696E+00 5.536E+00 1.287E+02 2.581E+02 3.924E+02 3.961E+02 2.087E+07 23.8521 1.00000
  1.585E+09 1.585E+09 3.712E+00 6.246E+00 1.445E+02 2.952E+02 4.460E+02 4.497E+02 2.128E+07 24.0823 1.00000
  1.778E+09 1.778E+09 3.729E+00 7.045E+00 1.622E+02 3.376E+02 5.069E+02 5.106E+02 2.168E+07 24.3126 1.00000
  1.995E+09 1.995E+09 3.745E+00 7.944E+00 1.821E+02 3.862E+02 5.762E+02 5.800E+02 2.208E+07 24.5428 1.00000
  2.239E+09 2.239E+09 3.762E+00 8.955E+00 2.044E+02 4.418E+02 6.551E+02 6.588E+02 2.247E+07 24.7731 1.00000
  2.512E+09 2.512E+09 3.778E+00 1.009E+01 2.294E+02 5.053E+02 7.448E+02 7.486E+02 2.286E+07 25.0034 1.00000
  2.818E+09 2.818E+09 3.795E+00 1.137E+01 2.575E+02 5.781E+02 8.469E+02 8.507E+02 2.325E+07 25.2336 1.00000
  3.162E+09 3.162E+09 3.812E+00 1.281E+01 2.889E+02 6.614E+02 9.632E+02 9.670E+02 2.362E+07 25.4639 1.00000
  3.548E+09 3.548E+09 3.829E+00 1.443E+01 3.243E+02 7.567E+02 1.095E+03 1.099E+03 2.400E+07 25.6941 1.00000
  3.981E+09 3.981E+09 3.846E+00 1.625E+01 3.639E+02 8.659E+02 1.246E+03 1.250E+03 2.437E+07 25.9244 1.00000
  4.467E+09 4.467E+09 3.863E+00 1.829E+01 4.084E+02 9.908E+02 1.418E+03 1.421E+03 2.473E+07 26.1547 1.00000
  5.012E+09 5.012E+09 3.881E+00 2.059E+01 4.583E+02 1.134E+03 1.613E+03 1.617E+03 2.509E+07 26.3849 1.00000
  5.623E+09 5.623E+09 3.898E+00 2.318E+01 5.143E+02 1.298E+03 1.835E+03 1.839E+03 2.545E+07 26.6152 1.00000
  6.310E+09 6.310E+09 3.915E+00 2.608E+01 5.772E+02 1.485E+03 2.088E+03 2.092E+03 2.580E+07 26.8454 1.00000
  7.079E+09 7.079E+09 3.933E+00 2.934E+01 6.477E+02 1.700E+03 2.377E+03 2.381E+03 2.614E+07 27.0757 1.00000
  7.943E+09 7.943E+09 3.950E+00 3.300E+01 7.268E+02 1.945E+03 2.705E+03 2.709E+03 2.648E+07 27.3059 1.00000
  8.913E+09 8.913E+09 3.968E+00 3.712E+01 8.156E+02 2.227E+03 3.080E+03 3.084E+03 2.682E+07 27.5362 1.00000
  1.000E+10 1.000E+10 3.986E+00 4.174E+01 9.152E+02 2.549E+03 3.506E+03 3.510E+03 2.715E+07 27.7665 1.00000
  1.122E+10 1.122E+10 4.004E+00 4.693E+01 1.027E+03 2.918E+03 3.992E+03 3.996E+03 2.747E+07 27.9967 1.00000
  1.259E+10 1.259E+10 4.022E+00 5.276E+01 1.152E+03 3.341E+03 4.546E+03 4.550E+03 2.779E+07 28.2270 1.00000
  1.413E+10 1.413E+10 4.040E+00 5.931E+01 1.293E+03 3.825E+03 5.178E+03 5.182E+03 2.811E+07 28.4572 1.00000
  1.585E+10 1.585E+10 4.058E+00 6.666E+01 1.451E+03 4.380E+03 5.897E+03 5.901E+03 2.842E+07 28.6874 1.00000
  1.778E+10 1.778E+10 4.077E+00 7.492E+01 1.628E+03 5.015E+03 6.718E+03 6.722E+03 2.873E+07 28.9176 1.00000
  1.995E+10 1.995E+10 4.095E+00 8.419E+01 1.827E+03 5.743E+03 7.654E+03 7.658E+03 2.903E+07 29.1479 1.00000
  2.239E+10 2.239E+10 4.114E+00 9.460E+01 2.050E+03 6.577E+03 8.721E+03 8.725E+03 2.933E+07 29.3778 1.00000
  2.512E+10 2.512E+10 4.132E+00 1.063E+02 2.300E+03 7.532E+03 9.938E+03 9.942E+03 2.962E+07 29.6080 1.00000
  2.818E+10 2.818E+10 4.151E+00 1.194E+02 2.581E+03 8.626E+03 1.133E+04 1.133E+04 2.991E+07 29.8383 1.00000
  3.162E+10 3.162E+10 4.170E+00 1.341E+02 2.896E+03 9.880E+03 1.291E+04 1.291E+04 3.019E+07 30.0670 1.00000
  3.548E+10 3.548E+10 4.189E+00 1.506E+02 3.249E+03 1.132E+04 1.472E+04 1.472E+04 3.047E+07 30.2973 1.00000
  3.981E+10 3.981E+10 4.208E+00 1.692E+02 3.646E+03 1.296E+04 1.678E+04 1.678E+04 3.075E+07 30.5275 1.00000
  4.467E+10 4.467E+10 4.228E+00 1.900E+02 4.091E+03 1.485E+04 1.913E+04 1.914E+04 3.102E+07 30.7578 1.00000
  5.012E+10 5.012E+10 4.247E+00 2.134E+02 4.590E+03 1.701E+04 2.182E+04 2.182E+04 3.129E+07 30.9816 1.00000
  5.623E+10 5.623E+10 4.267E+00 2.396E+02 5.151E+03 1.949E+04 2.488E+04 2.489E+04 3.155E+07 31.2118 1.00000
  6.310E+10 6.310E+10 4.286E+00 2.690E+02 5.779E+03 2.233E+04 2.838E+04 2.838E+04 3.181E+07 31.4421 1.00000
  7.079E+10 7.079E+10 4.308E+00 3.020E+02 6.484E+03 2.559E+04 3.237E+04 3.238E+04 3.206E+07 31.6432 1.00000
  7.943E+10 7.943E+10 4.328E+00 3.391E+02 7.276E+03 2.932E+04 3.693E+04 3.694E+04 3.231E+07 31.8734 1.00000
  8.913E+10 8.913E+10 4.348E+00 3.807E+02 8.164E+03 3.360E+04 4.214E+04 4.215E+04 3.255E+07 32.1037 1.00000
  1.000E+11 1.000E+11 4.368E+00 4.274E+02 9.160E+03 3.850E+04 4.809E+04 4.809E+04 3.280E+07 32.3340 1.00000
  1.122E+11 1.122E+11 4.388E+00 4.798E+02 1.028E+04 4.413E+04 5.488E+04 5.489E+04 3.303E+07 32.5642 1.00000
  1.259E+11 1.259E+11 4.421E+00 5.386E+02 1.153E+04 5.057E+04 6.264E+04 6.265E+04 3.327E+07 32.6390 1.00000
  1.413E+11 1.413E+11 4.441E+00 6.045E+02 1.294E+04 5.797E+04 7.151E+04 7.151E+04 3.350E+07 32.8693 1.00000
  1.585E+11 1.585E+11 4.461E+00 6.786E+02 1.452E+04 6.644E+04 8.164E+04 8.164E+04 3.372E+07 33.0995 1.00000
  1.778E+11 1.778E+11 4.482E+00 7.616E+02 1.629E+04 7.616E+04 9.322E+04 9.322E+04 3.394E+07 33.3298 1.00000
  1.995E+11 1.995E+11 4.503E+00 8.548E+02 1.828E+04 8.731E+04 1.064E+05 1.064E+05 3.416E+07 33.5600 1.00000
  2.239E+11 2.239E+11 4.523E+00 9.594E+02 2.051E+04 1.001E+05 1.216E+05 1.216E+05 3.437E+07 33.7903 1.00000
  2.512E+11 2.512E+11 4.544E+00 1.077E+03 2.301E+04 1.148E+05 1.388E+05 1.388E+05 3.458E+07 34.0206 1.00000
  2.818E+11 2.818E+11 4.565E+00 1.208E+03 2.582E+04 1.316E+05 1.586E+05 1.586E+05 3.479E+07 34.2508 1.00000
  3.162E+11 3.162E+11 4.586E+00 1.356E+03 2.897E+04 1.509E+05 1.812E+05 1.812E+05 3.499E+07 34.4811 1.00000
  3.548E+11 3.548E+11 4.608E+00 1.522E+03 3.250E+04 1.730E+05 2.070E+05 2.070E+05 3.519E+07 34.7113 1.00000
  3.981E+11 3.981E+11 4.629E+00 1.708E+03 3.647E+04 1.984E+05 2.366E+05 2.366E+05 3.539E+07 34.9416 1.00000
  4.467E+11 4.467E+11 4.650E+00 1.917E+03 4.092E+04 2.275E+05 2.703E+05 2.703E+05 3.558E+07 35.1718 1.00000
  5.012E+11 5.012E+11 4.672E+00 2.151E+03 4.591E+04 2.609E+05 3.090E+05 3.090E+05 3.577E+07 35.4021 1.00000
  5.623E+11 5.623E+11 4.694E+00 2.414E+03 5.151E+04 2.992E+05 3.532E+05 3.532E+05 3.595E+07 35.6324 1.00000
  6.310E+11 6.310E+11 4.716E+00 2.709E+03 5.780E+04 3.432E+05 4.037E+05 4.037E+05 3.614E+07 35.8626 1.00000
  7.079E+11 7.079E+11 4.738E+00 3.040E+03 6.485E+04 3.937E+05 4.616E+05 4.616E+05 3.631E+07 36.0929 1.00000
  7.943E+11 7.943E+11 4.760E+00 3.411E+03 7.277E+04 4.516E+05 5.277E+05 5.278E+05 3.649E+07 36.3231 1.00000
  8.913E+11 8.913E+11 4.782E+00 3.827E+03 8.164E+04 5.180E+05 6.035E+05 6.035E+05 3.666E+07 36.5534 1.00000
  1.000E+12 1.000E+12 4.804E+00 4.295E+03 9.161E+04 5.943E+05 6.902E+05 6.902E+05 3.683E+07 36.7837 1.00000
  1.122E+12 1.122E+12 4.827E+00 4.819E+03 1.028E+05 6.818E+05 7.894E+05 7.894E+05 3.699E+07 37.0139 1.00000
  1.259E+12 1.259E+12 4.849E+00 5.408E+03 1.153E+05 7.822E+05 9.030E+05 9.030E+05 3.716E+07 37.2442 1.00000
  1.413E+12 1.413E+12 4.872E+00 6.068E+03 1.294E+05 8.975E+05 1.033E+06 1.033E+06 3.732E+07 37.4744 1.00000
  1.585E+12 1.585E+12 4.895E+00 6.809E+03 1.452E+05 1.030E+06 1.182E+06 1.182E+06 3.747E+07 37.7047 1.00000
  1.778E+12 1.778E+12 4.918E+00 7.640E+03 1.629E+05 1.182E+06 1.352E+06 1.352E+06 3.762E+07 37.9349 1.00000
  1.995E+12 1.995E+12 4.941E+00 8.573E+03 1.828E+05 1.356E+06 1.548E+06 1.548E+06 3.777E+07 38.1652 1.00000
  2.239E+12 2.239E+12 4.964E+00 9.619E+03 2.051E+05 1.556E+06 1.771E+06 1.771E+06 3.792E+07 38.3955 1.00000
  2.512E+12 2.512E+12 4.987E+00 1.079E+04 2.301E+05 1.786E+06 2.027E+06 2.027E+06 3.807E+07 38.6257 1.00000
  2.818E+12 2.818E+12 5.011E+00 1.211E+04 2.582E+05 2.050E+06 2.320E+06 2.320E+06 3.821E+07 38.8560 1.00000
  3.162E+12 3.162E+12 5.034E+00 1.359E+04 2.897E+05 2.353E+06 2.656E+06 2.656E+06 3.834E+07 39.0862 1.00000
  3.548E+12 3.548E+12 5.058E+00 1.525E+04 3.250E+05 2.701E+06 3.041E+06 3.041E+06 3.848E+07 39.3165 1.00000
  3.981E+12 3.981E+12 5.082E+00 1.711E+04 3.647E+05 3.101E+06 3.482E+06 3.482E+06 3.861E+07 39.5468 1.00000
  4.467E+12 4.467E+12 5.106E+00 1.920E+04 4.092E+05 3.559E+06 3.988E+06 3.988E+06 3.874E+07 39.7770 1.00000
  5.012E+12 5.012E+12 5.130E+00 2.154E+04 4.591E+05 4.086E+06 4.567E+06 4.567E+06 3.887E+07 40.0073 1.00000
  5.623E+12 5.623E+12 5.154E+00 2.417E+04 5.151E+05 4.691E+06 5.231E+06 5.231E+06 3.900E+07 40.2375 1.00000
  6.310E+12 6.310E+12 5.179E+00 2.712E+04 5.780E+05 5.387E+06 5.992E+06 5.992E+06 3.912E+07 40.4678 1.00000
  7.079E+12 7.079E+12 5.203E+00 3.043E+04 6.485E+05 6.185E+06 6.864E+06 6.864E+06 3.924E+07 40.6981 1.00000
  7.943E+12 7.943E+12 5.228E+00 3.414E+04 7.276E+05 7.102E+06 7.864E+06 7.864E+06 3.936E+07 40.9283 1.00000
  8.913E+12 8.913E+12 5.253E+00 3.830E+04 8.164E+05 8.155E+06 9.010E+06 9.010E+06 3.947E+07 41.1586 1.00000
  1.000E+13 1.000E+13 5.278E+00 4.298E+04 9.160E+05 9.365E+06 1.032E+07 1.032E+07 3.958E+07 41.3888 1.00000
  1.122E+13 1.122E+13 5.303E+00 4.822E+04 1.028E+06 1.076E+07 1.183E+07 1.183E+07 3.969E+07 41.6191 1.00000
  1.259E+13 1.259E+13 5.328E+00 5.411E+04 1.153E+06 1.235E+07 1.356E+07 1.356E+07 3.980E+07 41.8493 1.00000
  1.413E+13 1.413E+13 5.353E+00 6.071E+04 1.294E+06 1.419E+07 1.554E+07 1.554E+07 3.991E+07 42.0796 1.00000
  1.585E+13 1.585E+13 5.379E+00 6.812E+04 1.452E+06 1.630E+07 1.782E+07 1.782E+07 4.001E+07 42.3099 1.00000
  1.778E+13 1.778E+13 5.404E+00 7.643E+04 1.629E+06 1.872E+07 2.042E+07 2.042E+07 4.011E+07 42.5401 1.00000
  1.995E+13 1.995E+13 5.430E+00 8.576E+04 1.828E+06 2.150E+07 2.341E+07 2.341E+07 4.021E+07 42.7704 1.00000
  2.239E+13 2.239E+13 5.456E+00 9.622E+04 2.051E+06 2.470E+07 2.685E+07 2.685E+07 4.031E+07 43.0006 1.00000
  2.512E+13 2.512E+13 5.482E+00 1.080E+05 2.301E+06 2.838E+07 3.078E+07 3.078E+07 4.040E+07 43.2309 1.00000
  2.818E+13 2.818E+13 5.508E+00 1.211E+05 2.582E+06 3.260E+07 3.530E+07 3.530E+07 4.050E+07 43.4612 1.00000
  3.162E+13 3.162E+13 5.534E+00 1.359E+05 2.897E+06 3.746E+07 4.049E+07 4.049E+07 4.059E+07 43.6914 1.00000
  3.548E+13 3.548E+13 5.561E+00 1.525E+05 3.250E+06 4.304E+07 4.644E+07 4.644E+07 4.068E+07 43.9217 1.00000
  3.981E+13 3.981E+13 5.587E+00 1.711E+05 3.647E+06 4.945E+07 5.327E+07 5.327E+07 4.076E+07 44.1519 1.00000
  4.467E+13 4.467E+13 5.614E+00 1.920E+05 4.092E+06 5.682E+07 6.111E+07 6.111E+07 4.085E+07 44.3822 1.00000
  5.012E+13 5.012E+13 5.641E+00 2.154E+05 4.591E+06 6.530E+07 7.010E+07 7.010E+07 4.093E+07 44.6124 1.00000
  5.623E+13 5.623E+13 5.668E+00 2.417E+05 5.151E+06 7.504E+07 8.043E+07 8.043E+07 4.101E+07 44.8427 1.00000
  6.310E+13 6.310E+13 5.695E+00 2.712E+05 5.779E+06 8.624E+07 9.229E+07 9.229E+07 4.109E+07 45.0730 1.00000
  7.079E+13 7.079E+13 5.722E+00 3.043E+05 6.485E+06 9.912E+07 1.059E+08 1.059E+08 4.117E+07 45.3032 1.00000
  7.943E+13 7.943E+13 5.750E+00 3.414E+05 7.276E+06 1.139E+08 1.215E+08 1.215E+08 4.125E+07 45.5335 1.00000
  8.913E+13 8.913E+13 5.778E+00 3.831E+05 8.163E+06 1.309E+08 1.395E+08 1.395E+08 4.132E+07 45.7637 1.00000
  1.000E+14 1.000E+14 5.805E+00 4.298E+05 9.160E+06 1.505E+08 1.601E+08 1.601E+08 4.139E+07 45.9940 1.00000
  1.122E+14 1.122E+14 5.833E+00 4.823E+05 1.028E+07 1.730E+08 1.838E+08 1.838E+08 4.147E+07 46.2243 1.00000
  1.259E+14 1.259E+14 5.861E+00 5.411E+05 1.153E+07 1.989E+08 2.110E+08 2.110E+08 4.154E+07 46.4545 1.00000
  1.413E+14 1.413E+14 5.889E+00 6.071E+05 1.294E+07 2.287E+08 2.422E+08 2.422E+08 4.160E+07 46.6848 1.00000
  1.585E+14 1.585E+14 5.918E+00 6.812E+05 1.452E+07 2.629E+08 2.781E+08 2.781E+08 4.167E+07 46.9150 1.00000
  1.778E+14 1.778E+14 5.946E+00 7.644E+05 1.629E+07 3.022E+08 3.193E+08 3.193E+08 4.173E+07 47.1453 1.00000
  1.995E+14 1.995E+14 5.975E+00 8.576E+05 1.828E+07 3.475E+08 3.666E+08 3.666E+08 4.180E+07 47.3755 1.00000
  2.239E+14 2.239E+14 6.004E+00 9.623E+05 2.050E+07 3.996E+08 4.210E+08 4.210E+08 4.186E+07 47.6058 1.00000
  2.512E+14 2.512E+14 6.033E+00 1.080E+06 2.301E+07 4.595E+08 4.835E+08 4.835E+08 4.192E+07 47.8361 1.00000
  2.818E+14 2.818E+14 6.062E+00 1.211E+06 2.581E+07 5.283E+08 5.554E+08 5.554E+08 4.198E+07 48.0663 1.00000
  3.162E+14 3.162E+14 6.091E+00 1.359E+06 2.896E+07 6.076E+08 6.379E+08 6.379E+08 4.204E+07 48.2966 1.00000
  3.548E+14 3.548E+14 6.120E+00 1.525E+06 3.250E+07 6.987E+08 7.328E+08 7.328E+08 4.209E+07 48.5268 1.00000
  3.981E+14 3.981E+14 6.150E+00 1.711E+06 3.646E+07 8.036E+08 8.418E+08 8.418E+08 4.215E+07 48.7571 1.00000
  4.467E+14 4.467E+14 6.179E+00 1.920E+06 4.091E+07 9.242E+08 9.671E+08 9.671E+08 4.220E+07 48.9874 1.00000
  5.012E+14 5.012E+14 6.209E+00 2.154E+06 4.590E+07 1.063E+09 1.111E+09 1.111E+09 4.225E+07 49.2176 1.00000
  5.623E+14 5.623E+14 6.239E+00 2.417E+06 5.150E+07 1.223E+09 1.277E+09 1.277E+09 4.231E+07 49.4479 1.00000
  6.310E+14 6.310E+14 6.270E+00 2.712E+06 5.779E+07 1.406E+09 1.467E+09 1.467E+09 4.236E+07 49.6781 1.00000
  7.079E+14 7.079E+14 6.300E+00 3.043E+06 6.484E+07 1.618E+09 1.686E+09 1.686E+09 4.241E+07 49.9084 1.00000
  7.943E+14 7.943E+14 6.330E+00 3.414E+06 7.275E+07 1.861E+09 1.937E+09 1.937E+09 4.245E+07 50.1387 1.00000
  8.913E+14 8.913E+14 6.361E+00 3.831E+06 8.163E+07 2.141E+09 2.227E+09 2.227E+09 4.250E+07 50.3689 1.00000
  1.000E+15 1.000E+15 6.392E+00 4.298E+06 9.159E+07 2.463E+09 2.559E+09 2.559E+09 4.255E+07 50.5992 1.00000
