 Incident particle is a Tau with M = 1776.82000 MeV
 Index = 0: Praseodymium
      Absorber with <Z/A> = 0.41871
 Density effect computed following Fano (1963)
 Models for Radloss: brems =  SSR, pair =  SSR, photonuc = DRSS

 *** Table generated with PUMAS v1.1 ***

      T         p     Ionization  brems     pair     photonuc  Radloss    dE/dx   CSDA Range  delta   beta
    [MeV]    [MeV/c]  -----------------------[MeV cm^2/g]------------------------  [g/cm^2]
  1.000E+05 1.018E+05 1.700E+00 1.807E-04 1.419E-02 6.196E-03 2.057E-02 1.720E+00 2.907E+04  3.0046 0.99985
  1.122E+05 1.140E+05 1.718E+00 2.199E-04 1.700E-02 6.987E-03 2.421E-02 1.743E+00 3.611E+04  3.1716 0.99988
  1.259E+05 1.277E+05 1.737E+00 2.670E-04 2.031E-02 7.862E-03 2.843E-02 1.766E+00 4.392E+04  3.3431 0.99990
  1.413E+05 1.430E+05 1.755E+00 3.238E-04 2.418E-02 8.822E-03 3.333E-02 1.789E+00 5.256E+04  3.5188 0.99992
  1.585E+05 1.603E+05 1.774E+00 3.918E-04 2.873E-02 9.906E-03 3.903E-02 1.813E+00 6.213E+04  3.6984 0.99994
  1.778E+05 1.796E+05 1.792E+00 4.733E-04 3.404E-02 1.110E-02 4.562E-02 1.837E+00 7.273E+04  3.8816 0.99995
  1.995E+05 2.013E+05 1.810E+00 5.707E-04 4.024E-02 1.245E-02 5.326E-02 1.863E+00 8.445E+04  4.0681 0.99996
  2.239E+05 2.256E+05 1.827E+00 6.869E-04 4.747E-02 1.393E-02 6.208E-02 1.889E+00 9.743E+04  4.2577 0.99997
  2.512E+05 2.530E+05 1.845E+00 8.250E-04 5.587E-02 1.558E-02 7.227E-02 1.917E+00 1.118E+05  4.4503 0.99998
  2.818E+05 2.836E+05 1.862E+00 9.890E-04 6.562E-02 1.743E-02 8.404E-02 1.946E+00 1.276E+05  4.6458 0.99998
  3.162E+05 3.180E+05 1.879E+00 1.183E-03 7.692E-02 1.951E-02 9.762E-02 1.977E+00 1.452E+05  4.8441 0.99998
  3.548E+05 3.566E+05 1.896E+00 1.413E-03 9.000E-02 2.183E-02 1.132E-01 2.010E+00 1.645E+05  5.0451 0.99999
  3.981E+05 3.999E+05 1.913E+00 1.684E-03 1.051E-01 2.441E-02 1.312E-01 2.045E+00 1.859E+05  5.2487 0.99999
  4.467E+05 4.485E+05 1.930E+00 2.004E-03 1.225E-01 2.731E-02 1.519E-01 2.082E+00 2.094E+05  5.4548 0.99999
  5.012E+05 5.030E+05 1.947E+00 2.380E-03 1.426E-01 3.053E-02 1.755E-01 2.122E+00 2.354E+05  5.6632 0.99999
  5.623E+05 5.641E+05 1.963E+00 2.821E-03 1.657E-01 3.417E-02 2.027E-01 2.166E+00 2.639E+05  5.8738 1.00000
  6.310E+05 6.327E+05 1.979E+00 3.339E-03 1.923E-01 3.826E-02 2.339E-01 2.213E+00 2.952E+05  6.0864 1.00000
  7.079E+05 7.097E+05 1.995E+00 3.944E-03 2.227E-01 4.286E-02 2.696E-01 2.265E+00 3.296E+05  6.3007 1.00000
  7.943E+05 7.961E+05 2.011E+00 4.651E-03 2.577E-01 4.802E-02 3.103E-01 2.321E+00 3.673E+05  6.5166 1.00000
  8.913E+05 8.930E+05 2.027E+00 5.476E-03 2.976E-01 5.382E-02 3.569E-01 2.384E+00 4.085E+05  6.7340 1.00000
  1.000E+06 1.002E+06 2.042E+00 6.438E-03 3.434E-01 6.038E-02 4.102E-01 2.452E+00 4.535E+05  6.9525 1.00000
  1.122E+06 1.124E+06 2.058E+00 7.555E-03 3.956E-01 6.775E-02 4.709E-01 2.529E+00 5.025E+05  7.1722 1.00000
  1.259E+06 1.261E+06 2.073E+00 8.857E-03 4.551E-01 7.611E-02 5.401E-01 2.613E+00 5.557E+05  7.3929 1.00000
  1.413E+06 1.414E+06 2.088E+00 1.036E-02 5.230E-01 8.553E-02 6.189E-01 2.707E+00 6.135E+05  7.6145 1.00000
  1.585E+06 1.587E+06 2.103E+00 1.211E-02 6.004E-01 9.620E-02 7.087E-01 2.812E+00 6.759E+05  7.8369 1.00000
  1.778E+06 1.780E+06 2.118E+00 1.414E-02 6.883E-01 1.082E-01 8.107E-01 2.929E+00 7.433E+05  8.0601 1.00000
  1.995E+06 1.997E+06 2.133E+00 1.648E-02 7.883E-01 1.219E-01 9.267E-01 3.059E+00 8.158E+05  8.2841 1.00000
  2.239E+06 2.240E+06 2.147E+00 1.919E-02 9.019E-01 1.374E-01 1.058E+00 3.206E+00 8.935E+05  8.5088 1.00000
  2.512E+06 2.514E+06 2.162E+00 2.230E-02 1.031E+00 1.549E-01 1.208E+00 3.370E+00 9.766E+05  8.7341 1.00000
  2.818E+06 2.820E+06 2.176E+00 2.591E-02 1.177E+00 1.749E-01 1.378E+00 3.554E+00 1.065E+06  8.9601 1.00000
  3.162E+06 3.164E+06 2.190E+00 3.008E-02 1.342E+00 1.975E-01 1.570E+00 3.760E+00 1.159E+06  9.1866 1.00000
  3.548E+06 3.550E+06 2.204E+00 3.486E-02 1.530E+00 2.231E-01 1.788E+00 3.992E+00 1.259E+06  9.4137 1.00000
  3.981E+06 3.983E+06 2.218E+00 4.037E-02 1.742E+00 2.522E-01 2.035E+00 4.252E+00 1.364E+06  9.6413 1.00000
  4.467E+06 4.469E+06 2.231E+00 4.669E-02 1.982E+00 2.854E-01 2.314E+00 4.545E+00 1.474E+06  9.8693 1.00000
  5.012E+06 5.014E+06 2.245E+00 5.394E-02 2.253E+00 3.231E-01 2.630E+00 4.874E+00 1.590E+06 10.0976 1.00000
  5.623E+06 5.625E+06 2.258E+00 6.226E-02 2.559E+00 3.659E-01 2.987E+00 5.245E+00 1.711E+06 10.3263 1.00000
  6.310E+06 6.311E+06 2.271E+00 7.182E-02 2.905E+00 4.147E-01 3.392E+00 5.662E+00 1.837E+06 10.5553 1.00000
  7.079E+06 7.081E+06 2.284E+00 8.280E-02 3.295E+00 4.703E-01 3.848E+00 6.132E+00 1.968E+06 10.7845 1.00000
  7.943E+06 7.945E+06 2.297E+00 9.537E-02 3.735E+00 5.335E-01 4.364E+00 6.661E+00 2.103E+06 11.0139 1.00000
  8.913E+06 8.914E+06 2.309E+00 1.098E-01 4.231E+00 6.055E-01 4.947E+00 7.256E+00 2.242E+06 11.2435 1.00000
  1.000E+07 1.000E+07 2.322E+00 1.262E-01 4.791E+00 6.875E-01 5.605E+00 7.926E+00 2.385E+06 11.4732 1.00000
  1.122E+07 1.122E+07 2.334E+00 1.450E-01 5.421E+00 7.810E-01 6.347E+00 8.681E+00 2.533E+06 11.7030 1.00000
  1.259E+07 1.259E+07 2.347E+00 1.665E-01 6.131E+00 8.875E-01 7.185E+00 9.532E+00 2.683E+06 11.9329 1.00000
  1.413E+07 1.413E+07 2.359E+00 1.910E-01 6.930E+00 1.009E+00 8.130E+00 1.049E+01 2.837E+06 12.1628 1.00000
  1.585E+07 1.585E+07 2.371E+00 2.189E-01 7.830E+00 1.148E+00 9.196E+00 1.157E+01 2.993E+06 12.3928 1.00000
  1.778E+07 1.778E+07 2.383E+00 2.508E-01 8.842E+00 1.305E+00 1.040E+01 1.278E+01 3.152E+06 12.6229 1.00000
  1.995E+07 1.995E+07 2.395E+00 2.872E-01 9.982E+00 1.486E+00 1.175E+01 1.415E+01 3.313E+06 12.8530 1.00000
  2.239E+07 2.239E+07 2.407E+00 3.285E-01 1.126E+01 1.691E+00 1.328E+01 1.569E+01 3.477E+06 13.0831 1.00000
  2.512E+07 2.512E+07 2.419E+00 3.756E-01 1.270E+01 1.926E+00 1.501E+01 1.742E+01 3.642E+06 13.3133 1.00000
  2.818E+07 2.819E+07 2.430E+00 4.292E-01 1.432E+01 2.193E+00 1.695E+01 1.938E+01 3.808E+06 13.5435 1.00000
  3.162E+07 3.162E+07 2.442E+00 4.902E-01 1.615E+01 2.499E+00 1.913E+01 2.158E+01 3.977E+06 13.7736 1.00000
  3.548E+07 3.548E+07 2.454E+00 5.596E-01 1.819E+01 2.847E+00 2.160E+01 2.405E+01 4.146E+06 14.0038 1.00000
  3.981E+07 3.981E+07 2.466E+00 6.384E-01 2.049E+01 3.245E+00 2.438E+01 2.684E+01 4.316E+06 14.2341 1.00000
  4.467E+07 4.467E+07 2.477E+00 7.279E-01 2.308E+01 3.699E+00 2.751E+01 2.998E+01 4.487E+06 14.4643 1.00000
  5.012E+07 5.012E+07 2.489E+00 8.295E-01 2.598E+01 4.218E+00 3.103E+01 3.352E+01 4.659E+06 14.6945 1.00000
  5.623E+07 5.624E+07 2.500E+00 9.448E-01 2.925E+01 4.811E+00 3.500E+01 3.750E+01 4.831E+06 14.9247 1.00000
  6.310E+07 6.310E+07 2.512E+00 1.075E+00 3.291E+01 5.487E+00 3.948E+01 4.199E+01 5.004E+06 15.1550 1.00000
  7.079E+07 7.080E+07 2.524E+00 1.224E+00 3.703E+01 6.260E+00 4.451E+01 4.704E+01 5.177E+06 15.3852 1.00000
  7.943E+07 7.943E+07 2.535E+00 1.391E+00 4.165E+01 7.142E+00 5.019E+01 5.272E+01 5.351E+06 15.6155 1.00000
  8.913E+07 8.913E+07 2.547E+00 1.581E+00 4.685E+01 8.150E+00 5.658E+01 5.913E+01 5.524E+06 15.8457 1.00000
  1.000E+08 1.000E+08 2.559E+00 1.797E+00 5.268E+01 9.302E+00 6.378E+01 6.633E+01 5.698E+06 16.0760 1.00000
  1.122E+08 1.122E+08 2.570E+00 2.040E+00 5.922E+01 1.062E+01 7.188E+01 7.445E+01 5.871E+06 16.3062 1.00000
  1.259E+08 1.259E+08 2.582E+00 2.315E+00 6.657E+01 1.212E+01 8.101E+01 8.359E+01 6.045E+06 16.5365 1.00000
  1.413E+08 1.413E+08 2.594E+00 2.626E+00 7.482E+01 1.384E+01 9.129E+01 9.388E+01 6.218E+06 16.7667 1.00000
  1.585E+08 1.585E+08 2.606E+00 2.978E+00 8.409E+01 1.580E+01 1.029E+02 1.055E+02 6.391E+06 16.9970 1.00000
  1.778E+08 1.778E+08 2.618E+00 3.375E+00 9.448E+01 1.805E+01 1.159E+02 1.185E+02 6.564E+06 17.2272 1.00000
  1.995E+08 1.995E+08 2.630E+00 3.823E+00 1.062E+02 2.061E+01 1.306E+02 1.332E+02 6.737E+06 17.4575 1.00000
  2.239E+08 2.239E+08 2.641E+00 4.329E+00 1.193E+02 2.354E+01 1.471E+02 1.498E+02 6.909E+06 17.6877 1.00000
  2.512E+08 2.512E+08 2.653E+00 4.900E+00 1.340E+02 2.689E+01 1.657E+02 1.684E+02 7.081E+06 17.9180 1.00000
  2.818E+08 2.818E+08 2.665E+00 5.544E+00 1.505E+02 3.072E+01 1.867E+02 1.894E+02 7.253E+06 18.1482 1.00000
  3.162E+08 3.162E+08 2.678E+00 6.271E+00 1.690E+02 3.510E+01 2.103E+02 2.130E+02 7.424E+06 18.3785 1.00000
  3.548E+08 3.548E+08 2.690E+00 7.090E+00 1.898E+02 4.010E+01 2.370E+02 2.396E+02 7.594E+06 18.6088 1.00000
  3.981E+08 3.981E+08 2.702E+00 8.012E+00 2.131E+02 4.583E+01 2.669E+02 2.696E+02 7.765E+06 18.8390 1.00000
  4.467E+08 4.467E+08 2.714E+00 9.052E+00 2.393E+02 5.237E+01 3.007E+02 3.034E+02 7.934E+06 19.0693 1.00000
  5.012E+08 5.012E+08 2.726E+00 1.022E+01 2.687E+02 5.985E+01 3.387E+02 3.415E+02 8.104E+06 19.2995 1.00000
  5.623E+08 5.623E+08 2.739E+00 1.154E+01 3.016E+02 6.841E+01 3.816E+02 3.843E+02 8.272E+06 19.5298 1.00000
  6.310E+08 6.310E+08 2.751E+00 1.303E+01 3.386E+02 7.820E+01 4.298E+02 4.326E+02 8.440E+06 19.7600 1.00000
  7.079E+08 7.079E+08 2.764E+00 1.470E+01 3.801E+02 8.939E+01 4.842E+02 4.870E+02 8.608E+06 19.9903 1.00000
  7.943E+08 7.943E+08 2.776E+00 1.658E+01 4.267E+02 1.022E+02 5.455E+02 5.483E+02 8.775E+06 20.2206 1.00000
  8.913E+08 8.913E+08 2.789E+00 1.869E+01 4.790E+02 1.168E+02 6.145E+02 6.173E+02 8.942E+06 20.4508 1.00000
  1.000E+09 1.000E+09 2.802E+00 2.107E+01 5.377E+02 1.336E+02 6.923E+02 6.951E+02 9.108E+06 20.6811 1.00000
  1.122E+09 1.122E+09 2.814E+00 2.374E+01 6.035E+02 1.527E+02 7.800E+02 7.828E+02 9.273E+06 20.9113 1.00000
  1.259E+09 1.259E+09 2.827E+00 2.675E+01 6.774E+02 1.747E+02 8.788E+02 8.816E+02 9.438E+06 21.1416 1.00000
  1.413E+09 1.413E+09 2.840E+00 3.013E+01 7.603E+02 1.997E+02 9.901E+02 9.930E+02 9.602E+06 21.3719 1.00000
  1.585E+09 1.585E+09 2.853E+00 3.393E+01 8.533E+02 2.284E+02 1.116E+03 1.118E+03 9.765E+06 21.6021 1.00000
  1.778E+09 1.778E+09 2.866E+00 3.820E+01 9.576E+02 2.613E+02 1.257E+03 1.260E+03 9.928E+06 21.8324 1.00000
  1.995E+09 1.995E+09 2.879E+00 4.300E+01 1.075E+03 2.988E+02 1.417E+03 1.419E+03 1.009E+07 22.0626 1.00000
  2.239E+09 2.239E+09 2.892E+00 4.839E+01 1.206E+03 3.418E+02 1.596E+03 1.599E+03 1.025E+07 22.2929 1.00000
  2.512E+09 2.512E+09 2.906E+00 5.445E+01 1.354E+03 3.910E+02 1.799E+03 1.802E+03 1.041E+07 22.5231 1.00000
  2.818E+09 2.818E+09 2.919E+00 6.126E+01 1.519E+03 4.473E+02 2.028E+03 2.030E+03 1.057E+07 22.7534 1.00000
  3.162E+09 3.162E+09 2.932E+00 6.890E+01 1.705E+03 5.118E+02 2.285E+03 2.288E+03 1.073E+07 22.9837 1.00000
  3.548E+09 3.548E+09 2.946E+00 7.749E+01 1.913E+03 5.856E+02 2.576E+03 2.579E+03 1.089E+07 23.2139 1.00000
  3.981E+09 3.981E+09 2.960E+00 8.713E+01 2.147E+03 6.700E+02 2.904E+03 2.907E+03 1.105E+07 23.4442 1.00000
  4.467E+09 4.467E+09 2.973E+00 9.795E+01 2.409E+03 7.667E+02 3.273E+03 3.276E+03 1.121E+07 23.6744 1.00000
  5.012E+09 5.012E+09 2.987E+00 1.101E+02 2.703E+03 8.773E+02 3.690E+03 3.693E+03 1.136E+07 23.9047 1.00000
  5.623E+09 5.623E+09 3.001E+00 1.238E+02 3.033E+03 1.004E+03 4.161E+03 4.164E+03 1.152E+07 24.1349 1.00000
  6.310E+09 6.310E+09 3.014E+00 1.391E+02 3.403E+03 1.149E+03 4.692E+03 4.695E+03 1.167E+07 24.3652 1.00000
  7.079E+09 7.079E+09 3.028E+00 1.563E+02 3.819E+03 1.315E+03 5.291E+03 5.294E+03 1.183E+07 24.5955 1.00000
  7.943E+09 7.943E+09 3.042E+00 1.756E+02 4.285E+03 1.505E+03 5.966E+03 5.969E+03 1.198E+07 24.8257 1.00000
  8.913E+09 8.913E+09 3.057E+00 1.973E+02 4.809E+03 1.723E+03 6.729E+03 6.732E+03 1.213E+07 25.0560 1.00000
  1.000E+10 1.000E+10 3.071E+00 2.216E+02 5.396E+03 1.972E+03 7.590E+03 7.593E+03 1.229E+07 25.2862 1.00000
  1.122E+10 1.122E+10 3.085E+00 2.489E+02 6.054E+03 2.258E+03 8.561E+03 8.565E+03 1.244E+07 25.5165 1.00000
  1.259E+10 1.259E+10 3.099E+00 2.796E+02 6.794E+03 2.585E+03 9.658E+03 9.661E+03 1.259E+07 25.7467 1.00000
  1.413E+10 1.413E+10 3.114E+00 3.140E+02 7.623E+03 2.960E+03 1.090E+04 1.090E+04 1.274E+07 25.9770 1.00000
  1.585E+10 1.585E+10 3.128E+00 3.526E+02 8.553E+03 3.389E+03 1.229E+04 1.230E+04 1.289E+07 26.2072 1.00000
  1.778E+10 1.778E+10 3.143E+00 3.959E+02 9.597E+03 3.880E+03 1.387E+04 1.388E+04 1.303E+07 26.4374 1.00000
  1.995E+10 1.995E+10 3.157E+00 4.446E+02 1.077E+04 4.444E+03 1.566E+04 1.566E+04 1.318E+07 26.6677 1.00000
  2.239E+10 2.239E+10 3.172E+00 4.992E+02 1.208E+04 5.089E+03 1.767E+04 1.767E+04 1.333E+07 26.8976 1.00000
  2.512E+10 2.512E+10 3.187E+00 5.604E+02 1.356E+04 5.828E+03 1.995E+04 1.995E+04 1.347E+07 27.1278 1.00000
  2.818E+10 2.818E+10 3.202E+00 6.292E+02 1.521E+04 6.674E+03 2.252E+04 2.252E+04 1.362E+07 27.3581 1.00000
  3.162E+10 3.162E+10 3.217E+00 7.063E+02 1.707E+04 7.645E+03 2.542E+04 2.542E+04 1.376E+07 27.5868 1.00000
  3.548E+10 3.548E+10 3.232E+00 7.929E+02 1.915E+04 8.756E+03 2.870E+04 2.871E+04 1.390E+07 27.8170 1.00000
  3.981E+10 3.981E+10 3.247E+00 8.900E+02 2.149E+04 1.003E+04 3.241E+04 3.241E+04 1.405E+07 28.0473 1.00000
  4.467E+10 4.467E+10 3.263E+00 9.990E+02 2.411E+04 1.149E+04 3.660E+04 3.661E+04 1.419E+07 28.2776 1.00000
  5.012E+10 5.012E+10 3.278E+00 1.121E+03 2.705E+04 1.316E+04 4.134E+04 4.134E+04 1.433E+07 28.5013 1.00000
  5.623E+10 5.623E+10 3.294E+00 1.259E+03 3.036E+04 1.508E+04 4.670E+04 4.670E+04 1.447E+07 28.7316 1.00000
  6.310E+10 6.310E+10 3.309E+00 1.413E+03 3.406E+04 1.728E+04 5.275E+04 5.276E+04 1.460E+07 28.9618 1.00000
  7.079E+10 7.079E+10 3.327E+00 1.585E+03 3.822E+04 1.980E+04 5.960E+04 5.960E+04 1.474E+07 29.1630 1.00000
  7.943E+10 7.943E+10 3.342E+00 1.779E+03 4.288E+04 2.269E+04 6.735E+04 6.735E+04 1.488E+07 29.3932 1.00000
  8.913E+10 8.913E+10 3.358E+00 1.997E+03 4.811E+04 2.600E+04 7.611E+04 7.611E+04 1.501E+07 29.6235 1.00000
  1.000E+11 1.000E+11 3.374E+00 2.241E+03 5.399E+04 2.979E+04 8.602E+04 8.602E+04 1.515E+07 29.8537 1.00000
  1.122E+11 1.122E+11 3.390E+00 2.515E+03 6.057E+04 3.414E+04 9.723E+04 9.723E+04 1.528E+07 30.0840 1.00000
  1.259E+11 1.259E+11 3.416E+00 2.822E+03 6.796E+04 3.913E+04 1.099E+05 1.099E+05 1.541E+07 30.1588 1.00000
  1.413E+11 1.413E+11 3.432E+00 3.167E+03 7.626E+04 4.485E+04 1.243E+05 1.243E+05 1.554E+07 30.3890 1.00000
  1.585E+11 1.585E+11 3.448E+00 3.554E+03 8.556E+04 5.141E+04 1.405E+05 1.405E+05 1.567E+07 30.6193 1.00000
  1.778E+11 1.778E+11 3.465E+00 3.989E+03 9.600E+04 5.893E+04 1.589E+05 1.589E+05 1.580E+07 30.8496 1.00000
  1.995E+11 1.995E+11 3.481E+00 4.476E+03 1.077E+05 6.756E+04 1.798E+05 1.798E+05 1.593E+07 31.0798 1.00000
  2.239E+11 2.239E+11 3.498E+00 5.023E+03 1.209E+05 7.745E+04 2.033E+05 2.033E+05 1.606E+07 31.3101 1.00000
  2.512E+11 2.512E+11 3.514E+00 5.636E+03 1.356E+05 8.879E+04 2.300E+05 2.300E+05 1.619E+07 31.5403 1.00000
  2.818E+11 2.818E+11 3.531E+00 6.324E+03 1.522E+05 1.018E+05 2.603E+05 2.603E+05 1.631E+07 31.7706 1.00000
  3.162E+11 3.162E+11 3.548E+00 7.096E+03 1.707E+05 1.167E+05 2.946E+05 2.946E+05 1.644E+07 32.0009 1.00000
  3.548E+11 3.548E+11 3.565E+00 7.963E+03 1.916E+05 1.339E+05 3.334E+05 3.334E+05 1.656E+07 32.2311 1.00000
  3.981E+11 3.981E+11 3.582E+00 8.935E+03 2.149E+05 1.535E+05 3.774E+05 3.774E+05 1.668E+07 32.4614 1.00000
  4.467E+11 4.467E+11 3.599E+00 1.003E+04 2.412E+05 1.760E+05 4.272E+05 4.272E+05 1.680E+07 32.6916 1.00000
  5.012E+11 5.012E+11 3.616E+00 1.125E+04 2.706E+05 2.019E+05 4.837E+05 4.837E+05 1.692E+07 32.9219 1.00000
  5.623E+11 5.623E+11 3.633E+00 1.262E+04 3.036E+05 2.315E+05 5.477E+05 5.477E+05 1.704E+07 33.1521 1.00000
  6.310E+11 6.310E+11 3.650E+00 1.416E+04 3.406E+05 2.656E+05 6.204E+05 6.204E+05 1.716E+07 33.3824 1.00000
  7.079E+11 7.079E+11 3.668E+00 1.589E+04 3.822E+05 3.046E+05 7.027E+05 7.027E+05 1.727E+07 33.6127 1.00000
  7.943E+11 7.943E+11 3.685E+00 1.783E+04 4.288E+05 3.494E+05 7.961E+05 7.961E+05 1.739E+07 33.8429 1.00000
  8.913E+11 8.913E+11 3.703E+00 2.001E+04 4.812E+05 4.008E+05 9.020E+05 9.020E+05 1.750E+07 34.0732 1.00000
  1.000E+12 1.000E+12 3.721E+00 2.245E+04 5.399E+05 4.598E+05 1.022E+06 1.022E+06 1.762E+07 34.3034 1.00000
  1.122E+12 1.122E+12 3.739E+00 2.519E+04 6.057E+05 5.275E+05 1.158E+06 1.158E+06 1.773E+07 34.5337 1.00000
  1.259E+12 1.259E+12 3.757E+00 2.827E+04 6.797E+05 6.053E+05 1.313E+06 1.313E+06 1.784E+07 34.7640 1.00000
  1.413E+12 1.413E+12 3.775E+00 3.172E+04 7.626E+05 6.945E+05 1.489E+06 1.489E+06 1.795E+07 34.9942 1.00000
  1.585E+12 1.585E+12 3.793E+00 3.559E+04 8.556E+05 7.969E+05 1.688E+06 1.688E+06 1.806E+07 35.2245 1.00000
  1.778E+12 1.778E+12 3.811E+00 3.993E+04 9.600E+05 9.144E+05 1.914E+06 1.914E+06 1.817E+07 35.4547 1.00000
  1.995E+12 1.995E+12 3.829E+00 4.480E+04 1.077E+06 1.049E+06 2.171E+06 2.171E+06 1.827E+07 35.6850 1.00000
  2.239E+12 2.239E+12 3.848E+00 5.027E+04 1.209E+06 1.204E+06 2.463E+06 2.463E+06 1.838E+07 35.9152 1.00000
  2.512E+12 2.512E+12 3.866E+00 5.640E+04 1.356E+06 1.382E+06 2.795E+06 2.795E+06 1.848E+07 36.1455 1.00000
  2.818E+12 2.818E+12 3.885E+00 6.329E+04 1.522E+06 1.586E+06 3.171E+06 3.171E+06 1.858E+07 36.3758 1.00000
  3.162E+12 3.162E+12 3.904E+00 7.101E+04 1.707E+06 1.821E+06 3.599E+06 3.599E+06 1.869E+07 36.6060 1.00000
  3.548E+12 3.548E+12 3.922E+00 7.967E+04 1.915E+06 2.090E+06 4.085E+06 4.085E+06 1.879E+07 36.8363 1.00000
  3.981E+12 3.981E+12 3.941E+00 8.940E+04 2.149E+06 2.399E+06 4.638E+06 4.638E+06 1.889E+07 37.0665 1.00000
  4.467E+12 4.467E+12 3.961E+00 1.003E+05 2.411E+06 2.754E+06 5.266E+06 5.266E+06 1.898E+07 37.2968 1.00000
  5.012E+12 5.012E+12 3.980E+00 1.125E+05 2.706E+06 3.162E+06 5.980E+06 5.980E+06 1.908E+07 37.5271 1.00000
  5.623E+12 5.623E+12 3.999E+00 1.263E+05 3.036E+06 3.630E+06 6.792E+06 6.792E+06 1.918E+07 37.7573 1.00000
  6.310E+12 6.310E+12 4.018E+00 1.417E+05 3.406E+06 4.168E+06 7.716E+06 7.716E+06 1.927E+07 37.9876 1.00000
  7.079E+12 7.079E+12 4.038E+00 1.590E+05 3.822E+06 4.786E+06 8.766E+06 8.766E+06 1.937E+07 38.2178 1.00000
  7.943E+12 7.943E+12 4.057E+00 1.784E+05 4.288E+06 5.495E+06 9.962E+06 9.962E+06 1.946E+07 38.4481 1.00000
  8.913E+12 8.913E+12 4.077E+00 2.001E+05 4.811E+06 6.310E+06 1.132E+07 1.132E+07 1.955E+07 38.6783 1.00000
  1.000E+13 1.000E+13 4.097E+00 2.246E+05 5.398E+06 7.246E+06 1.287E+07 1.287E+07 1.964E+07 38.9086 1.00000
  1.122E+13 1.122E+13 4.117E+00 2.520E+05 6.057E+06 8.322E+06 1.463E+07 1.463E+07 1.973E+07 39.1389 1.00000
  1.259E+13 1.259E+13 4.137E+00 2.827E+05 6.796E+06 9.558E+06 1.664E+07 1.664E+07 1.982E+07 39.3691 1.00000
  1.413E+13 1.413E+13 4.157E+00 3.172E+05 7.625E+06 1.098E+07 1.892E+07 1.892E+07 1.990E+07 39.5994 1.00000
  1.585E+13 1.585E+13 4.177E+00 3.559E+05 8.556E+06 1.261E+07 2.152E+07 2.152E+07 1.999E+07 39.8296 1.00000
  1.778E+13 1.778E+13 4.198E+00 3.993E+05 9.600E+06 1.448E+07 2.448E+07 2.448E+07 2.007E+07 40.0599 1.00000
  1.995E+13 1.995E+13 4.218E+00 4.481E+05 1.077E+07 1.664E+07 2.786E+07 2.786E+07 2.016E+07 40.2902 1.00000
  2.239E+13 2.239E+13 4.239E+00 5.027E+05 1.209E+07 1.911E+07 3.170E+07 3.170E+07 2.024E+07 40.5204 1.00000
  2.512E+13 2.512E+13 4.259E+00 5.641E+05 1.356E+07 2.196E+07 3.608E+07 3.608E+07 2.032E+07 40.7507 1.00000
  2.818E+13 2.818E+13 4.280E+00 6.329E+05 1.521E+07 2.522E+07 4.107E+07 4.107E+07 2.040E+07 40.9809 1.00000
  3.162E+13 3.162E+13 4.301E+00 7.101E+05 1.707E+07 2.898E+07 4.676E+07 4.676E+07 2.048E+07 41.2112 1.00000
  3.548E+13 3.548E+13 4.322E+00 7.968E+05 1.915E+07 3.330E+07 5.325E+07 5.325E+07 2.055E+07 41.4415 1.00000
  3.981E+13 3.981E+13 4.343E+00 8.940E+05 2.149E+07 3.826E+07 6.065E+07 6.065E+07 2.063E+07 41.6717 1.00000
  4.467E+13 4.467E+13 4.364E+00 1.003E+06 2.411E+07 4.397E+07 6.908E+07 6.908E+07 2.070E+07 41.9020 1.00000
  5.012E+13 5.012E+13 4.386E+00 1.126E+06 2.705E+07 5.052E+07 7.870E+07 7.870E+07 2.078E+07 42.1322 1.00000
  5.623E+13 5.623E+13 4.407E+00 1.263E+06 3.036E+07 5.806E+07 8.968E+07 8.968E+07 2.085E+07 42.3625 1.00000
  6.310E+13 6.310E+13 4.429E+00 1.417E+06 3.406E+07 6.673E+07 1.022E+08 1.022E+08 2.092E+07 42.5927 1.00000
  7.079E+13 7.079E+13 4.450E+00 1.590E+06 3.822E+07 7.669E+07 1.165E+08 1.165E+08 2.099E+07 42.8230 1.00000
  7.943E+13 7.943E+13 4.472E+00 1.784E+06 4.288E+07 8.815E+07 1.328E+08 1.328E+08 2.106E+07 43.0533 1.00000
  8.913E+13 8.913E+13 4.494E+00 2.001E+06 4.811E+07 1.013E+08 1.514E+08 1.514E+08 2.113E+07 43.2835 1.00000
  1.000E+14 1.000E+14 4.516E+00 2.246E+06 5.398E+07 1.165E+08 1.727E+08 1.727E+08 2.120E+07 43.5138 1.00000
  1.122E+14 1.122E+14 4.538E+00 2.520E+06 6.057E+07 1.339E+08 1.970E+08 1.970E+08 2.126E+07 43.7440 1.00000
  1.259E+14 1.259E+14 4.561E+00 2.827E+06 6.796E+07 1.539E+08 2.247E+08 2.247E+08 2.133E+07 43.9743 1.00000
  1.413E+14 1.413E+14 4.583E+00 3.172E+06 7.625E+07 1.769E+08 2.563E+08 2.563E+08 2.139E+07 44.2046 1.00000
  1.585E+14 1.585E+14 4.605E+00 3.559E+06 8.555E+07 2.034E+08 2.925E+08 2.925E+08 2.146E+07 44.4348 1.00000
  1.778E+14 1.778E+14 4.628E+00 3.993E+06 9.599E+07 2.339E+08 3.338E+08 3.338E+08 2.152E+07 44.6651 1.00000
  1.995E+14 1.995E+14 4.651E+00 4.481E+06 1.077E+08 2.689E+08 3.811E+08 3.811E+08 2.158E+07 44.8953 1.00000
  2.239E+14 2.239E+14 4.674E+00 5.028E+06 1.208E+08 3.092E+08 4.350E+08 4.350E+08 2.164E+07 45.1256 1.00000
  2.512E+14 2.512E+14 4.697E+00 5.641E+06 1.356E+08 3.555E+08 4.967E+08 4.967E+08 2.170E+07 45.3558 1.00000
  2.818E+14 2.818E+14 4.720E+00 6.329E+06 1.521E+08 4.088E+08 5.673E+08 5.673E+08 2.176E+07 45.5861 1.00000
  3.162E+14 3.162E+14 4.743E+00 7.102E+06 1.707E+08 4.701E+08 6.479E+08 6.479E+08 2.181E+07 45.8164 1.00000
  3.548E+14 3.548E+14 4.766E+00 7.968E+06 1.915E+08 5.406E+08 7.401E+08 7.401E+08 2.187E+07 46.0466 1.00000
  3.981E+14 3.981E+14 4.790E+00 8.940E+06 2.149E+08 6.218E+08 8.456E+08 8.456E+08 2.192E+07 46.2769 1.00000
  4.467E+14 4.467E+14 4.814E+00 1.003E+07 2.411E+08 7.151E+08 9.663E+08 9.663E+08 2.198E+07 46.5071 1.00000
  5.012E+14 5.012E+14 4.837E+00 1.126E+07 2.705E+08 8.225E+08 1.104E+09 1.104E+09 2.203E+07 46.7374 1.00000
  5.623E+14 5.623E+14 4.861E+00 1.263E+07 3.035E+08 9.461E+08 1.262E+09 1.262E+09 2.208E+07 46.9677 1.00000
  6.310E+14 6.310E+14 4.885E+00 1.417E+07 3.406E+08 1.088E+09 1.443E+09 1.443E+09 2.213E+07 47.1979 1.00000
  7.079E+14 7.079E+14 4.909E+00 1.590E+07 3.821E+08 1.252E+09 1.650E+09 1.650E+09 2.218E+07 47.4282 1.00000
  7.943E+14 7.943E+14 4.933E+00 1.784E+07 4.287E+08 1.440E+09 1.887E+09 1.887E+09 2.223E+07 47.6584 1.00000
  8.913E+14 8.913E+14 4.958E+00 2.001E+07 4.810E+08 1.657E+09 2.158E+09 2.158E+09 2.228E+07 47.8887 1.00000
  1.000E+15 1.000E+15 4.982E+00 2.246E+07 5.397E+08 1.906E+09 2.468E+09 2.468E+09 2.233E+07 48.1189 1.00000
