 Incident particle is a Tau with M = 1776.82000 MeV
 Index = 0: Protactinium
      Absorber with <Z/A> = 0.39388
 Density effect computed following Fano (1963)
 Models for Radloss: brems =  SSR, pair =  SSR, photonuc = DRSS

 *** Table generated with PUMAS v1.1 ***

      T         p     Ionization  brems     pair     photonuc  Radloss    dE/dx   CSDA Range  delta   beta
    [MeV]    [MeV/c]  -----------------------[MeV cm^2/g]------------------------  [g/cm^2]
  1.000E+05 1.018E+05 1.548E+00 2.361E-04 2.042E-02 6.094E-03 2.675E-02 1.575E+00 3.175E+04  2.8527 0.99985
  1.122E+05 1.140E+05 1.566E+00 2.879E-04 2.445E-02 6.866E-03 3.161E-02 1.598E+00 3.944E+04  3.0162 0.99988
  1.259E+05 1.277E+05 1.584E+00 3.504E-04 2.919E-02 7.718E-03 3.726E-02 1.621E+00 4.795E+04  3.1838 0.99990
  1.413E+05 1.430E+05 1.601E+00 4.257E-04 3.475E-02 8.652E-03 4.382E-02 1.645E+00 5.735E+04  3.3553 0.99992
  1.585E+05 1.603E+05 1.619E+00 5.163E-04 4.125E-02 9.706E-03 5.148E-02 1.670E+00 6.775E+04  3.5308 0.99994
  1.778E+05 1.796E+05 1.636E+00 6.251E-04 4.886E-02 1.086E-02 6.035E-02 1.696E+00 7.924E+04  3.7100 0.99995
  1.995E+05 2.013E+05 1.653E+00 7.554E-04 5.773E-02 1.217E-02 7.065E-02 1.724E+00 9.193E+04  3.8930 0.99996
  2.239E+05 2.256E+05 1.670E+00 9.111E-04 6.805E-02 1.361E-02 8.257E-02 1.752E+00 1.059E+05  4.0795 0.99997
  2.512E+05 2.530E+05 1.686E+00 1.097E-03 8.005E-02 1.520E-02 9.634E-02 1.783E+00 1.214E+05  4.2694 0.99998
  2.818E+05 2.836E+05 1.703E+00 1.318E-03 9.396E-02 1.699E-02 1.123E-01 1.815E+00 1.384E+05  4.4623 0.99998
  3.162E+05 3.180E+05 1.719E+00 1.580E-03 1.101E-01 1.900E-02 1.307E-01 1.850E+00 1.572E+05  4.6582 0.99998
  3.548E+05 3.566E+05 1.735E+00 1.891E-03 1.287E-01 2.124E-02 1.518E-01 1.887E+00 1.778E+05  4.8567 0.99999
  3.981E+05 3.999E+05 1.751E+00 2.259E-03 1.502E-01 2.372E-02 1.762E-01 1.928E+00 2.005E+05  5.0577 0.99999
  4.467E+05 4.485E+05 1.767E+00 2.693E-03 1.751E-01 2.651E-02 2.043E-01 1.972E+00 2.254E+05  5.2611 0.99999
  5.012E+05 5.030E+05 1.783E+00 3.204E-03 2.036E-01 2.961E-02 2.364E-01 2.019E+00 2.528E+05  5.4666 0.99999
  5.623E+05 5.641E+05 1.799E+00 3.806E-03 2.365E-01 3.310E-02 2.734E-01 2.072E+00 2.827E+05  5.6743 1.00000
  6.310E+05 6.327E+05 1.814E+00 4.511E-03 2.742E-01 3.703E-02 3.157E-01 2.130E+00 3.153E+05  5.8840 1.00000
  7.079E+05 7.097E+05 1.829E+00 5.340E-03 3.174E-01 4.145E-02 3.642E-01 2.193E+00 3.509E+05  6.0955 1.00000
  7.943E+05 7.961E+05 1.844E+00 6.308E-03 3.669E-01 4.640E-02 4.196E-01 2.264E+00 3.897E+05  6.3088 1.00000
  8.913E+05 8.930E+05 1.859E+00 7.439E-03 4.236E-01 5.195E-02 4.829E-01 2.342E+00 4.318E+05  6.5238 1.00000
  1.000E+06 1.002E+06 1.874E+00 8.759E-03 4.883E-01 5.824E-02 5.553E-01 2.429E+00 4.774E+05  6.7403 1.00000
  1.122E+06 1.124E+06 1.889E+00 1.030E-02 5.621E-01 6.529E-02 6.377E-01 2.526E+00 5.266E+05  6.9583 1.00000
  1.259E+06 1.261E+06 1.903E+00 1.209E-02 6.464E-01 7.329E-02 7.317E-01 2.635E+00 5.797E+05  7.1775 1.00000
  1.413E+06 1.414E+06 1.917E+00 1.417E-02 7.423E-01 8.229E-02 8.388E-01 2.756E+00 6.367E+05  7.3978 1.00000
  1.585E+06 1.587E+06 1.932E+00 1.658E-02 8.515E-01 9.249E-02 9.605E-01 2.892E+00 6.977E+05  7.6192 1.00000
  1.778E+06 1.780E+06 1.946E+00 1.937E-02 9.756E-01 1.040E-01 1.099E+00 3.045E+00 7.629E+05  7.8415 1.00000
  1.995E+06 1.997E+06 1.960E+00 2.261E-02 1.117E+00 1.170E-01 1.256E+00 3.216E+00 8.322E+05  8.0645 1.00000
  2.239E+06 2.240E+06 1.973E+00 2.636E-02 1.277E+00 1.318E-01 1.435E+00 3.408E+00 9.057E+05  8.2883 1.00000
  2.512E+06 2.514E+06 1.987E+00 3.068E-02 1.458E+00 1.486E-01 1.637E+00 3.624E+00 9.835E+05  8.5128 1.00000
  2.818E+06 2.820E+06 2.000E+00 3.566E-02 1.664E+00 1.676E-01 1.867E+00 3.867E+00 1.065E+06  8.7378 1.00000
  3.162E+06 3.164E+06 2.014E+00 4.142E-02 1.897E+00 1.891E-01 2.127E+00 4.141E+00 1.151E+06  8.9634 1.00000
  3.548E+06 3.550E+06 2.027E+00 4.807E-02 2.160E+00 2.136E-01 2.422E+00 4.449E+00 1.241E+06  9.1896 1.00000
  3.981E+06 3.983E+06 2.040E+00 5.571E-02 2.458E+00 2.414E-01 2.755E+00 4.795E+00 1.335E+06  9.4162 1.00000
  4.467E+06 4.469E+06 2.053E+00 6.450E-02 2.795E+00 2.729E-01 3.133E+00 5.185E+00 1.432E+06  9.6433 1.00000
  5.012E+06 5.014E+06 2.065E+00 7.458E-02 3.176E+00 3.089E-01 3.559E+00 5.624E+00 1.533E+06  9.8707 1.00000
  5.623E+06 5.625E+06 2.078E+00 8.615E-02 3.606E+00 3.497E-01 4.041E+00 6.119E+00 1.637E+06 10.0986 1.00000
  6.310E+06 6.311E+06 2.090E+00 9.941E-02 4.091E+00 3.962E-01 4.586E+00 6.676E+00 1.745E+06 10.3269 1.00000
  7.079E+06 7.081E+06 2.102E+00 1.147E-01 4.638E+00 4.491E-01 5.202E+00 7.304E+00 1.855E+06 10.5554 1.00000
  7.943E+06 7.945E+06 2.114E+00 1.321E-01 5.255E+00 5.093E-01 5.896E+00 8.011E+00 1.968E+06 10.7842 1.00000
  8.913E+06 8.914E+06 2.126E+00 1.522E-01 5.950E+00 5.779E-01 6.680E+00 8.807E+00 2.083E+06 11.0133 1.00000
  1.000E+07 1.000E+07 2.138E+00 1.751E-01 6.734E+00 6.561E-01 7.565E+00 9.703E+00 2.201E+06 11.2426 1.00000
  1.122E+07 1.122E+07 2.150E+00 2.012E-01 7.617E+00 7.451E-01 8.563E+00 1.071E+01 2.320E+06 11.4720 1.00000
  1.259E+07 1.259E+07 2.162E+00 2.311E-01 8.611E+00 8.466E-01 9.688E+00 1.185E+01 2.442E+06 11.7016 1.00000
  1.413E+07 1.413E+07 2.173E+00 2.652E-01 9.729E+00 9.622E-01 1.096E+01 1.313E+01 2.565E+06 11.9314 1.00000
  1.585E+07 1.585E+07 2.184E+00 3.042E-01 1.099E+01 1.094E+00 1.239E+01 1.457E+01 2.689E+06 12.1612 1.00000
  1.778E+07 1.778E+07 2.196E+00 3.486E-01 1.241E+01 1.244E+00 1.400E+01 1.619E+01 2.815E+06 12.3911 1.00000
  1.995E+07 1.995E+07 2.207E+00 3.992E-01 1.400E+01 1.416E+00 1.581E+01 1.802E+01 2.942E+06 12.6211 1.00000
  2.239E+07 2.239E+07 2.218E+00 4.568E-01 1.579E+01 1.612E+00 1.786E+01 2.008E+01 3.070E+06 12.8511 1.00000
  2.512E+07 2.512E+07 2.229E+00 5.224E-01 1.781E+01 1.835E+00 2.016E+01 2.239E+01 3.199E+06 13.0812 1.00000
  2.818E+07 2.819E+07 2.240E+00 5.970E-01 2.007E+01 2.090E+00 2.276E+01 2.500E+01 3.328E+06 13.3113 1.00000
  3.162E+07 3.162E+07 2.251E+00 6.818E-01 2.262E+01 2.380E+00 2.568E+01 2.793E+01 3.459E+06 13.5414 1.00000
  3.548E+07 3.548E+07 2.262E+00 7.783E-01 2.548E+01 2.712E+00 2.897E+01 3.123E+01 3.589E+06 13.7716 1.00000
  3.981E+07 3.981E+07 2.273E+00 8.880E-01 2.870E+01 3.091E+00 3.268E+01 3.495E+01 3.720E+06 14.0018 1.00000
  4.467E+07 4.467E+07 2.284E+00 1.013E+00 3.231E+01 3.523E+00 3.685E+01 3.913E+01 3.851E+06 14.2320 1.00000
  5.012E+07 5.012E+07 2.295E+00 1.154E+00 3.637E+01 4.017E+00 4.154E+01 4.384E+01 3.983E+06 14.4622 1.00000
  5.623E+07 5.624E+07 2.306E+00 1.314E+00 4.093E+01 4.581E+00 4.682E+01 4.913E+01 4.115E+06 14.6924 1.00000
  6.310E+07 6.310E+07 2.317E+00 1.496E+00 4.605E+01 5.225E+00 5.277E+01 5.509E+01 4.246E+06 14.9226 1.00000
  7.079E+07 7.080E+07 2.328E+00 1.702E+00 5.180E+01 5.960E+00 5.946E+01 6.179E+01 4.378E+06 15.1528 1.00000
  7.943E+07 7.943E+07 2.339E+00 1.935E+00 5.826E+01 6.800E+00 6.700E+01 6.934E+01 4.510E+06 15.3831 1.00000
  8.913E+07 8.913E+07 2.350E+00 2.199E+00 6.551E+01 7.760E+00 7.547E+01 7.782E+01 4.642E+06 15.6133 1.00000
  1.000E+08 1.000E+08 2.361E+00 2.498E+00 7.366E+01 8.856E+00 8.501E+01 8.737E+01 4.774E+06 15.8436 1.00000
  1.122E+08 1.122E+08 2.372E+00 2.836E+00 8.280E+01 1.011E+01 9.574E+01 9.812E+01 4.906E+06 16.0738 1.00000
  1.259E+08 1.259E+08 2.383E+00 3.218E+00 9.306E+01 1.154E+01 1.078E+02 1.102E+02 5.037E+06 16.3040 1.00000
  1.413E+08 1.413E+08 2.394E+00 3.650E+00 1.046E+02 1.317E+01 1.214E+02 1.238E+02 5.169E+06 16.5343 1.00000
  1.585E+08 1.585E+08 2.405E+00 4.138E+00 1.175E+02 1.504E+01 1.367E+02 1.391E+02 5.300E+06 16.7645 1.00000
  1.778E+08 1.778E+08 2.417E+00 4.689E+00 1.320E+02 1.718E+01 1.539E+02 1.563E+02 5.431E+06 16.9948 1.00000
  1.995E+08 1.995E+08 2.428E+00 5.312E+00 1.483E+02 1.962E+01 1.733E+02 1.757E+02 5.562E+06 17.2251 1.00000
  2.239E+08 2.239E+08 2.439E+00 6.013E+00 1.666E+02 2.241E+01 1.950E+02 1.975E+02 5.692E+06 17.4553 1.00000
  2.512E+08 2.512E+08 2.450E+00 6.805E+00 1.872E+02 2.560E+01 2.196E+02 2.220E+02 5.823E+06 17.6856 1.00000
  2.818E+08 2.818E+08 2.462E+00 7.698E+00 2.102E+02 2.924E+01 2.471E+02 2.496E+02 5.953E+06 17.9158 1.00000
  3.162E+08 3.162E+08 2.473E+00 8.705E+00 2.360E+02 3.341E+01 2.782E+02 2.806E+02 6.083E+06 18.1461 1.00000
  3.548E+08 3.548E+08 2.484E+00 9.840E+00 2.651E+02 3.817E+01 3.131E+02 3.156E+02 6.212E+06 18.3763 1.00000
  3.981E+08 3.981E+08 2.496E+00 1.112E+01 2.976E+02 4.362E+01 3.524E+02 3.549E+02 6.342E+06 18.6066 1.00000
  4.467E+08 4.467E+08 2.507E+00 1.256E+01 3.342E+02 4.985E+01 3.966E+02 3.991E+02 6.471E+06 18.8368 1.00000
  5.012E+08 5.012E+08 2.519E+00 1.418E+01 3.752E+02 5.697E+01 4.463E+02 4.489E+02 6.599E+06 19.0671 1.00000
  5.623E+08 5.623E+08 2.531E+00 1.600E+01 4.212E+02 6.511E+01 5.023E+02 5.049E+02 6.728E+06 19.2974 1.00000
  6.310E+08 6.310E+08 2.542E+00 1.806E+01 4.729E+02 7.443E+01 5.654E+02 5.679E+02 6.856E+06 19.5276 1.00000
  7.079E+08 7.079E+08 2.554E+00 2.037E+01 5.308E+02 8.508E+01 6.363E+02 6.388E+02 6.984E+06 19.7579 1.00000
  7.943E+08 7.943E+08 2.566E+00 2.297E+01 5.959E+02 9.726E+01 7.161E+02 7.187E+02 7.111E+06 19.9881 1.00000
  8.913E+08 8.913E+08 2.578E+00 2.589E+01 6.688E+02 1.112E+02 8.059E+02 8.085E+02 7.238E+06 20.2184 1.00000
  1.000E+09 1.000E+09 2.590E+00 2.918E+01 7.507E+02 1.271E+02 9.071E+02 9.096E+02 7.365E+06 20.4486 1.00000
  1.122E+09 1.122E+09 2.602E+00 3.288E+01 8.426E+02 1.454E+02 1.021E+03 1.023E+03 7.491E+06 20.6789 1.00000
  1.259E+09 1.259E+09 2.614E+00 3.704E+01 9.457E+02 1.662E+02 1.149E+03 1.152E+03 7.617E+06 20.9092 1.00000
  1.413E+09 1.413E+09 2.626E+00 4.171E+01 1.061E+03 1.901E+02 1.293E+03 1.296E+03 7.743E+06 21.1394 1.00000
  1.585E+09 1.585E+09 2.638E+00 4.696E+01 1.191E+03 2.174E+02 1.456E+03 1.458E+03 7.868E+06 21.3697 1.00000
  1.778E+09 1.778E+09 2.650E+00 5.286E+01 1.337E+03 2.487E+02 1.638E+03 1.641E+03 7.993E+06 21.5999 1.00000
  1.995E+09 1.995E+09 2.663E+00 5.950E+01 1.500E+03 2.844E+02 1.844E+03 1.847E+03 8.118E+06 21.8302 1.00000
  2.239E+09 2.239E+09 2.675E+00 6.694E+01 1.684E+03 3.253E+02 2.076E+03 2.079E+03 8.242E+06 22.0605 1.00000
  2.512E+09 2.512E+09 2.688E+00 7.531E+01 1.890E+03 3.722E+02 2.337E+03 2.340E+03 8.366E+06 22.2907 1.00000
  2.818E+09 2.818E+09 2.700E+00 8.471E+01 2.120E+03 4.258E+02 2.631E+03 2.634E+03 8.489E+06 22.5210 1.00000
  3.162E+09 3.162E+09 2.713E+00 9.526E+01 2.380E+03 4.871E+02 2.962E+03 2.965E+03 8.612E+06 22.7512 1.00000
  3.548E+09 3.548E+09 2.725E+00 1.071E+02 2.670E+03 5.573E+02 3.335E+03 3.337E+03 8.735E+06 22.9815 1.00000
  3.981E+09 3.981E+09 2.738E+00 1.204E+02 2.996E+03 6.377E+02 3.755E+03 3.757E+03 8.857E+06 23.2117 1.00000
  4.467E+09 4.467E+09 2.751E+00 1.354E+02 3.362E+03 7.297E+02 4.228E+03 4.230E+03 8.979E+06 23.4420 1.00000
  5.012E+09 5.012E+09 2.764E+00 1.522E+02 3.773E+03 8.350E+02 4.760E+03 4.763E+03 9.100E+06 23.6723 1.00000
  5.623E+09 5.623E+09 2.777E+00 1.710E+02 4.234E+03 9.556E+02 5.360E+03 5.363E+03 9.221E+06 23.9025 1.00000
  6.310E+09 6.310E+09 2.790E+00 1.921E+02 4.751E+03 1.094E+03 6.037E+03 6.039E+03 9.342E+06 24.1328 1.00000
  7.079E+09 7.079E+09 2.803E+00 2.159E+02 5.331E+03 1.252E+03 6.799E+03 6.801E+03 9.462E+06 24.3630 1.00000
  7.943E+09 7.943E+09 2.816E+00 2.425E+02 5.982E+03 1.433E+03 7.657E+03 7.660E+03 9.581E+06 24.5933 1.00000
  8.913E+09 8.913E+09 2.829E+00 2.724E+02 6.712E+03 1.640E+03 8.625E+03 8.628E+03 9.700E+06 24.8235 1.00000
  1.000E+10 1.000E+10 2.843E+00 3.060E+02 7.532E+03 1.877E+03 9.715E+03 9.718E+03 9.819E+06 25.0538 1.00000
  1.122E+10 1.122E+10 2.856E+00 3.437E+02 8.451E+03 2.149E+03 1.094E+04 1.095E+04 9.937E+06 25.2840 1.00000
  1.259E+10 1.259E+10 2.870E+00 3.860E+02 9.483E+03 2.460E+03 1.233E+04 1.233E+04 1.006E+07 25.5143 1.00000
  1.413E+10 1.413E+10 2.883E+00 4.335E+02 1.064E+04 2.817E+03 1.389E+04 1.389E+04 1.017E+07 25.7446 1.00000
  1.585E+10 1.585E+10 2.897E+00 4.868E+02 1.194E+04 3.225E+03 1.565E+04 1.565E+04 1.029E+07 25.9747 1.00000
  1.778E+10 1.778E+10 2.911E+00 5.465E+02 1.340E+04 3.693E+03 1.764E+04 1.764E+04 1.041E+07 26.2050 1.00000
  1.995E+10 1.995E+10 2.924E+00 6.136E+02 1.503E+04 4.229E+03 1.987E+04 1.988E+04 1.052E+07 26.4352 1.00000
  2.239E+10 2.239E+10 2.938E+00 6.889E+02 1.687E+04 4.843E+03 2.240E+04 2.240E+04 1.064E+07 26.6651 1.00000
  2.512E+10 2.512E+10 2.952E+00 7.734E+02 1.892E+04 5.547E+03 2.524E+04 2.525E+04 1.075E+07 26.8954 1.00000
  2.818E+10 2.818E+10 2.966E+00 8.683E+02 2.123E+04 6.352E+03 2.845E+04 2.846E+04 1.087E+07 27.1256 1.00000
  3.162E+10 3.162E+10 2.980E+00 9.747E+02 2.383E+04 7.276E+03 3.208E+04 3.208E+04 1.098E+07 27.3544 1.00000
  3.548E+10 3.548E+10 2.995E+00 1.094E+03 2.673E+04 8.334E+03 3.616E+04 3.616E+04 1.109E+07 27.5846 1.00000
  3.981E+10 3.981E+10 3.009E+00 1.228E+03 3.000E+04 9.547E+03 4.077E+04 4.077E+04 1.121E+07 27.8149 1.00000
  4.467E+10 4.467E+10 3.023E+00 1.378E+03 3.366E+04 1.094E+04 4.597E+04 4.597E+04 1.132E+07 28.0451 1.00000
  5.012E+10 5.012E+10 3.038E+00 1.547E+03 3.776E+04 1.253E+04 5.184E+04 5.184E+04 1.143E+07 28.2689 1.00000
  5.623E+10 5.623E+10 3.053E+00 1.736E+03 4.237E+04 1.435E+04 5.846E+04 5.846E+04 1.154E+07 28.4992 1.00000
  6.310E+10 6.310E+10 3.067E+00 1.949E+03 4.754E+04 1.645E+04 6.594E+04 6.594E+04 1.165E+07 28.7294 1.00000
  7.079E+10 7.079E+10 3.084E+00 2.187E+03 5.334E+04 1.884E+04 7.437E+04 7.438E+04 1.176E+07 28.9305 1.00000
  7.943E+10 7.943E+10 3.098E+00 2.455E+03 5.985E+04 2.159E+04 8.390E+04 8.390E+04 1.187E+07 29.1608 1.00000
  8.913E+10 8.913E+10 3.113E+00 2.755E+03 6.716E+04 2.474E+04 9.465E+04 9.466E+04 1.198E+07 29.3910 1.00000
  1.000E+11 1.000E+11 3.128E+00 3.091E+03 7.535E+04 2.835E+04 1.068E+05 1.068E+05 1.209E+07 29.6213 1.00000
  1.122E+11 1.122E+11 3.143E+00 3.469E+03 8.455E+04 3.250E+04 1.205E+05 1.205E+05 1.219E+07 29.8516 1.00000
  1.259E+11 1.259E+11 3.168E+00 3.893E+03 9.486E+04 3.724E+04 1.360E+05 1.360E+05 1.230E+07 29.9264 1.00000
  1.413E+11 1.413E+11 3.183E+00 4.369E+03 1.064E+05 4.269E+04 1.535E+05 1.535E+05 1.241E+07 30.1566 1.00000
  1.585E+11 1.585E+11 3.198E+00 4.903E+03 1.194E+05 4.893E+04 1.733E+05 1.733E+05 1.251E+07 30.3869 1.00000
  1.778E+11 1.778E+11 3.213E+00 5.501E+03 1.340E+05 5.609E+04 1.956E+05 1.956E+05 1.262E+07 30.6171 1.00000
  1.995E+11 1.995E+11 3.229E+00 6.173E+03 1.504E+05 6.430E+04 2.208E+05 2.208E+05 1.272E+07 30.8474 1.00000
  2.239E+11 2.239E+11 3.244E+00 6.927E+03 1.687E+05 7.371E+04 2.493E+05 2.493E+05 1.283E+07 31.0776 1.00000
  2.512E+11 2.512E+11 3.260E+00 7.773E+03 1.893E+05 8.451E+04 2.816E+05 2.816E+05 1.293E+07 31.3079 1.00000
  2.818E+11 2.818E+11 3.276E+00 8.722E+03 2.124E+05 9.690E+04 3.180E+05 3.180E+05 1.303E+07 31.5382 1.00000
  3.162E+11 3.162E+11 3.291E+00 9.787E+03 2.383E+05 1.111E+05 3.592E+05 3.592E+05 1.313E+07 31.7684 1.00000
  3.548E+11 3.548E+11 3.307E+00 1.098E+04 2.674E+05 1.274E+05 4.057E+05 4.057E+05 1.323E+07 31.9987 1.00000
  3.981E+11 3.981E+11 3.323E+00 1.232E+04 3.000E+05 1.461E+05 4.584E+05 4.584E+05 1.333E+07 32.2289 1.00000
  4.467E+11 4.467E+11 3.339E+00 1.383E+04 3.366E+05 1.675E+05 5.180E+05 5.180E+05 1.343E+07 32.4592 1.00000
  5.012E+11 5.012E+11 3.355E+00 1.552E+04 3.777E+05 1.921E+05 5.853E+05 5.853E+05 1.353E+07 32.6895 1.00000
  5.623E+11 5.623E+11 3.372E+00 1.741E+04 4.238E+05 2.204E+05 6.615E+05 6.615E+05 1.363E+07 32.9197 1.00000
  6.310E+11 6.310E+11 3.388E+00 1.953E+04 4.755E+05 2.527E+05 7.477E+05 7.477E+05 1.373E+07 33.1500 1.00000
  7.079E+11 7.079E+11 3.404E+00 2.192E+04 5.335E+05 2.899E+05 8.453E+05 8.453E+05 1.383E+07 33.3802 1.00000
  7.943E+11 7.943E+11 3.421E+00 2.459E+04 5.986E+05 3.325E+05 9.557E+05 9.557E+05 1.392E+07 33.6105 1.00000
  8.913E+11 8.913E+11 3.437E+00 2.760E+04 6.716E+05 3.815E+05 1.081E+06 1.081E+06 1.402E+07 33.8407 1.00000
  1.000E+12 1.000E+12 3.454E+00 3.096E+04 7.535E+05 4.376E+05 1.222E+06 1.222E+06 1.411E+07 34.0710 1.00000
  1.122E+12 1.122E+12 3.471E+00 3.474E+04 8.455E+05 5.021E+05 1.382E+06 1.382E+06 1.421E+07 34.3013 1.00000
  1.259E+12 1.259E+12 3.488E+00 3.898E+04 9.487E+05 5.761E+05 1.564E+06 1.564E+06 1.430E+07 34.5315 1.00000
  1.413E+12 1.413E+12 3.505E+00 4.374E+04 1.064E+06 6.610E+05 1.769E+06 1.769E+06 1.439E+07 34.7618 1.00000
  1.585E+12 1.585E+12 3.522E+00 4.908E+04 1.194E+06 7.584E+05 2.002E+06 2.002E+06 1.448E+07 34.9920 1.00000
  1.778E+12 1.778E+12 3.539E+00 5.507E+04 1.340E+06 8.703E+05 2.265E+06 2.265E+06 1.457E+07 35.2223 1.00000
  1.995E+12 1.995E+12 3.556E+00 6.179E+04 1.504E+06 9.987E+05 2.564E+06 2.564E+06 1.466E+07 35.4526 1.00000
  2.239E+12 2.239E+12 3.574E+00 6.933E+04 1.687E+06 1.146E+06 2.902E+06 2.902E+06 1.475E+07 35.6828 1.00000
  2.512E+12 2.512E+12 3.591E+00 7.779E+04 1.893E+06 1.315E+06 3.286E+06 3.286E+06 1.484E+07 35.9131 1.00000
  2.818E+12 2.818E+12 3.609E+00 8.728E+04 2.124E+06 1.510E+06 3.721E+06 3.721E+06 1.493E+07 36.1433 1.00000
  3.162E+12 3.162E+12 3.626E+00 9.793E+04 2.383E+06 1.733E+06 4.214E+06 4.214E+06 1.501E+07 36.3736 1.00000
  3.548E+12 3.548E+12 3.644E+00 1.099E+05 2.674E+06 1.989E+06 4.773E+06 4.773E+06 1.510E+07 36.6038 1.00000
  3.981E+12 3.981E+12 3.662E+00 1.233E+05 3.000E+06 2.283E+06 5.406E+06 5.406E+06 1.519E+07 36.8341 1.00000
  4.467E+12 4.467E+12 3.680E+00 1.383E+05 3.366E+06 2.621E+06 6.125E+06 6.125E+06 1.527E+07 37.0644 1.00000
  5.012E+12 5.012E+12 3.698E+00 1.552E+05 3.777E+06 3.009E+06 6.941E+06 6.941E+06 1.535E+07 37.2946 1.00000
  5.623E+12 5.623E+12 3.716E+00 1.741E+05 4.237E+06 3.455E+06 7.866E+06 7.866E+06 1.544E+07 37.5249 1.00000
  6.310E+12 6.310E+12 3.734E+00 1.954E+05 4.754E+06 3.967E+06 8.917E+06 8.917E+06 1.552E+07 37.7551 1.00000
  7.079E+12 7.079E+12 3.752E+00 2.192E+05 5.334E+06 4.555E+06 1.011E+07 1.011E+07 1.560E+07 37.9854 1.00000
  7.943E+12 7.943E+12 3.771E+00 2.460E+05 5.985E+06 5.230E+06 1.146E+07 1.146E+07 1.568E+07 38.2157 1.00000
  8.913E+12 8.913E+12 3.789E+00 2.760E+05 6.716E+06 6.006E+06 1.300E+07 1.300E+07 1.576E+07 38.4459 1.00000
  1.000E+13 1.000E+13 3.808E+00 3.097E+05 7.535E+06 6.897E+06 1.474E+07 1.474E+07 1.584E+07 38.6762 1.00000
  1.122E+13 1.122E+13 3.827E+00 3.475E+05 8.454E+06 7.920E+06 1.672E+07 1.672E+07 1.592E+07 38.9064 1.00000
  1.259E+13 1.259E+13 3.846E+00 3.899E+05 9.486E+06 9.096E+06 1.897E+07 1.897E+07 1.599E+07 39.1367 1.00000
  1.413E+13 1.413E+13 3.865E+00 4.375E+05 1.064E+07 1.045E+07 2.153E+07 2.153E+07 1.607E+07 39.3670 1.00000
  1.585E+13 1.585E+13 3.884E+00 4.908E+05 1.194E+07 1.200E+07 2.443E+07 2.443E+07 1.614E+07 39.5972 1.00000
  1.778E+13 1.778E+13 3.903E+00 5.507E+05 1.340E+07 1.378E+07 2.773E+07 2.773E+07 1.622E+07 39.8275 1.00000
  1.995E+13 1.995E+13 3.922E+00 6.179E+05 1.503E+07 1.583E+07 3.149E+07 3.149E+07 1.629E+07 40.0577 1.00000
  2.239E+13 2.239E+13 3.941E+00 6.933E+05 1.687E+07 1.819E+07 3.575E+07 3.575E+07 1.636E+07 40.2880 1.00000
  2.512E+13 2.512E+13 3.961E+00 7.779E+05 1.893E+07 2.090E+07 4.060E+07 4.060E+07 1.644E+07 40.5182 1.00000
  2.818E+13 2.818E+13 3.980E+00 8.728E+05 2.124E+07 2.401E+07 4.612E+07 4.612E+07 1.651E+07 40.7485 1.00000
  3.162E+13 3.162E+13 4.000E+00 9.793E+05 2.383E+07 2.758E+07 5.239E+07 5.239E+07 1.658E+07 40.9788 1.00000
  3.548E+13 3.548E+13 4.020E+00 1.099E+06 2.673E+07 3.169E+07 5.953E+07 5.953E+07 1.664E+07 41.2090 1.00000
  3.981E+13 3.981E+13 4.040E+00 1.233E+06 3.000E+07 3.642E+07 6.765E+07 6.765E+07 1.671E+07 41.4393 1.00000
  4.467E+13 4.467E+13 4.060E+00 1.383E+06 3.366E+07 4.185E+07 7.688E+07 7.688E+07 1.678E+07 41.6695 1.00000
  5.012E+13 5.012E+13 4.080E+00 1.552E+06 3.776E+07 4.809E+07 8.740E+07 8.740E+07 1.685E+07 41.8998 1.00000
  5.623E+13 5.623E+13 4.100E+00 1.742E+06 4.237E+07 5.526E+07 9.937E+07 9.937E+07 1.691E+07 42.1301 1.00000
  6.310E+13 6.310E+13 4.120E+00 1.954E+06 4.754E+07 6.351E+07 1.130E+08 1.130E+08 1.698E+07 42.3603 1.00000
  7.079E+13 7.079E+13 4.141E+00 2.192E+06 5.334E+07 7.299E+07 1.285E+08 1.285E+08 1.704E+07 42.5906 1.00000
  7.943E+13 7.943E+13 4.161E+00 2.460E+06 5.985E+07 8.389E+07 1.462E+08 1.462E+08 1.710E+07 42.8208 1.00000
  8.913E+13 8.913E+13 4.182E+00 2.760E+06 6.715E+07 9.643E+07 1.663E+08 1.663E+08 1.717E+07 43.0511 1.00000
  1.000E+14 1.000E+14 4.202E+00 3.097E+06 7.534E+07 1.108E+08 1.893E+08 1.893E+08 1.723E+07 43.2813 1.00000
  1.122E+14 1.122E+14 4.223E+00 3.475E+06 8.454E+07 1.274E+08 2.154E+08 2.154E+08 1.729E+07 43.5116 1.00000
  1.259E+14 1.259E+14 4.244E+00 3.899E+06 9.485E+07 1.465E+08 2.452E+08 2.452E+08 1.735E+07 43.7419 1.00000
  1.413E+14 1.413E+14 4.265E+00 4.375E+06 1.064E+08 1.684E+08 2.792E+08 2.792E+08 1.741E+07 43.9721 1.00000
  1.585E+14 1.585E+14 4.286E+00 4.908E+06 1.194E+08 1.936E+08 3.179E+08 3.179E+08 1.746E+07 44.2024 1.00000
  1.778E+14 1.778E+14 4.308E+00 5.507E+06 1.340E+08 2.226E+08 3.621E+08 3.621E+08 1.752E+07 44.4326 1.00000
  1.995E+14 1.995E+14 4.329E+00 6.179E+06 1.503E+08 2.559E+08 4.124E+08 4.124E+08 1.758E+07 44.6629 1.00000
  2.239E+14 2.239E+14 4.351E+00 6.933E+06 1.687E+08 2.943E+08 4.699E+08 4.699E+08 1.763E+07 44.8932 1.00000
  2.512E+14 2.512E+14 4.372E+00 7.779E+06 1.892E+08 3.384E+08 5.354E+08 5.354E+08 1.769E+07 45.1234 1.00000
  2.818E+14 2.818E+14 4.394E+00 8.728E+06 2.123E+08 3.891E+08 6.102E+08 6.102E+08 1.774E+07 45.3537 1.00000
  3.162E+14 3.162E+14 4.416E+00 9.793E+06 2.382E+08 4.474E+08 6.955E+08 6.955E+08 1.779E+07 45.5839 1.00000
  3.548E+14 3.548E+14 4.438E+00 1.099E+07 2.673E+08 5.146E+08 7.929E+08 7.929E+08 1.784E+07 45.8142 1.00000
  3.981E+14 3.981E+14 4.460E+00 1.233E+07 2.999E+08 5.918E+08 9.041E+08 9.041E+08 1.790E+07 46.0444 1.00000
  4.467E+14 4.467E+14 4.482E+00 1.383E+07 3.365E+08 6.806E+08 1.031E+09 1.031E+09 1.795E+07 46.2747 1.00000
  5.012E+14 5.012E+14 4.504E+00 1.552E+07 3.776E+08 7.828E+08 1.176E+09 1.176E+09 1.800E+07 46.5050 1.00000
  5.623E+14 5.623E+14 4.527E+00 1.742E+07 4.237E+08 9.004E+08 1.342E+09 1.342E+09 1.804E+07 46.7352 1.00000
  6.310E+14 6.310E+14 4.549E+00 1.954E+07 4.754E+08 1.036E+09 1.531E+09 1.531E+09 1.809E+07 46.9655 1.00000
  7.079E+14 7.079E+14 4.572E+00 2.192E+07 5.333E+08 1.191E+09 1.747E+09 1.747E+09 1.814E+07 47.1957 1.00000
  7.943E+14 7.943E+14 4.595E+00 2.460E+07 5.984E+08 1.371E+09 1.994E+09 1.994E+09 1.819E+07 47.4260 1.00000
  8.913E+14 8.913E+14 4.618E+00 2.760E+07 6.714E+08 1.577E+09 2.276E+09 2.276E+09 1.823E+07 47.6563 1.00000
  1.000E+15 1.000E+15 4.641E+00 3.097E+07 7.534E+08 1.814E+09 2.598E+09 2.598E+09 1.828E+07 47.8865 1.00000
