 Incident particle is a Tau with M = 1776.82000 MeV
 Index = 0: PVC
      Absorber with <Z/A> = 0.51201
 Density effect computed following Fano (1963)
 Models for Radloss: brems =  SSR, pair =  SSR, photonuc = DRSS

 *** Table generated with PUMAS v1.1 ***

      T         p     Ionization  brems     pair     photonuc  Radloss    dE/dx   CSDA Range  delta   beta
    [MeV]    [MeV/c]  -----------------------[MeV cm^2/g]------------------------  [g/cm^2]
  1.000E+05 1.018E+05 2.231E+00 5.866E-05 3.481E-03 6.630E-03 1.017E-02 2.241E+00 2.231E+04  4.2658 0.99985
  1.122E+05 1.140E+05 2.251E+00 7.102E-05 4.189E-03 7.507E-03 1.177E-02 2.262E+00 2.773E+04  4.4700 0.99988
  1.259E+05 1.277E+05 2.271E+00 8.585E-05 5.024E-03 8.482E-03 1.359E-02 2.284E+00 3.375E+04  4.6764 0.99990
  1.413E+05 1.430E+05 2.291E+00 1.036E-04 6.006E-03 9.557E-03 1.567E-02 2.306E+00 4.045E+04  4.8849 0.99992
  1.585E+05 1.603E+05 2.310E+00 1.248E-04 7.160E-03 1.078E-02 1.806E-02 2.329E+00 4.788E+04  5.0952 0.99994
  1.778E+05 1.796E+05 2.330E+00 1.500E-04 8.512E-03 1.213E-02 2.079E-02 2.351E+00 5.615E+04  5.3070 0.99995
  1.995E+05 2.013E+05 2.350E+00 1.800E-04 1.009E-02 1.366E-02 2.393E-02 2.374E+00 6.533E+04  5.5203 0.99996
  2.239E+05 2.256E+05 2.370E+00 2.155E-04 1.194E-02 1.535E-02 2.750E-02 2.397E+00 7.554E+04  5.7349 0.99997
  2.512E+05 2.530E+05 2.389E+00 2.577E-04 1.409E-02 1.724E-02 3.159E-02 2.421E+00 8.688E+04  5.9508 0.99998
  2.818E+05 2.836E+05 2.409E+00 3.074E-04 1.660E-02 1.937E-02 3.628E-02 2.445E+00 9.947E+04  6.1680 0.99998
  3.162E+05 3.180E+05 2.428E+00 3.662E-04 1.951E-02 2.178E-02 4.165E-02 2.470E+00 1.135E+05  6.3863 0.99998
  3.548E+05 3.566E+05 2.448E+00 4.354E-04 2.288E-02 2.447E-02 4.778E-02 2.495E+00 1.290E+05  6.6059 0.99999
  3.981E+05 3.999E+05 2.467E+00 5.167E-04 2.679E-02 2.747E-02 5.478E-02 2.522E+00 1.463E+05  6.8266 0.99999
  4.467E+05 4.485E+05 2.486E+00 6.121E-04 3.131E-02 3.086E-02 6.278E-02 2.549E+00 1.654E+05  7.0483 0.99999
  5.012E+05 5.030E+05 2.505E+00 7.239E-04 3.654E-02 3.464E-02 7.190E-02 2.577E+00 1.867E+05  7.2712 0.99999
  5.623E+05 5.641E+05 2.524E+00 8.549E-04 4.256E-02 3.892E-02 8.234E-02 2.606E+00 2.103E+05  7.4950 1.00000
  6.310E+05 6.327E+05 2.543E+00 1.008E-03 4.951E-02 4.375E-02 9.426E-02 2.637E+00 2.365E+05  7.7198 1.00000
  7.079E+05 7.097E+05 2.562E+00 1.186E-03 5.749E-02 4.919E-02 1.079E-01 2.670E+00 2.655E+05  7.9453 1.00000
  7.943E+05 7.961E+05 2.580E+00 1.394E-03 6.667E-02 5.533E-02 1.234E-01 2.704E+00 2.976E+05  8.1716 1.00000
  8.913E+05 8.930E+05 2.599E+00 1.635E-03 7.721E-02 6.223E-02 1.411E-01 2.740E+00 3.332E+05  8.3986 1.00000
  1.000E+06 1.002E+06 2.617E+00 1.916E-03 8.929E-02 7.007E-02 1.613E-01 2.778E+00 3.726E+05  8.6261 1.00000
  1.122E+06 1.124E+06 2.635E+00 2.242E-03 1.031E-01 7.888E-02 1.842E-01 2.820E+00 4.162E+05  8.8540 1.00000
  1.259E+06 1.261E+06 2.653E+00 2.620E-03 1.189E-01 8.890E-02 2.105E-01 2.864E+00 4.644E+05  9.0824 1.00000
  1.413E+06 1.414E+06 2.671E+00 3.059E-03 1.370E-01 1.002E-01 2.403E-01 2.912E+00 5.176E+05  9.3111 1.00000
  1.585E+06 1.587E+06 2.689E+00 3.565E-03 1.577E-01 1.130E-01 2.743E-01 2.963E+00 5.763E+05  9.5400 1.00000
  1.778E+06 1.780E+06 2.707E+00 4.150E-03 1.812E-01 1.275E-01 3.129E-01 3.020E+00 6.409E+05  9.7692 1.00000
  1.995E+06 1.997E+06 2.724E+00 4.825E-03 2.081E-01 1.440E-01 3.569E-01 3.081E+00 7.120E+05  9.9986 1.00000
  2.239E+06 2.240E+06 2.742E+00 5.607E-03 2.386E-01 1.627E-01 4.070E-01 3.149E+00 7.902E+05 10.2282 1.00000
  2.512E+06 2.514E+06 2.759E+00 6.508E-03 2.733E-01 1.839E-01 4.638E-01 3.223E+00 8.759E+05 10.4578 1.00000
  2.818E+06 2.820E+06 2.776E+00 7.545E-03 3.128E-01 2.081E-01 5.285E-01 3.305E+00 9.699E+05 10.6876 1.00000
  3.162E+06 3.164E+06 2.793E+00 8.739E-03 3.577E-01 2.355E-01 6.019E-01 3.395E+00 1.073E+06 10.9175 1.00000
  3.548E+06 3.550E+06 2.810E+00 1.011E-02 4.085E-01 2.666E-01 6.852E-01 3.495E+00 1.185E+06 11.1474 1.00000
  3.981E+06 3.983E+06 2.826E+00 1.168E-02 4.662E-01 3.020E-01 7.798E-01 3.606E+00 1.306E+06 11.3774 1.00000
  4.467E+06 4.469E+06 2.843E+00 1.349E-02 5.316E-01 3.422E-01 8.872E-01 3.730E+00 1.439E+06 11.6074 1.00000
  5.012E+06 5.014E+06 2.859E+00 1.557E-02 6.055E-01 3.880E-01 1.009E+00 3.868E+00 1.582E+06 11.8375 1.00000
  5.623E+06 5.625E+06 2.875E+00 1.796E-02 6.893E-01 4.401E-01 1.147E+00 4.023E+00 1.737E+06 12.0676 1.00000
  6.310E+06 6.311E+06 2.891E+00 2.070E-02 7.840E-01 4.996E-01 1.304E+00 4.195E+00 1.904E+06 12.2977 1.00000
  7.079E+06 7.081E+06 2.907E+00 2.384E-02 8.910E-01 5.671E-01 1.482E+00 4.389E+00 2.084E+06 12.5278 1.00000
  7.943E+06 7.945E+06 2.923E+00 2.743E-02 1.012E+00 6.442E-01 1.684E+00 4.606E+00 2.276E+06 12.7580 1.00000
  8.913E+06 8.914E+06 2.938E+00 3.153E-02 1.148E+00 7.319E-01 1.912E+00 4.850E+00 2.481E+06 12.9882 1.00000
  1.000E+07 1.000E+07 2.953E+00 3.623E-02 1.303E+00 8.319E-01 2.171E+00 5.124E+00 2.699E+06 13.2183 1.00000
  1.122E+07 1.122E+07 2.969E+00 4.160E-02 1.476E+00 9.459E-01 2.464E+00 5.433E+00 2.930E+06 13.4485 1.00000
  1.259E+07 1.259E+07 2.984E+00 4.773E-02 1.673E+00 1.076E+00 2.796E+00 5.780E+00 3.175E+06 13.6787 1.00000
  1.413E+07 1.413E+07 2.999E+00 5.473E-02 1.894E+00 1.224E+00 3.172E+00 6.171E+00 3.432E+06 13.9090 1.00000
  1.585E+07 1.585E+07 3.013E+00 6.272E-02 2.143E+00 1.393E+00 3.598E+00 6.612E+00 3.702E+06 14.1392 1.00000
  1.778E+07 1.778E+07 3.028E+00 7.183E-02 2.423E+00 1.586E+00 4.081E+00 7.109E+00 3.984E+06 14.3694 1.00000
  1.995E+07 1.995E+07 3.043E+00 8.221E-02 2.739E+00 1.806E+00 4.627E+00 7.670E+00 4.277E+06 14.5996 1.00000
  2.239E+07 2.239E+07 3.057E+00 9.404E-02 3.095E+00 2.057E+00 5.246E+00 8.303E+00 4.582E+06 14.8299 1.00000
  2.512E+07 2.512E+07 3.072E+00 1.075E-01 3.495E+00 2.343E+00 5.946E+00 9.017E+00 4.898E+06 15.0601 1.00000
  2.818E+07 2.819E+07 3.086E+00 1.229E-01 3.946E+00 2.670E+00 6.738E+00 9.824E+00 5.224E+06 15.2903 1.00000
  3.162E+07 3.162E+07 3.100E+00 1.404E-01 4.453E+00 3.043E+00 7.636E+00 1.074E+01 5.558E+06 15.5206 1.00000
  3.548E+07 3.548E+07 3.115E+00 1.603E-01 5.023E+00 3.468E+00 8.651E+00 1.177E+01 5.902E+06 15.7508 1.00000
  3.981E+07 3.981E+07 3.129E+00 1.829E-01 5.664E+00 3.954E+00 9.801E+00 1.293E+01 6.252E+06 15.9811 1.00000
  4.467E+07 4.467E+07 3.143E+00 2.086E-01 6.384E+00 4.509E+00 1.110E+01 1.425E+01 6.610E+06 16.2113 1.00000
  5.012E+07 5.012E+07 3.157E+00 2.378E-01 7.195E+00 5.143E+00 1.258E+01 1.573E+01 6.974E+06 16.4416 1.00000
  5.623E+07 5.624E+07 3.172E+00 2.710E-01 8.105E+00 5.867E+00 1.424E+01 1.741E+01 7.344E+06 16.6718 1.00000
  6.310E+07 6.310E+07 3.186E+00 3.087E-01 9.128E+00 6.693E+00 1.613E+01 1.932E+01 7.718E+06 16.9021 1.00000
  7.079E+07 7.080E+07 3.200E+00 3.514E-01 1.028E+01 7.637E+00 1.827E+01 2.147E+01 8.095E+06 17.1323 1.00000
  7.943E+07 7.943E+07 3.214E+00 3.998E-01 1.157E+01 8.715E+00 2.068E+01 2.390E+01 8.477E+06 17.3626 1.00000
  8.913E+07 8.913E+07 3.229E+00 4.547E-01 1.302E+01 9.947E+00 2.342E+01 2.665E+01 8.861E+06 17.5928 1.00000
  1.000E+08 1.000E+08 3.243E+00 5.169E-01 1.465E+01 1.135E+01 2.652E+01 2.976E+01 9.247E+06 17.8231 1.00000
  1.122E+08 1.122E+08 3.257E+00 5.874E-01 1.648E+01 1.296E+01 3.003E+01 3.329E+01 9.634E+06 18.0533 1.00000
  1.259E+08 1.259E+08 3.272E+00 6.672E-01 1.854E+01 1.480E+01 3.400E+01 3.727E+01 1.002E+07 18.2836 1.00000
  1.413E+08 1.413E+08 3.286E+00 7.575E-01 2.084E+01 1.690E+01 3.850E+01 4.178E+01 1.041E+07 18.5139 1.00000
  1.585E+08 1.585E+08 3.300E+00 8.597E-01 2.343E+01 1.930E+01 4.359E+01 4.689E+01 1.080E+07 18.7441 1.00000
  1.778E+08 1.778E+08 3.315E+00 9.753E-01 2.634E+01 2.204E+01 4.936E+01 5.267E+01 1.119E+07 18.9744 1.00000
  1.995E+08 1.995E+08 3.329E+00 1.106E+00 2.961E+01 2.517E+01 5.589E+01 5.922E+01 1.158E+07 19.2046 1.00000
  2.239E+08 2.239E+08 3.344E+00 1.254E+00 3.328E+01 2.875E+01 6.328E+01 6.663E+01 1.197E+07 19.4349 1.00000
  2.512E+08 2.512E+08 3.359E+00 1.420E+00 3.739E+01 3.285E+01 7.166E+01 7.502E+01 1.235E+07 19.6651 1.00000
  2.818E+08 2.818E+08 3.373E+00 1.609E+00 4.201E+01 3.753E+01 8.115E+01 8.452E+01 1.274E+07 19.8954 1.00000
  3.162E+08 3.162E+08 3.388E+00 1.822E+00 4.720E+01 4.288E+01 9.190E+01 9.529E+01 1.312E+07 20.1256 1.00000
  3.548E+08 3.548E+08 3.403E+00 2.062E+00 5.302E+01 4.900E+01 1.041E+02 1.075E+02 1.350E+07 20.3559 1.00000
  3.981E+08 3.981E+08 3.418E+00 2.333E+00 5.955E+01 5.599E+01 1.179E+02 1.213E+02 1.388E+07 20.5862 1.00000
  4.467E+08 4.467E+08 3.433E+00 2.638E+00 6.689E+01 6.399E+01 1.335E+02 1.369E+02 1.426E+07 20.8164 1.00000
  5.012E+08 5.012E+08 3.448E+00 2.983E+00 7.512E+01 7.313E+01 1.512E+02 1.547E+02 1.463E+07 21.0467 1.00000
  5.623E+08 5.623E+08 3.463E+00 3.371E+00 8.435E+01 8.359E+01 1.713E+02 1.748E+02 1.500E+07 21.2769 1.00000
  6.310E+08 6.310E+08 3.478E+00 3.809E+00 9.472E+01 9.555E+01 1.941E+02 1.976E+02 1.537E+07 21.5072 1.00000
  7.079E+08 7.079E+08 3.494E+00 4.302E+00 1.063E+02 1.092E+02 2.199E+02 2.234E+02 1.574E+07 21.7375 1.00000
  7.943E+08 7.943E+08 3.509E+00 4.858E+00 1.194E+02 1.249E+02 2.491E+02 2.526E+02 1.610E+07 21.9677 1.00000
  8.913E+08 8.913E+08 3.524E+00 5.484E+00 1.341E+02 1.428E+02 2.823E+02 2.858E+02 1.646E+07 22.1980 1.00000
  1.000E+09 1.000E+09 3.540E+00 6.189E+00 1.505E+02 1.632E+02 3.199E+02 3.235E+02 1.682E+07 22.4282 1.00000
  1.122E+09 1.122E+09 3.556E+00 6.982E+00 1.689E+02 1.867E+02 3.626E+02 3.661E+02 1.717E+07 22.6585 1.00000
  1.259E+09 1.259E+09 3.571E+00 7.875E+00 1.896E+02 2.135E+02 4.110E+02 4.145E+02 1.752E+07 22.8887 1.00000
  1.413E+09 1.413E+09 3.587E+00 8.880E+00 2.129E+02 2.441E+02 4.658E+02 4.694E+02 1.787E+07 23.1190 1.00000
  1.585E+09 1.585E+09 3.603E+00 1.001E+01 2.389E+02 2.792E+02 5.281E+02 5.317E+02 1.822E+07 23.3493 1.00000
  1.778E+09 1.778E+09 3.619E+00 1.128E+01 2.682E+02 3.193E+02 5.988E+02 6.024E+02 1.856E+07 23.5795 1.00000
  1.995E+09 1.995E+09 3.635E+00 1.271E+01 3.010E+02 3.652E+02 6.789E+02 6.826E+02 1.890E+07 23.8098 1.00000
  2.239E+09 2.239E+09 3.651E+00 1.432E+01 3.378E+02 4.178E+02 7.699E+02 7.736E+02 1.923E+07 24.0400 1.00000
  2.512E+09 2.512E+09 3.667E+00 1.613E+01 3.791E+02 4.779E+02 8.732E+02 8.768E+02 1.956E+07 24.2703 1.00000
  2.818E+09 2.818E+09 3.683E+00 1.816E+01 4.255E+02 5.467E+02 9.904E+02 9.941E+02 1.989E+07 24.5006 1.00000
  3.162E+09 3.162E+09 3.700E+00 2.044E+01 4.775E+02 6.255E+02 1.123E+03 1.127E+03 2.022E+07 24.7308 1.00000
  3.548E+09 3.548E+09 3.716E+00 2.301E+01 5.359E+02 7.157E+02 1.275E+03 1.278E+03 2.054E+07 24.9611 1.00000
  3.981E+09 3.981E+09 3.733E+00 2.589E+01 6.014E+02 8.189E+02 1.446E+03 1.450E+03 2.086E+07 25.1913 1.00000
  4.467E+09 4.467E+09 3.750E+00 2.914E+01 6.749E+02 9.370E+02 1.641E+03 1.645E+03 2.117E+07 25.4216 1.00000
  5.012E+09 5.012E+09 3.766E+00 3.278E+01 7.574E+02 1.072E+03 1.862E+03 1.866E+03 2.148E+07 25.6518 1.00000
  5.623E+09 5.623E+09 3.783E+00 3.687E+01 8.499E+02 1.227E+03 2.114E+03 2.118E+03 2.179E+07 25.8821 1.00000
  6.310E+09 6.310E+09 3.800E+00 4.146E+01 9.537E+02 1.404E+03 2.400E+03 2.403E+03 2.209E+07 26.1124 1.00000
  7.079E+09 7.079E+09 3.817E+00 4.662E+01 1.070E+03 1.607E+03 2.724E+03 2.728E+03 2.239E+07 26.3426 1.00000
  7.943E+09 7.943E+09 3.834E+00 5.242E+01 1.201E+03 1.840E+03 3.093E+03 3.097E+03 2.269E+07 26.5729 1.00000
  8.913E+09 8.913E+09 3.852E+00 5.892E+01 1.348E+03 2.106E+03 3.512E+03 3.516E+03 2.298E+07 26.8031 1.00000
  1.000E+10 1.000E+10 3.869E+00 6.623E+01 1.512E+03 2.411E+03 3.989E+03 3.993E+03 2.327E+07 27.0334 1.00000
  1.122E+10 1.122E+10 3.886E+00 7.443E+01 1.697E+03 2.760E+03 4.531E+03 4.535E+03 2.356E+07 27.2636 1.00000
  1.259E+10 1.259E+10 3.904E+00 8.365E+01 1.904E+03 3.160E+03 5.147E+03 5.151E+03 2.384E+07 27.4939 1.00000
  1.413E+10 1.413E+10 3.921E+00 9.399E+01 2.136E+03 3.617E+03 5.848E+03 5.852E+03 2.412E+07 27.7241 1.00000
  1.585E+10 1.585E+10 3.939E+00 1.056E+02 2.397E+03 4.142E+03 6.645E+03 6.649E+03 2.440E+07 27.9543 1.00000
  1.778E+10 1.778E+10 3.957E+00 1.186E+02 2.690E+03 4.743E+03 7.551E+03 7.555E+03 2.467E+07 28.1846 1.00000
  1.995E+10 1.995E+10 3.975E+00 1.333E+02 3.018E+03 5.431E+03 8.582E+03 8.586E+03 2.494E+07 28.4148 1.00000
  2.239E+10 2.239E+10 3.993E+00 1.497E+02 3.387E+03 6.219E+03 9.756E+03 9.760E+03 2.521E+07 28.6447 1.00000
  2.512E+10 2.512E+10 4.011E+00 1.681E+02 3.800E+03 7.123E+03 1.109E+04 1.109E+04 2.547E+07 28.8750 1.00000
  2.818E+10 2.818E+10 4.029E+00 1.888E+02 4.264E+03 8.158E+03 1.261E+04 1.261E+04 2.573E+07 29.1052 1.00000
  3.162E+10 3.162E+10 4.048E+00 2.120E+02 4.784E+03 9.343E+03 1.434E+04 1.434E+04 2.598E+07 29.3339 1.00000
  3.548E+10 3.548E+10 4.066E+00 2.381E+02 5.368E+03 1.070E+04 1.631E+04 1.631E+04 2.624E+07 29.5642 1.00000
  3.981E+10 3.981E+10 4.085E+00 2.674E+02 6.023E+03 1.226E+04 1.855E+04 1.855E+04 2.648E+07 29.7945 1.00000
  4.467E+10 4.467E+10 4.103E+00 3.002E+02 6.758E+03 1.404E+04 2.110E+04 2.111E+04 2.673E+07 30.0247 1.00000
  5.012E+10 5.012E+10 4.123E+00 3.370E+02 7.583E+03 1.609E+04 2.401E+04 2.401E+04 2.697E+07 30.2485 1.00000
  5.623E+10 5.623E+10 4.142E+00 3.784E+02 8.509E+03 1.843E+04 2.732E+04 2.732E+04 2.721E+07 30.4787 1.00000
  6.310E+10 6.310E+10 4.161E+00 4.248E+02 9.547E+03 2.112E+04 3.109E+04 3.109E+04 2.745E+07 30.7090 1.00000
  7.079E+10 7.079E+10 4.182E+00 4.768E+02 1.071E+04 2.420E+04 3.539E+04 3.539E+04 2.768E+07 30.9101 1.00000
  7.943E+10 7.943E+10 4.201E+00 5.353E+02 1.202E+04 2.773E+04 4.028E+04 4.029E+04 2.791E+07 31.1404 1.00000
  8.913E+10 8.913E+10 4.220E+00 6.008E+02 1.349E+04 3.177E+04 4.586E+04 4.587E+04 2.813E+07 31.3706 1.00000
  1.000E+11 1.000E+11 4.240E+00 6.744E+02 1.513E+04 3.641E+04 5.222E+04 5.222E+04 2.835E+07 31.6009 1.00000
  1.122E+11 1.122E+11 4.259E+00 7.570E+02 1.698E+04 4.173E+04 5.947E+04 5.947E+04 2.857E+07 31.8311 1.00000
  1.259E+11 1.259E+11 4.291E+00 8.496E+02 1.905E+04 4.783E+04 6.773E+04 6.773E+04 2.879E+07 31.9059 1.00000
  1.413E+11 1.413E+11 4.311E+00 9.536E+02 2.138E+04 5.482E+04 7.715E+04 7.715E+04 2.900E+07 32.1362 1.00000
  1.585E+11 1.585E+11 4.331E+00 1.070E+03 2.398E+04 6.284E+04 8.789E+04 8.789E+04 2.921E+07 32.3665 1.00000
  1.778E+11 1.778E+11 4.351E+00 1.201E+03 2.691E+04 7.203E+04 1.001E+05 1.001E+05 2.942E+07 32.5967 1.00000
  1.995E+11 1.995E+11 4.371E+00 1.348E+03 3.019E+04 8.257E+04 1.141E+05 1.141E+05 2.962E+07 32.8270 1.00000
  2.239E+11 2.239E+11 4.391E+00 1.513E+03 3.388E+04 9.466E+04 1.301E+05 1.301E+05 2.982E+07 33.0572 1.00000
  2.512E+11 2.512E+11 4.411E+00 1.698E+03 3.801E+04 1.085E+05 1.482E+05 1.482E+05 3.001E+07 33.2875 1.00000
  2.818E+11 2.818E+11 4.432E+00 1.905E+03 4.265E+04 1.244E+05 1.690E+05 1.690E+05 3.021E+07 33.5177 1.00000
  3.162E+11 3.162E+11 4.452E+00 2.138E+03 4.785E+04 1.427E+05 1.927E+05 1.927E+05 3.040E+07 33.7480 1.00000
  3.548E+11 3.548E+11 4.473E+00 2.399E+03 5.369E+04 1.636E+05 2.197E+05 2.197E+05 3.059E+07 33.9783 1.00000
  3.981E+11 3.981E+11 4.493E+00 2.692E+03 6.025E+04 1.876E+05 2.505E+05 2.505E+05 3.077E+07 34.2085 1.00000
  4.467E+11 4.467E+11 4.514E+00 3.021E+03 6.760E+04 2.151E+05 2.858E+05 2.858E+05 3.095E+07 34.4388 1.00000
  5.012E+11 5.012E+11 4.535E+00 3.390E+03 7.584E+04 2.467E+05 3.260E+05 3.260E+05 3.113E+07 34.6690 1.00000
  5.623E+11 5.623E+11 4.556E+00 3.804E+03 8.510E+04 2.830E+05 3.719E+05 3.719E+05 3.131E+07 34.8993 1.00000
  6.310E+11 6.310E+11 4.578E+00 4.269E+03 9.548E+04 3.246E+05 4.243E+05 4.243E+05 3.148E+07 35.1296 1.00000
  7.079E+11 7.079E+11 4.599E+00 4.790E+03 1.071E+05 3.723E+05 4.842E+05 4.842E+05 3.165E+07 35.3598 1.00000
  7.943E+11 7.943E+11 4.620E+00 5.375E+03 1.202E+05 4.270E+05 5.526E+05 5.526E+05 3.182E+07 35.5901 1.00000
  8.913E+11 8.913E+11 4.642E+00 6.031E+03 1.349E+05 4.899E+05 6.308E+05 6.308E+05 3.198E+07 35.8203 1.00000
  1.000E+12 1.000E+12 4.664E+00 6.768E+03 1.513E+05 5.620E+05 7.201E+05 7.201E+05 3.214E+07 36.0506 1.00000
  1.122E+12 1.122E+12 4.686E+00 7.594E+03 1.698E+05 6.448E+05 8.222E+05 8.222E+05 3.230E+07 36.2808 1.00000
  1.259E+12 1.259E+12 4.707E+00 8.521E+03 1.905E+05 7.398E+05 9.388E+05 9.388E+05 3.246E+07 36.5111 1.00000
  1.413E+12 1.413E+12 4.730E+00 9.561E+03 2.138E+05 8.488E+05 1.072E+06 1.072E+06 3.261E+07 36.7414 1.00000
  1.585E+12 1.585E+12 4.752E+00 1.073E+04 2.398E+05 9.739E+05 1.225E+06 1.225E+06 3.276E+07 36.9716 1.00000
  1.778E+12 1.778E+12 4.774E+00 1.204E+04 2.691E+05 1.118E+06 1.399E+06 1.399E+06 3.291E+07 37.2019 1.00000
  1.995E+12 1.995E+12 4.796E+00 1.351E+04 3.019E+05 1.283E+06 1.598E+06 1.598E+06 3.305E+07 37.4321 1.00000
  2.239E+12 2.239E+12 4.819E+00 1.516E+04 3.388E+05 1.472E+06 1.826E+06 1.826E+06 3.319E+07 37.6624 1.00000
  2.512E+12 2.512E+12 4.842E+00 1.700E+04 3.801E+05 1.689E+06 2.086E+06 2.086E+06 3.333E+07 37.8927 1.00000
  2.818E+12 2.818E+12 4.864E+00 1.908E+04 4.265E+05 1.939E+06 2.384E+06 2.384E+06 3.347E+07 38.1229 1.00000
  3.162E+12 3.162E+12 4.887E+00 2.141E+04 4.785E+05 2.225E+06 2.725E+06 2.725E+06 3.361E+07 38.3532 1.00000
  3.548E+12 3.548E+12 4.910E+00 2.402E+04 5.369E+05 2.554E+06 3.115E+06 3.115E+06 3.374E+07 38.5834 1.00000
  3.981E+12 3.981E+12 4.934E+00 2.695E+04 6.024E+05 2.932E+06 3.562E+06 3.562E+06 3.387E+07 38.8137 1.00000
  4.467E+12 4.467E+12 4.957E+00 3.024E+04 6.759E+05 3.366E+06 4.072E+06 4.072E+06 3.400E+07 39.0439 1.00000
  5.012E+12 5.012E+12 4.980E+00 3.393E+04 7.584E+05 3.864E+06 4.657E+06 4.657E+06 3.412E+07 39.2742 1.00000
  5.623E+12 5.623E+12 5.004E+00 3.807E+04 8.510E+05 4.437E+06 5.326E+06 5.326E+06 3.424E+07 39.5045 1.00000
  6.310E+12 6.310E+12 5.028E+00 4.272E+04 9.548E+05 5.094E+06 6.092E+06 6.092E+06 3.436E+07 39.7347 1.00000
  7.079E+12 7.079E+12 5.051E+00 4.793E+04 1.071E+06 5.849E+06 6.968E+06 6.968E+06 3.448E+07 39.9650 1.00000
  7.943E+12 7.943E+12 5.075E+00 5.378E+04 1.202E+06 6.716E+06 7.972E+06 7.972E+06 3.460E+07 40.1952 1.00000
  8.913E+12 8.913E+12 5.099E+00 6.035E+04 1.349E+06 7.712E+06 9.121E+06 9.121E+06 3.471E+07 40.4255 1.00000
  1.000E+13 1.000E+13 5.124E+00 6.771E+04 1.513E+06 8.857E+06 1.044E+07 1.044E+07 3.482E+07 40.6558 1.00000
  1.122E+13 1.122E+13 5.148E+00 7.597E+04 1.698E+06 1.017E+07 1.194E+07 1.194E+07 3.493E+07 40.8860 1.00000
  1.259E+13 1.259E+13 5.173E+00 8.524E+04 1.905E+06 1.168E+07 1.367E+07 1.367E+07 3.504E+07 41.1163 1.00000
  1.413E+13 1.413E+13 5.197E+00 9.564E+04 2.137E+06 1.342E+07 1.565E+07 1.565E+07 3.514E+07 41.3465 1.00000
  1.585E+13 1.585E+13 5.222E+00 1.073E+05 2.398E+06 1.541E+07 1.792E+07 1.792E+07 3.525E+07 41.5768 1.00000
  1.778E+13 1.778E+13 5.247E+00 1.204E+05 2.691E+06 1.770E+07 2.051E+07 2.051E+07 3.535E+07 41.8070 1.00000
  1.995E+13 1.995E+13 5.272E+00 1.351E+05 3.019E+06 2.033E+07 2.349E+07 2.349E+07 3.545E+07 42.0373 1.00000
  2.239E+13 2.239E+13 5.297E+00 1.516E+05 3.388E+06 2.336E+07 2.690E+07 2.690E+07 3.554E+07 42.2676 1.00000
  2.512E+13 2.512E+13 5.322E+00 1.701E+05 3.801E+06 2.683E+07 3.081E+07 3.081E+07 3.564E+07 42.4978 1.00000
  2.818E+13 2.818E+13 5.348E+00 1.908E+05 4.265E+06 3.083E+07 3.529E+07 3.529E+07 3.573E+07 42.7281 1.00000
  3.162E+13 3.162E+13 5.373E+00 2.141E+05 4.785E+06 3.542E+07 4.042E+07 4.042E+07 3.582E+07 42.9583 1.00000
  3.548E+13 3.548E+13 5.399E+00 2.403E+05 5.369E+06 4.070E+07 4.631E+07 4.631E+07 3.591E+07 43.1886 1.00000
  3.981E+13 3.981E+13 5.425E+00 2.696E+05 6.024E+06 4.676E+07 5.306E+07 5.306E+07 3.600E+07 43.4189 1.00000
  4.467E+13 4.467E+13 5.451E+00 3.025E+05 6.759E+06 5.374E+07 6.080E+07 6.080E+07 3.608E+07 43.6491 1.00000
  5.012E+13 5.012E+13 5.477E+00 3.394E+05 7.584E+06 6.175E+07 6.967E+07 6.967E+07 3.617E+07 43.8794 1.00000
  5.623E+13 5.623E+13 5.503E+00 3.808E+05 8.509E+06 7.096E+07 7.985E+07 7.985E+07 3.625E+07 44.1096 1.00000
  6.310E+13 6.310E+13 5.529E+00 4.272E+05 9.547E+06 8.156E+07 9.153E+07 9.153E+07 3.633E+07 44.3399 1.00000
  7.079E+13 7.079E+13 5.556E+00 4.794E+05 1.071E+07 9.373E+07 1.049E+08 1.049E+08 3.641E+07 44.5702 1.00000
  7.943E+13 7.943E+13 5.583E+00 5.379E+05 1.202E+07 1.077E+08 1.203E+08 1.203E+08 3.649E+07 44.8004 1.00000
  8.913E+13 8.913E+13 5.609E+00 6.035E+05 1.349E+07 1.238E+08 1.379E+08 1.379E+08 3.656E+07 45.0307 1.00000
  1.000E+14 1.000E+14 5.636E+00 6.771E+05 1.513E+07 1.423E+08 1.581E+08 1.581E+08 3.663E+07 45.2609 1.00000
  1.122E+14 1.122E+14 5.663E+00 7.598E+05 1.698E+07 1.636E+08 1.814E+08 1.814E+08 3.671E+07 45.4912 1.00000
  1.259E+14 1.259E+14 5.691E+00 8.525E+05 1.905E+07 1.881E+08 2.080E+08 2.080E+08 3.678E+07 45.7214 1.00000
  1.413E+14 1.413E+14 5.718E+00 9.565E+05 2.137E+07 2.162E+08 2.386E+08 2.386E+08 3.685E+07 45.9517 1.00000
  1.585E+14 1.585E+14 5.746E+00 1.073E+06 2.398E+07 2.486E+08 2.737E+08 2.737E+08 3.691E+07 46.1820 1.00000
  1.778E+14 1.778E+14 5.773E+00 1.204E+06 2.691E+07 2.858E+08 3.139E+08 3.139E+08 3.698E+07 46.4122 1.00000
  1.995E+14 1.995E+14 5.801E+00 1.351E+06 3.019E+07 3.286E+08 3.602E+08 3.602E+08 3.704E+07 46.6425 1.00000
  2.239E+14 2.239E+14 5.829E+00 1.516E+06 3.387E+07 3.779E+08 4.133E+08 4.133E+08 3.711E+07 46.8727 1.00000
  2.512E+14 2.512E+14 5.857E+00 1.701E+06 3.801E+07 4.345E+08 4.742E+08 4.742E+08 3.717E+07 47.1030 1.00000
  2.818E+14 2.818E+14 5.885E+00 1.908E+06 4.264E+07 4.996E+08 5.442E+08 5.442E+08 3.723E+07 47.3333 1.00000
  3.162E+14 3.162E+14 5.914E+00 2.141E+06 4.785E+07 5.746E+08 6.246E+08 6.246E+08 3.729E+07 47.5635 1.00000
  3.548E+14 3.548E+14 5.942E+00 2.403E+06 5.368E+07 6.608E+08 7.169E+08 7.169E+08 3.734E+07 47.7938 1.00000
  3.981E+14 3.981E+14 5.971E+00 2.696E+06 6.023E+07 7.600E+08 8.229E+08 8.229E+08 3.740E+07 48.0240 1.00000
  4.467E+14 4.467E+14 6.000E+00 3.025E+06 6.758E+07 8.740E+08 9.447E+08 9.447E+08 3.746E+07 48.2543 1.00000
  5.012E+14 5.012E+14 6.029E+00 3.394E+06 7.583E+07 1.005E+09 1.085E+09 1.085E+09 3.751E+07 48.4845 1.00000
  5.623E+14 5.623E+14 6.058E+00 3.808E+06 8.508E+07 1.156E+09 1.245E+09 1.245E+09 3.756E+07 48.7148 1.00000
  6.310E+14 6.310E+14 6.087E+00 4.272E+06 9.546E+07 1.330E+09 1.430E+09 1.430E+09 3.761E+07 48.9451 1.00000
  7.079E+14 7.079E+14 6.117E+00 4.794E+06 1.071E+08 1.530E+09 1.642E+09 1.642E+09 3.766E+07 49.1753 1.00000
  7.943E+14 7.943E+14 6.147E+00 5.379E+06 1.202E+08 1.760E+09 1.886E+09 1.886E+09 3.771E+07 49.4056 1.00000
  8.913E+14 8.913E+14 6.176E+00 6.035E+06 1.348E+08 2.025E+09 2.166E+09 2.166E+09 3.776E+07 49.6358 1.00000
  1.000E+15 1.000E+15 6.206E+00 6.771E+06 1.513E+08 2.330E+09 2.488E+09 2.488E+09 3.781E+07 49.8661 1.00000
