 Incident particle is a Tau with M = 1776.82000 MeV
 Index = 0: RubberNeoprene
      Absorber with <Z/A> = 0.51956
 Density effect computed following Fano (1963)
 Models for Radloss: brems =  SSR, pair =  SSR, photonuc = DRSS

 *** Table generated with PUMAS v1.1 ***

      T         p     Ionization  brems     pair     photonuc  Radloss    dE/dx   CSDA Range  delta   beta
    [MeV]    [MeV/c]  -----------------------[MeV cm^2/g]------------------------  [g/cm^2]
  1.000E+05 1.018E+05 2.271E+00 5.120E-05 2.979E-03 6.676E-03 9.706E-03 2.280E+00 2.193E+04  4.4801 0.99985
  1.122E+05 1.140E+05 2.291E+00 6.200E-05 3.588E-03 7.562E-03 1.121E-02 2.302E+00 2.725E+04  4.6877 0.99988
  1.259E+05 1.277E+05 2.311E+00 7.494E-05 4.307E-03 8.549E-03 1.293E-02 2.324E+00 3.317E+04  4.8977 0.99990
  1.413E+05 1.430E+05 2.331E+00 9.043E-05 5.153E-03 9.636E-03 1.488E-02 2.345E+00 3.975E+04  5.1096 0.99992
  1.585E+05 1.603E+05 2.350E+00 1.089E-04 6.147E-03 1.087E-02 1.713E-02 2.368E+00 4.707E+04  5.3233 0.99994
  1.778E+05 1.796E+05 2.370E+00 1.309E-04 7.312E-03 1.224E-02 1.968E-02 2.390E+00 5.519E+04  5.5385 0.99995
  1.995E+05 2.013E+05 2.390E+00 1.571E-04 8.675E-03 1.379E-02 2.262E-02 2.413E+00 6.423E+04  5.7551 0.99996
  2.239E+05 2.256E+05 2.410E+00 1.882E-04 1.027E-02 1.550E-02 2.596E-02 2.436E+00 7.427E+04  5.9729 0.99997
  2.512E+05 2.530E+05 2.429E+00 2.249E-04 1.212E-02 1.742E-02 2.977E-02 2.459E+00 8.543E+04  6.1918 0.99998
  2.818E+05 2.836E+05 2.449E+00 2.684E-04 1.429E-02 1.959E-02 3.414E-02 2.483E+00 9.783E+04  6.4117 0.99998
  3.162E+05 3.180E+05 2.469E+00 3.197E-04 1.680E-02 2.202E-02 3.914E-02 2.508E+00 1.116E+05  6.6326 0.99998
  3.548E+05 3.566E+05 2.488E+00 3.801E-04 1.971E-02 2.475E-02 4.485E-02 2.533E+00 1.269E+05  6.8545 0.99999
  3.981E+05 3.999E+05 2.507E+00 4.511E-04 2.309E-02 2.781E-02 5.135E-02 2.559E+00 1.439E+05  7.0773 0.99999
  4.467E+05 4.485E+05 2.527E+00 5.344E-04 2.700E-02 3.125E-02 5.878E-02 2.586E+00 1.628E+05  7.3009 0.99999
  5.012E+05 5.030E+05 2.546E+00 6.321E-04 3.152E-02 3.509E-02 6.724E-02 2.613E+00 1.838E+05  7.5254 0.99999
  5.623E+05 5.641E+05 2.565E+00 7.464E-04 3.673E-02 3.944E-02 7.692E-02 2.642E+00 2.071E+05  7.7506 1.00000
  6.310E+05 6.327E+05 2.584E+00 8.797E-04 4.274E-02 4.435E-02 8.797E-02 2.672E+00 2.329E+05  7.9765 1.00000
  7.079E+05 7.097E+05 2.603E+00 1.035E-03 4.965E-02 4.989E-02 1.006E-01 2.704E+00 2.615E+05  8.2031 1.00000
  7.943E+05 7.961E+05 2.622E+00 1.217E-03 5.760E-02 5.614E-02 1.150E-01 2.737E+00 2.933E+05  8.4302 1.00000
  8.913E+05 8.930E+05 2.640E+00 1.428E-03 6.673E-02 6.316E-02 1.313E-01 2.772E+00 3.285E+05  8.6578 1.00000
  1.000E+06 1.002E+06 2.659E+00 1.673E-03 7.719E-02 7.114E-02 1.500E-01 2.809E+00 3.674E+05  8.8858 1.00000
  1.122E+06 1.124E+06 2.678E+00 1.958E-03 8.918E-02 8.011E-02 1.713E-01 2.849E+00 4.106E+05  9.1142 1.00000
  1.259E+06 1.261E+06 2.696E+00 2.288E-03 1.029E-01 9.032E-02 1.955E-01 2.891E+00 4.583E+05  9.3430 1.00000
  1.413E+06 1.414E+06 2.714E+00 2.671E-03 1.186E-01 1.018E-01 2.231E-01 2.937E+00 5.110E+05  9.5720 1.00000
  1.585E+06 1.587E+06 2.732E+00 3.114E-03 1.365E-01 1.149E-01 2.545E-01 2.987E+00 5.692E+05  9.8012 1.00000
  1.778E+06 1.780E+06 2.750E+00 3.625E-03 1.569E-01 1.297E-01 2.903E-01 3.040E+00 6.333E+05 10.0306 1.00000
  1.995E+06 1.997E+06 2.768E+00 4.214E-03 1.802E-01 1.465E-01 3.309E-01 3.099E+00 7.040E+05 10.2601 1.00000
  2.239E+06 2.240E+06 2.786E+00 4.897E-03 2.068E-01 1.656E-01 3.772E-01 3.163E+00 7.818E+05 10.4898 1.00000
  2.512E+06 2.514E+06 2.803E+00 5.685E-03 2.370E-01 1.872E-01 4.298E-01 3.233E+00 8.672E+05 10.7195 1.00000
  2.818E+06 2.820E+06 2.820E+00 6.591E-03 2.713E-01 2.118E-01 4.897E-01 3.310E+00 9.609E+05 10.9494 1.00000
  3.162E+06 3.164E+06 2.838E+00 7.634E-03 3.103E-01 2.397E-01 5.576E-01 3.395E+00 1.063E+06 11.1793 1.00000
  3.548E+06 3.550E+06 2.855E+00 8.833E-03 3.545E-01 2.714E-01 6.348E-01 3.489E+00 1.176E+06 11.4093 1.00000
  3.981E+06 3.983E+06 2.871E+00 1.021E-02 4.047E-01 3.075E-01 7.224E-01 3.594E+00 1.298E+06 11.6393 1.00000
  4.467E+06 4.469E+06 2.888E+00 1.179E-02 4.616E-01 3.486E-01 8.219E-01 3.710E+00 1.431E+06 11.8693 1.00000
  5.012E+06 5.014E+06 2.905E+00 1.361E-02 5.260E-01 3.953E-01 9.349E-01 3.839E+00 1.575E+06 12.0994 1.00000
  5.623E+06 5.625E+06 2.921E+00 1.570E-02 5.989E-01 4.485E-01 1.063E+00 3.984E+00 1.732E+06 12.3295 1.00000
  6.310E+06 6.311E+06 2.937E+00 1.809E-02 6.814E-01 5.091E-01 1.209E+00 4.146E+00 1.900E+06 12.5597 1.00000
  7.079E+06 7.081E+06 2.953E+00 2.083E-02 7.746E-01 5.780E-01 1.373E+00 4.327E+00 2.082E+06 12.7898 1.00000
  7.943E+06 7.945E+06 2.969E+00 2.397E-02 8.800E-01 6.566E-01 1.561E+00 4.529E+00 2.277E+06 13.0200 1.00000
  8.913E+06 8.914E+06 2.985E+00 2.757E-02 9.990E-01 7.461E-01 1.773E+00 4.757E+00 2.486E+06 13.2502 1.00000
  1.000E+07 1.000E+07 3.000E+00 3.167E-02 1.133E+00 8.481E-01 2.013E+00 5.013E+00 2.709E+06 13.4804 1.00000
  1.122E+07 1.122E+07 3.016E+00 3.637E-02 1.285E+00 9.644E-01 2.286E+00 5.301E+00 2.945E+06 13.7106 1.00000
  1.259E+07 1.259E+07 3.031E+00 4.173E-02 1.456E+00 1.097E+00 2.595E+00 5.626E+00 3.196E+06 13.9408 1.00000
  1.413E+07 1.413E+07 3.046E+00 4.786E-02 1.649E+00 1.248E+00 2.945E+00 5.991E+00 3.461E+06 14.1710 1.00000
  1.585E+07 1.585E+07 3.061E+00 5.485E-02 1.866E+00 1.421E+00 3.342E+00 6.403E+00 3.739E+06 14.4012 1.00000
  1.778E+07 1.778E+07 3.076E+00 6.282E-02 2.111E+00 1.617E+00 3.791E+00 6.867E+00 4.030E+06 14.6315 1.00000
  1.995E+07 1.995E+07 3.091E+00 7.191E-02 2.387E+00 1.842E+00 4.300E+00 7.391E+00 4.335E+06 14.8617 1.00000
  2.239E+07 2.239E+07 3.106E+00 8.227E-02 2.697E+00 2.098E+00 4.877E+00 7.983E+00 4.652E+06 15.0919 1.00000
  2.512E+07 2.512E+07 3.120E+00 9.409E-02 3.047E+00 2.390E+00 5.531E+00 8.651E+00 4.981E+06 15.3222 1.00000
  2.818E+07 2.819E+07 3.135E+00 1.075E-01 3.440E+00 2.723E+00 6.271E+00 9.406E+00 5.320E+06 15.5524 1.00000
  3.162E+07 3.162E+07 3.149E+00 1.229E-01 3.883E+00 3.104E+00 7.110E+00 1.026E+01 5.670E+06 15.7826 1.00000
  3.548E+07 3.548E+07 3.164E+00 1.403E-01 4.381E+00 3.538E+00 8.059E+00 1.122E+01 6.030E+06 16.0129 1.00000
  3.981E+07 3.981E+07 3.178E+00 1.601E-01 4.941E+00 4.034E+00 9.135E+00 1.231E+01 6.398E+06 16.2431 1.00000
  4.467E+07 4.467E+07 3.193E+00 1.826E-01 5.571E+00 4.600E+00 1.035E+01 1.355E+01 6.774E+06 16.4734 1.00000
  5.012E+07 5.012E+07 3.207E+00 2.082E-01 6.278E+00 5.247E+00 1.173E+01 1.494E+01 7.157E+06 16.7036 1.00000
  5.623E+07 5.624E+07 3.222E+00 2.373E-01 7.074E+00 5.985E+00 1.330E+01 1.652E+01 7.546E+06 16.9339 1.00000
  6.310E+07 6.310E+07 3.236E+00 2.703E-01 7.968E+00 6.829E+00 1.507E+01 1.830E+01 7.940E+06 17.1641 1.00000
  7.079E+07 7.080E+07 3.250E+00 3.078E-01 8.973E+00 7.792E+00 1.707E+01 2.032E+01 8.340E+06 17.3944 1.00000
  7.943E+07 7.943E+07 3.265E+00 3.503E-01 1.010E+01 8.892E+00 1.934E+01 2.261E+01 8.742E+06 17.6246 1.00000
  8.913E+07 8.913E+07 3.279E+00 3.984E-01 1.137E+01 1.015E+01 2.192E+01 2.520E+01 9.148E+06 17.8549 1.00000
  1.000E+08 1.000E+08 3.294E+00 4.530E-01 1.279E+01 1.158E+01 2.483E+01 2.813E+01 9.557E+06 18.0851 1.00000
  1.122E+08 1.122E+08 3.308E+00 5.149E-01 1.439E+01 1.323E+01 2.813E+01 3.144E+01 9.967E+06 18.3154 1.00000
  1.259E+08 1.259E+08 3.323E+00 5.849E-01 1.619E+01 1.510E+01 3.188E+01 3.520E+01 1.038E+07 18.5457 1.00000
  1.413E+08 1.413E+08 3.338E+00 6.642E-01 1.821E+01 1.724E+01 3.611E+01 3.945E+01 1.079E+07 18.7759 1.00000
  1.585E+08 1.585E+08 3.352E+00 7.540E-01 2.047E+01 1.969E+01 4.092E+01 4.427E+01 1.120E+07 19.0062 1.00000
  1.778E+08 1.778E+08 3.367E+00 8.555E-01 2.302E+01 2.249E+01 4.636E+01 4.973E+01 1.161E+07 19.2364 1.00000
  1.995E+08 1.995E+08 3.382E+00 9.703E-01 2.587E+01 2.569E+01 5.253E+01 5.591E+01 1.203E+07 19.4667 1.00000
  2.239E+08 2.239E+08 3.397E+00 1.100E+00 2.908E+01 2.934E+01 5.952E+01 6.292E+01 1.244E+07 19.6969 1.00000
  2.512E+08 2.512E+08 3.411E+00 1.247E+00 3.268E+01 3.352E+01 6.744E+01 7.085E+01 1.284E+07 19.9272 1.00000
  2.818E+08 2.818E+08 3.426E+00 1.412E+00 3.672E+01 3.829E+01 7.642E+01 7.985E+01 1.325E+07 20.1574 1.00000
  3.162E+08 3.162E+08 3.441E+00 1.599E+00 4.125E+01 4.375E+01 8.661E+01 9.005E+01 1.366E+07 20.3877 1.00000
  3.548E+08 3.548E+08 3.456E+00 1.811E+00 4.634E+01 5.000E+01 9.815E+01 1.016E+02 1.406E+07 20.6180 1.00000
  3.981E+08 3.981E+08 3.472E+00 2.049E+00 5.205E+01 5.713E+01 1.112E+02 1.147E+02 1.446E+07 20.8482 1.00000
  4.467E+08 4.467E+08 3.487E+00 2.318E+00 5.847E+01 6.529E+01 1.261E+02 1.296E+02 1.486E+07 21.0785 1.00000
  5.012E+08 5.012E+08 3.502E+00 2.621E+00 6.566E+01 7.463E+01 1.429E+02 1.464E+02 1.526E+07 21.3087 1.00000
  5.623E+08 5.623E+08 3.517E+00 2.963E+00 7.374E+01 8.530E+01 1.620E+02 1.655E+02 1.565E+07 21.5390 1.00000
  6.310E+08 6.310E+08 3.533E+00 3.348E+00 8.280E+01 9.750E+01 1.837E+02 1.872E+02 1.604E+07 21.7692 1.00000
  7.079E+08 7.079E+08 3.548E+00 3.783E+00 9.297E+01 1.115E+02 2.082E+02 2.118E+02 1.642E+07 21.9995 1.00000
  7.943E+08 7.943E+08 3.564E+00 4.272E+00 1.044E+02 1.274E+02 2.361E+02 2.397E+02 1.681E+07 22.2298 1.00000
  8.913E+08 8.913E+08 3.580E+00 4.824E+00 1.172E+02 1.457E+02 2.677E+02 2.713E+02 1.719E+07 22.4600 1.00000
  1.000E+09 1.000E+09 3.595E+00 5.445E+00 1.316E+02 1.666E+02 3.036E+02 3.072E+02 1.756E+07 22.6903 1.00000
  1.122E+09 1.122E+09 3.611E+00 6.144E+00 1.477E+02 1.905E+02 3.443E+02 3.479E+02 1.794E+07 22.9205 1.00000
  1.259E+09 1.259E+09 3.627E+00 6.931E+00 1.658E+02 2.178E+02 3.905E+02 3.942E+02 1.831E+07 23.1508 1.00000
  1.413E+09 1.413E+09 3.643E+00 7.816E+00 1.861E+02 2.491E+02 4.430E+02 4.467E+02 1.867E+07 23.3811 1.00000
  1.585E+09 1.585E+09 3.659E+00 8.813E+00 2.089E+02 2.849E+02 5.026E+02 5.063E+02 1.903E+07 23.6113 1.00000
  1.778E+09 1.778E+09 3.675E+00 9.934E+00 2.345E+02 3.258E+02 5.702E+02 5.739E+02 1.939E+07 23.8416 1.00000
  1.995E+09 1.995E+09 3.692E+00 1.119E+01 2.632E+02 3.727E+02 6.471E+02 6.507E+02 1.975E+07 24.0718 1.00000
  2.239E+09 2.239E+09 3.708E+00 1.261E+01 2.954E+02 4.263E+02 7.343E+02 7.380E+02 2.010E+07 24.3021 1.00000
  2.512E+09 2.512E+09 3.724E+00 1.421E+01 3.315E+02 4.877E+02 8.334E+02 8.371E+02 2.045E+07 24.5323 1.00000
  2.818E+09 2.818E+09 3.741E+00 1.600E+01 3.721E+02 5.579E+02 9.460E+02 9.497E+02 2.079E+07 24.7626 1.00000
  3.162E+09 3.162E+09 3.758E+00 1.802E+01 4.176E+02 6.383E+02 1.074E+03 1.078E+03 2.113E+07 24.9929 1.00000
  3.548E+09 3.548E+09 3.774E+00 2.028E+01 4.686E+02 7.303E+02 1.219E+03 1.223E+03 2.147E+07 25.2231 1.00000
  3.981E+09 3.981E+09 3.791E+00 2.283E+01 5.259E+02 8.356E+02 1.384E+03 1.388E+03 2.180E+07 25.4534 1.00000
  4.467E+09 4.467E+09 3.808E+00 2.569E+01 5.902E+02 9.562E+02 1.572E+03 1.576E+03 2.213E+07 25.6836 1.00000
  5.012E+09 5.012E+09 3.825E+00 2.890E+01 6.623E+02 1.094E+03 1.785E+03 1.789E+03 2.245E+07 25.9139 1.00000
  5.623E+09 5.623E+09 3.842E+00 3.251E+01 7.432E+02 1.252E+03 2.028E+03 2.032E+03 2.277E+07 26.1442 1.00000
  6.310E+09 6.310E+09 3.859E+00 3.657E+01 8.340E+02 1.433E+03 2.304E+03 2.307E+03 2.309E+07 26.3744 1.00000
  7.079E+09 7.079E+09 3.877E+00 4.113E+01 9.358E+02 1.640E+03 2.617E+03 2.621E+03 2.340E+07 26.6047 1.00000
  7.943E+09 7.943E+09 3.894E+00 4.624E+01 1.050E+03 1.877E+03 2.974E+03 2.978E+03 2.371E+07 26.8349 1.00000
  8.913E+09 8.913E+09 3.912E+00 5.199E+01 1.178E+03 2.149E+03 3.379E+03 3.383E+03 2.401E+07 27.0652 1.00000
  1.000E+10 1.000E+10 3.929E+00 5.845E+01 1.322E+03 2.460E+03 3.841E+03 3.845E+03 2.432E+07 27.2954 1.00000
  1.122E+10 1.122E+10 3.947E+00 6.569E+01 1.484E+03 2.816E+03 4.366E+03 4.370E+03 2.461E+07 27.5257 1.00000
  1.259E+10 1.259E+10 3.965E+00 7.383E+01 1.665E+03 3.224E+03 4.963E+03 4.967E+03 2.491E+07 27.7559 1.00000
  1.413E+10 1.413E+10 3.983E+00 8.297E+01 1.868E+03 3.691E+03 5.643E+03 5.647E+03 2.520E+07 27.9862 1.00000
  1.585E+10 1.585E+10 4.001E+00 9.322E+01 2.096E+03 4.227E+03 6.416E+03 6.420E+03 2.548E+07 28.2164 1.00000
  1.778E+10 1.778E+10 4.019E+00 1.047E+02 2.352E+03 4.840E+03 7.297E+03 7.301E+03 2.577E+07 28.4466 1.00000
  1.995E+10 1.995E+10 4.037E+00 1.177E+02 2.639E+03 5.542E+03 8.299E+03 8.303E+03 2.604E+07 28.6769 1.00000
  2.239E+10 2.239E+10 4.055E+00 1.322E+02 2.962E+03 6.346E+03 9.440E+03 9.444E+03 2.632E+07 28.9068 1.00000
  2.512E+10 2.512E+10 4.074E+00 1.485E+02 3.323E+03 7.268E+03 1.074E+04 1.074E+04 2.659E+07 29.1370 1.00000
  2.818E+10 2.818E+10 4.092E+00 1.667E+02 3.729E+03 8.324E+03 1.222E+04 1.222E+04 2.686E+07 29.3673 1.00000
  3.162E+10 3.162E+10 4.111E+00 1.873E+02 4.184E+03 9.534E+03 1.391E+04 1.391E+04 2.712E+07 29.5960 1.00000
  3.548E+10 3.548E+10 4.129E+00 2.103E+02 4.694E+03 1.092E+04 1.583E+04 1.583E+04 2.738E+07 29.8263 1.00000
  3.981E+10 3.981E+10 4.148E+00 2.362E+02 5.267E+03 1.251E+04 1.801E+04 1.802E+04 2.764E+07 30.0565 1.00000
  4.467E+10 4.467E+10 4.167E+00 2.652E+02 5.910E+03 1.433E+04 2.051E+04 2.051E+04 2.789E+07 30.2868 1.00000
  5.012E+10 5.012E+10 4.187E+00 2.977E+02 6.632E+03 1.642E+04 2.335E+04 2.335E+04 2.814E+07 30.5105 1.00000
  5.623E+10 5.623E+10 4.206E+00 3.343E+02 7.441E+03 1.881E+04 2.658E+04 2.659E+04 2.838E+07 30.7408 1.00000
  6.310E+10 6.310E+10 4.225E+00 3.753E+02 8.349E+03 2.155E+04 3.027E+04 3.028E+04 2.863E+07 30.9711 1.00000
  7.079E+10 7.079E+10 4.247E+00 4.213E+02 9.368E+03 2.469E+04 3.448E+04 3.449E+04 2.886E+07 31.1722 1.00000
  7.943E+10 7.943E+10 4.266E+00 4.729E+02 1.051E+04 2.829E+04 3.928E+04 3.928E+04 2.910E+07 31.4024 1.00000
  8.913E+10 8.913E+10 4.286E+00 5.309E+02 1.179E+04 3.242E+04 4.475E+04 4.475E+04 2.933E+07 31.6327 1.00000
  1.000E+11 1.000E+11 4.306E+00 5.959E+02 1.323E+04 3.716E+04 5.099E+04 5.099E+04 2.956E+07 31.8629 1.00000
  1.122E+11 1.122E+11 4.325E+00 6.689E+02 1.485E+04 4.258E+04 5.810E+04 5.810E+04 2.978E+07 32.0932 1.00000
  1.259E+11 1.259E+11 4.358E+00 7.508E+02 1.666E+04 4.881E+04 6.622E+04 6.622E+04 3.000E+07 32.1680 1.00000
  1.413E+11 1.413E+11 4.378E+00 8.426E+02 1.869E+04 5.594E+04 7.547E+04 7.548E+04 3.022E+07 32.3982 1.00000
  1.585E+11 1.585E+11 4.398E+00 9.458E+02 2.097E+04 6.412E+04 8.604E+04 8.604E+04 3.043E+07 32.6285 1.00000
  1.778E+11 1.778E+11 4.418E+00 1.061E+03 2.353E+04 7.350E+04 9.809E+04 9.810E+04 3.064E+07 32.8588 1.00000
  1.995E+11 1.995E+11 4.438E+00 1.191E+03 2.640E+04 8.426E+04 1.119E+05 1.119E+05 3.085E+07 33.0890 1.00000
  2.239E+11 2.239E+11 4.459E+00 1.337E+03 2.963E+04 9.659E+04 1.276E+05 1.276E+05 3.105E+07 33.3193 1.00000
  2.512E+11 2.512E+11 4.479E+00 1.500E+03 3.324E+04 1.107E+05 1.455E+05 1.455E+05 3.125E+07 33.5495 1.00000
  2.818E+11 2.818E+11 4.500E+00 1.684E+03 3.730E+04 1.270E+05 1.660E+05 1.660E+05 3.145E+07 33.7798 1.00000
  3.162E+11 3.162E+11 4.521E+00 1.890E+03 4.185E+04 1.456E+05 1.893E+05 1.893E+05 3.165E+07 34.0101 1.00000
  3.548E+11 3.548E+11 4.542E+00 2.120E+03 4.696E+04 1.669E+05 2.160E+05 2.160E+05 3.184E+07 34.2403 1.00000
  3.981E+11 3.981E+11 4.563E+00 2.380E+03 5.269E+04 1.914E+05 2.465E+05 2.465E+05 3.202E+07 34.4706 1.00000
  4.467E+11 4.467E+11 4.584E+00 2.670E+03 5.911E+04 2.195E+05 2.813E+05 2.813E+05 3.221E+07 34.7008 1.00000
  5.012E+11 5.012E+11 4.605E+00 2.996E+03 6.633E+04 2.518E+05 3.211E+05 3.211E+05 3.239E+07 34.9311 1.00000
  5.623E+11 5.623E+11 4.627E+00 3.362E+03 7.442E+04 2.888E+05 3.665E+05 3.665E+05 3.257E+07 35.1613 1.00000
  6.310E+11 6.310E+11 4.648E+00 3.773E+03 8.350E+04 3.312E+05 4.185E+05 4.185E+05 3.274E+07 35.3916 1.00000
  7.079E+11 7.079E+11 4.670E+00 4.234E+03 9.369E+04 3.799E+05 4.778E+05 4.778E+05 3.291E+07 35.6219 1.00000
  7.943E+11 7.943E+11 4.692E+00 4.751E+03 1.051E+05 4.358E+05 5.456E+05 5.456E+05 3.308E+07 35.8521 1.00000
  8.913E+11 8.913E+11 4.714E+00 5.331E+03 1.179E+05 4.999E+05 6.232E+05 6.232E+05 3.325E+07 36.0824 1.00000
  1.000E+12 1.000E+12 4.736E+00 5.982E+03 1.323E+05 5.735E+05 7.118E+05 7.118E+05 3.341E+07 36.3126 1.00000
  1.122E+12 1.122E+12 4.758E+00 6.712E+03 1.485E+05 6.579E+05 8.131E+05 8.131E+05 3.357E+07 36.5429 1.00000
  1.259E+12 1.259E+12 4.780E+00 7.532E+03 1.666E+05 7.549E+05 9.290E+05 9.290E+05 3.373E+07 36.7732 1.00000
  1.413E+12 1.413E+12 4.803E+00 8.451E+03 1.869E+05 8.661E+05 1.062E+06 1.062E+06 3.389E+07 37.0034 1.00000
  1.585E+12 1.585E+12 4.825E+00 9.483E+03 2.097E+05 9.938E+05 1.213E+06 1.213E+06 3.404E+07 37.2337 1.00000
  1.778E+12 1.778E+12 4.848E+00 1.064E+04 2.353E+05 1.140E+06 1.386E+06 1.386E+06 3.419E+07 37.4639 1.00000
  1.995E+12 1.995E+12 4.870E+00 1.194E+04 2.640E+05 1.309E+06 1.585E+06 1.585E+06 3.433E+07 37.6942 1.00000
  2.239E+12 2.239E+12 4.893E+00 1.340E+04 2.963E+05 1.502E+06 1.812E+06 1.812E+06 3.448E+07 37.9244 1.00000
  2.512E+12 2.512E+12 4.916E+00 1.503E+04 3.324E+05 1.724E+06 2.071E+06 2.071E+06 3.462E+07 38.1547 1.00000
  2.818E+12 2.818E+12 4.939E+00 1.687E+04 3.730E+05 1.978E+06 2.368E+06 2.368E+06 3.476E+07 38.3850 1.00000
  3.162E+12 3.162E+12 4.963E+00 1.892E+04 4.185E+05 2.271E+06 2.708E+06 2.708E+06 3.489E+07 38.6152 1.00000
  3.548E+12 3.548E+12 4.986E+00 2.123E+04 4.695E+05 2.607E+06 3.097E+06 3.097E+06 3.502E+07 38.8455 1.00000
  3.981E+12 3.981E+12 5.010E+00 2.382E+04 5.268E+05 2.992E+06 3.543E+06 3.543E+06 3.515E+07 39.0757 1.00000
  4.467E+12 4.467E+12 5.033E+00 2.673E+04 5.911E+05 3.435E+06 4.053E+06 4.053E+06 3.528E+07 39.3060 1.00000
  5.012E+12 5.012E+12 5.057E+00 2.999E+04 6.633E+05 3.943E+06 4.637E+06 4.637E+06 3.541E+07 39.5363 1.00000
  5.623E+12 5.623E+12 5.081E+00 3.365E+04 7.442E+05 4.527E+06 5.305E+06 5.305E+06 3.553E+07 39.7665 1.00000
  6.310E+12 6.310E+12 5.105E+00 3.776E+04 8.350E+05 5.198E+06 6.071E+06 6.071E+06 3.565E+07 39.9968 1.00000
  7.079E+12 7.079E+12 5.129E+00 4.237E+04 9.369E+05 5.968E+06 6.948E+06 6.948E+06 3.577E+07 40.2270 1.00000
  7.943E+12 7.943E+12 5.153E+00 4.754E+04 1.051E+06 6.853E+06 7.952E+06 7.952E+06 3.589E+07 40.4573 1.00000
  8.913E+12 8.913E+12 5.178E+00 5.334E+04 1.179E+06 7.870E+06 9.103E+06 9.103E+06 3.600E+07 40.6876 1.00000
  1.000E+13 1.000E+13 5.203E+00 5.985E+04 1.323E+06 9.038E+06 1.042E+07 1.042E+07 3.611E+07 40.9178 1.00000
  1.122E+13 1.122E+13 5.227E+00 6.715E+04 1.485E+06 1.038E+07 1.193E+07 1.193E+07 3.622E+07 41.1481 1.00000
  1.259E+13 1.259E+13 5.252E+00 7.535E+04 1.666E+06 1.192E+07 1.366E+07 1.366E+07 3.633E+07 41.3783 1.00000
  1.413E+13 1.413E+13 5.277E+00 8.454E+04 1.869E+06 1.369E+07 1.564E+07 1.564E+07 3.643E+07 41.6086 1.00000
  1.585E+13 1.585E+13 5.302E+00 9.486E+04 2.097E+06 1.573E+07 1.792E+07 1.792E+07 3.654E+07 41.8388 1.00000
  1.778E+13 1.778E+13 5.327E+00 1.064E+05 2.353E+06 1.806E+07 2.052E+07 2.052E+07 3.664E+07 42.0691 1.00000
  1.995E+13 1.995E+13 5.353E+00 1.194E+05 2.640E+06 2.075E+07 2.351E+07 2.351E+07 3.674E+07 42.2994 1.00000
  2.239E+13 2.239E+13 5.378E+00 1.340E+05 2.963E+06 2.384E+07 2.693E+07 2.693E+07 3.683E+07 42.5296 1.00000
  2.512E+13 2.512E+13 5.404E+00 1.503E+05 3.324E+06 2.738E+07 3.086E+07 3.086E+07 3.693E+07 42.7599 1.00000
  2.818E+13 2.818E+13 5.430E+00 1.687E+05 3.730E+06 3.146E+07 3.536E+07 3.536E+07 3.702E+07 42.9901 1.00000
  3.162E+13 3.162E+13 5.456E+00 1.893E+05 4.185E+06 3.615E+07 4.052E+07 4.052E+07 3.711E+07 43.2204 1.00000
  3.548E+13 3.548E+13 5.482E+00 2.124E+05 4.695E+06 4.153E+07 4.644E+07 4.644E+07 3.720E+07 43.4507 1.00000
  3.981E+13 3.981E+13 5.508E+00 2.383E+05 5.268E+06 4.772E+07 5.323E+07 5.323E+07 3.729E+07 43.6809 1.00000
  4.467E+13 4.467E+13 5.534E+00 2.674E+05 5.911E+06 5.483E+07 6.101E+07 6.101E+07 3.737E+07 43.9112 1.00000
  5.012E+13 5.012E+13 5.561E+00 3.000E+05 6.632E+06 6.301E+07 6.995E+07 6.995E+07 3.746E+07 44.1414 1.00000
  5.623E+13 5.623E+13 5.587E+00 3.366E+05 7.441E+06 7.241E+07 8.019E+07 8.019E+07 3.754E+07 44.3717 1.00000
  6.310E+13 6.310E+13 5.614E+00 3.777E+05 8.349E+06 8.322E+07 9.195E+07 9.195E+07 3.762E+07 44.6019 1.00000
  7.079E+13 7.079E+13 5.641E+00 4.237E+05 9.368E+06 9.565E+07 1.054E+08 1.054E+08 3.770E+07 44.8322 1.00000
  7.943E+13 7.943E+13 5.668E+00 4.754E+05 1.051E+07 1.099E+08 1.209E+08 1.209E+08 3.777E+07 45.0625 1.00000
  8.913E+13 8.913E+13 5.695E+00 5.335E+05 1.179E+07 1.264E+08 1.387E+08 1.387E+08 3.785E+07 45.2927 1.00000
  1.000E+14 1.000E+14 5.723E+00 5.985E+05 1.323E+07 1.452E+08 1.591E+08 1.591E+08 3.792E+07 45.5230 1.00000
  1.122E+14 1.122E+14 5.750E+00 6.716E+05 1.485E+07 1.670E+08 1.825E+08 1.825E+08 3.799E+07 45.7532 1.00000
  1.259E+14 1.259E+14 5.778E+00 7.535E+05 1.666E+07 1.919E+08 2.093E+08 2.093E+08 3.806E+07 45.9835 1.00000
  1.413E+14 1.413E+14 5.806E+00 8.455E+05 1.869E+07 2.207E+08 2.402E+08 2.402E+08 3.813E+07 46.2138 1.00000
  1.585E+14 1.585E+14 5.834E+00 9.486E+05 2.097E+07 2.537E+08 2.756E+08 2.756E+08 3.820E+07 46.4440 1.00000
  1.778E+14 1.778E+14 5.862E+00 1.064E+06 2.353E+07 2.917E+08 3.163E+08 3.163E+08 3.826E+07 46.6743 1.00000
  1.995E+14 1.995E+14 5.890E+00 1.194E+06 2.640E+07 3.353E+08 3.629E+08 3.629E+08 3.833E+07 46.9045 1.00000
  2.239E+14 2.239E+14 5.918E+00 1.340E+06 2.962E+07 3.856E+08 4.166E+08 4.166E+08 3.839E+07 47.1348 1.00000
  2.512E+14 2.512E+14 5.947E+00 1.503E+06 3.324E+07 4.434E+08 4.781E+08 4.781E+08 3.845E+07 47.3650 1.00000
  2.818E+14 2.818E+14 5.976E+00 1.687E+06 3.729E+07 5.099E+08 5.488E+08 5.488E+08 3.851E+07 47.5953 1.00000
  3.162E+14 3.162E+14 6.004E+00 1.893E+06 4.184E+07 5.863E+08 6.301E+08 6.301E+08 3.857E+07 47.8256 1.00000
  3.548E+14 3.548E+14 6.033E+00 2.124E+06 4.695E+07 6.743E+08 7.234E+08 7.234E+08 3.863E+07 48.0558 1.00000
  3.981E+14 3.981E+14 6.062E+00 2.383E+06 5.268E+07 7.755E+08 8.305E+08 8.305E+08 3.868E+07 48.2861 1.00000
  4.467E+14 4.467E+14 6.092E+00 2.674E+06 5.910E+07 8.919E+08 9.537E+08 9.537E+08 3.874E+07 48.5163 1.00000
  5.012E+14 5.012E+14 6.121E+00 3.000E+06 6.631E+07 1.026E+09 1.095E+09 1.095E+09 3.879E+07 48.7466 1.00000
  5.623E+14 5.623E+14 6.151E+00 3.366E+06 7.440E+07 1.180E+09 1.258E+09 1.258E+09 3.884E+07 48.9769 1.00000
  6.310E+14 6.310E+14 6.180E+00 3.777E+06 8.348E+07 1.357E+09 1.445E+09 1.445E+09 3.889E+07 49.2071 1.00000
  7.079E+14 7.079E+14 6.210E+00 4.237E+06 9.367E+07 1.561E+09 1.659E+09 1.659E+09 3.894E+07 49.4374 1.00000
  7.943E+14 7.943E+14 6.240E+00 4.754E+06 1.051E+08 1.796E+09 1.906E+09 1.906E+09 3.899E+07 49.6676 1.00000
  8.913E+14 8.913E+14 6.271E+00 5.335E+06 1.179E+08 2.066E+09 2.190E+09 2.190E+09 3.904E+07 49.8979 1.00000
  1.000E+15 1.000E+15 6.301E+00 5.986E+06 1.323E+08 2.377E+09 2.515E+09 2.515E+09 3.908E+07 50.1282 1.00000
