 Incident particle is a Tau with M = 1776.82000 MeV
 Index = 0: RubberNatural
      Absorber with <Z/A> = 0.55785
 Density effect computed following Fano (1963)
 Models for Radloss: brems =  SSR, pair =  SSR, photonuc = DRSS

 *** Table generated with PUMAS v1.1 ***

      T         p     Ionization  brems     pair     photonuc  Radloss    dE/dx   CSDA Range  delta   beta
    [MeV]    [MeV/c]  -----------------------[MeV cm^2/g]------------------------  [g/cm^2]
  1.000E+05 1.018E+05 2.467E+00 3.253E-05 1.730E-03 6.819E-03 8.581E-03 2.475E+00 2.020E+04  5.0245 0.99985
  1.122E+05 1.140E+05 2.488E+00 3.940E-05 2.095E-03 7.734E-03 9.868E-03 2.498E+00 2.511E+04  5.2404 0.99988
  1.259E+05 1.277E+05 2.509E+00 4.764E-05 2.526E-03 8.753E-03 1.133E-02 2.520E+00 3.056E+04  5.4585 0.99990
  1.413E+05 1.430E+05 2.529E+00 5.750E-05 3.034E-03 9.879E-03 1.297E-02 2.542E+00 3.663E+04  5.6787 0.99992
  1.585E+05 1.603E+05 2.550E+00 6.928E-05 3.632E-03 1.116E-02 1.486E-02 2.565E+00 4.338E+04  5.9004 0.99994
  1.778E+05 1.796E+05 2.571E+00 8.331E-05 4.335E-03 1.258E-02 1.699E-02 2.588E+00 5.089E+04  6.1236 0.99995
  1.995E+05 2.013E+05 2.591E+00 9.999E-05 5.159E-03 1.419E-02 1.944E-02 2.611E+00 5.923E+04  6.3479 0.99996
  2.239E+05 2.256E+05 2.612E+00 1.198E-04 6.123E-03 1.597E-02 2.221E-02 2.634E+00 6.852E+04  6.5732 0.99997
  2.512E+05 2.530E+05 2.632E+00 1.432E-04 7.249E-03 1.797E-02 2.536E-02 2.657E+00 7.884E+04  6.7993 0.99998
  2.818E+05 2.836E+05 2.653E+00 1.710E-04 8.563E-03 2.023E-02 2.896E-02 2.682E+00 9.032E+04  7.0261 0.99998
  3.162E+05 3.180E+05 2.673E+00 2.037E-04 1.009E-02 2.277E-02 3.307E-02 2.706E+00 1.031E+05  7.2534 0.99998
  3.548E+05 3.566E+05 2.693E+00 2.423E-04 1.187E-02 2.562E-02 3.774E-02 2.731E+00 1.173E+05  7.4812 0.99999
  3.981E+05 3.999E+05 2.714E+00 2.877E-04 1.393E-02 2.882E-02 4.304E-02 2.757E+00 1.331E+05  7.7094 0.99999
  4.467E+05 4.485E+05 2.734E+00 3.409E-04 1.632E-02 3.242E-02 4.909E-02 2.783E+00 1.506E+05  7.9379 0.99999
  5.012E+05 5.030E+05 2.754E+00 4.033E-04 1.909E-02 3.645E-02 5.595E-02 2.810E+00 1.701E+05  8.1667 0.99999
  5.623E+05 5.641E+05 2.775E+00 4.764E-04 2.229E-02 4.102E-02 6.378E-02 2.838E+00 1.917E+05  8.3956 1.00000
  6.310E+05 6.327E+05 2.795E+00 5.617E-04 2.598E-02 4.617E-02 7.272E-02 2.867E+00 2.158E+05  8.6248 1.00000
  7.079E+05 7.097E+05 2.815E+00 6.614E-04 3.024E-02 5.200E-02 8.290E-02 2.898E+00 2.425E+05  8.8541 1.00000
  7.943E+05 7.961E+05 2.835E+00 7.775E-04 3.514E-02 5.856E-02 9.448E-02 2.929E+00 2.721E+05  9.0836 1.00000
  8.913E+05 8.930E+05 2.855E+00 9.126E-04 4.078E-02 6.596E-02 1.077E-01 2.962E+00 3.050E+05  9.3132 1.00000
  1.000E+06 1.002E+06 2.874E+00 1.070E-03 4.726E-02 7.436E-02 1.227E-01 2.997E+00 3.415E+05  9.5428 1.00000
  1.122E+06 1.124E+06 2.894E+00 1.252E-03 5.470E-02 8.381E-02 1.398E-01 3.034E+00 3.820E+05  9.7726 1.00000
  1.259E+06 1.261E+06 2.914E+00 1.464E-03 6.322E-02 9.458E-02 1.593E-01 3.073E+00 4.268E+05 10.0024 1.00000
  1.413E+06 1.414E+06 2.933E+00 1.710E-03 7.298E-02 1.067E-01 1.814E-01 3.115E+00 4.765E+05 10.2323 1.00000
  1.585E+06 1.587E+06 2.953E+00 1.994E-03 8.414E-02 1.205E-01 2.067E-01 3.159E+00 5.314E+05 10.4622 1.00000
  1.778E+06 1.780E+06 2.972E+00 2.322E-03 9.690E-02 1.361E-01 2.354E-01 3.207E+00 5.922E+05 10.6922 1.00000
  1.995E+06 1.997E+06 2.991E+00 2.701E-03 1.115E-01 1.539E-01 2.680E-01 3.259E+00 6.593E+05 10.9222 1.00000
  2.239E+06 2.240E+06 3.010E+00 3.140E-03 1.281E-01 1.740E-01 3.053E-01 3.315E+00 7.334E+05 11.1522 1.00000
  2.512E+06 2.514E+06 3.028E+00 3.646E-03 1.470E-01 1.969E-01 3.475E-01 3.376E+00 8.150E+05 11.3823 1.00000
  2.818E+06 2.820E+06 3.047E+00 4.229E-03 1.686E-01 2.229E-01 3.957E-01 3.443E+00 9.049E+05 11.6123 1.00000
  3.162E+06 3.164E+06 3.065E+00 4.900E-03 1.931E-01 2.524E-01 4.504E-01 3.516E+00 1.004E+06 11.8424 1.00000
  3.548E+06 3.550E+06 3.084E+00 5.672E-03 2.210E-01 2.860E-01 5.126E-01 3.596E+00 1.112E+06 12.0726 1.00000
  3.981E+06 3.983E+06 3.102E+00 6.558E-03 2.526E-01 3.242E-01 5.833E-01 3.685E+00 1.231E+06 12.3027 1.00000
  4.467E+06 4.469E+06 3.120E+00 7.576E-03 2.886E-01 3.676E-01 6.637E-01 3.783E+00 1.361E+06 12.5329 1.00000
  5.012E+06 5.014E+06 3.137E+00 8.749E-03 3.293E-01 4.170E-01 7.551E-01 3.893E+00 1.503E+06 12.7630 1.00000
  5.623E+06 5.625E+06 3.155E+00 1.010E-02 3.755E-01 4.733E-01 8.589E-01 4.014E+00 1.658E+06 12.9932 1.00000
  6.310E+06 6.311E+06 3.172E+00 1.164E-02 4.278E-01 5.375E-01 9.770E-01 4.149E+00 1.826E+06 13.2234 1.00000
  7.079E+06 7.081E+06 3.190E+00 1.341E-02 4.870E-01 6.105E-01 1.111E+00 4.300E+00 2.008E+06 13.4536 1.00000
  7.943E+06 7.945E+06 3.207E+00 1.544E-02 5.540E-01 6.937E-01 1.263E+00 4.470E+00 2.205E+06 13.6838 1.00000
  8.913E+06 8.914E+06 3.223E+00 1.776E-02 6.298E-01 7.885E-01 1.436E+00 4.659E+00 2.418E+06 13.9140 1.00000
  1.000E+07 1.000E+07 3.240E+00 2.042E-02 7.154E-01 8.965E-01 1.632E+00 4.872E+00 2.646E+06 14.1442 1.00000
  1.122E+07 1.122E+07 3.257E+00 2.345E-02 8.121E-01 1.020E+00 1.855E+00 5.112E+00 2.890E+06 14.3744 1.00000
  1.259E+07 1.259E+07 3.273E+00 2.693E-02 9.213E-01 1.160E+00 2.108E+00 5.381E+00 3.151E+06 14.6046 1.00000
  1.413E+07 1.413E+07 3.289E+00 3.090E-02 1.045E+00 1.320E+00 2.396E+00 5.685E+00 3.429E+06 14.8349 1.00000
  1.585E+07 1.585E+07 3.305E+00 3.543E-02 1.184E+00 1.503E+00 2.722E+00 6.027E+00 3.723E+06 15.0651 1.00000
  1.778E+07 1.778E+07 3.321E+00 4.060E-02 1.340E+00 1.711E+00 3.092E+00 6.414E+00 4.034E+06 15.2953 1.00000
  1.995E+07 1.995E+07 3.337E+00 4.650E-02 1.517E+00 1.949E+00 3.513E+00 6.850E+00 4.362E+06 15.5256 1.00000
  2.239E+07 2.239E+07 3.353E+00 5.323E-02 1.716E+00 2.220E+00 3.990E+00 7.343E+00 4.705E+06 15.7558 1.00000
  2.512E+07 2.512E+07 3.369E+00 6.090E-02 1.940E+00 2.530E+00 4.531E+00 7.900E+00 5.064E+06 15.9861 1.00000
  2.818E+07 2.819E+07 3.385E+00 6.966E-02 2.193E+00 2.883E+00 5.146E+00 8.530E+00 5.437E+06 16.2163 1.00000
  3.162E+07 3.162E+07 3.400E+00 7.963E-02 2.477E+00 3.286E+00 5.843E+00 9.244E+00 5.824E+06 16.4465 1.00000
  3.548E+07 3.548E+07 3.416E+00 9.098E-02 2.797E+00 3.747E+00 6.635E+00 1.005E+01 6.224E+06 16.6768 1.00000
  3.981E+07 3.981E+07 3.431E+00 1.039E-01 3.157E+00 4.272E+00 7.534E+00 1.096E+01 6.637E+06 16.9070 1.00000
  4.467E+07 4.467E+07 3.447E+00 1.186E-01 3.562E+00 4.872E+00 8.553E+00 1.200E+01 7.060E+06 17.1373 1.00000
  5.012E+07 5.012E+07 3.462E+00 1.353E-01 4.018E+00 5.558E+00 9.711E+00 1.317E+01 7.493E+06 17.3675 1.00000
  5.623E+07 5.624E+07 3.478E+00 1.543E-01 4.530E+00 6.340E+00 1.102E+01 1.450E+01 7.936E+06 17.5978 1.00000
  6.310E+07 6.310E+07 3.493E+00 1.759E-01 5.106E+00 7.234E+00 1.252E+01 1.601E+01 8.386E+06 17.8280 1.00000
  7.079E+07 7.080E+07 3.509E+00 2.004E-01 5.753E+00 8.255E+00 1.421E+01 1.772E+01 8.843E+06 18.0583 1.00000
  7.943E+07 7.943E+07 3.524E+00 2.282E-01 6.481E+00 9.421E+00 1.613E+01 1.965E+01 9.306E+06 18.2885 1.00000
  8.913E+07 8.913E+07 3.540E+00 2.598E-01 7.298E+00 1.075E+01 1.831E+01 2.185E+01 9.773E+06 18.5188 1.00000
  1.000E+08 1.000E+08 3.555E+00 2.957E-01 8.217E+00 1.227E+01 2.079E+01 2.434E+01 1.024E+07 18.7490 1.00000
  1.122E+08 1.122E+08 3.571E+00 3.363E-01 9.248E+00 1.401E+01 2.360E+01 2.717E+01 1.072E+07 18.9793 1.00000
  1.259E+08 1.259E+08 3.587E+00 3.824E-01 1.041E+01 1.600E+01 2.679E+01 3.038E+01 1.120E+07 19.2096 1.00000
  1.413E+08 1.413E+08 3.602E+00 4.346E-01 1.171E+01 1.827E+01 3.041E+01 3.402E+01 1.167E+07 19.4398 1.00000
  1.585E+08 1.585E+08 3.618E+00 4.937E-01 1.317E+01 2.087E+01 3.453E+01 3.815E+01 1.215E+07 19.6701 1.00000
  1.778E+08 1.778E+08 3.634E+00 5.606E-01 1.481E+01 2.383E+01 3.920E+01 4.284E+01 1.263E+07 19.9003 1.00000
  1.995E+08 1.995E+08 3.650E+00 6.364E-01 1.666E+01 2.722E+01 4.451E+01 4.816E+01 1.311E+07 20.1306 1.00000
  2.239E+08 2.239E+08 3.666E+00 7.221E-01 1.872E+01 3.109E+01 5.054E+01 5.421E+01 1.358E+07 20.3608 1.00000
  2.512E+08 2.512E+08 3.682E+00 8.191E-01 2.105E+01 3.552E+01 5.739E+01 6.107E+01 1.406E+07 20.5911 1.00000
  2.818E+08 2.818E+08 3.698E+00 9.287E-01 2.366E+01 4.058E+01 6.517E+01 6.887E+01 1.453E+07 20.8213 1.00000
  3.162E+08 3.162E+08 3.714E+00 1.053E+00 2.658E+01 4.637E+01 7.401E+01 7.772E+01 1.500E+07 21.0516 1.00000
  3.548E+08 3.548E+08 3.730E+00 1.193E+00 2.987E+01 5.299E+01 8.405E+01 8.778E+01 1.547E+07 21.2819 1.00000
  3.981E+08 3.981E+08 3.746E+00 1.351E+00 3.356E+01 6.055E+01 9.546E+01 9.921E+01 1.593E+07 21.5121 1.00000
  4.467E+08 4.467E+08 3.763E+00 1.530E+00 3.770E+01 6.920E+01 1.084E+02 1.122E+02 1.639E+07 21.7424 1.00000
  5.012E+08 5.012E+08 3.779E+00 1.731E+00 4.235E+01 7.909E+01 1.232E+02 1.270E+02 1.685E+07 21.9726 1.00000
  5.623E+08 5.623E+08 3.795E+00 1.959E+00 4.757E+01 9.040E+01 1.399E+02 1.437E+02 1.730E+07 22.2029 1.00000
  6.310E+08 6.310E+08 3.812E+00 2.216E+00 5.342E+01 1.033E+02 1.590E+02 1.628E+02 1.775E+07 22.4332 1.00000
  7.079E+08 7.079E+08 3.829E+00 2.506E+00 5.999E+01 1.181E+02 1.806E+02 1.845E+02 1.819E+07 22.6634 1.00000
  7.943E+08 7.943E+08 3.845E+00 2.832E+00 6.736E+01 1.351E+02 2.053E+02 2.091E+02 1.863E+07 22.8937 1.00000
  8.913E+08 8.913E+08 3.862E+00 3.201E+00 7.564E+01 1.544E+02 2.333E+02 2.371E+02 1.907E+07 23.1239 1.00000
  1.000E+09 1.000E+09 3.879E+00 3.616E+00 8.493E+01 1.766E+02 2.651E+02 2.690E+02 1.950E+07 23.3542 1.00000
  1.122E+09 1.122E+09 3.896E+00 4.083E+00 9.535E+01 2.019E+02 3.013E+02 3.052E+02 1.992E+07 23.5844 1.00000
  1.259E+09 1.259E+09 3.913E+00 4.610E+00 1.070E+02 2.309E+02 3.425E+02 3.464E+02 2.034E+07 23.8147 1.00000
  1.413E+09 1.413E+09 3.930E+00 5.204E+00 1.202E+02 2.640E+02 3.894E+02 3.933E+02 2.076E+07 24.0450 1.00000
  1.585E+09 1.585E+09 3.948E+00 5.872E+00 1.349E+02 3.019E+02 4.427E+02 4.467E+02 2.117E+07 24.2752 1.00000
  1.778E+09 1.778E+09 3.965E+00 6.625E+00 1.514E+02 3.453E+02 5.034E+02 5.073E+02 2.158E+07 24.5055 1.00000
  1.995E+09 1.995E+09 3.983E+00 7.471E+00 1.700E+02 3.950E+02 5.724E+02 5.764E+02 2.198E+07 24.7357 1.00000
  2.239E+09 2.239E+09 4.000E+00 8.424E+00 1.908E+02 4.518E+02 6.510E+02 6.550E+02 2.237E+07 24.9660 1.00000
  2.512E+09 2.512E+09 4.018E+00 9.496E+00 2.141E+02 5.169E+02 7.405E+02 7.445E+02 2.276E+07 25.1962 1.00000
  2.818E+09 2.818E+09 4.036E+00 1.070E+01 2.403E+02 5.913E+02 8.423E+02 8.464E+02 2.315E+07 25.4265 1.00000
  3.162E+09 3.162E+09 4.053E+00 1.206E+01 2.697E+02 6.765E+02 9.583E+02 9.623E+02 2.353E+07 25.6568 1.00000
  3.548E+09 3.548E+09 4.071E+00 1.358E+01 3.027E+02 7.740E+02 1.090E+03 1.094E+03 2.391E+07 25.8870 1.00000
  3.981E+09 3.981E+09 4.089E+00 1.530E+01 3.397E+02 8.857E+02 1.241E+03 1.245E+03 2.428E+07 26.1173 1.00000
  4.467E+09 4.467E+09 4.108E+00 1.723E+01 3.812E+02 1.013E+03 1.412E+03 1.416E+03 2.464E+07 26.3475 1.00000
  5.012E+09 5.012E+09 4.126E+00 1.940E+01 4.278E+02 1.160E+03 1.607E+03 1.611E+03 2.500E+07 26.5778 1.00000
  5.623E+09 5.623E+09 4.144E+00 2.183E+01 4.801E+02 1.327E+03 1.829E+03 1.833E+03 2.536E+07 26.8081 1.00000
  6.310E+09 6.310E+09 4.163E+00 2.457E+01 5.388E+02 1.519E+03 2.082E+03 2.086E+03 2.571E+07 27.0383 1.00000
  7.079E+09 7.079E+09 4.181E+00 2.765E+01 6.046E+02 1.738E+03 2.371E+03 2.375E+03 2.606E+07 27.2686 1.00000
  7.943E+09 7.943E+09 4.200E+00 3.110E+01 6.785E+02 1.990E+03 2.699E+03 2.704E+03 2.640E+07 27.4988 1.00000
  8.913E+09 8.913E+09 4.219E+00 3.499E+01 7.614E+02 2.278E+03 3.074E+03 3.078E+03 2.673E+07 27.7291 1.00000
  1.000E+10 1.000E+10 4.238E+00 3.935E+01 8.543E+02 2.607E+03 3.501E+03 3.505E+03 2.706E+07 27.9593 1.00000
  1.122E+10 1.122E+10 4.257E+00 4.425E+01 9.587E+02 2.985E+03 3.988E+03 3.992E+03 2.739E+07 28.1896 1.00000
  1.259E+10 1.259E+10 4.276E+00 4.975E+01 1.076E+03 3.417E+03 4.543E+03 4.547E+03 2.771E+07 28.4198 1.00000
  1.413E+10 1.413E+10 4.295E+00 5.593E+01 1.207E+03 3.913E+03 5.176E+03 5.180E+03 2.803E+07 28.6501 1.00000
  1.585E+10 1.585E+10 4.314E+00 6.287E+01 1.355E+03 4.480E+03 5.897E+03 5.902E+03 2.834E+07 28.8803 1.00000
  1.778E+10 1.778E+10 4.334E+00 7.067E+01 1.520E+03 5.130E+03 6.720E+03 6.725E+03 2.865E+07 29.1105 1.00000
  1.995E+10 1.995E+10 4.353E+00 7.942E+01 1.705E+03 5.874E+03 7.659E+03 7.663E+03 2.895E+07 29.3408 1.00000
  2.239E+10 2.239E+10 4.373E+00 8.924E+01 1.914E+03 6.727E+03 8.730E+03 8.734E+03 2.924E+07 29.5707 1.00000
  2.512E+10 2.512E+10 4.393E+00 1.003E+02 2.147E+03 7.704E+03 9.951E+03 9.956E+03 2.954E+07 29.8009 1.00000
  2.818E+10 2.818E+10 4.412E+00 1.127E+02 2.409E+03 8.823E+03 1.135E+04 1.135E+04 2.983E+07 30.0312 1.00000
  3.162E+10 3.162E+10 4.432E+00 1.266E+02 2.703E+03 1.011E+04 1.294E+04 1.294E+04 3.011E+07 30.2599 1.00000
  3.548E+10 3.548E+10 4.453E+00 1.422E+02 3.033E+03 1.158E+04 1.475E+04 1.476E+04 3.039E+07 30.4902 1.00000
  3.981E+10 3.981E+10 4.473E+00 1.597E+02 3.404E+03 1.326E+04 1.682E+04 1.683E+04 3.066E+07 30.7204 1.00000
  4.467E+10 4.467E+10 4.493E+00 1.793E+02 3.819E+03 1.519E+04 1.919E+04 1.919E+04 3.093E+07 30.9507 1.00000
  5.012E+10 5.012E+10 4.514E+00 2.014E+02 4.285E+03 1.740E+04 2.189E+04 2.189E+04 3.120E+07 31.1744 1.00000
  5.623E+10 5.623E+10 4.535E+00 2.262E+02 4.808E+03 1.994E+04 2.497E+04 2.498E+04 3.146E+07 31.4047 1.00000
  6.310E+10 6.310E+10 4.555E+00 2.539E+02 5.395E+03 2.284E+04 2.849E+04 2.850E+04 3.172E+07 31.6350 1.00000
  7.079E+10 7.079E+10 4.579E+00 2.851E+02 6.053E+03 2.617E+04 3.251E+04 3.252E+04 3.197E+07 31.8361 1.00000
  7.943E+10 7.943E+10 4.600E+00 3.201E+02 6.792E+03 2.999E+04 3.710E+04 3.711E+04 3.222E+07 32.0663 1.00000
  8.913E+10 8.913E+10 4.621E+00 3.594E+02 7.621E+03 3.437E+04 4.235E+04 4.235E+04 3.246E+07 32.2966 1.00000
  1.000E+11 1.000E+11 4.642E+00 4.035E+02 8.551E+03 3.938E+04 4.834E+04 4.834E+04 3.270E+07 32.5268 1.00000
  1.122E+11 1.122E+11 4.663E+00 4.530E+02 9.595E+03 4.513E+04 5.518E+04 5.519E+04 3.294E+07 32.7571 1.00000
  1.259E+11 1.259E+11 4.698E+00 5.085E+02 1.077E+04 5.173E+04 6.300E+04 6.301E+04 3.317E+07 32.8319 1.00000
  1.413E+11 1.413E+11 4.719E+00 5.708E+02 1.208E+04 5.929E+04 7.194E+04 7.195E+04 3.340E+07 33.0621 1.00000
  1.585E+11 1.585E+11 4.741E+00 6.407E+02 1.355E+04 6.796E+04 8.216E+04 8.216E+04 3.362E+07 33.2924 1.00000
  1.778E+11 1.778E+11 4.762E+00 7.192E+02 1.521E+04 7.790E+04 9.383E+04 9.384E+04 3.384E+07 33.5227 1.00000
  1.995E+11 1.995E+11 4.784E+00 8.072E+02 1.706E+04 8.931E+04 1.072E+05 1.072E+05 3.406E+07 33.7529 1.00000
  2.239E+11 2.239E+11 4.806E+00 9.060E+02 1.914E+04 1.024E+05 1.224E+05 1.224E+05 3.427E+07 33.9832 1.00000
  2.512E+11 2.512E+11 4.828E+00 1.017E+03 2.148E+04 1.174E+05 1.399E+05 1.399E+05 3.448E+07 34.2134 1.00000
  2.818E+11 2.818E+11 4.851E+00 1.141E+03 2.410E+04 1.346E+05 1.598E+05 1.598E+05 3.469E+07 34.4437 1.00000
  3.162E+11 3.162E+11 4.873E+00 1.281E+03 2.704E+04 1.543E+05 1.826E+05 1.826E+05 3.489E+07 34.6740 1.00000
  3.548E+11 3.548E+11 4.895E+00 1.437E+03 3.034E+04 1.769E+05 2.087E+05 2.087E+05 3.508E+07 34.9042 1.00000
  3.981E+11 3.981E+11 4.918E+00 1.613E+03 3.405E+04 2.029E+05 2.386E+05 2.386E+05 3.528E+07 35.1345 1.00000
  4.467E+11 4.467E+11 4.941E+00 1.810E+03 3.820E+04 2.327E+05 2.727E+05 2.727E+05 3.547E+07 35.3647 1.00000
  5.012E+11 5.012E+11 4.964E+00 2.032E+03 4.286E+04 2.669E+05 3.118E+05 3.118E+05 3.566E+07 35.5950 1.00000
  5.623E+11 5.623E+11 4.987E+00 2.280E+03 4.809E+04 3.061E+05 3.564E+05 3.564E+05 3.584E+07 35.8253 1.00000
  6.310E+11 6.310E+11 5.010E+00 2.558E+03 5.396E+04 3.510E+05 4.076E+05 4.076E+05 3.602E+07 36.0555 1.00000
  7.079E+11 7.079E+11 5.033E+00 2.871E+03 6.054E+04 4.027E+05 4.661E+05 4.661E+05 3.620E+07 36.2858 1.00000
  7.943E+11 7.943E+11 5.056E+00 3.221E+03 6.793E+04 4.619E+05 5.330E+05 5.330E+05 3.637E+07 36.5160 1.00000
  8.913E+11 8.913E+11 5.080E+00 3.615E+03 7.622E+04 5.299E+05 6.097E+05 6.097E+05 3.654E+07 36.7463 1.00000
  1.000E+12 1.000E+12 5.104E+00 4.056E+03 8.552E+04 6.078E+05 6.974E+05 6.974E+05 3.671E+07 36.9765 1.00000
  1.122E+12 1.122E+12 5.127E+00 4.552E+03 9.595E+04 6.974E+05 7.979E+05 7.979E+05 3.687E+07 37.2068 1.00000
  1.259E+12 1.259E+12 5.151E+00 5.108E+03 1.077E+05 8.001E+05 9.129E+05 9.129E+05 3.703E+07 37.4371 1.00000
  1.413E+12 1.413E+12 5.175E+00 5.731E+03 1.208E+05 9.180E+05 1.045E+06 1.045E+06 3.719E+07 37.6673 1.00000
  1.585E+12 1.585E+12 5.199E+00 6.431E+03 1.355E+05 1.053E+06 1.195E+06 1.195E+06 3.734E+07 37.8976 1.00000
  1.778E+12 1.778E+12 5.224E+00 7.216E+03 1.521E+05 1.209E+06 1.368E+06 1.368E+06 3.749E+07 38.1278 1.00000
  1.995E+12 1.995E+12 5.248E+00 8.097E+03 1.706E+05 1.387E+06 1.566E+06 1.566E+06 3.764E+07 38.3581 1.00000
  2.239E+12 2.239E+12 5.273E+00 9.085E+03 1.915E+05 1.592E+06 1.792E+06 1.792E+06 3.779E+07 38.5884 1.00000
  2.512E+12 2.512E+12 5.297E+00 1.019E+04 2.148E+05 1.827E+06 2.052E+06 2.052E+06 3.793E+07 38.8186 1.00000
  2.818E+12 2.818E+12 5.322E+00 1.144E+04 2.410E+05 2.097E+06 2.349E+06 2.349E+06 3.807E+07 39.0489 1.00000
  3.162E+12 3.162E+12 5.347E+00 1.284E+04 2.704E+05 2.407E+06 2.690E+06 2.690E+06 3.820E+07 39.2791 1.00000
  3.548E+12 3.548E+12 5.372E+00 1.440E+04 3.034E+05 2.763E+06 3.081E+06 3.081E+06 3.834E+07 39.5094 1.00000
  3.981E+12 3.981E+12 5.398E+00 1.616E+04 3.405E+05 3.171E+06 3.528E+06 3.528E+06 3.847E+07 39.7396 1.00000
  4.467E+12 4.467E+12 5.423E+00 1.813E+04 3.820E+05 3.641E+06 4.041E+06 4.041E+06 3.860E+07 39.9699 1.00000
  5.012E+12 5.012E+12 5.449E+00 2.034E+04 4.286E+05 4.180E+06 4.629E+06 4.629E+06 3.872E+07 40.2002 1.00000
  5.623E+12 5.623E+12 5.474E+00 2.283E+04 4.809E+05 4.799E+06 5.302E+06 5.302E+06 3.885E+07 40.4304 1.00000
  6.310E+12 6.310E+12 5.500E+00 2.561E+04 5.396E+05 5.510E+06 6.075E+06 6.075E+06 3.897E+07 40.6607 1.00000
  7.079E+12 7.079E+12 5.526E+00 2.874E+04 6.054E+05 6.326E+06 6.960E+06 6.960E+06 3.909E+07 40.8909 1.00000
  7.943E+12 7.943E+12 5.552E+00 3.225E+04 6.793E+05 7.264E+06 7.976E+06 7.976E+06 3.920E+07 41.1212 1.00000
  8.913E+12 8.913E+12 5.578E+00 3.618E+04 7.622E+05 8.341E+06 9.140E+06 9.140E+06 3.932E+07 41.3515 1.00000
  1.000E+13 1.000E+13 5.605E+00 4.060E+04 8.552E+05 9.579E+06 1.047E+07 1.047E+07 3.943E+07 41.5817 1.00000
  1.122E+13 1.122E+13 5.631E+00 4.555E+04 9.595E+05 1.100E+07 1.201E+07 1.201E+07 3.954E+07 41.8120 1.00000
  1.259E+13 1.259E+13 5.658E+00 5.111E+04 1.077E+06 1.263E+07 1.376E+07 1.376E+07 3.964E+07 42.0422 1.00000
  1.413E+13 1.413E+13 5.685E+00 5.735E+04 1.208E+06 1.451E+07 1.578E+07 1.578E+07 3.975E+07 42.2725 1.00000
  1.585E+13 1.585E+13 5.712E+00 6.434E+04 1.355E+06 1.667E+07 1.809E+07 1.809E+07 3.985E+07 42.5027 1.00000
  1.778E+13 1.778E+13 5.739E+00 7.220E+04 1.521E+06 1.915E+07 2.074E+07 2.074E+07 3.995E+07 42.7330 1.00000
  1.995E+13 1.995E+13 5.766E+00 8.100E+04 1.706E+06 2.199E+07 2.378E+07 2.378E+07 4.005E+07 42.9633 1.00000
  2.239E+13 2.239E+13 5.793E+00 9.089E+04 1.914E+06 2.526E+07 2.727E+07 2.727E+07 4.014E+07 43.1935 1.00000
  2.512E+13 2.512E+13 5.821E+00 1.020E+05 2.148E+06 2.902E+07 3.127E+07 3.127E+07 4.023E+07 43.4238 1.00000
  2.818E+13 2.818E+13 5.849E+00 1.144E+05 2.410E+06 3.334E+07 3.587E+07 3.587E+07 4.033E+07 43.6540 1.00000
  3.162E+13 3.162E+13 5.877E+00 1.284E+05 2.704E+06 3.831E+07 4.114E+07 4.114E+07 4.042E+07 43.8843 1.00000
  3.548E+13 3.548E+13 5.905E+00 1.441E+05 3.034E+06 4.402E+07 4.720E+07 4.720E+07 4.050E+07 44.1146 1.00000
  3.981E+13 3.981E+13 5.933E+00 1.616E+05 3.404E+06 5.058E+07 5.415E+07 5.415E+07 4.059E+07 44.3448 1.00000
  4.467E+13 4.467E+13 5.961E+00 1.814E+05 3.820E+06 5.812E+07 6.212E+07 6.212E+07 4.067E+07 44.5751 1.00000
  5.012E+13 5.012E+13 5.989E+00 2.035E+05 4.286E+06 6.679E+07 7.128E+07 7.128E+07 4.075E+07 44.8053 1.00000
  5.623E+13 5.623E+13 6.018E+00 2.283E+05 4.809E+06 7.675E+07 8.179E+07 8.179E+07 4.083E+07 45.0356 1.00000
  6.310E+13 6.310E+13 6.047E+00 2.562E+05 5.395E+06 8.821E+07 9.386E+07 9.386E+07 4.091E+07 45.2658 1.00000
  7.079E+13 7.079E+13 6.076E+00 2.874E+05 6.054E+06 1.014E+08 1.077E+08 1.077E+08 4.099E+07 45.4961 1.00000
  7.943E+13 7.943E+13 6.105E+00 3.225E+05 6.792E+06 1.165E+08 1.236E+08 1.236E+08 4.106E+07 45.7264 1.00000
  8.913E+13 8.913E+13 6.134E+00 3.618E+05 7.621E+06 1.339E+08 1.419E+08 1.419E+08 4.114E+07 45.9566 1.00000
  1.000E+14 1.000E+14 6.163E+00 4.060E+05 8.551E+06 1.540E+08 1.629E+08 1.629E+08 4.121E+07 46.1869 1.00000
  1.122E+14 1.122E+14 6.193E+00 4.555E+05 9.594E+06 1.770E+08 1.870E+08 1.870E+08 4.128E+07 46.4171 1.00000
  1.259E+14 1.259E+14 6.222E+00 5.111E+05 1.076E+07 2.034E+08 2.147E+08 2.147E+08 4.135E+07 46.6474 1.00000
  1.413E+14 1.413E+14 6.252E+00 5.735E+05 1.208E+07 2.339E+08 2.465E+08 2.465E+08 4.141E+07 46.8777 1.00000
  1.585E+14 1.585E+14 6.282E+00 6.435E+05 1.355E+07 2.689E+08 2.831E+08 2.831E+08 4.148E+07 47.1079 1.00000
  1.778E+14 1.778E+14 6.312E+00 7.220E+05 1.521E+07 3.091E+08 3.251E+08 3.251E+08 4.154E+07 47.3382 1.00000
  1.995E+14 1.995E+14 6.343E+00 8.101E+05 1.706E+07 3.554E+08 3.733E+08 3.733E+08 4.160E+07 47.5684 1.00000
  2.239E+14 2.239E+14 6.373E+00 9.089E+05 1.914E+07 4.087E+08 4.287E+08 4.287E+08 4.167E+07 47.7987 1.00000
  2.512E+14 2.512E+14 6.404E+00 1.020E+06 2.148E+07 4.700E+08 4.924E+08 4.924E+08 4.172E+07 48.0290 1.00000
  2.818E+14 2.818E+14 6.435E+00 1.144E+06 2.410E+07 5.404E+08 5.657E+08 5.657E+08 4.178E+07 48.2592 1.00000
  3.162E+14 3.162E+14 6.466E+00 1.284E+06 2.704E+07 6.215E+08 6.498E+08 6.498E+08 4.184E+07 48.4895 1.00000
  3.548E+14 3.548E+14 6.497E+00 1.441E+06 3.034E+07 7.147E+08 7.465E+08 7.465E+08 4.189E+07 48.7197 1.00000
  3.981E+14 3.981E+14 6.528E+00 1.616E+06 3.404E+07 8.220E+08 8.576E+08 8.576E+08 4.195E+07 48.9500 1.00000
  4.467E+14 4.467E+14 6.559E+00 1.814E+06 3.819E+07 9.454E+08 9.854E+08 9.854E+08 4.200E+07 49.1802 1.00000
  5.012E+14 5.012E+14 6.591E+00 2.035E+06 4.285E+07 1.087E+09 1.132E+09 1.132E+09 4.205E+07 49.4105 1.00000
  5.623E+14 5.623E+14 6.623E+00 2.283E+06 4.808E+07 1.251E+09 1.301E+09 1.301E+09 4.210E+07 49.6408 1.00000
  6.310E+14 6.310E+14 6.655E+00 2.562E+06 5.395E+07 1.439E+09 1.495E+09 1.495E+09 4.215E+07 49.8710 1.00000
  7.079E+14 7.079E+14 6.687E+00 2.874E+06 6.053E+07 1.655E+09 1.718E+09 1.718E+09 4.220E+07 50.1013 1.00000
  7.943E+14 7.943E+14 6.719E+00 3.225E+06 6.792E+07 1.904E+09 1.975E+09 1.975E+09 4.225E+07 50.3315 1.00000
  8.913E+14 8.913E+14 6.752E+00 3.619E+06 7.620E+07 2.190E+09 2.270E+09 2.270E+09 4.229E+07 50.5618 1.00000
  1.000E+15 1.000E+15 6.784E+00 4.060E+06 8.550E+07 2.520E+09 2.609E+09 2.609E+09 4.234E+07 50.7921 1.00000
