 Incident particle is a Tau with M = 1776.82000 MeV
 Index = 0: SodiumMonoxide
      Absorber with <Z/A> = 0.48404
 Density effect computed following Fano (1963)
 Models for Radloss: brems =  SSR, pair =  SSR, photonuc = DRSS

 *** Table generated with PUMAS v1.1 ***

      T         p     Ionization  brems     pair     photonuc  Radloss    dE/dx   CSDA Range  delta   beta
    [MeV]    [MeV/c]  -----------------------[MeV cm^2/g]------------------------  [g/cm^2]
  1.000E+05 1.018E+05 2.072E+00 5.215E-05 2.966E-03 6.599E-03 9.617E-03 2.082E+00 2.401E+04  4.1163 0.99985
  1.122E+05 1.140E+05 2.092E+00 6.310E-05 3.571E-03 7.472E-03 1.111E-02 2.103E+00 2.985E+04  4.3146 0.99988
  1.259E+05 1.277E+05 2.111E+00 7.620E-05 4.285E-03 8.442E-03 1.280E-02 2.124E+00 3.632E+04  4.5158 0.99990
  1.413E+05 1.430E+05 2.130E+00 9.188E-05 5.125E-03 9.511E-03 1.473E-02 2.145E+00 4.352E+04  4.7199 0.99992
  1.585E+05 1.603E+05 2.149E+00 1.106E-04 6.112E-03 1.072E-02 1.695E-02 2.166E+00 5.151E+04  4.9268 0.99994
  1.778E+05 1.796E+05 2.168E+00 1.328E-04 7.268E-03 1.206E-02 1.947E-02 2.188E+00 6.040E+04  5.1365 0.99995
  1.995E+05 2.013E+05 2.187E+00 1.593E-04 8.622E-03 1.358E-02 2.236E-02 2.209E+00 7.026E+04  5.3488 0.99996
  2.239E+05 2.256E+05 2.206E+00 1.906E-04 1.020E-02 1.527E-02 2.566E-02 2.231E+00 8.123E+04  5.5635 0.99997
  2.512E+05 2.530E+05 2.224E+00 2.277E-04 1.205E-02 1.714E-02 2.942E-02 2.253E+00 9.341E+04  5.7805 0.99998
  2.818E+05 2.836E+05 2.242E+00 2.715E-04 1.419E-02 1.926E-02 3.373E-02 2.276E+00 1.069E+05  5.9996 0.99998
  3.162E+05 3.180E+05 2.261E+00 3.232E-04 1.668E-02 2.165E-02 3.866E-02 2.299E+00 1.220E+05  6.2204 0.99998
  3.548E+05 3.566E+05 2.279E+00 3.840E-04 1.958E-02 2.432E-02 4.428E-02 2.323E+00 1.387E+05  6.4427 0.99999
  3.981E+05 3.999E+05 2.297E+00 4.554E-04 2.293E-02 2.730E-02 5.068E-02 2.347E+00 1.572E+05  6.6664 0.99999
  4.467E+05 4.485E+05 2.315E+00 5.391E-04 2.681E-02 3.066E-02 5.801E-02 2.373E+00 1.778E+05  6.8912 0.99999
  5.012E+05 5.030E+05 2.332E+00 6.371E-04 3.129E-02 3.441E-02 6.634E-02 2.399E+00 2.006E+05  7.1170 0.99999
  5.623E+05 5.641E+05 2.350E+00 7.519E-04 3.645E-02 3.866E-02 7.586E-02 2.426E+00 2.260E+05  7.3435 1.00000
  6.310E+05 6.327E+05 2.368E+00 8.858E-04 4.241E-02 4.345E-02 8.674E-02 2.454E+00 2.541E+05  7.5708 1.00000
  7.079E+05 7.097E+05 2.385E+00 1.042E-03 4.927E-02 4.885E-02 9.916E-02 2.484E+00 2.853E+05  7.7985 1.00000
  7.943E+05 7.961E+05 2.403E+00 1.224E-03 5.714E-02 5.493E-02 1.133E-01 2.516E+00 3.198E+05  8.0267 1.00000
  8.913E+05 8.930E+05 2.420E+00 1.435E-03 6.619E-02 6.177E-02 1.294E-01 2.549E+00 3.581E+05  8.2552 1.00000
  1.000E+06 1.002E+06 2.437E+00 1.681E-03 7.656E-02 6.954E-02 1.478E-01 2.585E+00 4.004E+05  8.4841 1.00000
  1.122E+06 1.124E+06 2.454E+00 1.966E-03 8.845E-02 7.828E-02 1.687E-01 2.623E+00 4.473E+05  8.7132 1.00000
  1.259E+06 1.261E+06 2.471E+00 2.296E-03 1.020E-01 8.821E-02 1.925E-01 2.664E+00 4.991E+05  8.9425 1.00000
  1.413E+06 1.414E+06 2.488E+00 2.679E-03 1.176E-01 9.941E-02 2.197E-01 2.708E+00 5.563E+05  9.1719 1.00000
  1.585E+06 1.587E+06 2.505E+00 3.121E-03 1.353E-01 1.121E-01 2.506E-01 2.756E+00 6.194E+05  9.4015 1.00000
  1.778E+06 1.780E+06 2.522E+00 3.632E-03 1.556E-01 1.265E-01 2.857E-01 2.808E+00 6.889E+05  9.6312 1.00000
  1.995E+06 1.997E+06 2.538E+00 4.221E-03 1.786E-01 1.428E-01 3.257E-01 2.864E+00 7.654E+05  9.8610 1.00000
  2.239E+06 2.240E+06 2.555E+00 4.903E-03 2.049E-01 1.614E-01 3.712E-01 2.926E+00 8.495E+05 10.0909 1.00000
  2.512E+06 2.514E+06 2.571E+00 5.689E-03 2.348E-01 1.824E-01 4.229E-01 2.994E+00 9.418E+05 10.3208 1.00000
  2.818E+06 2.820E+06 2.587E+00 6.594E-03 2.688E-01 2.063E-01 4.817E-01 3.069E+00 1.043E+06 10.5508 1.00000
  3.162E+06 3.164E+06 2.603E+00 7.634E-03 3.073E-01 2.334E-01 5.484E-01 3.152E+00 1.153E+06 10.7808 1.00000
  3.548E+06 3.550E+06 2.619E+00 8.829E-03 3.511E-01 2.642E-01 6.242E-01 3.243E+00 1.274E+06 11.0109 1.00000
  3.981E+06 3.983E+06 2.635E+00 1.020E-02 4.008E-01 2.993E-01 7.102E-01 3.345E+00 1.406E+06 11.2409 1.00000
  4.467E+06 4.469E+06 2.650E+00 1.178E-02 4.570E-01 3.391E-01 8.079E-01 3.458E+00 1.548E+06 11.4711 1.00000
  5.012E+06 5.014E+06 2.666E+00 1.359E-02 5.207E-01 3.845E-01 9.188E-01 3.585E+00 1.703E+06 11.7012 1.00000
  5.623E+06 5.625E+06 2.681E+00 1.567E-02 5.928E-01 4.361E-01 1.045E+00 3.726E+00 1.871E+06 11.9313 1.00000
  6.310E+06 6.311E+06 2.696E+00 1.806E-02 6.744E-01 4.950E-01 1.187E+00 3.883E+00 2.051E+06 12.1615 1.00000
  7.079E+06 7.081E+06 2.711E+00 2.079E-02 7.665E-01 5.619E-01 1.349E+00 4.060E+00 2.245E+06 12.3917 1.00000
  7.943E+06 7.945E+06 2.726E+00 2.391E-02 8.707E-01 6.382E-01 1.533E+00 4.258E+00 2.452E+06 12.6219 1.00000
  8.913E+06 8.914E+06 2.740E+00 2.749E-02 9.883E-01 7.251E-01 1.741E+00 4.481E+00 2.674E+06 12.8521 1.00000
  1.000E+07 1.000E+07 2.755E+00 3.158E-02 1.121E+00 8.241E-01 1.977E+00 4.732E+00 2.910E+06 13.0823 1.00000
  1.122E+07 1.122E+07 2.769E+00 3.625E-02 1.271E+00 9.370E-01 2.244E+00 5.013E+00 3.161E+06 13.3125 1.00000
  1.259E+07 1.259E+07 2.783E+00 4.159E-02 1.440E+00 1.066E+00 2.547E+00 5.330E+00 3.426E+06 13.5427 1.00000
  1.413E+07 1.413E+07 2.797E+00 4.768E-02 1.630E+00 1.212E+00 2.890E+00 5.688E+00 3.705E+06 13.7729 1.00000
  1.585E+07 1.585E+07 2.811E+00 5.463E-02 1.845E+00 1.380E+00 3.279E+00 6.091E+00 3.998E+06 14.0031 1.00000
  1.778E+07 1.778E+07 2.825E+00 6.256E-02 2.087E+00 1.571E+00 3.720E+00 6.545E+00 4.304E+06 14.2334 1.00000
  1.995E+07 1.995E+07 2.839E+00 7.160E-02 2.359E+00 1.788E+00 4.219E+00 7.058E+00 4.623E+06 14.4636 1.00000
  2.239E+07 2.239E+07 2.853E+00 8.190E-02 2.666E+00 2.037E+00 4.784E+00 7.637E+00 4.954E+06 14.6938 1.00000
  2.512E+07 2.512E+07 2.867E+00 9.365E-02 3.011E+00 2.320E+00 5.425E+00 8.291E+00 5.298E+06 14.9241 1.00000
  2.818E+07 2.819E+07 2.880E+00 1.070E-01 3.399E+00 2.644E+00 6.150E+00 9.030E+00 5.652E+06 15.1543 1.00000
  3.162E+07 3.162E+07 2.894E+00 1.223E-01 3.836E+00 3.013E+00 6.971E+00 9.865E+00 6.016E+06 15.3846 1.00000
  3.548E+07 3.548E+07 2.907E+00 1.396E-01 4.327E+00 3.435E+00 7.902E+00 1.081E+01 6.390E+06 15.6148 1.00000
  3.981E+07 3.981E+07 2.921E+00 1.593E-01 4.880E+00 3.916E+00 8.955E+00 1.188E+01 6.772E+06 15.8451 1.00000
  4.467E+07 4.467E+07 2.934E+00 1.816E-01 5.501E+00 4.466E+00 1.015E+01 1.308E+01 7.161E+06 16.0753 1.00000
  5.012E+07 5.012E+07 2.948E+00 2.071E-01 6.199E+00 5.093E+00 1.150E+01 1.445E+01 7.558E+06 16.3056 1.00000
  5.623E+07 5.624E+07 2.961E+00 2.360E-01 6.984E+00 5.810E+00 1.303E+01 1.599E+01 7.960E+06 16.5358 1.00000
  6.310E+07 6.310E+07 2.975E+00 2.687E-01 7.866E+00 6.628E+00 1.476E+01 1.774E+01 8.367E+06 16.7661 1.00000
  7.079E+07 7.080E+07 2.988E+00 3.059E-01 8.857E+00 7.563E+00 1.673E+01 1.971E+01 8.779E+06 16.9963 1.00000
  7.943E+07 7.943E+07 3.001E+00 3.481E-01 9.971E+00 8.630E+00 1.895E+01 2.195E+01 9.194E+06 17.2266 1.00000
  8.913E+07 8.913E+07 3.015E+00 3.959E-01 1.122E+01 9.850E+00 2.147E+01 2.448E+01 9.612E+06 17.4568 1.00000
  1.000E+08 1.000E+08 3.028E+00 4.501E-01 1.263E+01 1.124E+01 2.432E+01 2.735E+01 1.003E+07 17.6871 1.00000
  1.122E+08 1.122E+08 3.042E+00 5.115E-01 1.420E+01 1.284E+01 2.755E+01 3.059E+01 1.045E+07 17.9173 1.00000
  1.259E+08 1.259E+08 3.056E+00 5.810E-01 1.598E+01 1.465E+01 3.121E+01 3.427E+01 1.088E+07 18.1476 1.00000
  1.413E+08 1.413E+08 3.069E+00 6.596E-01 1.796E+01 1.673E+01 3.536E+01 3.843E+01 1.130E+07 18.3778 1.00000
  1.585E+08 1.585E+08 3.083E+00 7.486E-01 2.020E+01 1.911E+01 4.006E+01 4.314E+01 1.172E+07 18.6081 1.00000
  1.778E+08 1.778E+08 3.096E+00 8.493E-01 2.271E+01 2.182E+01 4.538E+01 4.848E+01 1.214E+07 18.8384 1.00000
  1.995E+08 1.995E+08 3.110E+00 9.632E-01 2.552E+01 2.493E+01 5.141E+01 5.452E+01 1.257E+07 19.0686 1.00000
  2.239E+08 2.239E+08 3.124E+00 1.092E+00 2.868E+01 2.847E+01 5.825E+01 6.137E+01 1.299E+07 19.2989 1.00000
  2.512E+08 2.512E+08 3.138E+00 1.237E+00 3.223E+01 3.253E+01 6.600E+01 6.913E+01 1.341E+07 19.5291 1.00000
  2.818E+08 2.818E+08 3.152E+00 1.401E+00 3.621E+01 3.716E+01 7.478E+01 7.793E+01 1.382E+07 19.7594 1.00000
  3.162E+08 3.162E+08 3.166E+00 1.587E+00 4.069E+01 4.246E+01 8.473E+01 8.790E+01 1.424E+07 19.9896 1.00000
  3.548E+08 3.548E+08 3.180E+00 1.796E+00 4.570E+01 4.852E+01 9.602E+01 9.920E+01 1.465E+07 20.2199 1.00000
  3.981E+08 3.981E+08 3.194E+00 2.032E+00 5.134E+01 5.544E+01 1.088E+02 1.120E+02 1.506E+07 20.4502 1.00000
  4.467E+08 4.467E+08 3.208E+00 2.299E+00 5.766E+01 6.336E+01 1.233E+02 1.265E+02 1.547E+07 20.6804 1.00000
  5.012E+08 5.012E+08 3.222E+00 2.599E+00 6.475E+01 7.242E+01 1.398E+02 1.430E+02 1.588E+07 20.9107 1.00000
  5.623E+08 5.623E+08 3.237E+00 2.938E+00 7.271E+01 8.277E+01 1.584E+02 1.617E+02 1.628E+07 21.1409 1.00000
  6.310E+08 6.310E+08 3.251E+00 3.320E+00 8.165E+01 9.461E+01 1.796E+02 1.828E+02 1.668E+07 21.3712 1.00000
  7.079E+08 7.079E+08 3.265E+00 3.750E+00 9.168E+01 1.082E+02 2.036E+02 2.069E+02 1.707E+07 21.6014 1.00000
  7.943E+08 7.943E+08 3.280E+00 4.235E+00 1.029E+02 1.237E+02 2.308E+02 2.341E+02 1.746E+07 21.8317 1.00000
  8.913E+08 8.913E+08 3.295E+00 4.781E+00 1.156E+02 1.414E+02 2.617E+02 2.650E+02 1.785E+07 22.0620 1.00000
  1.000E+09 1.000E+09 3.309E+00 5.396E+00 1.297E+02 1.616E+02 2.968E+02 3.001E+02 1.824E+07 22.2922 1.00000
  1.122E+09 1.122E+09 3.324E+00 6.088E+00 1.456E+02 1.848E+02 3.365E+02 3.399E+02 1.862E+07 22.5225 1.00000
  1.259E+09 1.259E+09 3.339E+00 6.867E+00 1.635E+02 2.114E+02 3.817E+02 3.850E+02 1.900E+07 22.7527 1.00000
  1.413E+09 1.413E+09 3.354E+00 7.744E+00 1.835E+02 2.417E+02 4.330E+02 4.363E+02 1.937E+07 22.9830 1.00000
  1.585E+09 1.585E+09 3.369E+00 8.730E+00 2.060E+02 2.764E+02 4.911E+02 4.945E+02 1.974E+07 23.2133 1.00000
  1.778E+09 1.778E+09 3.384E+00 9.840E+00 2.312E+02 3.162E+02 5.572E+02 5.606E+02 2.011E+07 23.4435 1.00000
  1.995E+09 1.995E+09 3.399E+00 1.109E+01 2.595E+02 3.616E+02 6.322E+02 6.356E+02 2.048E+07 23.6738 1.00000
  2.239E+09 2.239E+09 3.414E+00 1.249E+01 2.912E+02 4.137E+02 7.174E+02 7.208E+02 2.083E+07 23.9040 1.00000
  2.512E+09 2.512E+09 3.430E+00 1.407E+01 3.268E+02 4.732E+02 8.141E+02 8.175E+02 2.119E+07 24.1343 1.00000
  2.818E+09 2.818E+09 3.445E+00 1.584E+01 3.668E+02 5.414E+02 9.240E+02 9.274E+02 2.154E+07 24.3645 1.00000
  3.162E+09 3.162E+09 3.460E+00 1.784E+01 4.117E+02 6.193E+02 1.049E+03 1.052E+03 2.189E+07 24.5948 1.00000
  3.548E+09 3.548E+09 3.476E+00 2.008E+01 4.620E+02 7.086E+02 1.191E+03 1.194E+03 2.223E+07 24.8251 1.00000
  3.981E+09 3.981E+09 3.492E+00 2.260E+01 5.184E+02 8.108E+02 1.352E+03 1.355E+03 2.257E+07 25.0553 1.00000
  4.467E+09 4.467E+09 3.507E+00 2.543E+01 5.818E+02 9.278E+02 1.535E+03 1.539E+03 2.291E+07 25.2856 1.00000
  5.012E+09 5.012E+09 3.523E+00 2.861E+01 6.529E+02 1.062E+03 1.743E+03 1.747E+03 2.324E+07 25.5158 1.00000
  5.623E+09 5.623E+09 3.539E+00 3.218E+01 7.327E+02 1.215E+03 1.980E+03 1.983E+03 2.357E+07 25.7461 1.00000
  6.310E+09 6.310E+09 3.555E+00 3.619E+01 8.222E+02 1.391E+03 2.249E+03 2.252E+03 2.390E+07 25.9763 1.00000
  7.079E+09 7.079E+09 3.571E+00 4.070E+01 9.226E+02 1.592E+03 2.555E+03 2.558E+03 2.422E+07 26.2066 1.00000
  7.943E+09 7.943E+09 3.588E+00 4.576E+01 1.035E+03 1.822E+03 2.903E+03 2.906E+03 2.453E+07 26.4369 1.00000
  8.913E+09 8.913E+09 3.604E+00 5.144E+01 1.162E+03 2.085E+03 3.298E+03 3.302E+03 2.485E+07 26.6671 1.00000
  1.000E+10 1.000E+10 3.620E+00 5.782E+01 1.304E+03 2.387E+03 3.748E+03 3.752E+03 2.515E+07 26.8974 1.00000
  1.122E+10 1.122E+10 3.637E+00 6.499E+01 1.463E+03 2.733E+03 4.260E+03 4.264E+03 2.546E+07 27.1276 1.00000
  1.259E+10 1.259E+10 3.653E+00 7.304E+01 1.641E+03 3.129E+03 4.843E+03 4.847E+03 2.576E+07 27.3579 1.00000
  1.413E+10 1.413E+10 3.670E+00 8.207E+01 1.842E+03 3.582E+03 5.506E+03 5.509E+03 2.606E+07 27.5881 1.00000
  1.585E+10 1.585E+10 3.687E+00 9.221E+01 2.067E+03 4.101E+03 6.260E+03 6.264E+03 2.635E+07 27.8183 1.00000
  1.778E+10 1.778E+10 3.704E+00 1.036E+02 2.319E+03 4.696E+03 7.119E+03 7.122E+03 2.664E+07 28.0486 1.00000
  1.995E+10 1.995E+10 3.721E+00 1.164E+02 2.602E+03 5.378E+03 8.096E+03 8.100E+03 2.693E+07 28.2788 1.00000
  2.239E+10 2.239E+10 3.738E+00 1.307E+02 2.920E+03 6.158E+03 9.209E+03 9.212E+03 2.721E+07 28.5087 1.00000
  2.512E+10 2.512E+10 3.755E+00 1.468E+02 3.276E+03 7.053E+03 1.048E+04 1.048E+04 2.748E+07 28.7390 1.00000
  2.818E+10 2.818E+10 3.772E+00 1.649E+02 3.676E+03 8.077E+03 1.192E+04 1.192E+04 2.776E+07 28.9692 1.00000
  3.162E+10 3.162E+10 3.789E+00 1.852E+02 4.124E+03 9.252E+03 1.356E+04 1.357E+04 2.803E+07 29.1979 1.00000
  3.548E+10 3.548E+10 3.807E+00 2.080E+02 4.628E+03 1.060E+04 1.543E+04 1.544E+04 2.830E+07 29.4282 1.00000
  3.981E+10 3.981E+10 3.824E+00 2.335E+02 5.193E+03 1.214E+04 1.756E+04 1.757E+04 2.856E+07 29.6584 1.00000
  4.467E+10 4.467E+10 3.842E+00 2.622E+02 5.826E+03 1.391E+04 1.999E+04 2.000E+04 2.882E+07 29.8887 1.00000
  5.012E+10 5.012E+10 3.860E+00 2.944E+02 6.537E+03 1.593E+04 2.276E+04 2.277E+04 2.907E+07 30.1125 1.00000
  5.623E+10 5.623E+10 3.878E+00 3.305E+02 7.335E+03 1.825E+04 2.592E+04 2.592E+04 2.932E+07 30.3427 1.00000
  6.310E+10 6.310E+10 3.896E+00 3.710E+02 8.230E+03 2.091E+04 2.951E+04 2.952E+04 2.957E+07 30.5730 1.00000
  7.079E+10 7.079E+10 3.916E+00 4.165E+02 9.235E+03 2.396E+04 3.361E+04 3.362E+04 2.982E+07 30.7741 1.00000
  7.943E+10 7.943E+10 3.934E+00 4.676E+02 1.036E+04 2.746E+04 3.828E+04 3.829E+04 3.006E+07 31.0044 1.00000
  8.913E+10 8.913E+10 3.953E+00 5.249E+02 1.163E+04 3.146E+04 4.361E+04 4.362E+04 3.029E+07 31.2346 1.00000
  1.000E+11 1.000E+11 3.971E+00 5.891E+02 1.305E+04 3.605E+04 4.969E+04 4.969E+04 3.053E+07 31.4649 1.00000
  1.122E+11 1.122E+11 3.989E+00 6.613E+02 1.464E+04 4.132E+04 5.662E+04 5.662E+04 3.076E+07 31.6951 1.00000
  1.259E+11 1.259E+11 4.019E+00 7.422E+02 1.642E+04 4.736E+04 6.452E+04 6.453E+04 3.098E+07 31.7699 1.00000
  1.413E+11 1.413E+11 4.038E+00 8.330E+02 1.843E+04 5.428E+04 7.354E+04 7.354E+04 3.121E+07 32.0002 1.00000
  1.585E+11 1.585E+11 4.057E+00 9.349E+02 2.068E+04 6.222E+04 8.383E+04 8.383E+04 3.143E+07 32.2304 1.00000
  1.778E+11 1.778E+11 4.076E+00 1.049E+03 2.320E+04 7.132E+04 9.557E+04 9.557E+04 3.164E+07 32.4607 1.00000
  1.995E+11 1.995E+11 4.095E+00 1.178E+03 2.603E+04 8.176E+04 1.090E+05 1.090E+05 3.185E+07 32.6910 1.00000
  2.239E+11 2.239E+11 4.114E+00 1.322E+03 2.921E+04 9.373E+04 1.243E+05 1.243E+05 3.206E+07 32.9212 1.00000
  2.512E+11 2.512E+11 4.133E+00 1.483E+03 3.277E+04 1.075E+05 1.417E+05 1.417E+05 3.227E+07 33.1515 1.00000
  2.818E+11 2.818E+11 4.152E+00 1.664E+03 3.677E+04 1.232E+05 1.616E+05 1.616E+05 3.247E+07 33.3817 1.00000
  3.162E+11 3.162E+11 4.172E+00 1.868E+03 4.125E+04 1.413E+05 1.844E+05 1.844E+05 3.267E+07 33.6120 1.00000
  3.548E+11 3.548E+11 4.191E+00 2.096E+03 4.629E+04 1.620E+05 2.104E+05 2.104E+05 3.287E+07 33.8423 1.00000
  3.981E+11 3.981E+11 4.211E+00 2.352E+03 5.194E+04 1.858E+05 2.400E+05 2.400E+05 3.306E+07 34.0725 1.00000
  4.467E+11 4.467E+11 4.230E+00 2.639E+03 5.827E+04 2.130E+05 2.739E+05 2.739E+05 3.325E+07 34.3028 1.00000
  5.012E+11 5.012E+11 4.250E+00 2.962E+03 6.538E+04 2.443E+05 3.127E+05 3.127E+05 3.343E+07 34.5330 1.00000
  5.623E+11 5.623E+11 4.270E+00 3.324E+03 7.336E+04 2.802E+05 3.569E+05 3.569E+05 3.362E+07 34.7633 1.00000
  6.310E+11 6.310E+11 4.290E+00 3.730E+03 8.231E+04 3.214E+05 4.074E+05 4.074E+05 3.380E+07 34.9935 1.00000
  7.079E+11 7.079E+11 4.310E+00 4.185E+03 9.236E+04 3.686E+05 4.652E+05 4.652E+05 3.397E+07 35.2238 1.00000
  7.943E+11 7.943E+11 4.331E+00 4.696E+03 1.036E+05 4.228E+05 5.312E+05 5.312E+05 3.415E+07 35.4541 1.00000
  8.913E+11 8.913E+11 4.351E+00 5.269E+03 1.163E+05 4.851E+05 6.066E+05 6.066E+05 3.432E+07 35.6843 1.00000
  1.000E+12 1.000E+12 4.372E+00 5.913E+03 1.305E+05 5.565E+05 6.928E+05 6.929E+05 3.449E+07 35.9146 1.00000
  1.122E+12 1.122E+12 4.392E+00 6.635E+03 1.464E+05 6.384E+05 7.914E+05 7.914E+05 3.465E+07 36.1448 1.00000
  1.259E+12 1.259E+12 4.413E+00 7.444E+03 1.642E+05 7.325E+05 9.042E+05 9.042E+05 3.481E+07 36.3751 1.00000
  1.413E+12 1.413E+12 4.434E+00 8.353E+03 1.843E+05 8.404E+05 1.033E+06 1.033E+06 3.497E+07 36.6054 1.00000
  1.585E+12 1.585E+12 4.455E+00 9.373E+03 2.068E+05 9.644E+05 1.181E+06 1.181E+06 3.513E+07 36.8356 1.00000
  1.778E+12 1.778E+12 4.476E+00 1.052E+04 2.320E+05 1.107E+06 1.349E+06 1.349E+06 3.528E+07 37.0659 1.00000
  1.995E+12 1.995E+12 4.497E+00 1.180E+04 2.603E+05 1.270E+06 1.542E+06 1.542E+06 3.543E+07 37.2961 1.00000
  2.239E+12 2.239E+12 4.518E+00 1.324E+04 2.921E+05 1.457E+06 1.763E+06 1.763E+06 3.558E+07 37.5264 1.00000
  2.512E+12 2.512E+12 4.540E+00 1.486E+04 3.277E+05 1.673E+06 2.015E+06 2.015E+06 3.572E+07 37.7566 1.00000
  2.818E+12 2.818E+12 4.561E+00 1.667E+04 3.677E+05 1.920E+06 2.304E+06 2.304E+06 3.587E+07 37.9869 1.00000
  3.162E+12 3.162E+12 4.583E+00 1.870E+04 4.125E+05 2.203E+06 2.635E+06 2.635E+06 3.601E+07 38.2172 1.00000
  3.548E+12 3.548E+12 4.605E+00 2.099E+04 4.629E+05 2.529E+06 3.013E+06 3.013E+06 3.614E+07 38.4474 1.00000
  3.981E+12 3.981E+12 4.627E+00 2.355E+04 5.194E+05 2.903E+06 3.446E+06 3.446E+06 3.628E+07 38.6777 1.00000
  4.467E+12 4.467E+12 4.649E+00 2.642E+04 5.827E+05 3.333E+06 3.942E+06 3.942E+06 3.641E+07 38.9079 1.00000
  5.012E+12 5.012E+12 4.671E+00 2.965E+04 6.538E+05 3.826E+06 4.510E+06 4.510E+06 3.654E+07 39.1382 1.00000
  5.623E+12 5.623E+12 4.693E+00 3.327E+04 7.336E+05 4.393E+06 5.160E+06 5.160E+06 3.666E+07 39.3685 1.00000
  6.310E+12 6.310E+12 4.716E+00 3.732E+04 8.231E+05 5.044E+06 5.904E+06 5.904E+06 3.679E+07 39.5987 1.00000
  7.079E+12 7.079E+12 4.738E+00 4.188E+04 9.235E+05 5.791E+06 6.757E+06 6.757E+06 3.691E+07 39.8290 1.00000
  7.943E+12 7.943E+12 4.761E+00 4.699E+04 1.036E+06 6.650E+06 7.733E+06 7.733E+06 3.703E+07 40.0592 1.00000
  8.913E+12 8.913E+12 4.784E+00 5.272E+04 1.163E+06 7.636E+06 8.852E+06 8.852E+06 3.715E+07 40.2895 1.00000
  1.000E+13 1.000E+13 4.807E+00 5.916E+04 1.305E+06 8.770E+06 1.013E+07 1.013E+07 3.726E+07 40.5197 1.00000
  1.122E+13 1.122E+13 4.830E+00 6.638E+04 1.464E+06 1.007E+07 1.160E+07 1.160E+07 3.737E+07 40.7500 1.00000
  1.259E+13 1.259E+13 4.853E+00 7.448E+04 1.642E+06 1.157E+07 1.328E+07 1.328E+07 3.748E+07 40.9803 1.00000
  1.413E+13 1.413E+13 4.876E+00 8.356E+04 1.843E+06 1.328E+07 1.521E+07 1.521E+07 3.759E+07 41.2105 1.00000
  1.585E+13 1.585E+13 4.899E+00 9.376E+04 2.068E+06 1.526E+07 1.742E+07 1.742E+07 3.770E+07 41.4408 1.00000
  1.778E+13 1.778E+13 4.923E+00 1.052E+05 2.320E+06 1.753E+07 1.995E+07 1.995E+07 3.780E+07 41.6710 1.00000
  1.995E+13 1.995E+13 4.947E+00 1.180E+05 2.603E+06 2.013E+07 2.285E+07 2.285E+07 3.790E+07 41.9013 1.00000
  2.239E+13 2.239E+13 4.970E+00 1.324E+05 2.920E+06 2.313E+07 2.618E+07 2.618E+07 3.800E+07 42.1316 1.00000
  2.512E+13 2.512E+13 4.994E+00 1.486E+05 3.277E+06 2.657E+07 3.000E+07 3.000E+07 3.810E+07 42.3618 1.00000
  2.818E+13 2.818E+13 5.018E+00 1.667E+05 3.677E+06 3.053E+07 3.437E+07 3.437E+07 3.820E+07 42.5921 1.00000
  3.162E+13 3.162E+13 5.042E+00 1.871E+05 4.125E+06 3.507E+07 3.939E+07 3.939E+07 3.829E+07 42.8223 1.00000
  3.548E+13 3.548E+13 5.067E+00 2.099E+05 4.628E+06 4.030E+07 4.514E+07 4.514E+07 3.838E+07 43.0526 1.00000
  3.981E+13 3.981E+13 5.091E+00 2.355E+05 5.193E+06 4.630E+07 5.173E+07 5.173E+07 3.847E+07 43.2828 1.00000
  4.467E+13 4.467E+13 5.116E+00 2.643E+05 5.827E+06 5.321E+07 5.930E+07 5.930E+07 3.856E+07 43.5131 1.00000
  5.012E+13 5.012E+13 5.140E+00 2.965E+05 6.538E+06 6.114E+07 6.798E+07 6.798E+07 3.864E+07 43.7434 1.00000
  5.623E+13 5.623E+13 5.165E+00 3.327E+05 7.335E+06 7.027E+07 7.794E+07 7.794E+07 3.873E+07 43.9736 1.00000
  6.310E+13 6.310E+13 5.190E+00 3.733E+05 8.230E+06 8.075E+07 8.936E+07 8.936E+07 3.881E+07 44.2039 1.00000
  7.079E+13 7.079E+13 5.215E+00 4.188E+05 9.235E+06 9.281E+07 1.025E+08 1.025E+08 3.889E+07 44.4341 1.00000
  7.943E+13 7.943E+13 5.240E+00 4.699E+05 1.036E+07 1.067E+08 1.175E+08 1.175E+08 3.897E+07 44.6644 1.00000
  8.913E+13 8.913E+13 5.266E+00 5.273E+05 1.163E+07 1.226E+08 1.348E+08 1.348E+08 3.905E+07 44.8947 1.00000
  1.000E+14 1.000E+14 5.291E+00 5.916E+05 1.304E+07 1.409E+08 1.546E+08 1.546E+08 3.912E+07 45.1249 1.00000
  1.122E+14 1.122E+14 5.317E+00 6.638E+05 1.464E+07 1.620E+08 1.773E+08 1.773E+08 3.919E+07 45.3552 1.00000
  1.259E+14 1.259E+14 5.343E+00 7.448E+05 1.642E+07 1.862E+08 2.034E+08 2.034E+08 3.927E+07 45.5854 1.00000
  1.413E+14 1.413E+14 5.368E+00 8.357E+05 1.843E+07 2.141E+08 2.334E+08 2.334E+08 3.934E+07 45.8157 1.00000
  1.585E+14 1.585E+14 5.394E+00 9.376E+05 2.067E+07 2.462E+08 2.678E+08 2.678E+08 3.941E+07 46.0460 1.00000
  1.778E+14 1.778E+14 5.421E+00 1.052E+06 2.320E+07 2.830E+08 3.073E+08 3.073E+08 3.947E+07 46.2762 1.00000
  1.995E+14 1.995E+14 5.447E+00 1.180E+06 2.603E+07 3.254E+08 3.526E+08 3.526E+08 3.954E+07 46.5065 1.00000
  2.239E+14 2.239E+14 5.473E+00 1.324E+06 2.920E+07 3.742E+08 4.047E+08 4.047E+08 3.960E+07 46.7367 1.00000
  2.512E+14 2.512E+14 5.500E+00 1.486E+06 3.276E+07 4.302E+08 4.645E+08 4.645E+08 3.967E+07 46.9670 1.00000
  2.818E+14 2.818E+14 5.527E+00 1.667E+06 3.676E+07 4.947E+08 5.332E+08 5.332E+08 3.973E+07 47.1972 1.00000
  3.162E+14 3.162E+14 5.554E+00 1.871E+06 4.125E+07 5.689E+08 6.121E+08 6.121E+08 3.979E+07 47.4275 1.00000
  3.548E+14 3.548E+14 5.581E+00 2.099E+06 4.628E+07 6.543E+08 7.027E+08 7.027E+08 3.985E+07 47.6578 1.00000
  3.981E+14 3.981E+14 5.608E+00 2.355E+06 5.193E+07 7.525E+08 8.068E+08 8.068E+08 3.990E+07 47.8880 1.00000
  4.467E+14 4.467E+14 5.635E+00 2.643E+06 5.826E+07 8.655E+08 9.264E+08 9.264E+08 3.996E+07 48.1183 1.00000
  5.012E+14 5.012E+14 5.662E+00 2.965E+06 6.537E+07 9.954E+08 1.064E+09 1.064E+09 4.002E+07 48.3485 1.00000
  5.623E+14 5.623E+14 5.690E+00 3.327E+06 7.335E+07 1.145E+09 1.222E+09 1.222E+09 4.007E+07 48.5788 1.00000
  6.310E+14 6.310E+14 5.718E+00 3.733E+06 8.230E+07 1.317E+09 1.403E+09 1.403E+09 4.012E+07 48.8091 1.00000
  7.079E+14 7.079E+14 5.745E+00 4.188E+06 9.234E+07 1.515E+09 1.612E+09 1.612E+09 4.017E+07 49.0393 1.00000
  7.943E+14 7.943E+14 5.773E+00 4.699E+06 1.036E+08 1.743E+09 1.851E+09 1.851E+09 4.022E+07 49.2696 1.00000
  8.913E+14 8.913E+14 5.802E+00 5.273E+06 1.162E+08 2.005E+09 2.126E+09 2.126E+09 4.027E+07 49.4998 1.00000
  1.000E+15 1.000E+15 5.830E+00 5.916E+06 1.304E+08 2.307E+09 2.443E+09 2.443E+09 4.032E+07 49.7301 1.00000
