 Incident particle is a Tau with M = 1776.82000 MeV
 Index = 0: SodiumNitrate
      Absorber with <Z/A> = 0.49415
 Density effect computed following Fano (1963)
 Models for Radloss: brems =  SSR, pair =  SSR, photonuc = DRSS

 *** Table generated with PUMAS v1.1 ***

      T         p     Ionization  brems     pair     photonuc  Radloss    dE/dx   CSDA Range  delta   beta
    [MeV]    [MeV/c]  -----------------------[MeV cm^2/g]------------------------  [g/cm^2]
  1.000E+05 1.018E+05 2.122E+00 4.640E-05 2.579E-03 6.644E-03 9.270E-03 2.131E+00 2.346E+04  4.5544 0.99985
  1.122E+05 1.140E+05 2.141E+00 5.615E-05 3.109E-03 7.526E-03 1.069E-02 2.152E+00 2.916E+04  4.7630 0.99988
  1.259E+05 1.277E+05 2.160E+00 6.781E-05 3.734E-03 8.506E-03 1.231E-02 2.172E+00 3.549E+04  4.9744 0.99990
  1.413E+05 1.430E+05 2.179E+00 8.176E-05 4.470E-03 9.587E-03 1.414E-02 2.193E+00 4.252E+04  5.1885 0.99992
  1.585E+05 1.603E+05 2.198E+00 9.839E-05 5.334E-03 1.081E-02 1.625E-02 2.214E+00 5.035E+04  5.4049 0.99994
  1.778E+05 1.796E+05 2.216E+00 1.182E-04 6.348E-03 1.217E-02 1.864E-02 2.235E+00 5.904E+04  5.6234 0.99995
  1.995E+05 2.013E+05 2.235E+00 1.417E-04 7.535E-03 1.371E-02 2.139E-02 2.256E+00 6.870E+04  5.8437 0.99996
  2.239E+05 2.256E+05 2.253E+00 1.696E-04 8.922E-03 1.541E-02 2.451E-02 2.278E+00 7.944E+04  6.0656 0.99997
  2.512E+05 2.530E+05 2.272E+00 2.026E-04 1.054E-02 1.732E-02 2.806E-02 2.300E+00 9.137E+04  6.2889 0.99998
  2.818E+05 2.836E+05 2.290E+00 2.415E-04 1.242E-02 1.947E-02 3.213E-02 2.322E+00 1.046E+05  6.5133 0.99998
  3.162E+05 3.180E+05 2.308E+00 2.875E-04 1.461E-02 2.189E-02 3.679E-02 2.345E+00 1.194E+05  6.7387 0.99998
  3.548E+05 3.566E+05 2.326E+00 3.415E-04 1.716E-02 2.459E-02 4.209E-02 2.368E+00 1.357E+05  6.9649 0.99999
  3.981E+05 3.999E+05 2.344E+00 4.050E-04 2.010E-02 2.762E-02 4.813E-02 2.393E+00 1.539E+05  7.1918 0.99999
  4.467E+05 4.485E+05 2.363E+00 4.795E-04 2.351E-02 3.103E-02 5.502E-02 2.418E+00 1.741E+05  7.4192 0.99999
  5.012E+05 5.030E+05 2.381E+00 5.666E-04 2.745E-02 3.484E-02 6.286E-02 2.443E+00 1.966E+05  7.6471 0.99999
  5.623E+05 5.641E+05 2.398E+00 6.687E-04 3.201E-02 3.916E-02 7.183E-02 2.470E+00 2.214E+05  7.8754 1.00000
  6.310E+05 6.327E+05 2.416E+00 7.877E-04 3.725E-02 4.402E-02 8.206E-02 2.498E+00 2.491E+05  8.1041 1.00000
  7.079E+05 7.097E+05 2.434E+00 9.265E-04 4.329E-02 4.951E-02 9.373E-02 2.528E+00 2.797E+05  8.3329 1.00000
  7.943E+05 7.961E+05 2.452E+00 1.088E-03 5.024E-02 5.570E-02 1.070E-01 2.559E+00 3.137E+05  8.5620 1.00000
  8.913E+05 8.930E+05 2.470E+00 1.276E-03 5.821E-02 6.266E-02 1.221E-01 2.592E+00 3.513E+05  8.7913 1.00000
  1.000E+06 1.002E+06 2.487E+00 1.495E-03 6.737E-02 7.056E-02 1.394E-01 2.627E+00 3.930E+05  9.0208 1.00000
  1.122E+06 1.124E+06 2.505E+00 1.748E-03 7.786E-02 7.945E-02 1.591E-01 2.664E+00 4.391E+05  9.2503 1.00000
  1.259E+06 1.261E+06 2.522E+00 2.042E-03 8.986E-02 8.955E-02 1.815E-01 2.703E+00 4.901E+05  9.4800 1.00000
  1.413E+06 1.414E+06 2.539E+00 2.382E-03 1.036E-01 1.010E-01 2.069E-01 2.746E+00 5.465E+05  9.7098 1.00000
  1.585E+06 1.587E+06 2.556E+00 2.776E-03 1.193E-01 1.139E-01 2.360E-01 2.792E+00 6.087E+05  9.9396 1.00000
  1.778E+06 1.780E+06 2.573E+00 3.230E-03 1.372E-01 1.285E-01 2.690E-01 2.842E+00 6.774E+05 10.1695 1.00000
  1.995E+06 1.997E+06 2.590E+00 3.753E-03 1.576E-01 1.452E-01 3.065E-01 2.897E+00 7.530E+05 10.3994 1.00000
  2.239E+06 2.240E+06 2.607E+00 4.360E-03 1.808E-01 1.641E-01 3.493E-01 2.956E+00 8.362E+05 10.6294 1.00000
  2.512E+06 2.514E+06 2.624E+00 5.060E-03 2.073E-01 1.854E-01 3.978E-01 3.021E+00 9.276E+05 10.8594 1.00000
  2.818E+06 2.820E+06 2.640E+00 5.864E-03 2.374E-01 2.098E-01 4.531E-01 3.093E+00 1.028E+06 11.0895 1.00000
  3.162E+06 3.164E+06 2.656E+00 6.789E-03 2.716E-01 2.374E-01 5.158E-01 3.172E+00 1.138E+06 11.3196 1.00000
  3.548E+06 3.550E+06 2.673E+00 7.852E-03 3.104E-01 2.688E-01 5.871E-01 3.260E+00 1.258E+06 11.5497 1.00000
  3.981E+06 3.983E+06 2.689E+00 9.073E-03 3.544E-01 3.045E-01 6.680E-01 3.357E+00 1.388E+06 11.7798 1.00000
  4.467E+06 4.469E+06 2.704E+00 1.047E-02 4.043E-01 3.452E-01 7.600E-01 3.464E+00 1.531E+06 12.0100 1.00000
  5.012E+06 5.014E+06 2.720E+00 1.209E-02 4.609E-01 3.914E-01 8.644E-01 3.585E+00 1.686E+06 12.2401 1.00000
  5.623E+06 5.625E+06 2.736E+00 1.394E-02 5.249E-01 4.440E-01 9.828E-01 3.719E+00 1.853E+06 12.4703 1.00000
  6.310E+06 6.311E+06 2.751E+00 1.606E-02 5.973E-01 5.040E-01 1.117E+00 3.868E+00 2.034E+06 12.7005 1.00000
  7.079E+06 7.081E+06 2.766E+00 1.849E-02 6.792E-01 5.722E-01 1.270E+00 4.036E+00 2.229E+06 12.9307 1.00000
  7.943E+06 7.945E+06 2.781E+00 2.128E-02 7.718E-01 6.499E-01 1.443E+00 4.224E+00 2.438E+06 13.1608 1.00000
  8.913E+06 8.914E+06 2.796E+00 2.446E-02 8.764E-01 7.385E-01 1.639E+00 4.436E+00 2.662E+06 13.3911 1.00000
  1.000E+07 1.000E+07 2.811E+00 2.810E-02 9.945E-01 8.394E-01 1.862E+00 4.673E+00 2.901E+06 13.6213 1.00000
  1.122E+07 1.122E+07 2.826E+00 3.226E-02 1.128E+00 9.545E-01 2.114E+00 4.940E+00 3.155E+06 13.8515 1.00000
  1.259E+07 1.259E+07 2.840E+00 3.702E-02 1.278E+00 1.086E+00 2.401E+00 5.241E+00 3.424E+06 14.0817 1.00000
  1.413E+07 1.413E+07 2.855E+00 4.244E-02 1.448E+00 1.235E+00 2.725E+00 5.580E+00 3.708E+06 14.3119 1.00000
  1.585E+07 1.585E+07 2.869E+00 4.864E-02 1.639E+00 1.406E+00 3.093E+00 5.962E+00 4.006E+06 14.5422 1.00000
  1.778E+07 1.778E+07 2.883E+00 5.570E-02 1.854E+00 1.600E+00 3.510E+00 6.393E+00 4.320E+06 14.7724 1.00000
  1.995E+07 1.995E+07 2.897E+00 6.375E-02 2.096E+00 1.822E+00 3.983E+00 6.880E+00 4.647E+06 15.0026 1.00000
  2.239E+07 2.239E+07 2.911E+00 7.293E-02 2.370E+00 2.076E+00 4.518E+00 7.429E+00 4.987E+06 15.2329 1.00000
  2.512E+07 2.512E+07 2.925E+00 8.340E-02 2.677E+00 2.365E+00 5.125E+00 8.050E+00 5.340E+06 15.4631 1.00000
  2.818E+07 2.819E+07 2.939E+00 9.533E-02 3.023E+00 2.694E+00 5.813E+00 8.752E+00 5.705E+06 15.6933 1.00000
  3.162E+07 3.162E+07 2.953E+00 1.089E-01 3.412E+00 3.071E+00 6.592E+00 9.545E+00 6.082E+06 15.9236 1.00000
  3.548E+07 3.548E+07 2.967E+00 1.244E-01 3.850E+00 3.501E+00 7.475E+00 1.044E+01 6.468E+06 16.1538 1.00000
  3.981E+07 3.981E+07 2.980E+00 1.419E-01 4.343E+00 3.991E+00 8.476E+00 1.146E+01 6.864E+06 16.3841 1.00000
  4.467E+07 4.467E+07 2.994E+00 1.619E-01 4.897E+00 4.552E+00 9.610E+00 1.260E+01 7.268E+06 16.6143 1.00000
  5.012E+07 5.012E+07 3.008E+00 1.846E-01 5.520E+00 5.191E+00 1.090E+01 1.390E+01 7.679E+06 16.8446 1.00000
  5.623E+07 5.624E+07 3.022E+00 2.104E-01 6.220E+00 5.922E+00 1.235E+01 1.537E+01 8.097E+06 17.0748 1.00000
  6.310E+07 6.310E+07 3.035E+00 2.396E-01 7.006E+00 6.756E+00 1.400E+01 1.704E+01 8.521E+06 17.3051 1.00000
  7.079E+07 7.080E+07 3.049E+00 2.728E-01 7.890E+00 7.709E+00 1.587E+01 1.892E+01 8.950E+06 17.5353 1.00000
  7.943E+07 7.943E+07 3.063E+00 3.105E-01 8.884E+00 8.797E+00 1.799E+01 2.105E+01 9.383E+06 17.7656 1.00000
  8.913E+07 8.913E+07 3.077E+00 3.532E-01 9.999E+00 1.004E+01 2.039E+01 2.347E+01 9.818E+06 17.9958 1.00000
  1.000E+08 1.000E+08 3.090E+00 4.016E-01 1.125E+01 1.146E+01 2.312E+01 2.621E+01 1.026E+07 18.2261 1.00000
  1.122E+08 1.122E+08 3.104E+00 4.565E-01 1.266E+01 1.308E+01 2.620E+01 2.931E+01 1.070E+07 18.4564 1.00000
  1.259E+08 1.259E+08 3.118E+00 5.186E-01 1.424E+01 1.494E+01 2.970E+01 3.282E+01 1.114E+07 18.6866 1.00000
  1.413E+08 1.413E+08 3.132E+00 5.890E-01 1.602E+01 1.706E+01 3.366E+01 3.680E+01 1.158E+07 18.9169 1.00000
  1.585E+08 1.585E+08 3.146E+00 6.686E-01 1.801E+01 1.948E+01 3.816E+01 4.130E+01 1.202E+07 19.1471 1.00000
  1.778E+08 1.778E+08 3.160E+00 7.587E-01 2.025E+01 2.225E+01 4.325E+01 4.641E+01 1.246E+07 19.3774 1.00000
  1.995E+08 1.995E+08 3.174E+00 8.605E-01 2.276E+01 2.541E+01 4.903E+01 5.221E+01 1.290E+07 19.6076 1.00000
  2.239E+08 2.239E+08 3.188E+00 9.757E-01 2.558E+01 2.903E+01 5.558E+01 5.877E+01 1.334E+07 19.8379 1.00000
  2.512E+08 2.512E+08 3.202E+00 1.106E+00 2.875E+01 3.316E+01 6.301E+01 6.622E+01 1.378E+07 20.0681 1.00000
  2.818E+08 2.818E+08 3.216E+00 1.253E+00 3.230E+01 3.788E+01 7.144E+01 7.466E+01 1.422E+07 20.2984 1.00000
  3.162E+08 3.162E+08 3.231E+00 1.419E+00 3.630E+01 4.329E+01 8.100E+01 8.423E+01 1.465E+07 20.5287 1.00000
  3.548E+08 3.548E+08 3.245E+00 1.607E+00 4.077E+01 4.946E+01 9.184E+01 9.509E+01 1.508E+07 20.7589 1.00000
  3.981E+08 3.981E+08 3.259E+00 1.818E+00 4.580E+01 5.652E+01 1.041E+02 1.074E+02 1.551E+07 20.9892 1.00000
  4.467E+08 4.467E+08 3.274E+00 2.057E+00 5.144E+01 6.459E+01 1.181E+02 1.214E+02 1.593E+07 21.2194 1.00000
  5.012E+08 5.012E+08 3.288E+00 2.327E+00 5.778E+01 7.383E+01 1.339E+02 1.372E+02 1.636E+07 21.4497 1.00000
  5.623E+08 5.623E+08 3.303E+00 2.630E+00 6.488E+01 8.438E+01 1.519E+02 1.552E+02 1.678E+07 21.6799 1.00000
  6.310E+08 6.310E+08 3.318E+00 2.973E+00 7.286E+01 9.646E+01 1.723E+02 1.756E+02 1.719E+07 21.9102 1.00000
  7.079E+08 7.079E+08 3.332E+00 3.359E+00 8.181E+01 1.103E+02 1.954E+02 1.988E+02 1.760E+07 22.1405 1.00000
  7.943E+08 7.943E+08 3.347E+00 3.794E+00 9.186E+01 1.261E+02 2.217E+02 2.251E+02 1.801E+07 22.3707 1.00000
  8.913E+08 8.913E+08 3.362E+00 4.284E+00 1.031E+02 1.441E+02 2.515E+02 2.549E+02 1.842E+07 22.6010 1.00000
  1.000E+09 1.000E+09 3.377E+00 4.836E+00 1.158E+02 1.648E+02 2.854E+02 2.888E+02 1.882E+07 22.8312 1.00000
  1.122E+09 1.122E+09 3.392E+00 5.458E+00 1.300E+02 1.884E+02 3.239E+02 3.273E+02 1.921E+07 23.0615 1.00000
  1.259E+09 1.259E+09 3.407E+00 6.158E+00 1.459E+02 2.155E+02 3.675E+02 3.709E+02 1.961E+07 23.2918 1.00000
  1.413E+09 1.413E+09 3.423E+00 6.945E+00 1.638E+02 2.464E+02 4.171E+02 4.206E+02 1.999E+07 23.5220 1.00000
  1.585E+09 1.585E+09 3.438E+00 7.832E+00 1.838E+02 2.818E+02 4.735E+02 4.769E+02 2.038E+07 23.7523 1.00000
  1.778E+09 1.778E+09 3.453E+00 8.829E+00 2.063E+02 3.223E+02 5.375E+02 5.410E+02 2.076E+07 23.9825 1.00000
  1.995E+09 1.995E+09 3.469E+00 9.951E+00 2.316E+02 3.687E+02 6.102E+02 6.137E+02 2.114E+07 24.2128 1.00000
  2.239E+09 2.239E+09 3.484E+00 1.121E+01 2.599E+02 4.217E+02 6.929E+02 6.964E+02 2.151E+07 24.4430 1.00000
  2.512E+09 2.512E+09 3.500E+00 1.263E+01 2.917E+02 4.824E+02 7.868E+02 7.903E+02 2.188E+07 24.6733 1.00000
  2.818E+09 2.818E+09 3.516E+00 1.423E+01 3.274E+02 5.519E+02 8.936E+02 8.971E+02 2.224E+07 24.9036 1.00000
  3.162E+09 3.162E+09 3.531E+00 1.602E+01 3.675E+02 6.314E+02 1.015E+03 1.018E+03 2.260E+07 25.1338 1.00000
  3.548E+09 3.548E+09 3.547E+00 1.804E+01 4.124E+02 7.224E+02 1.153E+03 1.156E+03 2.295E+07 25.3641 1.00000
  3.981E+09 3.981E+09 3.563E+00 2.030E+01 4.628E+02 8.266E+02 1.310E+03 1.313E+03 2.331E+07 25.5943 1.00000
  4.467E+09 4.467E+09 3.579E+00 2.285E+01 5.194E+02 9.459E+02 1.488E+03 1.492E+03 2.365E+07 25.8246 1.00000
  5.012E+09 5.012E+09 3.596E+00 2.571E+01 5.828E+02 1.082E+03 1.691E+03 1.695E+03 2.400E+07 26.0549 1.00000
  5.623E+09 5.623E+09 3.612E+00 2.892E+01 6.540E+02 1.239E+03 1.922E+03 1.925E+03 2.433E+07 26.2851 1.00000
  6.310E+09 6.310E+09 3.628E+00 3.253E+01 7.339E+02 1.418E+03 2.184E+03 2.188E+03 2.467E+07 26.5154 1.00000
  7.079E+09 7.079E+09 3.645E+00 3.659E+01 8.236E+02 1.623E+03 2.483E+03 2.486E+03 2.500E+07 26.7456 1.00000
  7.943E+09 7.943E+09 3.661E+00 4.115E+01 9.242E+02 1.857E+03 2.823E+03 2.826E+03 2.532E+07 26.9759 1.00000
  8.913E+09 8.913E+09 3.678E+00 4.626E+01 1.037E+03 2.126E+03 3.209E+03 3.213E+03 2.564E+07 27.2061 1.00000
  1.000E+10 1.000E+10 3.695E+00 5.201E+01 1.164E+03 2.434E+03 3.649E+03 3.653E+03 2.596E+07 27.4364 1.00000
  1.122E+10 1.122E+10 3.711E+00 5.846E+01 1.306E+03 2.786E+03 4.150E+03 4.154E+03 2.628E+07 27.6666 1.00000
  1.259E+10 1.259E+10 3.728E+00 6.571E+01 1.465E+03 3.190E+03 4.721E+03 4.724E+03 2.658E+07 27.8969 1.00000
  1.413E+10 1.413E+10 3.745E+00 7.384E+01 1.644E+03 3.652E+03 5.370E+03 5.374E+03 2.689E+07 28.1272 1.00000
  1.585E+10 1.585E+10 3.762E+00 8.298E+01 1.845E+03 4.181E+03 6.109E+03 6.113E+03 2.719E+07 28.3573 1.00000
  1.778E+10 1.778E+10 3.780E+00 9.323E+01 2.070E+03 4.788E+03 6.951E+03 6.955E+03 2.749E+07 28.5876 1.00000
  1.995E+10 1.995E+10 3.797E+00 1.047E+02 2.323E+03 5.482E+03 7.910E+03 7.914E+03 2.778E+07 28.8178 1.00000
  2.239E+10 2.239E+10 3.814E+00 1.177E+02 2.606E+03 6.278E+03 9.002E+03 9.006E+03 2.807E+07 29.0477 1.00000
  2.512E+10 2.512E+10 3.832E+00 1.322E+02 2.925E+03 7.190E+03 1.025E+04 1.025E+04 2.835E+07 29.2780 1.00000
  2.818E+10 2.818E+10 3.850E+00 1.484E+02 3.281E+03 8.235E+03 1.166E+04 1.167E+04 2.863E+07 29.5082 1.00000
  3.162E+10 3.162E+10 3.867E+00 1.667E+02 3.682E+03 9.432E+03 1.328E+04 1.328E+04 2.891E+07 29.7370 1.00000
  3.548E+10 3.548E+10 3.885E+00 1.872E+02 4.131E+03 1.080E+04 1.512E+04 1.513E+04 2.918E+07 29.9672 1.00000
  3.981E+10 3.981E+10 3.903E+00 2.103E+02 4.636E+03 1.238E+04 1.722E+04 1.723E+04 2.945E+07 30.1975 1.00000
  4.467E+10 4.467E+10 3.921E+00 2.361E+02 5.201E+03 1.418E+04 1.961E+04 1.962E+04 2.971E+07 30.4277 1.00000
  5.012E+10 5.012E+10 3.940E+00 2.651E+02 5.836E+03 1.624E+04 2.234E+04 2.235E+04 2.997E+07 30.6515 1.00000
  5.623E+10 5.623E+10 3.958E+00 2.976E+02 6.549E+03 1.861E+04 2.545E+04 2.546E+04 3.023E+07 30.8818 1.00000
  6.310E+10 6.310E+10 3.976E+00 3.341E+02 7.348E+03 2.132E+04 2.900E+04 2.900E+04 3.048E+07 31.1120 1.00000
  7.079E+10 7.079E+10 3.997E+00 3.751E+02 8.244E+03 2.443E+04 3.305E+04 3.305E+04 3.073E+07 31.3131 1.00000
  7.943E+10 7.943E+10 4.015E+00 4.211E+02 9.250E+03 2.799E+04 3.766E+04 3.767E+04 3.097E+07 31.5434 1.00000
  8.913E+10 8.913E+10 4.034E+00 4.727E+02 1.038E+04 3.208E+04 4.293E+04 4.293E+04 3.121E+07 31.7736 1.00000
  1.000E+11 1.000E+11 4.053E+00 5.306E+02 1.165E+04 3.676E+04 4.893E+04 4.894E+04 3.145E+07 32.0039 1.00000
  1.122E+11 1.122E+11 4.071E+00 5.956E+02 1.307E+04 4.213E+04 5.579E+04 5.579E+04 3.168E+07 32.2342 1.00000
  1.259E+11 1.259E+11 4.102E+00 6.686E+02 1.466E+04 4.828E+04 6.361E+04 6.362E+04 3.191E+07 32.3089 1.00000
  1.413E+11 1.413E+11 4.121E+00 7.504E+02 1.645E+04 5.534E+04 7.254E+04 7.254E+04 3.214E+07 32.5392 1.00000
  1.585E+11 1.585E+11 4.140E+00 8.422E+02 1.846E+04 6.343E+04 8.273E+04 8.274E+04 3.236E+07 32.7695 1.00000
  1.778E+11 1.778E+11 4.160E+00 9.453E+02 2.071E+04 7.271E+04 9.437E+04 9.437E+04 3.258E+07 32.9997 1.00000
  1.995E+11 1.995E+11 4.179E+00 1.061E+03 2.324E+04 8.335E+04 1.077E+05 1.077E+05 3.280E+07 33.2300 1.00000
  2.239E+11 2.239E+11 4.198E+00 1.191E+03 2.607E+04 9.556E+04 1.228E+05 1.228E+05 3.301E+07 33.4602 1.00000
  2.512E+11 2.512E+11 4.218E+00 1.336E+03 2.925E+04 1.096E+05 1.401E+05 1.402E+05 3.322E+07 33.6905 1.00000
  2.818E+11 2.818E+11 4.238E+00 1.500E+03 3.282E+04 1.256E+05 1.599E+05 1.599E+05 3.342E+07 33.9208 1.00000
  3.162E+11 3.162E+11 4.258E+00 1.683E+03 3.683E+04 1.440E+05 1.825E+05 1.825E+05 3.362E+07 34.1510 1.00000
  3.548E+11 3.548E+11 4.277E+00 1.888E+03 4.132E+04 1.651E+05 2.084E+05 2.084E+05 3.382E+07 34.3813 1.00000
  3.981E+11 3.981E+11 4.297E+00 2.119E+03 4.637E+04 1.894E+05 2.379E+05 2.379E+05 3.401E+07 34.6115 1.00000
  4.467E+11 4.467E+11 4.318E+00 2.378E+03 5.202E+04 2.172E+05 2.716E+05 2.716E+05 3.420E+07 34.8418 1.00000
  5.012E+11 5.012E+11 4.338E+00 2.669E+03 5.837E+04 2.491E+05 3.101E+05 3.101E+05 3.439E+07 35.0720 1.00000
  5.623E+11 5.623E+11 4.358E+00 2.995E+03 6.549E+04 2.857E+05 3.542E+05 3.542E+05 3.458E+07 35.3023 1.00000
  6.310E+11 6.310E+11 4.379E+00 3.360E+03 7.349E+04 3.276E+05 4.045E+05 4.045E+05 3.476E+07 35.5326 1.00000
  7.079E+11 7.079E+11 4.399E+00 3.771E+03 8.245E+04 3.758E+05 4.620E+05 4.620E+05 3.494E+07 35.7628 1.00000
  7.943E+11 7.943E+11 4.420E+00 4.231E+03 9.251E+04 4.311E+05 5.278E+05 5.278E+05 3.511E+07 35.9931 1.00000
  8.913E+11 8.913E+11 4.441E+00 4.748E+03 1.038E+05 4.945E+05 6.031E+05 6.031E+05 3.528E+07 36.2233 1.00000
  1.000E+12 1.000E+12 4.462E+00 5.328E+03 1.165E+05 5.673E+05 6.891E+05 6.891E+05 3.545E+07 36.4536 1.00000
  1.122E+12 1.122E+12 4.483E+00 5.978E+03 1.307E+05 6.509E+05 7.875E+05 7.875E+05 3.562E+07 36.6839 1.00000
  1.259E+12 1.259E+12 4.504E+00 6.708E+03 1.466E+05 7.468E+05 9.001E+05 9.001E+05 3.578E+07 36.9141 1.00000
  1.413E+12 1.413E+12 4.525E+00 7.527E+03 1.645E+05 8.568E+05 1.029E+06 1.029E+06 3.594E+07 37.1444 1.00000
  1.585E+12 1.585E+12 4.547E+00 8.446E+03 1.846E+05 9.832E+05 1.176E+06 1.176E+06 3.610E+07 37.3746 1.00000
  1.778E+12 1.778E+12 4.568E+00 9.476E+03 2.071E+05 1.128E+06 1.345E+06 1.345E+06 3.625E+07 37.6049 1.00000
  1.995E+12 1.995E+12 4.590E+00 1.063E+04 2.324E+05 1.295E+06 1.538E+06 1.538E+06 3.640E+07 37.8351 1.00000
  2.239E+12 2.239E+12 4.612E+00 1.193E+04 2.607E+05 1.486E+06 1.758E+06 1.758E+06 3.655E+07 38.0654 1.00000
  2.512E+12 2.512E+12 4.634E+00 1.339E+04 2.926E+05 1.705E+06 2.011E+06 2.011E+06 3.669E+07 38.2957 1.00000
  2.818E+12 2.818E+12 4.656E+00 1.502E+04 3.282E+05 1.957E+06 2.300E+06 2.300E+06 3.684E+07 38.5259 1.00000
  3.162E+12 3.162E+12 4.678E+00 1.685E+04 3.683E+05 2.246E+06 2.632E+06 2.632E+06 3.698E+07 38.7562 1.00000
  3.548E+12 3.548E+12 4.700E+00 1.891E+04 4.132E+05 2.579E+06 3.011E+06 3.011E+06 3.711E+07 38.9864 1.00000
  3.981E+12 3.981E+12 4.722E+00 2.122E+04 4.637E+05 2.960E+06 3.445E+06 3.445E+06 3.725E+07 39.2167 1.00000
  4.467E+12 4.467E+12 4.745E+00 2.381E+04 5.202E+05 3.398E+06 3.942E+06 3.942E+06 3.738E+07 39.4470 1.00000
  5.012E+12 5.012E+12 4.767E+00 2.671E+04 5.837E+05 3.901E+06 4.511E+06 4.511E+06 3.751E+07 39.6772 1.00000
  5.623E+12 5.623E+12 4.790E+00 2.997E+04 6.549E+05 4.479E+06 5.164E+06 5.164E+06 3.763E+07 39.9075 1.00000
  6.310E+12 6.310E+12 4.813E+00 3.363E+04 7.348E+05 5.142E+06 5.911E+06 5.911E+06 3.776E+07 40.1377 1.00000
  7.079E+12 7.079E+12 4.836E+00 3.774E+04 8.245E+05 5.904E+06 6.767E+06 6.767E+06 3.788E+07 40.3680 1.00000
  7.943E+12 7.943E+12 4.859E+00 4.234E+04 9.251E+05 6.780E+06 7.747E+06 7.747E+06 3.800E+07 40.5983 1.00000
  8.913E+12 8.913E+12 4.882E+00 4.751E+04 1.038E+06 7.785E+06 8.871E+06 8.871E+06 3.812E+07 40.8285 1.00000
  1.000E+13 1.000E+13 4.906E+00 5.331E+04 1.165E+06 8.941E+06 1.016E+07 1.016E+07 3.823E+07 41.0588 1.00000
  1.122E+13 1.122E+13 4.929E+00 5.981E+04 1.307E+06 1.027E+07 1.163E+07 1.163E+07 3.834E+07 41.2890 1.00000
  1.259E+13 1.259E+13 4.953E+00 6.711E+04 1.466E+06 1.179E+07 1.333E+07 1.333E+07 3.845E+07 41.5193 1.00000
  1.413E+13 1.413E+13 4.977E+00 7.530E+04 1.645E+06 1.354E+07 1.526E+07 1.526E+07 3.856E+07 41.7495 1.00000
  1.585E+13 1.585E+13 5.000E+00 8.449E+04 1.846E+06 1.556E+07 1.749E+07 1.749E+07 3.867E+07 41.9798 1.00000
  1.778E+13 1.778E+13 5.024E+00 9.480E+04 2.071E+06 1.787E+07 2.003E+07 2.003E+07 3.877E+07 42.2101 1.00000
  1.995E+13 1.995E+13 5.049E+00 1.064E+05 2.324E+06 2.053E+07 2.296E+07 2.296E+07 3.887E+07 42.4403 1.00000
  2.239E+13 2.239E+13 5.073E+00 1.193E+05 2.607E+06 2.358E+07 2.631E+07 2.631E+07 3.897E+07 42.6706 1.00000
  2.512E+13 2.512E+13 5.097E+00 1.339E+05 2.925E+06 2.709E+07 3.015E+07 3.015E+07 3.907E+07 42.9008 1.00000
  2.818E+13 2.818E+13 5.122E+00 1.502E+05 3.282E+06 3.112E+07 3.455E+07 3.455E+07 3.916E+07 43.1311 1.00000
  3.162E+13 3.162E+13 5.146E+00 1.686E+05 3.683E+06 3.576E+07 3.961E+07 3.961E+07 3.925E+07 43.3614 1.00000
  3.548E+13 3.548E+13 5.171E+00 1.891E+05 4.132E+06 4.108E+07 4.541E+07 4.541E+07 3.934E+07 43.5916 1.00000
  3.981E+13 3.981E+13 5.196E+00 2.122E+05 4.636E+06 4.721E+07 5.206E+07 5.206E+07 3.943E+07 43.8219 1.00000
  4.467E+13 4.467E+13 5.221E+00 2.381E+05 5.202E+06 5.425E+07 5.969E+07 5.969E+07 3.952E+07 44.0521 1.00000
  5.012E+13 5.012E+13 5.246E+00 2.672E+05 5.837E+06 6.234E+07 6.844E+07 6.844E+07 3.961E+07 44.2824 1.00000
  5.623E+13 5.623E+13 5.272E+00 2.998E+05 6.549E+06 7.164E+07 7.849E+07 7.849E+07 3.969E+07 44.5126 1.00000
  6.310E+13 6.310E+13 5.297E+00 3.364E+05 7.348E+06 8.233E+07 9.001E+07 9.001E+07 3.977E+07 44.7429 1.00000
  7.079E+13 7.079E+13 5.323E+00 3.774E+05 8.244E+06 9.462E+07 1.032E+08 1.032E+08 3.985E+07 44.9732 1.00000
  7.943E+13 7.943E+13 5.349E+00 4.235E+05 9.250E+06 1.088E+08 1.184E+08 1.184E+08 3.993E+07 45.2034 1.00000
  8.913E+13 8.913E+13 5.374E+00 4.751E+05 1.038E+07 1.250E+08 1.359E+08 1.359E+08 4.001E+07 45.4337 1.00000
  1.000E+14 1.000E+14 5.401E+00 5.331E+05 1.165E+07 1.437E+08 1.559E+08 1.559E+08 4.008E+07 45.6639 1.00000
  1.122E+14 1.122E+14 5.427E+00 5.981E+05 1.307E+07 1.652E+08 1.788E+08 1.788E+08 4.015E+07 45.8942 1.00000
  1.259E+14 1.259E+14 5.453E+00 6.711E+05 1.466E+07 1.899E+08 2.052E+08 2.052E+08 4.022E+07 46.1245 1.00000
  1.413E+14 1.413E+14 5.479E+00 7.530E+05 1.645E+07 2.183E+08 2.355E+08 2.355E+08 4.029E+07 46.3547 1.00000
  1.585E+14 1.585E+14 5.506E+00 8.449E+05 1.846E+07 2.510E+08 2.703E+08 2.703E+08 4.036E+07 46.5850 1.00000
  1.778E+14 1.778E+14 5.533E+00 9.480E+05 2.071E+07 2.885E+08 3.102E+08 3.102E+08 4.043E+07 46.8152 1.00000
  1.995E+14 1.995E+14 5.560E+00 1.064E+06 2.323E+07 3.317E+08 3.560E+08 3.560E+08 4.049E+07 47.0455 1.00000
  2.239E+14 2.239E+14 5.586E+00 1.193E+06 2.607E+07 3.815E+08 4.087E+08 4.087E+08 4.056E+07 47.2757 1.00000
  2.512E+14 2.512E+14 5.614E+00 1.339E+06 2.925E+07 4.386E+08 4.692E+08 4.692E+08 4.062E+07 47.5060 1.00000
  2.818E+14 2.818E+14 5.641E+00 1.502E+06 3.282E+07 5.044E+08 5.387E+08 5.387E+08 4.068E+07 47.7363 1.00000
  3.162E+14 3.162E+14 5.668E+00 1.686E+06 3.682E+07 5.800E+08 6.185E+08 6.185E+08 4.074E+07 47.9665 1.00000
  3.548E+14 3.548E+14 5.696E+00 1.892E+06 4.132E+07 6.671E+08 7.103E+08 7.103E+08 4.080E+07 48.1968 1.00000
  3.981E+14 3.981E+14 5.724E+00 2.122E+06 4.636E+07 7.672E+08 8.156E+08 8.156E+08 4.086E+07 48.4270 1.00000
  4.467E+14 4.467E+14 5.751E+00 2.381E+06 5.201E+07 8.823E+08 9.367E+08 9.367E+08 4.091E+07 48.6573 1.00000
  5.012E+14 5.012E+14 5.779E+00 2.672E+06 5.836E+07 1.015E+09 1.076E+09 1.076E+09 4.097E+07 48.8876 1.00000
  5.623E+14 5.623E+14 5.808E+00 2.998E+06 6.548E+07 1.167E+09 1.236E+09 1.236E+09 4.102E+07 49.1178 1.00000
  6.310E+14 6.310E+14 5.836E+00 3.364E+06 7.347E+07 1.343E+09 1.420E+09 1.420E+09 4.107E+07 49.3481 1.00000
  7.079E+14 7.079E+14 5.864E+00 3.774E+06 8.244E+07 1.545E+09 1.631E+09 1.631E+09 4.112E+07 49.5783 1.00000
  7.943E+14 7.943E+14 5.893E+00 4.235E+06 9.249E+07 1.777E+09 1.874E+09 1.874E+09 4.117E+07 49.8086 1.00000
  8.913E+14 8.913E+14 5.922E+00 4.751E+06 1.038E+08 2.044E+09 2.153E+09 2.153E+09 4.122E+07 50.0389 1.00000
  1.000E+15 1.000E+15 5.950E+00 5.331E+06 1.164E+08 2.352E+09 2.473E+09 2.473E+09 4.127E+07 50.2691 1.00000
