 Incident particle is a Tau with M = 1776.82000 MeV
 Index = 0: SoftTissueICRUFourComponent
      Absorber with <Z/A> = 0.54975
 Density effect computed following Fano (1963)
 Models for Radloss: brems =  SSR, pair =  SSR, photonuc = DRSS

 *** Table generated with PUMAS v1.1 ***

      T         p     Ionization  brems     pair     photonuc  Radloss    dE/dx   CSDA Range  delta   beta
    [MeV]    [MeV/c]  -----------------------[MeV cm^2/g]------------------------  [g/cm^2]
  1.000E+05 1.018E+05 2.421E+00 4.025E-05 2.196E-03 6.758E-03 8.994E-03 2.430E+00 2.057E+04  4.6880 0.99985
  1.122E+05 1.140E+05 2.443E+00 4.872E-05 2.652E-03 7.660E-03 1.036E-02 2.453E+00 2.557E+04  4.8973 0.99988
  1.259E+05 1.277E+05 2.464E+00 5.886E-05 3.191E-03 8.665E-03 1.191E-02 2.475E+00 3.112E+04  5.1094 0.99990
  1.413E+05 1.430E+05 2.484E+00 7.101E-05 3.826E-03 9.773E-03 1.367E-02 2.498E+00 3.730E+04  5.3242 0.99992
  1.585E+05 1.603E+05 2.505E+00 8.550E-05 4.573E-03 1.103E-02 1.569E-02 2.521E+00 4.417E+04  5.5413 0.99994
  1.778E+05 1.796E+05 2.526E+00 1.027E-04 5.449E-03 1.243E-02 1.798E-02 2.544E+00 5.181E+04  5.7604 0.99995
  1.995E+05 2.013E+05 2.546E+00 1.233E-04 6.475E-03 1.401E-02 2.061E-02 2.567E+00 6.030E+04  5.9814 0.99996
  2.239E+05 2.256E+05 2.567E+00 1.476E-04 7.675E-03 1.576E-02 2.359E-02 2.590E+00 6.974E+04  6.2039 0.99997
  2.512E+05 2.530E+05 2.587E+00 1.764E-04 9.076E-03 1.772E-02 2.698E-02 2.614E+00 8.023E+04  6.4276 0.99998
  2.818E+05 2.836E+05 2.608E+00 2.104E-04 1.071E-02 1.994E-02 3.086E-02 2.638E+00 9.190E+04  6.6525 0.99998
  3.162E+05 3.180E+05 2.628E+00 2.506E-04 1.261E-02 2.244E-02 3.529E-02 2.663E+00 1.049E+05  6.8783 0.99998
  3.548E+05 3.566E+05 2.648E+00 2.978E-04 1.481E-02 2.523E-02 4.034E-02 2.688E+00 1.193E+05  7.1048 0.99999
  3.981E+05 3.999E+05 2.668E+00 3.534E-04 1.737E-02 2.836E-02 4.609E-02 2.714E+00 1.353E+05  7.3320 0.99999
  4.467E+05 4.485E+05 2.688E+00 4.186E-04 2.033E-02 3.189E-02 5.264E-02 2.741E+00 1.531E+05  7.5596 0.99999
  5.012E+05 5.030E+05 2.708E+00 4.948E-04 2.376E-02 3.584E-02 6.009E-02 2.768E+00 1.729E+05  7.7877 0.99999
  5.623E+05 5.641E+05 2.728E+00 5.843E-04 2.772E-02 4.030E-02 6.860E-02 2.797E+00 1.949E+05  8.0162 1.00000
  6.310E+05 6.327E+05 2.748E+00 6.886E-04 3.228E-02 4.535E-02 7.832E-02 2.826E+00 2.193E+05  8.2449 1.00000
  7.079E+05 7.097E+05 2.768E+00 8.103E-04 3.754E-02 5.104E-02 8.939E-02 2.857E+00 2.464E+05  8.4739 1.00000
  7.943E+05 7.961E+05 2.788E+00 9.522E-04 4.359E-02 5.746E-02 1.020E-01 2.890E+00 2.764E+05  8.7031 1.00000
  8.913E+05 8.930E+05 2.807E+00 1.117E-03 5.054E-02 6.469E-02 1.164E-01 2.924E+00 3.098E+05  8.9325 1.00000
  1.000E+06 1.002E+06 2.827E+00 1.309E-03 5.853E-02 7.290E-02 1.327E-01 2.960E+00 3.468E+05  9.1620 1.00000
  1.122E+06 1.124E+06 2.846E+00 1.532E-03 6.768E-02 8.213E-02 1.513E-01 2.998E+00 3.877E+05  9.3916 1.00000
  1.259E+06 1.261E+06 2.866E+00 1.790E-03 7.817E-02 9.264E-02 1.726E-01 3.038E+00 4.331E+05  9.6213 1.00000
  1.413E+06 1.414E+06 2.885E+00 2.089E-03 9.017E-02 1.045E-01 1.968E-01 3.082E+00 4.833E+05  9.8511 1.00000
  1.585E+06 1.587E+06 2.904E+00 2.435E-03 1.039E-01 1.180E-01 2.243E-01 3.128E+00 5.388E+05 10.0809 1.00000
  1.778E+06 1.780E+06 2.923E+00 2.835E-03 1.195E-01 1.332E-01 2.556E-01 3.178E+00 6.001E+05 10.3108 1.00000
  1.995E+06 1.997E+06 2.942E+00 3.296E-03 1.374E-01 1.505E-01 2.912E-01 3.233E+00 6.678E+05 10.5408 1.00000
  2.239E+06 2.240E+06 2.960E+00 3.830E-03 1.578E-01 1.702E-01 3.318E-01 3.292E+00 7.424E+05 10.7708 1.00000
  2.512E+06 2.514E+06 2.979E+00 4.446E-03 1.810E-01 1.925E-01 3.779E-01 3.357E+00 8.246E+05 11.0008 1.00000
  2.818E+06 2.820E+06 2.997E+00 5.155E-03 2.074E-01 2.178E-01 4.303E-01 3.427E+00 9.150E+05 11.2309 1.00000
  3.162E+06 3.164E+06 3.015E+00 5.970E-03 2.374E-01 2.466E-01 4.899E-01 3.505E+00 1.014E+06 11.4610 1.00000
  3.548E+06 3.550E+06 3.033E+00 6.908E-03 2.714E-01 2.793E-01 5.577E-01 3.591E+00 1.123E+06 11.6911 1.00000
  3.981E+06 3.983E+06 3.051E+00 7.985E-03 3.101E-01 3.165E-01 6.346E-01 3.686E+00 1.242E+06 11.9212 1.00000
  4.467E+06 4.469E+06 3.069E+00 9.221E-03 3.540E-01 3.589E-01 7.221E-01 3.791E+00 1.372E+06 12.1513 1.00000
  5.012E+06 5.014E+06 3.086E+00 1.065E-02 4.037E-01 4.071E-01 8.214E-01 3.907E+00 1.513E+06 12.3815 1.00000
  5.623E+06 5.625E+06 3.103E+00 1.228E-02 4.600E-01 4.620E-01 9.342E-01 4.038E+00 1.667E+06 12.6117 1.00000
  6.310E+06 6.311E+06 3.120E+00 1.416E-02 5.237E-01 5.245E-01 1.062E+00 4.183E+00 1.834E+06 12.8419 1.00000
  7.079E+06 7.081E+06 3.137E+00 1.630E-02 5.959E-01 5.956E-01 1.208E+00 4.345E+00 2.015E+06 13.0720 1.00000
  7.943E+06 7.945E+06 3.154E+00 1.876E-02 6.774E-01 6.767E-01 1.373E+00 4.527E+00 2.210E+06 13.3022 1.00000
  8.913E+06 8.914E+06 3.171E+00 2.158E-02 7.696E-01 7.691E-01 1.560E+00 4.731E+00 2.419E+06 13.5325 1.00000
  1.000E+07 1.000E+07 3.187E+00 2.479E-02 8.737E-01 8.744E-01 1.773E+00 4.960E+00 2.644E+06 13.7627 1.00000
  1.122E+07 1.122E+07 3.204E+00 2.847E-02 9.912E-01 9.944E-01 2.014E+00 5.218E+00 2.883E+06 13.9929 1.00000
  1.259E+07 1.259E+07 3.220E+00 3.268E-02 1.124E+00 1.131E+00 2.288E+00 5.507E+00 3.139E+06 14.2231 1.00000
  1.413E+07 1.413E+07 3.236E+00 3.748E-02 1.273E+00 1.287E+00 2.598E+00 5.834E+00 3.410E+06 14.4533 1.00000
  1.585E+07 1.585E+07 3.252E+00 4.297E-02 1.442E+00 1.465E+00 2.950E+00 6.202E+00 3.696E+06 14.6836 1.00000
  1.778E+07 1.778E+07 3.267E+00 4.922E-02 1.632E+00 1.668E+00 3.350E+00 6.617E+00 3.998E+06 14.9138 1.00000
  1.995E+07 1.995E+07 3.283E+00 5.636E-02 1.846E+00 1.900E+00 3.803E+00 7.086E+00 4.315E+06 15.1440 1.00000
  2.239E+07 2.239E+07 3.299E+00 6.449E-02 2.088E+00 2.164E+00 4.316E+00 7.615E+00 4.646E+06 15.3743 1.00000
  2.512E+07 2.512E+07 3.314E+00 7.377E-02 2.360E+00 2.466E+00 4.899E+00 8.213E+00 4.992E+06 15.6045 1.00000
  2.818E+07 2.819E+07 3.330E+00 8.435E-02 2.665E+00 2.810E+00 5.560E+00 8.889E+00 5.350E+06 15.8347 1.00000
  3.162E+07 3.162E+07 3.345E+00 9.639E-02 3.010E+00 3.203E+00 6.309E+00 9.654E+00 5.721E+06 16.0650 1.00000
  3.548E+07 3.548E+07 3.360E+00 1.101E-01 3.397E+00 3.651E+00 7.158E+00 1.052E+01 6.104E+06 16.2952 1.00000
  3.981E+07 3.981E+07 3.376E+00 1.257E-01 3.833E+00 4.163E+00 8.122E+00 1.150E+01 6.498E+06 16.5255 1.00000
  4.467E+07 4.467E+07 3.391E+00 1.434E-01 4.323E+00 4.748E+00 9.214E+00 1.261E+01 6.901E+06 16.7557 1.00000
  5.012E+07 5.012E+07 3.406E+00 1.636E-01 4.874E+00 5.415E+00 1.045E+01 1.386E+01 7.314E+06 16.9860 1.00000
  5.623E+07 5.624E+07 3.422E+00 1.865E-01 5.493E+00 6.178E+00 1.186E+01 1.528E+01 7.734E+06 17.2162 1.00000
  6.310E+07 6.310E+07 3.437E+00 2.125E-01 6.190E+00 7.048E+00 1.345E+01 1.689E+01 8.161E+06 17.4465 1.00000
  7.079E+07 7.080E+07 3.452E+00 2.420E-01 6.972E+00 8.043E+00 1.526E+01 1.871E+01 8.594E+06 17.6767 1.00000
  7.943E+07 7.943E+07 3.467E+00 2.755E-01 7.852E+00 9.179E+00 1.731E+01 2.077E+01 9.032E+06 17.9070 1.00000
  8.913E+07 8.913E+07 3.483E+00 3.135E-01 8.840E+00 1.048E+01 1.963E+01 2.311E+01 9.474E+06 18.1372 1.00000
  1.000E+08 1.000E+08 3.498E+00 3.566E-01 9.950E+00 1.196E+01 2.226E+01 2.576E+01 9.919E+06 18.3675 1.00000
  1.122E+08 1.122E+08 3.513E+00 4.054E-01 1.120E+01 1.365E+01 2.525E+01 2.877E+01 1.037E+07 18.5978 1.00000
  1.259E+08 1.259E+08 3.529E+00 4.608E-01 1.260E+01 1.559E+01 2.865E+01 3.217E+01 1.082E+07 18.8280 1.00000
  1.413E+08 1.413E+08 3.544E+00 5.235E-01 1.417E+01 1.780E+01 3.249E+01 3.604E+01 1.127E+07 19.0583 1.00000
  1.585E+08 1.585E+08 3.560E+00 5.944E-01 1.593E+01 2.033E+01 3.686E+01 4.042E+01 1.172E+07 19.2885 1.00000
  1.778E+08 1.778E+08 3.575E+00 6.748E-01 1.792E+01 2.322E+01 4.181E+01 4.538E+01 1.217E+07 19.5188 1.00000
  1.995E+08 1.995E+08 3.591E+00 7.656E-01 2.014E+01 2.652E+01 4.743E+01 5.102E+01 1.262E+07 19.7490 1.00000
  2.239E+08 2.239E+08 3.607E+00 8.684E-01 2.264E+01 3.029E+01 5.380E+01 5.741E+01 1.307E+07 19.9793 1.00000
  2.512E+08 2.512E+08 3.622E+00 9.846E-01 2.545E+01 3.460E+01 6.104E+01 6.466E+01 1.352E+07 20.2095 1.00000
  2.818E+08 2.818E+08 3.638E+00 1.116E+00 2.860E+01 3.953E+01 6.925E+01 7.289E+01 1.397E+07 20.4398 1.00000
  3.162E+08 3.162E+08 3.654E+00 1.264E+00 3.213E+01 4.517E+01 7.857E+01 8.222E+01 1.441E+07 20.6701 1.00000
  3.548E+08 3.548E+08 3.670E+00 1.432E+00 3.610E+01 5.162E+01 8.915E+01 9.282E+01 1.485E+07 20.9003 1.00000
  3.981E+08 3.981E+08 3.686E+00 1.621E+00 4.056E+01 5.898E+01 1.012E+02 1.049E+02 1.529E+07 21.1306 1.00000
  4.467E+08 4.467E+08 3.702E+00 1.835E+00 4.556E+01 6.741E+01 1.148E+02 1.185E+02 1.573E+07 21.3608 1.00000
  5.012E+08 5.012E+08 3.718E+00 2.076E+00 5.117E+01 7.704E+01 1.303E+02 1.340E+02 1.616E+07 21.5911 1.00000
  5.623E+08 5.623E+08 3.734E+00 2.348E+00 5.747E+01 8.806E+01 1.479E+02 1.516E+02 1.659E+07 21.8213 1.00000
  6.310E+08 6.310E+08 3.751E+00 2.655E+00 6.454E+01 1.007E+02 1.679E+02 1.716E+02 1.701E+07 22.0516 1.00000
  7.079E+08 7.079E+08 3.767E+00 3.000E+00 7.247E+01 1.151E+02 1.905E+02 1.943E+02 1.743E+07 22.2819 1.00000
  7.943E+08 7.943E+08 3.784E+00 3.390E+00 8.137E+01 1.316E+02 2.163E+02 2.201E+02 1.785E+07 22.5121 1.00000
  8.913E+08 8.913E+08 3.800E+00 3.830E+00 9.136E+01 1.504E+02 2.456E+02 2.494E+02 1.826E+07 22.7424 1.00000
  1.000E+09 1.000E+09 3.817E+00 4.325E+00 1.026E+02 1.720E+02 2.789E+02 2.827E+02 1.867E+07 22.9726 1.00000
  1.122E+09 1.122E+09 3.834E+00 4.882E+00 1.152E+02 1.967E+02 3.167E+02 3.205E+02 1.908E+07 23.2029 1.00000
  1.259E+09 1.259E+09 3.851E+00 5.510E+00 1.293E+02 2.249E+02 3.597E+02 3.635E+02 1.948E+07 23.4332 1.00000
  1.413E+09 1.413E+09 3.868E+00 6.217E+00 1.451E+02 2.572E+02 4.085E+02 4.124E+02 1.988E+07 23.6634 1.00000
  1.585E+09 1.585E+09 3.885E+00 7.012E+00 1.629E+02 2.941E+02 4.640E+02 4.679E+02 2.027E+07 23.8937 1.00000
  1.778E+09 1.778E+09 3.902E+00 7.908E+00 1.828E+02 3.364E+02 5.271E+02 5.310E+02 2.066E+07 24.1239 1.00000
  1.995E+09 1.995E+09 3.919E+00 8.915E+00 2.052E+02 3.848E+02 5.989E+02 6.028E+02 2.104E+07 24.3542 1.00000
  2.239E+09 2.239E+09 3.936E+00 1.005E+01 2.303E+02 4.401E+02 6.805E+02 6.845E+02 2.142E+07 24.5844 1.00000
  2.512E+09 2.512E+09 3.954E+00 1.132E+01 2.585E+02 5.035E+02 7.733E+02 7.773E+02 2.179E+07 24.8147 1.00000
  2.818E+09 2.818E+09 3.971E+00 1.276E+01 2.902E+02 5.760E+02 8.789E+02 8.829E+02 2.216E+07 25.0450 1.00000
  3.162E+09 3.162E+09 3.989E+00 1.437E+01 3.256E+02 6.590E+02 9.990E+02 1.003E+03 2.253E+07 25.2752 1.00000
  3.548E+09 3.548E+09 4.006E+00 1.618E+01 3.655E+02 7.540E+02 1.136E+03 1.140E+03 2.289E+07 25.5055 1.00000
  3.981E+09 3.981E+09 4.024E+00 1.822E+01 4.101E+02 8.627E+02 1.291E+03 1.295E+03 2.324E+07 25.7357 1.00000
  4.467E+09 4.467E+09 4.042E+00 2.051E+01 4.603E+02 9.872E+02 1.468E+03 1.472E+03 2.360E+07 25.9660 1.00000
  5.012E+09 5.012E+09 4.060E+00 2.308E+01 5.165E+02 1.130E+03 1.669E+03 1.673E+03 2.394E+07 26.1963 1.00000
  5.623E+09 5.623E+09 4.078E+00 2.598E+01 5.796E+02 1.293E+03 1.898E+03 1.902E+03 2.429E+07 26.4265 1.00000
  6.310E+09 6.310E+09 4.096E+00 2.923E+01 6.505E+02 1.480E+03 2.159E+03 2.163E+03 2.462E+07 26.6568 1.00000
  7.079E+09 7.079E+09 4.115E+00 3.288E+01 7.299E+02 1.693E+03 2.456E+03 2.460E+03 2.496E+07 26.8870 1.00000
  7.943E+09 7.943E+09 4.133E+00 3.698E+01 8.191E+02 1.938E+03 2.794E+03 2.798E+03 2.529E+07 27.1173 1.00000
  8.913E+09 8.913E+09 4.152E+00 4.158E+01 9.191E+02 2.219E+03 3.179E+03 3.184E+03 2.561E+07 27.3475 1.00000
  1.000E+10 1.000E+10 4.170E+00 4.676E+01 1.031E+03 2.540E+03 3.618E+03 3.622E+03 2.593E+07 27.5778 1.00000
  1.122E+10 1.122E+10 4.189E+00 5.257E+01 1.157E+03 2.908E+03 4.117E+03 4.122E+03 2.625E+07 27.8080 1.00000
  1.259E+10 1.259E+10 4.208E+00 5.910E+01 1.299E+03 3.329E+03 4.687E+03 4.691E+03 2.656E+07 28.0383 1.00000
  1.413E+10 1.413E+10 4.227E+00 6.642E+01 1.457E+03 3.811E+03 5.335E+03 5.339E+03 2.686E+07 28.2685 1.00000
  1.585E+10 1.585E+10 4.246E+00 7.465E+01 1.635E+03 4.364E+03 6.074E+03 6.078E+03 2.717E+07 28.4987 1.00000
  1.778E+10 1.778E+10 4.265E+00 8.389E+01 1.835E+03 4.997E+03 6.915E+03 6.920E+03 2.746E+07 28.7290 1.00000
  1.995E+10 1.995E+10 4.284E+00 9.426E+01 2.059E+03 5.722E+03 7.875E+03 7.879E+03 2.776E+07 28.9592 1.00000
  2.239E+10 2.239E+10 4.303E+00 1.059E+02 2.310E+03 6.552E+03 8.968E+03 8.973E+03 2.805E+07 29.1891 1.00000
  2.512E+10 2.512E+10 4.323E+00 1.190E+02 2.592E+03 7.504E+03 1.022E+04 1.022E+04 2.833E+07 29.4194 1.00000
  2.818E+10 2.818E+10 4.342E+00 1.336E+02 2.908E+03 8.594E+03 1.164E+04 1.164E+04 2.861E+07 29.6496 1.00000
  3.162E+10 3.162E+10 4.362E+00 1.501E+02 3.263E+03 9.844E+03 1.326E+04 1.326E+04 2.889E+07 29.8784 1.00000
  3.548E+10 3.548E+10 4.382E+00 1.686E+02 3.662E+03 1.128E+04 1.511E+04 1.511E+04 2.916E+07 30.1086 1.00000
  3.981E+10 3.981E+10 4.402E+00 1.893E+02 4.109E+03 1.292E+04 1.721E+04 1.722E+04 2.943E+07 30.3389 1.00000
  4.467E+10 4.467E+10 4.422E+00 2.126E+02 4.610E+03 1.480E+04 1.962E+04 1.962E+04 2.970E+07 30.5691 1.00000
  5.012E+10 5.012E+10 4.443E+00 2.388E+02 5.173E+03 1.695E+04 2.236E+04 2.237E+04 2.996E+07 30.7929 1.00000
  5.623E+10 5.623E+10 4.463E+00 2.681E+02 5.804E+03 1.942E+04 2.549E+04 2.550E+04 3.021E+07 31.0232 1.00000
  6.310E+10 6.310E+10 4.483E+00 3.010E+02 6.512E+03 2.225E+04 2.906E+04 2.907E+04 3.046E+07 31.2534 1.00000
  7.079E+10 7.079E+10 4.506E+00 3.380E+02 7.307E+03 2.549E+04 3.314E+04 3.314E+04 3.071E+07 31.4545 1.00000
  7.943E+10 7.943E+10 4.527E+00 3.794E+02 8.199E+03 2.921E+04 3.779E+04 3.780E+04 3.096E+07 31.6848 1.00000
  8.913E+10 8.913E+10 4.548E+00 4.260E+02 9.200E+03 3.348E+04 4.310E+04 4.311E+04 3.120E+07 31.9150 1.00000
  1.000E+11 1.000E+11 4.568E+00 4.782E+02 1.032E+04 3.836E+04 4.916E+04 4.917E+04 3.143E+07 32.1453 1.00000
  1.122E+11 1.122E+11 4.589E+00 5.368E+02 1.158E+04 4.396E+04 5.608E+04 5.609E+04 3.166E+07 32.3756 1.00000
  1.259E+11 1.259E+11 4.624E+00 6.025E+02 1.300E+04 5.039E+04 6.399E+04 6.399E+04 3.189E+07 32.4503 1.00000
  1.413E+11 1.413E+11 4.645E+00 6.763E+02 1.458E+04 5.775E+04 7.301E+04 7.302E+04 3.212E+07 32.6806 1.00000
  1.585E+11 1.585E+11 4.666E+00 7.591E+02 1.636E+04 6.620E+04 8.332E+04 8.332E+04 3.234E+07 32.9109 1.00000
  1.778E+11 1.778E+11 4.687E+00 8.520E+02 1.836E+04 7.589E+04 9.509E+04 9.510E+04 3.255E+07 33.1411 1.00000
  1.995E+11 1.995E+11 4.709E+00 9.563E+02 2.060E+04 8.699E+04 1.085E+05 1.085E+05 3.277E+07 33.3714 1.00000
  2.239E+11 2.239E+11 4.731E+00 1.073E+03 2.311E+04 9.973E+04 1.239E+05 1.239E+05 3.298E+07 33.6016 1.00000
  2.512E+11 2.512E+11 4.752E+00 1.204E+03 2.593E+04 1.143E+05 1.415E+05 1.415E+05 3.318E+07 33.8319 1.00000
  2.818E+11 2.818E+11 4.774E+00 1.352E+03 2.909E+04 1.311E+05 1.615E+05 1.615E+05 3.339E+07 34.0622 1.00000
  3.162E+11 3.162E+11 4.796E+00 1.517E+03 3.264E+04 1.503E+05 1.845E+05 1.845E+05 3.359E+07 34.2924 1.00000
  3.548E+11 3.548E+11 4.819E+00 1.702E+03 3.663E+04 1.724E+05 2.107E+05 2.107E+05 3.378E+07 34.5227 1.00000
  3.981E+11 3.981E+11 4.841E+00 1.911E+03 4.110E+04 1.976E+05 2.407E+05 2.407E+05 3.397E+07 34.7529 1.00000
  4.467E+11 4.467E+11 4.863E+00 2.144E+03 4.611E+04 2.267E+05 2.749E+05 2.749E+05 3.416E+07 34.9832 1.00000
  5.012E+11 5.012E+11 4.886E+00 2.406E+03 5.174E+04 2.599E+05 3.141E+05 3.141E+05 3.435E+07 35.2134 1.00000
  5.623E+11 5.623E+11 4.908E+00 2.700E+03 5.805E+04 2.981E+05 3.589E+05 3.589E+05 3.453E+07 35.4437 1.00000
  6.310E+11 6.310E+11 4.931E+00 3.030E+03 6.513E+04 3.419E+05 4.101E+05 4.101E+05 3.471E+07 35.6740 1.00000
  7.079E+11 7.079E+11 4.954E+00 3.400E+03 7.308E+04 3.922E+05 4.687E+05 4.687E+05 3.488E+07 35.9042 1.00000
  7.943E+11 7.943E+11 4.977E+00 3.815E+03 8.200E+04 4.499E+05 5.357E+05 5.357E+05 3.506E+07 36.1345 1.00000
  8.913E+11 8.913E+11 5.000E+00 4.281E+03 9.200E+04 5.161E+05 6.124E+05 6.124E+05 3.523E+07 36.3647 1.00000
  1.000E+12 1.000E+12 5.024E+00 4.804E+03 1.032E+05 5.921E+05 7.001E+05 7.001E+05 3.539E+07 36.5950 1.00000
  1.122E+12 1.122E+12 5.047E+00 5.390E+03 1.158E+05 6.793E+05 8.005E+05 8.005E+05 3.555E+07 36.8253 1.00000
  1.259E+12 1.259E+12 5.071E+00 6.048E+03 1.300E+05 7.794E+05 9.154E+05 9.154E+05 3.571E+07 37.0555 1.00000
  1.413E+12 1.413E+12 5.094E+00 6.787E+03 1.458E+05 8.942E+05 1.047E+06 1.047E+06 3.587E+07 37.2858 1.00000
  1.585E+12 1.585E+12 5.118E+00 7.615E+03 1.636E+05 1.026E+06 1.197E+06 1.197E+06 3.602E+07 37.5160 1.00000
  1.778E+12 1.778E+12 5.142E+00 8.545E+03 1.836E+05 1.177E+06 1.370E+06 1.370E+06 3.618E+07 37.7463 1.00000
  1.995E+12 1.995E+12 5.166E+00 9.588E+03 2.060E+05 1.351E+06 1.567E+06 1.567E+06 3.632E+07 37.9765 1.00000
  2.239E+12 2.239E+12 5.190E+00 1.076E+04 2.311E+05 1.551E+06 1.793E+06 1.793E+06 3.647E+07 38.2068 1.00000
  2.512E+12 2.512E+12 5.215E+00 1.207E+04 2.593E+05 1.780E+06 2.051E+06 2.051E+06 3.661E+07 38.4371 1.00000
  2.818E+12 2.818E+12 5.239E+00 1.354E+04 2.909E+05 2.043E+06 2.347E+06 2.347E+06 3.675E+07 38.6673 1.00000
  3.162E+12 3.162E+12 5.264E+00 1.520E+04 3.264E+05 2.345E+06 2.686E+06 2.686E+06 3.689E+07 38.8976 1.00000
  3.548E+12 3.548E+12 5.289E+00 1.705E+04 3.663E+05 2.691E+06 3.074E+06 3.075E+06 3.702E+07 39.1278 1.00000
  3.981E+12 3.981E+12 5.313E+00 1.913E+04 4.110E+05 3.089E+06 3.519E+06 3.519E+06 3.715E+07 39.3581 1.00000
  4.467E+12 4.467E+12 5.338E+00 2.147E+04 4.611E+05 3.546E+06 4.029E+06 4.029E+06 3.728E+07 39.5884 1.00000
  5.012E+12 5.012E+12 5.364E+00 2.409E+04 5.174E+05 4.071E+06 4.613E+06 4.613E+06 3.741E+07 39.8186 1.00000
  5.623E+12 5.623E+12 5.389E+00 2.703E+04 5.805E+05 4.674E+06 5.282E+06 5.282E+06 3.753E+07 40.0489 1.00000
  6.310E+12 6.310E+12 5.414E+00 3.033E+04 6.513E+05 5.367E+06 6.048E+06 6.048E+06 3.765E+07 40.2791 1.00000
  7.079E+12 7.079E+12 5.440E+00 3.403E+04 7.308E+05 6.162E+06 6.927E+06 6.927E+06 3.777E+07 40.5094 1.00000
  7.943E+12 7.943E+12 5.466E+00 3.818E+04 8.200E+05 7.076E+06 7.934E+06 7.934E+06 3.789E+07 40.7397 1.00000
  8.913E+12 8.913E+12 5.492E+00 4.284E+04 9.200E+05 8.125E+06 9.088E+06 9.088E+06 3.800E+07 40.9699 1.00000
  1.000E+13 1.000E+13 5.518E+00 4.807E+04 1.032E+06 9.331E+06 1.041E+07 1.041E+07 3.812E+07 41.2002 1.00000
  1.122E+13 1.122E+13 5.544E+00 5.393E+04 1.158E+06 1.072E+07 1.193E+07 1.193E+07 3.822E+07 41.4304 1.00000
  1.259E+13 1.259E+13 5.570E+00 6.052E+04 1.300E+06 1.231E+07 1.367E+07 1.367E+07 3.833E+07 41.6607 1.00000
  1.413E+13 1.413E+13 5.596E+00 6.790E+04 1.458E+06 1.414E+07 1.566E+07 1.566E+07 3.844E+07 41.8909 1.00000
  1.585E+13 1.585E+13 5.623E+00 7.619E+04 1.636E+06 1.624E+07 1.795E+07 1.795E+07 3.854E+07 42.1212 1.00000
  1.778E+13 1.778E+13 5.650E+00 8.548E+04 1.836E+06 1.865E+07 2.057E+07 2.057E+07 3.864E+07 42.3515 1.00000
  1.995E+13 1.995E+13 5.676E+00 9.591E+04 2.060E+06 2.142E+07 2.358E+07 2.358E+07 3.874E+07 42.5817 1.00000
  2.239E+13 2.239E+13 5.703E+00 1.076E+05 2.311E+06 2.461E+07 2.703E+07 2.703E+07 3.883E+07 42.8120 1.00000
  2.512E+13 2.512E+13 5.731E+00 1.207E+05 2.593E+06 2.827E+07 3.099E+07 3.099E+07 3.893E+07 43.0422 1.00000
  2.818E+13 2.818E+13 5.758E+00 1.355E+05 2.909E+06 3.248E+07 3.553E+07 3.553E+07 3.902E+07 43.2725 1.00000
  3.162E+13 3.162E+13 5.785E+00 1.520E+05 3.264E+06 3.732E+07 4.073E+07 4.073E+07 3.911E+07 43.5028 1.00000
  3.548E+13 3.548E+13 5.813E+00 1.706E+05 3.662E+06 4.288E+07 4.671E+07 4.671E+07 3.920E+07 43.7330 1.00000
  3.981E+13 3.981E+13 5.841E+00 1.914E+05 4.109E+06 4.927E+07 5.357E+07 5.357E+07 3.929E+07 43.9633 1.00000
  4.467E+13 4.467E+13 5.869E+00 2.147E+05 4.611E+06 5.661E+07 6.144E+07 6.144E+07 3.937E+07 44.1935 1.00000
  5.012E+13 5.012E+13 5.897E+00 2.409E+05 5.173E+06 6.506E+07 7.047E+07 7.047E+07 3.945E+07 44.4238 1.00000
  5.623E+13 5.623E+13 5.925E+00 2.703E+05 5.804E+06 7.476E+07 8.084E+07 8.084E+07 3.954E+07 44.6540 1.00000
  6.310E+13 6.310E+13 5.953E+00 3.033E+05 6.513E+06 8.592E+07 9.274E+07 9.274E+07 3.961E+07 44.8843 1.00000
  7.079E+13 7.079E+13 5.982E+00 3.403E+05 7.307E+06 9.875E+07 1.064E+08 1.064E+08 3.969E+07 45.1146 1.00000
  7.943E+13 7.943E+13 6.010E+00 3.819E+05 8.199E+06 1.135E+08 1.221E+08 1.221E+08 3.977E+07 45.3448 1.00000
  8.913E+13 8.913E+13 6.039E+00 4.284E+05 9.199E+06 1.305E+08 1.401E+08 1.401E+08 3.984E+07 45.5751 1.00000
  1.000E+14 1.000E+14 6.068E+00 4.807E+05 1.032E+07 1.500E+08 1.608E+08 1.608E+08 3.991E+07 45.8053 1.00000
  1.122E+14 1.122E+14 6.097E+00 5.394E+05 1.158E+07 1.724E+08 1.845E+08 1.845E+08 3.998E+07 46.0356 1.00000
  1.259E+14 1.259E+14 6.126E+00 6.052E+05 1.299E+07 1.982E+08 2.118E+08 2.118E+08 4.005E+07 46.2659 1.00000
  1.413E+14 1.413E+14 6.156E+00 6.790E+05 1.458E+07 2.278E+08 2.431E+08 2.431E+08 4.012E+07 46.4961 1.00000
  1.585E+14 1.585E+14 6.185E+00 7.619E+05 1.636E+07 2.619E+08 2.790E+08 2.790E+08 4.019E+07 46.7264 1.00000
  1.778E+14 1.778E+14 6.215E+00 8.549E+05 1.835E+07 3.011E+08 3.203E+08 3.203E+08 4.025E+07 46.9566 1.00000
  1.995E+14 1.995E+14 6.245E+00 9.592E+05 2.059E+07 3.462E+08 3.678E+08 3.678E+08 4.032E+07 47.1869 1.00000
  2.239E+14 2.239E+14 6.275E+00 1.076E+06 2.311E+07 3.981E+08 4.223E+08 4.223E+08 4.038E+07 47.4171 1.00000
  2.512E+14 2.512E+14 6.305E+00 1.208E+06 2.593E+07 4.578E+08 4.849E+08 4.849E+08 4.044E+07 47.6474 1.00000
  2.818E+14 2.818E+14 6.335E+00 1.355E+06 2.909E+07 5.264E+08 5.568E+08 5.568E+08 4.050E+07 47.8777 1.00000
  3.162E+14 3.162E+14 6.366E+00 1.520E+06 3.264E+07 6.054E+08 6.395E+08 6.395E+08 4.055E+07 48.1079 1.00000
  3.548E+14 3.548E+14 6.397E+00 1.706E+06 3.662E+07 6.962E+08 7.345E+08 7.345E+08 4.061E+07 48.3382 1.00000
  3.981E+14 3.981E+14 6.427E+00 1.914E+06 4.109E+07 8.007E+08 8.437E+08 8.437E+08 4.067E+07 48.5684 1.00000
  4.467E+14 4.467E+14 6.458E+00 2.147E+06 4.610E+07 9.209E+08 9.691E+08 9.691E+08 4.072E+07 48.7987 1.00000
  5.012E+14 5.012E+14 6.490E+00 2.409E+06 5.173E+07 1.059E+09 1.113E+09 1.113E+09 4.077E+07 49.0290 1.00000
  5.623E+14 5.623E+14 6.521E+00 2.703E+06 5.804E+07 1.218E+09 1.279E+09 1.279E+09 4.082E+07 49.2592 1.00000
  6.310E+14 6.310E+14 6.552E+00 3.033E+06 6.512E+07 1.401E+09 1.469E+09 1.469E+09 4.087E+07 49.4895 1.00000
  7.079E+14 7.079E+14 6.584E+00 3.403E+06 7.307E+07 1.612E+09 1.688E+09 1.688E+09 4.092E+07 49.7197 1.00000
  7.943E+14 7.943E+14 6.616E+00 3.819E+06 8.198E+07 1.854E+09 1.940E+09 1.940E+09 4.097E+07 49.9500 1.00000
  8.913E+14 8.913E+14 6.648E+00 4.285E+06 9.198E+07 2.133E+09 2.230E+09 2.230E+09 4.102E+07 50.1802 1.00000
  1.000E+15 1.000E+15 6.680E+00 4.807E+06 1.032E+08 2.454E+09 2.562E+09 2.562E+09 4.106E+07 50.4105 1.00000
