 Incident particle is a Tau with M = 1776.82000 MeV
 Index = 0: Toluene
      Absorber with <Z/A> = 0.54265
 Density effect computed following Fano (1963)
 Models for Radloss: brems =  SSR, pair =  SSR, photonuc = DRSS

 *** Table generated with PUMAS v1.1 ***

      T         p     Ionization  brems     pair     photonuc  Radloss    dE/dx   CSDA Range  delta   beta
    [MeV]    [MeV/c]  -----------------------[MeV cm^2/g]------------------------  [g/cm^2]
  1.000E+05 1.018E+05 2.406E+00 3.312E-05 1.762E-03 6.794E-03 8.590E-03 2.415E+00 2.070E+04  4.8568 0.99985
  1.122E+05 1.140E+05 2.427E+00 4.011E-05 2.133E-03 7.705E-03 9.878E-03 2.437E+00 2.573E+04  5.0713 0.99988
  1.259E+05 1.277E+05 2.447E+00 4.849E-05 2.571E-03 8.719E-03 1.134E-02 2.458E+00 3.133E+04  5.2882 0.99990
  1.413E+05 1.430E+05 2.467E+00 5.851E-05 3.087E-03 9.839E-03 1.298E-02 2.480E+00 3.755E+04  5.5074 0.99992
  1.585E+05 1.603E+05 2.487E+00 7.048E-05 3.695E-03 1.111E-02 1.488E-02 2.502E+00 4.447E+04  5.7284 0.99994
  1.778E+05 1.796E+05 2.508E+00 8.474E-05 4.408E-03 1.252E-02 1.701E-02 2.525E+00 5.216E+04  5.9509 0.99995
  1.995E+05 2.013E+05 2.528E+00 1.017E-04 5.245E-03 1.412E-02 1.947E-02 2.547E+00 6.072E+04  6.1747 0.99996
  2.239E+05 2.256E+05 2.548E+00 1.218E-04 6.223E-03 1.590E-02 2.224E-02 2.570E+00 7.023E+04  6.3995 0.99997
  2.512E+05 2.530E+05 2.568E+00 1.456E-04 7.366E-03 1.788E-02 2.539E-02 2.593E+00 8.081E+04  6.6253 0.99998
  2.818E+05 2.836E+05 2.587E+00 1.738E-04 8.699E-03 2.013E-02 2.900E-02 2.616E+00 9.258E+04  6.8518 0.99998
  3.162E+05 3.180E+05 2.607E+00 2.070E-04 1.025E-02 2.266E-02 3.311E-02 2.640E+00 1.057E+05  7.0789 0.99998
  3.548E+05 3.566E+05 2.627E+00 2.462E-04 1.205E-02 2.549E-02 3.779E-02 2.665E+00 1.202E+05  7.3065 0.99999
  3.981E+05 3.999E+05 2.647E+00 2.922E-04 1.415E-02 2.866E-02 4.310E-02 2.690E+00 1.364E+05  7.5346 0.99999
  4.467E+05 4.485E+05 2.667E+00 3.462E-04 1.657E-02 3.224E-02 4.916E-02 2.716E+00 1.543E+05  7.7629 0.99999
  5.012E+05 5.030E+05 2.687E+00 4.095E-04 1.938E-02 3.624E-02 5.603E-02 2.743E+00 1.743E+05  7.9916 0.99999
  5.623E+05 5.641E+05 2.706E+00 4.836E-04 2.262E-02 4.078E-02 6.388E-02 2.770E+00 1.965E+05  8.2205 1.00000
  6.310E+05 6.327E+05 2.726E+00 5.701E-04 2.637E-02 4.590E-02 7.284E-02 2.799E+00 2.211E+05  8.4496 1.00000
  7.079E+05 7.097E+05 2.745E+00 6.712E-04 3.068E-02 5.168E-02 8.303E-02 2.828E+00 2.485E+05  8.6789 1.00000
  7.943E+05 7.961E+05 2.765E+00 7.889E-04 3.565E-02 5.820E-02 9.464E-02 2.859E+00 2.789E+05  8.9084 1.00000
  8.913E+05 8.930E+05 2.784E+00 9.258E-04 4.137E-02 6.554E-02 1.078E-01 2.892E+00 3.126E+05  9.1379 1.00000
  1.000E+06 1.002E+06 2.803E+00 1.085E-03 4.794E-02 7.387E-02 1.229E-01 2.926E+00 3.500E+05  9.3675 1.00000
  1.122E+06 1.124E+06 2.823E+00 1.270E-03 5.547E-02 8.326E-02 1.400E-01 2.963E+00 3.914E+05  9.5973 1.00000
  1.259E+06 1.261E+06 2.842E+00 1.484E-03 6.411E-02 9.394E-02 1.595E-01 3.001E+00 4.373E+05  9.8271 1.00000
  1.413E+06 1.414E+06 2.861E+00 1.733E-03 7.400E-02 1.060E-01 1.817E-01 3.042E+00 4.881E+05 10.0569 1.00000
  1.585E+06 1.587E+06 2.879E+00 2.021E-03 8.531E-02 1.197E-01 2.070E-01 3.086E+00 5.444E+05 10.2868 1.00000
  1.778E+06 1.780E+06 2.898E+00 2.353E-03 9.823E-02 1.352E-01 2.358E-01 3.134E+00 6.066E+05 10.5168 1.00000
  1.995E+06 1.997E+06 2.917E+00 2.737E-03 1.130E-01 1.528E-01 2.685E-01 3.185E+00 6.752E+05 10.7468 1.00000
  2.239E+06 2.240E+06 2.935E+00 3.181E-03 1.298E-01 1.728E-01 3.058E-01 3.241E+00 7.510E+05 10.9768 1.00000
  2.512E+06 2.514E+06 2.953E+00 3.693E-03 1.490E-01 1.954E-01 3.481E-01 3.301E+00 8.345E+05 11.2069 1.00000
  2.818E+06 2.820E+06 2.971E+00 4.284E-03 1.708E-01 2.212E-01 3.964E-01 3.368E+00 9.264E+05 11.4370 1.00000
  3.162E+06 3.164E+06 2.989E+00 4.963E-03 1.957E-01 2.505E-01 4.511E-01 3.440E+00 1.027E+06 11.6671 1.00000
  3.548E+06 3.550E+06 3.007E+00 5.743E-03 2.239E-01 2.838E-01 5.134E-01 3.520E+00 1.138E+06 11.8972 1.00000
  3.981E+06 3.983E+06 3.025E+00 6.640E-03 2.559E-01 3.217E-01 5.842E-01 3.609E+00 1.260E+06 12.1273 1.00000
  4.467E+06 4.469E+06 3.042E+00 7.671E-03 2.923E-01 3.647E-01 6.647E-01 3.707E+00 1.393E+06 12.3575 1.00000
  5.012E+06 5.014E+06 3.059E+00 8.856E-03 3.336E-01 4.138E-01 7.562E-01 3.815E+00 1.538E+06 12.5876 1.00000
  5.623E+06 5.625E+06 3.076E+00 1.022E-02 3.803E-01 4.696E-01 8.602E-01 3.936E+00 1.695E+06 12.8178 1.00000
  6.310E+06 6.311E+06 3.093E+00 1.178E-02 4.333E-01 5.332E-01 9.783E-01 4.071E+00 1.867E+06 13.0480 1.00000
  7.079E+06 7.081E+06 3.110E+00 1.357E-02 4.932E-01 6.056E-01 1.112E+00 4.222E+00 2.052E+06 13.2782 1.00000
  7.943E+06 7.945E+06 3.126E+00 1.562E-02 5.610E-01 6.882E-01 1.265E+00 4.391E+00 2.253E+06 13.5084 1.00000
  8.913E+06 8.914E+06 3.143E+00 1.797E-02 6.377E-01 7.822E-01 1.438E+00 4.581E+00 2.469E+06 13.7386 1.00000
  1.000E+07 1.000E+07 3.159E+00 2.066E-02 7.243E-01 8.893E-01 1.634E+00 4.793E+00 2.701E+06 13.9688 1.00000
  1.122E+07 1.122E+07 3.175E+00 2.373E-02 8.221E-01 1.011E+00 1.857E+00 5.032E+00 2.950E+06 14.1990 1.00000
  1.259E+07 1.259E+07 3.191E+00 2.724E-02 9.326E-01 1.151E+00 2.111E+00 5.302E+00 3.215E+06 14.4292 1.00000
  1.413E+07 1.413E+07 3.207E+00 3.125E-02 1.057E+00 1.310E+00 2.398E+00 5.605E+00 3.496E+06 14.6595 1.00000
  1.585E+07 1.585E+07 3.223E+00 3.583E-02 1.198E+00 1.491E+00 2.724E+00 5.947E+00 3.795E+06 14.8897 1.00000
  1.778E+07 1.778E+07 3.238E+00 4.106E-02 1.356E+00 1.697E+00 3.095E+00 6.333E+00 4.110E+06 15.1199 1.00000
  1.995E+07 1.995E+07 3.254E+00 4.702E-02 1.535E+00 1.933E+00 3.515E+00 6.769E+00 4.441E+06 15.3502 1.00000
  2.239E+07 2.239E+07 3.269E+00 5.382E-02 1.737E+00 2.202E+00 3.992E+00 7.261E+00 4.788E+06 15.5804 1.00000
  2.512E+07 2.512E+07 3.284E+00 6.158E-02 1.963E+00 2.509E+00 4.534E+00 7.818E+00 5.151E+06 15.8107 1.00000
  2.818E+07 2.819E+07 3.300E+00 7.042E-02 2.219E+00 2.859E+00 5.149E+00 8.448E+00 5.528E+06 16.0409 1.00000
  3.162E+07 3.162E+07 3.315E+00 8.050E-02 2.506E+00 3.259E+00 5.846E+00 9.161E+00 5.919E+06 16.2711 1.00000
  3.548E+07 3.548E+07 3.330E+00 9.197E-02 2.830E+00 3.716E+00 6.638E+00 9.968E+00 6.323E+06 16.5014 1.00000
  3.981E+07 3.981E+07 3.345E+00 1.050E-01 3.194E+00 4.237E+00 7.536E+00 1.088E+01 6.738E+06 16.7316 1.00000
  4.467E+07 4.467E+07 3.360E+00 1.199E-01 3.604E+00 4.832E+00 8.555E+00 1.192E+01 7.165E+06 16.9619 1.00000
  5.012E+07 5.012E+07 3.375E+00 1.367E-01 4.064E+00 5.511E+00 9.712E+00 1.309E+01 7.601E+06 17.1921 1.00000
  5.623E+07 5.624E+07 3.390E+00 1.559E-01 4.582E+00 6.287E+00 1.103E+01 1.442E+01 8.046E+06 17.4224 1.00000
  6.310E+07 6.310E+07 3.405E+00 1.777E-01 5.165E+00 7.174E+00 1.252E+01 1.592E+01 8.499E+06 17.6526 1.00000
  7.079E+07 7.080E+07 3.420E+00 2.025E-01 5.819E+00 8.186E+00 1.421E+01 1.763E+01 8.958E+06 17.8829 1.00000
  7.943E+07 7.943E+07 3.436E+00 2.306E-01 6.555E+00 9.342E+00 1.613E+01 1.956E+01 9.423E+06 18.1131 1.00000
  8.913E+07 8.913E+07 3.451E+00 2.625E-01 7.381E+00 1.066E+01 1.831E+01 2.176E+01 9.893E+06 18.3434 1.00000
  1.000E+08 1.000E+08 3.466E+00 2.987E-01 8.310E+00 1.217E+01 2.078E+01 2.425E+01 1.037E+07 18.5736 1.00000
  1.122E+08 1.122E+08 3.481E+00 3.397E-01 9.353E+00 1.390E+01 2.359E+01 2.707E+01 1.084E+07 18.8039 1.00000
  1.259E+08 1.259E+08 3.496E+00 3.862E-01 1.052E+01 1.587E+01 2.678E+01 3.027E+01 1.132E+07 19.0342 1.00000
  1.413E+08 1.413E+08 3.511E+00 4.389E-01 1.184E+01 1.812E+01 3.040E+01 3.391E+01 1.180E+07 19.2644 1.00000
  1.585E+08 1.585E+08 3.527E+00 4.986E-01 1.332E+01 2.069E+01 3.451E+01 3.803E+01 1.228E+07 19.4947 1.00000
  1.778E+08 1.778E+08 3.542E+00 5.661E-01 1.498E+01 2.363E+01 3.917E+01 4.272E+01 1.276E+07 19.7249 1.00000
  1.995E+08 1.995E+08 3.558E+00 6.426E-01 1.684E+01 2.699E+01 4.448E+01 4.803E+01 1.324E+07 19.9552 1.00000
  2.239E+08 2.239E+08 3.573E+00 7.291E-01 1.893E+01 3.083E+01 5.050E+01 5.407E+01 1.372E+07 20.1854 1.00000
  2.512E+08 2.512E+08 3.589E+00 8.270E-01 2.128E+01 3.522E+01 5.733E+01 6.092E+01 1.419E+07 20.4157 1.00000
  2.818E+08 2.818E+08 3.604E+00 9.376E-01 2.392E+01 4.024E+01 6.510E+01 6.870E+01 1.466E+07 20.6460 1.00000
  3.162E+08 3.162E+08 3.620E+00 1.063E+00 2.688E+01 4.598E+01 7.392E+01 7.754E+01 1.514E+07 20.8762 1.00000
  3.548E+08 3.548E+08 3.636E+00 1.204E+00 3.020E+01 5.254E+01 8.395E+01 8.758E+01 1.560E+07 21.1065 1.00000
  3.981E+08 3.981E+08 3.651E+00 1.364E+00 3.393E+01 6.004E+01 9.534E+01 9.899E+01 1.607E+07 21.3367 1.00000
  4.467E+08 4.467E+08 3.667E+00 1.544E+00 3.812E+01 6.862E+01 1.083E+02 1.119E+02 1.653E+07 21.5670 1.00000
  5.012E+08 5.012E+08 3.683E+00 1.747E+00 4.282E+01 7.843E+01 1.230E+02 1.267E+02 1.699E+07 21.7972 1.00000
  5.623E+08 5.623E+08 3.699E+00 1.977E+00 4.809E+01 8.964E+01 1.397E+02 1.434E+02 1.744E+07 22.0275 1.00000
  6.310E+08 6.310E+08 3.715E+00 2.236E+00 5.401E+01 1.025E+02 1.587E+02 1.624E+02 1.789E+07 22.2578 1.00000
  7.079E+08 7.079E+08 3.732E+00 2.528E+00 6.065E+01 1.171E+02 1.803E+02 1.841E+02 1.833E+07 22.4880 1.00000
  7.943E+08 7.943E+08 3.748E+00 2.858E+00 6.811E+01 1.339E+02 2.049E+02 2.086E+02 1.878E+07 22.7183 1.00000
  8.913E+08 8.913E+08 3.764E+00 3.229E+00 7.647E+01 1.531E+02 2.328E+02 2.366E+02 1.921E+07 22.9485 1.00000
  1.000E+09 1.000E+09 3.781E+00 3.648E+00 8.586E+01 1.751E+02 2.646E+02 2.684E+02 1.964E+07 23.1788 1.00000
  1.122E+09 1.122E+09 3.797E+00 4.119E+00 9.639E+01 2.002E+02 3.007E+02 3.045E+02 2.007E+07 23.4090 1.00000
  1.259E+09 1.259E+09 3.814E+00 4.651E+00 1.082E+02 2.289E+02 3.418E+02 3.456E+02 2.049E+07 23.6393 1.00000
  1.413E+09 1.413E+09 3.831E+00 5.249E+00 1.215E+02 2.618E+02 3.885E+02 3.923E+02 2.091E+07 23.8696 1.00000
  1.585E+09 1.585E+09 3.847E+00 5.923E+00 1.364E+02 2.994E+02 4.417E+02 4.455E+02 2.132E+07 24.0998 1.00000
  1.778E+09 1.778E+09 3.864E+00 6.681E+00 1.531E+02 3.424E+02 5.022E+02 5.061E+02 2.173E+07 24.3301 1.00000
  1.995E+09 1.995E+09 3.881E+00 7.535E+00 1.718E+02 3.917E+02 5.710E+02 5.749E+02 2.213E+07 24.5603 1.00000
  2.239E+09 2.239E+09 3.898E+00 8.495E+00 1.929E+02 4.480E+02 6.494E+02 6.533E+02 2.253E+07 24.7906 1.00000
  2.512E+09 2.512E+09 3.916E+00 9.576E+00 2.165E+02 5.125E+02 7.386E+02 7.425E+02 2.292E+07 25.0209 1.00000
  2.818E+09 2.818E+09 3.933E+00 1.079E+01 2.429E+02 5.863E+02 8.401E+02 8.440E+02 2.331E+07 25.2511 1.00000
  3.162E+09 3.162E+09 3.950E+00 1.216E+01 2.727E+02 6.708E+02 9.556E+02 9.596E+02 2.369E+07 25.4814 1.00000
  3.548E+09 3.548E+09 3.968E+00 1.370E+01 3.060E+02 7.675E+02 1.087E+03 1.091E+03 2.406E+07 25.7116 1.00000
  3.981E+09 3.981E+09 3.985E+00 1.543E+01 3.434E+02 8.782E+02 1.237E+03 1.241E+03 2.444E+07 25.9419 1.00000
  4.467E+09 4.467E+09 4.003E+00 1.737E+01 3.854E+02 1.005E+03 1.408E+03 1.412E+03 2.480E+07 26.1721 1.00000
  5.012E+09 5.012E+09 4.021E+00 1.955E+01 4.325E+02 1.150E+03 1.602E+03 1.606E+03 2.516E+07 26.4024 1.00000
  5.623E+09 5.623E+09 4.038E+00 2.201E+01 4.854E+02 1.316E+03 1.823E+03 1.827E+03 2.552E+07 26.6327 1.00000
  6.310E+09 6.310E+09 4.056E+00 2.477E+01 5.447E+02 1.506E+03 2.076E+03 2.080E+03 2.587E+07 26.8629 1.00000
  7.079E+09 7.079E+09 4.075E+00 2.787E+01 6.112E+02 1.724E+03 2.363E+03 2.367E+03 2.622E+07 27.0932 1.00000
  7.943E+09 7.943E+09 4.093E+00 3.135E+01 6.859E+02 1.973E+03 2.690E+03 2.694E+03 2.656E+07 27.3234 1.00000
  8.913E+09 8.913E+09 4.111E+00 3.526E+01 7.697E+02 2.259E+03 3.063E+03 3.068E+03 2.690E+07 27.5537 1.00000
  1.000E+10 1.000E+10 4.129E+00 3.966E+01 8.637E+02 2.585E+03 3.489E+03 3.493E+03 2.723E+07 27.7839 1.00000
  1.122E+10 1.122E+10 4.148E+00 4.460E+01 9.692E+02 2.960E+03 3.974E+03 3.978E+03 2.756E+07 28.0142 1.00000
  1.259E+10 1.259E+10 4.166E+00 5.014E+01 1.088E+03 3.389E+03 4.526E+03 4.530E+03 2.788E+07 28.2444 1.00000
  1.413E+10 1.413E+10 4.185E+00 5.637E+01 1.220E+03 3.880E+03 5.156E+03 5.160E+03 2.820E+07 28.4747 1.00000
  1.585E+10 1.585E+10 4.204E+00 6.336E+01 1.369E+03 4.442E+03 5.875E+03 5.879E+03 2.851E+07 28.7049 1.00000
  1.778E+10 1.778E+10 4.223E+00 7.121E+01 1.536E+03 5.086E+03 6.694E+03 6.698E+03 2.882E+07 28.9351 1.00000
  1.995E+10 1.995E+10 4.242E+00 8.003E+01 1.724E+03 5.825E+03 7.629E+03 7.633E+03 2.912E+07 29.1654 1.00000
  2.239E+10 2.239E+10 4.261E+00 8.992E+01 1.935E+03 6.670E+03 8.695E+03 8.699E+03 2.942E+07 29.3953 1.00000
  2.512E+10 2.512E+10 4.280E+00 1.010E+02 2.171E+03 7.639E+03 9.911E+03 9.915E+03 2.971E+07 29.6255 1.00000
  2.818E+10 2.818E+10 4.299E+00 1.135E+02 2.436E+03 8.749E+03 1.130E+04 1.130E+04 3.000E+07 29.8558 1.00000
  3.162E+10 3.162E+10 4.319E+00 1.275E+02 2.733E+03 1.002E+04 1.288E+04 1.289E+04 3.029E+07 30.0845 1.00000
  3.548E+10 3.548E+10 4.339E+00 1.432E+02 3.067E+03 1.148E+04 1.469E+04 1.469E+04 3.057E+07 30.3148 1.00000
  3.981E+10 3.981E+10 4.358E+00 1.609E+02 3.441E+03 1.315E+04 1.675E+04 1.675E+04 3.084E+07 30.5450 1.00000
  4.467E+10 4.467E+10 4.378E+00 1.807E+02 3.861E+03 1.506E+04 1.910E+04 1.911E+04 3.112E+07 30.7753 1.00000
  5.012E+10 5.012E+10 4.398E+00 2.029E+02 4.332E+03 1.725E+04 2.179E+04 2.179E+04 3.138E+07 30.9990 1.00000
  5.623E+10 5.623E+10 4.418E+00 2.278E+02 4.861E+03 1.977E+04 2.486E+04 2.486E+04 3.165E+07 31.2293 1.00000
  6.310E+10 6.310E+10 4.438E+00 2.558E+02 5.454E+03 2.265E+04 2.836E+04 2.836E+04 3.190E+07 31.4596 1.00000
  7.079E+10 7.079E+10 4.461E+00 2.873E+02 6.119E+03 2.595E+04 3.236E+04 3.236E+04 3.216E+07 31.6607 1.00000
  7.943E+10 7.943E+10 4.481E+00 3.225E+02 6.866E+03 2.974E+04 3.693E+04 3.693E+04 3.241E+07 31.8909 1.00000
  8.913E+10 8.913E+10 4.502E+00 3.621E+02 7.704E+03 3.408E+04 4.214E+04 4.215E+04 3.265E+07 32.1212 1.00000
  1.000E+11 1.000E+11 4.522E+00 4.065E+02 8.644E+03 3.905E+04 4.810E+04 4.811E+04 3.289E+07 32.3514 1.00000
  1.122E+11 1.122E+11 4.543E+00 4.563E+02 9.699E+03 4.475E+04 5.491E+04 5.491E+04 3.313E+07 32.5817 1.00000
  1.259E+11 1.259E+11 4.577E+00 5.123E+02 1.088E+04 5.129E+04 6.269E+04 6.269E+04 3.337E+07 32.6565 1.00000
  1.413E+11 1.413E+11 4.598E+00 5.750E+02 1.221E+04 5.879E+04 7.158E+04 7.158E+04 3.359E+07 32.8868 1.00000
  1.585E+11 1.585E+11 4.619E+00 6.455E+02 1.370E+04 6.739E+04 8.174E+04 8.174E+04 3.382E+07 33.1170 1.00000
  1.778E+11 1.778E+11 4.640E+00 7.245E+02 1.537E+04 7.725E+04 9.335E+04 9.335E+04 3.404E+07 33.3473 1.00000
  1.995E+11 1.995E+11 4.661E+00 8.132E+02 1.725E+04 8.855E+04 1.066E+05 1.066E+05 3.426E+07 33.5775 1.00000
  2.239E+11 2.239E+11 4.683E+00 9.127E+02 1.935E+04 1.015E+05 1.218E+05 1.218E+05 3.447E+07 33.8078 1.00000
  2.512E+11 2.512E+11 4.704E+00 1.024E+03 2.172E+04 1.164E+05 1.391E+05 1.391E+05 3.468E+07 34.0380 1.00000
  2.818E+11 2.818E+11 4.726E+00 1.150E+03 2.437E+04 1.334E+05 1.590E+05 1.590E+05 3.489E+07 34.2683 1.00000
  3.162E+11 3.162E+11 4.747E+00 1.290E+03 2.734E+04 1.530E+05 1.816E+05 1.816E+05 3.509E+07 34.4986 1.00000
  3.548E+11 3.548E+11 4.769E+00 1.448E+03 3.067E+04 1.755E+05 2.076E+05 2.076E+05 3.529E+07 34.7288 1.00000
  3.981E+11 3.981E+11 4.791E+00 1.625E+03 3.442E+04 2.012E+05 2.372E+05 2.372E+05 3.548E+07 34.9591 1.00000
  4.467E+11 4.467E+11 4.813E+00 1.824E+03 3.862E+04 2.307E+05 2.712E+05 2.712E+05 3.567E+07 35.1893 1.00000
  5.012E+11 5.012E+11 4.836E+00 2.046E+03 4.333E+04 2.646E+05 3.100E+05 3.100E+05 3.586E+07 35.4196 1.00000
  5.623E+11 5.623E+11 4.858E+00 2.296E+03 4.862E+04 3.035E+05 3.544E+05 3.544E+05 3.605E+07 35.6499 1.00000
  6.310E+11 6.310E+11 4.881E+00 2.577E+03 5.455E+04 3.481E+05 4.052E+05 4.052E+05 3.623E+07 35.8801 1.00000
  7.079E+11 7.079E+11 4.903E+00 2.892E+03 6.120E+04 3.993E+05 4.634E+05 4.634E+05 3.641E+07 36.1104 1.00000
  7.943E+11 7.943E+11 4.926E+00 3.245E+03 6.867E+04 4.580E+05 5.299E+05 5.299E+05 3.658E+07 36.3406 1.00000
  8.913E+11 8.913E+11 4.949E+00 3.641E+03 7.705E+04 5.254E+05 6.061E+05 6.061E+05 3.675E+07 36.5709 1.00000
  1.000E+12 1.000E+12 4.972E+00 4.086E+03 8.645E+04 6.027E+05 6.933E+05 6.933E+05 3.692E+07 36.8011 1.00000
  1.122E+12 1.122E+12 4.995E+00 4.585E+03 9.700E+04 6.915E+05 7.931E+05 7.931E+05 3.708E+07 37.0314 1.00000
  1.259E+12 1.259E+12 5.018E+00 5.145E+03 1.088E+05 7.934E+05 9.073E+05 9.074E+05 3.724E+07 37.2617 1.00000
  1.413E+12 1.413E+12 5.042E+00 5.773E+03 1.221E+05 9.103E+05 1.038E+06 1.038E+06 3.740E+07 37.4919 1.00000
  1.585E+12 1.585E+12 5.065E+00 6.478E+03 1.370E+05 1.045E+06 1.188E+06 1.188E+06 3.756E+07 37.7222 1.00000
  1.778E+12 1.778E+12 5.089E+00 7.269E+03 1.537E+05 1.199E+06 1.360E+06 1.360E+06 3.771E+07 37.9524 1.00000
  1.995E+12 1.995E+12 5.112E+00 8.156E+03 1.725E+05 1.375E+06 1.556E+06 1.556E+06 3.786E+07 38.1827 1.00000
  2.239E+12 2.239E+12 5.136E+00 9.152E+03 1.935E+05 1.579E+06 1.781E+06 1.781E+06 3.800E+07 38.4130 1.00000
  2.512E+12 2.512E+12 5.160E+00 1.027E+04 2.172E+05 1.812E+06 2.039E+06 2.039E+06 3.815E+07 38.6432 1.00000
  2.818E+12 2.818E+12 5.185E+00 1.152E+04 2.437E+05 2.079E+06 2.334E+06 2.334E+06 3.829E+07 38.8735 1.00000
  3.162E+12 3.162E+12 5.209E+00 1.293E+04 2.734E+05 2.387E+06 2.673E+06 2.673E+06 3.843E+07 39.1037 1.00000
  3.548E+12 3.548E+12 5.233E+00 1.451E+04 3.067E+05 2.739E+06 3.061E+06 3.061E+06 3.856E+07 39.3340 1.00000
  3.981E+12 3.981E+12 5.258E+00 1.628E+04 3.442E+05 3.145E+06 3.505E+06 3.505E+06 3.869E+07 39.5642 1.00000
  4.467E+12 4.467E+12 5.283E+00 1.826E+04 3.862E+05 3.610E+06 4.014E+06 4.014E+06 3.882E+07 39.7945 1.00000
  5.012E+12 5.012E+12 5.307E+00 2.049E+04 4.333E+05 4.144E+06 4.598E+06 4.598E+06 3.895E+07 40.0248 1.00000
  5.623E+12 5.623E+12 5.332E+00 2.299E+04 4.861E+05 4.758E+06 5.267E+06 5.267E+06 3.907E+07 40.2550 1.00000
  6.310E+12 6.310E+12 5.357E+00 2.580E+04 5.455E+05 5.463E+06 6.034E+06 6.034E+06 3.920E+07 40.4853 1.00000
  7.079E+12 7.079E+12 5.383E+00 2.895E+04 6.120E+05 6.273E+06 6.914E+06 6.914E+06 3.931E+07 40.7155 1.00000
  7.943E+12 7.943E+12 5.408E+00 3.248E+04 6.867E+05 7.203E+06 7.922E+06 7.922E+06 3.943E+07 40.9458 1.00000
  8.913E+12 8.913E+12 5.434E+00 3.644E+04 7.705E+05 8.271E+06 9.078E+06 9.078E+06 3.955E+07 41.1761 1.00000
  1.000E+13 1.000E+13 5.459E+00 4.089E+04 8.645E+05 9.498E+06 1.040E+07 1.040E+07 3.966E+07 41.4063 1.00000
  1.122E+13 1.122E+13 5.485E+00 4.588E+04 9.700E+05 1.091E+07 1.192E+07 1.192E+07 3.977E+07 41.6366 1.00000
  1.259E+13 1.259E+13 5.511E+00 5.148E+04 1.088E+06 1.253E+07 1.367E+07 1.367E+07 3.987E+07 41.8668 1.00000
  1.413E+13 1.413E+13 5.537E+00 5.776E+04 1.221E+06 1.439E+07 1.567E+07 1.567E+07 3.998E+07 42.0971 1.00000
  1.585E+13 1.585E+13 5.563E+00 6.481E+04 1.370E+06 1.653E+07 1.796E+07 1.796E+07 4.008E+07 42.3274 1.00000
  1.778E+13 1.778E+13 5.590E+00 7.272E+04 1.537E+06 1.898E+07 2.059E+07 2.059E+07 4.018E+07 42.5576 1.00000
  1.995E+13 1.995E+13 5.616E+00 8.159E+04 1.725E+06 2.181E+07 2.361E+07 2.361E+07 4.028E+07 42.7879 1.00000
  2.239E+13 2.239E+13 5.643E+00 9.155E+04 1.935E+06 2.505E+07 2.708E+07 2.708E+07 4.038E+07 43.0181 1.00000
  2.512E+13 2.512E+13 5.670E+00 1.027E+05 2.171E+06 2.878E+07 3.105E+07 3.105E+07 4.047E+07 43.2484 1.00000
  2.818E+13 2.818E+13 5.697E+00 1.153E+05 2.436E+06 3.306E+07 3.562E+07 3.562E+07 4.056E+07 43.4786 1.00000
  3.162E+13 3.162E+13 5.724E+00 1.293E+05 2.734E+06 3.799E+07 4.085E+07 4.085E+07 4.065E+07 43.7089 1.00000
  3.548E+13 3.548E+13 5.751E+00 1.451E+05 3.067E+06 4.365E+07 4.686E+07 4.686E+07 4.074E+07 43.9392 1.00000
  3.981E+13 3.981E+13 5.778E+00 1.628E+05 3.441E+06 5.015E+07 5.376E+07 5.376E+07 4.083E+07 44.1694 1.00000
  4.467E+13 4.467E+13 5.806E+00 1.827E+05 3.861E+06 5.763E+07 6.167E+07 6.167E+07 4.091E+07 44.3997 1.00000
  5.012E+13 5.012E+13 5.833E+00 2.050E+05 4.332E+06 6.623E+07 7.076E+07 7.076E+07 4.099E+07 44.6299 1.00000
  5.623E+13 5.623E+13 5.861E+00 2.300E+05 4.861E+06 7.611E+07 8.120E+07 8.120E+07 4.107E+07 44.8602 1.00000
  6.310E+13 6.310E+13 5.889E+00 2.580E+05 5.454E+06 8.747E+07 9.318E+07 9.318E+07 4.115E+07 45.0905 1.00000
  7.079E+13 7.079E+13 5.917E+00 2.895E+05 6.120E+06 1.005E+08 1.069E+08 1.069E+08 4.123E+07 45.3207 1.00000
  7.943E+13 7.943E+13 5.946E+00 3.248E+05 6.866E+06 1.155E+08 1.227E+08 1.227E+08 4.131E+07 45.5510 1.00000
  8.913E+13 8.913E+13 5.974E+00 3.645E+05 7.704E+06 1.328E+08 1.409E+08 1.409E+08 4.138E+07 45.7812 1.00000
  1.000E+14 1.000E+14 6.003E+00 4.090E+05 8.644E+06 1.527E+08 1.617E+08 1.617E+08 4.145E+07 46.0115 1.00000
  1.122E+14 1.122E+14 6.031E+00 4.589E+05 9.699E+06 1.755E+08 1.856E+08 1.856E+08 4.152E+07 46.2417 1.00000
  1.259E+14 1.259E+14 6.060E+00 5.148E+05 1.088E+07 2.017E+08 2.131E+08 2.131E+08 4.159E+07 46.4720 1.00000
  1.413E+14 1.413E+14 6.089E+00 5.777E+05 1.221E+07 2.319E+08 2.447E+08 2.447E+08 4.166E+07 46.7023 1.00000
  1.585E+14 1.585E+14 6.118E+00 6.482E+05 1.370E+07 2.666E+08 2.810E+08 2.810E+08 4.172E+07 46.9325 1.00000
  1.778E+14 1.778E+14 6.148E+00 7.272E+05 1.537E+07 3.065E+08 3.226E+08 3.226E+08 4.179E+07 47.1628 1.00000
  1.995E+14 1.995E+14 6.177E+00 8.160E+05 1.725E+07 3.524E+08 3.705E+08 3.705E+08 4.185E+07 47.3930 1.00000
  2.239E+14 2.239E+14 6.207E+00 9.155E+05 1.935E+07 4.053E+08 4.255E+08 4.255E+08 4.191E+07 47.6233 1.00000
  2.512E+14 2.512E+14 6.237E+00 1.027E+06 2.171E+07 4.660E+08 4.887E+08 4.887E+08 4.197E+07 47.8536 1.00000
  2.818E+14 2.818E+14 6.267E+00 1.153E+06 2.436E+07 5.359E+08 5.614E+08 5.614E+08 4.203E+07 48.0838 1.00000
  3.162E+14 3.162E+14 6.297E+00 1.293E+06 2.733E+07 6.162E+08 6.448E+08 6.448E+08 4.209E+07 48.3141 1.00000
  3.548E+14 3.548E+14 6.327E+00 1.451E+06 3.067E+07 7.087E+08 7.408E+08 7.408E+08 4.214E+07 48.5443 1.00000
  3.981E+14 3.981E+14 6.357E+00 1.628E+06 3.441E+07 8.150E+08 8.511E+08 8.511E+08 4.220E+07 48.7746 1.00000
  4.467E+14 4.467E+14 6.388E+00 1.827E+06 3.861E+07 9.374E+08 9.778E+08 9.778E+08 4.225E+07 49.0048 1.00000
  5.012E+14 5.012E+14 6.419E+00 2.050E+06 4.332E+07 1.078E+09 1.124E+09 1.124E+09 4.230E+07 49.2351 1.00000
  5.623E+14 5.623E+14 6.450E+00 2.300E+06 4.861E+07 1.240E+09 1.291E+09 1.291E+09 4.235E+07 49.4654 1.00000
  6.310E+14 6.310E+14 6.481E+00 2.580E+06 5.454E+07 1.426E+09 1.484E+09 1.484E+09 4.240E+07 49.6956 1.00000
  7.079E+14 7.079E+14 6.512E+00 2.895E+06 6.119E+07 1.641E+09 1.705E+09 1.705E+09 4.245E+07 49.9259 1.00000
  7.943E+14 7.943E+14 6.543E+00 3.249E+06 6.866E+07 1.888E+09 1.960E+09 1.960E+09 4.250E+07 50.1561 1.00000
  8.913E+14 8.913E+14 6.575E+00 3.645E+06 7.703E+07 2.172E+09 2.252E+09 2.252E+09 4.254E+07 50.3864 1.00000
  1.000E+15 1.000E+15 6.607E+00 4.090E+06 8.643E+07 2.498E+09 2.589E+09 2.589E+09 4.259E+07 50.6167 1.00000
