 Incident particle is a Tau with M = 1776.82000 MeV
 Index = 0: Vanadium
      Absorber with <Z/A> = 0.45150
 Density effect computed following Fano (1963)
 Models for Radloss: brems =  SSR, pair =  SSR, photonuc = DRSS

 *** Table generated with PUMAS v1.1 ***

      T         p     Ionization  brems     pair     photonuc  Radloss    dE/dx   CSDA Range  delta   beta
    [MeV]    [MeV/c]  -----------------------[MeV cm^2/g]------------------------  [g/cm^2]
  1.000E+05 1.018E+05 1.861E+00 9.340E-05 6.086E-03 6.405E-03 1.258E-02 1.874E+00 2.669E+04  4.1591 0.99985
  1.122E+05 1.140E+05 1.879E+00 1.132E-04 7.305E-03 7.238E-03 1.466E-02 1.894E+00 3.316E+04  4.3539 0.99988
  1.259E+05 1.277E+05 1.898E+00 1.370E-04 8.741E-03 8.162E-03 1.704E-02 1.915E+00 4.035E+04  4.5517 0.99990
  1.413E+05 1.430E+05 1.916E+00 1.654E-04 1.043E-02 9.178E-03 1.977E-02 1.936E+00 4.833E+04  4.7521 0.99992
  1.585E+05 1.603E+05 1.934E+00 1.994E-04 1.241E-02 1.033E-02 2.294E-02 1.957E+00 5.719E+04  4.9548 0.99994
  1.778E+05 1.796E+05 1.952E+00 2.400E-04 1.473E-02 1.160E-02 2.656E-02 1.978E+00 6.701E+04  5.1597 0.99995
  1.995E+05 2.013E+05 1.970E+00 2.883E-04 1.743E-02 1.303E-02 3.076E-02 2.000E+00 7.792E+04  5.3663 0.99996
  2.239E+05 2.256E+05 1.987E+00 3.455E-04 2.059E-02 1.462E-02 3.556E-02 2.023E+00 9.002E+04  5.5748 0.99997
  2.512E+05 2.530E+05 2.005E+00 4.135E-04 2.427E-02 1.639E-02 4.107E-02 2.046E+00 1.034E+05  5.7848 0.99998
  2.818E+05 2.836E+05 2.023E+00 4.939E-04 2.855E-02 1.838E-02 4.742E-02 2.070E+00 1.183E+05  5.9965 0.99998
  3.162E+05 3.180E+05 2.040E+00 5.887E-04 3.351E-02 2.061E-02 5.472E-02 2.095E+00 1.349E+05  6.2098 0.99998
  3.548E+05 3.566E+05 2.058E+00 7.005E-04 3.927E-02 2.311E-02 6.308E-02 2.121E+00 1.532E+05  6.4246 0.99999
  3.981E+05 3.999E+05 2.075E+00 8.320E-04 4.593E-02 2.590E-02 7.265E-02 2.148E+00 1.734E+05  6.6409 0.99999
  4.467E+05 4.485E+05 2.092E+00 9.865E-04 5.362E-02 2.903E-02 8.364E-02 2.176E+00 1.959E+05  6.8587 0.99999
  5.012E+05 5.030E+05 2.109E+00 1.168E-03 6.250E-02 3.252E-02 9.619E-02 2.205E+00 2.208E+05  7.0780 0.99999
  5.623E+05 5.641E+05 2.126E+00 1.380E-03 7.273E-02 3.647E-02 1.106E-01 2.237E+00 2.483E+05  7.2987 1.00000
  6.310E+05 6.327E+05 2.143E+00 1.628E-03 8.451E-02 4.092E-02 1.271E-01 2.270E+00 2.788E+05  7.5207 1.00000
  7.079E+05 7.097E+05 2.160E+00 1.917E-03 9.804E-02 4.593E-02 1.459E-01 2.305E+00 3.124E+05  7.7439 1.00000
  7.943E+05 7.961E+05 2.176E+00 2.254E-03 1.136E-01 5.156E-02 1.674E-01 2.343E+00 3.496E+05  7.9682 1.00000
  8.913E+05 8.930E+05 2.192E+00 2.646E-03 1.314E-01 5.790E-02 1.919E-01 2.384E+00 3.906E+05  8.1934 1.00000
  1.000E+06 1.002E+06 2.209E+00 3.103E-03 1.518E-01 6.508E-02 2.200E-01 2.429E+00 4.358E+05  8.4195 1.00000
  1.122E+06 1.124E+06 2.225E+00 3.633E-03 1.752E-01 7.314E-02 2.519E-01 2.477E+00 4.855E+05  8.6463 1.00000
  1.259E+06 1.261E+06 2.241E+00 4.246E-03 2.019E-01 8.230E-02 2.884E-01 2.529E+00 5.402E+05  8.8737 1.00000
  1.413E+06 1.414E+06 2.257E+00 4.960E-03 2.323E-01 9.263E-02 3.299E-01 2.587E+00 6.003E+05  9.1016 1.00000
  1.585E+06 1.587E+06 2.273E+00 5.785E-03 2.671E-01 1.043E-01 3.772E-01 2.650E+00 6.661E+05  9.3299 1.00000
  1.778E+06 1.780E+06 2.288E+00 6.737E-03 3.067E-01 1.176E-01 4.310E-01 2.719E+00 7.381E+05  9.5586 1.00000
  1.995E+06 1.997E+06 2.304E+00 7.835E-03 3.517E-01 1.326E-01 4.922E-01 2.796E+00 8.168E+05  9.7875 1.00000
  2.239E+06 2.240E+06 2.319E+00 9.105E-03 4.030E-01 1.497E-01 5.618E-01 2.881E+00 9.026E+05 10.0167 1.00000
  2.512E+06 2.514E+06 2.334E+00 1.057E-02 4.613E-01 1.690E-01 6.408E-01 2.975E+00 9.959E+05 10.2461 1.00000
  2.818E+06 2.820E+06 2.349E+00 1.226E-02 5.274E-01 1.909E-01 7.306E-01 3.080E+00 1.097E+06 10.4757 1.00000
  3.162E+06 3.164E+06 2.364E+00 1.421E-02 6.025E-01 2.158E-01 8.325E-01 3.197E+00 1.207E+06 10.7054 1.00000
  3.548E+06 3.550E+06 2.379E+00 1.644E-02 6.876E-01 2.441E-01 9.481E-01 3.327E+00 1.325E+06 10.9352 1.00000
  3.981E+06 3.983E+06 2.394E+00 1.901E-02 7.840E-01 2.763E-01 1.079E+00 3.473E+00 1.452E+06 11.1650 1.00000
  4.467E+06 4.469E+06 2.408E+00 2.195E-02 8.931E-01 3.128E-01 1.228E+00 3.636E+00 1.589E+06 11.3950 1.00000
  5.012E+06 5.014E+06 2.423E+00 2.534E-02 1.017E+00 3.544E-01 1.396E+00 3.819E+00 1.735E+06 11.6250 1.00000
  5.623E+06 5.625E+06 2.437E+00 2.923E-02 1.156E+00 4.018E-01 1.587E+00 4.024E+00 1.891E+06 11.8550 1.00000
  6.310E+06 6.311E+06 2.451E+00 3.369E-02 1.314E+00 4.557E-01 1.803E+00 4.254E+00 2.057E+06 12.0851 1.00000
  7.079E+06 7.081E+06 2.465E+00 3.880E-02 1.492E+00 5.170E-01 2.048E+00 4.513E+00 2.233E+06 12.3152 1.00000
  7.943E+06 7.945E+06 2.479E+00 4.464E-02 1.694E+00 5.869E-01 2.325E+00 4.804E+00 2.418E+06 12.5453 1.00000
  8.913E+06 8.914E+06 2.492E+00 5.133E-02 1.921E+00 6.665E-01 2.638E+00 5.131E+00 2.613E+06 12.7755 1.00000
  1.000E+07 1.000E+07 2.506E+00 5.898E-02 2.177E+00 7.572E-01 2.993E+00 5.499E+00 2.818E+06 13.0056 1.00000
  1.122E+07 1.122E+07 2.519E+00 6.772E-02 2.466E+00 8.605E-01 3.394E+00 5.913E+00 3.032E+06 13.2358 1.00000
  1.259E+07 1.259E+07 2.532E+00 7.770E-02 2.791E+00 9.784E-01 3.847E+00 6.380E+00 3.255E+06 13.4660 1.00000
  1.413E+07 1.413E+07 2.546E+00 8.910E-02 3.158E+00 1.113E+00 4.360E+00 6.905E+00 3.486E+06 13.6962 1.00000
  1.585E+07 1.585E+07 2.559E+00 1.021E-01 3.571E+00 1.266E+00 4.939E+00 7.498E+00 3.726E+06 13.9264 1.00000
  1.778E+07 1.778E+07 2.572E+00 1.169E-01 4.036E+00 1.441E+00 5.594E+00 8.165E+00 3.973E+06 14.1567 1.00000
  1.995E+07 1.995E+07 2.584E+00 1.338E-01 4.560E+00 1.640E+00 6.334E+00 8.918E+00 4.227E+06 14.3869 1.00000
  2.239E+07 2.239E+07 2.597E+00 1.530E-01 5.149E+00 1.867E+00 7.170E+00 9.767E+00 4.488E+06 14.6171 1.00000
  2.512E+07 2.512E+07 2.610E+00 1.750E-01 5.812E+00 2.127E+00 8.114E+00 1.072E+01 4.755E+06 14.8474 1.00000
  2.818E+07 2.819E+07 2.623E+00 1.999E-01 6.558E+00 2.423E+00 9.181E+00 1.180E+01 5.027E+06 15.0776 1.00000
  3.162E+07 3.162E+07 2.635E+00 2.283E-01 7.397E+00 2.761E+00 1.039E+01 1.302E+01 5.304E+06 15.3078 1.00000
  3.548E+07 3.548E+07 2.648E+00 2.607E-01 8.340E+00 3.147E+00 1.175E+01 1.440E+01 5.586E+06 15.5381 1.00000
  3.981E+07 3.981E+07 2.661E+00 2.974E-01 9.400E+00 3.587E+00 1.328E+01 1.595E+01 5.872E+06 15.7683 1.00000
  4.467E+07 4.467E+07 2.673E+00 3.391E-01 1.059E+01 4.090E+00 1.502E+01 1.769E+01 6.161E+06 15.9986 1.00000
  5.012E+07 5.012E+07 2.686E+00 3.865E-01 1.193E+01 4.664E+00 1.698E+01 1.967E+01 6.453E+06 16.2288 1.00000
  5.623E+07 5.624E+07 2.698E+00 4.402E-01 1.344E+01 5.320E+00 1.920E+01 2.189E+01 6.747E+06 16.4591 1.00000
  6.310E+07 6.310E+07 2.711E+00 5.012E-01 1.513E+01 6.068E+00 2.170E+01 2.441E+01 7.044E+06 16.6893 1.00000
  7.079E+07 7.080E+07 2.723E+00 5.704E-01 1.703E+01 6.924E+00 2.452E+01 2.724E+01 7.343E+06 16.9196 1.00000
  7.943E+07 7.943E+07 2.736E+00 6.488E-01 1.916E+01 7.900E+00 2.771E+01 3.045E+01 7.642E+06 17.1498 1.00000
  8.913E+07 8.913E+07 2.748E+00 7.377E-01 2.156E+01 9.016E+00 3.131E+01 3.406E+01 7.943E+06 17.3801 1.00000
  1.000E+08 1.000E+08 2.761E+00 8.383E-01 2.425E+01 1.029E+01 3.538E+01 3.814E+01 8.245E+06 17.6103 1.00000
  1.122E+08 1.122E+08 2.774E+00 9.522E-01 2.727E+01 1.175E+01 3.997E+01 4.274E+01 8.547E+06 17.8406 1.00000
  1.259E+08 1.259E+08 2.786E+00 1.081E+00 3.066E+01 1.341E+01 4.516E+01 4.794E+01 8.849E+06 18.0708 1.00000
  1.413E+08 1.413E+08 2.799E+00 1.227E+00 3.447E+01 1.531E+01 5.101E+01 5.381E+01 9.151E+06 18.3011 1.00000
  1.585E+08 1.585E+08 2.812E+00 1.392E+00 3.875E+01 1.749E+01 5.763E+01 6.044E+01 9.454E+06 18.5313 1.00000
  1.778E+08 1.778E+08 2.825E+00 1.578E+00 4.355E+01 1.997E+01 6.510E+01 6.793E+01 9.755E+06 18.7616 1.00000
  1.995E+08 1.995E+08 2.837E+00 1.789E+00 4.895E+01 2.281E+01 7.354E+01 7.638E+01 1.006E+07 18.9919 1.00000
  2.239E+08 2.239E+08 2.850E+00 2.027E+00 5.500E+01 2.605E+01 8.308E+01 8.593E+01 1.036E+07 19.2221 1.00000
  2.512E+08 2.512E+08 2.863E+00 2.295E+00 6.179E+01 2.976E+01 9.385E+01 9.671E+01 1.066E+07 19.4524 1.00000
  2.818E+08 2.818E+08 2.876E+00 2.599E+00 6.942E+01 3.400E+01 1.060E+02 1.089E+02 1.095E+07 19.6826 1.00000
  3.162E+08 3.162E+08 2.889E+00 2.941E+00 7.797E+01 3.885E+01 1.198E+02 1.227E+02 1.125E+07 19.9129 1.00000
  3.548E+08 3.548E+08 2.902E+00 3.327E+00 8.758E+01 4.439E+01 1.353E+02 1.382E+02 1.155E+07 20.1431 1.00000
  3.981E+08 3.981E+08 2.915E+00 3.762E+00 9.836E+01 5.073E+01 1.528E+02 1.558E+02 1.184E+07 20.3734 1.00000
  4.467E+08 4.467E+08 2.929E+00 4.253E+00 1.105E+02 5.797E+01 1.727E+02 1.756E+02 1.214E+07 20.6037 1.00000
  5.012E+08 5.012E+08 2.942E+00 4.806E+00 1.240E+02 6.625E+01 1.951E+02 1.980E+02 1.243E+07 20.8339 1.00000
  5.623E+08 5.623E+08 2.955E+00 5.429E+00 1.393E+02 7.573E+01 2.204E+02 2.234E+02 1.272E+07 21.0642 1.00000
  6.310E+08 6.310E+08 2.969E+00 6.131E+00 1.564E+02 8.656E+01 2.491E+02 2.520E+02 1.301E+07 21.2944 1.00000
  7.079E+08 7.079E+08 2.982E+00 6.921E+00 1.756E+02 9.895E+01 2.814E+02 2.844E+02 1.330E+07 21.5247 1.00000
  7.943E+08 7.943E+08 2.996E+00 7.811E+00 1.971E+02 1.131E+02 3.180E+02 3.210E+02 1.358E+07 21.7549 1.00000
  8.913E+08 8.913E+08 3.009E+00 8.813E+00 2.213E+02 1.293E+02 3.594E+02 3.624E+02 1.387E+07 21.9852 1.00000
  1.000E+09 1.000E+09 3.023E+00 9.940E+00 2.484E+02 1.479E+02 4.062E+02 4.092E+02 1.415E+07 22.2155 1.00000
  1.122E+09 1.122E+09 3.037E+00 1.121E+01 2.788E+02 1.691E+02 4.591E+02 4.622E+02 1.443E+07 22.4457 1.00000
  1.259E+09 1.259E+09 3.051E+00 1.264E+01 3.130E+02 1.934E+02 5.190E+02 5.220E+02 1.471E+07 22.6760 1.00000
  1.413E+09 1.413E+09 3.064E+00 1.424E+01 3.513E+02 2.211E+02 5.867E+02 5.897E+02 1.498E+07 22.9062 1.00000
  1.585E+09 1.585E+09 3.078E+00 1.604E+01 3.943E+02 2.529E+02 6.632E+02 6.663E+02 1.526E+07 23.1365 1.00000
  1.778E+09 1.778E+09 3.093E+00 1.807E+01 4.425E+02 2.892E+02 7.498E+02 7.529E+02 1.553E+07 23.3668 1.00000
  1.995E+09 1.995E+09 3.107E+00 2.036E+01 4.967E+02 3.308E+02 8.479E+02 8.510E+02 1.580E+07 23.5970 1.00000
  2.239E+09 2.239E+09 3.121E+00 2.292E+01 5.574E+02 3.784E+02 9.588E+02 9.619E+02 1.607E+07 23.8273 1.00000
  2.512E+09 2.512E+09 3.135E+00 2.580E+01 6.256E+02 4.329E+02 1.084E+03 1.087E+03 1.634E+07 24.0575 1.00000
  2.818E+09 2.818E+09 3.150E+00 2.904E+01 7.021E+02 4.952E+02 1.226E+03 1.229E+03 1.660E+07 24.2878 1.00000
  3.162E+09 3.162E+09 3.164E+00 3.268E+01 7.879E+02 5.666E+02 1.387E+03 1.390E+03 1.687E+07 24.5180 1.00000
  3.548E+09 3.548E+09 3.179E+00 3.677E+01 8.842E+02 6.483E+02 1.569E+03 1.572E+03 1.713E+07 24.7483 1.00000
  3.981E+09 3.981E+09 3.193E+00 4.136E+01 9.922E+02 7.417E+02 1.775E+03 1.779E+03 1.739E+07 24.9786 1.00000
  4.467E+09 4.467E+09 3.208E+00 4.652E+01 1.113E+03 8.488E+02 2.009E+03 2.012E+03 1.764E+07 25.2088 1.00000
  5.012E+09 5.012E+09 3.223E+00 5.231E+01 1.249E+03 9.713E+02 2.273E+03 2.276E+03 1.790E+07 25.4391 1.00000
  5.623E+09 5.623E+09 3.237E+00 5.881E+01 1.402E+03 1.112E+03 2.572E+03 2.576E+03 1.815E+07 25.6693 1.00000
  6.310E+09 6.310E+09 3.252E+00 6.612E+01 1.573E+03 1.272E+03 2.912E+03 2.915E+03 1.840E+07 25.8996 1.00000
  7.079E+09 7.079E+09 3.267E+00 7.432E+01 1.766E+03 1.456E+03 3.296E+03 3.299E+03 1.865E+07 26.1299 1.00000
  7.943E+09 7.943E+09 3.283E+00 8.353E+01 1.981E+03 1.667E+03 3.731E+03 3.734E+03 1.889E+07 26.3601 1.00000
  8.913E+09 8.913E+09 3.298E+00 9.388E+01 2.223E+03 1.908E+03 4.225E+03 4.228E+03 1.914E+07 26.5904 1.00000
  1.000E+10 1.000E+10 3.313E+00 1.055E+02 2.495E+03 2.184E+03 4.784E+03 4.787E+03 1.938E+07 26.8206 1.00000
  1.122E+10 1.122E+10 3.328E+00 1.185E+02 2.799E+03 2.500E+03 5.418E+03 5.421E+03 1.962E+07 27.0509 1.00000
  1.259E+10 1.259E+10 3.344E+00 1.332E+02 3.141E+03 2.862E+03 6.136E+03 6.139E+03 1.986E+07 27.2811 1.00000
  1.413E+10 1.413E+10 3.359E+00 1.496E+02 3.524E+03 3.277E+03 6.951E+03 6.954E+03 2.009E+07 27.5114 1.00000
  1.585E+10 1.585E+10 3.375E+00 1.680E+02 3.955E+03 3.752E+03 7.874E+03 7.878E+03 2.032E+07 27.7415 1.00000
  1.778E+10 1.778E+10 3.391E+00 1.887E+02 4.437E+03 4.296E+03 8.922E+03 8.925E+03 2.055E+07 27.9718 1.00000
  1.995E+10 1.995E+10 3.407E+00 2.119E+02 4.979E+03 4.919E+03 1.011E+04 1.011E+04 2.078E+07 28.2021 1.00000
  2.239E+10 2.239E+10 3.423E+00 2.380E+02 5.587E+03 5.634E+03 1.146E+04 1.146E+04 2.101E+07 28.4319 1.00000
  2.512E+10 2.512E+10 3.439E+00 2.673E+02 6.269E+03 6.452E+03 1.299E+04 1.299E+04 2.123E+07 28.6622 1.00000
  2.818E+10 2.818E+10 3.455E+00 3.001E+02 7.034E+03 7.389E+03 1.472E+04 1.473E+04 2.145E+07 28.8925 1.00000
  3.162E+10 3.162E+10 3.471E+00 3.369E+02 7.892E+03 8.463E+03 1.669E+04 1.670E+04 2.167E+07 29.1212 1.00000
  3.548E+10 3.548E+10 3.487E+00 3.783E+02 8.855E+03 9.694E+03 1.893E+04 1.893E+04 2.189E+07 29.3514 1.00000
  3.981E+10 3.981E+10 3.503E+00 4.247E+02 9.936E+03 1.110E+04 2.147E+04 2.147E+04 2.210E+07 29.5817 1.00000
  4.467E+10 4.467E+10 3.520E+00 4.768E+02 1.115E+04 1.272E+04 2.435E+04 2.435E+04 2.232E+07 29.8120 1.00000
  5.012E+10 5.012E+10 3.537E+00 5.352E+02 1.251E+04 1.457E+04 2.762E+04 2.762E+04 2.253E+07 30.0357 1.00000
  5.623E+10 5.623E+10 3.554E+00 6.008E+02 1.404E+04 1.670E+04 3.133E+04 3.134E+04 2.273E+07 30.2660 1.00000
  6.310E+10 6.310E+10 3.570E+00 6.744E+02 1.575E+04 1.913E+04 3.555E+04 3.556E+04 2.294E+07 30.4962 1.00000
  7.079E+10 7.079E+10 3.589E+00 7.570E+02 1.767E+04 2.192E+04 4.035E+04 4.035E+04 2.314E+07 30.6973 1.00000
  7.943E+10 7.943E+10 3.606E+00 8.496E+02 1.983E+04 2.512E+04 4.579E+04 4.580E+04 2.334E+07 30.9276 1.00000
  8.913E+10 8.913E+10 3.623E+00 9.536E+02 2.225E+04 2.878E+04 5.198E+04 5.198E+04 2.354E+07 31.1579 1.00000
  1.000E+11 1.000E+11 3.640E+00 1.070E+03 2.496E+04 3.298E+04 5.901E+04 5.902E+04 2.374E+07 31.3881 1.00000
  1.122E+11 1.122E+11 3.657E+00 1.201E+03 2.801E+04 3.780E+04 6.701E+04 6.701E+04 2.393E+07 31.6184 1.00000
  1.259E+11 1.259E+11 3.685E+00 1.348E+03 3.142E+04 4.332E+04 7.610E+04 7.610E+04 2.412E+07 31.6932 1.00000
  1.413E+11 1.413E+11 3.703E+00 1.513E+03 3.526E+04 4.966E+04 8.643E+04 8.643E+04 2.431E+07 31.9234 1.00000
  1.585E+11 1.585E+11 3.720E+00 1.698E+03 3.956E+04 5.692E+04 9.818E+04 9.818E+04 2.450E+07 32.1537 1.00000
  1.778E+11 1.778E+11 3.738E+00 1.905E+03 4.439E+04 6.524E+04 1.115E+05 1.115E+05 2.468E+07 32.3839 1.00000
  1.995E+11 1.995E+11 3.756E+00 2.138E+03 4.981E+04 7.479E+04 1.267E+05 1.267E+05 2.487E+07 32.6142 1.00000
  2.239E+11 2.239E+11 3.773E+00 2.400E+03 5.588E+04 8.574E+04 1.440E+05 1.440E+05 2.505E+07 32.8445 1.00000
  2.512E+11 2.512E+11 3.791E+00 2.693E+03 6.270E+04 9.830E+04 1.637E+05 1.637E+05 2.523E+07 33.0747 1.00000
  2.818E+11 2.818E+11 3.809E+00 3.022E+03 7.035E+04 1.127E+05 1.861E+05 1.861E+05 2.540E+07 33.3050 1.00000
  3.162E+11 3.162E+11 3.827E+00 3.391E+03 7.894E+04 1.292E+05 2.116E+05 2.116E+05 2.557E+07 33.5352 1.00000
  3.548E+11 3.548E+11 3.846E+00 3.805E+03 8.857E+04 1.482E+05 2.406E+05 2.406E+05 2.574E+07 33.7655 1.00000
  3.981E+11 3.981E+11 3.864E+00 4.270E+03 9.938E+04 1.699E+05 2.736E+05 2.736E+05 2.591E+07 33.9958 1.00000
  4.467E+11 4.467E+11 3.882E+00 4.791E+03 1.115E+05 1.949E+05 3.112E+05 3.112E+05 2.608E+07 34.2260 1.00000
  5.012E+11 5.012E+11 3.901E+00 5.376E+03 1.251E+05 2.235E+05 3.540E+05 3.540E+05 2.624E+07 34.4563 1.00000
  5.623E+11 5.623E+11 3.919E+00 6.033E+03 1.404E+05 2.563E+05 4.027E+05 4.027E+05 2.641E+07 34.6865 1.00000
  6.310E+11 6.310E+11 3.938E+00 6.769E+03 1.575E+05 2.940E+05 4.583E+05 4.583E+05 2.657E+07 34.9168 1.00000
  7.079E+11 7.079E+11 3.957E+00 7.595E+03 1.767E+05 3.372E+05 5.215E+05 5.215E+05 2.672E+07 35.1470 1.00000
  7.943E+11 7.943E+11 3.976E+00 8.523E+03 1.983E+05 3.868E+05 5.936E+05 5.936E+05 2.688E+07 35.3773 1.00000
  8.913E+11 8.913E+11 3.995E+00 9.563E+03 2.225E+05 4.437E+05 6.758E+05 6.758E+05 2.703E+07 35.6076 1.00000
  1.000E+12 1.000E+12 4.014E+00 1.073E+04 2.496E+05 5.091E+05 7.694E+05 7.694E+05 2.718E+07 35.8378 1.00000
  1.122E+12 1.122E+12 4.033E+00 1.204E+04 2.801E+05 5.840E+05 8.762E+05 8.762E+05 2.733E+07 36.0681 1.00000
  1.259E+12 1.259E+12 4.053E+00 1.351E+04 3.143E+05 6.701E+05 9.979E+05 9.979E+05 2.748E+07 36.2983 1.00000
  1.413E+12 1.413E+12 4.072E+00 1.516E+04 3.526E+05 7.688E+05 1.137E+06 1.137E+06 2.762E+07 36.5286 1.00000
  1.585E+12 1.585E+12 4.092E+00 1.701E+04 3.956E+05 8.822E+05 1.295E+06 1.295E+06 2.776E+07 36.7589 1.00000
  1.778E+12 1.778E+12 4.111E+00 1.908E+04 4.439E+05 1.012E+06 1.475E+06 1.475E+06 2.790E+07 36.9891 1.00000
  1.995E+12 1.995E+12 4.131E+00 2.141E+04 4.981E+05 1.162E+06 1.681E+06 1.681E+06 2.804E+07 37.2194 1.00000
  2.239E+12 2.239E+12 4.151E+00 2.403E+04 5.588E+05 1.333E+06 1.916E+06 1.916E+06 2.818E+07 37.4496 1.00000
  2.512E+12 2.512E+12 4.171E+00 2.696E+04 6.270E+05 1.530E+06 2.184E+06 2.184E+06 2.831E+07 37.6799 1.00000
  2.818E+12 2.818E+12 4.191E+00 3.025E+04 7.035E+05 1.756E+06 2.490E+06 2.490E+06 2.844E+07 37.9101 1.00000
  3.162E+12 3.162E+12 4.211E+00 3.394E+04 7.894E+05 2.016E+06 2.839E+06 2.839E+06 2.857E+07 38.1404 1.00000
  3.548E+12 3.548E+12 4.232E+00 3.808E+04 8.857E+05 2.314E+06 3.238E+06 3.238E+06 2.870E+07 38.3707 1.00000
  3.981E+12 3.981E+12 4.252E+00 4.273E+04 9.937E+05 2.656E+06 3.693E+06 3.693E+06 2.882E+07 38.6009 1.00000
  4.467E+12 4.467E+12 4.273E+00 4.794E+04 1.115E+06 3.049E+06 4.212E+06 4.212E+06 2.895E+07 38.8312 1.00000
  5.012E+12 5.012E+12 4.293E+00 5.380E+04 1.251E+06 3.500E+06 4.805E+06 4.805E+06 2.907E+07 39.0614 1.00000
  5.623E+12 5.623E+12 4.314E+00 6.036E+04 1.404E+06 4.019E+06 5.483E+06 5.483E+06 2.919E+07 39.2917 1.00000
  6.310E+12 6.310E+12 4.335E+00 6.773E+04 1.575E+06 4.614E+06 6.257E+06 6.257E+06 2.930E+07 39.5220 1.00000
  7.079E+12 7.079E+12 4.356E+00 7.599E+04 1.767E+06 5.298E+06 7.141E+06 7.141E+06 2.942E+07 39.7522 1.00000
  7.943E+12 7.943E+12 4.377E+00 8.526E+04 1.983E+06 6.084E+06 8.152E+06 8.152E+06 2.953E+07 39.9825 1.00000
  8.913E+12 8.913E+12 4.398E+00 9.567E+04 2.225E+06 6.986E+06 9.306E+06 9.306E+06 2.964E+07 40.2127 1.00000
  1.000E+13 1.000E+13 4.420E+00 1.073E+05 2.496E+06 8.022E+06 1.063E+07 1.063E+07 2.975E+07 40.4430 1.00000
  1.122E+13 1.122E+13 4.441E+00 1.204E+05 2.801E+06 9.213E+06 1.213E+07 1.213E+07 2.986E+07 40.6733 1.00000
  1.259E+13 1.259E+13 4.463E+00 1.351E+05 3.142E+06 1.058E+07 1.386E+07 1.386E+07 2.996E+07 40.9035 1.00000
  1.413E+13 1.413E+13 4.484E+00 1.516E+05 3.526E+06 1.215E+07 1.583E+07 1.583E+07 3.007E+07 41.1338 1.00000
  1.585E+13 1.585E+13 4.506E+00 1.701E+05 3.956E+06 1.396E+07 1.809E+07 1.809E+07 3.017E+07 41.3640 1.00000
  1.778E+13 1.778E+13 4.528E+00 1.909E+05 4.439E+06 1.603E+07 2.066E+07 2.066E+07 3.027E+07 41.5943 1.00000
  1.995E+13 1.995E+13 4.550E+00 2.142E+05 4.980E+06 1.842E+07 2.361E+07 2.361E+07 3.037E+07 41.8245 1.00000
  2.239E+13 2.239E+13 4.572E+00 2.403E+05 5.588E+06 2.116E+07 2.699E+07 2.699E+07 3.046E+07 42.0548 1.00000
  2.512E+13 2.512E+13 4.595E+00 2.696E+05 6.270E+06 2.431E+07 3.085E+07 3.085E+07 3.056E+07 42.2851 1.00000
  2.818E+13 2.818E+13 4.617E+00 3.025E+05 7.035E+06 2.793E+07 3.526E+07 3.526E+07 3.065E+07 42.5153 1.00000
  3.162E+13 3.162E+13 4.640E+00 3.395E+05 7.893E+06 3.209E+07 4.032E+07 4.032E+07 3.074E+07 42.7456 1.00000
  3.548E+13 3.548E+13 4.662E+00 3.809E+05 8.856E+06 3.687E+07 4.610E+07 4.610E+07 3.083E+07 42.9758 1.00000
  3.981E+13 3.981E+13 4.685E+00 4.273E+05 9.937E+06 4.236E+07 5.272E+07 5.272E+07 3.092E+07 43.2061 1.00000
  4.467E+13 4.467E+13 4.708E+00 4.795E+05 1.115E+07 4.868E+07 6.030E+07 6.030E+07 3.101E+07 43.4364 1.00000
  5.012E+13 5.012E+13 4.731E+00 5.380E+05 1.251E+07 5.593E+07 6.898E+07 6.898E+07 3.109E+07 43.6666 1.00000
  5.623E+13 5.623E+13 4.754E+00 6.036E+05 1.404E+07 6.428E+07 7.892E+07 7.892E+07 3.117E+07 43.8969 1.00000
  6.310E+13 6.310E+13 4.777E+00 6.773E+05 1.575E+07 7.387E+07 9.030E+07 9.030E+07 3.125E+07 44.1271 1.00000
  7.079E+13 7.079E+13 4.801E+00 7.599E+05 1.767E+07 8.490E+07 1.033E+08 1.033E+08 3.133E+07 44.3574 1.00000
  7.943E+13 7.943E+13 4.824E+00 8.527E+05 1.983E+07 9.759E+07 1.183E+08 1.183E+08 3.141E+07 44.5876 1.00000
  8.913E+13 8.913E+13 4.848E+00 9.567E+05 2.225E+07 1.122E+08 1.354E+08 1.354E+08 3.149E+07 44.8179 1.00000
  1.000E+14 1.000E+14 4.872E+00 1.073E+06 2.496E+07 1.289E+08 1.550E+08 1.550E+08 3.156E+07 45.0482 1.00000
  1.122E+14 1.122E+14 4.896E+00 1.204E+06 2.800E+07 1.482E+08 1.774E+08 1.774E+08 3.164E+07 45.2784 1.00000
  1.259E+14 1.259E+14 4.920E+00 1.351E+06 3.142E+07 1.704E+08 2.031E+08 2.031E+08 3.171E+07 45.5087 1.00000
  1.413E+14 1.413E+14 4.944E+00 1.516E+06 3.526E+07 1.959E+08 2.326E+08 2.326E+08 3.178E+07 45.7389 1.00000
  1.585E+14 1.585E+14 4.968E+00 1.701E+06 3.956E+07 2.252E+08 2.664E+08 2.664E+08 3.185E+07 45.9692 1.00000
  1.778E+14 1.778E+14 4.992E+00 1.909E+06 4.438E+07 2.589E+08 3.052E+08 3.052E+08 3.192E+07 46.1995 1.00000
  1.995E+14 1.995E+14 5.017E+00 2.142E+06 4.980E+07 2.977E+08 3.496E+08 3.496E+08 3.198E+07 46.4297 1.00000
  2.239E+14 2.239E+14 5.042E+00 2.403E+06 5.587E+07 3.423E+08 4.006E+08 4.006E+08 3.205E+07 46.6600 1.00000
  2.512E+14 2.512E+14 5.066E+00 2.696E+06 6.269E+07 3.936E+08 4.590E+08 4.590E+08 3.211E+07 46.8902 1.00000
  2.818E+14 2.818E+14 5.091E+00 3.025E+06 7.034E+07 4.526E+08 5.260E+08 5.260E+08 3.218E+07 47.1205 1.00000
  3.162E+14 3.162E+14 5.116E+00 3.395E+06 7.892E+07 5.205E+08 6.028E+08 6.028E+08 3.224E+07 47.3507 1.00000
  3.548E+14 3.548E+14 5.142E+00 3.809E+06 8.855E+07 5.985E+08 6.909E+08 6.909E+08 3.230E+07 47.5810 1.00000
  3.981E+14 3.981E+14 5.167E+00 4.273E+06 9.936E+07 6.884E+08 7.920E+08 7.920E+08 3.235E+07 47.8113 1.00000
  4.467E+14 4.467E+14 5.192E+00 4.795E+06 1.115E+08 7.917E+08 9.080E+08 9.080E+08 3.241E+07 48.0415 1.00000
  5.012E+14 5.012E+14 5.218E+00 5.380E+06 1.251E+08 9.106E+08 1.041E+09 1.041E+09 3.247E+07 48.2718 1.00000
  5.623E+14 5.623E+14 5.244E+00 6.036E+06 1.403E+08 1.047E+09 1.194E+09 1.194E+09 3.252E+07 48.5020 1.00000
  6.310E+14 6.310E+14 5.269E+00 6.773E+06 1.575E+08 1.205E+09 1.369E+09 1.369E+09 3.258E+07 48.7323 1.00000
  7.079E+14 7.079E+14 5.295E+00 7.599E+06 1.767E+08 1.386E+09 1.570E+09 1.570E+09 3.263E+07 48.9626 1.00000
  7.943E+14 7.943E+14 5.322E+00 8.527E+06 1.982E+08 1.594E+09 1.801E+09 1.801E+09 3.268E+07 49.1928 1.00000
  8.913E+14 8.913E+14 5.348E+00 9.567E+06 2.224E+08 1.834E+09 2.066E+09 2.066E+09 3.273E+07 49.4231 1.00000
  1.000E+15 1.000E+15 5.374E+00 1.073E+07 2.496E+08 2.110E+09 2.370E+09 2.370E+09 3.278E+07 49.6533 1.00000
