 Incident particle is a Tau with M = 1776.82000 MeV
 Index = 0: Water
      Absorber with <Z/A> = 0.55509
 Density effect computed following Fano (1963)
 Models for Radloss: brems =  SSR, pair =  SSR, photonuc = DRSS

 *** Table generated with PUMAS v1.1 ***

      T         p     Ionization  brems     pair     photonuc  Radloss    dE/dx   CSDA Range  delta   beta
    [MeV]    [MeV/c]  -----------------------[MeV cm^2/g]------------------------  [g/cm^2]
  1.000E+05 1.018E+05 2.443E+00 4.112E-05 2.250E-03 6.760E-03 9.051E-03 2.452E+00 2.039E+04  4.5875 0.99985
  1.122E+05 1.140E+05 2.464E+00 4.977E-05 2.717E-03 7.662E-03 1.043E-02 2.475E+00 2.534E+04  4.7949 0.99988
  1.259E+05 1.277E+05 2.486E+00 6.014E-05 3.269E-03 8.666E-03 1.200E-02 2.498E+00 3.085E+04  5.0052 0.99990
  1.413E+05 1.430E+05 2.507E+00 7.254E-05 3.919E-03 9.775E-03 1.377E-02 2.521E+00 3.697E+04  5.2183 0.99992
  1.585E+05 1.603E+05 2.528E+00 8.735E-05 4.683E-03 1.103E-02 1.581E-02 2.544E+00 4.378E+04  5.4340 0.99994
  1.778E+05 1.796E+05 2.549E+00 1.050E-04 5.580E-03 1.243E-02 1.811E-02 2.567E+00 5.134E+04  5.6519 0.99995
  1.995E+05 2.013E+05 2.570E+00 1.259E-04 6.631E-03 1.401E-02 2.077E-02 2.591E+00 5.976E+04  5.8717 0.99996
  2.239E+05 2.256E+05 2.591E+00 1.508E-04 7.859E-03 1.577E-02 2.378E-02 2.614E+00 6.911E+04  6.0933 0.99997
  2.512E+05 2.530E+05 2.611E+00 1.802E-04 9.293E-03 1.773E-02 2.720E-02 2.638E+00 7.951E+04  6.3163 0.99998
  2.818E+05 2.836E+05 2.632E+00 2.150E-04 1.096E-02 1.994E-02 3.112E-02 2.663E+00 9.107E+04  6.5406 0.99998
  3.162E+05 3.180E+05 2.652E+00 2.560E-04 1.291E-02 2.244E-02 3.560E-02 2.688E+00 1.039E+05  6.7658 0.99998
  3.548E+05 3.566E+05 2.673E+00 3.043E-04 1.516E-02 2.523E-02 4.070E-02 2.713E+00 1.182E+05  6.9919 0.99999
  3.981E+05 3.999E+05 2.693E+00 3.610E-04 1.778E-02 2.836E-02 4.651E-02 2.740E+00 1.341E+05  7.2188 0.99999
  4.467E+05 4.485E+05 2.713E+00 4.276E-04 2.081E-02 3.189E-02 5.313E-02 2.767E+00 1.517E+05  7.4462 0.99999
  5.012E+05 5.030E+05 2.734E+00 5.055E-04 2.432E-02 3.584E-02 6.066E-02 2.794E+00 1.713E+05  7.6740 0.99999
  5.623E+05 5.641E+05 2.754E+00 5.969E-04 2.837E-02 4.030E-02 6.927E-02 2.823E+00 1.931E+05  7.9023 1.00000
  6.310E+05 6.327E+05 2.774E+00 7.035E-04 3.304E-02 4.535E-02 7.909E-02 2.853E+00 2.173E+05  8.1309 1.00000
  7.079E+05 7.097E+05 2.794E+00 8.279E-04 3.842E-02 5.104E-02 9.029E-02 2.884E+00 2.441E+05  8.3598 1.00000
  7.943E+05 7.961E+05 2.814E+00 9.729E-04 4.461E-02 5.746E-02 1.030E-01 2.917E+00 2.739E+05  8.5889 1.00000
  8.913E+05 8.930E+05 2.834E+00 1.141E-03 5.172E-02 6.469E-02 1.175E-01 2.951E+00 3.069E+05  8.8182 1.00000
  1.000E+06 1.002E+06 2.853E+00 1.338E-03 5.989E-02 7.289E-02 1.341E-01 2.988E+00 3.436E+05  9.0476 1.00000
  1.122E+06 1.124E+06 2.873E+00 1.565E-03 6.925E-02 8.213E-02 1.529E-01 3.026E+00 3.841E+05  9.2772 1.00000
  1.259E+06 1.261E+06 2.893E+00 1.828E-03 7.997E-02 9.263E-02 1.744E-01 3.067E+00 4.291E+05  9.5068 1.00000
  1.413E+06 1.414E+06 2.912E+00 2.135E-03 9.224E-02 1.045E-01 1.989E-01 3.111E+00 4.788E+05  9.7366 1.00000
  1.585E+06 1.587E+06 2.931E+00 2.488E-03 1.063E-01 1.180E-01 2.267E-01 3.158E+00 5.338E+05  9.9664 1.00000
  1.778E+06 1.780E+06 2.950E+00 2.896E-03 1.223E-01 1.332E-01 2.584E-01 3.209E+00 5.945E+05 10.1963 1.00000
  1.995E+06 1.997E+06 2.969E+00 3.367E-03 1.406E-01 1.505E-01 2.944E-01 3.264E+00 6.616E+05 10.4263 1.00000
  2.239E+06 2.240E+06 2.988E+00 3.913E-03 1.614E-01 1.702E-01 3.354E-01 3.324E+00 7.355E+05 10.6563 1.00000
  2.512E+06 2.514E+06 3.007E+00 4.542E-03 1.851E-01 1.924E-01 3.821E-01 3.389E+00 8.169E+05 10.8863 1.00000
  2.818E+06 2.820E+06 3.025E+00 5.267E-03 2.121E-01 2.178E-01 4.351E-01 3.460E+00 9.064E+05 11.1163 1.00000
  3.162E+06 3.164E+06 3.044E+00 6.100E-03 2.427E-01 2.466E-01 4.954E-01 3.539E+00 1.005E+06 11.3464 1.00000
  3.548E+06 3.550E+06 3.062E+00 7.058E-03 2.776E-01 2.793E-01 5.639E-01 3.626E+00 1.112E+06 11.5765 1.00000
  3.981E+06 3.983E+06 3.080E+00 8.158E-03 3.171E-01 3.165E-01 6.418E-01 3.722E+00 1.230E+06 11.8066 1.00000
  4.467E+06 4.469E+06 3.098E+00 9.421E-03 3.619E-01 3.588E-01 7.302E-01 3.828E+00 1.359E+06 12.0368 1.00000
  5.012E+06 5.014E+06 3.115E+00 1.088E-02 4.127E-01 4.070E-01 8.306E-01 3.946E+00 1.499E+06 12.2669 1.00000
  5.623E+06 5.625E+06 3.133E+00 1.255E-02 4.703E-01 4.619E-01 9.447E-01 4.077E+00 1.652E+06 12.4971 1.00000
  6.310E+06 6.311E+06 3.150E+00 1.446E-02 5.354E-01 5.244E-01 1.074E+00 4.224E+00 1.817E+06 12.7273 1.00000
  7.079E+06 7.081E+06 3.167E+00 1.666E-02 6.091E-01 5.955E-01 1.221E+00 4.388E+00 1.996E+06 12.9575 1.00000
  7.943E+06 7.945E+06 3.184E+00 1.917E-02 6.924E-01 6.766E-01 1.388E+00 4.572E+00 2.189E+06 13.1877 1.00000
  8.913E+06 8.914E+06 3.201E+00 2.204E-02 7.866E-01 7.690E-01 1.578E+00 4.778E+00 2.396E+06 13.4179 1.00000
  1.000E+07 1.000E+07 3.217E+00 2.533E-02 8.930E-01 8.742E-01 1.793E+00 5.010E+00 2.618E+06 13.6481 1.00000
  1.122E+07 1.122E+07 3.234E+00 2.909E-02 1.013E+00 9.942E-01 2.036E+00 5.270E+00 2.856E+06 13.8783 1.00000
  1.259E+07 1.259E+07 3.250E+00 3.339E-02 1.149E+00 1.131E+00 2.313E+00 5.563E+00 3.108E+06 14.1085 1.00000
  1.413E+07 1.413E+07 3.266E+00 3.829E-02 1.301E+00 1.287E+00 2.627E+00 5.893E+00 3.377E+06 14.3388 1.00000
  1.585E+07 1.585E+07 3.282E+00 4.389E-02 1.474E+00 1.465E+00 2.983E+00 6.265E+00 3.660E+06 14.5690 1.00000
  1.778E+07 1.778E+07 3.298E+00 5.029E-02 1.668E+00 1.668E+00 3.386E+00 6.684E+00 3.959E+06 14.7992 1.00000
  1.995E+07 1.995E+07 3.314E+00 5.757E-02 1.887E+00 1.900E+00 3.844E+00 7.158E+00 4.273E+06 15.0295 1.00000
  2.239E+07 2.239E+07 3.330E+00 6.588E-02 2.133E+00 2.164E+00 4.363E+00 7.693E+00 4.601E+06 15.2597 1.00000
  2.512E+07 2.512E+07 3.346E+00 7.536E-02 2.411E+00 2.465E+00 4.952E+00 8.297E+00 4.943E+06 15.4899 1.00000
  2.818E+07 2.819E+07 3.361E+00 8.616E-02 2.723E+00 2.809E+00 5.619E+00 8.980E+00 5.298E+06 15.7202 1.00000
  3.162E+07 3.162E+07 3.377E+00 9.846E-02 3.075E+00 3.202E+00 6.376E+00 9.752E+00 5.665E+06 15.9504 1.00000
  3.548E+07 3.548E+07 3.392E+00 1.125E-01 3.471E+00 3.651E+00 7.234E+00 1.063E+01 6.044E+06 16.1807 1.00000
  3.981E+07 3.981E+07 3.408E+00 1.284E-01 3.916E+00 4.163E+00 8.207E+00 1.161E+01 6.434E+06 16.4109 1.00000
  4.467E+07 4.467E+07 3.423E+00 1.465E-01 4.416E+00 4.747E+00 9.310E+00 1.273E+01 6.833E+06 16.6412 1.00000
  5.012E+07 5.012E+07 3.438E+00 1.671E-01 4.979E+00 5.414E+00 1.056E+01 1.400E+01 7.241E+06 16.8714 1.00000
  5.623E+07 5.624E+07 3.454E+00 1.905E-01 5.612E+00 6.177E+00 1.198E+01 1.543E+01 7.657E+06 17.1017 1.00000
  6.310E+07 6.310E+07 3.469E+00 2.170E-01 6.323E+00 7.047E+00 1.359E+01 1.706E+01 8.080E+06 17.3319 1.00000
  7.079E+07 7.080E+07 3.485E+00 2.472E-01 7.122E+00 8.041E+00 1.541E+01 1.890E+01 8.508E+06 17.5622 1.00000
  7.943E+07 7.943E+07 3.500E+00 2.814E-01 8.020E+00 9.177E+00 1.748E+01 2.098E+01 8.942E+06 17.7924 1.00000
  8.913E+07 8.913E+07 3.516E+00 3.202E-01 9.029E+00 1.047E+01 1.982E+01 2.334E+01 9.380E+06 18.0227 1.00000
  1.000E+08 1.000E+08 3.531E+00 3.642E-01 1.016E+01 1.196E+01 2.248E+01 2.601E+01 9.821E+06 18.2529 1.00000
  1.122E+08 1.122E+08 3.547E+00 4.141E-01 1.144E+01 1.365E+01 2.550E+01 2.905E+01 1.026E+07 18.4832 1.00000
  1.259E+08 1.259E+08 3.562E+00 4.706E-01 1.287E+01 1.559E+01 2.892E+01 3.248E+01 1.071E+07 18.7134 1.00000
  1.413E+08 1.413E+08 3.578E+00 5.346E-01 1.447E+01 1.780E+01 3.280E+01 3.638E+01 1.116E+07 18.9437 1.00000
  1.585E+08 1.585E+08 3.593E+00 6.071E-01 1.627E+01 2.032E+01 3.721E+01 4.080E+01 1.160E+07 19.1739 1.00000
  1.778E+08 1.778E+08 3.609E+00 6.891E-01 1.830E+01 2.321E+01 4.220E+01 4.581E+01 1.205E+07 19.4042 1.00000
  1.995E+08 1.995E+08 3.625E+00 7.819E-01 2.057E+01 2.651E+01 4.787E+01 5.149E+01 1.250E+07 19.6345 1.00000
  2.239E+08 2.239E+08 3.641E+00 8.868E-01 2.313E+01 3.029E+01 5.430E+01 5.794E+01 1.294E+07 19.8647 1.00000
  2.512E+08 2.512E+08 3.657E+00 1.005E+00 2.599E+01 3.460E+01 6.159E+01 6.525E+01 1.339E+07 20.0950 1.00000
  2.818E+08 2.818E+08 3.673E+00 1.140E+00 2.921E+01 3.953E+01 6.988E+01 7.355E+01 1.383E+07 20.3252 1.00000
  3.162E+08 3.162E+08 3.689E+00 1.291E+00 3.282E+01 4.516E+01 7.927E+01 8.296E+01 1.427E+07 20.5555 1.00000
  3.548E+08 3.548E+08 3.705E+00 1.462E+00 3.687E+01 5.161E+01 8.994E+01 9.365E+01 1.471E+07 20.7857 1.00000
  3.981E+08 3.981E+08 3.721E+00 1.655E+00 4.142E+01 5.898E+01 1.021E+02 1.058E+02 1.514E+07 21.0160 1.00000
  4.467E+08 4.467E+08 3.737E+00 1.873E+00 4.653E+01 6.740E+01 1.158E+02 1.195E+02 1.557E+07 21.2463 1.00000
  5.012E+08 5.012E+08 3.753E+00 2.119E+00 5.226E+01 7.703E+01 1.314E+02 1.352E+02 1.600E+07 21.4765 1.00000
  5.623E+08 5.623E+08 3.770E+00 2.397E+00 5.869E+01 8.805E+01 1.491E+02 1.529E+02 1.643E+07 21.7068 1.00000
  6.310E+08 6.310E+08 3.786E+00 2.710E+00 6.591E+01 1.006E+02 1.693E+02 1.731E+02 1.685E+07 21.9370 1.00000
  7.079E+08 7.079E+08 3.803E+00 3.063E+00 7.401E+01 1.151E+02 1.921E+02 1.959E+02 1.727E+07 22.1673 1.00000
  7.943E+08 7.943E+08 3.820E+00 3.461E+00 8.310E+01 1.315E+02 2.181E+02 2.219E+02 1.768E+07 22.3975 1.00000
  8.913E+08 8.913E+08 3.836E+00 3.909E+00 9.330E+01 1.504E+02 2.476E+02 2.514E+02 1.809E+07 22.6278 1.00000
  1.000E+09 1.000E+09 3.853E+00 4.414E+00 1.047E+02 1.720E+02 2.811E+02 2.850E+02 1.850E+07 22.8581 1.00000
  1.122E+09 1.122E+09 3.870E+00 4.983E+00 1.176E+02 1.966E+02 3.192E+02 3.231E+02 1.890E+07 23.0883 1.00000
  1.259E+09 1.259E+09 3.887E+00 5.624E+00 1.320E+02 2.248E+02 3.625E+02 3.664E+02 1.930E+07 23.3186 1.00000
  1.413E+09 1.413E+09 3.904E+00 6.345E+00 1.482E+02 2.571E+02 4.117E+02 4.156E+02 1.969E+07 23.5488 1.00000
  1.585E+09 1.585E+09 3.921E+00 7.157E+00 1.663E+02 2.941E+02 4.676E+02 4.715E+02 2.008E+07 23.7791 1.00000
  1.778E+09 1.778E+09 3.939E+00 8.071E+00 1.867E+02 3.363E+02 5.311E+02 5.351E+02 2.046E+07 24.0094 1.00000
  1.995E+09 1.995E+09 3.956E+00 9.099E+00 2.096E+02 3.847E+02 6.034E+02 6.073E+02 2.084E+07 24.2396 1.00000
  2.239E+09 2.239E+09 3.974E+00 1.026E+01 2.352E+02 4.401E+02 6.855E+02 6.895E+02 2.122E+07 24.4699 1.00000
  2.512E+09 2.512E+09 3.991E+00 1.156E+01 2.640E+02 5.034E+02 7.790E+02 7.830E+02 2.159E+07 24.7001 1.00000
  2.818E+09 2.818E+09 4.009E+00 1.302E+01 2.963E+02 5.759E+02 8.852E+02 8.892E+02 2.196E+07 24.9304 1.00000
  3.162E+09 3.162E+09 4.027E+00 1.466E+01 3.325E+02 6.589E+02 1.006E+03 1.010E+03 2.232E+07 25.1606 1.00000
  3.548E+09 3.548E+09 4.044E+00 1.651E+01 3.732E+02 7.539E+02 1.144E+03 1.148E+03 2.268E+07 25.3909 1.00000
  3.981E+09 3.981E+09 4.062E+00 1.859E+01 4.188E+02 8.626E+02 1.300E+03 1.304E+03 2.303E+07 25.6212 1.00000
  4.467E+09 4.467E+09 4.080E+00 2.093E+01 4.700E+02 9.870E+02 1.478E+03 1.482E+03 2.338E+07 25.8514 1.00000
  5.012E+09 5.012E+09 4.099E+00 2.356E+01 5.275E+02 1.130E+03 1.681E+03 1.685E+03 2.373E+07 26.0817 1.00000
  5.623E+09 5.623E+09 4.117E+00 2.651E+01 5.919E+02 1.293E+03 1.911E+03 1.915E+03 2.407E+07 26.3119 1.00000
  6.310E+09 6.310E+09 4.135E+00 2.982E+01 6.642E+02 1.479E+03 2.173E+03 2.178E+03 2.440E+07 26.5422 1.00000
  7.079E+09 7.079E+09 4.154E+00 3.355E+01 7.454E+02 1.693E+03 2.472E+03 2.476E+03 2.474E+07 26.7725 1.00000
  7.943E+09 7.943E+09 4.172E+00 3.773E+01 8.364E+02 1.938E+03 2.812E+03 2.816E+03 2.506E+07 27.0027 1.00000
  8.913E+09 8.913E+09 4.191E+00 4.243E+01 9.386E+02 2.218E+03 3.199E+03 3.204E+03 2.538E+07 27.2330 1.00000
  1.000E+10 1.000E+10 4.210E+00 4.771E+01 1.053E+03 2.539E+03 3.640E+03 3.645E+03 2.570E+07 27.4632 1.00000
  1.122E+10 1.122E+10 4.229E+00 5.364E+01 1.182E+03 2.907E+03 4.143E+03 4.147E+03 2.602E+07 27.6935 1.00000
  1.259E+10 1.259E+10 4.248E+00 6.029E+01 1.326E+03 3.328E+03 4.715E+03 4.719E+03 2.633E+07 27.9237 1.00000
  1.413E+10 1.413E+10 4.267E+00 6.777E+01 1.488E+03 3.811E+03 5.366E+03 5.371E+03 2.663E+07 28.1540 1.00000
  1.585E+10 1.585E+10 4.286E+00 7.616E+01 1.670E+03 4.363E+03 6.109E+03 6.113E+03 2.693E+07 28.3841 1.00000
  1.778E+10 1.778E+10 4.305E+00 8.559E+01 1.874E+03 4.996E+03 6.955E+03 6.959E+03 2.723E+07 28.6144 1.00000
  1.995E+10 1.995E+10 4.325E+00 9.617E+01 2.102E+03 5.721E+03 7.919E+03 7.924E+03 2.752E+07 28.8447 1.00000
  2.239E+10 2.239E+10 4.344E+00 1.080E+02 2.359E+03 6.551E+03 9.018E+03 9.023E+03 2.781E+07 29.0745 1.00000
  2.512E+10 2.512E+10 4.364E+00 1.214E+02 2.647E+03 7.503E+03 1.027E+04 1.028E+04 2.809E+07 29.3048 1.00000
  2.818E+10 2.818E+10 4.384E+00 1.363E+02 2.970E+03 8.593E+03 1.170E+04 1.170E+04 2.837E+07 29.5351 1.00000
  3.162E+10 3.162E+10 4.404E+00 1.531E+02 3.333E+03 9.842E+03 1.333E+04 1.333E+04 2.865E+07 29.7638 1.00000
  3.548E+10 3.548E+10 4.424E+00 1.720E+02 3.739E+03 1.127E+04 1.518E+04 1.519E+04 2.892E+07 29.9940 1.00000
  3.981E+10 3.981E+10 4.444E+00 1.932E+02 4.196E+03 1.291E+04 1.730E+04 1.731E+04 2.918E+07 30.2243 1.00000
  4.467E+10 4.467E+10 4.464E+00 2.169E+02 4.708E+03 1.479E+04 1.972E+04 1.972E+04 2.945E+07 30.4546 1.00000
  5.012E+10 5.012E+10 4.485E+00 2.436E+02 5.282E+03 1.695E+04 2.247E+04 2.248E+04 2.971E+07 30.6783 1.00000
  5.623E+10 5.623E+10 4.505E+00 2.735E+02 5.927E+03 1.942E+04 2.562E+04 2.562E+04 2.996E+07 30.9086 1.00000
  6.310E+10 6.310E+10 4.526E+00 3.071E+02 6.650E+03 2.225E+04 2.920E+04 2.921E+04 3.021E+07 31.1388 1.00000
  7.079E+10 7.079E+10 4.549E+00 3.448E+02 7.462E+03 2.549E+04 3.330E+04 3.330E+04 3.046E+07 31.3399 1.00000
  7.943E+10 7.943E+10 4.570E+00 3.871E+02 8.373E+03 2.921E+04 3.797E+04 3.797E+04 3.070E+07 31.5702 1.00000
  8.913E+10 8.913E+10 4.591E+00 4.345E+02 9.394E+03 3.347E+04 4.330E+04 4.330E+04 3.094E+07 31.8005 1.00000
  1.000E+11 1.000E+11 4.612E+00 4.878E+02 1.054E+04 3.836E+04 4.939E+04 4.939E+04 3.117E+07 32.0307 1.00000
  1.122E+11 1.122E+11 4.633E+00 5.476E+02 1.183E+04 4.396E+04 5.633E+04 5.634E+04 3.141E+07 32.2610 1.00000
  1.259E+11 1.259E+11 4.668E+00 6.146E+02 1.327E+04 5.038E+04 6.427E+04 6.427E+04 3.163E+07 32.3358 1.00000
  1.413E+11 1.413E+11 4.689E+00 6.899E+02 1.489E+04 5.775E+04 7.333E+04 7.333E+04 3.186E+07 32.5660 1.00000
  1.585E+11 1.585E+11 4.711E+00 7.744E+02 1.671E+04 6.619E+04 8.367E+04 8.368E+04 3.208E+07 32.7963 1.00000
  1.778E+11 1.778E+11 4.732E+00 8.691E+02 1.875E+04 7.587E+04 9.549E+04 9.549E+04 3.229E+07 33.0265 1.00000
  1.995E+11 1.995E+11 4.754E+00 9.755E+02 2.103E+04 8.698E+04 1.090E+05 1.090E+05 3.251E+07 33.2568 1.00000
  2.239E+11 2.239E+11 4.776E+00 1.095E+03 2.360E+04 9.971E+04 1.244E+05 1.244E+05 3.271E+07 33.4871 1.00000
  2.512E+11 2.512E+11 4.798E+00 1.229E+03 2.648E+04 1.143E+05 1.420E+05 1.420E+05 3.292E+07 33.7173 1.00000
  2.818E+11 2.818E+11 4.820E+00 1.379E+03 2.971E+04 1.311E+05 1.622E+05 1.622E+05 3.312E+07 33.9476 1.00000
  3.162E+11 3.162E+11 4.842E+00 1.548E+03 3.334E+04 1.503E+05 1.852E+05 1.852E+05 3.332E+07 34.1778 1.00000
  3.548E+11 3.548E+11 4.865E+00 1.737E+03 3.740E+04 1.723E+05 2.115E+05 2.115E+05 3.351E+07 34.4081 1.00000
  3.981E+11 3.981E+11 4.887E+00 1.949E+03 4.197E+04 1.976E+05 2.415E+05 2.415E+05 3.371E+07 34.6384 1.00000
  4.467E+11 4.467E+11 4.910E+00 2.187E+03 4.709E+04 2.266E+05 2.759E+05 2.759E+05 3.389E+07 34.8686 1.00000
  5.012E+11 5.012E+11 4.932E+00 2.454E+03 5.283E+04 2.599E+05 3.152E+05 3.152E+05 3.408E+07 35.0989 1.00000
  5.623E+11 5.623E+11 4.955E+00 2.754E+03 5.928E+04 2.981E+05 3.601E+05 3.601E+05 3.426E+07 35.3291 1.00000
  6.310E+11 6.310E+11 4.978E+00 3.091E+03 6.651E+04 3.419E+05 4.115E+05 4.115E+05 3.444E+07 35.5594 1.00000
  7.079E+11 7.079E+11 5.001E+00 3.468E+03 7.463E+04 3.922E+05 4.703E+05 4.703E+05 3.461E+07 35.7896 1.00000
  7.943E+11 7.943E+11 5.025E+00 3.892E+03 8.373E+04 4.498E+05 5.375E+05 5.375E+05 3.478E+07 36.0199 1.00000
  8.913E+11 8.913E+11 5.048E+00 4.367E+03 9.395E+04 5.160E+05 6.144E+05 6.144E+05 3.495E+07 36.2502 1.00000
  1.000E+12 1.000E+12 5.072E+00 4.900E+03 1.054E+05 5.920E+05 7.023E+05 7.023E+05 3.512E+07 36.4804 1.00000
  1.122E+12 1.122E+12 5.095E+00 5.498E+03 1.183E+05 6.792E+05 8.030E+05 8.030E+05 3.528E+07 36.7107 1.00000
  1.259E+12 1.259E+12 5.119E+00 6.170E+03 1.327E+05 7.793E+05 9.181E+05 9.181E+05 3.544E+07 36.9409 1.00000
  1.413E+12 1.413E+12 5.143E+00 6.923E+03 1.489E+05 8.941E+05 1.050E+06 1.050E+06 3.560E+07 37.1712 1.00000
  1.585E+12 1.585E+12 5.167E+00 7.768E+03 1.671E+05 1.026E+06 1.201E+06 1.201E+06 3.575E+07 37.4015 1.00000
  1.778E+12 1.778E+12 5.191E+00 8.716E+03 1.875E+05 1.177E+06 1.373E+06 1.373E+06 3.590E+07 37.6317 1.00000
  1.995E+12 1.995E+12 5.215E+00 9.780E+03 2.103E+05 1.351E+06 1.571E+06 1.571E+06 3.605E+07 37.8620 1.00000
  2.239E+12 2.239E+12 5.240E+00 1.097E+04 2.360E+05 1.550E+06 1.797E+06 1.797E+06 3.619E+07 38.0922 1.00000
  2.512E+12 2.512E+12 5.264E+00 1.231E+04 2.648E+05 1.779E+06 2.057E+06 2.057E+06 3.634E+07 38.3225 1.00000
  2.818E+12 2.818E+12 5.289E+00 1.382E+04 2.971E+05 2.042E+06 2.353E+06 2.353E+06 3.647E+07 38.5528 1.00000
  3.162E+12 3.162E+12 5.314E+00 1.550E+04 3.333E+05 2.344E+06 2.693E+06 2.693E+06 3.661E+07 38.7830 1.00000
  3.548E+12 3.548E+12 5.339E+00 1.740E+04 3.740E+05 2.691E+06 3.082E+06 3.082E+06 3.675E+07 39.0133 1.00000
  3.981E+12 3.981E+12 5.364E+00 1.952E+04 4.197E+05 3.089E+06 3.528E+06 3.528E+06 3.688E+07 39.2435 1.00000
  4.467E+12 4.467E+12 5.389E+00 2.190E+04 4.709E+05 3.546E+06 4.039E+06 4.039E+06 3.700E+07 39.4738 1.00000
  5.012E+12 5.012E+12 5.415E+00 2.457E+04 5.283E+05 4.071E+06 4.624E+06 4.624E+06 3.713E+07 39.7040 1.00000
  5.623E+12 5.623E+12 5.440E+00 2.757E+04 5.928E+05 4.674E+06 5.294E+06 5.294E+06 3.725E+07 39.9343 1.00000
  6.310E+12 6.310E+12 5.466E+00 3.094E+04 6.651E+05 5.366E+06 6.062E+06 6.062E+06 3.738E+07 40.1646 1.00000
  7.079E+12 7.079E+12 5.492E+00 3.471E+04 7.463E+05 6.161E+06 6.942E+06 6.942E+06 3.749E+07 40.3948 1.00000
  7.943E+12 7.943E+12 5.518E+00 3.895E+04 8.373E+05 7.075E+06 7.951E+06 7.951E+06 3.761E+07 40.6251 1.00000
  8.913E+12 8.913E+12 5.544E+00 4.370E+04 9.395E+05 8.124E+06 9.107E+06 9.107E+06 3.772E+07 40.8553 1.00000
  1.000E+13 1.000E+13 5.570E+00 4.903E+04 1.054E+06 9.329E+06 1.043E+07 1.043E+07 3.784E+07 41.0856 1.00000
  1.122E+13 1.122E+13 5.597E+00 5.502E+04 1.183E+06 1.071E+07 1.195E+07 1.195E+07 3.795E+07 41.3159 1.00000
  1.259E+13 1.259E+13 5.623E+00 6.173E+04 1.327E+06 1.231E+07 1.369E+07 1.369E+07 3.805E+07 41.5461 1.00000
  1.413E+13 1.413E+13 5.650E+00 6.926E+04 1.489E+06 1.413E+07 1.569E+07 1.569E+07 3.816E+07 41.7764 1.00000
  1.585E+13 1.585E+13 5.677E+00 7.771E+04 1.671E+06 1.623E+07 1.798E+07 1.798E+07 3.826E+07 42.0066 1.00000
  1.778E+13 1.778E+13 5.704E+00 8.720E+04 1.874E+06 1.865E+07 2.061E+07 2.061E+07 3.836E+07 42.2369 1.00000
  1.995E+13 1.995E+13 5.731E+00 9.784E+04 2.103E+06 2.142E+07 2.362E+07 2.362E+07 3.846E+07 42.4671 1.00000
  2.239E+13 2.239E+13 5.758E+00 1.098E+05 2.360E+06 2.461E+07 2.708E+07 2.708E+07 3.855E+07 42.6974 1.00000
  2.512E+13 2.512E+13 5.785E+00 1.232E+05 2.648E+06 2.827E+07 3.104E+07 3.104E+07 3.865E+07 42.9277 1.00000
  2.818E+13 2.818E+13 5.813E+00 1.382E+05 2.971E+06 3.248E+07 3.558E+07 3.558E+07 3.874E+07 43.1579 1.00000
  3.162E+13 3.162E+13 5.841E+00 1.551E+05 3.333E+06 3.731E+07 4.080E+07 4.080E+07 3.883E+07 43.3882 1.00000
  3.548E+13 3.548E+13 5.869E+00 1.740E+05 3.740E+06 4.287E+07 4.679E+07 4.679E+07 3.892E+07 43.6184 1.00000
  3.981E+13 3.981E+13 5.897E+00 1.952E+05 4.196E+06 4.926E+07 5.365E+07 5.365E+07 3.901E+07 43.8487 1.00000
  4.467E+13 4.467E+13 5.925E+00 2.190E+05 4.708E+06 5.661E+07 6.153E+07 6.153E+07 3.909E+07 44.0790 1.00000
  5.012E+13 5.012E+13 5.953E+00 2.458E+05 5.283E+06 6.505E+07 7.058E+07 7.058E+07 3.917E+07 44.3092 1.00000
  5.623E+13 5.623E+13 5.981E+00 2.758E+05 5.927E+06 7.475E+07 8.096E+07 8.096E+07 3.925E+07 44.5395 1.00000
  6.310E+13 6.310E+13 6.010E+00 3.094E+05 6.651E+06 8.591E+07 9.287E+07 9.287E+07 3.933E+07 44.7697 1.00000
  7.079E+13 7.079E+13 6.039E+00 3.472E+05 7.462E+06 9.874E+07 1.065E+08 1.065E+08 3.941E+07 45.0000 1.00000
  7.943E+13 7.943E+13 6.068E+00 3.895E+05 8.373E+06 1.135E+08 1.222E+08 1.222E+08 3.949E+07 45.2302 1.00000
  8.913E+13 8.913E+13 6.097E+00 4.370E+05 9.394E+06 1.304E+08 1.403E+08 1.403E+08 3.956E+07 45.4605 1.00000
  1.000E+14 1.000E+14 6.126E+00 4.904E+05 1.054E+07 1.499E+08 1.610E+08 1.610E+08 3.963E+07 45.6908 1.00000
  1.122E+14 1.122E+14 6.155E+00 5.502E+05 1.183E+07 1.724E+08 1.847E+08 1.847E+08 3.970E+07 45.9210 1.00000
  1.259E+14 1.259E+14 6.185E+00 6.173E+05 1.327E+07 1.981E+08 2.120E+08 2.120E+08 3.977E+07 46.1513 1.00000
  1.413E+14 1.413E+14 6.215E+00 6.927E+05 1.489E+07 2.278E+08 2.434E+08 2.434E+08 3.984E+07 46.3815 1.00000
  1.585E+14 1.585E+14 6.244E+00 7.772E+05 1.670E+07 2.619E+08 2.794E+08 2.794E+08 3.991E+07 46.6118 1.00000
  1.778E+14 1.778E+14 6.274E+00 8.720E+05 1.874E+07 3.011E+08 3.207E+08 3.207E+08 3.997E+07 46.8421 1.00000
  1.995E+14 1.995E+14 6.305E+00 9.784E+05 2.103E+07 3.462E+08 3.682E+08 3.682E+08 4.003E+07 47.0723 1.00000
  2.239E+14 2.239E+14 6.335E+00 1.098E+06 2.360E+07 3.980E+08 4.227E+08 4.227E+08 4.009E+07 47.3026 1.00000
  2.512E+14 2.512E+14 6.365E+00 1.232E+06 2.647E+07 4.577E+08 4.854E+08 4.854E+08 4.015E+07 47.5328 1.00000
  2.818E+14 2.818E+14 6.396E+00 1.382E+06 2.971E+07 5.263E+08 5.574E+08 5.574E+08 4.021E+07 47.7631 1.00000
  3.162E+14 3.162E+14 6.427E+00 1.551E+06 3.333E+07 6.053E+08 6.401E+08 6.401E+08 4.027E+07 47.9934 1.00000
  3.548E+14 3.548E+14 6.458E+00 1.740E+06 3.740E+07 6.961E+08 7.352E+08 7.352E+08 4.033E+07 48.2236 1.00000
  3.981E+14 3.981E+14 6.489E+00 1.952E+06 4.196E+07 8.005E+08 8.444E+08 8.444E+08 4.038E+07 48.4539 1.00000
  4.467E+14 4.467E+14 6.520E+00 2.190E+06 4.708E+07 9.207E+08 9.700E+08 9.700E+08 4.044E+07 48.6841 1.00000
  5.012E+14 5.012E+14 6.552E+00 2.458E+06 5.282E+07 1.059E+09 1.114E+09 1.114E+09 4.049E+07 48.9144 1.00000
  5.623E+14 5.623E+14 6.583E+00 2.758E+06 5.927E+07 1.218E+09 1.280E+09 1.280E+09 4.054E+07 49.1446 1.00000
  6.310E+14 6.310E+14 6.615E+00 3.094E+06 6.650E+07 1.401E+09 1.471E+09 1.471E+09 4.059E+07 49.3749 1.00000
  7.079E+14 7.079E+14 6.647E+00 3.472E+06 7.461E+07 1.612E+09 1.690E+09 1.690E+09 4.064E+07 49.6052 1.00000
  7.943E+14 7.943E+14 6.679E+00 3.895E+06 8.372E+07 1.854E+09 1.942E+09 1.942E+09 4.069E+07 49.8354 1.00000
  8.913E+14 8.913E+14 6.711E+00 4.370E+06 9.393E+07 2.133E+09 2.231E+09 2.231E+09 4.073E+07 50.0657 1.00000
  1.000E+15 1.000E+15 6.744E+00 4.904E+06 1.054E+08 2.454E+09 2.564E+09 2.564E+09 4.078E+07 50.2959 1.00000
