 Incident particle is a Tau with M = 1776.82000 MeV
 Index = 0: XenonGas
      Absorber with <Z/A> = 0.41129
 Sternheimer coef:  a     k=m_s   x_0    x_1    I[eV]   Cbar  delta0
                 0.2331  2.7414  1.5631  4.7372  482.0 12.7285 0.00

 *** Table generated with PUMAS v1.00 ***

      T         p     Ionization  brems     pair     photonuc  Radloss    dE/dx   CSDA Range  delta   beta
    [MeV]    [MeV/c]  -----------------------[MeV cm^2/g]------------------------  [g/cm^2]
  1.000E+05 1.018E+05 1.872E+00 7.412E-04 1.282E-02 7.667E-03 2.123E-02 1.893E+00 2.642E+04  0.0151 0.99985
  1.122E+05 1.140E+05 1.899E+00 8.590E-04 1.536E-02 8.613E-03 2.483E-02 1.924E+00 3.281E+04  0.0342 0.99988
  1.259E+05 1.277E+05 1.927E+00 9.949E-04 1.835E-02 9.625E-03 2.897E-02 1.956E+00 3.987E+04  0.0594 0.99990
  1.413E+05 1.430E+05 1.954E+00 1.152E-03 2.185E-02 1.076E-02 3.376E-02 1.988E+00 4.766E+04  0.0906 0.99992
  1.585E+05 1.603E+05 1.981E+00 1.332E-03 2.596E-02 1.202E-02 3.931E-02 2.020E+00 5.626E+04  0.1277 0.99994
  1.778E+05 1.796E+05 2.008E+00 1.541E-03 3.076E-02 1.342E-02 4.572E-02 2.053E+00 6.575E+04  0.1706 0.99995
  1.995E+05 2.013E+05 2.034E+00 1.780E-03 3.636E-02 1.501E-02 5.315E-02 2.087E+00 7.624E+04  0.2193 0.99996
  2.239E+05 2.256E+05 2.060E+00 2.056E-03 4.289E-02 1.674E-02 6.169E-02 2.121E+00 8.781E+04  0.2738 0.99997
  2.512E+05 2.530E+05 2.085E+00 2.373E-03 5.048E-02 1.867E-02 7.152E-02 2.157E+00 1.006E+05  0.3339 0.99998
  2.818E+05 2.836E+05 2.111E+00 2.738E-03 5.928E-02 2.084E-02 8.285E-02 2.193E+00 1.147E+05  0.3996 0.99998
  3.162E+05 3.180E+05 2.135E+00 3.157E-03 6.948E-02 2.327E-02 9.591E-02 2.231E+00 1.302E+05  0.4709 0.99998
  3.548E+05 3.566E+05 2.160E+00 3.638E-03 8.127E-02 2.600E-02 1.109E-01 2.271E+00 1.474E+05  0.5476 0.99999
  3.981E+05 3.999E+05 2.184E+00 4.191E-03 9.489E-02 2.902E-02 1.281E-01 2.312E+00 1.663E+05  0.6297 0.99999
  4.467E+05 4.485E+05 2.208E+00 4.824E-03 1.106E-01 3.240E-02 1.478E-01 2.356E+00 1.871E+05  0.7170 0.99999
  5.012E+05 5.030E+05 2.232E+00 5.551E-03 1.287E-01 3.620E-02 1.704E-01 2.402E+00 2.100E+05  0.8096 0.99999
  5.623E+05 5.641E+05 2.255E+00 6.383E-03 1.494E-01 4.028E-02 1.961E-01 2.451E+00 2.352E+05  0.9073 1.00000
  6.310E+05 6.327E+05 2.278E+00 7.337E-03 1.733E-01 4.488E-02 2.255E-01 2.503E+00 2.629E+05  1.0101 1.00000
  7.079E+05 7.097E+05 2.300E+00 8.430E-03 2.007E-01 5.005E-02 2.591E-01 2.559E+00 2.933E+05  1.1179 1.00000
  7.943E+05 7.961E+05 2.322E+00 9.680E-03 2.320E-01 5.587E-02 2.975E-01 2.620E+00 3.267E+05  1.2305 1.00000
  8.913E+05 8.930E+05 2.344E+00 1.111E-02 2.678E-01 6.243E-02 3.414E-01 2.685E+00 3.632E+05  1.3479 1.00000
  1.000E+06 1.002E+06 2.365E+00 1.275E-02 3.088E-01 6.984E-02 3.914E-01 2.757E+00 4.032E+05  1.4701 1.00000
  1.122E+06 1.124E+06 2.386E+00 1.462E-02 3.555E-01 7.821E-02 4.484E-01 2.835E+00 4.468E+05  1.5969 1.00000
  1.259E+06 1.261E+06 2.407E+00 1.676E-02 4.088E-01 8.767E-02 5.132E-01 2.920E+00 4.944E+05  1.7283 1.00000
  1.413E+06 1.414E+06 2.427E+00 1.920E-02 4.695E-01 9.838E-02 5.871E-01 3.015E+00 5.462E+05  1.8641 1.00000
  1.585E+06 1.587E+06 2.447E+00 2.199E-02 5.386E-01 1.105E-01 6.710E-01 3.118E+00 6.024E+05  2.0043 1.00000
  1.778E+06 1.780E+06 2.467E+00 2.518E-02 6.171E-01 1.242E-01 7.665E-01 3.233E+00 6.633E+05  2.1487 1.00000
  1.995E+06 1.997E+06 2.486E+00 2.882E-02 7.062E-01 1.398E-01 8.748E-01 3.361E+00 7.292E+05  2.2974 1.00000
  2.239E+06 2.240E+06 2.505E+00 3.296E-02 8.074E-01 1.575E-01 9.978E-01 3.503E+00 8.001E+05  2.4502 1.00000
  2.512E+06 2.514E+06 2.523E+00 3.770E-02 9.221E-01 1.775E-01 1.137E+00 3.661E+00 8.764E+05  2.6070 1.00000
  2.818E+06 2.820E+06 2.541E+00 4.309E-02 1.052E+00 2.003E-01 1.295E+00 3.837E+00 9.582E+05  2.7677 1.00000
  3.162E+06 3.164E+06 2.559E+00 4.924E-02 1.199E+00 2.262E-01 1.475E+00 4.034E+00 1.046E+06  2.9323 1.00000
  3.548E+06 3.550E+06 2.577E+00 5.624E-02 1.366E+00 2.556E-01 1.678E+00 4.254E+00 1.139E+06  3.1005 1.00000
  3.981E+06 3.983E+06 2.594E+00 6.422E-02 1.554E+00 2.890E-01 1.907E+00 4.501E+00 1.238E+06  3.2725 1.00000
  4.467E+06 4.469E+06 2.610E+00 7.330E-02 1.767E+00 3.270E-01 2.167E+00 4.777E+00 1.343E+06  3.4480 1.00000
  5.012E+06 5.014E+06 2.627E+00 8.364E-02 2.007E+00 3.703E-01 2.461E+00 5.088E+00 1.453E+06  3.6269 1.00000
  5.623E+06 5.625E+06 2.642E+00 9.541E-02 2.279E+00 4.195E-01 2.794E+00 5.436E+00 1.570E+06  3.8092 1.00000
  6.310E+06 6.311E+06 2.658E+00 1.088E-01 2.585E+00 4.756E-01 3.169E+00 5.827E+00 1.692E+06  3.9948 1.00000
  7.079E+06 7.081E+06 2.673E+00 1.240E-01 2.930E+00 5.394E-01 3.593E+00 6.267E+00 1.819E+06  4.1835 1.00000
  7.943E+06 7.945E+06 2.688E+00 1.413E-01 3.319E+00 6.121E-01 4.073E+00 6.761E+00 1.952E+06  4.3753 1.00000
  8.913E+06 8.914E+06 2.703E+00 1.609E-01 3.758E+00 6.950E-01 4.614E+00 7.317E+00 2.090E+06  4.5700 1.00000
  1.000E+07 1.000E+07 2.717E+00 1.833E-01 4.252E+00 7.894E-01 5.225E+00 7.942E+00 2.233E+06  4.7676 1.00000
  1.122E+07 1.122E+07 2.731E+00 2.086E-01 4.808E+00 8.970E-01 5.914E+00 8.645E+00 2.380E+06  4.9680 1.00000
  1.259E+07 1.259E+07 2.745E+00 2.374E-01 5.435E+00 1.020E+00 6.692E+00 9.437E+00 2.532E+06  5.1710 1.00000
  1.413E+07 1.413E+07 2.759E+00 2.701E-01 6.140E+00 1.159E+00 7.569E+00 1.033E+01 2.687E+06  5.3766 1.00000
  1.585E+07 1.585E+07 2.772E+00 3.071E-01 6.933E+00 1.319E+00 8.559E+00 1.133E+01 2.847E+06  5.5846 1.00000
  1.778E+07 1.778E+07 2.785E+00 3.492E-01 7.825E+00 1.501E+00 9.675E+00 1.246E+01 3.010E+06  5.7949 1.00000
  1.995E+07 1.995E+07 2.798E+00 3.968E-01 8.828E+00 1.708E+00 1.093E+01 1.373E+01 3.176E+06  6.0075 1.00000
  2.239E+07 2.239E+07 2.811E+00 4.508E-01 9.956E+00 1.945E+00 1.235E+01 1.516E+01 3.345E+06  6.2221 1.00000
  2.512E+07 2.512E+07 2.823E+00 5.120E-01 1.122E+01 2.215E+00 1.395E+01 1.677E+01 3.516E+06  6.4388 1.00000
  2.818E+07 2.819E+07 2.835E+00 5.814E-01 1.265E+01 2.523E+00 1.575E+01 1.859E+01 3.690E+06  6.6573 1.00000
  3.162E+07 3.162E+07 2.848E+00 6.599E-01 1.425E+01 2.874E+00 1.779E+01 2.063E+01 3.866E+06  6.8776 1.00000
  3.548E+07 3.548E+07 2.860E+00 7.487E-01 1.605E+01 3.275E+00 2.007E+01 2.293E+01 4.044E+06  7.0995 1.00000
  3.981E+07 3.981E+07 2.871E+00 8.493E-01 1.807E+01 3.733E+00 2.265E+01 2.553E+01 4.223E+06  7.3230 1.00000
  4.467E+07 4.467E+07 2.883E+00 9.631E-01 2.034E+01 4.255E+00 2.556E+01 2.845E+01 4.403E+06  7.5478 1.00000
  5.012E+07 5.012E+07 2.895E+00 1.092E+00 2.290E+01 4.851E+00 2.884E+01 3.173E+01 4.585E+06  7.7738 1.00000
  5.623E+07 5.624E+07 2.907E+00 1.237E+00 2.576E+01 5.532E+00 3.253E+01 3.544E+01 4.768E+06  8.0010 1.00000
  6.310E+07 6.310E+07 2.918E+00 1.402E+00 2.898E+01 6.309E+00 3.669E+01 3.961E+01 4.951E+06  8.2291 1.00000
  7.079E+07 7.080E+07 2.930E+00 1.587E+00 3.259E+01 7.196E+00 4.137E+01 4.430E+01 5.135E+06  8.4580 1.00000
  7.943E+07 7.943E+07 2.941E+00 1.797E+00 3.665E+01 8.209E+00 4.665E+01 4.960E+01 5.320E+06  8.6875 1.00000
  8.913E+07 8.913E+07 2.953E+00 2.034E+00 4.120E+01 9.366E+00 5.260E+01 5.556E+01 5.505E+06  8.9175 1.00000
  1.000E+08 1.000E+08 2.964E+00 2.302E+00 4.632E+01 1.069E+01 5.930E+01 6.227E+01 5.690E+06  9.1477 1.00000
  1.122E+08 1.122E+08 2.976E+00 2.604E+00 5.206E+01 1.219E+01 6.686E+01 6.983E+01 5.875E+06  9.3780 1.00000
  1.259E+08 1.259E+08 2.987E+00 2.944E+00 5.850E+01 1.392E+01 7.536E+01 7.835E+01 6.061E+06  9.6082 1.00000
  1.413E+08 1.413E+08 2.999E+00 3.329E+00 6.573E+01 1.589E+01 8.495E+01 8.795E+01 6.246E+06  9.8385 1.00000
  1.585E+08 1.585E+08 3.010E+00 3.762E+00 7.385E+01 1.813E+01 9.575E+01 9.876E+01 6.431E+06 10.0688 1.00000
  1.778E+08 1.778E+08 3.022E+00 4.250E+00 8.297E+01 2.070E+01 1.079E+02 1.109E+02 6.616E+06 10.2990 1.00000
  1.995E+08 1.995E+08 3.034E+00 4.801E+00 9.320E+01 2.363E+01 1.216E+02 1.247E+02 6.801E+06 10.5293 1.00000
  2.239E+08 2.239E+08 3.045E+00 5.421E+00 1.047E+02 2.698E+01 1.371E+02 1.401E+02 6.986E+06 10.7595 1.00000
  2.512E+08 2.512E+08 3.057E+00 6.120E+00 1.176E+02 3.081E+01 1.545E+02 1.575E+02 7.170E+06 10.9898 1.00000
  2.818E+08 2.818E+08 3.069E+00 6.908E+00 1.320E+02 3.518E+01 1.741E+02 1.772E+02 7.354E+06 11.2200 1.00000
  3.162E+08 3.162E+08 3.081E+00 7.794E+00 1.482E+02 4.018E+01 1.962E+02 1.993E+02 7.537E+06 11.4503 1.00000
  3.548E+08 3.548E+08 3.093E+00 8.792E+00 1.665E+02 4.589E+01 2.211E+02 2.242E+02 7.720E+06 11.6806 1.00000
  3.981E+08 3.981E+08 3.105E+00 9.915E+00 1.869E+02 5.241E+01 2.492E+02 2.523E+02 7.902E+06 11.9108 1.00000
  4.467E+08 4.467E+08 3.117E+00 1.118E+01 2.098E+02 5.987E+01 2.809E+02 2.840E+02 8.084E+06 12.1411 1.00000
  5.012E+08 5.012E+08 3.129E+00 1.260E+01 2.356E+02 6.839E+01 3.165E+02 3.197E+02 8.265E+06 12.3713 1.00000
  5.623E+08 5.623E+08 3.141E+00 1.420E+01 2.644E+02 7.813E+01 3.568E+02 3.599E+02 8.446E+06 12.6016 1.00000
  6.310E+08 6.310E+08 3.153E+00 1.600E+01 2.968E+02 8.926E+01 4.021E+02 4.053E+02 8.626E+06 12.8318 1.00000
  7.079E+08 7.079E+08 3.165E+00 1.803E+01 3.332E+02 1.020E+02 4.532E+02 4.564E+02 8.805E+06 13.0621 1.00000
  7.943E+08 7.943E+08 3.178E+00 2.030E+01 3.740E+02 1.165E+02 5.108E+02 5.140E+02 8.984E+06 13.2924 1.00000
  8.913E+08 8.913E+08 3.190E+00 2.286E+01 4.198E+02 1.332E+02 5.758E+02 5.790E+02 9.162E+06 13.5226 1.00000
  1.000E+09 1.000E+09 3.203E+00 2.573E+01 4.711E+02 1.522E+02 6.490E+02 6.523E+02 9.339E+06 13.7529 1.00000
  1.122E+09 1.122E+09 3.215E+00 2.897E+01 5.288E+02 1.739E+02 7.317E+02 7.349E+02 9.516E+06 13.9831 1.00000
  1.259E+09 1.259E+09 3.228E+00 3.260E+01 5.935E+02 1.987E+02 8.248E+02 8.280E+02 9.691E+06 14.2134 1.00000
  1.413E+09 1.413E+09 3.241E+00 3.668E+01 6.660E+02 2.272E+02 9.299E+02 9.331E+02 9.866E+06 14.4436 1.00000
  1.585E+09 1.585E+09 3.253E+00 4.126E+01 7.475E+02 2.596E+02 1.048E+03 1.052E+03 1.004E+07 14.6739 1.00000
  1.778E+09 1.778E+09 3.266E+00 4.641E+01 8.388E+02 2.968E+02 1.182E+03 1.185E+03 1.021E+07 14.9042 1.00000
  1.995E+09 1.995E+09 3.279E+00 5.220E+01 9.414E+02 3.393E+02 1.333E+03 1.336E+03 1.039E+07 15.1344 1.00000
  2.239E+09 2.239E+09 3.292E+00 5.870E+01 1.056E+03 3.878E+02 1.503E+03 1.506E+03 1.056E+07 15.3647 1.00000
  2.512E+09 2.512E+09 3.305E+00 6.600E+01 1.185E+03 4.434E+02 1.695E+03 1.698E+03 1.073E+07 15.5949 1.00000
  2.818E+09 2.818E+09 3.318E+00 7.419E+01 1.330E+03 5.070E+02 1.911E+03 1.915E+03 1.090E+07 15.8252 1.00000
  3.162E+09 3.162E+09 3.331E+00 8.340E+01 1.493E+03 5.796E+02 2.156E+03 2.159E+03 1.107E+07 16.0555 1.00000
  3.548E+09 3.548E+09 3.344E+00 9.373E+01 1.675E+03 6.628E+02 2.432E+03 2.435E+03 1.124E+07 16.2857 1.00000
  3.981E+09 3.981E+09 3.358E+00 1.053E+02 1.880E+03 7.579E+02 2.743E+03 2.746E+03 1.141E+07 16.5160 1.00000
  4.467E+09 4.467E+09 3.371E+00 1.184E+02 2.109E+03 8.667E+02 3.094E+03 3.098E+03 1.157E+07 16.7462 1.00000
  5.012E+09 5.012E+09 3.385E+00 1.330E+02 2.367E+03 9.912E+02 3.491E+03 3.494E+03 1.174E+07 16.9765 1.00000
  5.623E+09 5.623E+09 3.398E+00 1.494E+02 2.656E+03 1.134E+03 3.939E+03 3.942E+03 1.190E+07 17.2067 1.00000
  6.310E+09 6.310E+09 3.412E+00 1.678E+02 2.980E+03 1.297E+03 4.444E+03 4.448E+03 1.207E+07 17.4370 1.00000
  7.079E+09 7.079E+09 3.425E+00 1.885E+02 3.344E+03 1.483E+03 5.015E+03 5.019E+03 1.223E+07 17.6673 1.00000
  7.943E+09 7.943E+09 3.439E+00 2.117E+02 3.752E+03 1.696E+03 5.660E+03 5.663E+03 1.239E+07 17.8975 1.00000
  8.913E+09 8.913E+09 3.453E+00 2.378E+02 4.210E+03 1.941E+03 6.388E+03 6.392E+03 1.256E+07 18.1278 1.00000
  1.000E+10 1.000E+10 3.467E+00 2.670E+02 4.724E+03 2.220E+03 7.211E+03 7.214E+03 1.272E+07 18.3580 1.00000
  1.122E+10 1.122E+10 3.481E+00 2.999E+02 5.300E+03 2.540E+03 8.140E+03 8.143E+03 1.287E+07 18.5883 1.00000
  1.259E+10 1.259E+10 3.495E+00 3.367E+02 5.947E+03 2.906E+03 9.189E+03 9.193E+03 1.303E+07 18.8186 1.00000
  1.413E+10 1.413E+10 3.509E+00 3.781E+02 6.673E+03 3.325E+03 1.038E+04 1.038E+04 1.319E+07 19.0488 1.00000
  1.585E+10 1.585E+10 3.523E+00 4.245E+02 7.487E+03 3.804E+03 1.172E+04 1.172E+04 1.335E+07 19.2791 1.00000
  1.778E+10 1.778E+10 3.538E+00 4.766E+02 8.401E+03 4.353E+03 1.323E+04 1.323E+04 1.350E+07 19.5093 1.00000
  1.995E+10 1.995E+10 3.552E+00 5.350E+02 9.426E+03 4.981E+03 1.494E+04 1.495E+04 1.366E+07 19.7396 1.00000
  2.239E+10 2.239E+10 3.567E+00 6.006E+02 1.058E+04 5.701E+03 1.688E+04 1.688E+04 1.381E+07 19.9699 1.00000
  2.512E+10 2.512E+10 3.581E+00 6.742E+02 1.187E+04 6.524E+03 1.906E+04 1.907E+04 1.396E+07 20.2001 1.00000
  2.818E+10 2.818E+10 3.596E+00 7.568E+02 1.331E+04 7.467E+03 2.154E+04 2.154E+04 1.412E+07 20.4304 1.00000
  3.162E+10 3.162E+10 3.611E+00 8.495E+02 1.494E+04 8.547E+03 2.433E+04 2.434E+04 1.427E+07 20.6606 1.00000
  3.548E+10 3.548E+10 3.625E+00 9.534E+02 1.676E+04 9.783E+03 2.750E+04 2.750E+04 1.442E+07 20.8909 1.00000
  3.981E+10 3.981E+10 3.640E+00 1.070E+03 1.881E+04 1.120E+04 3.108E+04 3.108E+04 1.456E+07 21.1211 1.00000
  4.467E+10 4.467E+10 3.655E+00 1.201E+03 2.110E+04 1.282E+04 3.512E+04 3.513E+04 1.471E+07 21.3514 1.00000
  5.012E+10 5.012E+10 3.670E+00 1.348E+03 2.368E+04 1.468E+04 3.970E+04 3.970E+04 1.486E+07 21.5817 1.00000
  5.623E+10 5.623E+10 3.685E+00 1.513E+03 2.656E+04 1.680E+04 4.488E+04 4.488E+04 1.500E+07 21.8119 1.00000
  6.310E+10 6.310E+10 3.701E+00 1.698E+03 2.980E+04 1.924E+04 5.074E+04 5.074E+04 1.515E+07 22.0422 1.00000
  7.079E+10 7.079E+10 3.716E+00 1.905E+03 3.344E+04 2.203E+04 5.737E+04 5.738E+04 1.529E+07 22.2724 1.00000
  7.943E+10 7.943E+10 3.731E+00 2.138E+03 3.752E+04 2.522E+04 6.488E+04 6.489E+04 1.543E+07 22.5027 1.00000
  8.913E+10 8.913E+10 3.747E+00 2.400E+03 4.210E+04 2.888E+04 7.338E+04 7.339E+04 1.557E+07 22.7330 1.00000
  1.000E+11 1.000E+11 3.763E+00 2.693E+03 4.723E+04 3.308E+04 8.300E+04 8.301E+04 1.571E+07 22.9632 1.00000
  1.122E+11 1.122E+11 3.778E+00 3.022E+03 5.300E+04 3.788E+04 9.390E+04 9.390E+04 1.585E+07 23.1935 1.00000
  1.259E+11 1.259E+11 3.794E+00 3.391E+03 5.946E+04 4.339E+04 1.062E+05 1.062E+05 1.599E+07 23.4237 1.00000
  1.413E+11 1.413E+11 3.810E+00 3.806E+03 6.671E+04 4.969E+04 1.202E+05 1.202E+05 1.612E+07 23.6540 1.00000
  1.585E+11 1.585E+11 3.826E+00 4.270E+03 7.485E+04 5.692E+04 1.360E+05 1.360E+05 1.626E+07 23.8842 1.00000
  1.778E+11 1.778E+11 3.842E+00 4.792E+03 8.398E+04 6.520E+04 1.540E+05 1.540E+05 1.639E+07 24.1145 1.00000
  1.995E+11 1.995E+11 3.858E+00 5.377E+03 9.423E+04 7.469E+04 1.743E+05 1.743E+05 1.653E+07 24.3448 1.00000
  2.239E+11 2.239E+11 3.874E+00 6.034E+03 1.057E+05 8.557E+04 1.973E+05 1.973E+05 1.666E+07 24.5750 1.00000
  2.512E+11 2.512E+11 3.890E+00 6.771E+03 1.186E+05 9.803E+04 2.234E+05 2.234E+05 1.679E+07 24.8053 1.00000
  2.818E+11 2.818E+11 3.907E+00 7.597E+03 1.331E+05 1.123E+05 2.530E+05 2.530E+05 1.692E+07 25.0355 1.00000
  3.162E+11 3.162E+11 3.923E+00 8.525E+03 1.493E+05 1.287E+05 2.865E+05 2.865E+05 1.704E+07 25.2658 1.00000
  3.548E+11 3.548E+11 3.940E+00 9.565E+03 1.675E+05 1.475E+05 3.246E+05 3.246E+05 1.717E+07 25.4961 1.00000
  3.981E+11 3.981E+11 3.957E+00 1.073E+04 1.880E+05 1.690E+05 3.677E+05 3.677E+05 1.730E+07 25.7263 1.00000
  4.467E+11 4.467E+11 3.973E+00 1.204E+04 2.109E+05 1.936E+05 4.166E+05 4.166E+05 1.742E+07 25.9566 1.00000
  5.012E+11 5.012E+11 3.990E+00 1.351E+04 2.366E+05 2.219E+05 4.720E+05 4.721E+05 1.754E+07 26.1868 1.00000
  5.623E+11 5.623E+11 4.007E+00 1.516E+04 2.655E+05 2.543E+05 5.350E+05 5.350E+05 1.767E+07 26.4171 1.00000
  6.310E+11 6.310E+11 4.024E+00 1.701E+04 2.979E+05 2.915E+05 6.064E+05 6.064E+05 1.779E+07 26.6473 1.00000
  7.079E+11 7.079E+11 4.041E+00 1.909E+04 3.342E+05 3.341E+05 6.874E+05 6.874E+05 1.791E+07 26.8776 1.00000
  7.943E+11 7.943E+11 4.059E+00 2.142E+04 3.750E+05 3.830E+05 7.794E+05 7.794E+05 1.802E+07 27.1079 1.00000
  8.913E+11 8.913E+11 4.076E+00 2.403E+04 4.207E+05 4.390E+05 8.837E+05 8.838E+05 1.814E+07 27.3381 1.00000
  1.000E+12 1.000E+12 4.093E+00 2.697E+04 4.720E+05 5.032E+05 1.002E+06 1.002E+06 1.826E+07 27.5684 1.00000
  1.122E+12 1.122E+12 4.111E+00 3.026E+04 5.296E+05 5.769E+05 1.137E+06 1.137E+06 1.837E+07 27.7986 1.00000
  1.259E+12 1.259E+12 4.128E+00 3.395E+04 5.942E+05 6.614E+05 1.290E+06 1.290E+06 1.848E+07 28.0289 1.00000
  1.413E+12 1.413E+12 4.146E+00 3.809E+04 6.667E+05 7.584E+05 1.463E+06 1.463E+06 1.860E+07 28.2592 1.00000
  1.585E+12 1.585E+12 4.164E+00 4.274E+04 7.480E+05 8.696E+05 1.660E+06 1.660E+06 1.871E+07 28.4894 1.00000
  1.778E+12 1.778E+12 4.182E+00 4.796E+04 8.393E+05 9.971E+05 1.884E+06 1.884E+06 1.882E+07 28.7197 1.00000
  1.995E+12 1.995E+12 4.200E+00 5.381E+04 9.416E+05 1.143E+06 2.139E+06 2.139E+06 1.893E+07 28.9499 1.00000
  2.239E+12 2.239E+12 4.218E+00 6.038E+04 1.056E+06 1.311E+06 2.428E+06 2.428E+06 1.903E+07 29.1802 1.00000
  2.512E+12 2.512E+12 4.236E+00 6.775E+04 1.185E+06 1.504E+06 2.757E+06 2.757E+06 1.914E+07 29.4104 1.00000
  2.818E+12 2.818E+12 4.255E+00 7.601E+04 1.330E+06 1.725E+06 3.131E+06 3.131E+06 1.924E+07 29.6407 1.00000
  3.162E+12 3.162E+12 4.273E+00 8.529E+04 1.492E+06 1.978E+06 3.555E+06 3.555E+06 1.935E+07 29.8710 1.00000
  3.548E+12 3.548E+12 4.291E+00 9.570E+04 1.674E+06 2.269E+06 4.039E+06 4.039E+06 1.945E+07 30.1012 1.00000
  3.981E+12 3.981E+12 4.310E+00 1.074E+05 1.878E+06 2.602E+06 4.588E+06 4.588E+06 1.955E+07 30.3315 1.00000
  4.467E+12 4.467E+12 4.329E+00 1.205E+05 2.107E+06 2.985E+06 5.213E+06 5.213E+06 1.965E+07 30.5617 1.00000
  5.012E+12 5.012E+12 4.348E+00 1.352E+05 2.364E+06 3.425E+06 5.924E+06 5.924E+06 1.975E+07 30.7920 1.00000
  5.623E+12 5.623E+12 4.367E+00 1.517E+05 2.653E+06 3.929E+06 6.734E+06 6.734E+06 1.984E+07 31.0223 1.00000
  6.310E+12 6.310E+12 4.386E+00 1.702E+05 2.976E+06 4.508E+06 7.654E+06 7.654E+06 1.994E+07 31.2525 1.00000
  7.079E+12 7.079E+12 4.405E+00 1.909E+05 3.339E+06 5.172E+06 8.702E+06 8.702E+06 2.003E+07 31.4828 1.00000
  7.943E+12 7.943E+12 4.424E+00 2.142E+05 3.747E+06 5.934E+06 9.895E+06 9.895E+06 2.013E+07 31.7130 1.00000
  8.913E+12 8.913E+12 4.443E+00 2.404E+05 4.204E+06 6.809E+06 1.125E+07 1.125E+07 2.022E+07 31.9433 1.00000
  1.000E+13 1.000E+13 4.463E+00 2.697E+05 4.716E+06 7.814E+06 1.280E+07 1.280E+07 2.031E+07 32.1736 1.00000
  1.122E+13 1.122E+13 4.482E+00 3.026E+05 5.292E+06 8.967E+06 1.456E+07 1.456E+07 2.040E+07 32.4038 1.00000
  1.259E+13 1.259E+13 4.502E+00 3.396E+05 5.937E+06 1.029E+07 1.657E+07 1.657E+07 2.049E+07 32.6341 1.00000
  1.413E+13 1.413E+13 4.522E+00 3.810E+05 6.661E+06 1.181E+07 1.885E+07 1.885E+07 2.058E+07 32.8643 1.00000
  1.585E+13 1.585E+13 4.542E+00 4.275E+05 7.474E+06 1.356E+07 2.146E+07 2.146E+07 2.066E+07 33.0946 1.00000
  1.778E+13 1.778E+13 4.562E+00 4.796E+05 8.385E+06 1.556E+07 2.442E+07 2.442E+07 2.075E+07 33.3248 1.00000
  1.995E+13 1.995E+13 4.582E+00 5.382E+05 9.408E+06 1.786E+07 2.781E+07 2.781E+07 2.083E+07 33.5551 1.00000
  2.239E+13 2.239E+13 4.602E+00 6.038E+05 1.055E+07 2.050E+07 3.166E+07 3.166E+07 2.091E+07 33.7854 1.00000
  2.512E+13 2.512E+13 4.622E+00 6.775E+05 1.184E+07 2.353E+07 3.605E+07 3.605E+07 2.099E+07 34.0156 1.00000
  2.818E+13 2.818E+13 4.643E+00 7.602E+05 1.329E+07 2.702E+07 4.106E+07 4.106E+07 2.107E+07 34.2459 1.00000
  3.162E+13 3.162E+13 4.663E+00 8.529E+05 1.491E+07 3.102E+07 4.678E+07 4.678E+07 2.115E+07 34.4761 1.00000
  3.548E+13 3.548E+13 4.684E+00 9.570E+05 1.672E+07 3.561E+07 5.330E+07 5.330E+07 2.123E+07 34.7064 1.00000
  3.981E+13 3.981E+13 4.705E+00 1.074E+06 1.876E+07 4.089E+07 6.073E+07 6.073E+07 2.130E+07 34.9367 1.00000
  4.467E+13 4.467E+13 4.725E+00 1.205E+06 2.105E+07 4.695E+07 6.921E+07 6.921E+07 2.138E+07 35.1669 1.00000
  5.012E+13 5.012E+13 4.746E+00 1.352E+06 2.362E+07 5.391E+07 7.889E+07 7.889E+07 2.145E+07 35.3972 1.00000
  5.623E+13 5.623E+13 4.767E+00 1.517E+06 2.650E+07 6.191E+07 8.993E+07 8.993E+07 2.153E+07 35.6274 1.00000
  6.310E+13 6.310E+13 4.789E+00 1.702E+06 2.973E+07 7.110E+07 1.025E+08 1.025E+08 2.160E+07 35.8577 1.00000
  7.079E+13 7.079E+13 4.810E+00 1.910E+06 3.336E+07 8.165E+07 1.169E+08 1.169E+08 2.167E+07 36.0879 1.00000
  7.943E+13 7.943E+13 4.831E+00 2.143E+06 3.743E+07 9.378E+07 1.333E+08 1.333E+08 2.174E+07 36.3182 1.00000
  8.913E+13 8.913E+13 4.853E+00 2.404E+06 4.199E+07 1.077E+08 1.521E+08 1.521E+08 2.181E+07 36.5485 1.00000
  1.000E+14 1.000E+14 4.875E+00 2.697E+06 4.711E+07 1.237E+08 1.735E+08 1.735E+08 2.187E+07 36.7787 1.00000
  1.122E+14 1.122E+14 4.896E+00 3.026E+06 5.286E+07 1.421E+08 1.980E+08 1.980E+08 2.194E+07 37.0090 1.00000
  1.259E+14 1.259E+14 4.918E+00 3.396E+06 5.930E+07 1.632E+08 2.259E+08 2.259E+08 2.200E+07 37.2392 1.00000
  1.413E+14 1.413E+14 4.940E+00 3.810E+06 6.654E+07 1.875E+08 2.579E+08 2.579E+08 2.207E+07 37.4695 1.00000
  1.585E+14 1.585E+14 4.962E+00 4.275E+06 7.465E+07 2.154E+08 2.944E+08 2.944E+08 2.213E+07 37.6998 1.00000
  1.778E+14 1.778E+14 4.985E+00 4.796E+06 8.375E+07 2.475E+08 3.361E+08 3.361E+08 2.219E+07 37.9300 1.00000
  1.995E+14 1.995E+14 5.007E+00 5.382E+06 9.397E+07 2.844E+08 3.837E+08 3.837E+08 2.225E+07 38.1603 1.00000
  2.239E+14 2.239E+14 5.029E+00 6.038E+06 1.054E+08 3.267E+08 4.382E+08 4.382E+08 2.231E+07 38.3905 1.00000
  2.512E+14 2.512E+14 5.052E+00 6.775E+06 1.183E+08 3.754E+08 5.005E+08 5.005E+08 2.237E+07 38.6208 1.00000
  2.818E+14 2.818E+14 5.075E+00 7.602E+06 1.327E+08 4.314E+08 5.717E+08 5.717E+08 2.243E+07 38.8510 1.00000
  3.162E+14 3.162E+14 5.097E+00 8.530E+06 1.489E+08 4.957E+08 6.531E+08 6.531E+08 2.248E+07 39.0813 1.00000
  3.548E+14 3.548E+14 5.120E+00 9.570E+06 1.670E+08 5.697E+08 7.463E+08 7.463E+08 2.254E+07 39.3116 1.00000
  3.981E+14 3.981E+14 5.143E+00 1.074E+07 1.874E+08 6.547E+08 8.528E+08 8.528E+08 2.259E+07 39.5418 1.00000
  4.467E+14 4.467E+14 5.167E+00 1.205E+07 2.103E+08 7.524E+08 9.747E+08 9.747E+08 2.265E+07 39.7721 1.00000
  5.012E+14 5.012E+14 5.190E+00 1.352E+07 2.359E+08 8.648E+08 1.114E+09 1.114E+09 2.270E+07 40.0023 1.00000
  5.623E+14 5.623E+14 5.213E+00 1.517E+07 2.647E+08 9.940E+08 1.274E+09 1.274E+09 2.275E+07 40.2326 1.00000
  6.310E+14 6.310E+14 5.237E+00 1.702E+07 2.970E+08 1.142E+09 1.456E+09 1.456E+09 2.280E+07 40.4629 1.00000
  7.079E+14 7.079E+14 5.261E+00 1.910E+07 3.332E+08 1.313E+09 1.666E+09 1.666E+09 2.285E+07 40.6931 1.00000
  7.943E+14 7.943E+14 5.284E+00 2.143E+07 3.738E+08 1.510E+09 1.905E+09 1.905E+09 2.290E+07 40.9234 1.00000
  8.913E+14 8.913E+14 5.308E+00 2.404E+07 4.194E+08 1.735E+09 2.179E+09 2.179E+09 2.295E+07 41.1536 1.00000
  1.000E+15 1.000E+15 5.332E+00 2.697E+07 4.705E+08 1.995E+09 2.493E+09 2.493E+09 2.299E+07 41.3839 1.00000
