 Incident particle is a Tau with M = 1776.82000 MeV
 Index = 0: YttriumSiliconOxide
      Absorber with <Z/A> = 0.46171
 Density effect computed following Fano (1963)
 Models for Radloss: brems =  SSR, pair =  SSR, photonuc = DRSS

 *** Table generated with PUMAS v1.1 ***

      T         p     Ionization  brems     pair     photonuc  Radloss    dE/dx   CSDA Range  delta   beta
    [MeV]    [MeV/c]  -----------------------[MeV cm^2/g]------------------------  [g/cm^2]
  1.000E+05 1.018E+05 1.918E+00 1.049E-04 7.250E-03 6.420E-03 1.377E-02 1.932E+00 2.588E+04  3.8382 0.99985
  1.122E+05 1.140E+05 1.938E+00 1.273E-04 8.697E-03 7.256E-03 1.608E-02 1.954E+00 3.216E+04  4.0286 0.99988
  1.259E+05 1.277E+05 1.957E+00 1.542E-04 1.040E-02 8.183E-03 1.874E-02 1.975E+00 3.912E+04  4.2220 0.99990
  1.413E+05 1.430E+05 1.975E+00 1.865E-04 1.240E-02 9.203E-03 2.179E-02 1.997E+00 4.686E+04  4.4182 0.99992
  1.585E+05 1.603E+05 1.994E+00 2.251E-04 1.475E-02 1.036E-02 2.533E-02 2.019E+00 5.544E+04  4.6172 0.99994
  1.778E+05 1.796E+05 2.013E+00 2.712E-04 1.750E-02 1.163E-02 2.940E-02 2.042E+00 6.496E+04  4.8188 0.99995
  1.995E+05 2.013E+05 2.031E+00 3.262E-04 2.071E-02 1.307E-02 3.411E-02 2.065E+00 7.553E+04  5.0230 0.99996
  2.239E+05 2.256E+05 2.049E+00 3.916E-04 2.445E-02 1.467E-02 3.951E-02 2.089E+00 8.725E+04  5.2297 0.99997
  2.512E+05 2.530E+05 2.068E+00 4.691E-04 2.881E-02 1.644E-02 4.572E-02 2.113E+00 1.002E+05  5.4387 0.99998
  2.818E+05 2.836E+05 2.086E+00 5.610E-04 3.387E-02 1.844E-02 5.287E-02 2.139E+00 1.147E+05  5.6498 0.99998
  3.162E+05 3.180E+05 2.104E+00 6.696E-04 3.974E-02 2.069E-02 6.110E-02 2.165E+00 1.306E+05  5.8629 0.99998
  3.548E+05 3.566E+05 2.121E+00 7.977E-04 4.654E-02 2.320E-02 7.054E-02 2.192E+00 1.484E+05  6.0776 0.99999
  3.981E+05 3.999E+05 2.139E+00 9.487E-04 5.441E-02 2.600E-02 8.135E-02 2.220E+00 1.680E+05  6.2940 0.99999
  4.467E+05 4.485E+05 2.157E+00 1.126E-03 6.350E-02 2.915E-02 9.377E-02 2.250E+00 1.897E+05  6.5116 0.99999
  5.012E+05 5.030E+05 2.174E+00 1.334E-03 7.398E-02 3.266E-02 1.080E-01 2.282E+00 2.138E+05  6.7305 0.99999
  5.623E+05 5.641E+05 2.191E+00 1.578E-03 8.605E-02 3.662E-02 1.242E-01 2.316E+00 2.404E+05  6.9504 1.00000
  6.310E+05 6.327E+05 2.209E+00 1.864E-03 9.993E-02 4.110E-02 1.429E-01 2.352E+00 2.698E+05  7.1713 1.00000
  7.079E+05 7.097E+05 2.226E+00 2.197E-03 1.159E-01 4.614E-02 1.642E-01 2.390E+00 3.022E+05  7.3930 1.00000
  7.943E+05 7.961E+05 2.243E+00 2.586E-03 1.342E-01 5.180E-02 1.886E-01 2.431E+00 3.381E+05  7.6154 1.00000
  8.913E+05 8.930E+05 2.260E+00 3.039E-03 1.552E-01 5.817E-02 2.164E-01 2.476E+00 3.776E+05  7.8386 1.00000
  1.000E+06 1.002E+06 2.277E+00 3.567E-03 1.792E-01 6.539E-02 2.481E-01 2.525E+00 4.210E+05  8.0624 1.00000
  1.122E+06 1.124E+06 2.293E+00 4.180E-03 2.066E-01 7.350E-02 2.843E-01 2.578E+00 4.689E+05  8.2869 1.00000
  1.259E+06 1.261E+06 2.310E+00 4.891E-03 2.380E-01 8.272E-02 3.256E-01 2.635E+00 5.214E+05  8.5120 1.00000
  1.413E+06 1.414E+06 2.326E+00 5.714E-03 2.738E-01 9.311E-02 3.726E-01 2.699E+00 5.790E+05  8.7376 1.00000
  1.585E+06 1.587E+06 2.343E+00 6.670E-03 3.145E-01 1.049E-01 4.261E-01 2.769E+00 6.420E+05  8.9639 1.00000
  1.778E+06 1.780E+06 2.359E+00 7.775E-03 3.610E-01 1.182E-01 4.870E-01 2.846E+00 7.109E+05  9.1906 1.00000
  1.995E+06 1.997E+06 2.375E+00 9.050E-03 4.139E-01 1.333E-01 5.562E-01 2.931E+00 7.861E+05  9.4179 1.00000
  2.239E+06 2.240E+06 2.390E+00 1.052E-02 4.739E-01 1.505E-01 6.349E-01 3.025E+00 8.678E+05  9.6455 1.00000
  2.512E+06 2.514E+06 2.406E+00 1.222E-02 5.422E-01 1.699E-01 7.243E-01 3.130E+00 9.566E+05  9.8736 1.00000
  2.818E+06 2.820E+06 2.422E+00 1.419E-02 6.196E-01 1.920E-01 8.258E-01 3.247E+00 1.053E+06 10.1020 1.00000
  3.162E+06 3.164E+06 2.437E+00 1.644E-02 7.075E-01 2.171E-01 9.410E-01 3.378E+00 1.157E+06 10.3308 1.00000
  3.548E+06 3.550E+06 2.452E+00 1.904E-02 8.070E-01 2.455E-01 1.072E+00 3.524E+00 1.268E+06 10.5598 1.00000
  3.981E+06 3.983E+06 2.467E+00 2.202E-02 9.197E-01 2.779E-01 1.220E+00 3.687E+00 1.388E+06 10.7890 1.00000
  4.467E+06 4.469E+06 2.482E+00 2.545E-02 1.047E+00 3.147E-01 1.387E+00 3.870E+00 1.517E+06 11.0184 1.00000
  5.012E+06 5.014E+06 2.497E+00 2.938E-02 1.192E+00 3.566E-01 1.578E+00 4.074E+00 1.654E+06 11.2479 1.00000
  5.623E+06 5.625E+06 2.511E+00 3.390E-02 1.355E+00 4.042E-01 1.793E+00 4.304E+00 1.800E+06 11.4776 1.00000
  6.310E+06 6.311E+06 2.526E+00 3.909E-02 1.539E+00 4.585E-01 2.036E+00 4.562E+00 1.955E+06 11.7074 1.00000
  7.079E+06 7.081E+06 2.540E+00 4.503E-02 1.747E+00 5.202E-01 2.312E+00 4.852E+00 2.119E+06 11.9373 1.00000
  7.943E+06 7.945E+06 2.554E+00 5.183E-02 1.982E+00 5.906E-01 2.624E+00 5.178E+00 2.291E+06 12.1672 1.00000
  8.913E+06 8.914E+06 2.568E+00 5.962E-02 2.247E+00 6.707E-01 2.977E+00 5.545E+00 2.472E+06 12.3973 1.00000
  1.000E+07 1.000E+07 2.582E+00 6.852E-02 2.546E+00 7.620E-01 3.376E+00 5.958E+00 2.661E+06 12.6273 1.00000
  1.122E+07 1.122E+07 2.596E+00 7.869E-02 2.882E+00 8.660E-01 3.827E+00 6.423E+00 2.858E+06 12.8574 1.00000
  1.259E+07 1.259E+07 2.609E+00 9.031E-02 3.262E+00 9.846E-01 4.337E+00 6.946E+00 3.063E+06 13.0875 1.00000
  1.413E+07 1.413E+07 2.623E+00 1.036E-01 3.689E+00 1.120E+00 4.913E+00 7.536E+00 3.275E+06 13.3177 1.00000
  1.585E+07 1.585E+07 2.636E+00 1.187E-01 4.171E+00 1.274E+00 5.564E+00 8.200E+00 3.495E+06 13.5478 1.00000
  1.778E+07 1.778E+07 2.649E+00 1.359E-01 4.713E+00 1.450E+00 6.299E+00 8.948E+00 3.720E+06 13.7780 1.00000
  1.995E+07 1.995E+07 2.662E+00 1.556E-01 5.323E+00 1.651E+00 7.129E+00 9.792E+00 3.952E+06 14.0082 1.00000
  2.239E+07 2.239E+07 2.676E+00 1.780E-01 6.010E+00 1.879E+00 8.067E+00 1.074E+01 4.189E+06 14.2384 1.00000
  2.512E+07 2.512E+07 2.689E+00 2.035E-01 6.782E+00 2.141E+00 9.126E+00 1.181E+01 4.432E+06 14.4686 1.00000
  2.818E+07 2.819E+07 2.702E+00 2.325E-01 7.650E+00 2.439E+00 1.032E+01 1.302E+01 4.679E+06 14.6988 1.00000
  3.162E+07 3.162E+07 2.714E+00 2.656E-01 8.627E+00 2.779E+00 1.167E+01 1.439E+01 4.930E+06 14.9291 1.00000
  3.548E+07 3.548E+07 2.727E+00 3.032E-01 9.725E+00 3.167E+00 1.320E+01 1.592E+01 5.185E+06 15.1593 1.00000
  3.981E+07 3.981E+07 2.740E+00 3.459E-01 1.096E+01 3.611E+00 1.492E+01 1.766E+01 5.443E+06 15.3895 1.00000
  4.467E+07 4.467E+07 2.753E+00 3.944E-01 1.235E+01 4.117E+00 1.686E+01 1.961E+01 5.704E+06 15.6198 1.00000
  5.012E+07 5.012E+07 2.766E+00 4.495E-01 1.391E+01 4.695E+00 1.905E+01 2.182E+01 5.967E+06 15.8500 1.00000
  5.623E+07 5.624E+07 2.779E+00 5.120E-01 1.566E+01 5.355E+00 2.152E+01 2.430E+01 6.233E+06 16.0803 1.00000
  6.310E+07 6.310E+07 2.792E+00 5.829E-01 1.763E+01 6.109E+00 2.432E+01 2.711E+01 6.500E+06 16.3105 1.00000
  7.079E+07 7.080E+07 2.804E+00 6.633E-01 1.984E+01 6.969E+00 2.747E+01 3.027E+01 6.769E+06 16.5408 1.00000
  7.943E+07 7.943E+07 2.817E+00 7.544E-01 2.232E+01 7.953E+00 3.103E+01 3.384E+01 7.038E+06 16.7710 1.00000
  8.913E+07 8.913E+07 2.830E+00 8.577E-01 2.511E+01 9.076E+00 3.504E+01 3.787E+01 7.309E+06 17.0013 1.00000
  1.000E+08 1.000E+08 2.843E+00 9.746E-01 2.824E+01 1.036E+01 3.957E+01 4.242E+01 7.580E+06 17.2315 1.00000
  1.122E+08 1.122E+08 2.856E+00 1.107E+00 3.175E+01 1.183E+01 4.469E+01 4.754E+01 7.852E+06 17.4618 1.00000
  1.259E+08 1.259E+08 2.869E+00 1.257E+00 3.570E+01 1.350E+01 5.046E+01 5.333E+01 8.123E+06 17.6920 1.00000
  1.413E+08 1.413E+08 2.882E+00 1.426E+00 4.014E+01 1.542E+01 5.698E+01 5.986E+01 8.395E+06 17.9223 1.00000
  1.585E+08 1.585E+08 2.895E+00 1.617E+00 4.511E+01 1.760E+01 6.433E+01 6.723E+01 8.667E+06 18.1525 1.00000
  1.778E+08 1.778E+08 2.908E+00 1.834E+00 5.070E+01 2.010E+01 7.264E+01 7.554E+01 8.938E+06 18.3828 1.00000
  1.995E+08 1.995E+08 2.921E+00 2.078E+00 5.697E+01 2.296E+01 8.201E+01 8.493E+01 9.209E+06 18.6131 1.00000
  2.239E+08 2.239E+08 2.934E+00 2.354E+00 6.401E+01 2.623E+01 9.259E+01 9.553E+01 9.479E+06 18.8433 1.00000
  2.512E+08 2.512E+08 2.947E+00 2.665E+00 7.191E+01 2.996E+01 1.045E+02 1.075E+02 9.748E+06 19.0736 1.00000
  2.818E+08 2.818E+08 2.961E+00 3.017E+00 8.078E+01 3.423E+01 1.180E+02 1.210E+02 1.002E+07 19.3038 1.00000
  3.162E+08 3.162E+08 2.974E+00 3.414E+00 9.074E+01 3.911E+01 1.333E+02 1.362E+02 1.028E+07 19.5341 1.00000
  3.548E+08 3.548E+08 2.987E+00 3.861E+00 1.019E+02 4.469E+01 1.505E+02 1.534E+02 1.055E+07 19.7643 1.00000
  3.981E+08 3.981E+08 3.001E+00 4.365E+00 1.144E+02 5.106E+01 1.699E+02 1.729E+02 1.082E+07 19.9946 1.00000
  4.467E+08 4.467E+08 3.014E+00 4.934E+00 1.285E+02 5.836E+01 1.918E+02 1.948E+02 1.108E+07 20.2249 1.00000
  5.012E+08 5.012E+08 3.028E+00 5.574E+00 1.443E+02 6.670E+01 2.166E+02 2.196E+02 1.135E+07 20.4551 1.00000
  5.623E+08 5.623E+08 3.042E+00 6.296E+00 1.620E+02 7.623E+01 2.446E+02 2.476E+02 1.161E+07 20.6854 1.00000
  6.310E+08 6.310E+08 3.055E+00 7.109E+00 1.819E+02 8.714E+01 2.762E+02 2.792E+02 1.187E+07 20.9156 1.00000
  7.079E+08 7.079E+08 3.069E+00 8.024E+00 2.042E+02 9.961E+01 3.119E+02 3.150E+02 1.213E+07 21.1459 1.00000
  7.943E+08 7.943E+08 3.083E+00 9.054E+00 2.293E+02 1.139E+02 3.522E+02 3.553E+02 1.239E+07 21.3761 1.00000
  8.913E+08 8.913E+08 3.097E+00 1.021E+01 2.574E+02 1.302E+02 3.978E+02 4.009E+02 1.264E+07 21.6064 1.00000
  1.000E+09 1.000E+09 3.111E+00 1.152E+01 2.889E+02 1.489E+02 4.493E+02 4.524E+02 1.290E+07 21.8367 1.00000
  1.122E+09 1.122E+09 3.125E+00 1.299E+01 3.243E+02 1.702E+02 5.075E+02 5.107E+02 1.315E+07 22.0669 1.00000
  1.259E+09 1.259E+09 3.139E+00 1.464E+01 3.640E+02 1.947E+02 5.733E+02 5.765E+02 1.340E+07 22.2972 1.00000
  1.413E+09 1.413E+09 3.153E+00 1.649E+01 4.086E+02 2.226E+02 6.477E+02 6.509E+02 1.365E+07 22.5274 1.00000
  1.585E+09 1.585E+09 3.168E+00 1.858E+01 4.586E+02 2.546E+02 7.318E+02 7.349E+02 1.390E+07 22.7577 1.00000
  1.778E+09 1.778E+09 3.182E+00 2.093E+01 5.147E+02 2.912E+02 8.268E+02 8.300E+02 1.415E+07 22.9879 1.00000
  1.995E+09 1.995E+09 3.196E+00 2.356E+01 5.777E+02 3.330E+02 9.343E+02 9.375E+02 1.440E+07 23.2182 1.00000
  2.239E+09 2.239E+09 3.211E+00 2.653E+01 6.483E+02 3.810E+02 1.056E+03 1.059E+03 1.464E+07 23.4485 1.00000
  2.512E+09 2.512E+09 3.226E+00 2.986E+01 7.276E+02 4.358E+02 1.193E+03 1.196E+03 1.488E+07 23.6787 1.00000
  2.818E+09 2.818E+09 3.240E+00 3.360E+01 8.165E+02 4.986E+02 1.349E+03 1.352E+03 1.512E+07 23.9090 1.00000
  3.162E+09 3.162E+09 3.255E+00 3.781E+01 9.163E+02 5.704E+02 1.525E+03 1.528E+03 1.536E+07 24.1392 1.00000
  3.548E+09 3.548E+09 3.270E+00 4.253E+01 1.028E+03 6.526E+02 1.723E+03 1.727E+03 1.560E+07 24.3695 1.00000
  3.981E+09 3.981E+09 3.285E+00 4.784E+01 1.154E+03 7.467E+02 1.949E+03 1.952E+03 1.584E+07 24.5998 1.00000
  4.467E+09 4.467E+09 3.300E+00 5.380E+01 1.295E+03 8.544E+02 2.203E+03 2.207E+03 1.607E+07 24.8300 1.00000
  5.012E+09 5.012E+09 3.315E+00 6.049E+01 1.453E+03 9.778E+02 2.491E+03 2.495E+03 1.630E+07 25.0603 1.00000
  5.623E+09 5.623E+09 3.330E+00 6.801E+01 1.631E+03 1.119E+03 2.818E+03 2.821E+03 1.653E+07 25.2905 1.00000
  6.310E+09 6.310E+09 3.345E+00 7.645E+01 1.830E+03 1.281E+03 3.187E+03 3.190E+03 1.676E+07 25.5208 1.00000
  7.079E+09 7.079E+09 3.361E+00 8.593E+01 2.053E+03 1.466E+03 3.605E+03 3.608E+03 1.699E+07 25.7510 1.00000
  7.943E+09 7.943E+09 3.376E+00 9.657E+01 2.304E+03 1.678E+03 4.078E+03 4.082E+03 1.721E+07 25.9813 1.00000
  8.913E+09 8.913E+09 3.392E+00 1.085E+02 2.585E+03 1.920E+03 4.614E+03 4.618E+03 1.744E+07 26.2116 1.00000
  1.000E+10 1.000E+10 3.407E+00 1.219E+02 2.901E+03 2.198E+03 5.221E+03 5.225E+03 1.766E+07 26.4418 1.00000
  1.122E+10 1.122E+10 3.423E+00 1.370E+02 3.255E+03 2.517E+03 5.909E+03 5.912E+03 1.788E+07 26.6721 1.00000
  1.259E+10 1.259E+10 3.439E+00 1.539E+02 3.653E+03 2.881E+03 6.688E+03 6.691E+03 1.809E+07 26.9023 1.00000
  1.413E+10 1.413E+10 3.455E+00 1.729E+02 4.099E+03 3.299E+03 7.570E+03 7.574E+03 1.831E+07 27.1326 1.00000
  1.585E+10 1.585E+10 3.471E+00 1.941E+02 4.599E+03 3.777E+03 8.570E+03 8.573E+03 1.852E+07 27.3627 1.00000
  1.778E+10 1.778E+10 3.487E+00 2.180E+02 5.160E+03 4.325E+03 9.703E+03 9.707E+03 1.874E+07 27.5930 1.00000
  1.995E+10 1.995E+10 3.503E+00 2.449E+02 5.790E+03 4.952E+03 1.099E+04 1.099E+04 1.895E+07 27.8233 1.00000
  2.239E+10 2.239E+10 3.519E+00 2.750E+02 6.497E+03 5.671E+03 1.244E+04 1.245E+04 1.915E+07 28.0531 1.00000
  2.512E+10 2.512E+10 3.536E+00 3.088E+02 7.290E+03 6.495E+03 1.409E+04 1.410E+04 1.936E+07 28.2834 1.00000
  2.818E+10 2.818E+10 3.552E+00 3.467E+02 8.180E+03 7.439E+03 1.597E+04 1.597E+04 1.956E+07 28.5137 1.00000
  3.162E+10 3.162E+10 3.569E+00 3.892E+02 9.178E+03 8.520E+03 1.809E+04 1.809E+04 1.977E+07 28.7424 1.00000
  3.548E+10 3.548E+10 3.585E+00 4.370E+02 1.030E+04 9.759E+03 2.049E+04 2.050E+04 1.997E+07 28.9726 1.00000
  3.981E+10 3.981E+10 3.602E+00 4.906E+02 1.155E+04 1.118E+04 2.322E+04 2.323E+04 2.016E+07 29.2029 1.00000
  4.467E+10 4.467E+10 3.619E+00 5.507E+02 1.297E+04 1.281E+04 2.632E+04 2.633E+04 2.036E+07 29.4331 1.00000
  5.012E+10 5.012E+10 3.636E+00 6.182E+02 1.455E+04 1.467E+04 2.984E+04 2.984E+04 2.056E+07 29.6569 1.00000
  5.623E+10 5.623E+10 3.653E+00 6.939E+02 1.632E+04 1.681E+04 3.382E+04 3.383E+04 2.075E+07 29.8872 1.00000
  6.310E+10 6.310E+10 3.671E+00 7.789E+02 1.831E+04 1.926E+04 3.835E+04 3.835E+04 2.094E+07 30.1174 1.00000
  7.079E+10 7.079E+10 3.690E+00 8.743E+02 2.055E+04 2.207E+04 4.349E+04 4.349E+04 2.113E+07 30.3185 1.00000
  7.943E+10 7.943E+10 3.707E+00 9.813E+02 2.306E+04 2.528E+04 4.932E+04 4.933E+04 2.131E+07 30.5488 1.00000
  8.913E+10 8.913E+10 3.724E+00 1.101E+03 2.587E+04 2.897E+04 5.595E+04 5.595E+04 2.150E+07 30.7791 1.00000
  1.000E+11 1.000E+11 3.742E+00 1.236E+03 2.903E+04 3.320E+04 6.347E+04 6.347E+04 2.168E+07 31.0093 1.00000
  1.122E+11 1.122E+11 3.760E+00 1.387E+03 3.257E+04 3.805E+04 7.201E+04 7.201E+04 2.186E+07 31.2396 1.00000
  1.259E+11 1.259E+11 3.788E+00 1.557E+03 3.654E+04 4.361E+04 8.171E+04 8.172E+04 2.204E+07 31.3144 1.00000
  1.413E+11 1.413E+11 3.806E+00 1.747E+03 4.100E+04 4.999E+04 9.274E+04 9.274E+04 2.222E+07 31.5446 1.00000
  1.585E+11 1.585E+11 3.824E+00 1.961E+03 4.601E+04 5.730E+04 1.053E+05 1.053E+05 2.239E+07 31.7749 1.00000
  1.778E+11 1.778E+11 3.842E+00 2.200E+03 5.162E+04 6.568E+04 1.195E+05 1.195E+05 2.256E+07 32.0051 1.00000
  1.995E+11 1.995E+11 3.860E+00 2.469E+03 5.792E+04 7.529E+04 1.357E+05 1.357E+05 2.273E+07 32.2354 1.00000
  2.239E+11 2.239E+11 3.878E+00 2.771E+03 6.499E+04 8.632E+04 1.541E+05 1.541E+05 2.290E+07 32.4657 1.00000
  2.512E+11 2.512E+11 3.897E+00 3.110E+03 7.292E+04 9.896E+04 1.750E+05 1.750E+05 2.307E+07 32.6959 1.00000
  2.818E+11 2.818E+11 3.915E+00 3.489E+03 8.181E+04 1.135E+05 1.988E+05 1.988E+05 2.323E+07 32.9262 1.00000
  3.162E+11 3.162E+11 3.933E+00 3.916E+03 9.180E+04 1.301E+05 2.258E+05 2.258E+05 2.339E+07 33.1564 1.00000
  3.548E+11 3.548E+11 3.952E+00 4.394E+03 1.030E+05 1.492E+05 2.566E+05 2.566E+05 2.355E+07 33.3867 1.00000
  3.981E+11 3.981E+11 3.971E+00 4.930E+03 1.156E+05 1.711E+05 2.916E+05 2.916E+05 2.371E+07 33.6169 1.00000
  4.467E+11 4.467E+11 3.990E+00 5.532E+03 1.297E+05 1.962E+05 3.314E+05 3.314E+05 2.387E+07 33.8472 1.00000
  5.012E+11 5.012E+11 4.008E+00 6.208E+03 1.455E+05 2.250E+05 3.767E+05 3.767E+05 2.402E+07 34.0775 1.00000
  5.623E+11 5.623E+11 4.028E+00 6.966E+03 1.632E+05 2.580E+05 4.282E+05 4.283E+05 2.417E+07 34.3077 1.00000
  6.310E+11 6.310E+11 4.047E+00 7.816E+03 1.832E+05 2.960E+05 4.869E+05 4.869E+05 2.432E+07 34.5380 1.00000
  7.079E+11 7.079E+11 4.066E+00 8.770E+03 2.055E+05 3.395E+05 5.538E+05 5.538E+05 2.447E+07 34.7682 1.00000
  7.943E+11 7.943E+11 4.085E+00 9.841E+03 2.306E+05 3.894E+05 6.298E+05 6.298E+05 2.462E+07 34.9985 1.00000
  8.913E+11 8.913E+11 4.105E+00 1.104E+04 2.587E+05 4.467E+05 7.165E+05 7.165E+05 2.476E+07 35.2288 1.00000
  1.000E+12 1.000E+12 4.124E+00 1.239E+04 2.903E+05 5.125E+05 8.152E+05 8.152E+05 2.491E+07 35.4590 1.00000
  1.122E+12 1.122E+12 4.144E+00 1.390E+04 3.257E+05 5.879E+05 9.276E+05 9.276E+05 2.505E+07 35.6893 1.00000
  1.259E+12 1.259E+12 4.164E+00 1.560E+04 3.655E+05 6.746E+05 1.056E+06 1.056E+06 2.518E+07 35.9195 1.00000
  1.413E+12 1.413E+12 4.184E+00 1.750E+04 4.100E+05 7.740E+05 1.202E+06 1.202E+06 2.532E+07 36.1498 1.00000
  1.585E+12 1.585E+12 4.204E+00 1.964E+04 4.601E+05 8.881E+05 1.368E+06 1.368E+06 2.545E+07 36.3800 1.00000
  1.778E+12 1.778E+12 4.224E+00 2.204E+04 5.162E+05 1.019E+06 1.557E+06 1.557E+06 2.559E+07 36.6103 1.00000
  1.995E+12 1.995E+12 4.244E+00 2.473E+04 5.792E+05 1.170E+06 1.773E+06 1.773E+06 2.572E+07 36.8406 1.00000
  2.239E+12 2.239E+12 4.264E+00 2.774E+04 6.499E+05 1.342E+06 2.020E+06 2.020E+06 2.585E+07 37.0708 1.00000
  2.512E+12 2.512E+12 4.285E+00 3.113E+04 7.292E+05 1.540E+06 2.301E+06 2.301E+06 2.597E+07 37.3011 1.00000
  2.818E+12 2.818E+12 4.305E+00 3.493E+04 8.181E+05 1.768E+06 2.621E+06 2.621E+06 2.610E+07 37.5313 1.00000
  3.162E+12 3.162E+12 4.326E+00 3.919E+04 9.180E+05 2.029E+06 2.986E+06 2.986E+06 2.622E+07 37.7616 1.00000
  3.548E+12 3.548E+12 4.347E+00 4.397E+04 1.030E+06 2.329E+06 3.403E+06 3.403E+06 2.634E+07 37.9919 1.00000
  3.981E+12 3.981E+12 4.368E+00 4.934E+04 1.156E+06 2.674E+06 3.879E+06 3.879E+06 2.646E+07 38.2221 1.00000
  4.467E+12 4.467E+12 4.389E+00 5.536E+04 1.297E+06 3.069E+06 4.421E+06 4.421E+06 2.658E+07 38.4524 1.00000
  5.012E+12 5.012E+12 4.410E+00 6.212E+04 1.455E+06 3.524E+06 5.041E+06 5.041E+06 2.669E+07 38.6826 1.00000
  5.623E+12 5.623E+12 4.431E+00 6.969E+04 1.632E+06 4.046E+06 5.748E+06 5.748E+06 2.681E+07 38.9129 1.00000
  6.310E+12 6.310E+12 4.452E+00 7.820E+04 1.832E+06 4.645E+06 6.555E+06 6.555E+06 2.692E+07 39.1432 1.00000
  7.079E+12 7.079E+12 4.474E+00 8.774E+04 2.055E+06 5.334E+06 7.476E+06 7.476E+06 2.703E+07 39.3734 1.00000
  7.943E+12 7.943E+12 4.495E+00 9.845E+04 2.306E+06 6.124E+06 8.528E+06 8.528E+06 2.714E+07 39.6037 1.00000
  8.913E+12 8.913E+12 4.517E+00 1.105E+05 2.587E+06 7.033E+06 9.730E+06 9.730E+06 2.724E+07 39.8339 1.00000
  1.000E+13 1.000E+13 4.539E+00 1.239E+05 2.903E+06 8.076E+06 1.110E+07 1.110E+07 2.735E+07 40.0642 1.00000
  1.122E+13 1.122E+13 4.561E+00 1.391E+05 3.257E+06 9.275E+06 1.267E+07 1.267E+07 2.745E+07 40.2944 1.00000
  1.259E+13 1.259E+13 4.583E+00 1.560E+05 3.654E+06 1.065E+07 1.446E+07 1.446E+07 2.755E+07 40.5247 1.00000
  1.413E+13 1.413E+13 4.605E+00 1.751E+05 4.100E+06 1.223E+07 1.651E+07 1.651E+07 2.765E+07 40.7550 1.00000
  1.585E+13 1.585E+13 4.628E+00 1.964E+05 4.601E+06 1.405E+07 1.885E+07 1.885E+07 2.775E+07 40.9852 1.00000
  1.778E+13 1.778E+13 4.650E+00 2.204E+05 5.162E+06 1.614E+07 2.152E+07 2.152E+07 2.784E+07 41.2155 1.00000
  1.995E+13 1.995E+13 4.673E+00 2.473E+05 5.792E+06 1.854E+07 2.458E+07 2.458E+07 2.794E+07 41.4457 1.00000
  2.239E+13 2.239E+13 4.695E+00 2.775E+05 6.498E+06 2.130E+07 2.808E+07 2.808E+07 2.803E+07 41.6760 1.00000
  2.512E+13 2.512E+13 4.718E+00 3.113E+05 7.291E+06 2.447E+07 3.207E+07 3.207E+07 2.812E+07 41.9063 1.00000
  2.818E+13 2.818E+13 4.741E+00 3.493E+05 8.181E+06 2.811E+07 3.664E+07 3.664E+07 2.821E+07 42.1365 1.00000
  3.162E+13 3.162E+13 4.764E+00 3.919E+05 9.179E+06 3.230E+07 4.187E+07 4.187E+07 2.830E+07 42.3668 1.00000
  3.548E+13 3.548E+13 4.787E+00 4.398E+05 1.030E+07 3.711E+07 4.785E+07 4.785E+07 2.839E+07 42.5970 1.00000
  3.981E+13 3.981E+13 4.810E+00 4.934E+05 1.156E+07 4.264E+07 5.469E+07 5.469E+07 2.847E+07 42.8273 1.00000
  4.467E+13 4.467E+13 4.834E+00 5.536E+05 1.297E+07 4.900E+07 6.252E+07 6.252E+07 2.855E+07 43.0575 1.00000
  5.012E+13 5.012E+13 4.857E+00 6.212E+05 1.455E+07 5.631E+07 7.148E+07 7.148E+07 2.863E+07 43.2878 1.00000
  5.623E+13 5.623E+13 4.881E+00 6.970E+05 1.632E+07 6.471E+07 8.173E+07 8.173E+07 2.871E+07 43.5181 1.00000
  6.310E+13 6.310E+13 4.905E+00 7.820E+05 1.831E+07 7.437E+07 9.347E+07 9.347E+07 2.879E+07 43.7483 1.00000
  7.079E+13 7.079E+13 4.929E+00 8.775E+05 2.055E+07 8.547E+07 1.069E+08 1.069E+08 2.887E+07 43.9786 1.00000
  7.943E+13 7.943E+13 4.953E+00 9.845E+05 2.306E+07 9.824E+07 1.223E+08 1.223E+08 2.895E+07 44.2088 1.00000
  8.913E+13 8.913E+13 4.977E+00 1.105E+06 2.587E+07 1.129E+08 1.399E+08 1.399E+08 2.902E+07 44.4391 1.00000
  1.000E+14 1.000E+14 5.001E+00 1.239E+06 2.903E+07 1.298E+08 1.601E+08 1.601E+08 2.909E+07 44.6694 1.00000
  1.122E+14 1.122E+14 5.026E+00 1.391E+06 3.257E+07 1.492E+08 1.832E+08 1.832E+08 2.916E+07 44.8996 1.00000
  1.259E+14 1.259E+14 5.050E+00 1.560E+06 3.654E+07 1.715E+08 2.096E+08 2.096E+08 2.923E+07 45.1299 1.00000
  1.413E+14 1.413E+14 5.075E+00 1.751E+06 4.100E+07 1.972E+08 2.399E+08 2.399E+08 2.930E+07 45.3601 1.00000
  1.585E+14 1.585E+14 5.100E+00 1.964E+06 4.600E+07 2.267E+08 2.747E+08 2.747E+08 2.937E+07 45.5904 1.00000
  1.778E+14 1.778E+14 5.125E+00 2.204E+06 5.161E+07 2.606E+08 3.145E+08 3.145E+08 2.943E+07 45.8206 1.00000
  1.995E+14 1.995E+14 5.150E+00 2.473E+06 5.791E+07 2.997E+08 3.601E+08 3.601E+08 2.950E+07 46.0509 1.00000
  2.239E+14 2.239E+14 5.175E+00 2.775E+06 6.498E+07 3.446E+08 4.123E+08 4.123E+08 2.956E+07 46.2812 1.00000
  2.512E+14 2.512E+14 5.200E+00 3.113E+06 7.291E+07 3.962E+08 4.722E+08 4.722E+08 2.962E+07 46.5114 1.00000
  2.818E+14 2.818E+14 5.226E+00 3.493E+06 8.180E+07 4.556E+08 5.409E+08 5.409E+08 2.968E+07 46.7417 1.00000
  3.162E+14 3.162E+14 5.252E+00 3.919E+06 9.178E+07 5.239E+08 6.196E+08 6.196E+08 2.974E+07 46.9719 1.00000
  3.548E+14 3.548E+14 5.277E+00 4.398E+06 1.030E+08 6.026E+08 7.099E+08 7.099E+08 2.980E+07 47.2022 1.00000
  3.981E+14 3.981E+14 5.303E+00 4.934E+06 1.155E+08 6.930E+08 8.135E+08 8.135E+08 2.986E+07 47.4325 1.00000
  4.467E+14 4.467E+14 5.329E+00 5.536E+06 1.296E+08 7.970E+08 9.322E+08 9.322E+08 2.991E+07 47.6627 1.00000
  5.012E+14 5.012E+14 5.355E+00 6.212E+06 1.455E+08 9.167E+08 1.068E+09 1.068E+09 2.997E+07 47.8930 1.00000
  5.623E+14 5.623E+14 5.382E+00 6.970E+06 1.632E+08 1.054E+09 1.225E+09 1.225E+09 3.002E+07 48.1232 1.00000
  6.310E+14 6.310E+14 5.408E+00 7.820E+06 1.831E+08 1.213E+09 1.404E+09 1.404E+09 3.007E+07 48.3535 1.00000
  7.079E+14 7.079E+14 5.435E+00 8.775E+06 2.055E+08 1.395E+09 1.609E+09 1.609E+09 3.013E+07 48.5838 1.00000
  7.943E+14 7.943E+14 5.461E+00 9.845E+06 2.305E+08 1.605E+09 1.845E+09 1.845E+09 3.018E+07 48.8140 1.00000
  8.913E+14 8.913E+14 5.488E+00 1.105E+07 2.587E+08 1.846E+09 2.116E+09 2.116E+09 3.023E+07 49.0443 1.00000
  1.000E+15 1.000E+15 5.515E+00 1.239E+07 2.902E+08 2.124E+09 2.427E+09 2.427E+09 3.027E+07 49.2745 1.00000
