 Incident particle is a Tau with M = 1776.82000 MeV
 Index = 0: YttriumAluminumOxide2
      Absorber with <Z/A> = 0.46832
 Sternheimer coef:  a     k=m_s   x_0    x_1    I[eV]   Cbar  delta0
                 0.1534  3.0000  0.2000  3.0000  218.0  4.2884 0.00

 *** Table generated with PUMAS v1.00 ***

      T         p     Ionization  brems     pair     photonuc  Radloss    dE/dx   CSDA Range  delta   beta
    [MeV]    [MeV/c]  -----------------------[MeV cm^2/g]------------------------  [g/cm^2]
  1.000E+05 1.018E+05 1.951E+00 3.692E-04 6.108E-03 8.011E-03 1.449E-02 1.966E+00 2.544E+04  4.1011 0.99985
  1.122E+05 1.140E+05 1.970E+00 4.273E-04 7.329E-03 9.025E-03 1.678E-02 1.987E+00 3.161E+04  4.2941 0.99988
  1.259E+05 1.277E+05 1.990E+00 4.944E-04 8.767E-03 1.011E-02 1.937E-02 2.009E+00 3.846E+04  4.4901 0.99990
  1.413E+05 1.430E+05 2.008E+00 5.716E-04 1.046E-02 1.134E-02 2.237E-02 2.031E+00 4.607E+04  4.6889 0.99992
  1.585E+05 1.603E+05 2.027E+00 6.605E-04 1.244E-02 1.270E-02 2.580E-02 2.053E+00 5.451E+04  4.8905 0.99994
  1.778E+05 1.796E+05 2.046E+00 7.629E-04 1.476E-02 1.422E-02 2.974E-02 2.076E+00 6.388E+04  5.0946 0.99995
  1.995E+05 2.013E+05 2.064E+00 8.807E-04 1.747E-02 1.595E-02 3.430E-02 2.099E+00 7.427E+04  5.3013 0.99996
  2.239E+05 2.256E+05 2.083E+00 1.016E-03 2.064E-02 1.784E-02 3.949E-02 2.122E+00 8.581E+04  5.5103 0.99997
  2.512E+05 2.530E+05 2.101E+00 1.172E-03 2.432E-02 1.995E-02 4.543E-02 2.147E+00 9.861E+04  5.7215 0.99998
  2.818E+05 2.836E+05 2.119E+00 1.351E-03 2.859E-02 2.232E-02 5.226E-02 2.172E+00 1.128E+05  5.9348 0.99998
  3.162E+05 3.180E+05 2.137E+00 1.556E-03 3.355E-02 2.500E-02 6.010E-02 2.197E+00 1.285E+05  6.1500 0.99998
  3.548E+05 3.566E+05 2.155E+00 1.791E-03 3.929E-02 2.800E-02 6.907E-02 2.224E+00 1.460E+05  6.3671 0.99999
  3.981E+05 3.999E+05 2.173E+00 2.062E-03 4.592E-02 3.134E-02 7.932E-02 2.252E+00 1.653E+05  6.5860 0.99999
  4.467E+05 4.485E+05 2.191E+00 2.372E-03 5.358E-02 3.508E-02 9.103E-02 2.282E+00 1.868E+05  6.8064 0.99999
  5.012E+05 5.030E+05 2.208E+00 2.727E-03 6.241E-02 3.928E-02 1.044E-01 2.313E+00 2.105E+05  7.0282 0.99999
  5.623E+05 5.641E+05 2.225E+00 3.134E-03 7.258E-02 4.383E-02 1.195E-01 2.345E+00 2.368E+05  7.2514 1.00000
  6.310E+05 6.327E+05 2.243E+00 3.600E-03 8.426E-02 4.894E-02 1.368E-01 2.380E+00 2.658E+05  7.4759 1.00000
  7.079E+05 7.097E+05 2.260E+00 4.133E-03 9.768E-02 5.471E-02 1.565E-01 2.416E+00 2.979E+05  7.7014 1.00000
  7.943E+05 7.961E+05 2.277E+00 4.744E-03 1.131E-01 6.121E-02 1.790E-01 2.456E+00 3.334E+05  7.9279 1.00000
  8.913E+05 8.930E+05 2.294E+00 5.442E-03 1.307E-01 6.855E-02 2.047E-01 2.498E+00 3.725E+05  8.1553 1.00000
  1.000E+06 1.002E+06 2.310E+00 6.241E-03 1.508E-01 7.685E-02 2.339E-01 2.544E+00 4.156E+05  8.3834 1.00000
  1.122E+06 1.124E+06 2.327E+00 7.154E-03 1.739E-01 8.624E-02 2.673E-01 2.594E+00 4.631E+05  8.6121 1.00000
  1.259E+06 1.261E+06 2.344E+00 8.198E-03 2.002E-01 9.686E-02 3.052E-01 2.649E+00 5.154E+05  8.8413 1.00000
  1.413E+06 1.414E+06 2.360E+00 9.390E-03 2.302E-01 1.089E-01 3.484E-01 2.708E+00 5.727E+05  9.0709 1.00000
  1.585E+06 1.587E+06 2.376E+00 1.075E-02 2.643E-01 1.225E-01 3.976E-01 2.774E+00 6.356E+05  9.3008 1.00000
  1.778E+06 1.780E+06 2.392E+00 1.231E-02 3.032E-01 1.380E-01 4.535E-01 2.846E+00 7.045E+05  9.5307 1.00000
  1.995E+06 1.997E+06 2.408E+00 1.408E-02 3.475E-01 1.555E-01 5.171E-01 2.925E+00 7.797E+05  9.7608 1.00000
  2.239E+06 2.240E+06 2.424E+00 1.610E-02 3.977E-01 1.754E-01 5.892E-01 3.013E+00 8.617E+05  9.9909 1.00000
  2.512E+06 2.514E+06 2.440E+00 1.841E-02 4.548E-01 1.980E-01 6.712E-01 3.111E+00 9.509E+05 10.2209 1.00000
  2.818E+06 2.820E+06 2.455E+00 2.105E-02 5.195E-01 2.237E-01 7.642E-01 3.220E+00 1.048E+06 10.4510 1.00000
  3.162E+06 3.164E+06 2.471E+00 2.405E-02 5.928E-01 2.529E-01 8.698E-01 3.341E+00 1.153E+06 10.6812 1.00000
  3.548E+06 3.550E+06 2.486E+00 2.747E-02 6.759E-01 2.861E-01 9.895E-01 3.476E+00 1.266E+06 10.9113 1.00000
  3.981E+06 3.983E+06 2.501E+00 3.136E-02 7.700E-01 3.238E-01 1.125E+00 3.627E+00 1.388E+06 11.1415 1.00000
  4.467E+06 4.469E+06 2.516E+00 3.580E-02 8.763E-01 3.668E-01 1.279E+00 3.795E+00 1.519E+06 11.3716 1.00000
  5.012E+06 5.014E+06 2.531E+00 4.085E-02 9.966E-01 4.157E-01 1.453E+00 3.984E+00 1.659E+06 11.6018 1.00000
  5.623E+06 5.625E+06 2.546E+00 4.661E-02 1.132E+00 4.713E-01 1.650E+00 4.196E+00 1.809E+06 11.8320 1.00000
  6.310E+06 6.311E+06 2.561E+00 5.315E-02 1.286E+00 5.347E-01 1.874E+00 4.434E+00 1.968E+06 12.0622 1.00000
  7.079E+06 7.081E+06 2.575E+00 6.059E-02 1.459E+00 6.069E-01 2.127E+00 4.702E+00 2.136E+06 12.2924 1.00000
  7.943E+06 7.945E+06 2.589E+00 6.905E-02 1.654E+00 6.891E-01 2.413E+00 5.002E+00 2.315E+06 12.5226 1.00000
  8.913E+06 8.914E+06 2.604E+00 7.868E-02 1.875E+00 7.829E-01 2.736E+00 5.340E+00 2.502E+06 12.7528 1.00000
  1.000E+07 1.000E+07 2.618E+00 8.961E-02 2.123E+00 8.897E-01 3.102E+00 5.720E+00 2.699E+06 12.9830 1.00000
  1.122E+07 1.122E+07 2.631E+00 1.020E-01 2.403E+00 1.011E+00 3.516E+00 6.148E+00 2.905E+06 13.2132 1.00000
  1.259E+07 1.259E+07 2.645E+00 1.161E-01 2.718E+00 1.150E+00 3.984E+00 6.630E+00 3.120E+06 13.4434 1.00000
  1.413E+07 1.413E+07 2.659E+00 1.322E-01 3.073E+00 1.308E+00 4.514E+00 7.173E+00 3.343E+06 13.6737 1.00000
  1.585E+07 1.585E+07 2.672E+00 1.503E-01 3.473E+00 1.489E+00 5.112E+00 7.784E+00 3.573E+06 13.9039 1.00000
  1.778E+07 1.778E+07 2.686E+00 1.710E-01 3.922E+00 1.695E+00 5.788E+00 8.474E+00 3.812E+06 14.1341 1.00000
  1.995E+07 1.995E+07 2.699E+00 1.944E-01 4.428E+00 1.930E+00 6.552E+00 9.251E+00 4.057E+06 14.3644 1.00000
  2.239E+07 2.239E+07 2.712E+00 2.209E-01 4.997E+00 2.197E+00 7.415E+00 1.013E+01 4.309E+06 14.5946 1.00000
  2.512E+07 2.512E+07 2.726E+00 2.510E-01 5.637E+00 2.503E+00 8.391E+00 1.112E+01 4.567E+06 14.8248 1.00000
  2.818E+07 2.819E+07 2.739E+00 2.851E-01 6.356E+00 2.852E+00 9.493E+00 1.223E+01 4.830E+06 15.0551 1.00000
  3.162E+07 3.162E+07 2.752E+00 3.238E-01 7.165E+00 3.249E+00 1.074E+01 1.349E+01 5.098E+06 15.2853 1.00000
  3.548E+07 3.548E+07 2.765E+00 3.675E-01 8.074E+00 3.704E+00 1.214E+01 1.491E+01 5.370E+06 15.5156 1.00000
  3.981E+07 3.981E+07 2.778E+00 4.171E-01 9.095E+00 4.222E+00 1.373E+01 1.651E+01 5.646E+06 15.7458 1.00000
  4.467E+07 4.467E+07 2.791E+00 4.732E-01 1.024E+01 4.813E+00 1.553E+01 1.832E+01 5.926E+06 15.9761 1.00000
  5.012E+07 5.012E+07 2.804E+00 5.367E-01 1.153E+01 5.488E+00 1.756E+01 2.036E+01 6.209E+06 16.2063 1.00000
  5.623E+07 5.624E+07 2.817E+00 6.085E-01 1.298E+01 6.259E+00 1.985E+01 2.267E+01 6.494E+06 16.4366 1.00000
  6.310E+07 6.310E+07 2.830E+00 6.897E-01 1.461E+01 7.139E+00 2.244E+01 2.527E+01 6.781E+06 16.6668 1.00000
  7.079E+07 7.080E+07 2.843E+00 7.816E-01 1.643E+01 8.144E+00 2.536E+01 2.820E+01 7.070E+06 16.8971 1.00000
  7.943E+07 7.943E+07 2.856E+00 8.854E-01 1.849E+01 9.291E+00 2.866E+01 3.152E+01 7.360E+06 17.1273 1.00000
  8.913E+07 8.913E+07 2.869E+00 1.003E+00 2.079E+01 1.060E+01 3.239E+01 3.526E+01 7.651E+06 17.3576 1.00000
  1.000E+08 1.000E+08 2.882E+00 1.135E+00 2.338E+01 1.210E+01 3.661E+01 3.949E+01 7.943E+06 17.5878 1.00000
  1.122E+08 1.122E+08 2.895E+00 1.285E+00 2.628E+01 1.380E+01 4.137E+01 4.427E+01 8.235E+06 17.8181 1.00000
  1.259E+08 1.259E+08 2.908E+00 1.454E+00 2.954E+01 1.576E+01 4.675E+01 4.966E+01 8.528E+06 18.0483 1.00000
  1.413E+08 1.413E+08 2.922E+00 1.644E+00 3.320E+01 1.798E+01 5.283E+01 5.575E+01 8.820E+06 18.2786 1.00000
  1.585E+08 1.585E+08 2.935E+00 1.859E+00 3.731E+01 2.053E+01 5.970E+01 6.263E+01 9.112E+06 18.5089 1.00000
  1.778E+08 1.778E+08 2.948E+00 2.102E+00 4.192E+01 2.344E+01 6.746E+01 7.041E+01 9.404E+06 18.7391 1.00000
  1.995E+08 1.995E+08 2.961E+00 2.376E+00 4.710E+01 2.676E+01 7.623E+01 7.919E+01 9.695E+06 18.9694 1.00000
  2.239E+08 2.239E+08 2.975E+00 2.684E+00 5.291E+01 3.055E+01 8.614E+01 8.912E+01 9.986E+06 19.1996 1.00000
  2.512E+08 2.512E+08 2.988E+00 3.032E+00 5.943E+01 3.489E+01 9.735E+01 1.003E+02 1.027E+07 19.4299 1.00000
  2.818E+08 2.818E+08 3.002E+00 3.424E+00 6.675E+01 3.984E+01 1.100E+02 1.130E+02 1.056E+07 19.6601 1.00000
  3.162E+08 3.162E+08 3.015E+00 3.866E+00 7.496E+01 4.550E+01 1.243E+02 1.273E+02 1.085E+07 19.8904 1.00000
  3.548E+08 3.548E+08 3.029E+00 4.364E+00 8.418E+01 5.197E+01 1.405E+02 1.435E+02 1.114E+07 20.1207 1.00000
  3.981E+08 3.981E+08 3.042E+00 4.924E+00 9.452E+01 5.936E+01 1.588E+02 1.618E+02 1.142E+07 20.3509 1.00000
  4.467E+08 4.467E+08 3.056E+00 5.555E+00 1.061E+02 6.780E+01 1.795E+02 1.825E+02 1.170E+07 20.5812 1.00000
  5.012E+08 5.012E+08 3.070E+00 6.265E+00 1.192E+02 7.745E+01 2.029E+02 2.059E+02 1.199E+07 20.8114 1.00000
  5.623E+08 5.623E+08 3.084E+00 7.064E+00 1.338E+02 8.848E+01 2.293E+02 2.324E+02 1.227E+07 21.0417 1.00000
  6.310E+08 6.310E+08 3.098E+00 7.964E+00 1.502E+02 1.011E+02 2.592E+02 2.623E+02 1.254E+07 21.2719 1.00000
  7.079E+08 7.079E+08 3.112E+00 8.976E+00 1.686E+02 1.155E+02 2.931E+02 2.962E+02 1.282E+07 21.5022 1.00000
  7.943E+08 7.943E+08 3.126E+00 1.011E+01 1.893E+02 1.320E+02 3.313E+02 3.345E+02 1.310E+07 21.7325 1.00000
  8.913E+08 8.913E+08 3.140E+00 1.140E+01 2.124E+02 1.508E+02 3.746E+02 3.778E+02 1.337E+07 21.9627 1.00000
  1.000E+09 1.000E+09 3.154E+00 1.284E+01 2.384E+02 1.723E+02 4.236E+02 4.268E+02 1.364E+07 22.1930 1.00000
  1.122E+09 1.122E+09 3.168E+00 1.445E+01 2.676E+02 1.969E+02 4.790E+02 4.822E+02 1.391E+07 22.4232 1.00000
  1.259E+09 1.259E+09 3.183E+00 1.627E+01 3.004E+02 2.251E+02 5.417E+02 5.449E+02 1.418E+07 22.6535 1.00000
  1.413E+09 1.413E+09 3.197E+00 1.832E+01 3.371E+02 2.573E+02 6.127E+02 6.159E+02 1.444E+07 22.8837 1.00000
  1.585E+09 1.585E+09 3.212E+00 2.062E+01 3.784E+02 2.941E+02 6.930E+02 6.962E+02 1.471E+07 23.1140 1.00000
  1.778E+09 1.778E+09 3.226E+00 2.320E+01 4.246E+02 3.361E+02 7.839E+02 7.872E+02 1.497E+07 23.3443 1.00000
  1.995E+09 1.995E+09 3.241E+00 2.611E+01 4.765E+02 3.842E+02 8.869E+02 8.901E+02 1.523E+07 23.5745 1.00000
  2.239E+09 2.239E+09 3.256E+00 2.937E+01 5.348E+02 4.393E+02 1.003E+03 1.007E+03 1.549E+07 23.8048 1.00000
  2.512E+09 2.512E+09 3.270E+00 3.304E+01 6.001E+02 5.022E+02 1.135E+03 1.139E+03 1.574E+07 24.0350 1.00000
  2.818E+09 2.818E+09 3.285E+00 3.715E+01 6.735E+02 5.742E+02 1.285E+03 1.288E+03 1.599E+07 24.2653 1.00000
  3.162E+09 3.162E+09 3.300E+00 4.178E+01 7.557E+02 6.565E+02 1.454E+03 1.457E+03 1.625E+07 24.4956 1.00000
  3.548E+09 3.548E+09 3.315E+00 4.697E+01 8.481E+02 7.507E+02 1.646E+03 1.649E+03 1.650E+07 24.7258 1.00000
  3.981E+09 3.981E+09 3.330E+00 5.281E+01 9.517E+02 8.584E+02 1.863E+03 1.866E+03 1.674E+07 24.9561 1.00000
  4.467E+09 4.467E+09 3.346E+00 5.936E+01 1.068E+03 9.816E+02 2.109E+03 2.112E+03 1.699E+07 25.1863 1.00000
  5.012E+09 5.012E+09 3.361E+00 6.671E+01 1.198E+03 1.123E+03 2.388E+03 2.391E+03 1.723E+07 25.4166 1.00000
  5.623E+09 5.623E+09 3.376E+00 7.497E+01 1.345E+03 1.284E+03 2.703E+03 2.707E+03 1.747E+07 25.6468 1.00000
  6.310E+09 6.310E+09 3.392E+00 8.424E+01 1.509E+03 1.468E+03 3.061E+03 3.065E+03 1.771E+07 25.8771 1.00000
  7.079E+09 7.079E+09 3.408E+00 9.465E+01 1.693E+03 1.680E+03 3.467E+03 3.471E+03 1.795E+07 26.1074 1.00000
  7.943E+09 7.943E+09 3.423E+00 1.063E+02 1.900E+03 1.921E+03 3.927E+03 3.931E+03 1.818E+07 26.3376 1.00000
  8.913E+09 8.913E+09 3.439E+00 1.195E+02 2.132E+03 2.198E+03 4.449E+03 4.452E+03 1.841E+07 26.5679 1.00000
  1.000E+10 1.000E+10 3.455E+00 1.342E+02 2.392E+03 2.514E+03 5.040E+03 5.044E+03 1.864E+07 26.7981 1.00000
  1.122E+10 1.122E+10 3.471E+00 1.507E+02 2.684E+03 2.876E+03 5.711E+03 5.714E+03 1.887E+07 27.0284 1.00000
  1.259E+10 1.259E+10 3.487E+00 1.693E+02 3.011E+03 3.291E+03 6.471E+03 6.475E+03 1.910E+07 27.2587 1.00000
  1.413E+10 1.413E+10 3.503E+00 1.901E+02 3.379E+03 3.765E+03 7.334E+03 7.338E+03 1.932E+07 27.4889 1.00000
  1.585E+10 1.585E+10 3.519E+00 2.135E+02 3.791E+03 4.308E+03 8.313E+03 8.317E+03 1.954E+07 27.7192 1.00000
  1.778E+10 1.778E+10 3.535E+00 2.397E+02 4.254E+03 4.930E+03 9.424E+03 9.427E+03 1.976E+07 27.9494 1.00000
  1.995E+10 1.995E+10 3.552E+00 2.691E+02 4.773E+03 5.642E+03 1.068E+04 1.069E+04 1.998E+07 28.1797 1.00000
  2.239E+10 2.239E+10 3.568E+00 3.022E+02 5.355E+03 6.456E+03 1.211E+04 1.212E+04 2.019E+07 28.4100 1.00000
  2.512E+10 2.512E+10 3.585E+00 3.393E+02 6.009E+03 7.389E+03 1.374E+04 1.374E+04 2.040E+07 28.6402 1.00000
  2.818E+10 2.818E+10 3.602E+00 3.809E+02 6.742E+03 8.457E+03 1.558E+04 1.558E+04 2.061E+07 28.8705 1.00000
  3.162E+10 3.162E+10 3.618E+00 4.276E+02 7.565E+03 9.680E+03 1.767E+04 1.768E+04 2.082E+07 29.1007 1.00000
  3.548E+10 3.548E+10 3.635E+00 4.800E+02 8.487E+03 1.108E+04 2.005E+04 2.005E+04 2.103E+07 29.3310 1.00000
  3.981E+10 3.981E+10 3.652E+00 5.388E+02 9.523E+03 1.268E+04 2.275E+04 2.275E+04 2.123E+07 29.5612 1.00000
  4.467E+10 4.467E+10 3.669E+00 6.048E+02 1.068E+04 1.452E+04 2.581E+04 2.581E+04 2.143E+07 29.7915 1.00000
  5.012E+10 5.012E+10 3.686E+00 6.789E+02 1.199E+04 1.662E+04 2.929E+04 2.929E+04 2.163E+07 30.0218 1.00000
  5.623E+10 5.623E+10 3.704E+00 7.620E+02 1.345E+04 1.903E+04 3.324E+04 3.325E+04 2.182E+07 30.2520 1.00000
  6.310E+10 6.310E+10 3.721E+00 8.552E+02 1.509E+04 2.179E+04 3.774E+04 3.774E+04 2.202E+07 30.4823 1.00000
  7.079E+10 7.079E+10 3.738E+00 9.598E+02 1.693E+04 2.495E+04 4.284E+04 4.285E+04 2.221E+07 30.7125 1.00000
  7.943E+10 7.943E+10 3.756E+00 1.077E+03 1.900E+04 2.857E+04 4.864E+04 4.865E+04 2.240E+07 30.9428 1.00000
  8.913E+10 8.913E+10 3.774E+00 1.209E+03 2.132E+04 3.271E+04 5.524E+04 5.524E+04 2.259E+07 31.1731 1.00000
  1.000E+11 1.000E+11 3.791E+00 1.357E+03 2.392E+04 3.746E+04 6.274E+04 6.274E+04 2.277E+07 31.4033 1.00000
  1.122E+11 1.122E+11 3.809E+00 1.523E+03 2.684E+04 4.290E+04 7.126E+04 7.127E+04 2.296E+07 31.6336 1.00000
  1.259E+11 1.259E+11 3.827E+00 1.709E+03 3.011E+04 4.914E+04 8.096E+04 8.096E+04 2.314E+07 31.8638 1.00000
  1.413E+11 1.413E+11 3.845E+00 1.918E+03 3.378E+04 5.628E+04 9.198E+04 9.199E+04 2.331E+07 32.0941 1.00000
  1.585E+11 1.585E+11 3.863E+00 2.152E+03 3.790E+04 6.447E+04 1.045E+05 1.045E+05 2.349E+07 32.3243 1.00000
  1.778E+11 1.778E+11 3.882E+00 2.415E+03 4.253E+04 7.385E+04 1.188E+05 1.188E+05 2.366E+07 32.5546 1.00000
  1.995E+11 1.995E+11 3.900E+00 2.710E+03 4.772E+04 8.459E+04 1.350E+05 1.350E+05 2.384E+07 32.7849 1.00000
  2.239E+11 2.239E+11 3.918E+00 3.041E+03 5.354E+04 9.691E+04 1.535E+05 1.535E+05 2.401E+07 33.0151 1.00000
  2.512E+11 2.512E+11 3.937E+00 3.413E+03 6.007E+04 1.110E+05 1.745E+05 1.745E+05 2.417E+07 33.2454 1.00000
  2.818E+11 2.818E+11 3.956E+00 3.829E+03 6.740E+04 1.272E+05 1.984E+05 1.984E+05 2.434E+07 33.4756 1.00000
  3.162E+11 3.162E+11 3.974E+00 4.297E+03 7.562E+04 1.457E+05 2.257E+05 2.257E+05 2.450E+07 33.7059 1.00000
  3.548E+11 3.548E+11 3.993E+00 4.822E+03 8.484E+04 1.670E+05 2.567E+05 2.567E+05 2.466E+07 33.9362 1.00000
  3.981E+11 3.981E+11 4.012E+00 5.410E+03 9.519E+04 1.914E+05 2.920E+05 2.920E+05 2.482E+07 34.1664 1.00000
  4.467E+11 4.467E+11 4.031E+00 6.071E+03 1.068E+05 2.193E+05 3.322E+05 3.322E+05 2.498E+07 34.3967 1.00000
  5.012E+11 5.012E+11 4.051E+00 6.812E+03 1.198E+05 2.513E+05 3.780E+05 3.780E+05 2.513E+07 34.6269 1.00000
  5.623E+11 5.623E+11 4.070E+00 7.644E+03 1.344E+05 2.880E+05 4.301E+05 4.301E+05 2.528E+07 34.8572 1.00000
  6.310E+11 6.310E+11 4.089E+00 8.577E+03 1.508E+05 3.301E+05 4.896E+05 4.896E+05 2.543E+07 35.0874 1.00000
  7.079E+11 7.079E+11 4.109E+00 9.624E+03 1.692E+05 3.784E+05 5.573E+05 5.573E+05 2.558E+07 35.3177 1.00000
  7.943E+11 7.943E+11 4.128E+00 1.080E+04 1.899E+05 4.337E+05 6.344E+05 6.344E+05 2.573E+07 35.5480 1.00000
  8.913E+11 8.913E+11 4.148E+00 1.212E+04 2.131E+05 4.972E+05 7.224E+05 7.224E+05 2.587E+07 35.7782 1.00000
  1.000E+12 1.000E+12 4.168E+00 1.360E+04 2.390E+05 5.700E+05 8.226E+05 8.226E+05 2.601E+07 36.0085 1.00000
  1.122E+12 1.122E+12 4.188E+00 1.526E+04 2.682E+05 6.534E+05 9.369E+05 9.369E+05 2.615E+07 36.2387 1.00000
  1.259E+12 1.259E+12 4.208E+00 1.712E+04 3.009E+05 7.491E+05 1.067E+06 1.067E+06 2.629E+07 36.4690 1.00000
  1.413E+12 1.413E+12 4.228E+00 1.921E+04 3.376E+05 8.589E+05 1.216E+06 1.216E+06 2.642E+07 36.6993 1.00000
  1.585E+12 1.585E+12 4.248E+00 2.155E+04 3.788E+05 9.849E+05 1.385E+06 1.385E+06 2.656E+07 36.9295 1.00000
  1.778E+12 1.778E+12 4.269E+00 2.418E+04 4.250E+05 1.129E+06 1.578E+06 1.578E+06 2.669E+07 37.1598 1.00000
  1.995E+12 1.995E+12 4.289E+00 2.713E+04 4.768E+05 1.295E+06 1.799E+06 1.799E+06 2.682E+07 37.3900 1.00000
  2.239E+12 2.239E+12 4.310E+00 3.044E+04 5.350E+05 1.485E+06 2.050E+06 2.050E+06 2.694E+07 37.6203 1.00000
  2.512E+12 2.512E+12 4.331E+00 3.416E+04 6.002E+05 1.703E+06 2.338E+06 2.338E+06 2.707E+07 37.8505 1.00000
  2.818E+12 2.818E+12 4.352E+00 3.833E+04 6.735E+05 1.953E+06 2.665E+06 2.665E+06 2.719E+07 38.0808 1.00000
  3.162E+12 3.162E+12 4.373E+00 4.300E+04 7.556E+05 2.240E+06 3.039E+06 3.039E+06 2.731E+07 38.3111 1.00000
  3.548E+12 3.548E+12 4.394E+00 4.825E+04 8.478E+05 2.570E+06 3.466E+06 3.466E+06 2.743E+07 38.5413 1.00000
  3.981E+12 3.981E+12 4.415E+00 5.414E+04 9.512E+05 2.948E+06 3.953E+06 3.953E+06 2.755E+07 38.7716 1.00000
  4.467E+12 4.467E+12 4.436E+00 6.074E+04 1.067E+06 3.381E+06 4.509E+06 4.509E+06 2.766E+07 39.0018 1.00000
  5.012E+12 5.012E+12 4.458E+00 6.816E+04 1.197E+06 3.879E+06 5.144E+06 5.144E+06 2.778E+07 39.2321 1.00000
  5.623E+12 5.623E+12 4.479E+00 7.647E+04 1.343E+06 4.450E+06 5.870E+06 5.870E+06 2.789E+07 39.4624 1.00000
  6.310E+12 6.310E+12 4.501E+00 8.580E+04 1.507E+06 5.105E+06 6.698E+06 6.698E+06 2.800E+07 39.6926 1.00000
  7.079E+12 7.079E+12 4.523E+00 9.627E+04 1.691E+06 5.858E+06 7.645E+06 7.645E+06 2.811E+07 39.9229 1.00000
  7.943E+12 7.943E+12 4.545E+00 1.080E+05 1.897E+06 6.721E+06 8.726E+06 8.726E+06 2.821E+07 40.1531 1.00000
  8.913E+12 8.913E+12 4.567E+00 1.212E+05 2.129E+06 7.712E+06 9.962E+06 9.962E+06 2.832E+07 40.3834 1.00000
  1.000E+13 1.000E+13 4.589E+00 1.360E+05 2.388E+06 8.850E+06 1.137E+07 1.137E+07 2.842E+07 40.6137 1.00000
  1.122E+13 1.122E+13 4.611E+00 1.526E+05 2.680E+06 1.016E+07 1.299E+07 1.299E+07 2.852E+07 40.8439 1.00000
  1.259E+13 1.259E+13 4.633E+00 1.712E+05 3.006E+06 1.166E+07 1.483E+07 1.483E+07 2.862E+07 41.0742 1.00000
  1.413E+13 1.413E+13 4.656E+00 1.921E+05 3.373E+06 1.338E+07 1.694E+07 1.694E+07 2.871E+07 41.3044 1.00000
  1.585E+13 1.585E+13 4.679E+00 2.155E+05 3.784E+06 1.535E+07 1.935E+07 1.935E+07 2.881E+07 41.5347 1.00000
  1.778E+13 1.778E+13 4.701E+00 2.418E+05 4.246E+06 1.762E+07 2.211E+07 2.211E+07 2.890E+07 41.7649 1.00000
  1.995E+13 1.995E+13 4.724E+00 2.713E+05 4.764E+06 2.023E+07 2.526E+07 2.526E+07 2.900E+07 41.9952 1.00000
  2.239E+13 2.239E+13 4.747E+00 3.045E+05 5.345E+06 2.322E+07 2.887E+07 2.887E+07 2.909E+07 42.2255 1.00000
  2.512E+13 2.512E+13 4.770E+00 3.416E+05 5.997E+06 2.665E+07 3.299E+07 3.299E+07 2.918E+07 42.4557 1.00000
  2.818E+13 2.818E+13 4.794E+00 3.833E+05 6.728E+06 3.060E+07 3.771E+07 3.771E+07 2.926E+07 42.6860 1.00000
  3.162E+13 3.162E+13 4.817E+00 4.301E+05 7.549E+06 3.513E+07 4.311E+07 4.311E+07 2.935E+07 42.9162 1.00000
  3.548E+13 3.548E+13 4.840E+00 4.825E+05 8.469E+06 4.034E+07 4.929E+07 4.929E+07 2.943E+07 43.1465 1.00000
  3.981E+13 3.981E+13 4.864E+00 5.414E+05 9.502E+06 4.631E+07 5.636E+07 5.636E+07 2.951E+07 43.3768 1.00000
  4.467E+13 4.467E+13 4.888E+00 6.075E+05 1.066E+07 5.318E+07 6.445E+07 6.445E+07 2.959E+07 43.6070 1.00000
  5.012E+13 5.012E+13 4.912E+00 6.816E+05 1.196E+07 6.106E+07 7.371E+07 7.371E+07 2.967E+07 43.8373 1.00000
  5.623E+13 5.623E+13 4.936E+00 7.648E+05 1.342E+07 7.012E+07 8.431E+07 8.431E+07 2.975E+07 44.0675 1.00000
  6.310E+13 6.310E+13 4.960E+00 8.581E+05 1.506E+07 8.053E+07 9.644E+07 9.644E+07 2.983E+07 44.2978 1.00000
  7.079E+13 7.079E+13 4.984E+00 9.628E+05 1.689E+07 9.248E+07 1.103E+08 1.103E+08 2.990E+07 44.5280 1.00000
  7.943E+13 7.943E+13 5.008E+00 1.080E+06 1.895E+07 1.062E+08 1.262E+08 1.262E+08 2.998E+07 44.7583 1.00000
  8.913E+13 8.913E+13 5.033E+00 1.212E+06 2.126E+07 1.220E+08 1.445E+08 1.445E+08 3.005E+07 44.9886 1.00000
  1.000E+14 1.000E+14 5.058E+00 1.360E+06 2.386E+07 1.401E+08 1.653E+08 1.653E+08 3.012E+07 45.2188 1.00000
  1.122E+14 1.122E+14 5.082E+00 1.526E+06 2.677E+07 1.610E+08 1.892E+08 1.892E+08 3.019E+07 45.4491 1.00000
  1.259E+14 1.259E+14 5.107E+00 1.712E+06 3.003E+07 1.849E+08 2.166E+08 2.166E+08 3.026E+07 45.6793 1.00000
  1.413E+14 1.413E+14 5.132E+00 1.921E+06 3.369E+07 2.124E+08 2.480E+08 2.480E+08 3.032E+07 45.9096 1.00000
  1.585E+14 1.585E+14 5.158E+00 2.155E+06 3.780E+07 2.440E+08 2.840E+08 2.840E+08 3.039E+07 46.1399 1.00000
  1.778E+14 1.778E+14 5.183E+00 2.418E+06 4.241E+07 2.803E+08 3.252E+08 3.252E+08 3.045E+07 46.3701 1.00000
  1.995E+14 1.995E+14 5.208E+00 2.714E+06 4.758E+07 3.221E+08 3.724E+08 3.724E+08 3.051E+07 46.6004 1.00000
  2.239E+14 2.239E+14 5.234E+00 3.045E+06 5.339E+07 3.701E+08 4.265E+08 4.265E+08 3.057E+07 46.8306 1.00000
  2.512E+14 2.512E+14 5.260E+00 3.416E+06 5.990E+07 4.252E+08 4.885E+08 4.885E+08 3.063E+07 47.0609 1.00000
  2.818E+14 2.818E+14 5.285E+00 3.833E+06 6.720E+07 4.886E+08 5.596E+08 5.596E+08 3.069E+07 47.2911 1.00000
  3.162E+14 3.162E+14 5.311E+00 4.301E+06 7.540E+07 5.615E+08 6.411E+08 6.411E+08 3.075E+07 47.5214 1.00000
  3.548E+14 3.548E+14 5.338E+00 4.825E+06 8.459E+07 6.452E+08 7.346E+08 7.346E+08 3.081E+07 47.7517 1.00000
  3.981E+14 3.981E+14 5.364E+00 5.414E+06 9.490E+07 7.415E+08 8.418E+08 8.418E+08 3.086E+07 47.9819 1.00000
  4.467E+14 4.467E+14 5.390E+00 6.075E+06 1.065E+08 8.522E+08 9.647E+08 9.647E+08 3.092E+07 48.2122 1.00000
  5.012E+14 5.012E+14 5.417E+00 6.816E+06 1.195E+08 9.794E+08 1.106E+09 1.106E+09 3.097E+07 48.4424 1.00000
  5.623E+14 5.623E+14 5.443E+00 7.648E+06 1.340E+08 1.126E+09 1.267E+09 1.267E+09 3.102E+07 48.6727 1.00000
  6.310E+14 6.310E+14 5.470E+00 8.581E+06 1.504E+08 1.294E+09 1.453E+09 1.453E+09 3.107E+07 48.9030 1.00000
  7.079E+14 7.079E+14 5.497E+00 9.628E+06 1.687E+08 1.487E+09 1.666E+09 1.666E+09 3.112E+07 49.1332 1.00000
  7.943E+14 7.943E+14 5.524E+00 1.080E+07 1.893E+08 1.710E+09 1.910E+09 1.910E+09 3.117E+07 49.3635 1.00000
  8.913E+14 8.913E+14 5.552E+00 1.212E+07 2.124E+08 1.966E+09 2.190E+09 2.190E+09 3.122E+07 49.5937 1.00000
  1.000E+15 1.000E+15 5.579E+00 1.360E+07 2.383E+08 2.260E+09 2.511E+09 2.511E+09 3.126E+07 49.8240 1.00000
