 Incident particle is a Tau with M = 1776.82000 MeV
 Index = 0: Zinc
      Absorber with <Z/A> = 0.45886
 Density effect computed following Fano (1963)
 Models for Radloss: brems =  SSR, pair =  SSR, photonuc = DRSS

 *** Table generated with PUMAS v1.1 ***

      T         p     Ionization  brems     pair     photonuc  Radloss    dE/dx   CSDA Range  delta   beta
    [MeV]    [MeV/c]  -----------------------[MeV cm^2/g]------------------------  [g/cm^2]
  1.000E+05 1.018E+05 1.864E+00 1.178E-04 8.017E-03 6.359E-03 1.449E-02 1.878E+00 2.662E+04  3.9582 0.99985
  1.122E+05 1.140E+05 1.884E+00 1.428E-04 9.616E-03 7.182E-03 1.694E-02 1.900E+00 3.308E+04  4.1335 0.99988
  1.259E+05 1.277E+05 1.903E+00 1.730E-04 1.150E-02 8.094E-03 1.977E-02 1.923E+00 4.024E+04  4.3129 0.99990
  1.413E+05 1.430E+05 1.923E+00 2.090E-04 1.371E-02 9.096E-03 2.302E-02 1.946E+00 4.818E+04  4.4966 0.99992
  1.585E+05 1.603E+05 1.942E+00 2.522E-04 1.631E-02 1.023E-02 2.679E-02 1.969E+00 5.699E+04  4.6844 0.99994
  1.778E+05 1.796E+05 1.962E+00 3.038E-04 1.934E-02 1.148E-02 3.113E-02 1.993E+00 6.675E+04  4.8761 0.99995
  1.995E+05 2.013E+05 1.981E+00 3.651E-04 2.289E-02 1.289E-02 3.615E-02 2.017E+00 7.757E+04  5.0714 0.99996
  2.239E+05 2.256E+05 1.999E+00 4.381E-04 2.702E-02 1.446E-02 4.192E-02 2.041E+00 8.957E+04  5.2700 0.99997
  2.512E+05 2.530E+05 2.018E+00 5.246E-04 3.183E-02 1.619E-02 4.855E-02 2.066E+00 1.029E+05  5.4715 0.99998
  2.818E+05 2.836E+05 2.036E+00 6.271E-04 3.743E-02 1.815E-02 5.620E-02 2.093E+00 1.176E+05  5.6755 0.99998
  3.162E+05 3.180E+05 2.055E+00 7.481E-04 4.392E-02 2.035E-02 6.501E-02 2.120E+00 1.339E+05  5.8819 0.99998
  3.548E+05 3.566E+05 2.073E+00 8.908E-04 5.143E-02 2.280E-02 7.512E-02 2.148E+00 1.520E+05  6.0902 0.99999
  3.981E+05 3.999E+05 2.091E+00 1.059E-03 6.013E-02 2.553E-02 8.672E-02 2.177E+00 1.720E+05  6.3003 0.99999
  4.467E+05 4.485E+05 2.109E+00 1.256E-03 7.017E-02 2.861E-02 1.000E-01 2.209E+00 1.942E+05  6.5119 0.99999
  5.012E+05 5.030E+05 2.126E+00 1.488E-03 8.176E-02 3.203E-02 1.153E-01 2.242E+00 2.187E+05  6.7250 0.99999
  5.623E+05 5.641E+05 2.144E+00 1.759E-03 9.510E-02 3.590E-02 1.328E-01 2.277E+00 2.457E+05  6.9395 1.00000
  6.310E+05 6.327E+05 2.162E+00 2.077E-03 1.104E-01 4.026E-02 1.528E-01 2.314E+00 2.756E+05  7.1552 1.00000
  7.079E+05 7.097E+05 2.179E+00 2.447E-03 1.281E-01 4.517E-02 1.757E-01 2.355E+00 3.086E+05  7.3722 1.00000
  7.943E+05 7.961E+05 2.196E+00 2.879E-03 1.483E-01 5.068E-02 2.019E-01 2.398E+00 3.450E+05  7.5903 1.00000
  8.913E+05 8.930E+05 2.213E+00 3.382E-03 1.715E-01 5.688E-02 2.318E-01 2.445E+00 3.850E+05  7.8097 1.00000
  1.000E+06 1.002E+06 2.230E+00 3.967E-03 1.981E-01 6.390E-02 2.659E-01 2.496E+00 4.290E+05  8.0302 1.00000
  1.122E+06 1.124E+06 2.247E+00 4.648E-03 2.284E-01 7.179E-02 3.049E-01 2.552E+00 4.773E+05  8.2519 1.00000
  1.259E+06 1.261E+06 2.264E+00 5.436E-03 2.631E-01 8.075E-02 3.493E-01 2.613E+00 5.304E+05  8.4746 1.00000
  1.413E+06 1.414E+06 2.280E+00 6.350E-03 3.027E-01 9.085E-02 3.999E-01 2.680E+00 5.884E+05  8.6984 1.00000
  1.585E+06 1.587E+06 2.296E+00 7.410E-03 3.478E-01 1.023E-01 4.575E-01 2.754E+00 6.518E+05  8.9231 1.00000
  1.778E+06 1.780E+06 2.312E+00 8.634E-03 3.992E-01 1.152E-01 5.231E-01 2.836E+00 7.210E+05  9.1487 1.00000
  1.995E+06 1.997E+06 2.328E+00 1.005E-02 4.577E-01 1.299E-01 5.977E-01 2.926E+00 7.964E+05  9.3750 1.00000
  2.239E+06 2.240E+06 2.344E+00 1.168E-02 5.242E-01 1.466E-01 6.824E-01 3.027E+00 8.782E+05  9.6019 1.00000
  2.512E+06 2.514E+06 2.360E+00 1.356E-02 5.997E-01 1.654E-01 7.787E-01 3.138E+00 9.668E+05  9.8295 1.00000
  2.818E+06 2.820E+06 2.375E+00 1.574E-02 6.854E-01 1.869E-01 8.880E-01 3.263E+00 1.063E+06 10.0575 1.00000
  3.162E+06 3.164E+06 2.390E+00 1.824E-02 7.826E-01 2.112E-01 1.012E+00 3.403E+00 1.166E+06 10.2859 1.00000
  3.548E+06 3.550E+06 2.406E+00 2.111E-02 8.928E-01 2.388E-01 1.153E+00 3.558E+00 1.277E+06 10.5147 1.00000
  3.981E+06 3.983E+06 2.421E+00 2.441E-02 1.018E+00 2.702E-01 1.312E+00 3.733E+00 1.395E+06 10.7437 1.00000
  4.467E+06 4.469E+06 2.435E+00 2.820E-02 1.159E+00 3.059E-01 1.493E+00 3.928E+00 1.522E+06 10.9730 1.00000
  5.012E+06 5.014E+06 2.450E+00 3.255E-02 1.318E+00 3.465E-01 1.697E+00 4.147E+00 1.657E+06 11.2024 1.00000
  5.623E+06 5.625E+06 2.464E+00 3.756E-02 1.499E+00 3.927E-01 1.929E+00 4.394E+00 1.801E+06 11.4320 1.00000
  6.310E+06 6.311E+06 2.479E+00 4.330E-02 1.703E+00 4.453E-01 2.192E+00 4.670E+00 1.952E+06 11.6617 1.00000
  7.079E+06 7.081E+06 2.493E+00 4.987E-02 1.933E+00 5.052E-01 2.488E+00 4.981E+00 2.112E+06 11.8916 1.00000
  7.943E+06 7.945E+06 2.507E+00 5.740E-02 2.193E+00 5.733E-01 2.824E+00 5.331E+00 2.279E+06 12.1215 1.00000
  8.913E+06 8.914E+06 2.521E+00 6.601E-02 2.487E+00 6.510E-01 3.204E+00 5.724E+00 2.455E+06 12.3515 1.00000
  1.000E+07 1.000E+07 2.535E+00 7.585E-02 2.817E+00 7.395E-01 3.633E+00 6.167E+00 2.638E+06 12.5815 1.00000
  1.122E+07 1.122E+07 2.548E+00 8.710E-02 3.190E+00 8.403E-01 4.118E+00 6.666E+00 2.828E+06 12.8116 1.00000
  1.259E+07 1.259E+07 2.562E+00 9.995E-02 3.610E+00 9.553E-01 4.665E+00 7.227E+00 3.025E+06 13.0417 1.00000
  1.413E+07 1.413E+07 2.575E+00 1.146E-01 4.084E+00 1.086E+00 5.285E+00 7.860E+00 3.229E+06 13.2718 1.00000
  1.585E+07 1.585E+07 2.588E+00 1.313E-01 4.617E+00 1.236E+00 5.984E+00 8.572E+00 3.439E+06 13.5020 1.00000
  1.778E+07 1.778E+07 2.601E+00 1.504E-01 5.217E+00 1.406E+00 6.773E+00 9.375E+00 3.654E+06 13.7321 1.00000
  1.995E+07 1.995E+07 2.615E+00 1.721E-01 5.892E+00 1.601E+00 7.665E+00 1.028E+01 3.875E+06 13.9623 1.00000
  2.239E+07 2.239E+07 2.628E+00 1.969E-01 6.652E+00 1.822E+00 8.671E+00 1.130E+01 4.101E+06 14.1925 1.00000
  2.512E+07 2.512E+07 2.641E+00 2.251E-01 7.507E+00 2.076E+00 9.807E+00 1.245E+01 4.331E+06 14.4227 1.00000
  2.818E+07 2.819E+07 2.653E+00 2.572E-01 8.468E+00 2.364E+00 1.109E+01 1.374E+01 4.566E+06 14.6530 1.00000
  3.162E+07 3.162E+07 2.666E+00 2.937E-01 9.549E+00 2.694E+00 1.254E+01 1.520E+01 4.804E+06 14.8832 1.00000
  3.548E+07 3.548E+07 2.679E+00 3.353E-01 1.076E+01 3.070E+00 1.417E+01 1.685E+01 5.045E+06 15.1134 1.00000
  3.981E+07 3.981E+07 2.692E+00 3.825E-01 1.213E+01 3.500E+00 1.601E+01 1.871E+01 5.288E+06 15.3437 1.00000
  4.467E+07 4.467E+07 2.705E+00 4.361E-01 1.367E+01 3.990E+00 1.809E+01 2.080E+01 5.534E+06 15.5739 1.00000
  5.012E+07 5.012E+07 2.717E+00 4.970E-01 1.539E+01 4.551E+00 2.044E+01 2.316E+01 5.783E+06 15.8041 1.00000
  5.623E+07 5.624E+07 2.730E+00 5.661E-01 1.733E+01 5.190E+00 2.309E+01 2.582E+01 6.033E+06 16.0344 1.00000
  6.310E+07 6.310E+07 2.743E+00 6.445E-01 1.951E+01 5.920E+00 2.607E+01 2.882E+01 6.284E+06 16.2646 1.00000
  7.079E+07 7.080E+07 2.756E+00 7.333E-01 2.196E+01 6.755E+00 2.944E+01 3.220E+01 6.537E+06 16.4949 1.00000
  7.943E+07 7.943E+07 2.768E+00 8.341E-01 2.470E+01 7.707E+00 3.325E+01 3.601E+01 6.790E+06 16.7251 1.00000
  8.913E+07 8.913E+07 2.781E+00 9.481E-01 2.779E+01 8.796E+00 3.754E+01 4.032E+01 7.045E+06 16.9554 1.00000
  1.000E+08 1.000E+08 2.794E+00 1.077E+00 3.126E+01 1.004E+01 4.237E+01 4.517E+01 7.299E+06 17.1856 1.00000
  1.122E+08 1.122E+08 2.807E+00 1.224E+00 3.515E+01 1.146E+01 4.783E+01 5.064E+01 7.554E+06 17.4159 1.00000
  1.259E+08 1.259E+08 2.820E+00 1.389E+00 3.952E+01 1.308E+01 5.399E+01 5.681E+01 7.809E+06 17.6461 1.00000
  1.413E+08 1.413E+08 2.833E+00 1.576E+00 4.443E+01 1.494E+01 6.094E+01 6.377E+01 8.064E+06 17.8764 1.00000
  1.585E+08 1.585E+08 2.846E+00 1.788E+00 4.994E+01 1.706E+01 6.878E+01 7.163E+01 8.319E+06 18.1066 1.00000
  1.778E+08 1.778E+08 2.858E+00 2.027E+00 5.612E+01 1.948E+01 7.763E+01 8.049E+01 8.574E+06 18.3369 1.00000
  1.995E+08 1.995E+08 2.872E+00 2.297E+00 6.306E+01 2.225E+01 8.761E+01 9.048E+01 8.828E+06 18.5672 1.00000
  2.239E+08 2.239E+08 2.885E+00 2.602E+00 7.086E+01 2.541E+01 9.887E+01 1.018E+02 9.082E+06 18.7974 1.00000
  2.512E+08 2.512E+08 2.898E+00 2.946E+00 7.960E+01 2.903E+01 1.116E+02 1.145E+02 9.335E+06 19.0277 1.00000
  2.818E+08 2.818E+08 2.911E+00 3.334E+00 8.942E+01 3.317E+01 1.259E+02 1.288E+02 9.587E+06 19.2579 1.00000
  3.162E+08 3.162E+08 2.924E+00 3.773E+00 1.004E+02 3.789E+01 1.421E+02 1.450E+02 9.838E+06 19.4882 1.00000
  3.548E+08 3.548E+08 2.937E+00 4.267E+00 1.128E+02 4.330E+01 1.604E+02 1.633E+02 1.009E+07 19.7184 1.00000
  3.981E+08 3.981E+08 2.951E+00 4.824E+00 1.267E+02 4.948E+01 1.810E+02 1.839E+02 1.034E+07 19.9487 1.00000
  4.467E+08 4.467E+08 2.964E+00 5.452E+00 1.423E+02 5.654E+01 2.043E+02 2.072E+02 1.059E+07 20.1790 1.00000
  5.012E+08 5.012E+08 2.978E+00 6.160E+00 1.598E+02 6.462E+01 2.305E+02 2.335E+02 1.083E+07 20.4092 1.00000
  5.623E+08 5.623E+08 2.991E+00 6.957E+00 1.794E+02 7.386E+01 2.602E+02 2.632E+02 1.108E+07 20.6395 1.00000
  6.310E+08 6.310E+08 3.005E+00 7.855E+00 2.014E+02 8.443E+01 2.937E+02 2.967E+02 1.133E+07 20.8697 1.00000
  7.079E+08 7.079E+08 3.019E+00 8.866E+00 2.261E+02 9.652E+01 3.315E+02 3.345E+02 1.157E+07 21.1000 1.00000
  7.943E+08 7.943E+08 3.032E+00 1.000E+01 2.538E+02 1.103E+02 3.742E+02 3.772E+02 1.181E+07 21.3302 1.00000
  8.913E+08 8.913E+08 3.046E+00 1.129E+01 2.849E+02 1.261E+02 4.224E+02 4.254E+02 1.206E+07 21.5605 1.00000
  1.000E+09 1.000E+09 3.060E+00 1.273E+01 3.199E+02 1.442E+02 4.768E+02 4.799E+02 1.230E+07 21.7908 1.00000
  1.122E+09 1.122E+09 3.074E+00 1.435E+01 3.590E+02 1.649E+02 5.383E+02 5.414E+02 1.254E+07 22.0210 1.00000
  1.259E+09 1.259E+09 3.088E+00 1.617E+01 4.030E+02 1.886E+02 6.078E+02 6.108E+02 1.277E+07 22.2513 1.00000
  1.413E+09 1.413E+09 3.102E+00 1.822E+01 4.523E+02 2.157E+02 6.862E+02 6.893E+02 1.301E+07 22.4815 1.00000
  1.585E+09 1.585E+09 3.117E+00 2.053E+01 5.077E+02 2.467E+02 7.749E+02 7.780E+02 1.325E+07 22.7118 1.00000
  1.778E+09 1.778E+09 3.131E+00 2.312E+01 5.698E+02 2.821E+02 8.750E+02 8.782E+02 1.348E+07 22.9421 1.00000
  1.995E+09 1.995E+09 3.145E+00 2.603E+01 6.395E+02 3.227E+02 9.882E+02 9.913E+02 1.371E+07 23.1723 1.00000
  2.239E+09 2.239E+09 3.160E+00 2.931E+01 7.177E+02 3.691E+02 1.116E+03 1.119E+03 1.394E+07 23.4026 1.00000
  2.512E+09 2.512E+09 3.174E+00 3.299E+01 8.054E+02 4.222E+02 1.261E+03 1.264E+03 1.417E+07 23.6328 1.00000
  2.818E+09 2.818E+09 3.189E+00 3.712E+01 9.039E+02 4.830E+02 1.424E+03 1.427E+03 1.440E+07 23.8631 1.00000
  3.162E+09 3.162E+09 3.204E+00 4.177E+01 1.014E+03 5.526E+02 1.609E+03 1.612E+03 1.463E+07 24.0933 1.00000
  3.548E+09 3.548E+09 3.218E+00 4.698E+01 1.138E+03 6.323E+02 1.818E+03 1.821E+03 1.485E+07 24.3236 1.00000
  3.981E+09 3.981E+09 3.233E+00 5.284E+01 1.277E+03 7.235E+02 2.054E+03 2.057E+03 1.508E+07 24.5539 1.00000
  4.467E+09 4.467E+09 3.248E+00 5.943E+01 1.434E+03 8.278E+02 2.321E+03 2.324E+03 1.530E+07 24.7841 1.00000
  5.012E+09 5.012E+09 3.263E+00 6.682E+01 1.609E+03 9.473E+02 2.623E+03 2.626E+03 1.552E+07 25.0144 1.00000
  5.623E+09 5.623E+09 3.278E+00 7.512E+01 1.805E+03 1.084E+03 2.964E+03 2.968E+03 1.574E+07 25.2446 1.00000
  6.310E+09 6.310E+09 3.293E+00 8.444E+01 2.026E+03 1.241E+03 3.351E+03 3.354E+03 1.595E+07 25.4749 1.00000
  7.079E+09 7.079E+09 3.309E+00 9.491E+01 2.273E+03 1.420E+03 3.788E+03 3.791E+03 1.617E+07 25.7052 1.00000
  7.943E+09 7.943E+09 3.324E+00 1.067E+02 2.551E+03 1.625E+03 4.283E+03 4.286E+03 1.638E+07 25.9354 1.00000
  8.913E+09 8.913E+09 3.339E+00 1.198E+02 2.862E+03 1.861E+03 4.842E+03 4.846E+03 1.660E+07 26.1657 1.00000
  1.000E+10 1.000E+10 3.355E+00 1.347E+02 3.211E+03 2.130E+03 5.476E+03 5.479E+03 1.681E+07 26.3959 1.00000
  1.122E+10 1.122E+10 3.371E+00 1.513E+02 3.604E+03 2.438E+03 6.193E+03 6.196E+03 1.702E+07 26.6262 1.00000
  1.259E+10 1.259E+10 3.386E+00 1.699E+02 4.043E+03 2.791E+03 7.005E+03 7.008E+03 1.723E+07 26.8564 1.00000
  1.413E+10 1.413E+10 3.402E+00 1.909E+02 4.537E+03 3.196E+03 7.924E+03 7.927E+03 1.743E+07 27.0867 1.00000
  1.585E+10 1.585E+10 3.418E+00 2.144E+02 5.091E+03 3.659E+03 8.965E+03 8.968E+03 1.764E+07 27.3168 1.00000
  1.778E+10 1.778E+10 3.434E+00 2.408E+02 5.712E+03 4.190E+03 1.014E+04 1.015E+04 1.784E+07 27.5471 1.00000
  1.995E+10 1.995E+10 3.450E+00 2.704E+02 6.410E+03 4.798E+03 1.148E+04 1.148E+04 1.804E+07 27.7774 1.00000
  2.239E+10 2.239E+10 3.466E+00 3.036E+02 7.192E+03 5.495E+03 1.299E+04 1.299E+04 1.824E+07 28.0072 1.00000
  2.512E+10 2.512E+10 3.482E+00 3.410E+02 8.070E+03 6.293E+03 1.470E+04 1.471E+04 1.844E+07 28.2375 1.00000
  2.818E+10 2.818E+10 3.499E+00 3.828E+02 9.055E+03 7.207E+03 1.664E+04 1.665E+04 1.863E+07 28.4678 1.00000
  3.162E+10 3.162E+10 3.515E+00 4.298E+02 1.016E+04 8.255E+03 1.884E+04 1.885E+04 1.883E+07 28.6965 1.00000
  3.548E+10 3.548E+10 3.532E+00 4.825E+02 1.140E+04 9.455E+03 2.134E+04 2.134E+04 1.902E+07 28.9267 1.00000
  3.981E+10 3.981E+10 3.549E+00 5.417E+02 1.279E+04 1.083E+04 2.416E+04 2.417E+04 1.921E+07 29.1570 1.00000
  4.467E+10 4.467E+10 3.565E+00 6.081E+02 1.435E+04 1.241E+04 2.737E+04 2.737E+04 1.940E+07 29.3873 1.00000
  5.012E+10 5.012E+10 3.582E+00 6.826E+02 1.610E+04 1.421E+04 3.100E+04 3.100E+04 1.958E+07 29.6110 1.00000
  5.623E+10 5.623E+10 3.599E+00 7.662E+02 1.807E+04 1.628E+04 3.512E+04 3.512E+04 1.977E+07 29.8413 1.00000
  6.310E+10 6.310E+10 3.616E+00 8.600E+02 2.027E+04 1.866E+04 3.979E+04 3.980E+04 1.995E+07 30.0715 1.00000
  7.079E+10 7.079E+10 3.636E+00 9.653E+02 2.275E+04 2.138E+04 4.509E+04 4.510E+04 2.013E+07 30.2726 1.00000
  7.943E+10 7.943E+10 3.653E+00 1.083E+03 2.552E+04 2.450E+04 5.110E+04 5.111E+04 2.031E+07 30.5029 1.00000
  8.913E+10 8.913E+10 3.670E+00 1.216E+03 2.864E+04 2.807E+04 5.793E+04 5.793E+04 2.049E+07 30.7332 1.00000
  1.000E+11 1.000E+11 3.687E+00 1.365E+03 3.213E+04 3.217E+04 6.567E+04 6.567E+04 2.067E+07 30.9634 1.00000
  1.122E+11 1.122E+11 3.705E+00 1.532E+03 3.605E+04 3.687E+04 7.445E+04 7.446E+04 2.084E+07 31.1937 1.00000
  1.259E+11 1.259E+11 3.733E+00 1.719E+03 4.045E+04 4.226E+04 8.443E+04 8.443E+04 2.102E+07 31.2685 1.00000
  1.413E+11 1.413E+11 3.751E+00 1.929E+03 4.539E+04 4.843E+04 9.575E+04 9.576E+04 2.119E+07 31.4987 1.00000
  1.585E+11 1.585E+11 3.769E+00 2.165E+03 5.093E+04 5.551E+04 1.086E+05 1.086E+05 2.135E+07 31.7290 1.00000
  1.778E+11 1.778E+11 3.787E+00 2.429E+03 5.714E+04 6.364E+04 1.232E+05 1.232E+05 2.152E+07 31.9592 1.00000
  1.995E+11 1.995E+11 3.805E+00 2.726E+03 6.412E+04 7.295E+04 1.398E+05 1.398E+05 2.169E+07 32.1895 1.00000
  2.239E+11 2.239E+11 3.823E+00 3.059E+03 7.194E+04 8.363E+04 1.586E+05 1.586E+05 2.185E+07 32.4198 1.00000
  2.512E+11 2.512E+11 3.841E+00 3.433E+03 8.072E+04 9.588E+04 1.800E+05 1.800E+05 2.201E+07 32.6500 1.00000
  2.818E+11 2.818E+11 3.859E+00 3.852E+03 9.057E+04 1.099E+05 2.044E+05 2.044E+05 2.217E+07 32.8803 1.00000
  3.162E+11 3.162E+11 3.878E+00 4.323E+03 1.016E+05 1.260E+05 2.320E+05 2.320E+05 2.233E+07 33.1105 1.00000
  3.548E+11 3.548E+11 3.896E+00 4.851E+03 1.140E+05 1.445E+05 2.634E+05 2.634E+05 2.249E+07 33.3408 1.00000
  3.981E+11 3.981E+11 3.915E+00 5.443E+03 1.279E+05 1.657E+05 2.991E+05 2.991E+05 2.264E+07 33.5711 1.00000
  4.467E+11 4.467E+11 3.933E+00 6.108E+03 1.435E+05 1.901E+05 3.397E+05 3.397E+05 2.279E+07 33.8013 1.00000
  5.012E+11 5.012E+11 3.952E+00 6.854E+03 1.611E+05 2.180E+05 3.859E+05 3.859E+05 2.294E+07 34.0316 1.00000
  5.623E+11 5.623E+11 3.971E+00 7.691E+03 1.807E+05 2.500E+05 4.384E+05 4.384E+05 2.309E+07 34.2618 1.00000
  6.310E+11 6.310E+11 3.990E+00 8.629E+03 2.028E+05 2.868E+05 4.981E+05 4.981E+05 2.324E+07 34.4921 1.00000
  7.079E+11 7.079E+11 4.009E+00 9.683E+03 2.275E+05 3.289E+05 5.661E+05 5.661E+05 2.338E+07 34.7223 1.00000
  7.943E+11 7.943E+11 4.029E+00 1.086E+04 2.553E+05 3.773E+05 6.434E+05 6.434E+05 2.353E+07 34.9526 1.00000
  8.913E+11 8.913E+11 4.048E+00 1.219E+04 2.864E+05 4.328E+05 7.314E+05 7.314E+05 2.367E+07 35.1829 1.00000
  1.000E+12 1.000E+12 4.067E+00 1.368E+04 3.214E+05 4.965E+05 8.316E+05 8.316E+05 2.381E+07 35.4131 1.00000
  1.122E+12 1.122E+12 4.087E+00 1.535E+04 3.606E+05 5.696E+05 9.456E+05 9.456E+05 2.394E+07 35.6434 1.00000
  1.259E+12 1.259E+12 4.107E+00 1.722E+04 4.046E+05 6.536E+05 1.075E+06 1.075E+06 2.408E+07 35.8736 1.00000
  1.413E+12 1.413E+12 4.126E+00 1.932E+04 4.539E+05 7.499E+05 1.223E+06 1.223E+06 2.421E+07 36.1039 1.00000
  1.585E+12 1.585E+12 4.146E+00 2.168E+04 5.093E+05 8.605E+05 1.391E+06 1.391E+06 2.435E+07 36.3342 1.00000
  1.778E+12 1.778E+12 4.166E+00 2.433E+04 5.714E+05 9.874E+05 1.583E+06 1.583E+06 2.448E+07 36.5644 1.00000
  1.995E+12 1.995E+12 4.186E+00 2.730E+04 6.412E+05 1.133E+06 1.802E+06 1.802E+06 2.460E+07 36.7947 1.00000
  2.239E+12 2.239E+12 4.207E+00 3.063E+04 7.194E+05 1.300E+06 2.050E+06 2.050E+06 2.473E+07 37.0249 1.00000
  2.512E+12 2.512E+12 4.227E+00 3.437E+04 8.072E+05 1.492E+06 2.334E+06 2.334E+06 2.486E+07 37.2552 1.00000
  2.818E+12 2.818E+12 4.247E+00 3.856E+04 9.057E+05 1.713E+06 2.657E+06 2.657E+06 2.498E+07 37.4854 1.00000
  3.162E+12 3.162E+12 4.268E+00 4.327E+04 1.016E+06 1.966E+06 3.026E+06 3.026E+06 2.510E+07 37.7157 1.00000
  3.548E+12 3.548E+12 4.288E+00 4.855E+04 1.140E+06 2.257E+06 3.445E+06 3.446E+06 2.522E+07 37.9460 1.00000
  3.981E+12 3.981E+12 4.309E+00 5.447E+04 1.279E+06 2.591E+06 3.924E+06 3.924E+06 2.534E+07 38.1762 1.00000
  4.467E+12 4.467E+12 4.330E+00 6.112E+04 1.435E+06 2.974E+06 4.470E+06 4.470E+06 2.545E+07 38.4065 1.00000
  5.012E+12 5.012E+12 4.351E+00 6.858E+04 1.611E+06 3.414E+06 5.093E+06 5.093E+06 2.557E+07 38.6367 1.00000
  5.623E+12 5.623E+12 4.372E+00 7.694E+04 1.807E+06 3.920E+06 5.804E+06 5.804E+06 2.568E+07 38.8670 1.00000
  6.310E+12 6.310E+12 4.393E+00 8.633E+04 2.028E+06 4.500E+06 6.614E+06 6.614E+06 2.579E+07 39.0973 1.00000
  7.079E+12 7.079E+12 4.415E+00 9.687E+04 2.275E+06 5.167E+06 7.539E+06 7.539E+06 2.590E+07 39.3275 1.00000
  7.943E+12 7.943E+12 4.436E+00 1.087E+05 2.552E+06 5.934E+06 8.595E+06 8.595E+06 2.601E+07 39.5578 1.00000
  8.913E+12 8.913E+12 4.458E+00 1.220E+05 2.864E+06 6.814E+06 9.800E+06 9.800E+06 2.611E+07 39.7880 1.00000
  1.000E+13 1.000E+13 4.480E+00 1.368E+05 3.213E+06 7.825E+06 1.117E+07 1.117E+07 2.622E+07 40.0183 1.00000
  1.122E+13 1.122E+13 4.501E+00 1.535E+05 3.605E+06 8.986E+06 1.275E+07 1.275E+07 2.632E+07 40.2486 1.00000
  1.259E+13 1.259E+13 4.523E+00 1.723E+05 4.045E+06 1.032E+07 1.454E+07 1.454E+07 2.642E+07 40.4788 1.00000
  1.413E+13 1.413E+13 4.545E+00 1.933E+05 4.539E+06 1.185E+07 1.659E+07 1.659E+07 2.652E+07 40.7091 1.00000
  1.585E+13 1.585E+13 4.568E+00 2.169E+05 5.093E+06 1.361E+07 1.892E+07 1.892E+07 2.661E+07 40.9393 1.00000
  1.778E+13 1.778E+13 4.590E+00 2.433E+05 5.714E+06 1.564E+07 2.160E+07 2.160E+07 2.671E+07 41.1696 1.00000
  1.995E+13 1.995E+13 4.612E+00 2.730E+05 6.411E+06 1.796E+07 2.465E+07 2.465E+07 2.680E+07 41.3998 1.00000
  2.239E+13 2.239E+13 4.635E+00 3.063E+05 7.194E+06 2.064E+07 2.814E+07 2.814E+07 2.690E+07 41.6301 1.00000
  2.512E+13 2.512E+13 4.657E+00 3.437E+05 8.071E+06 2.371E+07 3.212E+07 3.212E+07 2.699E+07 41.8604 1.00000
  2.818E+13 2.818E+13 4.680E+00 3.857E+05 9.056E+06 2.724E+07 3.668E+07 3.668E+07 2.708E+07 42.0906 1.00000
  3.162E+13 3.162E+13 4.703E+00 4.327E+05 1.016E+07 3.129E+07 4.189E+07 4.189E+07 2.716E+07 42.3209 1.00000
  3.548E+13 3.548E+13 4.726E+00 4.855E+05 1.140E+07 3.596E+07 4.784E+07 4.784E+07 2.725E+07 42.5511 1.00000
  3.981E+13 3.981E+13 4.749E+00 5.448E+05 1.279E+07 4.132E+07 5.465E+07 5.465E+07 2.734E+07 42.7814 1.00000
  4.467E+13 4.467E+13 4.773E+00 6.112E+05 1.435E+07 4.748E+07 6.244E+07 6.244E+07 2.742E+07 43.0117 1.00000
  5.012E+13 5.012E+13 4.796E+00 6.858E+05 1.610E+07 5.456E+07 7.135E+07 7.135E+07 2.750E+07 43.2419 1.00000
  5.623E+13 5.623E+13 4.820E+00 7.695E+05 1.807E+07 6.270E+07 8.153E+07 8.153E+07 2.758E+07 43.4722 1.00000
  6.310E+13 6.310E+13 4.843E+00 8.634E+05 2.027E+07 7.205E+07 9.319E+07 9.319E+07 2.766E+07 43.7024 1.00000
  7.079E+13 7.079E+13 4.867E+00 9.687E+05 2.275E+07 8.281E+07 1.065E+08 1.065E+08 2.774E+07 43.9327 1.00000
  7.943E+13 7.943E+13 4.891E+00 1.087E+06 2.552E+07 9.518E+07 1.218E+08 1.218E+08 2.781E+07 44.1629 1.00000
  8.913E+13 8.913E+13 4.915E+00 1.220E+06 2.864E+07 1.094E+08 1.393E+08 1.393E+08 2.789E+07 44.3932 1.00000
  1.000E+14 1.000E+14 4.939E+00 1.368E+06 3.213E+07 1.258E+08 1.593E+08 1.593E+08 2.796E+07 44.6235 1.00000
  1.122E+14 1.122E+14 4.963E+00 1.535E+06 3.605E+07 1.446E+08 1.821E+08 1.821E+08 2.803E+07 44.8537 1.00000
  1.259E+14 1.259E+14 4.988E+00 1.723E+06 4.045E+07 1.662E+08 2.084E+08 2.084E+08 2.810E+07 45.0840 1.00000
  1.413E+14 1.413E+14 5.012E+00 1.933E+06 4.539E+07 1.910E+08 2.384E+08 2.384E+08 2.817E+07 45.3142 1.00000
  1.585E+14 1.585E+14 5.037E+00 2.169E+06 5.092E+07 2.196E+08 2.727E+08 2.727E+08 2.824E+07 45.5445 1.00000
  1.778E+14 1.778E+14 5.062E+00 2.433E+06 5.714E+07 2.525E+08 3.121E+08 3.121E+08 2.830E+07 45.7748 1.00000
  1.995E+14 1.995E+14 5.087E+00 2.730E+06 6.411E+07 2.903E+08 3.572E+08 3.572E+08 2.837E+07 46.0050 1.00000
  2.239E+14 2.239E+14 5.112E+00 3.063E+06 7.193E+07 3.338E+08 4.088E+08 4.088E+08 2.843E+07 46.2353 1.00000
  2.512E+14 2.512E+14 5.137E+00 3.437E+06 8.071E+07 3.839E+08 4.680E+08 4.680E+08 2.849E+07 46.4655 1.00000
  2.818E+14 2.818E+14 5.162E+00 3.857E+06 9.055E+07 4.414E+08 5.358E+08 5.358E+08 2.856E+07 46.6958 1.00000
  3.162E+14 3.162E+14 5.188E+00 4.327E+06 1.016E+08 5.076E+08 6.136E+08 6.136E+08 2.862E+07 46.9260 1.00000
  3.548E+14 3.548E+14 5.213E+00 4.855E+06 1.140E+08 5.838E+08 7.027E+08 7.027E+08 2.867E+07 47.1563 1.00000
  3.981E+14 3.981E+14 5.239E+00 5.448E+06 1.279E+08 6.714E+08 8.048E+08 8.048E+08 2.873E+07 47.3866 1.00000
  4.467E+14 4.467E+14 5.265E+00 6.112E+06 1.435E+08 7.722E+08 9.218E+08 9.218E+08 2.879E+07 47.6168 1.00000
  5.012E+14 5.012E+14 5.291E+00 6.858E+06 1.610E+08 8.882E+08 1.056E+09 1.056E+09 2.884E+07 47.8471 1.00000
  5.623E+14 5.623E+14 5.317E+00 7.695E+06 1.807E+08 1.022E+09 1.210E+09 1.210E+09 2.890E+07 48.0773 1.00000
  6.310E+14 6.310E+14 5.343E+00 8.634E+06 2.027E+08 1.175E+09 1.386E+09 1.386E+09 2.895E+07 48.3076 1.00000
  7.079E+14 7.079E+14 5.370E+00 9.687E+06 2.274E+08 1.352E+09 1.589E+09 1.589E+09 2.900E+07 48.5379 1.00000
  7.943E+14 7.943E+14 5.396E+00 1.087E+07 2.552E+08 1.555E+09 1.821E+09 1.821E+09 2.905E+07 48.7681 1.00000
  8.913E+14 8.913E+14 5.423E+00 1.220E+07 2.863E+08 1.789E+09 2.087E+09 2.087E+09 2.910E+07 48.9984 1.00000
  1.000E+15 1.000E+15 5.450E+00 1.368E+07 3.213E+08 2.058E+09 2.393E+09 2.393E+09 2.915E+07 49.2286 1.00000
