 Incident particle is a Muon with M = 105.65839 MeV
 Index = 0: Acrylic
      Absorber with <Z/A> = 0.53937
 Density effect computed following Fano (1963)
 Models for Radloss: brems =  SSR, pair =  SSR, photonuc = DRSS

 *** Table generated with PUMAS v1.1 ***

      T         p     Ionization  brems     pair     photonuc  Radloss    dE/dx   CSDA Range  delta   beta
    [MeV]    [MeV/c]  -----------------------[MeV cm^2/g]------------------------  [g/cm^2]
  1.000E+00 1.457E+01 4.923E+01 0.000E+00 0.000E+00 0.000E+00 0.000E+00 4.923E+01 1.016E-02  0.0000 0.13661
  1.200E+00 1.597E+01 4.247E+01 0.000E+00 0.000E+00 0.000E+00 0.000E+00 4.247E+01 1.454E-02  0.0000 0.14944
  1.400E+00 1.726E+01 3.747E+01 0.000E+00 0.000E+00 0.000E+00 0.000E+00 3.747E+01 1.957E-02  0.0000 0.16119
  1.700E+00 1.903E+01 3.199E+01 0.000E+00 0.000E+00 0.000E+00 0.000E+00 3.199E+01 2.826E-02  0.0000 0.17725
  2.000E+00 2.066E+01 2.802E+01 0.000E+00 0.000E+00 0.000E+00 0.000E+00 2.802E+01 3.831E-02  0.0000 0.19186
  2.500E+00 2.312E+01 2.336E+01 0.000E+00 0.000E+00 0.000E+00 0.000E+00 2.336E+01 5.795E-02  0.0000 0.21376
  3.000E+00 2.536E+01 2.013E+01 0.000E+00 0.000E+00 0.000E+00 0.000E+00 2.013E+01 8.108E-02  0.0000 0.23336
  3.500E+00 2.742E+01 1.776E+01 0.000E+00 0.000E+00 0.000E+00 0.000E+00 1.776E+01 1.076E-01  0.0000 0.25120
  4.000E+00 2.935E+01 1.594E+01 0.000E+00 0.000E+00 0.000E+00 0.000E+00 1.594E+01 1.373E-01  0.0000 0.26763
  4.500E+00 3.116E+01 1.450E+01 0.000E+00 0.000E+00 0.000E+00 0.000E+00 1.450E+01 1.703E-01  0.0000 0.28290
  5.000E+00 3.289E+01 1.332E+01 0.000E+00 0.000E+00 0.000E+00 0.000E+00 1.332E+01 2.063E-01  0.0000 0.29720
  5.500E+00 3.453E+01 1.235E+01 0.000E+00 0.000E+00 0.000E+00 0.000E+00 1.235E+01 2.453E-01  0.0000 0.31066
  6.000E+00 3.611E+01 1.152E+01 0.000E+00 0.000E+00 0.000E+00 0.000E+00 1.152E+01 2.872E-01  0.0000 0.32339
  7.000E+00 3.909E+01 1.021E+01 0.000E+00 0.000E+00 0.000E+00 0.000E+00 1.021E+01 3.797E-01  0.0000 0.34700
  8.000E+00 4.189E+01 9.197E+00 0.000E+00 0.000E+00 0.000E+00 0.000E+00 9.197E+00 4.831E-01  0.0000 0.36854
  9.000E+00 4.453E+01 8.400E+00 0.000E+00 0.000E+00 0.000E+00 0.000E+00 8.400E+00 5.970E-01  0.0000 0.38836
  1.000E+01 4.704E+01 7.753E+00 0.000E+00 0.000E+00 0.000E+00 0.000E+00 7.753E+00 7.210E-01  0.0000 0.40675
  1.200E+01 5.177E+01 6.766E+00 0.000E+00 0.000E+00 0.000E+00 0.000E+00 6.766E+00 9.980E-01  0.0000 0.43998
  1.400E+01 5.616E+01 6.047E+00 0.000E+00 0.000E+00 0.000E+00 0.000E+00 6.047E+00 1.311E+00  0.0000 0.46937
  1.700E+01 6.230E+01 5.273E+00 0.000E+00 0.000E+00 0.000E+00 0.000E+00 5.273E+00 1.844E+00  0.0000 0.50792
  2.000E+01 6.802E+01 4.722E+00 0.000E+00 0.000E+00 0.000E+00 0.000E+00 4.722E+00 2.447E+00  0.0000 0.54129
  2.500E+01 7.686E+01 4.090E+00 5.273E-10 0.000E+00 0.000E+00 5.273E-10 4.090E+00 3.590E+00  0.0000 0.58827
  3.000E+01 8.509E+01 3.663E+00 7.728E-08 0.000E+00 0.000E+00 7.728E-08 3.663E+00 4.885E+00  0.0000 0.62720
  3.500E+01 9.285E+01 3.358E+00 9.026E-08 0.000E+00 0.000E+00 9.026E-08 3.358E+00 6.313E+00  0.0000 0.66011
  4.000E+01 1.003E+02 3.128E+00 9.665E-08 0.000E+00 0.000E+00 9.665E-08 3.128E+00 7.858E+00  0.0000 0.68834
  4.500E+01 1.074E+02 2.950E+00 1.033E-07 0.000E+00 0.000E+00 1.033E-07 2.950E+00 9.506E+00  0.0000 0.71286
  5.000E+01 1.143E+02 2.809E+00 1.101E-07 0.000E+00 0.000E+00 1.101E-07 2.809E+00 1.124E+01  0.0000 0.73434
  5.500E+01 1.210E+02 2.694E+00 1.171E-07 0.000E+00 0.000E+00 1.171E-07 2.694E+00 1.306E+01  0.0001 0.75332
  6.000E+01 1.276E+02 2.599E+00 1.243E-07 0.000E+00 0.000E+00 1.243E-07 2.599E+00 1.495E+01  0.0019 0.77019
  7.000E+01 1.403E+02 2.453E+00 1.394E-07 0.000E+00 0.000E+00 1.394E-07 2.453E+00 1.892E+01  0.0109 0.79887
  8.000E+01 1.527E+02 2.345E+00 1.552E-07 0.000E+00 0.000E+00 1.552E-07 2.345E+00 2.309E+01  0.0258 0.82227
  9.000E+01 1.647E+02 2.264E+00 1.719E-07 0.000E+00 0.000E+00 1.719E-07 2.264E+00 2.744E+01  0.0451 0.84166
  1.000E+02 1.764E+02 2.201E+00 1.894E-07 0.000E+00 0.000E+00 1.894E-07 2.201E+00 3.192E+01  0.0678 0.85794
  1.200E+02 1.994E+02 2.112E+00 2.268E-07 0.000E+00 0.000E+00 2.268E-07 2.112E+00 4.121E+01  0.1200 0.88361
  1.400E+02 2.218E+02 2.053E+00 3.165E-06 0.000E+00 0.000E+00 3.165E-06 2.053E+00 5.082E+01  0.1781 0.90278
  1.700E+02 2.546E+02 1.999E+00 1.135E-05 1.061E-09 0.000E+00 1.135E-05 1.999E+00 6.565E+01  0.2704 0.92363
  2.000E+02 2.868E+02 1.967E+00 1.800E-05 8.689E-09 0.000E+00 1.801E-05 1.967E+00 8.079E+01  0.3644 0.93835
  2.500E+02 3.396E+02 1.941E+00 2.625E-05 1.136E-07 0.000E+00 2.637E-05 1.941E+00 1.064E+02  0.5183 0.95485
  3.000E+02 3.917E+02 1.933E+00 3.373E-05 7.087E-07 0.000E+00 3.444E-05 1.933E+00 1.322E+02  0.6648 0.96548
  3.500E+02 4.432E+02 1.933E+00 4.143E-05 1.834E-06 0.000E+00 4.326E-05 1.933E+00 1.581E+02  0.8025 0.97274
  4.000E+02 4.945E+02 1.937E+00 4.952E-05 3.478E-06 0.000E+00 5.300E-05 1.937E+00 1.839E+02  0.9314 0.97793
  4.500E+02 5.455E+02 1.944E+00 5.808E-05 5.629E-06 0.000E+00 6.371E-05 1.944E+00 2.097E+02  1.0520 0.98176
  5.000E+02 5.964E+02 1.952E+00 6.712E-05 8.276E-06 0.000E+00 7.540E-05 1.952E+00 2.354E+02  1.1651 0.98467
  5.500E+02 6.471E+02 1.961E+00 7.660E-05 1.140E-05 1.555E-05 1.036E-04 1.961E+00 2.609E+02  1.2713 0.98693
  6.000E+02 6.977E+02 1.970E+00 8.649E-05 1.500E-05 5.173E-05 1.532E-04 1.970E+00 2.864E+02  1.3715 0.98873
  7.000E+02 7.987E+02 1.988E+00 1.074E-04 2.353E-05 1.238E-04 2.547E-04 1.989E+00 3.369E+02  1.5557 0.99136
  8.000E+02 8.995E+02 2.006E+00 1.298E-04 3.377E-05 1.919E-04 3.554E-04 2.007E+00 3.870E+02  1.7218 0.99317
  9.000E+02 1.000E+03 2.023E+00 1.534E-04 4.560E-05 2.571E-04 4.562E-04 2.024E+00 4.366E+02  1.8730 0.99447
  1.000E+03 1.101E+03 2.039E+00 1.783E-04 5.894E-05 3.204E-04 5.576E-04 2.039E+00 4.858E+02  2.0117 0.99542
  1.200E+03 1.301E+03 2.068E+00 2.312E-04 8.979E-05 4.429E-04 7.639E-04 2.069E+00 5.832E+02  2.2593 0.99672
  1.400E+03 1.502E+03 2.093E+00 2.879E-04 1.257E-04 5.619E-04 9.755E-04 2.094E+00 6.792E+02  2.4758 0.99753
  1.700E+03 1.803E+03 2.126E+00 3.791E-04 1.881E-04 7.358E-04 1.303E-03 2.127E+00 8.214E+02  2.7578 0.99829
  2.000E+03 2.103E+03 2.154E+00 4.768E-04 2.594E-04 9.054E-04 1.642E-03 2.155E+00 9.614E+02  3.0020 0.99874
  2.500E+03 2.604E+03 2.192E+00 6.517E-04 3.957E-04 1.181E-03 2.228E-03 2.194E+00 1.191E+03  3.3499 0.99918
  3.000E+03 3.104E+03 2.223E+00 8.394E-04 5.505E-04 1.449E-03 2.839E-03 2.226E+00 1.417E+03  3.6455 0.99942
  3.500E+03 3.604E+03 2.249E+00 1.038E-03 7.214E-04 1.712E-03 3.471E-03 2.252E+00 1.641E+03  3.9035 0.99957
  4.000E+03 4.104E+03 2.271E+00 1.245E-03 9.213E-04 1.969E-03 4.136E-03 2.275E+00 1.862E+03  4.1327 0.99967
  4.500E+03 4.604E+03 2.290E+00 1.461E-03 1.140E-03 2.222E-03 4.824E-03 2.295E+00 2.080E+03  4.3391 0.99974
  5.000E+03 5.105E+03 2.307E+00 1.685E-03 1.373E-03 2.472E-03 5.529E-03 2.312E+00 2.298E+03  4.5270 0.99979
  5.500E+03 5.605E+03 2.322E+00 1.914E-03 1.617E-03 2.718E-03 6.249E-03 2.328E+00 2.513E+03  4.6993 0.99982
  6.000E+03 6.105E+03 2.335E+00 2.150E-03 1.873E-03 2.961E-03 6.984E-03 2.342E+00 2.727E+03  4.8585 0.99985
  7.000E+03 7.105E+03 2.359E+00 2.638E-03 2.413E-03 3.440E-03 8.491E-03 2.367E+00 3.152E+03  5.1445 0.99989
  8.000E+03 8.105E+03 2.379E+00 3.145E-03 2.990E-03 3.910E-03 1.004E-02 2.389E+00 3.572E+03  5.3958 0.99992
  9.000E+03 9.105E+03 2.396E+00 3.668E-03 3.598E-03 4.373E-03 1.164E-02 2.408E+00 3.989E+03  5.6197 0.99993
  1.000E+04 1.011E+04 2.411E+00 4.205E-03 4.233E-03 4.829E-03 1.327E-02 2.424E+00 4.403E+03  5.8217 0.99995
  1.200E+04 1.211E+04 2.437E+00 5.319E-03 5.578E-03 5.726E-03 1.662E-02 2.454E+00 5.223E+03  6.1741 0.99996
  1.400E+04 1.411E+04 2.458E+00 6.476E-03 7.006E-03 6.606E-03 2.009E-02 2.479E+00 6.034E+03  6.4745 0.99997
  1.700E+04 1.711E+04 2.485E+00 8.283E-03 9.280E-03 7.902E-03 2.547E-02 2.510E+00 7.237E+03  6.8552 0.99998
  2.000E+04 2.011E+04 2.506E+00 1.016E-02 1.169E-02 9.176E-03 3.102E-02 2.537E+00 8.425E+03  7.1754 0.99999
  2.500E+04 2.511E+04 2.535E+00 1.341E-02 1.593E-02 1.126E-02 4.061E-02 2.576E+00 1.038E+04  7.6168 0.99999
  3.000E+04 3.011E+04 2.558E+00 1.679E-02 2.042E-02 1.331E-02 5.053E-02 2.609E+00 1.231E+04  7.9784 0.99999
  3.500E+04 3.511E+04 2.577E+00 2.027E-02 2.511E-02 1.534E-02 6.072E-02 2.638E+00 1.421E+04  8.2848 1.00000
  4.000E+04 4.011E+04 2.594E+00 2.385E-02 2.996E-02 1.735E-02 7.116E-02 2.665E+00 1.610E+04  8.5505 1.00000
  4.500E+04 4.511E+04 2.608E+00 2.749E-02 3.495E-02 1.935E-02 8.179E-02 2.690E+00 1.797E+04  8.7850 1.00000
  5.000E+04 5.011E+04 2.621E+00 3.121E-02 4.006E-02 2.134E-02 9.261E-02 2.713E+00 1.982E+04  8.9950 1.00000
  5.500E+04 5.511E+04 2.632E+00 3.499E-02 4.528E-02 2.332E-02 1.036E-01 2.735E+00 2.165E+04  9.1850 1.00000
  6.000E+04 6.011E+04 2.642E+00 3.882E-02 5.059E-02 2.530E-02 1.147E-01 2.757E+00 2.347E+04  9.3585 1.00000
  7.000E+04 7.011E+04 2.660E+00 4.662E-02 6.146E-02 2.923E-02 1.373E-01 2.797E+00 2.708E+04  9.6661 1.00000
  8.000E+04 8.011E+04 2.675E+00 5.460E-02 7.262E-02 3.316E-02 1.604E-01 2.836E+00 3.063E+04  9.9326 1.00000
  9.000E+04 9.011E+04 2.689E+00 6.272E-02 8.401E-02 3.708E-02 1.838E-01 2.873E+00 3.413E+04 10.1678 1.00000
  1.000E+05 1.001E+05 2.701E+00 7.096E-02 9.561E-02 4.099E-02 2.076E-01 2.908E+00 3.759E+04 10.3782 1.00000
  1.200E+05 1.201E+05 2.721E+00 8.778E-02 1.193E-01 4.883E-02 2.559E-01 2.977E+00 4.439E+04 10.7424 1.00000
  1.400E+05 1.401E+05 2.738E+00 1.050E-01 1.436E-01 5.668E-02 3.052E-01 3.044E+00 5.103E+04 11.0504 1.00000
  1.700E+05 1.701E+05 2.760E+00 1.313E-01 1.808E-01 6.850E-02 3.805E-01 3.141E+00 6.073E+04 11.4384 1.00000
  2.000E+05 2.001E+05 2.778E+00 1.581E-01 2.187E-01 8.038E-02 4.572E-01 3.235E+00 7.014E+04 11.7632 1.00000
  2.500E+05 2.501E+05 2.803E+00 2.038E-01 2.833E-01 1.003E-01 5.875E-01 3.390E+00 8.524E+04 12.2092 1.00000
  3.000E+05 3.001E+05 2.823E+00 2.505E-01 3.491E-01 1.204E-01 7.201E-01 3.543E+00 9.966E+04 12.5737 1.00000
  3.500E+05 3.501E+05 2.840E+00 2.979E-01 4.159E-01 1.407E-01 8.545E-01 3.694E+00 1.135E+05 12.8819 1.00000
  4.000E+05 4.001E+05 2.855E+00 3.459E-01 4.834E-01 1.612E-01 9.905E-01 3.845E+00 1.267E+05 13.1489 1.00000
  4.500E+05 4.501E+05 2.868E+00 3.945E-01 5.515E-01 1.818E-01 1.128E+00 3.995E+00 1.395E+05 13.3844 1.00000
  5.000E+05 5.001E+05 2.879E+00 4.435E-01 6.201E-01 2.025E-01 1.266E+00 4.145E+00 1.518E+05 13.5951 1.00000
  5.500E+05 5.501E+05 2.890E+00 4.928E-01 6.891E-01 2.234E-01 1.405E+00 4.295E+00 1.636E+05 13.7857 1.00000
  6.000E+05 6.001E+05 2.900E+00 5.426E-01 7.585E-01 2.445E-01 1.546E+00 4.445E+00 1.751E+05 13.9596 1.00000
  7.000E+05 7.001E+05 2.917E+00 6.429E-01 8.983E-01 2.869E-01 1.828E+00 4.745E+00 1.969E+05 14.2679 1.00000
  8.000E+05 8.001E+05 2.932E+00 7.442E-01 1.039E+00 3.299E-01 2.113E+00 5.045E+00 2.173E+05 14.5349 1.00000
  9.000E+05 9.001E+05 2.945E+00 8.464E-01 1.181E+00 3.732E-01 2.400E+00 5.345E+00 2.365E+05 14.7705 1.00000
  1.000E+06 1.000E+06 2.957E+00 9.493E-01 1.323E+00 4.170E-01 2.689E+00 5.646E+00 2.547E+05 14.9811 1.00000
  1.200E+06 1.200E+06 2.977E+00 1.157E+00 1.609E+00 5.056E-01 3.271E+00 6.249E+00 2.884E+05 15.3458 1.00000
  1.400E+06 1.400E+06 2.995E+00 1.366E+00 1.897E+00 5.955E-01 3.858E+00 6.853E+00 3.190E+05 15.6540 1.00000
  1.700E+06 1.700E+06 3.017E+00 1.683E+00 2.331E+00 7.326E-01 4.746E+00 7.764E+00 3.601E+05 16.0423 1.00000
  2.000E+06 2.000E+06 3.036E+00 2.002E+00 2.767E+00 8.720E-01 5.641E+00 8.677E+00 3.966E+05 16.3673 1.00000
  2.500E+06 2.500E+06 3.062E+00 2.539E+00 3.497E+00 1.109E+00 7.145E+00 1.021E+01 4.497E+05 16.8136 1.00000
  3.000E+06 3.000E+06 3.083E+00 3.080E+00 4.230E+00 1.350E+00 8.660E+00 1.174E+01 4.953E+05 17.1782 1.00000
  3.500E+06 3.500E+06 3.101E+00 3.624E+00 4.966E+00 1.595E+00 1.019E+01 1.329E+01 5.353E+05 17.4865 1.00000
  4.000E+06 4.000E+06 3.117E+00 4.170E+00 5.703E+00 1.844E+00 1.172E+01 1.483E+01 5.709E+05 17.7536 1.00000
  4.500E+06 4.500E+06 3.131E+00 4.718E+00 6.442E+00 2.097E+00 1.326E+01 1.639E+01 6.030E+05 17.9891 1.00000
  5.000E+06 5.000E+06 3.144E+00 5.268E+00 7.181E+00 2.352E+00 1.480E+01 1.795E+01 6.321E+05 18.1999 1.00000
  5.500E+06 5.500E+06 3.155E+00 5.819E+00 7.922E+00 2.610E+00 1.635E+01 1.951E+01 6.588E+05 18.3905 1.00000
  6.000E+06 6.000E+06 3.166E+00 6.372E+00 8.663E+00 2.870E+00 1.790E+01 2.107E+01 6.835E+05 18.5645 1.00000
  7.000E+06 7.000E+06 3.185E+00 7.479E+00 1.015E+01 3.397E+00 2.102E+01 2.421E+01 7.278E+05 18.8728 1.00000
  8.000E+06 8.000E+06 3.201E+00 8.590E+00 1.163E+01 3.933E+00 2.416E+01 2.736E+01 7.666E+05 19.1398 1.00000
  9.000E+06 9.000E+06 3.216E+00 9.704E+00 1.312E+01 4.475E+00 2.730E+01 3.052E+01 8.012E+05 19.3754 1.00000
  1.000E+07 1.000E+07 3.229E+00 1.082E+01 1.461E+01 5.025E+00 3.045E+01 3.368E+01 8.324E+05 19.5861 1.00000
  1.200E+07 1.200E+07 3.251E+00 1.306E+01 1.759E+01 6.141E+00 3.679E+01 4.004E+01 8.868E+05 19.9508 1.00000
  1.400E+07 1.400E+07 3.271E+00 1.530E+01 2.057E+01 7.278E+00 4.315E+01 4.642E+01 9.331E+05 20.2591 1.00000
  1.700E+07 1.700E+07 3.295E+00 1.867E+01 2.505E+01 9.016E+00 5.274E+01 5.603E+01 9.919E+05 20.6474 1.00000
  2.000E+07 2.000E+07 3.316E+00 2.204E+01 2.954E+01 1.079E+01 6.237E+01 6.568E+01 1.041E+06 20.9724 1.00000
  2.500E+07 2.500E+07 3.344E+00 2.768E+01 3.701E+01 1.381E+01 7.850E+01 8.185E+01 1.109E+06 21.4187 1.00000
  3.000E+07 3.000E+07 3.368E+00 3.332E+01 4.450E+01 1.690E+01 9.472E+01 9.809E+01 1.165E+06 21.7833 1.00000
  3.500E+07 3.500E+07 3.388E+00 3.897E+01 5.198E+01 2.005E+01 1.110E+02 1.144E+02 1.212E+06 22.0916 1.00000
  4.000E+07 4.000E+07 3.406E+00 4.463E+01 5.947E+01 2.325E+01 1.274E+02 1.308E+02 1.253E+06 22.3587 1.00000
  4.500E+07 4.500E+07 3.421E+00 5.029E+01 6.696E+01 2.650E+01 1.437E+02 1.472E+02 1.289E+06 22.5943 1.00000
  5.000E+07 5.000E+07 3.435E+00 5.595E+01 7.445E+01 2.979E+01 1.602E+02 1.636E+02 1.321E+06 22.8050 1.00000
  5.500E+07 5.500E+07 3.448E+00 6.162E+01 8.195E+01 3.311E+01 1.767E+02 1.801E+02 1.350E+06 22.9956 1.00000
  6.000E+07 6.000E+07 3.460E+00 6.729E+01 8.944E+01 3.648E+01 1.932E+02 1.967E+02 1.377E+06 23.1696 1.00000
  7.000E+07 7.000E+07 3.481E+00 7.863E+01 1.044E+02 4.330E+01 2.264E+02 2.298E+02 1.424E+06 23.4779 1.00000
  8.000E+07 8.000E+07 3.499E+00 8.997E+01 1.194E+02 5.023E+01 2.596E+02 2.631E+02 1.465E+06 23.7450 1.00000
  9.000E+07 9.000E+07 3.515E+00 1.013E+02 1.344E+02 5.727E+01 2.930E+02 2.965E+02 1.500E+06 23.9806 1.00000
  1.000E+08 1.000E+08 3.529E+00 1.127E+02 1.494E+02 6.440E+01 3.265E+02 3.300E+02 1.532E+06 24.1913 1.00000
  1.200E+08 1.200E+08 3.555E+00 1.354E+02 1.794E+02 7.891E+01 3.937E+02 3.973E+02 1.588E+06 24.5559 1.00000
  1.400E+08 1.400E+08 3.576E+00 1.581E+02 2.094E+02 9.370E+01 4.613E+02 4.648E+02 1.634E+06 24.8642 1.00000
  1.700E+08 1.700E+08 3.603E+00 1.922E+02 2.544E+02 1.164E+02 5.630E+02 5.666E+02 1.692E+06 25.2525 1.00000
  2.000E+08 2.000E+08 3.626E+00 2.263E+02 2.995E+02 1.395E+02 6.653E+02 6.689E+02 1.741E+06 25.5776 1.00000
  2.500E+08 2.500E+08 3.658E+00 2.832E+02 3.745E+02 1.790E+02 8.367E+02 8.403E+02 1.808E+06 26.0239 1.00000
  3.000E+08 3.000E+08 3.685E+00 3.401E+02 4.495E+02 2.194E+02 1.009E+03 1.013E+03 1.862E+06 26.3885 1.00000
  3.500E+08 3.500E+08 3.707E+00 3.969E+02 5.246E+02 2.607E+02 1.182E+03 1.186E+03 1.907E+06 26.6968 1.00000
  4.000E+08 4.000E+08 3.727E+00 4.538E+02 5.996E+02 3.027E+02 1.356E+03 1.360E+03 1.947E+06 26.9639 1.00000
  4.500E+08 4.500E+08 3.744E+00 5.107E+02 6.747E+02 3.453E+02 1.531E+03 1.534E+03 1.981E+06 27.1994 1.00000
  5.000E+08 5.000E+08 3.760E+00 5.676E+02 7.498E+02 3.885E+02 1.706E+03 1.710E+03 2.012E+06 27.4101 1.00000
  5.500E+08 5.500E+08 3.774E+00 6.245E+02 8.248E+02 4.323E+02 1.882E+03 1.885E+03 2.040E+06 27.6008 1.00000
  6.000E+08 6.000E+08 3.787E+00 6.814E+02 8.999E+02 4.765E+02 2.058E+03 2.062E+03 2.065E+06 27.7748 1.00000
  7.000E+08 7.000E+08 3.810E+00 7.952E+02 1.050E+03 5.663E+02 2.412E+03 2.415E+03 2.110E+06 28.0831 1.00000
  8.000E+08 8.000E+08 3.831E+00 9.090E+02 1.200E+03 6.577E+02 2.767E+03 2.771E+03 2.149E+06 28.3501 1.00000
  9.000E+08 9.000E+08 3.849E+00 1.023E+03 1.350E+03 7.506E+02 3.124E+03 3.127E+03 2.183E+06 28.5856 1.00000
  1.000E+09 1.000E+09 3.865E+00 1.137E+03 1.500E+03 8.447E+02 3.482E+03 3.486E+03 2.213E+06 28.7963 1.00000
  1.200E+09 1.200E+09 3.893E+00 1.364E+03 1.801E+03 1.036E+03 4.201E+03 4.205E+03 2.265E+06 29.1610 1.00000
  1.400E+09 1.400E+09 3.917E+00 1.592E+03 2.101E+03 1.232E+03 4.925E+03 4.929E+03 2.309E+06 29.4689 1.00000
  1.700E+09 1.700E+09 3.948E+00 1.933E+03 2.551E+03 1.532E+03 6.017E+03 6.021E+03 2.364E+06 29.8572 1.00000
  2.000E+09 2.000E+09 3.974E+00 2.275E+03 3.002E+03 1.839E+03 7.115E+03 7.119E+03 2.410E+06 30.1807 1.00000
  2.500E+09 2.500E+09 4.009E+00 2.844E+03 3.752E+03 2.363E+03 8.959E+03 8.963E+03 2.472E+06 30.6270 1.00000
  3.000E+09 3.000E+09 4.039E+00 3.413E+03 4.503E+03 2.900E+03 1.082E+04 1.082E+04 2.523E+06 30.9851 1.00000
  3.500E+09 3.500E+09 4.065E+00 3.982E+03 5.254E+03 3.450E+03 1.269E+04 1.269E+04 2.566E+06 31.2934 1.00000
  4.000E+09 4.000E+09 4.086E+00 4.551E+03 6.005E+03 4.009E+03 1.456E+04 1.457E+04 2.602E+06 31.5605 1.00000
  4.500E+09 4.500E+09 4.108E+00 5.121E+03 6.755E+03 4.577E+03 1.645E+04 1.646E+04 2.635E+06 31.7669 1.00000
  5.000E+09 5.000E+09 4.126E+00 5.690E+03 7.506E+03 5.154E+03 1.835E+04 1.835E+04 2.663E+06 31.9776 1.00000
  5.500E+09 5.500E+09 4.142E+00 6.259E+03 8.257E+03 5.738E+03 2.025E+04 2.026E+04 2.689E+06 32.1683 1.00000
  6.000E+09 6.000E+09 4.156E+00 6.828E+03 9.007E+03 6.328E+03 2.216E+04 2.217E+04 2.713E+06 32.3423 1.00000
  7.000E+09 7.000E+09 4.182E+00 7.966E+03 1.051E+04 7.529E+03 2.600E+04 2.601E+04 2.755E+06 32.6506 1.00000
  8.000E+09 8.000E+09 4.218E+00 9.105E+03 1.201E+04 8.752E+03 2.987E+04 2.987E+04 2.790E+06 32.7622 1.00000
  9.000E+09 9.000E+09 4.238E+00 1.024E+04 1.351E+04 9.995E+03 3.375E+04 3.375E+04 2.822E+06 32.9977 1.00000
  1.000E+10 1.000E+10 4.256E+00 1.138E+04 1.501E+04 1.126E+04 3.765E+04 3.766E+04 2.850E+06 33.2085 1.00000
  1.200E+10 1.200E+10 4.288E+00 1.366E+04 1.802E+04 1.383E+04 4.550E+04 4.551E+04 2.898E+06 33.5731 1.00000
  1.400E+10 1.400E+10 4.315E+00 1.593E+04 2.102E+04 1.646E+04 5.341E+04 5.341E+04 2.939E+06 33.8814 1.00000
  1.700E+10 1.700E+10 4.349E+00 1.935E+04 2.552E+04 2.049E+04 6.536E+04 6.537E+04 2.989E+06 34.2697 1.00000
  2.000E+10 2.000E+10 4.378E+00 2.276E+04 3.003E+04 2.462E+04 7.742E+04 7.742E+04 3.032E+06 34.5948 1.00000
  2.500E+10 2.500E+10 4.418E+00 2.846E+04 3.753E+04 3.169E+04 9.768E+04 9.768E+04 3.089E+06 35.0410 1.00000
  3.000E+10 3.000E+10 4.450E+00 3.415E+04 4.504E+04 3.895E+04 1.181E+05 1.181E+05 3.135E+06 35.4057 1.00000
  3.500E+10 3.500E+10 4.479E+00 3.984E+04 5.255E+04 4.637E+04 1.388E+05 1.388E+05 3.174E+06 35.7140 1.00000
  4.000E+10 4.000E+10 4.503E+00 4.553E+04 6.006E+04 5.394E+04 1.595E+05 1.595E+05 3.208E+06 35.9811 1.00000
  4.500E+10 4.500E+10 4.525E+00 5.122E+04 6.756E+04 6.164E+04 1.804E+05 1.804E+05 3.237E+06 36.2166 1.00000
  5.000E+10 5.000E+10 4.544E+00 5.691E+04 7.507E+04 6.946E+04 2.014E+05 2.015E+05 3.264E+06 36.4273 1.00000
  5.500E+10 5.500E+10 4.562E+00 6.261E+04 8.258E+04 7.739E+04 2.226E+05 2.226E+05 3.287E+06 36.6180 1.00000
  6.000E+10 6.000E+10 4.579E+00 6.830E+04 9.008E+04 8.541E+04 2.438E+05 2.438E+05 3.309E+06 36.7920 1.00000
  7.000E+10 7.000E+10 4.608E+00 7.968E+04 1.051E+05 1.017E+05 2.865E+05 2.865E+05 3.347E+06 37.1003 1.00000
  8.000E+10 8.000E+10 4.633E+00 9.106E+04 1.201E+05 1.184E+05 3.295E+05 3.296E+05 3.379E+06 37.3674 1.00000
  9.000E+10 9.000E+10 4.655E+00 1.024E+05 1.351E+05 1.353E+05 3.729E+05 3.729E+05 3.408E+06 37.6029 1.00000
  1.000E+11 1.000E+11 4.676E+00 1.138E+05 1.501E+05 1.525E+05 4.165E+05 4.165E+05 3.433E+06 37.8136 1.00000
  1.200E+11 1.200E+11 4.711E+00 1.366E+05 1.802E+05 1.876E+05 5.044E+05 5.044E+05 3.477E+06 38.1783 1.00000
  1.400E+11 1.400E+11 4.741E+00 1.594E+05 2.102E+05 2.235E+05 5.931E+05 5.931E+05 3.513E+06 38.4866 1.00000
  1.700E+11 1.700E+11 4.779E+00 1.935E+05 2.552E+05 2.787E+05 7.275E+05 7.275E+05 3.559E+06 38.8749 1.00000
  2.000E+11 2.000E+11 4.811E+00 2.277E+05 3.003E+05 3.354E+05 8.633E+05 8.633E+05 3.596E+06 39.1999 1.00000
  2.500E+11 2.500E+11 4.856E+00 2.846E+05 3.753E+05 4.324E+05 1.092E+06 1.092E+06 3.648E+06 39.6462 1.00000
  3.000E+11 3.000E+11 4.893E+00 3.415E+05 4.504E+05 5.322E+05 1.324E+06 1.324E+06 3.689E+06 40.0109 1.00000
  3.500E+11 3.500E+11 4.924E+00 3.984E+05 5.255E+05 6.344E+05 1.558E+06 1.558E+06 3.724E+06 40.3192 1.00000
  4.000E+11 4.000E+11 4.952E+00 4.553E+05 6.005E+05 7.388E+05 1.795E+06 1.795E+06 3.754E+06 40.5862 1.00000
  4.500E+11 4.500E+11 4.976E+00 5.122E+05 6.756E+05 8.451E+05 2.033E+06 2.033E+06 3.780E+06 40.8218 1.00000
  5.000E+11 5.000E+11 4.998E+00 5.692E+05 7.507E+05 9.531E+05 2.273E+06 2.273E+06 3.803E+06 41.0325 1.00000
  5.500E+11 5.500E+11 5.018E+00 6.261E+05 8.257E+05 1.063E+06 2.514E+06 2.514E+06 3.824E+06 41.2231 1.00000
  6.000E+11 6.000E+11 5.036E+00 6.830E+05 9.008E+05 1.174E+06 2.757E+06 2.757E+06 3.843E+06 41.3972 1.00000
  7.000E+11 7.000E+11 5.068E+00 7.968E+05 1.051E+06 1.400E+06 3.247E+06 3.247E+06 3.877E+06 41.7055 1.00000
  8.000E+11 8.000E+11 5.097E+00 9.107E+05 1.201E+06 1.631E+06 3.742E+06 3.742E+06 3.905E+06 41.9725 1.00000
  9.000E+11 9.000E+11 5.122E+00 1.024E+06 1.351E+06 1.866E+06 4.241E+06 4.241E+06 3.931E+06 42.2081 1.00000
  1.000E+12 1.000E+12 5.144E+00 1.138E+06 1.501E+06 2.105E+06 4.744E+06 4.744E+06 3.953E+06 42.4188 1.00000
