 Incident particle is a Muon with M = 105.65839 MeV
 Index = 0: AgHalidesInPhotEmulsion
      Absorber with <Z/A> = 0.43663
 Density effect computed following Fano (1963)
 Models for Radloss: brems =  SSR, pair =  SSR, photonuc = DRSS

 *** Table generated with PUMAS v1.1 ***

      T         p     Ionization  brems     pair     photonuc  Radloss    dE/dx   CSDA Range  delta   beta
    [MeV]    [MeV/c]  -----------------------[MeV cm^2/g]------------------------  [g/cm^2]
  1.000E+00 1.457E+01 2.631E+01 0.000E+00 0.000E+00 0.000E+00 0.000E+00 2.631E+01 1.900E-02  0.0000 0.13661
  1.200E+00 1.597E+01 2.307E+01 0.000E+00 0.000E+00 0.000E+00 0.000E+00 2.307E+01 2.714E-02  0.0000 0.14944
  1.400E+00 1.726E+01 2.061E+01 0.000E+00 0.000E+00 0.000E+00 0.000E+00 2.061E+01 3.633E-02  0.0000 0.16119
  1.700E+00 1.903E+01 1.786E+01 0.000E+00 0.000E+00 0.000E+00 0.000E+00 1.786E+01 5.201E-02  0.0000 0.17725
  2.000E+00 2.066E+01 1.582E+01 0.000E+00 0.000E+00 0.000E+00 0.000E+00 1.582E+01 6.991E-02  0.0000 0.19186
  2.500E+00 2.312E+01 1.338E+01 0.000E+00 0.000E+00 0.000E+00 0.000E+00 1.338E+01 1.044E-01  0.0000 0.21376
  3.000E+00 2.536E+01 1.166E+01 0.000E+00 0.000E+00 0.000E+00 0.000E+00 1.166E+01 1.446E-01  0.0000 0.23336
  3.500E+00 2.742E+01 1.038E+01 0.000E+00 0.000E+00 0.000E+00 0.000E+00 1.038E+01 1.901E-01  0.0000 0.25120
  4.000E+00 2.935E+01 9.379E+00 0.000E+00 0.000E+00 0.000E+00 0.000E+00 9.379E+00 2.409E-01  0.0000 0.26763
  4.500E+00 3.116E+01 8.581E+00 0.000E+00 0.000E+00 0.000E+00 0.000E+00 8.581E+00 2.967E-01  0.0000 0.28290
  5.000E+00 3.289E+01 7.926E+00 0.000E+00 0.000E+00 0.000E+00 0.000E+00 7.926E+00 3.574E-01  0.0000 0.29720
  5.500E+00 3.453E+01 7.378E+00 0.000E+00 0.000E+00 0.000E+00 0.000E+00 7.378E+00 4.228E-01  0.0000 0.31066
  6.000E+00 3.611E+01 6.913E+00 0.000E+00 0.000E+00 0.000E+00 0.000E+00 6.913E+00 4.929E-01  0.0000 0.32339
  7.000E+00 3.909E+01 6.163E+00 0.000E+00 0.000E+00 0.000E+00 0.000E+00 6.163E+00 6.464E-01  0.0000 0.34700
  8.000E+00 4.189E+01 5.585E+00 0.000E+00 0.000E+00 0.000E+00 0.000E+00 5.585E+00 8.171E-01  0.0000 0.36854
  9.000E+00 4.453E+01 5.125E+00 0.000E+00 0.000E+00 0.000E+00 0.000E+00 5.125E+00 1.004E+00  0.0000 0.38836
  1.000E+01 4.704E+01 4.749E+00 0.000E+00 0.000E+00 0.000E+00 0.000E+00 4.749E+00 1.207E+00  0.0001 0.40675
  1.200E+01 5.177E+01 4.172E+00 0.000E+00 0.000E+00 0.000E+00 0.000E+00 4.172E+00 1.658E+00  0.0004 0.43998
  1.400E+01 5.616E+01 3.748E+00 0.000E+00 0.000E+00 0.000E+00 0.000E+00 3.748E+00 2.165E+00  0.0009 0.46937
  1.700E+01 6.230E+01 3.289E+00 0.000E+00 0.000E+00 0.000E+00 0.000E+00 3.289E+00 3.022E+00  0.0020 0.50792
  2.000E+01 6.802E+01 2.960E+00 0.000E+00 0.000E+00 0.000E+00 0.000E+00 2.960E+00 3.986E+00  0.0035 0.54129
  2.500E+01 7.686E+01 2.579E+00 0.000E+00 0.000E+00 0.000E+00 0.000E+00 2.579E+00 5.802E+00  0.0068 0.58827
  3.000E+01 8.509E+01 2.322E+00 0.000E+00 0.000E+00 0.000E+00 0.000E+00 2.322E+00 7.851E+00  0.0108 0.62720
  3.500E+01 9.285E+01 2.136E+00 0.000E+00 0.000E+00 0.000E+00 0.000E+00 2.136E+00 1.010E+01  0.0155 0.66011
  4.000E+01 1.003E+02 1.996E+00 0.000E+00 0.000E+00 0.000E+00 0.000E+00 1.996E+00 1.253E+01  0.0208 0.68834
  4.500E+01 1.074E+02 1.888E+00 0.000E+00 0.000E+00 0.000E+00 0.000E+00 1.888E+00 1.510E+01  0.0265 0.71286
  5.000E+01 1.143E+02 1.801E+00 0.000E+00 0.000E+00 0.000E+00 0.000E+00 1.801E+00 1.782E+01  0.0325 0.73434
  5.500E+01 1.210E+02 1.731E+00 0.000E+00 0.000E+00 0.000E+00 0.000E+00 1.731E+00 2.065E+01  0.0389 0.75332
  6.000E+01 1.276E+02 1.673E+00 0.000E+00 0.000E+00 0.000E+00 0.000E+00 1.673E+00 2.359E+01  0.0456 0.77019
  7.000E+01 1.403E+02 1.584E+00 0.000E+00 0.000E+00 0.000E+00 0.000E+00 1.584E+00 2.974E+01  0.0595 0.79887
  8.000E+01 1.527E+02 1.520E+00 0.000E+00 0.000E+00 0.000E+00 0.000E+00 1.520E+00 3.619E+01  0.0739 0.82227
  9.000E+01 1.647E+02 1.472E+00 0.000E+00 0.000E+00 0.000E+00 0.000E+00 1.472E+00 4.288E+01  0.0887 0.84166
  1.000E+02 1.764E+02 1.435E+00 0.000E+00 0.000E+00 0.000E+00 0.000E+00 1.435E+00 4.976E+01  0.1037 0.85794
  1.200E+02 1.994E+02 1.385E+00 0.000E+00 0.000E+00 0.000E+00 0.000E+00 1.385E+00 6.397E+01  0.1340 0.88361
  1.400E+02 2.218E+02 1.353E+00 0.000E+00 0.000E+00 0.000E+00 0.000E+00 1.353E+00 7.859E+01  0.1641 0.90278
  1.700E+02 2.546E+02 1.327E+00 0.000E+00 0.000E+00 0.000E+00 0.000E+00 1.327E+00 1.010E+02  0.2085 0.92363
  2.000E+02 2.868E+02 1.314E+00 0.000E+00 0.000E+00 0.000E+00 0.000E+00 1.314E+00 1.237E+02  0.2515 0.93835
  2.500E+02 3.396E+02 1.309E+00 0.000E+00 0.000E+00 0.000E+00 0.000E+00 1.309E+00 1.619E+02  0.3202 0.95485
  3.000E+02 3.917E+02 1.314E+00 0.000E+00 0.000E+00 0.000E+00 0.000E+00 1.314E+00 2.000E+02  0.3854 0.96548
  3.500E+02 4.432E+02 1.323E+00 2.907E-05 2.967E-06 0.000E+00 3.204E-05 1.323E+00 2.380E+02  0.4475 0.97274
  4.000E+02 4.945E+02 1.334E+00 1.218E-04 1.731E-05 0.000E+00 1.392E-04 1.334E+00 2.756E+02  0.5070 0.97793
  4.500E+02 5.455E+02 1.345E+00 2.014E-04 3.037E-05 0.000E+00 2.318E-04 1.346E+00 3.129E+02  0.5643 0.98176
  5.000E+02 5.964E+02 1.357E+00 2.673E-04 4.537E-05 0.000E+00 3.127E-04 1.358E+00 3.499E+02  0.6195 0.98467
  5.500E+02 6.471E+02 1.369E+00 3.277E-04 6.301E-05 1.478E-05 4.054E-04 1.370E+00 3.866E+02  0.6728 0.98693
  6.000E+02 6.977E+02 1.381E+00 3.856E-04 8.330E-05 4.940E-05 5.183E-04 1.381E+00 4.230E+02  0.7245 0.98873
  7.000E+02 7.987E+02 1.403E+00 4.999E-04 1.316E-04 1.182E-04 7.496E-04 1.403E+00 4.948E+02  0.8230 0.99136
  8.000E+02 8.995E+02 1.423E+00 6.156E-04 1.896E-04 1.828E-04 9.881E-04 1.424E+00 5.655E+02  0.9157 0.99317
  9.000E+02 1.000E+03 1.441E+00 7.348E-04 2.568E-04 2.445E-04 1.236E-03 1.442E+00 6.353E+02  1.0032 0.99447
  1.000E+03 1.101E+03 1.458E+00 8.579E-04 3.326E-04 3.041E-04 1.495E-03 1.460E+00 7.042E+02  1.0860 0.99542
  1.200E+03 1.301E+03 1.488E+00 1.117E-03 5.080E-04 4.189E-04 2.043E-03 1.490E+00 8.398E+02  1.2397 0.99672
  1.400E+03 1.502E+03 1.514E+00 1.391E-03 7.125E-04 5.296E-04 2.633E-03 1.517E+00 9.727E+02  1.3797 0.99753
  1.700E+03 1.803E+03 1.547E+00 1.830E-03 1.068E-03 6.904E-04 3.588E-03 1.551E+00 1.168E+03  1.5695 0.99829
  2.000E+03 2.103E+03 1.575E+00 2.298E-03 1.474E-03 8.463E-04 4.618E-03 1.580E+00 1.360E+03  1.7399 0.99874
  2.500E+03 2.604E+03 1.613E+00 3.132E-03 2.250E-03 1.098E-03 6.480E-03 1.619E+00 1.672E+03  1.9910 0.99918
  3.000E+03 3.104E+03 1.643E+00 4.024E-03 3.131E-03 1.341E-03 8.496E-03 1.651E+00 1.978E+03  2.2106 0.99942
  3.500E+03 3.604E+03 1.668E+00 4.965E-03 4.104E-03 1.577E-03 1.065E-02 1.679E+00 2.278E+03  2.4060 0.99957
  4.000E+03 4.104E+03 1.689E+00 5.948E-03 5.166E-03 1.808E-03 1.292E-02 1.702E+00 2.574E+03  2.5822 0.99967
  4.500E+03 4.604E+03 1.708E+00 6.967E-03 6.304E-03 2.034E-03 1.531E-02 1.723E+00 2.866E+03  2.7427 0.99974
  5.000E+03 5.105E+03 1.724E+00 8.020E-03 7.507E-03 2.256E-03 1.778E-02 1.742E+00 3.155E+03  2.8901 0.99979
  5.500E+03 5.605E+03 1.739E+00 9.102E-03 8.768E-03 2.474E-03 2.034E-02 1.759E+00 3.440E+03  3.0265 0.99982
  6.000E+03 6.105E+03 1.752E+00 1.021E-02 1.008E-02 2.689E-03 2.298E-02 1.775E+00 3.723E+03  3.1534 0.99985
  7.000E+03 7.105E+03 1.775E+00 1.250E-02 1.285E-02 3.111E-03 2.847E-02 1.803E+00 4.282E+03  3.3836 0.99989
  8.000E+03 8.105E+03 1.794E+00 1.488E-02 1.580E-02 3.523E-03 3.419E-02 1.828E+00 4.833E+03  3.5884 0.99992
  9.000E+03 9.105E+03 1.811E+00 1.732E-02 1.888E-02 3.926E-03 4.013E-02 1.851E+00 5.376E+03  3.7731 0.99993
  1.000E+04 1.011E+04 1.825E+00 1.984E-02 2.210E-02 4.323E-03 4.626E-02 1.872E+00 5.914E+03  3.9414 0.99995
  1.200E+04 1.211E+04 1.850E+00 2.503E-02 2.888E-02 5.100E-03 5.902E-02 1.909E+00 6.972E+03  4.2392 0.99996
  1.400E+04 1.411E+04 1.870E+00 3.043E-02 3.604E-02 5.859E-03 7.233E-02 1.942E+00 8.010E+03  4.4973 0.99997
  1.700E+04 1.711E+04 1.895E+00 3.881E-02 4.739E-02 6.969E-03 9.317E-02 1.988E+00 9.536E+03  4.8300 0.99998
  2.000E+04 2.011E+04 1.914E+00 4.750E-02 5.932E-02 8.055E-03 1.149E-01 2.029E+00 1.103E+04  5.1146 0.99999
  2.500E+04 2.511E+04 1.941E+00 6.253E-02 8.026E-02 9.823E-03 1.526E-01 2.093E+00 1.346E+04  5.5135 0.99999
  3.000E+04 3.011E+04 1.961E+00 7.811E-02 1.022E-01 1.155E-02 1.919E-01 2.153E+00 1.581E+04  5.8454 0.99999
  3.500E+04 3.511E+04 1.978E+00 9.414E-02 1.251E-01 1.326E-02 2.325E-01 2.211E+00 1.810E+04  6.1297 1.00000
  4.000E+04 4.011E+04 1.993E+00 1.105E-01 1.486E-01 1.494E-02 2.741E-01 2.267E+00 2.033E+04  6.3783 1.00000
  4.500E+04 4.511E+04 2.005E+00 1.273E-01 1.727E-01 1.661E-02 3.166E-01 2.322E+00 2.251E+04  6.5992 1.00000
  5.000E+04 5.011E+04 2.016E+00 1.443E-01 1.973E-01 1.826E-02 3.598E-01 2.376E+00 2.464E+04  6.7980 1.00000
  5.500E+04 5.511E+04 2.026E+00 1.616E-01 2.223E-01 1.990E-02 4.038E-01 2.429E+00 2.672E+04  6.9787 1.00000
  6.000E+04 6.011E+04 2.035E+00 1.791E-01 2.477E-01 2.154E-02 4.483E-01 2.483E+00 2.876E+04  7.1443 1.00000
  7.000E+04 7.011E+04 2.050E+00 2.147E-01 2.994E-01 2.479E-02 5.389E-01 2.589E+00 3.270E+04  7.4393 1.00000
  8.000E+04 8.011E+04 2.063E+00 2.510E-01 3.523E-01 2.803E-02 6.313E-01 2.694E+00 3.649E+04  7.6962 1.00000
  9.000E+04 9.011E+04 2.074E+00 2.878E-01 4.061E-01 3.126E-02 7.252E-01 2.800E+00 4.013E+04  7.9239 1.00000
  1.000E+05 1.001E+05 2.084E+00 3.252E-01 4.606E-01 3.447E-02 8.203E-01 2.905E+00 4.364E+04  8.1283 1.00000
  1.200E+05 1.201E+05 2.102E+00 4.013E-01 5.716E-01 4.090E-02 1.014E+00 3.115E+00 5.029E+04  8.4837 1.00000
  1.400E+05 1.401E+05 2.116E+00 4.788E-01 6.846E-01 4.732E-02 1.211E+00 3.327E+00 5.650E+04  8.7856 1.00000
  1.700E+05 1.701E+05 2.134E+00 5.972E-01 8.569E-01 5.696E-02 1.511E+00 3.645E+00 6.511E+04  9.1675 1.00000
  2.000E+05 2.001E+05 2.149E+00 7.177E-01 1.032E+00 6.662E-02 1.816E+00 3.965E+00 7.300E+04  9.4884 1.00000
  2.500E+05 2.501E+05 2.169E+00 9.222E-01 1.328E+00 8.282E-02 2.333E+00 4.502E+00 8.483E+04  9.9304 1.00000
  3.000E+05 3.001E+05 2.185E+00 1.130E+00 1.629E+00 9.913E-02 2.858E+00 5.043E+00 9.532E+04 10.2926 1.00000
  3.500E+05 3.501E+05 2.199E+00 1.341E+00 1.932E+00 1.156E-01 3.389E+00 5.588E+00 1.047E+05 10.5993 1.00000
  4.000E+05 4.001E+05 2.211E+00 1.554E+00 2.238E+00 1.321E-01 3.924E+00 6.135E+00 1.133E+05 10.8653 1.00000
  4.500E+05 4.501E+05 2.222E+00 1.769E+00 2.546E+00 1.488E-01 4.463E+00 6.685E+00 1.211E+05 11.1002 1.00000
  5.000E+05 5.001E+05 2.231E+00 1.985E+00 2.855E+00 1.655E-01 5.006E+00 7.237E+00 1.283E+05 11.3103 1.00000
  5.500E+05 5.501E+05 2.240E+00 2.203E+00 3.166E+00 1.824E-01 5.551E+00 7.791E+00 1.349E+05 11.5006 1.00000
  6.000E+05 6.001E+05 2.248E+00 2.422E+00 3.477E+00 1.994E-01 6.099E+00 8.347E+00 1.411E+05 11.6743 1.00000
  7.000E+05 7.001E+05 2.262E+00 2.864E+00 4.104E+00 2.336E-01 7.201E+00 9.463E+00 1.524E+05 11.9821 1.00000
  8.000E+05 8.001E+05 2.274E+00 3.308E+00 4.733E+00 2.682E-01 8.310E+00 1.058E+01 1.624E+05 12.2489 1.00000
  9.000E+05 9.001E+05 2.285E+00 3.756E+00 5.365E+00 3.032E-01 9.424E+00 1.171E+01 1.713E+05 12.4842 1.00000
  1.000E+06 1.000E+06 2.294E+00 4.205E+00 5.999E+00 3.384E-01 1.054E+01 1.284E+01 1.795E+05 12.6948 1.00000
  1.200E+06 1.200E+06 2.311E+00 5.111E+00 7.272E+00 4.098E-01 1.279E+01 1.510E+01 1.938E+05 13.0592 1.00000
  1.400E+06 1.400E+06 2.325E+00 6.022E+00 8.549E+00 4.821E-01 1.505E+01 1.738E+01 2.062E+05 13.3674 1.00000
  1.700E+06 1.700E+06 2.343E+00 7.397E+00 1.047E+01 5.924E-01 1.846E+01 2.081E+01 2.219E+05 13.7556 1.00000
  2.000E+06 2.000E+06 2.358E+00 8.781E+00 1.240E+01 7.045E-01 2.189E+01 2.425E+01 2.353E+05 14.0806 1.00000
  2.500E+06 2.500E+06 2.379E+00 1.110E+01 1.563E+01 8.947E-01 2.762E+01 3.000E+01 2.538E+05 14.5268 1.00000
  3.000E+06 3.000E+06 2.397E+00 1.343E+01 1.886E+01 1.089E+00 3.338E+01 3.578E+01 2.690E+05 14.8914 1.00000
  3.500E+06 3.500E+06 2.411E+00 1.577E+01 2.210E+01 1.286E+00 3.916E+01 4.157E+01 2.820E+05 15.1997 1.00000
  4.000E+06 4.000E+06 2.424E+00 1.812E+01 2.535E+01 1.486E+00 4.495E+01 4.737E+01 2.932E+05 15.4667 1.00000
  4.500E+06 4.500E+06 2.436E+00 2.047E+01 2.859E+01 1.688E+00 5.075E+01 5.319E+01 3.032E+05 15.7023 1.00000
  5.000E+06 5.000E+06 2.446E+00 2.282E+01 3.185E+01 1.893E+00 5.656E+01 5.901E+01 3.121E+05 15.9130 1.00000
  5.500E+06 5.500E+06 2.455E+00 2.518E+01 3.510E+01 2.100E+00 6.238E+01 6.484E+01 3.202E+05 16.1036 1.00000
  6.000E+06 6.000E+06 2.464E+00 2.755E+01 3.836E+01 2.309E+00 6.821E+01 7.068E+01 3.276E+05 16.2776 1.00000
  7.000E+06 7.000E+06 2.479E+00 3.228E+01 4.487E+01 2.733E+00 7.989E+01 8.237E+01 3.407E+05 16.5859 1.00000
  8.000E+06 8.000E+06 2.492E+00 3.702E+01 5.140E+01 3.163E+00 9.158E+01 9.408E+01 3.520E+05 16.8530 1.00000
  9.000E+06 9.000E+06 2.504E+00 4.177E+01 5.793E+01 3.598E+00 1.033E+02 1.058E+02 3.621E+05 17.0885 1.00000
  1.000E+07 1.000E+07 2.514E+00 4.653E+01 6.446E+01 4.039E+00 1.150E+02 1.175E+02 3.710E+05 17.2992 1.00000
  1.200E+07 1.200E+07 2.533E+00 5.605E+01 7.753E+01 4.935E+00 1.385E+02 1.410E+02 3.865E+05 17.6639 1.00000
  1.400E+07 1.400E+07 2.548E+00 6.558E+01 9.061E+01 5.847E+00 1.620E+02 1.646E+02 3.996E+05 17.9722 1.00000
  1.700E+07 1.700E+07 2.568E+00 7.989E+01 1.102E+02 7.242E+00 1.974E+02 1.999E+02 4.162E+05 18.3605 1.00000
  2.000E+07 2.000E+07 2.585E+00 9.423E+01 1.299E+02 8.665E+00 2.328E+02 2.354E+02 4.300E+05 18.6855 1.00000
  2.500E+07 2.500E+07 2.608E+00 1.181E+02 1.626E+02 1.109E+01 2.919E+02 2.945E+02 4.489E+05 19.1318 1.00000
  3.000E+07 3.000E+07 2.627E+00 1.421E+02 1.954E+02 1.357E+01 3.510E+02 3.537E+02 4.644E+05 19.4964 1.00000
  3.500E+07 3.500E+07 2.643E+00 1.660E+02 2.282E+02 1.609E+01 4.103E+02 4.129E+02 4.775E+05 19.8047 1.00000
  4.000E+07 4.000E+07 2.658E+00 1.900E+02 2.610E+02 1.866E+01 4.696E+02 4.722E+02 4.888E+05 20.0718 1.00000
  4.500E+07 4.500E+07 2.670E+00 2.139E+02 2.937E+02 2.127E+01 5.289E+02 5.316E+02 4.988E+05 20.3074 1.00000
  5.000E+07 5.000E+07 2.682E+00 2.379E+02 3.265E+02 2.391E+01 5.883E+02 5.910E+02 5.077E+05 20.5181 1.00000
  5.500E+07 5.500E+07 2.692E+00 2.619E+02 3.593E+02 2.658E+01 6.478E+02 6.505E+02 5.157E+05 20.7087 1.00000
  6.000E+07 6.000E+07 2.701E+00 2.858E+02 3.921E+02 2.927E+01 7.073E+02 7.100E+02 5.231E+05 20.8827 1.00000
  7.000E+07 7.000E+07 2.718E+00 3.338E+02 4.577E+02 3.475E+01 8.263E+02 8.290E+02 5.361E+05 21.1910 1.00000
  8.000E+07 8.000E+07 2.733E+00 3.818E+02 5.234E+02 4.031E+01 9.455E+02 9.482E+02 5.474E+05 21.4581 1.00000
  9.000E+07 9.000E+07 2.746E+00 4.298E+02 5.890E+02 4.596E+01 1.065E+03 1.067E+03 5.573E+05 21.6937 1.00000
  1.000E+08 1.000E+08 2.758E+00 4.778E+02 6.546E+02 5.168E+01 1.184E+03 1.187E+03 5.662E+05 21.9044 1.00000
  1.200E+08 1.200E+08 2.778E+00 5.738E+02 7.859E+02 6.331E+01 1.423E+03 1.426E+03 5.816E+05 22.2690 1.00000
  1.400E+08 1.400E+08 2.796E+00 6.698E+02 9.172E+02 7.518E+01 1.662E+03 1.665E+03 5.945E+05 22.5773 1.00000
  1.700E+08 1.700E+08 2.818E+00 8.139E+02 1.114E+03 9.336E+01 2.021E+03 2.024E+03 6.109E+05 22.9656 1.00000
  2.000E+08 2.000E+08 2.836E+00 9.580E+02 1.311E+03 1.119E+02 2.381E+03 2.384E+03 6.245E+05 23.2907 1.00000
  2.500E+08 2.500E+08 2.862E+00 1.198E+03 1.639E+03 1.436E+02 2.981E+03 2.984E+03 6.432E+05 23.7370 1.00000
  3.000E+08 3.000E+08 2.884E+00 1.438E+03 1.968E+03 1.760E+02 3.582E+03 3.585E+03 6.585E+05 24.1016 1.00000
  3.500E+08 3.500E+08 2.902E+00 1.678E+03 2.296E+03 2.092E+02 4.183E+03 4.186E+03 6.714E+05 24.4099 1.00000
  4.000E+08 4.000E+08 2.918E+00 1.919E+03 2.624E+03 2.428E+02 4.786E+03 4.789E+03 6.825E+05 24.6770 1.00000
  4.500E+08 4.500E+08 2.932E+00 2.159E+03 2.952E+03 2.770E+02 5.388E+03 5.391E+03 6.924E+05 24.9125 1.00000
  5.000E+08 5.000E+08 2.944E+00 2.399E+03 3.281E+03 3.117E+02 5.992E+03 5.995E+03 7.012E+05 25.1232 1.00000
  5.500E+08 5.500E+08 2.956E+00 2.639E+03 3.609E+03 3.468E+02 6.595E+03 6.598E+03 7.091E+05 25.3139 1.00000
  6.000E+08 6.000E+08 2.966E+00 2.879E+03 3.937E+03 3.823E+02 7.199E+03 7.202E+03 7.164E+05 25.4879 1.00000
  7.000E+08 7.000E+08 2.985E+00 3.360E+03 4.594E+03 4.543E+02 8.408E+03 8.411E+03 7.292E+05 25.7962 1.00000
  8.000E+08 8.000E+08 3.002E+00 3.840E+03 5.251E+03 5.277E+02 9.619E+03 9.622E+03 7.403E+05 26.0632 1.00000
  9.000E+08 9.000E+08 3.016E+00 4.321E+03 5.907E+03 6.021E+02 1.083E+04 1.083E+04 7.501E+05 26.2987 1.00000
  1.000E+09 1.000E+09 3.029E+00 4.801E+03 6.564E+03 6.776E+02 1.204E+04 1.205E+04 7.588E+05 26.5094 1.00000
  1.200E+09 1.200E+09 3.052E+00 5.762E+03 7.877E+03 8.314E+02 1.447E+04 1.447E+04 7.740E+05 26.8741 1.00000
  1.400E+09 1.400E+09 3.072E+00 6.723E+03 9.191E+03 9.884E+02 1.690E+04 1.691E+04 7.867E+05 27.1820 1.00000
  1.700E+09 1.700E+09 3.096E+00 8.164E+03 1.116E+04 1.229E+03 2.055E+04 2.056E+04 8.028E+05 27.5703 1.00000
  2.000E+09 2.000E+09 3.117E+00 9.606E+03 1.313E+04 1.475E+03 2.421E+04 2.422E+04 8.162E+05 27.8938 1.00000
  2.500E+09 2.500E+09 3.146E+00 1.201E+04 1.641E+04 1.896E+03 3.032E+04 3.032E+04 8.347E+05 28.3401 1.00000
  3.000E+09 3.000E+09 3.171E+00 1.441E+04 1.970E+04 2.327E+03 3.644E+04 3.644E+04 8.497E+05 28.6982 1.00000
  3.500E+09 3.500E+09 3.191E+00 1.681E+04 2.298E+04 2.767E+03 4.256E+04 4.256E+04 8.624E+05 29.0065 1.00000
  4.000E+09 4.000E+09 3.209E+00 1.921E+04 2.627E+04 3.216E+03 4.870E+04 4.870E+04 8.734E+05 29.2736 1.00000
  4.500E+09 4.500E+09 3.226E+00 2.162E+04 2.955E+04 3.672E+03 5.484E+04 5.484E+04 8.830E+05 29.4800 1.00000
  5.000E+09 5.000E+09 3.241E+00 2.402E+04 3.283E+04 4.134E+03 6.099E+04 6.099E+04 8.917E+05 29.6907 1.00000
  5.500E+09 5.500E+09 3.254E+00 2.642E+04 3.612E+04 4.603E+03 6.714E+04 6.714E+04 8.995E+05 29.8814 1.00000
  6.000E+09 6.000E+09 3.265E+00 2.882E+04 3.940E+04 5.077E+03 7.330E+04 7.330E+04 9.066E+05 30.0554 1.00000
  7.000E+09 7.000E+09 3.286E+00 3.363E+04 4.597E+04 6.040E+03 8.563E+04 8.564E+04 9.192E+05 30.3637 1.00000
  8.000E+09 8.000E+09 3.315E+00 3.843E+04 5.253E+04 7.021E+03 9.799E+04 9.799E+04 9.301E+05 30.4753 1.00000
  9.000E+09 9.000E+09 3.331E+00 4.324E+04 5.910E+04 8.018E+03 1.104E+05 1.104E+05 9.397E+05 30.7108 1.00000
  1.000E+10 1.000E+10 3.346E+00 4.804E+04 6.567E+04 9.030E+03 1.227E+05 1.227E+05 9.483E+05 30.9216 1.00000
  1.200E+10 1.200E+10 3.372E+00 5.765E+04 7.880E+04 1.109E+04 1.475E+05 1.475E+05 9.632E+05 31.2862 1.00000
  1.400E+10 1.400E+10 3.393E+00 6.726E+04 9.194E+04 1.320E+04 1.724E+05 1.724E+05 9.757E+05 31.5945 1.00000
  1.700E+10 1.700E+10 3.421E+00 8.167E+04 1.116E+05 1.644E+04 2.098E+05 2.098E+05 9.914E+05 31.9828 1.00000
  2.000E+10 2.000E+10 3.444E+00 9.609E+04 1.313E+05 1.975E+04 2.472E+05 2.472E+05 1.005E+06 32.3079 1.00000
  2.500E+10 2.500E+10 3.477E+00 1.201E+05 1.642E+05 2.542E+04 3.097E+05 3.097E+05 1.023E+06 32.7542 1.00000
  3.000E+10 3.000E+10 3.503E+00 1.441E+05 1.970E+05 3.125E+04 3.724E+05 3.724E+05 1.037E+06 33.1188 1.00000
  3.500E+10 3.500E+10 3.526E+00 1.682E+05 2.298E+05 3.720E+04 4.352E+05 4.352E+05 1.050E+06 33.4271 1.00000
  4.000E+10 4.000E+10 3.546E+00 1.922E+05 2.627E+05 4.328E+04 4.981E+05 4.981E+05 1.060E+06 33.6942 1.00000
  4.500E+10 4.500E+10 3.564E+00 2.162E+05 2.955E+05 4.945E+04 5.612E+05 5.612E+05 1.070E+06 33.9297 1.00000
  5.000E+10 5.000E+10 3.579E+00 2.402E+05 3.283E+05 5.572E+04 6.243E+05 6.243E+05 1.078E+06 34.1404 1.00000
  5.500E+10 5.500E+10 3.594E+00 2.643E+05 3.612E+05 6.208E+04 6.875E+05 6.875E+05 1.086E+06 34.3311 1.00000
  6.000E+10 6.000E+10 3.607E+00 2.883E+05 3.940E+05 6.852E+04 7.508E+05 7.508E+05 1.093E+06 34.5051 1.00000
  7.000E+10 7.000E+10 3.631E+00 3.363E+05 4.597E+05 8.161E+04 8.776E+05 8.776E+05 1.105E+06 34.8134 1.00000
  8.000E+10 8.000E+10 3.651E+00 3.844E+05 5.253E+05 9.496E+04 1.005E+06 1.005E+06 1.116E+06 35.0805 1.00000
  9.000E+10 9.000E+10 3.669E+00 4.324E+05 5.910E+05 1.085E+05 1.132E+06 1.132E+06 1.125E+06 35.3160 1.00000
  1.000E+11 1.000E+11 3.686E+00 4.805E+05 6.567E+05 1.223E+05 1.259E+06 1.259E+06 1.134E+06 35.5267 1.00000
  1.200E+11 1.200E+11 3.714E+00 5.765E+05 7.880E+05 1.505E+05 1.515E+06 1.515E+06 1.148E+06 35.8914 1.00000
  1.400E+11 1.400E+11 3.739E+00 6.726E+05 9.194E+05 1.793E+05 1.771E+06 1.771E+06 1.160E+06 36.1997 1.00000
  1.700E+11 1.700E+11 3.769E+00 8.168E+05 1.116E+06 2.236E+05 2.157E+06 2.157E+06 1.176E+06 36.5880 1.00000
  2.000E+11 2.000E+11 3.796E+00 9.609E+05 1.313E+06 2.690E+05 2.543E+06 2.543E+06 1.188E+06 36.9130 1.00000
  2.500E+11 2.500E+11 3.832E+00 1.201E+06 1.642E+06 3.469E+05 3.190E+06 3.190E+06 1.206E+06 37.3593 1.00000
  3.000E+11 3.000E+11 3.861E+00 1.441E+06 1.970E+06 4.270E+05 3.838E+06 3.838E+06 1.220E+06 37.7240 1.00000
  3.500E+11 3.500E+11 3.887E+00 1.682E+06 2.298E+06 5.090E+05 4.489E+06 4.489E+06 1.232E+06 38.0323 1.00000
  4.000E+11 4.000E+11 3.909E+00 1.922E+06 2.627E+06 5.927E+05 5.141E+06 5.141E+06 1.243E+06 38.2993 1.00000
  4.500E+11 4.500E+11 3.929E+00 2.162E+06 2.955E+06 6.779E+05 5.795E+06 5.795E+06 1.252E+06 38.5349 1.00000
  5.000E+11 5.000E+11 3.946E+00 2.402E+06 3.283E+06 7.646E+05 6.450E+06 6.450E+06 1.260E+06 38.7456 1.00000
  5.500E+11 5.500E+11 3.962E+00 2.643E+06 3.612E+06 8.525E+05 7.107E+06 7.107E+06 1.267E+06 38.9362 1.00000
  6.000E+11 6.000E+11 3.977E+00 2.883E+06 3.940E+06 9.415E+05 7.764E+06 7.764E+06 1.274E+06 39.1103 1.00000
  7.000E+11 7.000E+11 4.003E+00 3.363E+06 4.597E+06 1.123E+06 9.083E+06 9.083E+06 1.286E+06 39.4186 1.00000
  8.000E+11 8.000E+11 4.026E+00 3.844E+06 5.253E+06 1.308E+06 1.040E+07 1.040E+07 1.296E+06 39.6856 1.00000
  9.000E+11 9.000E+11 4.047E+00 4.324E+06 5.910E+06 1.497E+06 1.173E+07 1.173E+07 1.305E+06 39.9212 1.00000
  1.000E+12 1.000E+12 4.065E+00 4.805E+06 6.566E+06 1.688E+06 1.306E+07 1.306E+07 1.313E+06 40.1319 1.00000
