 Incident particle is a Muon with M = 105.65839 MeV
 Index = 0: AluminumOxideSapphire
      Absorber with <Z/A> = 0.49039
 Density effect computed following Fano (1963)
 Models for Radloss: brems =  SSR, pair =  SSR, photonuc = DRSS

 *** Table generated with PUMAS v1.1 ***

      T         p     Ionization  brems     pair     photonuc  Radloss    dE/dx   CSDA Range  delta   beta
    [MeV]    [MeV/c]  -----------------------[MeV cm^2/g]------------------------  [g/cm^2]
  1.000E+00 1.457E+01 3.932E+01 0.000E+00 0.000E+00 0.000E+00 0.000E+00 3.932E+01 1.272E-02  0.0000 0.13661
  1.200E+00 1.597E+01 3.407E+01 0.000E+00 0.000E+00 0.000E+00 0.000E+00 3.407E+01 1.820E-02  0.0000 0.14944
  1.400E+00 1.726E+01 3.016E+01 0.000E+00 0.000E+00 0.000E+00 0.000E+00 3.016E+01 2.445E-02  0.0000 0.16119
  1.700E+00 1.903E+01 2.585E+01 0.000E+00 0.000E+00 0.000E+00 0.000E+00 2.585E+01 3.523E-02  0.0000 0.17725
  2.000E+00 2.066E+01 2.272E+01 0.000E+00 0.000E+00 0.000E+00 0.000E+00 2.272E+01 4.764E-02  0.0000 0.19186
  2.500E+00 2.312E+01 1.901E+01 0.000E+00 0.000E+00 0.000E+00 0.000E+00 1.901E+01 7.181E-02  0.0000 0.21376
  3.000E+00 2.536E+01 1.644E+01 0.000E+00 0.000E+00 0.000E+00 0.000E+00 1.644E+01 1.002E-01  0.0000 0.23336
  3.500E+00 2.742E+01 1.454E+01 0.000E+00 0.000E+00 0.000E+00 0.000E+00 1.454E+01 1.326E-01  0.0000 0.25120
  4.000E+00 2.935E+01 1.308E+01 0.000E+00 0.000E+00 0.000E+00 0.000E+00 1.308E+01 1.689E-01  0.0000 0.26763
  4.500E+00 3.116E+01 1.191E+01 0.000E+00 0.000E+00 0.000E+00 0.000E+00 1.191E+01 2.090E-01  0.0000 0.28290
  5.000E+00 3.289E+01 1.097E+01 0.000E+00 0.000E+00 0.000E+00 0.000E+00 1.097E+01 2.528E-01  0.0000 0.29720
  5.500E+00 3.453E+01 1.017E+01 0.000E+00 0.000E+00 0.000E+00 0.000E+00 1.017E+01 3.002E-01  0.0000 0.31066
  6.000E+00 3.611E+01 9.506E+00 0.000E+00 0.000E+00 0.000E+00 0.000E+00 9.506E+00 3.511E-01  0.0001 0.32339
  7.000E+00 3.909E+01 8.435E+00 0.000E+00 0.000E+00 0.000E+00 0.000E+00 8.435E+00 4.630E-01  0.0002 0.34700
  8.000E+00 4.189E+01 7.614E+00 0.000E+00 0.000E+00 0.000E+00 0.000E+00 7.614E+00 5.880E-01  0.0004 0.36854
  9.000E+00 4.453E+01 6.964E+00 0.000E+00 0.000E+00 0.000E+00 0.000E+00 6.964E+00 7.255E-01  0.0006 0.38836
  1.000E+01 4.704E+01 6.435E+00 0.000E+00 0.000E+00 0.000E+00 0.000E+00 6.435E+00 8.750E-01  0.0009 0.40675
  1.200E+01 5.177E+01 5.626E+00 0.000E+00 0.000E+00 0.000E+00 0.000E+00 5.626E+00 1.208E+00  0.0016 0.43998
  1.400E+01 5.616E+01 5.036E+00 0.000E+00 0.000E+00 0.000E+00 0.000E+00 5.036E+00 1.585E+00  0.0025 0.46937
  1.700E+01 6.230E+01 4.399E+00 0.000E+00 0.000E+00 0.000E+00 0.000E+00 4.399E+00 2.224E+00  0.0043 0.50792
  2.000E+01 6.802E+01 3.945E+00 0.000E+00 0.000E+00 0.000E+00 0.000E+00 3.945E+00 2.946E+00  0.0064 0.54129
  2.500E+01 7.686E+01 3.423E+00 0.000E+00 0.000E+00 0.000E+00 0.000E+00 3.423E+00 4.312E+00  0.0108 0.58827
  3.000E+01 8.509E+01 3.070E+00 0.000E+00 0.000E+00 0.000E+00 0.000E+00 3.070E+00 5.859E+00  0.0160 0.62720
  3.500E+01 9.285E+01 2.816E+00 0.000E+00 0.000E+00 0.000E+00 0.000E+00 2.816E+00 7.563E+00  0.0221 0.66011
  4.000E+01 1.003E+02 2.625E+00 0.000E+00 0.000E+00 0.000E+00 0.000E+00 2.625E+00 9.405E+00  0.0289 0.68834
  4.500E+01 1.074E+02 2.477E+00 0.000E+00 0.000E+00 0.000E+00 0.000E+00 2.477E+00 1.137E+01  0.0364 0.71286
  5.000E+01 1.143E+02 2.359E+00 0.000E+00 0.000E+00 0.000E+00 0.000E+00 2.359E+00 1.344E+01  0.0444 0.73434
  5.500E+01 1.210E+02 2.264E+00 0.000E+00 0.000E+00 0.000E+00 0.000E+00 2.264E+00 1.560E+01  0.0529 0.75332
  6.000E+01 1.276E+02 2.185E+00 0.000E+00 0.000E+00 0.000E+00 0.000E+00 2.185E+00 1.785E+01  0.0619 0.77019
  7.000E+01 1.403E+02 2.063E+00 0.000E+00 0.000E+00 0.000E+00 0.000E+00 2.063E+00 2.257E+01  0.0809 0.79887
  8.000E+01 1.527E+02 1.974E+00 0.000E+00 0.000E+00 0.000E+00 0.000E+00 1.974E+00 2.753E+01  0.1011 0.82227
  9.000E+01 1.647E+02 1.907E+00 0.000E+00 0.000E+00 0.000E+00 0.000E+00 1.907E+00 3.269E+01  0.1223 0.84166
  1.000E+02 1.764E+02 1.855E+00 0.000E+00 0.000E+00 0.000E+00 0.000E+00 1.855E+00 3.801E+01  0.1443 0.85794
  1.200E+02 1.994E+02 1.783E+00 0.000E+00 0.000E+00 0.000E+00 0.000E+00 1.783E+00 4.902E+01  0.1897 0.88361
  1.400E+02 2.218E+02 1.737E+00 0.000E+00 0.000E+00 0.000E+00 0.000E+00 1.737E+00 6.039E+01  0.2365 0.90278
  1.700E+02 2.546E+02 1.695E+00 4.589E-06 4.183E-10 0.000E+00 4.589E-06 1.695E+00 7.790E+01  0.3080 0.92363
  2.000E+02 2.868E+02 1.672E+00 9.632E-06 4.355E-09 0.000E+00 9.637E-06 1.672E+00 9.573E+01  0.3798 0.93835
  2.500E+02 3.396E+02 1.655E+00 3.476E-05 1.619E-07 0.000E+00 3.492E-05 1.655E+00 1.258E+02  0.4985 0.95485
  3.000E+02 3.917E+02 1.652E+00 5.096E-05 1.119E-06 0.000E+00 5.207E-05 1.652E+00 1.561E+02  0.6143 0.96548
  3.500E+02 4.432E+02 1.656E+00 6.541E-05 2.946E-06 0.000E+00 6.836E-05 1.656E+00 1.863E+02  0.7263 0.97274
  4.000E+02 4.945E+02 1.663E+00 7.958E-05 5.624E-06 0.000E+00 8.520E-05 1.663E+00 2.164E+02  0.8342 0.97793
  4.500E+02 5.455E+02 1.671E+00 9.401E-05 9.135E-06 0.000E+00 1.031E-04 1.671E+00 2.464E+02  0.9379 0.98176
  5.000E+02 5.964E+02 1.680E+00 1.089E-04 1.346E-05 0.000E+00 1.224E-04 1.680E+00 2.763E+02  1.0374 0.98467
  5.500E+02 6.471E+02 1.689E+00 1.243E-04 1.857E-05 1.529E-05 1.582E-04 1.689E+00 3.059E+02  1.1327 0.98693
  6.000E+02 6.977E+02 1.699E+00 1.403E-04 2.445E-05 5.090E-05 2.156E-04 1.699E+00 3.355E+02  1.2242 0.98873
  7.000E+02 7.987E+02 1.717E+00 1.738E-04 3.842E-05 1.217E-04 3.339E-04 1.717E+00 3.940E+02  1.3960 0.99136
  8.000E+02 8.995E+02 1.734E+00 2.094E-04 5.519E-05 1.886E-04 4.532E-04 1.734E+00 4.519E+02  1.5545 0.99317
  9.000E+02 1.000E+03 1.750E+00 2.470E-04 7.457E-05 2.525E-04 5.741E-04 1.750E+00 5.093E+02  1.7012 0.99447
  1.000E+03 1.101E+03 1.765E+00 2.864E-04 9.642E-05 3.144E-04 6.973E-04 1.765E+00 5.662E+02  1.8375 0.99542
  1.200E+03 1.301E+03 1.791E+00 3.701E-04 1.470E-04 4.342E-04 9.513E-04 1.792E+00 6.787E+02  2.0837 0.99672
  1.400E+03 1.502E+03 1.814E+00 4.595E-04 2.058E-04 5.503E-04 1.216E-03 1.815E+00 7.895E+02  2.3010 0.99753
  1.700E+03 1.803E+03 1.844E+00 6.029E-04 3.080E-04 7.196E-04 1.631E-03 1.846E+00 9.534E+02  2.5856 0.99829
  2.000E+03 2.103E+03 1.869E+00 7.558E-04 4.250E-04 8.845E-04 2.065E-03 1.871E+00 1.115E+03  2.8322 0.99874
  2.500E+03 2.604E+03 1.904E+00 1.029E-03 6.483E-04 1.152E-03 2.829E-03 1.907E+00 1.379E+03  3.1824 0.99918
  3.000E+03 3.104E+03 1.932E+00 1.321E-03 9.021E-04 1.411E-03 3.634E-03 1.936E+00 1.640E+03  3.4779 0.99942
  3.500E+03 3.604E+03 1.956E+00 1.628E-03 1.182E-03 1.665E-03 4.475E-03 1.960E+00 1.896E+03  3.7341 0.99957
  4.000E+03 4.104E+03 1.976E+00 1.950E-03 1.498E-03 1.913E-03 5.361E-03 1.981E+00 2.150E+03  3.9605 0.99967
  4.500E+03 4.604E+03 1.993E+00 2.283E-03 1.841E-03 2.157E-03 6.281E-03 2.000E+00 2.401E+03  4.1636 0.99974
  5.000E+03 5.105E+03 2.009E+00 2.627E-03 2.204E-03 2.397E-03 7.229E-03 2.016E+00 2.650E+03  4.3478 0.99979
  5.500E+03 5.605E+03 2.023E+00 2.981E-03 2.585E-03 2.634E-03 8.200E-03 2.031E+00 2.897E+03  4.5165 0.99982
  6.000E+03 6.105E+03 2.035E+00 3.343E-03 2.983E-03 2.868E-03 9.194E-03 2.045E+00 3.143E+03  4.6721 0.99985
  7.000E+03 7.105E+03 2.057E+00 4.092E-03 3.824E-03 3.327E-03 1.124E-02 2.069E+00 3.629E+03  4.9512 0.99989
  8.000E+03 8.105E+03 2.076E+00 4.868E-03 4.719E-03 3.777E-03 1.336E-02 2.089E+00 4.110E+03  5.1965 0.99992
  9.000E+03 9.105E+03 2.092E+00 5.668E-03 5.661E-03 4.220E-03 1.555E-02 2.108E+00 4.586E+03  5.4154 0.99993
  1.000E+04 1.011E+04 2.106E+00 6.490E-03 6.644E-03 4.656E-03 1.779E-02 2.124E+00 5.059E+03  5.6130 0.99995
  1.200E+04 1.211E+04 2.130E+00 8.189E-03 8.720E-03 5.513E-03 2.242E-02 2.153E+00 5.994E+03  5.9587 0.99996
  1.400E+04 1.411E+04 2.150E+00 9.953E-03 1.092E-02 6.352E-03 2.723E-02 2.177E+00 6.917E+03  6.2541 0.99997
  1.700E+04 1.711E+04 2.175E+00 1.270E-02 1.442E-02 7.585E-03 3.470E-02 2.209E+00 8.285E+03  6.6299 0.99998
  2.000E+04 2.011E+04 2.194E+00 1.554E-02 1.811E-02 8.795E-03 4.245E-02 2.237E+00 9.634E+03  6.9468 0.99999
  2.500E+04 2.511E+04 2.221E+00 2.046E-02 2.461E-02 1.077E-02 5.585E-02 2.277E+00 1.185E+04  7.3849 0.99999
  3.000E+04 3.011E+04 2.242E+00 2.557E-02 3.147E-02 1.272E-02 6.975E-02 2.312E+00 1.403E+04  7.7446 0.99999
  3.500E+04 3.511E+04 2.260E+00 3.082E-02 3.861E-02 1.463E-02 8.406E-02 2.344E+00 1.618E+04  8.0498 1.00000
  4.000E+04 4.011E+04 2.274E+00 3.620E-02 4.598E-02 1.653E-02 9.872E-02 2.373E+00 1.830E+04  8.3147 1.00000
  4.500E+04 4.511E+04 2.287E+00 4.170E-02 5.356E-02 1.842E-02 1.137E-01 2.401E+00 2.039E+04  8.5487 1.00000
  5.000E+04 5.011E+04 2.299E+00 4.729E-02 6.131E-02 2.030E-02 1.289E-01 2.428E+00 2.246E+04  8.7583 1.00000
  5.500E+04 5.511E+04 2.309E+00 5.297E-02 6.921E-02 2.216E-02 1.443E-01 2.453E+00 2.451E+04  8.9480 1.00000
  6.000E+04 6.011E+04 2.318E+00 5.872E-02 7.725E-02 2.402E-02 1.600E-01 2.478E+00 2.654E+04  9.1213 1.00000
  7.000E+04 7.011E+04 2.335E+00 7.044E-02 9.368E-02 2.773E-02 1.918E-01 2.527E+00 3.053E+04  9.4285 1.00000
  8.000E+04 8.011E+04 2.349E+00 8.239E-02 1.105E-01 3.142E-02 2.243E-01 2.573E+00 3.446E+04  9.6948 1.00000
  9.000E+04 9.011E+04 2.361E+00 9.455E-02 1.277E-01 3.510E-02 2.573E-01 2.618E+00 3.831E+04  9.9299 1.00000
  1.000E+05 1.001E+05 2.372E+00 1.069E-01 1.451E-01 3.878E-02 2.908E-01 2.663E+00 4.210E+04 10.1402 1.00000
  1.200E+05 1.201E+05 2.390E+00 1.320E-01 1.807E-01 4.614E-02 3.588E-01 2.749E+00 4.949E+04 10.5042 1.00000
  1.400E+05 1.401E+05 2.406E+00 1.576E-01 2.170E-01 5.351E-02 4.282E-01 2.834E+00 5.665E+04 10.8121 1.00000
  1.700E+05 1.701E+05 2.426E+00 1.969E-01 2.726E-01 6.459E-02 5.341E-01 2.960E+00 6.701E+04 11.2000 1.00000
  2.000E+05 2.001E+05 2.442E+00 2.368E-01 3.293E-01 7.571E-02 6.419E-01 3.084E+00 7.694E+04 11.5248 1.00000
  2.500E+05 2.501E+05 2.465E+00 3.048E-01 4.255E-01 9.438E-02 8.246E-01 3.289E+00 9.263E+04 11.9708 1.00000
  3.000E+05 3.001E+05 2.483E+00 3.740E-01 5.233E-01 1.132E-01 1.011E+00 3.493E+00 1.074E+05 12.3353 1.00000
  3.500E+05 3.501E+05 2.498E+00 4.443E-01 6.223E-01 1.322E-01 1.199E+00 3.697E+00 1.213E+05 12.6435 1.00000
  4.000E+05 4.001E+05 2.512E+00 5.154E-01 7.224E-01 1.513E-01 1.389E+00 3.901E+00 1.345E+05 12.9104 1.00000
  4.500E+05 4.501E+05 2.524E+00 5.872E-01 8.232E-01 1.706E-01 1.581E+00 4.105E+00 1.469E+05 13.1459 1.00000
  5.000E+05 5.001E+05 2.534E+00 6.596E-01 9.246E-01 1.900E-01 1.774E+00 4.308E+00 1.588E+05 13.3566 1.00000
  5.500E+05 5.501E+05 2.544E+00 7.326E-01 1.027E+00 2.095E-01 1.969E+00 4.513E+00 1.702E+05 13.5472 1.00000
  6.000E+05 6.001E+05 2.553E+00 8.060E-01 1.129E+00 2.292E-01 2.164E+00 4.717E+00 1.810E+05 13.7212 1.00000
  7.000E+05 7.001E+05 2.568E+00 9.540E-01 1.335E+00 2.688E-01 2.558E+00 5.126E+00 2.013E+05 14.0294 1.00000
  8.000E+05 8.001E+05 2.582E+00 1.103E+00 1.543E+00 3.089E-01 2.955E+00 5.537E+00 2.201E+05 14.2964 1.00000
  9.000E+05 9.001E+05 2.594E+00 1.254E+00 1.751E+00 3.494E-01 3.354E+00 5.948E+00 2.375E+05 14.5320 1.00000
  1.000E+06 1.000E+06 2.605E+00 1.405E+00 1.960E+00 3.903E-01 3.756E+00 6.360E+00 2.538E+05 14.7427 1.00000
  1.200E+06 1.200E+06 2.624E+00 1.710E+00 2.381E+00 4.731E-01 4.564E+00 7.188E+00 2.834E+05 15.1073 1.00000
  1.400E+06 1.400E+06 2.639E+00 2.018E+00 2.803E+00 5.570E-01 5.378E+00 8.018E+00 3.097E+05 15.4155 1.00000
  1.700E+06 1.700E+06 2.660E+00 2.483E+00 3.440E+00 6.850E-01 6.608E+00 9.268E+00 3.445E+05 15.8038 1.00000
  2.000E+06 2.000E+06 2.677E+00 2.951E+00 4.080E+00 8.151E-01 7.846E+00 1.052E+01 3.748E+05 16.1288 1.00000
  2.500E+06 2.500E+06 2.700E+00 3.737E+00 5.150E+00 1.036E+00 9.922E+00 1.262E+01 4.182E+05 16.5751 1.00000
  3.000E+06 3.000E+06 2.720E+00 4.528E+00 6.223E+00 1.261E+00 1.201E+01 1.473E+01 4.548E+05 16.9397 1.00000
  3.500E+06 3.500E+06 2.736E+00 5.323E+00 7.300E+00 1.490E+00 1.411E+01 1.685E+01 4.865E+05 17.2480 1.00000
  4.000E+06 4.000E+06 2.751E+00 6.120E+00 8.378E+00 1.723E+00 1.622E+01 1.897E+01 5.145E+05 17.5151 1.00000
  4.500E+06 4.500E+06 2.763E+00 6.921E+00 9.458E+00 1.958E+00 1.834E+01 2.110E+01 5.394E+05 17.7506 1.00000
  5.000E+06 5.000E+06 2.775E+00 7.723E+00 1.054E+01 2.196E+00 2.046E+01 2.323E+01 5.620E+05 17.9614 1.00000
  5.500E+06 5.500E+06 2.785E+00 8.527E+00 1.162E+01 2.437E+00 2.259E+01 2.537E+01 5.826E+05 18.1520 1.00000
  6.000E+06 6.000E+06 2.795E+00 9.332E+00 1.271E+01 2.679E+00 2.472E+01 2.751E+01 6.015E+05 18.3260 1.00000
  7.000E+06 7.000E+06 2.812E+00 1.095E+01 1.487E+01 3.171E+00 2.899E+01 3.180E+01 6.353E+05 18.6343 1.00000
  8.000E+06 8.000E+06 2.827E+00 1.256E+01 1.705E+01 3.671E+00 3.328E+01 3.611E+01 6.648E+05 18.9014 1.00000
  9.000E+06 9.000E+06 2.840E+00 1.419E+01 1.922E+01 4.177E+00 3.758E+01 4.042E+01 6.910E+05 19.1369 1.00000
  1.000E+07 1.000E+07 2.852E+00 1.581E+01 2.139E+01 4.690E+00 4.189E+01 4.475E+01 7.145E+05 19.3476 1.00000
  1.200E+07 1.200E+07 2.872E+00 1.906E+01 2.575E+01 5.731E+00 5.054E+01 5.341E+01 7.553E+05 19.7123 1.00000
  1.400E+07 1.400E+07 2.890E+00 2.232E+01 3.010E+01 6.792E+00 5.922E+01 6.211E+01 7.900E+05 20.0206 1.00000
  1.700E+07 1.700E+07 2.912E+00 2.722E+01 3.665E+01 8.413E+00 7.228E+01 7.519E+01 8.339E+05 20.4089 1.00000
  2.000E+07 2.000E+07 2.931E+00 3.213E+01 4.319E+01 1.007E+01 8.538E+01 8.831E+01 8.706E+05 20.7339 1.00000
  2.500E+07 2.500E+07 2.957E+00 4.031E+01 5.411E+01 1.289E+01 1.073E+02 1.103E+02 9.212E+05 21.1802 1.00000
  3.000E+07 3.000E+07 2.979E+00 4.851E+01 6.503E+01 1.577E+01 1.293E+02 1.323E+02 9.626E+05 21.5448 1.00000
  3.500E+07 3.500E+07 2.997E+00 5.671E+01 7.595E+01 1.871E+01 1.514E+02 1.544E+02 9.975E+05 21.8531 1.00000
  4.000E+07 4.000E+07 3.013E+00 6.492E+01 8.688E+01 2.169E+01 1.735E+02 1.765E+02 1.028E+06 22.1202 1.00000
  4.500E+07 4.500E+07 3.027E+00 7.314E+01 9.781E+01 2.472E+01 1.957E+02 1.987E+02 1.054E+06 22.3558 1.00000
  5.000E+07 5.000E+07 3.040E+00 8.136E+01 1.087E+02 2.779E+01 2.179E+02 2.209E+02 1.078E+06 22.5665 1.00000
  5.500E+07 5.500E+07 3.051E+00 8.958E+01 1.197E+02 3.089E+01 2.401E+02 2.432E+02 1.100E+06 22.7571 1.00000
  6.000E+07 6.000E+07 3.062E+00 9.780E+01 1.306E+02 3.403E+01 2.624E+02 2.655E+02 1.120E+06 22.9311 1.00000
  7.000E+07 7.000E+07 3.081E+00 1.143E+02 1.525E+02 4.039E+01 3.071E+02 3.102E+02 1.154E+06 23.2394 1.00000
  8.000E+07 8.000E+07 3.097E+00 1.307E+02 1.744E+02 4.686E+01 3.519E+02 3.550E+02 1.185E+06 23.5065 1.00000
  9.000E+07 9.000E+07 3.112E+00 1.472E+02 1.963E+02 5.343E+01 3.969E+02 4.000E+02 1.211E+06 23.7421 1.00000
  1.000E+08 1.000E+08 3.125E+00 1.636E+02 2.181E+02 6.008E+01 4.419E+02 4.450E+02 1.235E+06 23.9528 1.00000
  1.200E+08 1.200E+08 3.148E+00 1.966E+02 2.619E+02 7.361E+01 5.321E+02 5.352E+02 1.276E+06 24.3174 1.00000
  1.400E+08 1.400E+08 3.168E+00 2.295E+02 3.057E+02 8.741E+01 6.226E+02 6.258E+02 1.310E+06 24.6257 1.00000
  1.700E+08 1.700E+08 3.193E+00 2.790E+02 3.714E+02 1.085E+02 7.589E+02 7.621E+02 1.354E+06 25.0140 1.00000
  2.000E+08 2.000E+08 3.214E+00 3.284E+02 4.370E+02 1.301E+02 8.956E+02 8.988E+02 1.390E+06 25.3391 1.00000
  2.500E+08 2.500E+08 3.243E+00 4.108E+02 5.465E+02 1.670E+02 1.124E+03 1.128E+03 1.439E+06 25.7854 1.00000
  3.000E+08 3.000E+08 3.267E+00 4.933E+02 6.560E+02 2.047E+02 1.354E+03 1.357E+03 1.480E+06 26.1500 1.00000
  3.500E+08 3.500E+08 3.287E+00 5.757E+02 7.655E+02 2.432E+02 1.584E+03 1.588E+03 1.514E+06 26.4583 1.00000
  4.000E+08 4.000E+08 3.305E+00 6.582E+02 8.750E+02 2.823E+02 1.816E+03 1.819E+03 1.543E+06 26.7254 1.00000
  4.500E+08 4.500E+08 3.321E+00 7.406E+02 9.845E+02 3.221E+02 2.047E+03 2.051E+03 1.569E+06 26.9609 1.00000
  5.000E+08 5.000E+08 3.335E+00 8.231E+02 1.094E+03 3.624E+02 2.280E+03 2.283E+03 1.592E+06 27.1717 1.00000
  5.500E+08 5.500E+08 3.348E+00 9.056E+02 1.203E+03 4.032E+02 2.512E+03 2.516E+03 1.613E+06 27.3623 1.00000
  6.000E+08 6.000E+08 3.360E+00 9.880E+02 1.313E+03 4.445E+02 2.746E+03 2.749E+03 1.632E+06 27.5363 1.00000
  7.000E+08 7.000E+08 3.381E+00 1.153E+03 1.532E+03 5.283E+02 3.213E+03 3.217E+03 1.666E+06 27.8446 1.00000
  8.000E+08 8.000E+08 3.399E+00 1.318E+03 1.751E+03 6.135E+02 3.682E+03 3.686E+03 1.695E+06 28.1116 1.00000
  9.000E+08 9.000E+08 3.416E+00 1.483E+03 1.970E+03 7.001E+02 4.153E+03 4.156E+03 1.720E+06 28.3471 1.00000
  1.000E+09 1.000E+09 3.430E+00 1.648E+03 2.189E+03 7.879E+02 4.625E+03 4.628E+03 1.743E+06 28.5578 1.00000
  1.200E+09 1.200E+09 3.456E+00 1.978E+03 2.627E+03 9.667E+02 5.571E+03 5.575E+03 1.782E+06 28.9225 1.00000
  1.400E+09 1.400E+09 3.478E+00 2.308E+03 3.065E+03 1.149E+03 6.522E+03 6.525E+03 1.815E+06 29.2304 1.00000
  1.700E+09 1.700E+09 3.506E+00 2.803E+03 3.722E+03 1.429E+03 7.954E+03 7.957E+03 1.857E+06 29.6187 1.00000
  2.000E+09 2.000E+09 3.529E+00 3.297E+03 4.379E+03 1.715E+03 9.392E+03 9.395E+03 1.892E+06 29.9422 1.00000
  2.500E+09 2.500E+09 3.562E+00 4.122E+03 5.474E+03 2.204E+03 1.180E+04 1.180E+04 1.939E+06 30.3885 1.00000
  3.000E+09 3.000E+09 3.589E+00 4.947E+03 6.570E+03 2.705E+03 1.422E+04 1.423E+04 1.978E+06 30.7466 1.00000
  3.500E+09 3.500E+09 3.612E+00 5.772E+03 7.665E+03 3.218E+03 1.665E+04 1.666E+04 2.010E+06 31.0550 1.00000
  4.000E+09 4.000E+09 3.632E+00 6.597E+03 8.760E+03 3.739E+03 1.910E+04 1.910E+04 2.038E+06 31.3220 1.00000
  4.500E+09 4.500E+09 3.652E+00 7.422E+03 9.855E+03 4.269E+03 2.155E+04 2.155E+04 2.063E+06 31.5284 1.00000
  5.000E+09 5.000E+09 3.668E+00 8.246E+03 1.095E+04 4.807E+03 2.400E+04 2.401E+04 2.085E+06 31.7391 1.00000
  5.500E+09 5.500E+09 3.682E+00 9.071E+03 1.205E+04 5.352E+03 2.647E+04 2.647E+04 2.104E+06 31.9298 1.00000
  6.000E+09 6.000E+09 3.695E+00 9.896E+03 1.314E+04 5.903E+03 2.894E+04 2.894E+04 2.123E+06 32.1038 1.00000
  7.000E+09 7.000E+09 3.719E+00 1.155E+04 1.533E+04 7.023E+03 3.390E+04 3.390E+04 2.154E+06 32.4121 1.00000
  8.000E+09 8.000E+09 3.751E+00 1.320E+04 1.752E+04 8.164E+03 3.888E+04 3.888E+04 2.182E+06 32.5237 1.00000
  9.000E+09 9.000E+09 3.770E+00 1.484E+04 1.971E+04 9.323E+03 4.388E+04 4.388E+04 2.206E+06 32.7593 1.00000
  1.000E+10 1.000E+10 3.786E+00 1.649E+04 2.190E+04 1.050E+04 4.890E+04 4.890E+04 2.228E+06 32.9700 1.00000
  1.200E+10 1.200E+10 3.815E+00 1.979E+04 2.628E+04 1.290E+04 5.898E+04 5.898E+04 2.265E+06 33.3346 1.00000
  1.400E+10 1.400E+10 3.839E+00 2.309E+04 3.066E+04 1.535E+04 6.911E+04 6.911E+04 2.296E+06 33.6429 1.00000
  1.700E+10 1.700E+10 3.870E+00 2.804E+04 3.723E+04 1.911E+04 8.439E+04 8.439E+04 2.335E+06 34.0312 1.00000
  2.000E+10 2.000E+10 3.896E+00 3.299E+04 4.381E+04 2.297E+04 9.976E+04 9.977E+04 2.368E+06 34.3563 1.00000
  2.500E+10 2.500E+10 3.933E+00 4.124E+04 5.476E+04 2.956E+04 1.256E+05 1.256E+05 2.413E+06 34.8026 1.00000
  3.000E+10 3.000E+10 3.963E+00 4.949E+04 6.571E+04 3.633E+04 1.515E+05 1.515E+05 2.449E+06 35.1672 1.00000
  3.500E+10 3.500E+10 3.988E+00 5.774E+04 7.666E+04 4.326E+04 1.777E+05 1.777E+05 2.479E+06 35.4755 1.00000
  4.000E+10 4.000E+10 4.011E+00 6.598E+04 8.761E+04 5.032E+04 2.039E+05 2.039E+05 2.506E+06 35.7426 1.00000
  4.500E+10 4.500E+10 4.030E+00 7.423E+04 9.856E+04 5.750E+04 2.303E+05 2.303E+05 2.529E+06 35.9781 1.00000
  5.000E+10 5.000E+10 4.048E+00 8.248E+04 1.095E+05 6.479E+04 2.568E+05 2.568E+05 2.549E+06 36.1889 1.00000
  5.500E+10 5.500E+10 4.064E+00 9.073E+04 1.205E+05 7.218E+04 2.834E+05 2.834E+05 2.568E+06 36.3795 1.00000
  6.000E+10 6.000E+10 4.079E+00 9.898E+04 1.314E+05 7.967E+04 3.101E+05 3.101E+05 2.585E+06 36.5535 1.00000
  7.000E+10 7.000E+10 4.106E+00 1.155E+05 1.533E+05 9.489E+04 3.637E+05 3.637E+05 2.614E+06 36.8618 1.00000
  8.000E+10 8.000E+10 4.129E+00 1.320E+05 1.752E+05 1.104E+05 4.176E+05 4.176E+05 2.640E+06 37.1289 1.00000
  9.000E+10 9.000E+10 4.149E+00 1.485E+05 1.971E+05 1.262E+05 4.718E+05 4.718E+05 2.662E+06 37.3644 1.00000
  1.000E+11 1.000E+11 4.167E+00 1.650E+05 2.190E+05 1.422E+05 5.262E+05 5.262E+05 2.683E+06 37.5751 1.00000
  1.200E+11 1.200E+11 4.200E+00 1.980E+05 2.628E+05 1.750E+05 6.358E+05 6.358E+05 2.717E+06 37.9398 1.00000
  1.400E+11 1.400E+11 4.227E+00 2.310E+05 3.066E+05 2.085E+05 7.461E+05 7.461E+05 2.746E+06 38.2481 1.00000
  1.700E+11 1.700E+11 4.262E+00 2.804E+05 3.723E+05 2.600E+05 9.128E+05 9.128E+05 2.782E+06 38.6364 1.00000
  2.000E+11 2.000E+11 4.291E+00 3.299E+05 4.381E+05 3.128E+05 1.081E+06 1.081E+06 2.813E+06 38.9614 1.00000
  2.500E+11 2.500E+11 4.331E+00 4.124E+05 5.476E+05 4.033E+05 1.363E+06 1.363E+06 2.854E+06 39.4077 1.00000
  3.000E+11 3.000E+11 4.365E+00 4.949E+05 6.571E+05 4.964E+05 1.648E+06 1.648E+06 2.887E+06 39.7724 1.00000
  3.500E+11 3.500E+11 4.393E+00 5.774E+05 7.666E+05 5.918E+05 1.936E+06 1.936E+06 2.915E+06 40.0807 1.00000
  4.000E+11 4.000E+11 4.418E+00 6.599E+05 8.761E+05 6.891E+05 2.225E+06 2.225E+06 2.939E+06 40.3477 1.00000
  4.500E+11 4.500E+11 4.440E+00 7.423E+05 9.856E+05 7.883E+05 2.516E+06 2.516E+06 2.960E+06 40.5833 1.00000
  5.000E+11 5.000E+11 4.460E+00 8.248E+05 1.095E+06 8.890E+05 2.809E+06 2.809E+06 2.979E+06 40.7940 1.00000
  5.500E+11 5.500E+11 4.478E+00 9.073E+05 1.205E+06 9.912E+05 3.103E+06 3.103E+06 2.996E+06 40.9846 1.00000
  6.000E+11 6.000E+11 4.495E+00 9.898E+05 1.314E+06 1.095E+06 3.399E+06 3.399E+06 3.011E+06 41.1587 1.00000
  7.000E+11 7.000E+11 4.524E+00 1.155E+06 1.533E+06 1.306E+06 3.993E+06 3.993E+06 3.038E+06 41.4670 1.00000
  8.000E+11 8.000E+11 4.550E+00 1.320E+06 1.752E+06 1.521E+06 4.593E+06 4.593E+06 3.062E+06 41.7340 1.00000
  9.000E+11 9.000E+11 4.573E+00 1.485E+06 1.971E+06 1.740E+06 5.196E+06 5.196E+06 3.082E+06 41.9696 1.00000
  1.000E+12 1.000E+12 4.593E+00 1.650E+06 2.190E+06 1.963E+06 5.803E+06 5.803E+06 3.100E+06 42.1803 1.00000
