 Incident particle is a Muon with M = 105.65839 MeV
 Index = 0: Antimony
      Absorber with <Z/A> = 0.41886
 Sternheimer coef:  a     k=m_s   x_0    x_1    I[eV]   Cbar  delta0
                 0.1665  2.9319  0.3189  3.3489  487.0  5.6241 0.14

 *** Table generated with PUMAS v1.00 ***

      T         p     Ionization  brems     pair     photonuc  Radloss    dE/dx   CSDA Range  delta   beta
    [MeV]    [MeV/c]  -----------------------[MeV cm^2/g]------------------------  [g/cm^2]
  1.000E+00 1.457E+01 2.524E+01 3.814E-06 0.000E+00 0.000E+00 3.814E-06 2.524E+01 1.981E-02  0.0006 0.13661
  1.200E+00 1.597E+01 2.213E+01 4.382E-06 0.000E+00 0.000E+00 4.382E-06 2.213E+01 2.829E-02  0.0007 0.14944
  1.400E+00 1.726E+01 1.977E+01 4.921E-06 0.000E+00 0.000E+00 4.921E-06 1.977E+01 3.786E-02  0.0009 0.16119
  1.700E+00 1.903E+01 1.713E+01 5.684E-06 0.000E+00 0.000E+00 5.684E-06 1.713E+01 5.421E-02  0.0010 0.17725
  2.000E+00 2.066E+01 1.517E+01 6.402E-06 0.000E+00 0.000E+00 6.402E-06 1.517E+01 7.285E-02  0.0012 0.19186
  2.500E+00 2.312E+01 1.283E+01 7.515E-06 0.000E+00 0.000E+00 7.515E-06 1.283E+01 1.088E-01  0.0015 0.21376
  3.000E+00 2.536E+01 1.118E+01 8.546E-06 0.000E+00 0.000E+00 8.546E-06 1.118E+01 1.507E-01  0.0019 0.23336
  3.500E+00 2.742E+01 9.952E+00 9.510E-06 0.000E+00 0.000E+00 9.510E-06 9.952E+00 1.981E-01  0.0022 0.25120
  4.000E+00 2.935E+01 8.995E+00 1.042E-05 0.000E+00 0.000E+00 1.042E-05 8.995E+00 2.510E-01  0.0025 0.26763
  4.500E+00 3.116E+01 8.230E+00 1.128E-05 0.000E+00 0.000E+00 1.128E-05 8.230E+00 3.092E-01  0.0028 0.28290
  5.000E+00 3.289E+01 7.601E+00 1.210E-05 0.000E+00 0.000E+00 1.210E-05 7.601E+00 3.725E-01  0.0031 0.29720
  5.500E+00 3.453E+01 7.076E+00 1.288E-05 0.000E+00 0.000E+00 1.288E-05 7.076E+00 4.407E-01  0.0034 0.31066
  6.000E+00 3.611E+01 6.629E+00 1.363E-05 0.000E+00 0.000E+00 1.363E-05 6.629E+00 5.138E-01  0.0038 0.32339
  7.000E+00 3.909E+01 5.910E+00 1.505E-05 0.000E+00 0.000E+00 1.505E-05 5.910E+00 6.738E-01  0.0044 0.34700
  8.000E+00 4.189E+01 5.355E+00 1.638E-05 0.000E+00 0.000E+00 1.638E-05 5.355E+00 8.517E-01  0.0051 0.36854
  9.000E+00 4.453E+01 4.914E+00 1.763E-05 0.000E+00 0.000E+00 1.763E-05 4.914E+00 1.047E+00  0.0057 0.38836
  1.000E+01 4.704E+01 4.553E+00 1.881E-05 0.000E+00 0.000E+00 1.881E-05 4.553E+00 1.258E+00  0.0064 0.40675
  1.200E+01 5.177E+01 3.999E+00 2.102E-05 0.000E+00 0.000E+00 2.102E-05 3.999E+00 1.728E+00  0.0077 0.43998
  1.400E+01 5.616E+01 3.593E+00 2.306E-05 0.000E+00 0.000E+00 2.306E-05 3.593E+00 2.256E+00  0.0091 0.46937
  1.700E+01 6.230E+01 3.153E+00 2.589E-05 0.000E+00 0.000E+00 2.589E-05 3.153E+00 3.150E+00  0.0112 0.50792
  2.000E+01 6.802E+01 2.837E+00 2.852E-05 0.000E+00 0.000E+00 2.852E-05 2.837E+00 4.154E+00  0.0134 0.54129
  2.500E+01 7.686E+01 2.472E+00 3.258E-05 0.000E+00 0.000E+00 3.258E-05 2.472E+00 6.047E+00  0.0171 0.58827
  3.000E+01 8.509E+01 2.225E+00 3.638E-05 0.000E+00 0.000E+00 3.638E-05 2.225E+00 8.181E+00  0.0209 0.62720
  3.500E+01 9.285E+01 2.047E+00 4.002E-05 0.000E+00 0.000E+00 4.002E-05 2.047E+00 1.053E+01  0.0249 0.66011
  4.000E+01 1.003E+02 1.914E+00 4.355E-05 0.000E+00 0.000E+00 4.355E-05 1.914E+00 1.305E+01  0.0290 0.68834
  4.500E+01 1.074E+02 1.810E+00 4.703E-05 0.000E+00 0.000E+00 4.703E-05 1.810E+00 1.574E+01  0.0333 0.71286
  5.000E+01 1.143E+02 1.727E+00 5.047E-05 0.000E+00 0.000E+00 5.047E-05 1.727E+00 1.857E+01  0.0377 0.73434
  5.500E+01 1.210E+02 1.660E+00 5.389E-05 0.000E+00 0.000E+00 5.389E-05 1.660E+00 2.152E+01  0.0423 0.75332
  6.000E+01 1.276E+02 1.605E+00 5.731E-05 0.000E+00 0.000E+00 5.731E-05 1.605E+00 2.459E+01  0.0470 0.77019
  7.000E+01 1.403E+02 1.520E+00 6.418E-05 0.000E+00 0.000E+00 6.418E-05 1.520E+00 3.099E+01  0.0569 0.79887
  8.000E+01 1.527E+02 1.459E+00 7.113E-05 0.000E+00 0.000E+00 7.113E-05 1.459E+00 3.771E+01  0.0673 0.82227
  9.000E+01 1.647E+02 1.413E+00 7.820E-05 0.000E+00 0.000E+00 7.820E-05 1.413E+00 4.467E+01  0.0783 0.84166
  1.000E+02 1.764E+02 1.378E+00 8.540E-05 0.000E+00 0.000E+00 8.540E-05 1.378E+00 5.184E+01  0.0899 0.85794
  1.200E+02 1.994E+02 1.330E+00 1.002E-04 0.000E+00 0.000E+00 1.002E-04 1.330E+00 6.662E+01  0.1148 0.88361
  1.400E+02 2.218E+02 1.300E+00 1.156E-04 0.000E+00 0.000E+00 1.156E-04 1.300E+00 8.183E+01  0.1408 0.90278
  1.700E+02 2.546E+02 1.275E+00 1.399E-04 0.000E+00 0.000E+00 1.399E-04 1.276E+00 1.051E+02  0.1730 0.92363
  2.000E+02 2.868E+02 1.264E+00 1.655E-04 0.000E+00 0.000E+00 1.655E-04 1.264E+00 1.288E+02  0.2083 0.93835
  2.500E+02 3.396E+02 1.259E+00 2.109E-04 0.000E+00 0.000E+00 2.109E-04 1.259E+00 1.684E+02  0.2700 0.95485
  3.000E+02 3.917E+02 1.264E+00 2.595E-04 0.000E+00 0.000E+00 2.595E-04 1.264E+00 2.080E+02  0.3325 0.96548
  3.500E+02 4.432E+02 1.272E+00 3.109E-04 0.000E+00 0.000E+00 3.109E-04 1.273E+00 2.474E+02  0.3944 0.97274
  4.000E+02 4.945E+02 1.283E+00 3.651E-04 1.681E-05 0.000E+00 3.819E-04 1.283E+00 2.866E+02  0.4549 0.97793
  4.500E+02 5.455E+02 1.294E+00 4.217E-04 3.530E-05 0.000E+00 4.570E-04 1.294E+00 3.254E+02  0.5138 0.98176
  5.000E+02 5.964E+02 1.305E+00 4.806E-04 5.339E-05 0.000E+00 5.340E-04 1.306E+00 3.638E+02  0.5709 0.98467
  5.500E+02 6.471E+02 1.316E+00 5.417E-04 7.441E-05 0.000E+00 6.161E-04 1.317E+00 4.019E+02  0.6262 0.98693
  6.000E+02 6.977E+02 1.327E+00 6.047E-04 9.855E-05 0.000E+00 7.033E-04 1.328E+00 4.397E+02  0.6797 0.98873
  7.000E+02 7.987E+02 1.348E+00 7.364E-04 1.559E-04 0.000E+00 8.923E-04 1.349E+00 5.145E+02  0.7818 0.99136
  8.000E+02 8.995E+02 1.367E+00 8.749E-04 2.245E-04 0.000E+00 1.099E-03 1.368E+00 5.881E+02  0.8778 0.99317
  9.000E+02 1.000E+03 1.385E+00 1.020E-03 3.038E-04 0.000E+00 1.323E-03 1.386E+00 6.607E+02  0.9683 0.99447
  1.000E+03 1.101E+03 1.401E+00 1.170E-03 3.931E-04 0.000E+00 1.563E-03 1.402E+00 7.324E+02  1.0539 0.99542
  1.200E+03 1.301E+03 1.430E+00 1.485E-03 5.995E-04 2.247E-05 2.107E-03 1.432E+00 8.735E+02  1.2122 0.99672
  1.400E+03 1.502E+03 1.454E+00 1.819E-03 8.395E-04 6.100E-05 2.720E-03 1.457E+00 1.012E+03  1.3561 0.99753
  1.700E+03 1.803E+03 1.486E+00 2.349E-03 1.256E-03 1.294E-04 3.734E-03 1.489E+00 1.216E+03  1.5503 0.99829
  2.000E+03 2.103E+03 1.512E+00 2.908E-03 1.731E-03 2.090E-04 4.849E-03 1.517E+00 1.415E+03  1.7236 0.99874
  2.500E+03 2.604E+03 1.548E+00 3.898E-03 2.639E-03 3.613E-04 6.898E-03 1.555E+00 1.741E+03  1.9773 0.99918
  3.000E+03 3.104E+03 1.577E+00 4.947E-03 3.669E-03 5.192E-04 9.135E-03 1.586E+00 2.059E+03  2.1976 0.99942
  3.500E+03 3.604E+03 1.601E+00 6.047E-03 4.804E-03 6.849E-04 1.154E-02 1.612E+00 2.372E+03  2.3926 0.99957
  4.000E+03 4.104E+03 1.621E+00 7.191E-03 6.041E-03 8.608E-04 1.409E-02 1.636E+00 2.680E+03  2.5679 0.99967
  4.500E+03 4.604E+03 1.639E+00 8.374E-03 7.366E-03 1.043E-03 1.678E-02 1.656E+00 2.984E+03  2.7272 0.99974
  5.000E+03 5.105E+03 1.655E+00 9.591E-03 8.766E-03 1.217E-03 1.957E-02 1.675E+00 3.284E+03  2.8734 0.99979
  5.500E+03 5.605E+03 1.669E+00 1.084E-02 1.023E-02 1.404E-03 2.248E-02 1.692E+00 3.581E+03  3.0085 0.99982
  6.000E+03 6.105E+03 1.682E+00 1.212E-02 1.176E-02 1.577E-03 2.546E-02 1.707E+00 3.875E+03  3.1342 0.99985
  7.000E+03 7.105E+03 1.704E+00 1.475E-02 1.498E-02 1.944E-03 3.168E-02 1.736E+00 4.456E+03  3.3622 0.99989
  8.000E+03 8.105E+03 1.722E+00 1.747E-02 1.840E-02 2.307E-03 3.818E-02 1.761E+00 5.028E+03  3.5651 0.99992
  9.000E+03 9.105E+03 1.739E+00 2.027E-02 2.199E-02 2.646E-03 4.491E-02 1.783E+00 5.593E+03  3.7479 0.99993
  1.000E+04 1.011E+04 1.753E+00 2.314E-02 2.573E-02 2.996E-03 5.187E-02 1.805E+00 6.150E+03  3.9146 0.99995
  1.200E+04 1.211E+04 1.777E+00 2.906E-02 3.361E-02 3.702E-03 6.637E-02 1.843E+00 7.247E+03  4.2094 0.99996
  1.400E+04 1.411E+04 1.796E+00 3.519E-02 4.193E-02 4.406E-03 8.153E-02 1.878E+00 8.322E+03  4.4648 0.99997
  1.700E+04 1.711E+04 1.820E+00 4.472E-02 5.510E-02 5.446E-03 1.053E-01 1.925E+00 9.900E+03  4.7940 0.99998
  2.000E+04 2.011E+04 1.839E+00 5.458E-02 6.896E-02 6.462E-03 1.300E-01 1.969E+00 1.144E+04  5.0757 0.99999
  2.500E+04 2.511E+04 1.864E+00 7.160E-02 9.327E-02 8.124E-03 1.730E-01 2.037E+00 1.394E+04  5.4708 0.99999
  3.000E+04 3.011E+04 1.884E+00 8.923E-02 1.188E-01 9.749E-03 2.178E-01 2.102E+00 1.635E+04  5.8003 0.99999
  3.500E+04 3.511E+04 1.901E+00 1.073E-01 1.453E-01 1.139E-02 2.640E-01 2.165E+00 1.870E+04  6.0832 1.00000
  4.000E+04 4.011E+04 1.915E+00 1.259E-01 1.726E-01 1.300E-02 3.114E-01 2.226E+00 2.098E+04  6.3313 1.00000
  4.500E+04 4.511E+04 1.926E+00 1.448E-01 2.005E-01 1.459E-02 3.599E-01 2.286E+00 2.319E+04  6.5522 1.00000
  5.000E+04 5.011E+04 1.937E+00 1.640E-01 2.290E-01 1.618E-02 4.092E-01 2.346E+00 2.535E+04  6.7514 1.00000
  5.500E+04 5.511E+04 1.946E+00 1.835E-01 2.580E-01 1.778E-02 4.593E-01 2.406E+00 2.746E+04  6.9328 1.00000
  6.000E+04 6.011E+04 1.955E+00 2.032E-01 2.875E-01 1.936E-02 5.101E-01 2.465E+00 2.951E+04  7.0993 1.00000
  7.000E+04 7.011E+04 1.969E+00 2.434E-01 3.475E-01 2.249E-02 6.134E-01 2.583E+00 3.347E+04  7.3965 1.00000
  8.000E+04 8.011E+04 1.982E+00 2.842E-01 4.088E-01 2.562E-02 7.187E-01 2.700E+00 3.726E+04  7.6558 1.00000
  9.000E+04 9.011E+04 1.992E+00 3.258E-01 4.712E-01 2.875E-02 8.257E-01 2.818E+00 4.089E+04  7.8859 1.00000
  1.000E+05 1.001E+05 2.002E+00 3.679E-01 5.344E-01 3.182E-02 9.340E-01 2.936E+00 4.437E+04  8.0926 1.00000
  1.200E+05 1.201E+05 2.018E+00 4.534E-01 6.630E-01 3.806E-02 1.154E+00 3.173E+00 5.092E+04  8.4523 1.00000
  1.400E+05 1.401E+05 2.032E+00 5.406E-01 7.939E-01 4.429E-02 1.379E+00 3.410E+00 5.701E+04  8.7579 1.00000
  1.700E+05 1.701E+05 2.048E+00 6.737E-01 9.936E-01 5.363E-02 1.721E+00 3.769E+00 6.539E+04  9.1444 1.00000
  2.000E+05 2.001E+05 2.062E+00 8.092E-01 1.196E+00 6.301E-02 2.068E+00 4.131E+00 7.300E+04  9.4688 1.00000
  2.500E+05 2.501E+05 2.082E+00 1.039E+00 1.539E+00 7.868E-02 2.657E+00 4.738E+00 8.432E+04  9.9148 1.00000
  3.000E+05 3.001E+05 2.097E+00 1.272E+00 1.887E+00 9.444E-02 3.254E+00 5.351E+00 9.427E+04 10.2793 1.00000
  3.500E+05 3.501E+05 2.110E+00 1.509E+00 2.238E+00 1.104E-01 3.857E+00 5.968E+00 1.031E+05 10.5875 1.00000
  4.000E+05 4.001E+05 2.122E+00 1.748E+00 2.592E+00 1.264E-01 4.466E+00 6.588E+00 1.111E+05 10.8544 1.00000
  4.500E+05 4.501E+05 2.132E+00 1.989E+00 2.948E+00 1.425E-01 5.079E+00 7.211E+00 1.184E+05 11.0900 1.00000
  5.000E+05 5.001E+05 2.141E+00 2.232E+00 3.306E+00 1.587E-01 5.696E+00 7.837E+00 1.250E+05 11.3006 1.00000
  5.500E+05 5.501E+05 2.149E+00 2.476E+00 3.665E+00 1.748E-01 6.316E+00 8.465E+00 1.312E+05 11.4912 1.00000
  6.000E+05 6.001E+05 2.157E+00 2.721E+00 4.025E+00 1.910E-01 6.938E+00 9.095E+00 1.369E+05 11.6652 1.00000
  7.000E+05 7.001E+05 2.170E+00 3.216E+00 4.750E+00 2.236E-01 8.189E+00 1.036E+01 1.472E+05 11.9735 1.00000
  8.000E+05 8.001E+05 2.182E+00 3.714E+00 5.477E+00 2.565E-01 9.448E+00 1.163E+01 1.563E+05 12.2405 1.00000
  9.000E+05 9.001E+05 2.192E+00 4.215E+00 6.207E+00 2.898E-01 1.071E+01 1.290E+01 1.645E+05 12.4760 1.00000
  1.000E+06 1.000E+06 2.201E+00 4.719E+00 6.940E+00 3.234E-01 1.198E+01 1.418E+01 1.719E+05 12.6867 1.00000
  1.200E+06 1.200E+06 2.217E+00 5.732E+00 8.410E+00 3.913E-01 1.453E+01 1.675E+01 1.849E+05 13.0513 1.00000
  1.400E+06 1.400E+06 2.231E+00 6.752E+00 9.886E+00 4.601E-01 1.710E+01 1.933E+01 1.961E+05 13.3596 1.00000
  1.700E+06 1.700E+06 2.248E+00 8.291E+00 1.211E+01 5.650E-01 2.096E+01 2.321E+01 2.103E+05 13.7479 1.00000
  2.000E+06 2.000E+06 2.263E+00 9.839E+00 1.433E+01 6.716E-01 2.484E+01 2.711E+01 2.223E+05 14.0729 1.00000
  2.500E+06 2.500E+06 2.283E+00 1.243E+01 1.806E+01 8.524E-01 3.134E+01 3.362E+01 2.389E+05 14.5192 1.00000
  3.000E+06 3.000E+06 2.300E+00 1.504E+01 2.179E+01 1.037E+00 3.786E+01 4.016E+01 2.526E+05 14.8838 1.00000
  3.500E+06 3.500E+06 2.314E+00 1.765E+01 2.553E+01 1.224E+00 4.440E+01 4.672E+01 2.642E+05 15.1921 1.00000
  4.000E+06 4.000E+06 2.326E+00 2.028E+01 2.927E+01 1.414E+00 5.096E+01 5.329E+01 2.742E+05 15.4591 1.00000
  4.500E+06 4.500E+06 2.337E+00 2.291E+01 3.302E+01 1.606E+00 5.753E+01 5.987E+01 2.831E+05 15.6947 1.00000
  5.000E+06 5.000E+06 2.347E+00 2.554E+01 3.677E+01 1.800E+00 6.411E+01 6.646E+01 2.910E+05 15.9054 1.00000
  5.500E+06 5.500E+06 2.356E+00 2.818E+01 4.052E+01 1.997E+00 7.070E+01 7.305E+01 2.982E+05 16.0960 1.00000
  6.000E+06 6.000E+06 2.364E+00 3.082E+01 4.428E+01 2.195E+00 7.729E+01 7.965E+01 3.048E+05 16.2701 1.00000
  7.000E+06 7.000E+06 2.378E+00 3.611E+01 5.179E+01 2.596E+00 9.050E+01 9.288E+01 3.164E+05 16.5783 1.00000
  8.000E+06 8.000E+06 2.391E+00 4.141E+01 5.931E+01 3.004E+00 1.037E+02 1.061E+02 3.265E+05 16.8454 1.00000
  9.000E+06 9.000E+06 2.402E+00 4.672E+01 6.684E+01 3.416E+00 1.170E+02 1.194E+02 3.354E+05 17.0810 1.00000
  1.000E+07 1.000E+07 2.412E+00 5.203E+01 7.437E+01 3.833E+00 1.302E+02 1.326E+02 3.434E+05 17.2917 1.00000
  1.200E+07 1.200E+07 2.430E+00 6.267E+01 8.943E+01 4.681E+00 1.568E+02 1.592E+02 3.572E+05 17.6563 1.00000
  1.400E+07 1.400E+07 2.445E+00 7.332E+01 1.045E+02 5.544E+00 1.834E+02 1.858E+02 3.689E+05 17.9646 1.00000
  1.700E+07 1.700E+07 2.464E+00 8.932E+01 1.271E+02 6.862E+00 2.233E+02 2.258E+02 3.836E+05 18.3529 1.00000
  2.000E+07 2.000E+07 2.480E+00 1.053E+02 1.498E+02 8.206E+00 2.633E+02 2.658E+02 3.959E+05 18.6780 1.00000
  2.500E+07 2.500E+07 2.502E+00 1.320E+02 1.875E+02 1.049E+01 3.300E+02 3.325E+02 4.128E+05 19.1243 1.00000
  3.000E+07 3.000E+07 2.521E+00 1.588E+02 2.252E+02 1.283E+01 3.969E+02 3.994E+02 4.266E+05 19.4889 1.00000
  3.500E+07 3.500E+07 2.536E+00 1.855E+02 2.630E+02 1.521E+01 4.637E+02 4.663E+02 4.382E+05 19.7972 1.00000
  4.000E+07 4.000E+07 2.550E+00 2.123E+02 3.008E+02 1.763E+01 5.307E+02 5.332E+02 4.482E+05 20.0643 1.00000
  4.500E+07 4.500E+07 2.562E+00 2.391E+02 3.385E+02 2.009E+01 5.977E+02 6.002E+02 4.571E+05 20.2998 1.00000
  5.000E+07 5.000E+07 2.573E+00 2.658E+02 3.763E+02 2.257E+01 6.647E+02 6.673E+02 4.650E+05 20.5105 1.00000
  5.500E+07 5.500E+07 2.583E+00 2.926E+02 4.141E+02 2.508E+01 7.318E+02 7.343E+02 4.722E+05 20.7012 1.00000
  6.000E+07 6.000E+07 2.592E+00 3.194E+02 4.518E+02 2.762E+01 7.989E+02 8.015E+02 4.787E+05 20.8752 1.00000
  7.000E+07 7.000E+07 2.608E+00 3.730E+02 5.274E+02 3.276E+01 9.332E+02 9.358E+02 4.903E+05 21.1835 1.00000
  8.000E+07 8.000E+07 2.622E+00 4.266E+02 6.029E+02 3.798E+01 1.068E+03 1.070E+03 5.003E+05 21.4506 1.00000
  9.000E+07 9.000E+07 2.635E+00 4.802E+02 6.785E+02 4.329E+01 1.202E+03 1.205E+03 5.091E+05 21.6861 1.00000
  1.000E+08 1.000E+08 2.646E+00 5.339E+02 7.541E+02 4.865E+01 1.337E+03 1.339E+03 5.170E+05 21.8968 1.00000
  1.200E+08 1.200E+08 2.666E+00 6.411E+02 9.052E+02 5.956E+01 1.606E+03 1.609E+03 5.307E+05 22.2615 1.00000
  1.400E+08 1.400E+08 2.682E+00 7.484E+02 1.056E+03 7.069E+01 1.875E+03 1.878E+03 5.422E+05 22.5698 1.00000
  1.700E+08 1.700E+08 2.703E+00 9.093E+02 1.283E+03 8.770E+01 2.280E+03 2.283E+03 5.568E+05 22.9581 1.00000
  2.000E+08 2.000E+08 2.721E+00 1.070E+03 1.510E+03 1.051E+02 2.685E+03 2.688E+03 5.689E+05 23.2831 1.00000
  2.500E+08 2.500E+08 2.746E+00 1.339E+03 1.888E+03 1.347E+02 3.361E+03 3.364E+03 5.857E+05 23.7294 1.00000
  3.000E+08 3.000E+08 2.767E+00 1.607E+03 2.266E+03 1.650E+02 4.037E+03 4.040E+03 5.993E+05 24.0941 1.00000
  3.500E+08 3.500E+08 2.784E+00 1.875E+03 2.643E+03 1.959E+02 4.714E+03 4.717E+03 6.108E+05 24.4024 1.00000
  4.000E+08 4.000E+08 2.799E+00 2.144E+03 3.021E+03 2.273E+02 5.392E+03 5.395E+03 6.207E+05 24.6694 1.00000
  4.500E+08 4.500E+08 2.813E+00 2.412E+03 3.399E+03 2.591E+02 6.070E+03 6.073E+03 6.295E+05 24.9050 1.00000
  5.000E+08 5.000E+08 2.825E+00 2.680E+03 3.777E+03 2.914E+02 6.749E+03 6.752E+03 6.373E+05 25.1157 1.00000
  5.500E+08 5.500E+08 2.836E+00 2.949E+03 4.155E+03 3.241E+02 7.428E+03 7.430E+03 6.443E+05 25.3063 1.00000
  6.000E+08 6.000E+08 2.846E+00 3.217E+03 4.533E+03 3.571E+02 8.107E+03 8.110E+03 6.508E+05 25.4804 1.00000
  7.000E+08 7.000E+08 2.864E+00 3.754E+03 5.289E+03 4.241E+02 9.466E+03 9.469E+03 6.622E+05 25.7887 1.00000
  8.000E+08 8.000E+08 2.880E+00 4.290E+03 6.044E+03 4.922E+02 1.083E+04 1.083E+04 6.721E+05 26.0557 1.00000
  9.000E+08 9.000E+08 2.894E+00 4.827E+03 6.800E+03 5.614E+02 1.219E+04 1.219E+04 6.808E+05 26.2913 1.00000
  1.000E+09 1.000E+09 2.907E+00 5.364E+03 7.556E+03 6.314E+02 1.355E+04 1.355E+04 6.886E+05 26.5020 1.00000
