 Incident particle is a Muon with M = 105.65839 MeV
 Index = 0: Arsenic
      Absorber with <Z/A> = 0.44046
 Density effect computed following Fano (1963)
 Models for Radloss: brems =  SSR, pair =  SSR, photonuc = DRSS

 *** Table generated with PUMAS v1.1 ***

      T         p     Ionization  brems     pair     photonuc  Radloss    dE/dx   CSDA Range  delta   beta
    [MeV]    [MeV/c]  -----------------------[MeV cm^2/g]------------------------  [g/cm^2]
  1.000E+00 1.457E+01 2.900E+01 0.000E+00 0.000E+00 0.000E+00 0.000E+00 2.900E+01 1.724E-02  0.0000 0.13661
  1.200E+00 1.597E+01 2.532E+01 0.000E+00 0.000E+00 0.000E+00 0.000E+00 2.532E+01 2.464E-02  0.0000 0.14944
  1.400E+00 1.726E+01 2.256E+01 0.000E+00 0.000E+00 0.000E+00 0.000E+00 2.256E+01 3.302E-02  0.0000 0.16119
  1.700E+00 1.903E+01 1.947E+01 0.000E+00 0.000E+00 0.000E+00 0.000E+00 1.947E+01 4.738E-02  0.0000 0.17725
  2.000E+00 2.066E+01 1.720E+01 0.000E+00 0.000E+00 0.000E+00 0.000E+00 1.720E+01 6.381E-02  0.0000 0.19186
  2.500E+00 2.312E+01 1.450E+01 0.000E+00 0.000E+00 0.000E+00 0.000E+00 1.450E+01 9.561E-02  0.0000 0.21376
  3.000E+00 2.536E+01 1.260E+01 0.000E+00 0.000E+00 0.000E+00 0.000E+00 1.260E+01 1.327E-01  0.0000 0.23336
  3.500E+00 2.742E+01 1.119E+01 0.000E+00 0.000E+00 0.000E+00 0.000E+00 1.119E+01 1.749E-01  0.0000 0.25120
  4.000E+00 2.935E+01 1.010E+01 0.000E+00 0.000E+00 0.000E+00 0.000E+00 1.010E+01 2.220E-01  0.0000 0.26763
  4.500E+00 3.116E+01 9.229E+00 0.000E+00 0.000E+00 0.000E+00 0.000E+00 9.229E+00 2.738E-01  0.0000 0.28290
  5.000E+00 3.289E+01 8.515E+00 0.000E+00 0.000E+00 0.000E+00 0.000E+00 8.515E+00 3.303E-01  0.0000 0.29720
  5.500E+00 3.453E+01 7.918E+00 0.000E+00 0.000E+00 0.000E+00 0.000E+00 7.918E+00 3.912E-01  0.0000 0.31066
  6.000E+00 3.611E+01 7.412E+00 0.000E+00 0.000E+00 0.000E+00 0.000E+00 7.412E+00 4.566E-01  0.0000 0.32339
  7.000E+00 3.909E+01 6.598E+00 0.000E+00 0.000E+00 0.000E+00 0.000E+00 6.598E+00 5.999E-01  0.0000 0.34700
  8.000E+00 4.189E+01 5.972E+00 0.000E+00 0.000E+00 0.000E+00 0.000E+00 5.972E+00 7.594E-01  0.0000 0.36854
  9.000E+00 4.453E+01 5.474E+00 0.000E+00 0.000E+00 0.000E+00 0.000E+00 5.474E+00 9.345E-01  0.0000 0.38836
  1.000E+01 4.704E+01 5.068E+00 0.000E+00 0.000E+00 0.000E+00 0.000E+00 5.068E+00 1.125E+00  0.0000 0.40675
  1.200E+01 5.177E+01 4.445E+00 0.000E+00 0.000E+00 0.000E+00 0.000E+00 4.445E+00 1.547E+00  0.0000 0.43998
  1.400E+01 5.616E+01 3.990E+00 0.000E+00 0.000E+00 0.000E+00 0.000E+00 3.990E+00 2.023E+00  0.0000 0.46937
  1.700E+01 6.230E+01 3.496E+00 0.000E+00 0.000E+00 0.000E+00 0.000E+00 3.496E+00 2.829E+00  0.0000 0.50792
  2.000E+01 6.802E+01 3.143E+00 0.000E+00 0.000E+00 0.000E+00 0.000E+00 3.143E+00 3.736E+00  0.0000 0.54129
  2.500E+01 7.686E+01 2.736E+00 0.000E+00 0.000E+00 0.000E+00 0.000E+00 2.736E+00 5.448E+00  0.0000 0.58827
  3.000E+01 8.509E+01 2.460E+00 0.000E+00 0.000E+00 0.000E+00 0.000E+00 2.460E+00 7.380E+00  0.0000 0.62720
  3.500E+01 9.285E+01 2.262E+00 0.000E+00 0.000E+00 0.000E+00 0.000E+00 2.262E+00 9.504E+00  0.0003 0.66011
  4.000E+01 1.003E+02 2.113E+00 0.000E+00 0.000E+00 0.000E+00 0.000E+00 2.113E+00 1.179E+01  0.0014 0.68834
  4.500E+01 1.074E+02 1.998E+00 0.000E+00 0.000E+00 0.000E+00 0.000E+00 1.998E+00 1.423E+01  0.0031 0.71286
  5.000E+01 1.143E+02 1.905E+00 0.000E+00 0.000E+00 0.000E+00 0.000E+00 1.905E+00 1.679E+01  0.0054 0.73434
  5.500E+01 1.210E+02 1.831E+00 0.000E+00 0.000E+00 0.000E+00 0.000E+00 1.831E+00 1.947E+01  0.0083 0.75332
  6.000E+01 1.276E+02 1.769E+00 0.000E+00 0.000E+00 0.000E+00 0.000E+00 1.769E+00 2.225E+01  0.0115 0.77019
  7.000E+01 1.403E+02 1.674E+00 0.000E+00 0.000E+00 0.000E+00 0.000E+00 1.674E+00 2.807E+01  0.0192 0.79887
  8.000E+01 1.527E+02 1.606E+00 0.000E+00 0.000E+00 0.000E+00 0.000E+00 1.606E+00 3.417E+01  0.0281 0.82227
  9.000E+01 1.647E+02 1.554E+00 0.000E+00 0.000E+00 0.000E+00 0.000E+00 1.554E+00 4.051E+01  0.0381 0.84166
  1.000E+02 1.764E+02 1.515E+00 0.000E+00 0.000E+00 0.000E+00 0.000E+00 1.515E+00 4.703E+01  0.0488 0.85794
  1.200E+02 1.994E+02 1.461E+00 0.000E+00 0.000E+00 0.000E+00 0.000E+00 1.461E+00 6.049E+01  0.0723 0.88361
  1.400E+02 2.218E+02 1.427E+00 0.000E+00 0.000E+00 0.000E+00 0.000E+00 1.427E+00 7.435E+01  0.0978 0.90278
  1.700E+02 2.546E+02 1.398E+00 0.000E+00 0.000E+00 0.000E+00 0.000E+00 1.398E+00 9.562E+01  0.1388 0.92363
  2.000E+02 2.868E+02 1.383E+00 0.000E+00 0.000E+00 0.000E+00 0.000E+00 1.383E+00 1.172E+02  0.1820 0.93835
  2.500E+02 3.396E+02 1.376E+00 0.000E+00 0.000E+00 0.000E+00 0.000E+00 1.376E+00 1.535E+02  0.2571 0.95485
  3.000E+02 3.917E+02 1.378E+00 0.000E+00 0.000E+00 0.000E+00 0.000E+00 1.378E+00 1.898E+02  0.3340 0.96548
  3.500E+02 4.432E+02 1.385E+00 7.814E-05 7.133E-06 0.000E+00 8.527E-05 1.385E+00 2.260E+02  0.4108 0.97274
  4.000E+02 4.945E+02 1.395E+00 1.420E-04 1.488E-05 0.000E+00 1.569E-04 1.395E+00 2.620E+02  0.4865 0.97793
  4.500E+02 5.455E+02 1.405E+00 1.935E-04 2.454E-05 0.000E+00 2.181E-04 1.405E+00 2.977E+02  0.5603 0.98176
  5.000E+02 5.964E+02 1.416E+00 2.404E-04 3.642E-05 0.000E+00 2.769E-04 1.416E+00 3.331E+02  0.6320 0.98467
  5.500E+02 6.471E+02 1.426E+00 2.855E-04 5.048E-05 1.485E-05 3.509E-04 1.427E+00 3.683E+02  0.7014 0.98693
  6.000E+02 6.977E+02 1.437E+00 3.301E-04 6.667E-05 4.961E-05 4.464E-04 1.437E+00 4.032E+02  0.7685 0.98873
  7.000E+02 7.987E+02 1.456E+00 4.200E-04 1.052E-04 1.186E-04 6.438E-04 1.457E+00 4.723E+02  0.8960 0.99136
  8.000E+02 8.995E+02 1.475E+00 5.126E-04 1.514E-04 1.836E-04 8.477E-04 1.476E+00 5.405E+02  1.0153 0.99317
  9.000E+02 1.000E+03 1.492E+00 6.087E-04 2.050E-04 2.456E-04 1.059E-03 1.493E+00 6.079E+02  1.1270 0.99447
  1.000E+03 1.101E+03 1.507E+00 7.084E-04 2.654E-04 3.055E-04 1.279E-03 1.509E+00 6.745E+02  1.2321 0.99542
  1.200E+03 1.301E+03 1.535E+00 9.186E-04 4.052E-04 4.210E-04 1.745E-03 1.537E+00 8.059E+02  1.4246 0.99672
  1.400E+03 1.502E+03 1.559E+00 1.142E-03 5.681E-04 5.325E-04 2.243E-03 1.561E+00 9.350E+02  1.5973 0.99753
  1.700E+03 1.803E+03 1.590E+00 1.500E-03 8.511E-04 6.945E-04 3.045E-03 1.593E+00 1.125E+03  1.8265 0.99829
  2.000E+03 2.103E+03 1.615E+00 1.881E-03 1.175E-03 8.516E-04 3.907E-03 1.619E+00 1.312E+03  2.0272 0.99874
  2.500E+03 2.604E+03 1.651E+00 2.560E-03 1.793E-03 1.105E-03 5.459E-03 1.656E+00 1.617E+03  2.3146 0.99918
  3.000E+03 3.104E+03 1.680E+00 3.287E-03 2.496E-03 1.351E-03 7.134E-03 1.687E+00 1.916E+03  2.5587 0.99942
  3.500E+03 3.604E+03 1.704E+00 4.053E-03 3.271E-03 1.590E-03 8.913E-03 1.713E+00 2.210E+03  2.7713 0.99957
  4.000E+03 4.104E+03 1.724E+00 4.853E-03 4.120E-03 1.823E-03 1.080E-02 1.735E+00 2.500E+03  2.9602 0.99967
  4.500E+03 4.604E+03 1.742E+00 5.683E-03 5.032E-03 2.052E-03 1.277E-02 1.755E+00 2.787E+03  3.1306 0.99974
  5.000E+03 5.105E+03 1.758E+00 6.539E-03 5.995E-03 2.276E-03 1.481E-02 1.773E+00 3.070E+03  3.2861 0.99979
  5.500E+03 5.605E+03 1.773E+00 7.419E-03 7.005E-03 2.497E-03 1.692E-02 1.790E+00 3.351E+03  3.4295 0.99982
  6.000E+03 6.105E+03 1.785E+00 8.321E-03 8.058E-03 2.715E-03 1.909E-02 1.805E+00 3.629E+03  3.5626 0.99985
  7.000E+03 7.105E+03 1.808E+00 1.018E-02 1.028E-02 3.142E-03 2.360E-02 1.831E+00 4.179E+03  3.8040 0.99989
  8.000E+03 8.105E+03 1.826E+00 1.211E-02 1.264E-02 3.560E-03 2.831E-02 1.855E+00 4.722E+03  4.0188 0.99992
  9.000E+03 9.105E+03 1.843E+00 1.410E-02 1.512E-02 3.969E-03 3.319E-02 1.876E+00 5.258E+03  4.2125 0.99993
  1.000E+04 1.011E+04 1.857E+00 1.614E-02 1.770E-02 4.372E-03 3.822E-02 1.895E+00 5.788E+03  4.3891 0.99995
  1.200E+04 1.211E+04 1.881E+00 2.037E-02 2.314E-02 5.161E-03 4.867E-02 1.929E+00 6.834E+03  4.7015 0.99996
  1.400E+04 1.411E+04 1.900E+00 2.474E-02 2.890E-02 5.931E-03 5.957E-02 1.960E+00 7.862E+03  4.9716 0.99997
  1.700E+04 1.711E+04 1.924E+00 3.155E-02 3.801E-02 7.060E-03 7.663E-02 2.001E+00 9.377E+03  5.3183 0.99998
  2.000E+04 2.011E+04 1.943E+00 3.861E-02 4.761E-02 8.163E-03 9.439E-02 2.038E+00 1.086E+04  5.6131 0.99999
  2.500E+04 2.511E+04 1.969E+00 5.081E-02 6.447E-02 9.963E-03 1.252E-01 2.094E+00 1.328E+04  6.0235 0.99999
  3.000E+04 3.011E+04 1.989E+00 6.346E-02 8.219E-02 1.172E-02 1.574E-01 2.147E+00 1.564E+04  6.3628 0.99999
  3.500E+04 3.511E+04 2.006E+00 7.648E-02 1.006E-01 1.346E-02 1.905E-01 2.197E+00 1.794E+04  6.6523 1.00000
  4.000E+04 4.011E+04 2.020E+00 8.981E-02 1.196E-01 1.517E-02 2.245E-01 2.245E+00 2.019E+04  6.9047 1.00000
  4.500E+04 4.511E+04 2.033E+00 1.034E-01 1.390E-01 1.687E-02 2.593E-01 2.292E+00 2.240E+04  7.1287 1.00000
  5.000E+04 5.011E+04 2.044E+00 1.172E-01 1.589E-01 1.856E-02 2.947E-01 2.338E+00 2.456E+04  7.3300 1.00000
  5.500E+04 5.511E+04 2.053E+00 1.313E-01 1.791E-01 2.024E-02 3.306E-01 2.384E+00 2.668E+04  7.5129 1.00000
  6.000E+04 6.011E+04 2.062E+00 1.455E-01 1.996E-01 2.191E-02 3.670E-01 2.429E+00 2.875E+04  7.6806 1.00000
  7.000E+04 7.011E+04 2.077E+00 1.744E-01 2.415E-01 2.523E-02 4.411E-01 2.518E+00 3.280E+04  7.9790 1.00000
  8.000E+04 8.011E+04 2.090E+00 2.039E-01 2.843E-01 2.853E-02 5.167E-01 2.607E+00 3.670E+04  8.2388 1.00000
  9.000E+04 9.011E+04 2.102E+00 2.338E-01 3.279E-01 3.182E-02 5.935E-01 2.695E+00 4.047E+04  8.4691 1.00000
  1.000E+05 1.001E+05 2.112E+00 2.642E-01 3.721E-01 3.511E-02 6.714E-01 2.783E+00 4.412E+04  8.6757 1.00000
  1.200E+05 1.201E+05 2.129E+00 3.260E-01 4.621E-01 4.167E-02 8.298E-01 2.958E+00 5.109E+04  9.0347 1.00000
  1.400E+05 1.401E+05 2.143E+00 3.890E-01 5.537E-01 4.823E-02 9.910E-01 3.134E+00 5.766E+04  9.3393 1.00000
  1.700E+05 1.701E+05 2.161E+00 4.853E-01 6.937E-01 5.808E-02 1.237E+00 3.398E+00 6.685E+04  9.7241 1.00000
  2.000E+05 2.001E+05 2.176E+00 5.834E-01 8.360E-01 6.797E-02 1.487E+00 3.663E+00 7.535E+04 10.0471 1.00000
  2.500E+05 2.501E+05 2.196E+00 7.498E-01 1.077E+00 8.452E-02 1.911E+00 4.107E+00 8.824E+04 10.4913 1.00000
  3.000E+05 3.001E+05 2.212E+00 9.191E-01 1.321E+00 1.012E-01 2.341E+00 4.554E+00 9.980E+04 10.8548 1.00000
  3.500E+05 3.501E+05 2.226E+00 1.091E+00 1.568E+00 1.180E-01 2.777E+00 5.003E+00 1.103E+05 11.1623 1.00000
  4.000E+05 4.001E+05 2.238E+00 1.264E+00 1.817E+00 1.349E-01 3.216E+00 5.455E+00 1.198E+05 11.4289 1.00000
  4.500E+05 4.501E+05 2.249E+00 1.439E+00 2.068E+00 1.520E-01 3.659E+00 5.908E+00 1.286E+05 11.6641 1.00000
  5.000E+05 5.001E+05 2.259E+00 1.616E+00 2.320E+00 1.691E-01 4.105E+00 6.363E+00 1.368E+05 11.8746 1.00000
  5.500E+05 5.501E+05 2.267E+00 1.793E+00 2.573E+00 1.864E-01 4.553E+00 6.820E+00 1.444E+05 12.0650 1.00000
  6.000E+05 6.001E+05 2.275E+00 1.972E+00 2.827E+00 2.038E-01 5.003E+00 7.278E+00 1.515E+05 12.2389 1.00000
  7.000E+05 7.001E+05 2.289E+00 2.332E+00 3.338E+00 2.388E-01 5.908E+00 8.198E+00 1.644E+05 12.5470 1.00000
  8.000E+05 8.001E+05 2.301E+00 2.694E+00 3.851E+00 2.742E-01 6.820E+00 9.121E+00 1.760E+05 12.8139 1.00000
  9.000E+05 9.001E+05 2.312E+00 3.059E+00 4.367E+00 3.100E-01 7.736E+00 1.005E+01 1.864E+05 13.0494 1.00000
  1.000E+06 1.000E+06 2.322E+00 3.426E+00 4.884E+00 3.461E-01 8.656E+00 1.098E+01 1.959E+05 13.2600 1.00000
  1.200E+06 1.200E+06 2.339E+00 4.165E+00 5.922E+00 4.191E-01 1.051E+01 1.284E+01 2.128E+05 13.6246 1.00000
  1.400E+06 1.400E+06 2.353E+00 4.909E+00 6.965E+00 4.932E-01 1.237E+01 1.472E+01 2.273E+05 13.9328 1.00000
  1.700E+06 1.700E+06 2.371E+00 6.032E+00 8.534E+00 6.061E-01 1.517E+01 1.754E+01 2.460E+05 14.3210 1.00000
  2.000E+06 2.000E+06 2.387E+00 7.162E+00 1.011E+01 7.208E-01 1.799E+01 2.038E+01 2.618E+05 14.6460 1.00000
  2.500E+06 2.500E+06 2.408E+00 9.056E+00 1.274E+01 9.155E-01 2.271E+01 2.512E+01 2.839E+05 15.0923 1.00000
  3.000E+06 3.000E+06 2.425E+00 1.096E+01 1.538E+01 1.114E+00 2.746E+01 2.988E+01 3.021E+05 15.4569 1.00000
  3.500E+06 3.500E+06 2.440E+00 1.287E+01 1.803E+01 1.316E+00 3.222E+01 3.466E+01 3.176E+05 15.7652 1.00000
  4.000E+06 4.000E+06 2.453E+00 1.479E+01 2.068E+01 1.521E+00 3.699E+01 3.945E+01 3.311E+05 16.0322 1.00000
  4.500E+06 4.500E+06 2.465E+00 1.671E+01 2.333E+01 1.728E+00 4.178E+01 4.424E+01 3.431E+05 16.2678 1.00000
  5.000E+06 5.000E+06 2.475E+00 1.864E+01 2.599E+01 1.938E+00 4.657E+01 4.904E+01 3.538E+05 16.4785 1.00000
  5.500E+06 5.500E+06 2.484E+00 2.057E+01 2.865E+01 2.150E+00 5.137E+01 5.385E+01 3.636E+05 16.6691 1.00000
  6.000E+06 6.000E+06 2.493E+00 2.250E+01 3.131E+01 2.364E+00 5.618E+01 5.867E+01 3.724E+05 16.8432 1.00000
  7.000E+06 7.000E+06 2.508E+00 2.637E+01 3.663E+01 2.797E+00 6.581E+01 6.831E+01 3.882E+05 17.1514 1.00000
  8.000E+06 8.000E+06 2.521E+00 3.025E+01 4.197E+01 3.238E+00 7.546E+01 7.798E+01 4.019E+05 17.4185 1.00000
  9.000E+06 9.000E+06 2.533E+00 3.414E+01 4.730E+01 3.684E+00 8.512E+01 8.765E+01 4.140E+05 17.6541 1.00000
  1.000E+07 1.000E+07 2.544E+00 3.803E+01 5.264E+01 4.135E+00 9.480E+01 9.734E+01 4.248E+05 17.8648 1.00000
  1.200E+07 1.200E+07 2.562E+00 4.582E+01 6.332E+01 5.052E+00 1.142E+02 1.167E+02 4.436E+05 18.2294 1.00000
  1.400E+07 1.400E+07 2.578E+00 5.362E+01 7.401E+01 5.986E+00 1.336E+02 1.362E+02 4.594E+05 18.5377 1.00000
  1.700E+07 1.700E+07 2.598E+00 6.533E+01 9.005E+01 7.415E+00 1.628E+02 1.654E+02 4.794E+05 18.9260 1.00000
  2.000E+07 2.000E+07 2.615E+00 7.706E+01 1.061E+02 8.872E+00 1.920E+02 1.946E+02 4.961E+05 19.2511 1.00000
  2.500E+07 2.500E+07 2.638E+00 9.663E+01 1.329E+02 1.135E+01 2.409E+02 2.435E+02 5.190E+05 19.6974 1.00000
  3.000E+07 3.000E+07 2.658E+00 1.162E+02 1.596E+02 1.389E+01 2.898E+02 2.924E+02 5.377E+05 20.0620 1.00000
  3.500E+07 3.500E+07 2.674E+00 1.358E+02 1.864E+02 1.648E+01 3.387E+02 3.414E+02 5.535E+05 20.3703 1.00000
  4.000E+07 4.000E+07 2.689E+00 1.554E+02 2.132E+02 1.911E+01 3.878E+02 3.905E+02 5.672E+05 20.6374 1.00000
  4.500E+07 4.500E+07 2.701E+00 1.750E+02 2.400E+02 2.178E+01 4.368E+02 4.395E+02 5.793E+05 20.8729 1.00000
  5.000E+07 5.000E+07 2.713E+00 1.947E+02 2.668E+02 2.448E+01 4.860E+02 4.887E+02 5.901E+05 21.0836 1.00000
  5.500E+07 5.500E+07 2.723E+00 2.143E+02 2.936E+02 2.721E+01 5.351E+02 5.379E+02 5.998E+05 21.2743 1.00000
  6.000E+07 6.000E+07 2.733E+00 2.339E+02 3.204E+02 2.997E+01 5.843E+02 5.871E+02 6.087E+05 21.4483 1.00000
  7.000E+07 7.000E+07 2.750E+00 2.732E+02 3.741E+02 3.558E+01 6.828E+02 6.856E+02 6.245E+05 21.7566 1.00000
  8.000E+07 8.000E+07 2.765E+00 3.125E+02 4.277E+02 4.128E+01 7.815E+02 7.842E+02 6.381E+05 22.0236 1.00000
  9.000E+07 9.000E+07 2.778E+00 3.518E+02 4.813E+02 4.706E+01 8.802E+02 8.829E+02 6.501E+05 22.2592 1.00000
  1.000E+08 1.000E+08 2.790E+00 3.911E+02 5.350E+02 5.291E+01 9.790E+02 9.818E+02 6.608E+05 22.4699 1.00000
  1.200E+08 1.200E+08 2.810E+00 4.697E+02 6.423E+02 6.483E+01 1.177E+03 1.180E+03 6.794E+05 22.8346 1.00000
  1.400E+08 1.400E+08 2.828E+00 5.483E+02 7.496E+02 7.699E+01 1.375E+03 1.378E+03 6.951E+05 23.1429 1.00000
  1.700E+08 1.700E+08 2.850E+00 6.662E+02 9.106E+02 9.560E+01 1.672E+03 1.675E+03 7.148E+05 23.5312 1.00000
  2.000E+08 2.000E+08 2.869E+00 7.842E+02 1.072E+03 1.146E+02 1.970E+03 1.973E+03 7.313E+05 23.8562 1.00000
  2.500E+08 2.500E+08 2.895E+00 9.808E+02 1.340E+03 1.470E+02 2.468E+03 2.471E+03 7.539E+05 24.3025 1.00000
  3.000E+08 3.000E+08 2.916E+00 1.177E+03 1.608E+03 1.803E+02 2.966E+03 2.969E+03 7.723E+05 24.6672 1.00000
  3.500E+08 3.500E+08 2.935E+00 1.374E+03 1.877E+03 2.142E+02 3.465E+03 3.468E+03 7.879E+05 24.9755 1.00000
  4.000E+08 4.000E+08 2.951E+00 1.571E+03 2.145E+03 2.487E+02 3.964E+03 3.967E+03 8.014E+05 25.2425 1.00000
  4.500E+08 4.500E+08 2.965E+00 1.768E+03 2.413E+03 2.837E+02 4.464E+03 4.467E+03 8.132E+05 25.4781 1.00000
  5.000E+08 5.000E+08 2.978E+00 1.964E+03 2.682E+03 3.192E+02 4.965E+03 4.968E+03 8.238E+05 25.6888 1.00000
  5.500E+08 5.500E+08 2.989E+00 2.161E+03 2.950E+03 3.551E+02 5.466E+03 5.469E+03 8.334E+05 25.8794 1.00000
  6.000E+08 6.000E+08 3.000E+00 2.358E+03 3.218E+03 3.915E+02 5.967E+03 5.970E+03 8.422E+05 26.0534 1.00000
  7.000E+08 7.000E+08 3.019E+00 2.751E+03 3.755E+03 4.652E+02 6.971E+03 6.974E+03 8.577E+05 26.3617 1.00000
  8.000E+08 8.000E+08 3.036E+00 3.144E+03 4.292E+03 5.403E+02 7.977E+03 7.980E+03 8.710E+05 26.6288 1.00000
  9.000E+08 9.000E+08 3.050E+00 3.538E+03 4.829E+03 6.166E+02 8.983E+03 8.986E+03 8.829E+05 26.8643 1.00000
  1.000E+09 1.000E+09 3.064E+00 3.931E+03 5.365E+03 6.939E+02 9.991E+03 9.994E+03 8.934E+05 27.0750 1.00000
  1.200E+09 1.200E+09 3.087E+00 4.718E+03 6.439E+03 8.513E+02 1.201E+04 1.201E+04 9.116E+05 27.4396 1.00000
  1.400E+09 1.400E+09 3.106E+00 5.505E+03 7.513E+03 1.012E+03 1.403E+04 1.403E+04 9.270E+05 27.7475 1.00000
  1.700E+09 1.700E+09 3.131E+00 6.685E+03 9.123E+03 1.259E+03 1.707E+04 1.707E+04 9.464E+05 28.1359 1.00000
  2.000E+09 2.000E+09 3.152E+00 7.865E+03 1.073E+04 1.511E+03 2.011E+04 2.011E+04 9.625E+05 28.4594 1.00000
  2.500E+09 2.500E+09 3.182E+00 9.832E+03 1.342E+04 1.941E+03 2.519E+04 2.519E+04 9.847E+05 28.9056 1.00000
  3.000E+09 3.000E+09 3.206E+00 1.180E+04 1.610E+04 2.383E+03 3.028E+04 3.029E+04 1.003E+06 29.2638 1.00000
  3.500E+09 3.500E+09 3.227E+00 1.377E+04 1.879E+04 2.834E+03 3.539E+04 3.539E+04 1.018E+06 29.5721 1.00000
  4.000E+09 4.000E+09 3.245E+00 1.573E+04 2.147E+04 3.293E+03 4.050E+04 4.050E+04 1.031E+06 29.8392 1.00000
  4.500E+09 4.500E+09 3.262E+00 1.770E+04 2.415E+04 3.760E+03 4.561E+04 4.562E+04 1.043E+06 30.0456 1.00000
  5.000E+09 5.000E+09 3.277E+00 1.967E+04 2.684E+04 4.234E+03 5.074E+04 5.074E+04 1.053E+06 30.2563 1.00000
  5.500E+09 5.500E+09 3.290E+00 2.163E+04 2.952E+04 4.713E+03 5.587E+04 5.587E+04 1.063E+06 30.4469 1.00000
  6.000E+09 6.000E+09 3.302E+00 2.360E+04 3.221E+04 5.199E+03 6.101E+04 6.101E+04 1.071E+06 30.6209 1.00000
  7.000E+09 7.000E+09 3.323E+00 2.754E+04 3.757E+04 6.185E+03 7.129E+04 7.130E+04 1.086E+06 30.9292 1.00000
  8.000E+09 8.000E+09 3.352E+00 3.147E+04 4.294E+04 7.189E+03 8.160E+04 8.160E+04 1.099E+06 31.0408 1.00000
  9.000E+09 9.000E+09 3.368E+00 3.540E+04 4.831E+04 8.211E+03 9.193E+04 9.193E+04 1.111E+06 31.2764 1.00000
  1.000E+10 1.000E+10 3.383E+00 3.934E+04 5.368E+04 9.247E+03 1.023E+05 1.023E+05 1.121E+06 31.4871 1.00000
  1.200E+10 1.200E+10 3.409E+00 4.721E+04 6.441E+04 1.136E+04 1.230E+05 1.230E+05 1.139E+06 31.8518 1.00000
  1.400E+10 1.400E+10 3.431E+00 5.508E+04 7.515E+04 1.352E+04 1.437E+05 1.437E+05 1.154E+06 32.1601 1.00000
  1.700E+10 1.700E+10 3.459E+00 6.688E+04 9.125E+04 1.683E+04 1.750E+05 1.750E+05 1.173E+06 32.5484 1.00000
  2.000E+10 2.000E+10 3.482E+00 7.868E+04 1.074E+05 2.023E+04 2.063E+05 2.063E+05 1.189E+06 32.8734 1.00000
  2.500E+10 2.500E+10 3.515E+00 9.835E+04 1.342E+05 2.603E+04 2.586E+05 2.586E+05 1.210E+06 33.3197 1.00000
  3.000E+10 3.000E+10 3.542E+00 1.180E+05 1.610E+05 3.200E+04 3.111E+05 3.111E+05 1.228E+06 33.6843 1.00000
  3.500E+10 3.500E+10 3.565E+00 1.377E+05 1.879E+05 3.810E+04 3.637E+05 3.637E+05 1.243E+06 33.9927 1.00000
  4.000E+10 4.000E+10 3.585E+00 1.574E+05 2.147E+05 4.431E+04 4.164E+05 4.164E+05 1.256E+06 34.2597 1.00000
  4.500E+10 4.500E+10 3.602E+00 1.770E+05 2.416E+05 5.064E+04 4.692E+05 4.692E+05 1.267E+06 34.4953 1.00000
  5.000E+10 5.000E+10 3.618E+00 1.967E+05 2.684E+05 5.706E+04 5.222E+05 5.222E+05 1.277E+06 34.7060 1.00000
  5.500E+10 5.500E+10 3.633E+00 2.164E+05 2.952E+05 6.357E+04 5.752E+05 5.752E+05 1.286E+06 34.8966 1.00000
  6.000E+10 6.000E+10 3.646E+00 2.360E+05 3.221E+05 7.016E+04 6.283E+05 6.283E+05 1.295E+06 35.0706 1.00000
  7.000E+10 7.000E+10 3.670E+00 2.754E+05 3.758E+05 8.357E+04 7.347E+05 7.347E+05 1.309E+06 35.3789 1.00000
  8.000E+10 8.000E+10 3.691E+00 3.147E+05 4.294E+05 9.724E+04 8.414E+05 8.414E+05 1.322E+06 35.6460 1.00000
  9.000E+10 9.000E+10 3.709E+00 3.541E+05 4.831E+05 1.111E+05 9.483E+05 9.483E+05 1.333E+06 35.8816 1.00000
  1.000E+11 1.000E+11 3.726E+00 3.934E+05 5.368E+05 1.253E+05 1.055E+06 1.055E+06 1.343E+06 36.0923 1.00000
  1.200E+11 1.200E+11 3.754E+00 4.721E+05 6.441E+05 1.541E+05 1.270E+06 1.270E+06 1.360E+06 36.4569 1.00000
  1.400E+11 1.400E+11 3.779E+00 5.508E+05 7.515E+05 1.836E+05 1.486E+06 1.486E+06 1.375E+06 36.7652 1.00000
  1.700E+11 1.700E+11 3.810E+00 6.688E+05 9.125E+05 2.290E+05 1.810E+06 1.810E+06 1.393E+06 37.1536 1.00000
  2.000E+11 2.000E+11 3.836E+00 7.868E+05 1.074E+06 2.755E+05 2.136E+06 2.136E+06 1.408E+06 37.4786 1.00000
  2.500E+11 2.500E+11 3.873E+00 9.835E+05 1.342E+06 3.552E+05 2.681E+06 2.681E+06 1.429E+06 37.9249 1.00000
  3.000E+11 3.000E+11 3.903E+00 1.180E+06 1.610E+06 4.372E+05 3.228E+06 3.228E+06 1.446E+06 38.2895 1.00000
  3.500E+11 3.500E+11 3.929E+00 1.377E+06 1.879E+06 5.212E+05 3.777E+06 3.777E+06 1.461E+06 38.5978 1.00000
  4.000E+11 4.000E+11 3.951E+00 1.574E+06 2.147E+06 6.069E+05 4.328E+06 4.328E+06 1.473E+06 38.8649 1.00000
  4.500E+11 4.500E+11 3.971E+00 1.770E+06 2.415E+06 6.942E+05 4.880E+06 4.880E+06 1.484E+06 39.1005 1.00000
  5.000E+11 5.000E+11 3.989E+00 1.967E+06 2.684E+06 7.829E+05 5.434E+06 5.434E+06 1.494E+06 39.3112 1.00000
  5.500E+11 5.500E+11 4.005E+00 2.164E+06 2.952E+06 8.729E+05 5.989E+06 5.989E+06 1.502E+06 39.5018 1.00000
  6.000E+11 6.000E+11 4.020E+00 2.361E+06 3.221E+06 9.641E+05 6.545E+06 6.545E+06 1.510E+06 39.6758 1.00000
  7.000E+11 7.000E+11 4.046E+00 2.754E+06 3.757E+06 1.150E+06 7.661E+06 7.661E+06 1.524E+06 39.9841 1.00000
  8.000E+11 8.000E+11 4.069E+00 3.147E+06 4.294E+06 1.339E+06 8.781E+06 8.781E+06 1.537E+06 40.2512 1.00000
  9.000E+11 9.000E+11 4.090E+00 3.541E+06 4.831E+06 1.533E+06 9.904E+06 9.904E+06 1.547E+06 40.4867 1.00000
  1.000E+12 1.000E+12 4.108E+00 3.934E+06 5.368E+06 1.729E+06 1.103E+07 1.103E+07 1.557E+06 40.6975 1.00000
