 Incident particle is a Muon with M = 105.65839 MeV
 Index = 0: B100BoneEquivalentPlastic
      Absorber with <Z/A> = 0.52740
 Density effect computed following Fano (1963)
 Models for Radloss: brems =  SSR, pair =  SSR, photonuc = DRSS

 *** Table generated with PUMAS v1.1 ***

      T         p     Ionization  brems     pair     photonuc  Radloss    dE/dx   CSDA Range  delta   beta
    [MeV]    [MeV/c]  -----------------------[MeV cm^2/g]------------------------  [g/cm^2]
  1.000E+00 1.457E+01 4.684E+01 0.000E+00 0.000E+00 0.000E+00 0.000E+00 4.684E+01 1.067E-02  0.0000 0.13661
  1.200E+00 1.597E+01 4.045E+01 0.000E+00 0.000E+00 0.000E+00 0.000E+00 4.045E+01 1.528E-02  0.0000 0.14944
  1.400E+00 1.726E+01 3.571E+01 0.000E+00 0.000E+00 0.000E+00 0.000E+00 3.571E+01 2.056E-02  0.0000 0.16119
  1.700E+00 1.903E+01 3.051E+01 0.000E+00 0.000E+00 0.000E+00 0.000E+00 3.051E+01 2.968E-02  0.0000 0.17725
  2.000E+00 2.066E+01 2.674E+01 0.000E+00 0.000E+00 0.000E+00 0.000E+00 2.674E+01 4.021E-02  0.0000 0.19186
  2.500E+00 2.312E+01 2.231E+01 0.000E+00 0.000E+00 0.000E+00 0.000E+00 2.231E+01 6.077E-02  0.0000 0.21376
  3.000E+00 2.536E+01 1.924E+01 0.000E+00 0.000E+00 0.000E+00 0.000E+00 1.924E+01 8.498E-02  0.0000 0.23336
  3.500E+00 2.742E+01 1.699E+01 0.000E+00 0.000E+00 0.000E+00 0.000E+00 1.699E+01 1.127E-01  0.0000 0.25120
  4.000E+00 2.935E+01 1.525E+01 0.000E+00 0.000E+00 0.000E+00 0.000E+00 1.525E+01 1.438E-01  0.0000 0.26763
  4.500E+00 3.116E+01 1.388E+01 0.000E+00 0.000E+00 0.000E+00 0.000E+00 1.388E+01 1.782E-01  0.0000 0.28290
  5.000E+00 3.289E+01 1.276E+01 0.000E+00 0.000E+00 0.000E+00 0.000E+00 1.276E+01 2.159E-01  0.0000 0.29720
  5.500E+00 3.453E+01 1.182E+01 0.000E+00 0.000E+00 0.000E+00 0.000E+00 1.182E+01 2.566E-01  0.0000 0.31066
  6.000E+00 3.611E+01 1.104E+01 0.000E+00 0.000E+00 0.000E+00 0.000E+00 1.104E+01 3.004E-01  0.0000 0.32339
  7.000E+00 3.909E+01 9.778E+00 0.000E+00 0.000E+00 0.000E+00 0.000E+00 9.778E+00 3.969E-01  0.0000 0.34700
  8.000E+00 4.189E+01 8.815E+00 0.000E+00 0.000E+00 0.000E+00 0.000E+00 8.815E+00 5.048E-01  0.0000 0.36854
  9.000E+00 4.453E+01 8.053E+00 0.000E+00 0.000E+00 0.000E+00 0.000E+00 8.053E+00 6.236E-01  0.0000 0.38836
  1.000E+01 4.704E+01 7.435E+00 0.000E+00 0.000E+00 0.000E+00 0.000E+00 7.435E+00 7.530E-01  0.0000 0.40675
  1.200E+01 5.177E+01 6.491E+00 0.000E+00 0.000E+00 0.000E+00 0.000E+00 6.491E+00 1.042E+00  0.0000 0.43998
  1.400E+01 5.616E+01 5.803E+00 0.000E+00 0.000E+00 0.000E+00 0.000E+00 5.803E+00 1.368E+00  0.0000 0.46937
  1.700E+01 6.230E+01 5.062E+00 0.000E+00 0.000E+00 0.000E+00 0.000E+00 5.062E+00 1.924E+00  0.0000 0.50792
  2.000E+01 6.802E+01 4.535E+00 0.000E+00 0.000E+00 0.000E+00 0.000E+00 4.535E+00 2.551E+00  0.0000 0.54129
  2.500E+01 7.686E+01 3.929E+00 4.286E-10 0.000E+00 0.000E+00 4.286E-10 3.929E+00 3.741E+00  0.0000 0.58827
  3.000E+01 8.509E+01 3.521E+00 6.282E-08 0.000E+00 0.000E+00 6.282E-08 3.521E+00 5.089E+00  0.0000 0.62720
  3.500E+01 9.285E+01 3.228E+00 7.337E-08 0.000E+00 0.000E+00 7.337E-08 3.228E+00 6.575E+00  0.0000 0.66011
  4.000E+01 1.003E+02 3.008E+00 7.857E-08 0.000E+00 0.000E+00 7.857E-08 3.008E+00 8.182E+00  0.0002 0.68834
  4.500E+01 1.074E+02 2.837E+00 8.394E-08 0.000E+00 0.000E+00 8.394E-08 2.837E+00 9.895E+00  0.0021 0.71286
  5.000E+01 1.143E+02 2.701E+00 8.947E-08 0.000E+00 0.000E+00 8.947E-08 2.701E+00 1.170E+01  0.0057 0.73434
  5.500E+01 1.210E+02 2.590E+00 9.518E-08 0.000E+00 0.000E+00 9.518E-08 2.590E+00 1.359E+01  0.0110 0.75332
  6.000E+01 1.276E+02 2.499E+00 1.010E-07 0.000E+00 0.000E+00 1.010E-07 2.499E+00 1.556E+01  0.0178 0.77019
  7.000E+01 1.403E+02 2.357E+00 1.133E-07 0.000E+00 0.000E+00 1.133E-07 2.357E+00 1.969E+01  0.0350 0.79887
  8.000E+01 1.527E+02 2.254E+00 1.262E-07 0.000E+00 0.000E+00 1.262E-07 2.254E+00 2.403E+01  0.0563 0.82227
  9.000E+01 1.647E+02 2.176E+00 1.398E-07 0.000E+00 0.000E+00 1.398E-07 2.176E+00 2.855E+01  0.0806 0.84166
  1.000E+02 1.764E+02 2.115E+00 1.540E-07 0.000E+00 0.000E+00 1.540E-07 2.115E+00 3.321E+01  0.1073 0.85794
  1.200E+02 1.994E+02 2.029E+00 1.843E-07 0.000E+00 0.000E+00 1.843E-07 2.029E+00 4.288E+01  0.1654 0.88361
  1.400E+02 2.218E+02 1.973E+00 2.811E-06 0.000E+00 0.000E+00 2.811E-06 1.973E+00 5.289E+01  0.2273 0.90278
  1.700E+02 2.546E+02 1.921E+00 8.581E-06 7.595E-10 0.000E+00 8.582E-06 1.921E+00 6.831E+01  0.3228 0.92363
  2.000E+02 2.868E+02 1.891E+00 1.444E-05 6.904E-09 0.000E+00 1.445E-05 1.891E+00 8.406E+01  0.4181 0.93835
  2.500E+02 3.396E+02 1.867E+00 2.188E-05 9.270E-08 0.000E+00 2.197E-05 1.867E+00 1.107E+02  0.5718 0.95485
  3.000E+02 3.917E+02 1.859E+00 3.893E-05 9.335E-07 0.000E+00 3.986E-05 1.859E+00 1.375E+02  0.7163 0.96548
  3.500E+02 4.432E+02 1.860E+00 5.188E-05 2.470E-06 0.000E+00 5.435E-05 1.860E+00 1.644E+02  0.8511 0.97274
  4.000E+02 4.945E+02 1.865E+00 6.420E-05 4.717E-06 0.000E+00 6.891E-05 1.865E+00 1.913E+02  0.9766 0.97793
  4.500E+02 5.455E+02 1.872E+00 7.656E-05 7.661E-06 0.000E+00 8.422E-05 1.872E+00 2.180E+02  1.0936 0.98176
  5.000E+02 5.964E+02 1.881E+00 8.923E-05 1.129E-05 0.000E+00 1.005E-04 1.881E+00 2.447E+02  1.2031 0.98467
  5.500E+02 6.471E+02 1.890E+00 1.023E-04 1.557E-05 1.546E-05 1.333E-04 1.890E+00 2.712E+02  1.3056 0.98693
  6.000E+02 6.977E+02 1.899E+00 1.158E-04 2.050E-05 5.146E-05 1.877E-04 1.899E+00 2.976E+02  1.4021 0.98873
  7.000E+02 7.987E+02 1.918E+00 1.441E-04 3.222E-05 1.231E-04 2.994E-04 1.918E+00 3.500E+02  1.5793 0.99136
  8.000E+02 8.995E+02 1.936E+00 1.741E-04 4.627E-05 1.908E-04 4.112E-04 1.936E+00 4.019E+02  1.7389 0.99317
  9.000E+02 1.000E+03 1.953E+00 2.057E-04 6.251E-05 2.556E-04 5.238E-04 1.953E+00 4.533E+02  1.8841 0.99447
  1.000E+03 1.101E+03 1.969E+00 2.388E-04 8.083E-05 3.185E-04 6.381E-04 1.969E+00 5.043E+02  2.0173 0.99542
  1.200E+03 1.301E+03 1.998E+00 3.091E-04 1.232E-04 4.401E-04 8.724E-04 1.999E+00 6.051E+02  2.2551 0.99672
  1.400E+03 1.502E+03 2.023E+00 3.843E-04 1.725E-04 5.581E-04 1.115E-03 2.025E+00 7.045E+02  2.4634 0.99753
  1.700E+03 1.803E+03 2.056E+00 5.051E-04 2.582E-04 7.304E-04 1.494E-03 2.058E+00 8.514E+02  2.7355 0.99829
  2.000E+03 2.103E+03 2.084E+00 6.342E-04 3.563E-04 8.985E-04 1.889E-03 2.086E+00 9.962E+02  2.9719 0.99874
  2.500E+03 2.604E+03 2.122E+00 8.649E-04 5.434E-04 1.171E-03 2.580E-03 2.125E+00 1.234E+03  3.3103 0.99918
  3.000E+03 3.104E+03 2.153E+00 1.112E-03 7.562E-04 1.436E-03 3.305E-03 2.156E+00 1.467E+03  3.5991 0.99942
  3.500E+03 3.604E+03 2.179E+00 1.373E-03 9.909E-04 1.696E-03 4.060E-03 2.183E+00 1.698E+03  3.8518 0.99957
  4.000E+03 4.104E+03 2.201E+00 1.646E-03 1.259E-03 1.950E-03 4.855E-03 2.205E+00 1.925E+03  4.0769 0.99967
  4.500E+03 4.604E+03 2.220E+00 1.929E-03 1.552E-03 2.200E-03 5.681E-03 2.225E+00 2.151E+03  4.2799 0.99974
  5.000E+03 5.105E+03 2.236E+00 2.222E-03 1.861E-03 2.446E-03 6.529E-03 2.243E+00 2.375E+03  4.4647 0.99979
  5.500E+03 5.605E+03 2.251E+00 2.523E-03 2.186E-03 2.689E-03 7.398E-03 2.259E+00 2.597E+03  4.6344 0.99982
  6.000E+03 6.105E+03 2.265E+00 2.831E-03 2.526E-03 2.929E-03 8.286E-03 2.273E+00 2.818E+03  4.7912 0.99985
  7.000E+03 7.105E+03 2.288E+00 3.469E-03 3.244E-03 3.401E-03 1.011E-02 2.298E+00 3.255E+03  5.0728 0.99989
  8.000E+03 8.105E+03 2.308E+00 4.132E-03 4.009E-03 3.864E-03 1.200E-02 2.320E+00 3.688E+03  5.3203 0.99992
  9.000E+03 9.105E+03 2.325E+00 4.815E-03 4.814E-03 4.320E-03 1.395E-02 2.339E+00 4.118E+03  5.5409 0.99993
  1.000E+04 1.011E+04 2.340E+00 5.517E-03 5.656E-03 4.769E-03 1.594E-02 2.356E+00 4.544E+03  5.7399 0.99995
  1.200E+04 1.211E+04 2.366E+00 6.969E-03 7.433E-03 5.652E-03 2.005E-02 2.386E+00 5.387E+03  6.0872 0.99996
  1.400E+04 1.411E+04 2.387E+00 8.477E-03 9.319E-03 6.518E-03 2.431E-02 2.411E+00 6.221E+03  6.3833 0.99997
  1.700E+04 1.711E+04 2.413E+00 1.083E-02 1.232E-02 7.792E-03 3.094E-02 2.444E+00 7.456E+03  6.7588 0.99998
  2.000E+04 2.011E+04 2.435E+00 1.327E-02 1.548E-02 9.043E-03 3.779E-02 2.472E+00 8.676E+03  7.0749 0.99999
  2.500E+04 2.511E+04 2.463E+00 1.749E-02 2.107E-02 1.109E-02 4.964E-02 2.513E+00 1.068E+04  7.5112 0.99999
  3.000E+04 3.011E+04 2.486E+00 2.187E-02 2.696E-02 1.310E-02 6.193E-02 2.548E+00 1.266E+04  7.8692 0.99999
  3.500E+04 3.511E+04 2.505E+00 2.639E-02 3.309E-02 1.509E-02 7.458E-02 2.580E+00 1.461E+04  8.1729 1.00000
  4.000E+04 4.011E+04 2.521E+00 3.102E-02 3.944E-02 1.707E-02 8.752E-02 2.609E+00 1.653E+04  8.4366 1.00000
  4.500E+04 4.511E+04 2.535E+00 3.574E-02 4.596E-02 1.903E-02 1.007E-01 2.636E+00 1.844E+04  8.6696 1.00000
  5.000E+04 5.011E+04 2.548E+00 4.055E-02 5.263E-02 2.097E-02 1.142E-01 2.662E+00 2.033E+04  8.8783 1.00000
  5.500E+04 5.511E+04 2.559E+00 4.544E-02 5.944E-02 2.291E-02 1.278E-01 2.687E+00 2.220E+04  9.0674 1.00000
  6.000E+04 6.011E+04 2.569E+00 5.039E-02 6.637E-02 2.485E-02 1.416E-01 2.710E+00 2.405E+04  9.2402 1.00000
  7.000E+04 7.011E+04 2.586E+00 6.048E-02 8.053E-02 2.870E-02 1.697E-01 2.756E+00 2.771E+04  9.5466 1.00000
  8.000E+04 8.011E+04 2.601E+00 7.078E-02 9.505E-02 3.255E-02 1.984E-01 2.800E+00 3.131E+04  9.8124 1.00000
  9.000E+04 9.011E+04 2.615E+00 8.126E-02 1.099E-01 3.638E-02 2.275E-01 2.842E+00 3.485E+04 10.0470 1.00000
  1.000E+05 1.001E+05 2.626E+00 9.190E-02 1.249E-01 4.022E-02 2.570E-01 2.883E+00 3.835E+04 10.2570 1.00000
  1.200E+05 1.201E+05 2.646E+00 1.136E-01 1.556E-01 4.789E-02 3.171E-01 2.964E+00 4.519E+04 10.6206 1.00000
  1.400E+05 1.401E+05 2.663E+00 1.357E-01 1.871E-01 5.557E-02 3.783E-01 3.042E+00 5.185E+04 10.9283 1.00000
  1.700E+05 1.701E+05 2.684E+00 1.696E-01 2.352E-01 6.712E-02 4.719E-01 3.156E+00 6.153E+04 11.3160 1.00000
  2.000E+05 2.001E+05 2.702E+00 2.041E-01 2.842E-01 7.874E-02 5.671E-01 3.269E+00 7.087E+04 11.6406 1.00000
  2.500E+05 2.501E+05 2.726E+00 2.628E-01 3.676E-01 9.822E-02 7.286E-01 3.455E+00 8.574E+04 12.0865 1.00000
  3.000E+05 3.001E+05 2.746E+00 3.227E-01 4.524E-01 1.179E-01 8.930E-01 3.639E+00 9.984E+04 12.4509 1.00000
  3.500E+05 3.501E+05 2.763E+00 3.836E-01 5.383E-01 1.377E-01 1.060E+00 3.822E+00 1.132E+05 12.7590 1.00000
  4.000E+05 4.001E+05 2.777E+00 4.451E-01 6.251E-01 1.577E-01 1.228E+00 4.005E+00 1.260E+05 13.0260 1.00000
  4.500E+05 4.501E+05 2.790E+00 5.073E-01 7.126E-01 1.778E-01 1.398E+00 4.187E+00 1.382E+05 13.2614 1.00000
  5.000E+05 5.001E+05 2.801E+00 5.701E-01 8.007E-01 1.981E-01 1.569E+00 4.370E+00 1.499E+05 13.4721 1.00000
  5.500E+05 5.501E+05 2.812E+00 6.333E-01 8.893E-01 2.185E-01 1.741E+00 4.553E+00 1.611E+05 13.6626 1.00000
  6.000E+05 6.001E+05 2.821E+00 6.969E-01 9.784E-01 2.391E-01 1.914E+00 4.735E+00 1.719E+05 13.8366 1.00000
  7.000E+05 7.001E+05 2.838E+00 8.252E-01 1.158E+00 2.806E-01 2.263E+00 5.101E+00 1.922E+05 14.1449 1.00000
  8.000E+05 8.001E+05 2.852E+00 9.547E-01 1.338E+00 3.225E-01 2.615E+00 5.468E+00 2.112E+05 14.4119 1.00000
  9.000E+05 9.001E+05 2.865E+00 1.085E+00 1.519E+00 3.648E-01 2.969E+00 5.835E+00 2.289E+05 14.6474 1.00000
  1.000E+06 1.000E+06 2.877E+00 1.217E+00 1.701E+00 4.076E-01 3.325E+00 6.203E+00 2.455E+05 14.8581 1.00000
  1.200E+06 1.200E+06 2.897E+00 1.481E+00 2.067E+00 4.941E-01 4.043E+00 6.940E+00 2.760E+05 15.2227 1.00000
  1.400E+06 1.400E+06 2.914E+00 1.748E+00 2.435E+00 5.820E-01 4.766E+00 7.680E+00 3.034E+05 15.5310 1.00000
  1.700E+06 1.700E+06 2.936E+00 2.152E+00 2.990E+00 7.158E-01 5.858E+00 8.794E+00 3.398E+05 15.9193 1.00000
  2.000E+06 2.000E+06 2.954E+00 2.559E+00 3.547E+00 8.519E-01 6.959E+00 9.913E+00 3.719E+05 16.2443 1.00000
  2.500E+06 2.500E+06 2.980E+00 3.242E+00 4.480E+00 1.083E+00 8.805E+00 1.179E+01 4.182E+05 16.6905 1.00000
  3.000E+06 3.000E+06 3.001E+00 3.930E+00 5.416E+00 1.319E+00 1.067E+01 1.367E+01 4.575E+05 17.0552 1.00000
  3.500E+06 3.500E+06 3.018E+00 4.622E+00 6.355E+00 1.558E+00 1.253E+01 1.555E+01 4.918E+05 17.3635 1.00000
  4.000E+06 4.000E+06 3.034E+00 5.316E+00 7.295E+00 1.801E+00 1.441E+01 1.745E+01 5.221E+05 17.6305 1.00000
  4.500E+06 4.500E+06 3.048E+00 6.013E+00 8.238E+00 2.048E+00 1.630E+01 1.935E+01 5.493E+05 17.8661 1.00000
  5.000E+06 5.000E+06 3.060E+00 6.711E+00 9.181E+00 2.297E+00 1.819E+01 2.125E+01 5.740E+05 18.0768 1.00000
  5.500E+06 5.500E+06 3.071E+00 7.411E+00 1.013E+01 2.549E+00 2.008E+01 2.316E+01 5.965E+05 18.2674 1.00000
  6.000E+06 6.000E+06 3.082E+00 8.112E+00 1.107E+01 2.803E+00 2.199E+01 2.507E+01 6.173E+05 18.4414 1.00000
  7.000E+06 7.000E+06 3.100E+00 9.518E+00 1.296E+01 3.318E+00 2.580E+01 2.890E+01 6.544E+05 18.7497 1.00000
  8.000E+06 8.000E+06 3.116E+00 1.093E+01 1.486E+01 3.841E+00 2.963E+01 3.274E+01 6.869E+05 19.0168 1.00000
  9.000E+06 9.000E+06 3.130E+00 1.234E+01 1.675E+01 4.370E+00 3.347E+01 3.660E+01 7.158E+05 19.2523 1.00000
  1.000E+07 1.000E+07 3.143E+00 1.375E+01 1.865E+01 4.907E+00 3.731E+01 4.046E+01 7.417E+05 19.4631 1.00000
  1.200E+07 1.200E+07 3.165E+00 1.659E+01 2.245E+01 5.997E+00 4.504E+01 4.820E+01 7.870E+05 19.8277 1.00000
  1.400E+07 1.400E+07 3.184E+00 1.943E+01 2.626E+01 7.106E+00 5.279E+01 5.598E+01 8.255E+05 20.1360 1.00000
  1.700E+07 1.700E+07 3.208E+00 2.370E+01 3.196E+01 8.804E+00 6.447E+01 6.768E+01 8.741E+05 20.5243 1.00000
  2.000E+07 2.000E+07 3.228E+00 2.798E+01 3.768E+01 1.054E+01 7.619E+01 7.942E+01 9.150E+05 20.8493 1.00000
  2.500E+07 2.500E+07 3.256E+00 3.512E+01 4.721E+01 1.348E+01 9.581E+01 9.906E+01 9.713E+05 21.2956 1.00000
  3.000E+07 3.000E+07 3.279E+00 4.226E+01 5.674E+01 1.650E+01 1.155E+02 1.188E+02 1.017E+06 21.6603 1.00000
  3.500E+07 3.500E+07 3.299E+00 4.942E+01 6.628E+01 1.958E+01 1.353E+02 1.386E+02 1.056E+06 21.9686 1.00000
  4.000E+07 4.000E+07 3.316E+00 5.658E+01 7.582E+01 2.270E+01 1.551E+02 1.584E+02 1.090E+06 22.2356 1.00000
  4.500E+07 4.500E+07 3.331E+00 6.375E+01 8.536E+01 2.587E+01 1.750E+02 1.783E+02 1.120E+06 22.4712 1.00000
  5.000E+07 5.000E+07 3.345E+00 7.092E+01 9.491E+01 2.908E+01 1.949E+02 1.983E+02 1.146E+06 22.6819 1.00000
  5.500E+07 5.500E+07 3.357E+00 7.809E+01 1.045E+02 3.233E+01 2.149E+02 2.182E+02 1.170E+06 22.8725 1.00000
  6.000E+07 6.000E+07 3.369E+00 8.526E+01 1.140E+02 3.561E+01 2.349E+02 2.382E+02 1.192E+06 23.0466 1.00000
  7.000E+07 7.000E+07 3.389E+00 9.962E+01 1.331E+02 4.227E+01 2.750E+02 2.784E+02 1.231E+06 23.3549 1.00000
  8.000E+07 8.000E+07 3.407E+00 1.140E+02 1.522E+02 4.905E+01 3.152E+02 3.186E+02 1.265E+06 23.6219 1.00000
  9.000E+07 9.000E+07 3.423E+00 1.283E+02 1.713E+02 5.592E+01 3.556E+02 3.590E+02 1.294E+06 23.8575 1.00000
  1.000E+08 1.000E+08 3.437E+00 1.427E+02 1.904E+02 6.288E+01 3.960E+02 3.994E+02 1.321E+06 24.0682 1.00000
  1.200E+08 1.200E+08 3.461E+00 1.715E+02 2.286E+02 7.704E+01 4.771E+02 4.806E+02 1.366E+06 24.4328 1.00000
  1.400E+08 1.400E+08 3.483E+00 2.002E+02 2.669E+02 9.149E+01 5.586E+02 5.620E+02 1.405E+06 24.7412 1.00000
  1.700E+08 1.700E+08 3.509E+00 2.434E+02 3.242E+02 1.136E+02 6.812E+02 6.847E+02 1.453E+06 25.1295 1.00000
  2.000E+08 2.000E+08 3.532E+00 2.865E+02 3.815E+02 1.362E+02 8.043E+02 8.078E+02 1.493E+06 25.4545 1.00000
  2.500E+08 2.500E+08 3.563E+00 3.584E+02 4.771E+02 1.747E+02 1.010E+03 1.014E+03 1.548E+06 25.9008 1.00000
  3.000E+08 3.000E+08 3.589E+00 4.304E+02 5.727E+02 2.142E+02 1.217E+03 1.221E+03 1.593E+06 26.2654 1.00000
  3.500E+08 3.500E+08 3.611E+00 5.023E+02 6.683E+02 2.545E+02 1.425E+03 1.429E+03 1.631E+06 26.5737 1.00000
  4.000E+08 4.000E+08 3.630E+00 5.743E+02 7.639E+02 2.955E+02 1.634E+03 1.637E+03 1.664E+06 26.8408 1.00000
  4.500E+08 4.500E+08 3.647E+00 6.463E+02 8.595E+02 3.372E+02 1.843E+03 1.847E+03 1.692E+06 27.0764 1.00000
  5.000E+08 5.000E+08 3.662E+00 7.182E+02 9.551E+02 3.793E+02 2.053E+03 2.056E+03 1.718E+06 27.2871 1.00000
  5.500E+08 5.500E+08 3.676E+00 7.902E+02 1.051E+03 4.221E+02 2.263E+03 2.267E+03 1.741E+06 27.4777 1.00000
  6.000E+08 6.000E+08 3.689E+00 8.622E+02 1.146E+03 4.652E+02 2.474E+03 2.477E+03 1.762E+06 27.6517 1.00000
  7.000E+08 7.000E+08 3.712E+00 1.006E+03 1.338E+03 5.529E+02 2.897E+03 2.900E+03 1.800E+06 27.9600 1.00000
  8.000E+08 8.000E+08 3.732E+00 1.150E+03 1.529E+03 6.422E+02 3.321E+03 3.325E+03 1.832E+06 28.2271 1.00000
  9.000E+08 9.000E+08 3.749E+00 1.294E+03 1.720E+03 7.328E+02 3.747E+03 3.751E+03 1.860E+06 28.4625 1.00000
  1.000E+09 1.000E+09 3.765E+00 1.438E+03 1.911E+03 8.247E+02 4.174E+03 4.178E+03 1.885E+06 28.6733 1.00000
  1.200E+09 1.200E+09 3.793E+00 1.726E+03 2.294E+03 1.012E+03 5.032E+03 5.035E+03 1.929E+06 29.0379 1.00000
  1.400E+09 1.400E+09 3.816E+00 2.014E+03 2.676E+03 1.203E+03 5.893E+03 5.897E+03 1.966E+06 29.3458 1.00000
  1.700E+09 1.700E+09 3.846E+00 2.446E+03 3.250E+03 1.496E+03 7.192E+03 7.196E+03 2.012E+06 29.7341 1.00000
  2.000E+09 2.000E+09 3.871E+00 2.878E+03 3.824E+03 1.795E+03 8.497E+03 8.501E+03 2.050E+06 30.0576 1.00000
  2.500E+09 2.500E+09 3.906E+00 3.598E+03 4.780E+03 2.307E+03 1.068E+04 1.069E+04 2.102E+06 30.5039 1.00000
  3.000E+09 3.000E+09 3.936E+00 4.318E+03 5.736E+03 2.832E+03 1.289E+04 1.289E+04 2.145E+06 30.8621 1.00000
  3.500E+09 3.500E+09 3.960E+00 5.038E+03 6.692E+03 3.368E+03 1.510E+04 1.510E+04 2.181E+06 31.1704 1.00000
  4.000E+09 4.000E+09 3.982E+00 5.758E+03 7.649E+03 3.914E+03 1.732E+04 1.732E+04 2.211E+06 31.4374 1.00000
  4.500E+09 4.500E+09 4.003E+00 6.477E+03 8.605E+03 4.469E+03 1.955E+04 1.956E+04 2.239E+06 31.6438 1.00000
  5.000E+09 5.000E+09 4.020E+00 7.197E+03 9.561E+03 5.032E+03 2.179E+04 2.179E+04 2.263E+06 31.8546 1.00000
  5.500E+09 5.500E+09 4.036E+00 7.917E+03 1.052E+04 5.602E+03 2.404E+04 2.404E+04 2.285E+06 32.0452 1.00000
  6.000E+09 6.000E+09 4.050E+00 8.637E+03 1.147E+04 6.179E+03 2.629E+04 2.629E+04 2.305E+06 32.2192 1.00000
  7.000E+09 7.000E+09 4.075E+00 1.008E+04 1.339E+04 7.351E+03 3.081E+04 3.082E+04 2.340E+06 32.5275 1.00000
  8.000E+09 8.000E+09 4.110E+00 1.152E+04 1.530E+04 8.545E+03 3.536E+04 3.536E+04 2.370E+06 32.6391 1.00000
  9.000E+09 9.000E+09 4.130E+00 1.296E+04 1.721E+04 9.758E+03 3.993E+04 3.993E+04 2.397E+06 32.8747 1.00000
  1.000E+10 1.000E+10 4.147E+00 1.440E+04 1.912E+04 1.099E+04 4.451E+04 4.451E+04 2.420E+06 33.0854 1.00000
  1.200E+10 1.200E+10 4.178E+00 1.728E+04 2.295E+04 1.350E+04 5.373E+04 5.373E+04 2.461E+06 33.4500 1.00000
  1.400E+10 1.400E+10 4.205E+00 2.016E+04 2.677E+04 1.607E+04 6.300E+04 6.300E+04 2.495E+06 33.7583 1.00000
  1.700E+10 1.700E+10 4.238E+00 2.448E+04 3.251E+04 2.001E+04 7.699E+04 7.700E+04 2.538E+06 34.1467 1.00000
  2.000E+10 2.000E+10 4.266E+00 2.880E+04 3.825E+04 2.404E+04 9.108E+04 9.109E+04 2.574E+06 34.4717 1.00000
  2.500E+10 2.500E+10 4.305E+00 3.599E+04 4.781E+04 3.094E+04 1.147E+05 1.148E+05 2.623E+06 34.9180 1.00000
  3.000E+10 3.000E+10 4.338E+00 4.319E+04 5.737E+04 3.803E+04 1.386E+05 1.386E+05 2.663E+06 35.2826 1.00000
  3.500E+10 3.500E+10 4.365E+00 5.039E+04 6.694E+04 4.528E+04 1.626E+05 1.626E+05 2.696E+06 35.5909 1.00000
  4.000E+10 4.000E+10 4.389E+00 5.759E+04 7.650E+04 5.267E+04 1.868E+05 1.868E+05 2.725E+06 35.8580 1.00000
  4.500E+10 4.500E+10 4.410E+00 6.479E+04 8.606E+04 6.019E+04 2.110E+05 2.110E+05 2.750E+06 36.0936 1.00000
  5.000E+10 5.000E+10 4.429E+00 7.199E+04 9.562E+04 6.782E+04 2.354E+05 2.354E+05 2.772E+06 36.3043 1.00000
  5.500E+10 5.500E+10 4.447E+00 7.919E+04 1.052E+05 7.555E+04 2.599E+05 2.599E+05 2.792E+06 36.4949 1.00000
  6.000E+10 6.000E+10 4.463E+00 8.639E+04 1.147E+05 8.339E+04 2.845E+05 2.845E+05 2.811E+06 36.6689 1.00000
  7.000E+10 7.000E+10 4.491E+00 1.008E+05 1.339E+05 9.932E+04 3.340E+05 3.340E+05 2.843E+06 36.9772 1.00000
  8.000E+10 8.000E+10 4.516E+00 1.152E+05 1.530E+05 1.156E+05 3.838E+05 3.838E+05 2.871E+06 37.2443 1.00000
  9.000E+10 9.000E+10 4.538E+00 1.296E+05 1.721E+05 1.321E+05 4.338E+05 4.338E+05 2.896E+06 37.4798 1.00000
  1.000E+11 1.000E+11 4.558E+00 1.440E+05 1.912E+05 1.489E+05 4.841E+05 4.841E+05 2.917E+06 37.6906 1.00000
  1.200E+11 1.200E+11 4.592E+00 1.728E+05 2.295E+05 1.832E+05 5.854E+05 5.854E+05 2.955E+06 38.0552 1.00000
  1.400E+11 1.400E+11 4.622E+00 2.016E+05 2.677E+05 2.182E+05 6.876E+05 6.876E+05 2.986E+06 38.3635 1.00000
  1.700E+11 1.700E+11 4.659E+00 2.448E+05 3.251E+05 2.721E+05 8.420E+05 8.420E+05 3.026E+06 38.7518 1.00000
  2.000E+11 2.000E+11 4.690E+00 2.880E+05 3.825E+05 3.274E+05 9.979E+05 9.979E+05 3.058E+06 39.0769 1.00000
  2.500E+11 2.500E+11 4.734E+00 3.600E+05 4.781E+05 4.221E+05 1.260E+06 1.260E+06 3.103E+06 39.5231 1.00000
  3.000E+11 3.000E+11 4.770E+00 4.320E+05 5.737E+05 5.196E+05 1.525E+06 1.525E+06 3.139E+06 39.8878 1.00000
  3.500E+11 3.500E+11 4.801E+00 5.040E+05 6.693E+05 6.194E+05 1.793E+06 1.793E+06 3.169E+06 40.1961 1.00000
  4.000E+11 4.000E+11 4.827E+00 5.759E+05 7.650E+05 7.213E+05 2.062E+06 2.062E+06 3.195E+06 40.4632 1.00000
  4.500E+11 4.500E+11 4.851E+00 6.479E+05 8.606E+05 8.251E+05 2.334E+06 2.334E+06 3.218E+06 40.6987 1.00000
  5.000E+11 5.000E+11 4.873E+00 7.199E+05 9.562E+05 9.305E+05 2.607E+06 2.607E+06 3.238E+06 40.9094 1.00000
  5.500E+11 5.500E+11 4.892E+00 7.919E+05 1.052E+06 1.037E+06 2.881E+06 2.881E+06 3.257E+06 41.1001 1.00000
  6.000E+11 6.000E+11 4.910E+00 8.639E+05 1.147E+06 1.146E+06 3.157E+06 3.157E+06 3.273E+06 41.2741 1.00000
  7.000E+11 7.000E+11 4.942E+00 1.008E+06 1.339E+06 1.367E+06 3.713E+06 3.713E+06 3.302E+06 41.5824 1.00000
  8.000E+11 8.000E+11 4.969E+00 1.152E+06 1.530E+06 1.592E+06 4.274E+06 4.274E+06 3.327E+06 41.8495 1.00000
  9.000E+11 9.000E+11 4.994E+00 1.296E+06 1.721E+06 1.821E+06 4.838E+06 4.838E+06 3.349E+06 42.0850 1.00000
  1.000E+12 1.000E+12 5.016E+00 1.440E+06 1.912E+06 2.055E+06 5.407E+06 5.407E+06 3.369E+06 42.2957 1.00000
