 Incident particle is a Muon with M = 105.65839 MeV
 Index = 0: BariumFluoride
      Absorber with <Z/A> = 0.42208
 Density effect computed following Fano (1963)
 Models for Radloss: brems =  SSR, pair =  SSR, photonuc = DRSS

 *** Table generated with PUMAS v1.1 ***

      T         p     Ionization  brems     pair     photonuc  Radloss    dE/dx   CSDA Range  delta   beta
    [MeV]    [MeV/c]  -----------------------[MeV cm^2/g]------------------------  [g/cm^2]
  1.000E+00 1.457E+01 2.724E+01 0.000E+00 0.000E+00 0.000E+00 0.000E+00 2.724E+01 1.836E-02  0.0000 0.13661
  1.200E+00 1.597E+01 2.380E+01 0.000E+00 0.000E+00 0.000E+00 0.000E+00 2.380E+01 2.623E-02  0.0000 0.14944
  1.400E+00 1.726E+01 2.122E+01 0.000E+00 0.000E+00 0.000E+00 0.000E+00 2.122E+01 3.515E-02  0.0001 0.16119
  1.700E+00 1.903E+01 1.833E+01 0.000E+00 0.000E+00 0.000E+00 0.000E+00 1.833E+01 5.041E-02  0.0001 0.17725
  2.000E+00 2.066E+01 1.620E+01 0.000E+00 0.000E+00 0.000E+00 0.000E+00 1.620E+01 6.786E-02  0.0001 0.19186
  2.500E+00 2.312E+01 1.367E+01 0.000E+00 0.000E+00 0.000E+00 0.000E+00 1.367E+01 1.016E-01  0.0001 0.21376
  3.000E+00 2.536E+01 1.189E+01 0.000E+00 0.000E+00 0.000E+00 0.000E+00 1.189E+01 1.409E-01  0.0002 0.23336
  3.500E+00 2.742E+01 1.056E+01 0.000E+00 0.000E+00 0.000E+00 0.000E+00 1.056E+01 1.857E-01  0.0003 0.25120
  4.000E+00 2.935E+01 9.535E+00 0.000E+00 0.000E+00 0.000E+00 0.000E+00 9.535E+00 2.356E-01  0.0003 0.26763
  4.500E+00 3.116E+01 8.714E+00 0.000E+00 0.000E+00 0.000E+00 0.000E+00 8.714E+00 2.905E-01  0.0004 0.28290
  5.000E+00 3.289E+01 8.041E+00 0.000E+00 0.000E+00 0.000E+00 0.000E+00 8.041E+00 3.503E-01  0.0005 0.29720
  5.500E+00 3.453E+01 7.480E+00 0.000E+00 0.000E+00 0.000E+00 0.000E+00 7.480E+00 4.148E-01  0.0005 0.31066
  6.000E+00 3.611E+01 7.003E+00 0.000E+00 0.000E+00 0.000E+00 0.000E+00 7.003E+00 4.839E-01  0.0006 0.32339
  7.000E+00 3.909E+01 6.236E+00 0.000E+00 0.000E+00 0.000E+00 0.000E+00 6.236E+00 6.356E-01  0.0008 0.34700
  8.000E+00 4.189E+01 5.646E+00 0.000E+00 0.000E+00 0.000E+00 0.000E+00 5.646E+00 8.044E-01  0.0011 0.36854
  9.000E+00 4.453E+01 5.176E+00 0.000E+00 0.000E+00 0.000E+00 0.000E+00 5.176E+00 9.896E-01  0.0013 0.38836
  1.000E+01 4.704E+01 4.793E+00 0.000E+00 0.000E+00 0.000E+00 0.000E+00 4.793E+00 1.191E+00  0.0016 0.40675
  1.200E+01 5.177E+01 4.205E+00 0.000E+00 0.000E+00 0.000E+00 0.000E+00 4.205E+00 1.637E+00  0.0022 0.43998
  1.400E+01 5.616E+01 3.775E+00 0.000E+00 0.000E+00 0.000E+00 0.000E+00 3.775E+00 2.140E+00  0.0029 0.46937
  1.700E+01 6.230E+01 3.309E+00 0.000E+00 0.000E+00 0.000E+00 0.000E+00 3.309E+00 2.992E+00  0.0042 0.50792
  2.000E+01 6.802E+01 2.975E+00 0.000E+00 0.000E+00 0.000E+00 0.000E+00 2.975E+00 3.950E+00  0.0057 0.54129
  2.500E+01 7.686E+01 2.590E+00 0.000E+00 0.000E+00 0.000E+00 0.000E+00 2.590E+00 5.759E+00  0.0086 0.58827
  3.000E+01 8.509E+01 2.329E+00 0.000E+00 0.000E+00 0.000E+00 0.000E+00 2.329E+00 7.800E+00  0.0120 0.62720
  3.500E+01 9.285E+01 2.142E+00 0.000E+00 0.000E+00 0.000E+00 0.000E+00 2.142E+00 1.004E+01  0.0159 0.66011
  4.000E+01 1.003E+02 2.000E+00 0.000E+00 0.000E+00 0.000E+00 0.000E+00 2.000E+00 1.246E+01  0.0203 0.68834
  4.500E+01 1.074E+02 1.891E+00 0.000E+00 0.000E+00 0.000E+00 0.000E+00 1.891E+00 1.503E+01  0.0252 0.71286
  5.000E+01 1.143E+02 1.804E+00 0.000E+00 0.000E+00 0.000E+00 0.000E+00 1.804E+00 1.774E+01  0.0306 0.73434
  5.500E+01 1.210E+02 1.733E+00 0.000E+00 0.000E+00 0.000E+00 0.000E+00 1.733E+00 2.057E+01  0.0363 0.75332
  6.000E+01 1.276E+02 1.675E+00 0.000E+00 0.000E+00 0.000E+00 0.000E+00 1.675E+00 2.351E+01  0.0425 0.77019
  7.000E+01 1.403E+02 1.585E+00 0.000E+00 0.000E+00 0.000E+00 0.000E+00 1.585E+00 2.966E+01  0.0557 0.79887
  8.000E+01 1.527E+02 1.519E+00 0.000E+00 0.000E+00 0.000E+00 0.000E+00 1.519E+00 3.611E+01  0.0702 0.82227
  9.000E+01 1.647E+02 1.471E+00 0.000E+00 0.000E+00 0.000E+00 0.000E+00 1.471E+00 4.280E+01  0.0855 0.84166
  1.000E+02 1.764E+02 1.433E+00 0.000E+00 0.000E+00 0.000E+00 0.000E+00 1.433E+00 4.970E+01  0.1015 0.85794
  1.200E+02 1.994E+02 1.381E+00 0.000E+00 0.000E+00 0.000E+00 0.000E+00 1.381E+00 6.393E+01  0.1348 0.88361
  1.400E+02 2.218E+02 1.349E+00 0.000E+00 0.000E+00 0.000E+00 0.000E+00 1.349E+00 7.859E+01  0.1692 0.90278
  1.700E+02 2.546E+02 1.321E+00 8.528E-07 1.313E-11 0.000E+00 8.528E-07 1.321E+00 1.011E+02  0.2213 0.92363
  2.000E+02 2.868E+02 1.307E+00 4.054E-06 1.684E-09 0.000E+00 4.056E-06 1.307E+00 1.239E+02  0.2729 0.93835
  2.500E+02 3.396E+02 1.300E+00 7.157E-06 3.075E-08 0.000E+00 7.188E-06 1.300E+00 1.623E+02  0.3564 0.95485
  3.000E+02 3.917E+02 1.302E+00 9.658E-06 2.021E-07 0.000E+00 9.860E-06 1.302E+00 2.008E+02  0.4358 0.96548
  3.500E+02 4.432E+02 1.310E+00 1.204E-05 5.282E-07 0.000E+00 1.257E-05 1.310E+00 2.391E+02  0.5112 0.97274
  4.000E+02 4.945E+02 1.319E+00 3.824E-05 2.860E-06 0.000E+00 4.110E-05 1.319E+00 2.771E+02  0.5826 0.97793
  4.500E+02 5.455E+02 1.330E+00 1.532E-04 3.001E-05 0.000E+00 1.832E-04 1.330E+00 3.149E+02  0.6505 0.98176
  5.000E+02 5.964E+02 1.340E+00 2.321E-04 4.601E-05 0.000E+00 2.781E-04 1.341E+00 3.523E+02  0.7152 0.98467
  5.500E+02 6.471E+02 1.351E+00 2.996E-04 6.417E-05 1.479E-05 3.786E-04 1.351E+00 3.895E+02  0.7770 0.98693
  6.000E+02 6.977E+02 1.362E+00 3.621E-04 8.496E-05 4.939E-05 4.964E-04 1.362E+00 4.263E+02  0.8361 0.98873
  7.000E+02 7.987E+02 1.382E+00 4.814E-04 1.344E-04 1.181E-04 7.338E-04 1.383E+00 4.992E+02  0.9472 0.99136
  8.000E+02 8.995E+02 1.400E+00 5.998E-04 1.938E-04 1.827E-04 9.763E-04 1.401E+00 5.710E+02  1.0501 0.99317
  9.000E+02 1.000E+03 1.418E+00 7.205E-04 2.626E-04 2.443E-04 1.227E-03 1.419E+00 6.419E+02  1.1460 0.99447
  1.000E+03 1.101E+03 1.434E+00 8.445E-04 3.402E-04 3.039E-04 1.489E-03 1.435E+00 7.120E+02  1.2357 0.99542
  1.200E+03 1.301E+03 1.462E+00 1.104E-03 5.199E-04 4.187E-04 2.043E-03 1.464E+00 8.499E+02  1.3996 0.99672
  1.400E+03 1.502E+03 1.487E+00 1.380E-03 7.295E-04 5.295E-04 2.639E-03 1.489E+00 9.853E+02  1.5467 0.99753
  1.700E+03 1.803E+03 1.518E+00 1.820E-03 1.093E-03 6.905E-04 3.603E-03 1.522E+00 1.185E+03  1.7429 0.99829
  2.000E+03 2.103E+03 1.545E+00 2.288E-03 1.510E-03 8.466E-04 4.645E-03 1.549E+00 1.380E+03  1.9163 0.99874
  2.500E+03 2.604E+03 1.581E+00 3.125E-03 2.305E-03 1.098E-03 6.529E-03 1.587E+00 1.699E+03  2.1686 0.99918
  3.000E+03 3.104E+03 1.610E+00 4.021E-03 3.209E-03 1.342E-03 8.572E-03 1.619E+00 2.010E+03  2.3873 0.99942
  3.500E+03 3.604E+03 1.635E+00 4.966E-03 4.205E-03 1.579E-03 1.075E-02 1.645E+00 2.317E+03  2.5816 0.99957
  4.000E+03 4.104E+03 1.655E+00 5.954E-03 5.293E-03 1.811E-03 1.306E-02 1.668E+00 2.618E+03  2.7572 0.99967
  4.500E+03 4.604E+03 1.673E+00 6.979E-03 6.459E-03 2.038E-03 1.548E-02 1.689E+00 2.916E+03  2.9177 0.99974
  5.000E+03 5.105E+03 1.689E+00 8.038E-03 7.690E-03 2.260E-03 1.799E-02 1.707E+00 3.211E+03  3.0658 0.99979
  5.500E+03 5.605E+03 1.703E+00 9.128E-03 8.981E-03 2.479E-03 2.059E-02 1.724E+00 3.502E+03  3.2033 0.99982
  6.000E+03 6.105E+03 1.716E+00 1.024E-02 1.033E-02 2.695E-03 2.327E-02 1.739E+00 3.791E+03  3.3317 0.99985
  7.000E+03 7.105E+03 1.737E+00 1.255E-02 1.316E-02 3.118E-03 2.883E-02 1.766E+00 4.362E+03  3.5655 0.99989
  8.000E+03 8.105E+03 1.756E+00 1.495E-02 1.617E-02 3.532E-03 3.465E-02 1.790E+00 4.924E+03  3.7740 0.99992
  9.000E+03 9.105E+03 1.772E+00 1.741E-02 1.933E-02 3.938E-03 4.069E-02 1.812E+00 5.479E+03  3.9622 0.99993
  1.000E+04 1.011E+04 1.786E+00 1.995E-02 2.263E-02 4.337E-03 4.691E-02 1.832E+00 6.028E+03  4.1335 0.99995
  1.200E+04 1.211E+04 1.809E+00 2.520E-02 2.956E-02 5.118E-03 5.987E-02 1.869E+00 7.108E+03  4.4361 0.99996
  1.400E+04 1.411E+04 1.828E+00 3.064E-02 3.688E-02 5.880E-03 7.340E-02 1.902E+00 8.169E+03  4.6974 0.99997
  1.700E+04 1.711E+04 1.852E+00 3.911E-02 4.848E-02 6.997E-03 9.458E-02 1.946E+00 9.728E+03  5.0330 0.99998
  2.000E+04 2.011E+04 1.871E+00 4.789E-02 6.067E-02 8.089E-03 1.167E-01 1.988E+00 1.125E+04  5.3190 0.99999
  2.500E+04 2.511E+04 1.896E+00 6.308E-02 8.206E-02 9.868E-03 1.550E-01 2.051E+00 1.373E+04  5.7189 0.99999
  3.000E+04 3.011E+04 1.916E+00 7.883E-02 1.045E-01 1.161E-02 1.950E-01 2.111E+00 1.613E+04  6.0515 0.99999
  3.500E+04 3.511E+04 1.933E+00 9.504E-02 1.278E-01 1.332E-02 2.362E-01 2.169E+00 1.847E+04  6.3363 1.00000
  4.000E+04 4.011E+04 1.946E+00 1.116E-01 1.518E-01 1.502E-02 2.785E-01 2.225E+00 2.074E+04  6.5856 1.00000
  4.500E+04 4.511E+04 1.958E+00 1.286E-01 1.764E-01 1.670E-02 3.216E-01 2.280E+00 2.296E+04  6.8071 1.00000
  5.000E+04 5.011E+04 1.969E+00 1.458E-01 2.015E-01 1.836E-02 3.656E-01 2.334E+00 2.513E+04  7.0065 1.00000
  5.500E+04 5.511E+04 1.978E+00 1.633E-01 2.270E-01 2.002E-02 4.103E-01 2.388E+00 2.725E+04  7.1878 1.00000
  6.000E+04 6.011E+04 1.987E+00 1.810E-01 2.529E-01 2.167E-02 4.555E-01 2.442E+00 2.932E+04  7.3539 1.00000
  7.000E+04 7.011E+04 2.001E+00 2.170E-01 3.056E-01 2.495E-02 5.476E-01 2.549E+00 3.333E+04  7.6496 1.00000
  8.000E+04 8.011E+04 2.014E+00 2.537E-01 3.595E-01 2.821E-02 6.414E-01 2.656E+00 3.717E+04  7.9071 1.00000
  9.000E+04 9.011E+04 2.025E+00 2.910E-01 4.143E-01 3.146E-02 7.368E-01 2.762E+00 4.086E+04  8.1350 1.00000
  1.000E+05 1.001E+05 2.035E+00 3.289E-01 4.699E-01 3.471E-02 8.334E-01 2.868E+00 4.441E+04  8.3395 1.00000
  1.200E+05 1.201E+05 2.051E+00 4.058E-01 5.829E-01 4.118E-02 1.030E+00 3.081E+00 5.114E+04  8.6947 1.00000
  1.400E+05 1.401E+05 2.065E+00 4.843E-01 6.979E-01 4.765E-02 1.230E+00 3.295E+00 5.742E+04  8.9962 1.00000
  1.700E+05 1.701E+05 2.083E+00 6.041E-01 8.734E-01 5.738E-02 1.535E+00 3.618E+00 6.610E+04  9.3774 1.00000
  2.000E+05 2.001E+05 2.097E+00 7.261E-01 1.052E+00 6.713E-02 1.845E+00 3.942E+00 7.404E+04  9.6975 1.00000
  2.500E+05 2.501E+05 2.117E+00 9.330E-01 1.353E+00 8.346E-02 2.369E+00 4.486E+00 8.593E+04 10.1386 1.00000
  3.000E+05 3.001E+05 2.133E+00 1.144E+00 1.658E+00 9.992E-02 2.902E+00 5.035E+00 9.645E+04 10.5000 1.00000
  3.500E+05 3.501E+05 2.146E+00 1.357E+00 1.967E+00 1.165E-01 3.440E+00 5.587E+00 1.059E+05 10.8062 1.00000
  4.000E+05 4.001E+05 2.158E+00 1.572E+00 2.278E+00 1.332E-01 3.984E+00 6.141E+00 1.144E+05 11.0718 1.00000
  4.500E+05 4.501E+05 2.168E+00 1.790E+00 2.591E+00 1.500E-01 4.531E+00 6.699E+00 1.222E+05 11.3064 1.00000
  5.000E+05 5.001E+05 2.177E+00 2.009E+00 2.906E+00 1.669E-01 5.081E+00 7.259E+00 1.294E+05 11.5164 1.00000
  5.500E+05 5.501E+05 2.185E+00 2.229E+00 3.221E+00 1.839E-01 5.635E+00 7.820E+00 1.360E+05 11.7064 1.00000
  6.000E+05 6.001E+05 2.193E+00 2.451E+00 3.538E+00 2.011E-01 6.190E+00 8.384E+00 1.422E+05 11.8800 1.00000
  7.000E+05 7.001E+05 2.207E+00 2.897E+00 4.175E+00 2.356E-01 7.308E+00 9.515E+00 1.534E+05 12.1877 1.00000
  8.000E+05 8.001E+05 2.218E+00 3.347E+00 4.815E+00 2.706E-01 8.433E+00 1.065E+01 1.633E+05 12.4543 1.00000
  9.000E+05 9.001E+05 2.229E+00 3.800E+00 5.457E+00 3.058E-01 9.563E+00 1.179E+01 1.722E+05 12.6896 1.00000
  1.000E+06 1.000E+06 2.238E+00 4.255E+00 6.101E+00 3.414E-01 1.070E+01 1.294E+01 1.803E+05 12.9001 1.00000
  1.200E+06 1.200E+06 2.254E+00 5.170E+00 7.395E+00 4.134E-01 1.298E+01 1.523E+01 1.945E+05 13.2644 1.00000
  1.400E+06 1.400E+06 2.268E+00 6.092E+00 8.693E+00 4.865E-01 1.527E+01 1.754E+01 2.068E+05 13.5726 1.00000
  1.700E+06 1.700E+06 2.285E+00 7.483E+00 1.065E+01 5.977E-01 1.873E+01 2.101E+01 2.224E+05 13.9607 1.00000
  2.000E+06 2.000E+06 2.300E+00 8.882E+00 1.261E+01 7.109E-01 2.220E+01 2.450E+01 2.356E+05 14.2857 1.00000
  2.500E+06 2.500E+06 2.320E+00 1.123E+01 1.588E+01 9.029E-01 2.801E+01 3.033E+01 2.539E+05 14.7318 1.00000
  3.000E+06 3.000E+06 2.337E+00 1.358E+01 1.917E+01 1.099E+00 3.385E+01 3.619E+01 2.690E+05 15.0964 1.00000
  3.500E+06 3.500E+06 2.351E+00 1.595E+01 2.246E+01 1.298E+00 3.971E+01 4.206E+01 2.818E+05 15.4047 1.00000
  4.000E+06 4.000E+06 2.364E+00 1.832E+01 2.576E+01 1.500E+00 4.558E+01 4.794E+01 2.929E+05 15.6717 1.00000
  4.500E+06 4.500E+06 2.375E+00 2.070E+01 2.906E+01 1.704E+00 5.146E+01 5.384E+01 3.027E+05 15.9073 1.00000
  5.000E+06 5.000E+06 2.385E+00 2.308E+01 3.236E+01 1.911E+00 5.735E+01 5.974E+01 3.116E+05 16.1180 1.00000
  5.500E+06 5.500E+06 2.394E+00 2.547E+01 3.567E+01 2.120E+00 6.326E+01 6.565E+01 3.195E+05 16.3086 1.00000
  6.000E+06 6.000E+06 2.402E+00 2.786E+01 3.898E+01 2.331E+00 6.916E+01 7.157E+01 3.268E+05 16.4826 1.00000
  7.000E+06 7.000E+06 2.416E+00 3.264E+01 4.560E+01 2.758E+00 8.100E+01 8.341E+01 3.398E+05 16.7909 1.00000
  8.000E+06 8.000E+06 2.429E+00 3.744E+01 5.223E+01 3.192E+00 9.285E+01 9.528E+01 3.510E+05 17.0580 1.00000
  9.000E+06 9.000E+06 2.441E+00 4.224E+01 5.886E+01 3.632E+00 1.047E+02 1.072E+02 3.609E+05 17.2935 1.00000
  1.000E+07 1.000E+07 2.451E+00 4.704E+01 6.549E+01 4.077E+00 1.166E+02 1.191E+02 3.697E+05 17.5042 1.00000
  1.200E+07 1.200E+07 2.468E+00 5.666E+01 7.877E+01 4.981E+00 1.404E+02 1.429E+02 3.850E+05 17.8689 1.00000
  1.400E+07 1.400E+07 2.484E+00 6.630E+01 9.206E+01 5.902E+00 1.643E+02 1.667E+02 3.980E+05 18.1772 1.00000
  1.700E+07 1.700E+07 2.503E+00 8.077E+01 1.120E+02 7.310E+00 2.001E+02 2.026E+02 4.143E+05 18.5655 1.00000
  2.000E+07 2.000E+07 2.519E+00 9.526E+01 1.319E+02 8.747E+00 2.360E+02 2.385E+02 4.279E+05 18.8905 1.00000
  2.500E+07 2.500E+07 2.541E+00 1.194E+02 1.652E+02 1.119E+01 2.958E+02 2.984E+02 4.466E+05 19.3368 1.00000
  3.000E+07 3.000E+07 2.560E+00 1.436E+02 1.985E+02 1.370E+01 3.558E+02 3.584E+02 4.619E+05 19.7015 1.00000
  3.500E+07 3.500E+07 2.576E+00 1.678E+02 2.318E+02 1.625E+01 4.158E+02 4.184E+02 4.748E+05 20.0098 1.00000
  4.000E+07 4.000E+07 2.589E+00 1.920E+02 2.651E+02 1.884E+01 4.760E+02 4.785E+02 4.860E+05 20.2768 1.00000
  4.500E+07 4.500E+07 2.602E+00 2.162E+02 2.984E+02 2.147E+01 5.361E+02 5.387E+02 4.958E+05 20.5124 1.00000
  5.000E+07 5.000E+07 2.613E+00 2.405E+02 3.317E+02 2.413E+01 5.963E+02 5.989E+02 5.046E+05 20.7231 1.00000
  5.500E+07 5.500E+07 2.623E+00 2.647E+02 3.650E+02 2.683E+01 6.565E+02 6.592E+02 5.126E+05 20.9137 1.00000
  6.000E+07 6.000E+07 2.632E+00 2.889E+02 3.983E+02 2.955E+01 7.168E+02 7.195E+02 5.198E+05 21.0877 1.00000
  7.000E+07 7.000E+07 2.648E+00 3.374E+02 4.650E+02 3.507E+01 8.375E+02 8.401E+02 5.327E+05 21.3960 1.00000
  8.000E+07 8.000E+07 2.662E+00 3.859E+02 5.316E+02 4.069E+01 9.582E+02 9.609E+02 5.438E+05 21.6631 1.00000
  9.000E+07 9.000E+07 2.675E+00 4.344E+02 5.983E+02 4.639E+01 1.079E+03 1.082E+03 5.536E+05 21.8987 1.00000
  1.000E+08 1.000E+08 2.686E+00 4.829E+02 6.649E+02 5.217E+01 1.200E+03 1.203E+03 5.623E+05 22.1094 1.00000
  1.200E+08 1.200E+08 2.706E+00 5.800E+02 7.983E+02 6.391E+01 1.442E+03 1.445E+03 5.775E+05 22.4740 1.00000
  1.400E+08 1.400E+08 2.723E+00 6.770E+02 9.316E+02 7.590E+01 1.685E+03 1.687E+03 5.903E+05 22.7823 1.00000
  1.700E+08 1.700E+08 2.744E+00 8.226E+02 1.132E+03 9.425E+01 2.049E+03 2.051E+03 6.064E+05 23.1706 1.00000
  2.000E+08 2.000E+08 2.762E+00 9.682E+02 1.332E+03 1.130E+02 2.413E+03 2.416E+03 6.199E+05 23.4957 1.00000
  2.500E+08 2.500E+08 2.787E+00 1.211E+03 1.665E+03 1.450E+02 3.021E+03 3.024E+03 6.383E+05 23.9420 1.00000
  3.000E+08 3.000E+08 2.808E+00 1.454E+03 1.999E+03 1.777E+02 3.630E+03 3.633E+03 6.534E+05 24.3066 1.00000
  3.500E+08 3.500E+08 2.825E+00 1.696E+03 2.332E+03 2.111E+02 4.240E+03 4.242E+03 6.661E+05 24.6149 1.00000
  4.000E+08 4.000E+08 2.841E+00 1.939E+03 2.665E+03 2.451E+02 4.850E+03 4.853E+03 6.771E+05 24.8820 1.00000
  4.500E+08 4.500E+08 2.854E+00 2.182E+03 2.999E+03 2.797E+02 5.461E+03 5.463E+03 6.868E+05 25.1175 1.00000
  5.000E+08 5.000E+08 2.867E+00 2.425E+03 3.332E+03 3.147E+02 6.072E+03 6.075E+03 6.955E+05 25.3283 1.00000
  5.500E+08 5.500E+08 2.878E+00 2.668E+03 3.666E+03 3.501E+02 6.684E+03 6.686E+03 7.034E+05 25.5189 1.00000
  6.000E+08 6.000E+08 2.888E+00 2.910E+03 3.999E+03 3.859E+02 7.296E+03 7.298E+03 7.105E+05 25.6929 1.00000
  7.000E+08 7.000E+08 2.906E+00 3.396E+03 4.666E+03 4.586E+02 8.521E+03 8.524E+03 7.232E+05 26.0012 1.00000
  8.000E+08 8.000E+08 2.922E+00 3.881E+03 5.333E+03 5.327E+02 9.747E+03 9.750E+03 7.341E+05 26.2682 1.00000
  9.000E+08 9.000E+08 2.936E+00 4.367E+03 6.000E+03 6.078E+02 1.098E+04 1.098E+04 7.438E+05 26.5037 1.00000
  1.000E+09 1.000E+09 2.949E+00 4.853E+03 6.667E+03 6.840E+02 1.220E+04 1.221E+04 7.524E+05 26.7144 1.00000
  1.200E+09 1.200E+09 2.971E+00 5.824E+03 8.001E+03 8.393E+02 1.466E+04 1.467E+04 7.674E+05 27.0791 1.00000
  1.400E+09 1.400E+09 2.990E+00 6.795E+03 9.335E+03 9.977E+02 1.713E+04 1.713E+04 7.800E+05 27.3870 1.00000
  1.700E+09 1.700E+09 3.014E+00 8.252E+03 1.134E+04 1.241E+03 2.083E+04 2.083E+04 7.958E+05 27.7753 1.00000
  2.000E+09 2.000E+09 3.034E+00 9.709E+03 1.334E+04 1.489E+03 2.454E+04 2.454E+04 8.091E+05 28.0988 1.00000
  2.500E+09 2.500E+09 3.062E+00 1.214E+04 1.667E+04 1.914E+03 3.072E+04 3.073E+04 8.273E+05 28.5451 1.00000
  3.000E+09 3.000E+09 3.085E+00 1.456E+04 2.001E+04 2.349E+03 3.692E+04 3.692E+04 8.421E+05 28.9033 1.00000
  3.500E+09 3.500E+09 3.105E+00 1.699E+04 2.334E+04 2.794E+03 4.313E+04 4.313E+04 8.546E+05 29.2116 1.00000
  4.000E+09 4.000E+09 3.122E+00 1.942E+04 2.668E+04 3.246E+03 4.934E+04 4.935E+04 8.654E+05 29.4786 1.00000
  4.500E+09 4.500E+09 3.139E+00 2.185E+04 3.001E+04 3.707E+03 5.557E+04 5.557E+04 8.750E+05 29.6850 1.00000
  5.000E+09 5.000E+09 3.153E+00 2.428E+04 3.335E+04 4.173E+03 6.180E+04 6.180E+04 8.835E+05 29.8958 1.00000
  5.500E+09 5.500E+09 3.165E+00 2.670E+04 3.668E+04 4.646E+03 6.803E+04 6.804E+04 8.912E+05 30.0864 1.00000
  6.000E+09 6.000E+09 3.177E+00 2.913E+04 4.002E+04 5.125E+03 7.428E+04 7.428E+04 8.982E+05 30.2604 1.00000
  7.000E+09 7.000E+09 3.197E+00 3.399E+04 4.669E+04 6.097E+03 8.677E+04 8.678E+04 9.107E+05 30.5687 1.00000
  8.000E+09 8.000E+09 3.225E+00 3.884E+04 5.336E+04 7.088E+03 9.929E+04 9.929E+04 9.215E+05 30.6803 1.00000
  9.000E+09 9.000E+09 3.241E+00 4.370E+04 6.003E+04 8.094E+03 1.118E+05 1.118E+05 9.309E+05 30.9159 1.00000
  1.000E+10 1.000E+10 3.255E+00 4.856E+04 6.670E+04 9.116E+03 1.244E+05 1.244E+05 9.394E+05 31.1266 1.00000
  1.200E+10 1.200E+10 3.280E+00 5.827E+04 8.004E+04 1.120E+04 1.495E+05 1.495E+05 9.541E+05 31.4912 1.00000
  1.400E+10 1.400E+10 3.301E+00 6.798E+04 9.338E+04 1.333E+04 1.747E+05 1.747E+05 9.664E+05 31.7995 1.00000
  1.700E+10 1.700E+10 3.327E+00 8.255E+04 1.134E+05 1.659E+04 2.125E+05 2.125E+05 9.820E+05 32.1878 1.00000
  2.000E+10 2.000E+10 3.350E+00 9.712E+04 1.334E+05 1.994E+04 2.505E+05 2.505E+05 9.950E+05 32.5129 1.00000
  2.500E+10 2.500E+10 3.381E+00 1.214E+05 1.668E+05 2.566E+04 3.138E+05 3.138E+05 1.013E+06 32.9592 1.00000
  3.000E+10 3.000E+10 3.407E+00 1.457E+05 2.001E+05 3.154E+04 3.773E+05 3.773E+05 1.027E+06 33.3238 1.00000
  3.500E+10 3.500E+10 3.429E+00 1.700E+05 2.335E+05 3.756E+04 4.410E+05 4.410E+05 1.040E+06 33.6321 1.00000
  4.000E+10 4.000E+10 3.448E+00 1.942E+05 2.668E+05 4.369E+04 5.047E+05 5.047E+05 1.050E+06 33.8992 1.00000
  4.500E+10 4.500E+10 3.465E+00 2.185E+05 3.002E+05 4.992E+04 5.686E+05 5.686E+05 1.059E+06 34.1347 1.00000
  5.000E+10 5.000E+10 3.480E+00 2.428E+05 3.335E+05 5.625E+04 6.326E+05 6.326E+05 1.068E+06 34.3455 1.00000
  5.500E+10 5.500E+10 3.494E+00 2.671E+05 3.669E+05 6.267E+04 6.966E+05 6.966E+05 1.075E+06 34.5361 1.00000
  6.000E+10 6.000E+10 3.507E+00 2.914E+05 4.002E+05 6.917E+04 7.607E+05 7.607E+05 1.082E+06 34.7101 1.00000
  7.000E+10 7.000E+10 3.530E+00 3.399E+05 4.669E+05 8.238E+04 8.892E+05 8.892E+05 1.094E+06 35.0184 1.00000
  8.000E+10 8.000E+10 3.550E+00 3.885E+05 5.336E+05 9.586E+04 1.018E+06 1.018E+06 1.105E+06 35.2855 1.00000
  9.000E+10 9.000E+10 3.567E+00 4.370E+05 6.003E+05 1.096E+05 1.147E+06 1.147E+06 1.114E+06 35.5210 1.00000
  1.000E+11 1.000E+11 3.583E+00 4.856E+05 6.670E+05 1.235E+05 1.276E+06 1.276E+06 1.122E+06 35.7318 1.00000
  1.200E+11 1.200E+11 3.611E+00 5.827E+05 8.004E+05 1.519E+05 1.535E+06 1.535E+06 1.137E+06 36.0964 1.00000
  1.400E+11 1.400E+11 3.634E+00 6.798E+05 9.338E+05 1.810E+05 1.795E+06 1.795E+06 1.149E+06 36.4047 1.00000
  1.700E+11 1.700E+11 3.664E+00 8.255E+05 1.134E+06 2.257E+05 2.185E+06 2.185E+06 1.164E+06 36.7930 1.00000
  2.000E+11 2.000E+11 3.689E+00 9.712E+05 1.334E+06 2.716E+05 2.577E+06 2.577E+06 1.176E+06 37.1180 1.00000
  2.500E+11 2.500E+11 3.724E+00 1.214E+06 1.667E+06 3.502E+05 3.232E+06 3.232E+06 1.194E+06 37.5643 1.00000
  3.000E+11 3.000E+11 3.753E+00 1.457E+06 2.001E+06 4.310E+05 3.889E+06 3.889E+06 1.208E+06 37.9290 1.00000
  3.500E+11 3.500E+11 3.778E+00 1.700E+06 2.334E+06 5.138E+05 4.548E+06 4.548E+06 1.220E+06 38.2373 1.00000
  4.000E+11 4.000E+11 3.799E+00 1.942E+06 2.668E+06 5.983E+05 5.209E+06 5.209E+06 1.230E+06 38.5043 1.00000
  4.500E+11 4.500E+11 3.818E+00 2.185E+06 3.001E+06 6.844E+05 5.871E+06 5.871E+06 1.239E+06 38.7399 1.00000
  5.000E+11 5.000E+11 3.835E+00 2.428E+06 3.335E+06 7.718E+05 6.535E+06 6.535E+06 1.247E+06 38.9506 1.00000
  5.500E+11 5.500E+11 3.851E+00 2.671E+06 3.668E+06 8.605E+05 7.200E+06 7.200E+06 1.254E+06 39.1412 1.00000
  6.000E+11 6.000E+11 3.865E+00 2.914E+06 4.002E+06 9.504E+05 7.866E+06 7.866E+06 1.261E+06 39.3153 1.00000
  7.000E+11 7.000E+11 3.890E+00 3.399E+06 4.669E+06 1.133E+06 9.201E+06 9.202E+06 1.273E+06 39.6236 1.00000
  8.000E+11 8.000E+11 3.912E+00 3.885E+06 5.336E+06 1.320E+06 1.054E+07 1.054E+07 1.283E+06 39.8906 1.00000
  9.000E+11 9.000E+11 3.932E+00 4.370E+06 6.003E+06 1.511E+06 1.188E+07 1.188E+07 1.292E+06 40.1262 1.00000
  1.000E+12 1.000E+12 3.950E+00 4.856E+06 6.670E+06 1.704E+06 1.323E+07 1.323E+07 1.300E+06 40.3369 1.00000
