 Incident particle is a Muon with M = 105.65839 MeV
 Index = 0: BismuthGermanate
      Absorber with <Z/A> = 0.42061
 Density effect computed following Fano (1963)
 Models for Radloss: brems =  SSR, pair =  SSR, photonuc = DRSS

 *** Table generated with PUMAS v1.1 ***

      T         p     Ionization  brems     pair     photonuc  Radloss    dE/dx   CSDA Range  delta   beta
    [MeV]    [MeV/c]  -----------------------[MeV cm^2/g]------------------------  [g/cm^2]
  1.000E+00 1.457E+01 2.471E+01 0.000E+00 0.000E+00 0.000E+00 0.000E+00 2.471E+01 2.023E-02  0.0000 0.13661
  1.200E+00 1.597E+01 2.169E+01 0.000E+00 0.000E+00 0.000E+00 0.000E+00 2.169E+01 2.889E-02  0.0000 0.14944
  1.400E+00 1.726E+01 1.940E+01 0.000E+00 0.000E+00 0.000E+00 0.000E+00 1.940E+01 3.866E-02  0.0000 0.16119
  1.700E+00 1.903E+01 1.682E+01 0.000E+00 0.000E+00 0.000E+00 0.000E+00 1.682E+01 5.532E-02  0.0000 0.17725
  2.000E+00 2.066E+01 1.491E+01 0.000E+00 0.000E+00 0.000E+00 0.000E+00 1.491E+01 7.430E-02  0.0000 0.19186
  2.500E+00 2.312E+01 1.263E+01 0.000E+00 0.000E+00 0.000E+00 0.000E+00 1.263E+01 1.109E-01  0.0000 0.21376
  3.000E+00 2.536E+01 1.101E+01 0.000E+00 0.000E+00 0.000E+00 0.000E+00 1.101E+01 1.534E-01  0.0000 0.23336
  3.500E+00 2.742E+01 9.806E+00 0.000E+00 0.000E+00 0.000E+00 0.000E+00 9.806E+00 2.016E-01  0.0000 0.25120
  4.000E+00 2.935E+01 8.869E+00 0.000E+00 0.000E+00 0.000E+00 0.000E+00 8.869E+00 2.553E-01  0.0000 0.26763
  4.500E+00 3.116E+01 8.117E+00 0.000E+00 0.000E+00 0.000E+00 0.000E+00 8.117E+00 3.143E-01  0.0000 0.28290
  5.000E+00 3.289E+01 7.500E+00 0.000E+00 0.000E+00 0.000E+00 0.000E+00 7.500E+00 3.785E-01  0.0000 0.29720
  5.500E+00 3.453E+01 6.984E+00 0.000E+00 0.000E+00 0.000E+00 0.000E+00 6.984E+00 4.476E-01  0.0000 0.31066
  6.000E+00 3.611E+01 6.545E+00 0.000E+00 0.000E+00 0.000E+00 0.000E+00 6.545E+00 5.216E-01  0.0000 0.32339
  7.000E+00 3.909E+01 5.838E+00 0.000E+00 0.000E+00 0.000E+00 0.000E+00 5.838E+00 6.837E-01  0.0000 0.34700
  8.000E+00 4.189E+01 5.292E+00 0.000E+00 0.000E+00 0.000E+00 0.000E+00 5.292E+00 8.639E-01  0.0000 0.36854
  9.000E+00 4.453E+01 4.858E+00 0.000E+00 0.000E+00 0.000E+00 0.000E+00 4.858E+00 1.061E+00  0.0000 0.38836
  1.000E+01 4.704E+01 4.503E+00 0.000E+00 0.000E+00 0.000E+00 0.000E+00 4.503E+00 1.275E+00  0.0000 0.40675
  1.200E+01 5.177E+01 3.957E+00 0.000E+00 0.000E+00 0.000E+00 0.000E+00 3.957E+00 1.751E+00  0.0000 0.43998
  1.400E+01 5.616E+01 3.557E+00 0.000E+00 0.000E+00 0.000E+00 0.000E+00 3.557E+00 2.285E+00  0.0000 0.46937
  1.700E+01 6.230E+01 3.122E+00 0.000E+00 0.000E+00 0.000E+00 0.000E+00 3.122E+00 3.188E+00  0.0000 0.50792
  2.000E+01 6.802E+01 2.811E+00 0.000E+00 0.000E+00 0.000E+00 0.000E+00 2.811E+00 4.203E+00  0.0002 0.54129
  2.500E+01 7.686E+01 2.451E+00 0.000E+00 0.000E+00 0.000E+00 0.000E+00 2.451E+00 6.115E+00  0.0010 0.58827
  3.000E+01 8.509E+01 2.207E+00 0.000E+00 0.000E+00 0.000E+00 0.000E+00 2.207E+00 8.270E+00  0.0024 0.62720
  3.500E+01 9.285E+01 2.032E+00 0.000E+00 0.000E+00 0.000E+00 0.000E+00 2.032E+00 1.064E+01  0.0044 0.66011
  4.000E+01 1.003E+02 1.900E+00 0.000E+00 0.000E+00 0.000E+00 0.000E+00 1.900E+00 1.318E+01  0.0069 0.68834
  4.500E+01 1.074E+02 1.797E+00 0.000E+00 0.000E+00 0.000E+00 0.000E+00 1.797E+00 1.589E+01  0.0098 0.71286
  5.000E+01 1.143E+02 1.715E+00 0.000E+00 0.000E+00 0.000E+00 0.000E+00 1.715E+00 1.874E+01  0.0131 0.73434
  5.500E+01 1.210E+02 1.649E+00 0.000E+00 0.000E+00 0.000E+00 0.000E+00 1.649E+00 2.172E+01  0.0168 0.75332
  6.000E+01 1.276E+02 1.595E+00 0.000E+00 0.000E+00 0.000E+00 0.000E+00 1.595E+00 2.480E+01  0.0208 0.77019
  7.000E+01 1.403E+02 1.511E+00 0.000E+00 0.000E+00 0.000E+00 0.000E+00 1.511E+00 3.125E+01  0.0297 0.79887
  8.000E+01 1.527E+02 1.450E+00 0.000E+00 0.000E+00 0.000E+00 0.000E+00 1.450E+00 3.802E+01  0.0396 0.82227
  9.000E+01 1.647E+02 1.405E+00 0.000E+00 0.000E+00 0.000E+00 0.000E+00 1.405E+00 4.503E+01  0.0503 0.84166
  1.000E+02 1.764E+02 1.370E+00 0.000E+00 0.000E+00 0.000E+00 0.000E+00 1.370E+00 5.224E+01  0.0617 0.85794
  1.200E+02 1.994E+02 1.323E+00 0.000E+00 0.000E+00 0.000E+00 0.000E+00 1.323E+00 6.712E+01  0.0863 0.88361
  1.400E+02 2.218E+02 1.293E+00 0.000E+00 0.000E+00 0.000E+00 0.000E+00 1.293E+00 8.243E+01  0.1126 0.90278
  1.700E+02 2.546E+02 1.268E+00 1.502E-06 1.369E-10 0.000E+00 1.503E-06 1.268E+00 1.059E+02  0.1540 0.92363
  2.000E+02 2.868E+02 1.256E+00 3.154E-06 1.426E-09 0.000E+00 3.155E-06 1.256E+00 1.297E+02  0.1966 0.93835
  2.500E+02 3.396E+02 1.252E+00 5.012E-06 2.128E-08 0.000E+00 5.034E-06 1.252E+00 1.696E+02  0.2683 0.95485
  3.000E+02 3.917E+02 1.256E+00 6.597E-06 1.365E-07 0.000E+00 6.734E-06 1.256E+00 2.094E+02  0.3387 0.96548
  3.500E+02 4.432E+02 1.264E+00 2.243E-05 1.588E-06 0.000E+00 2.402E-05 1.264E+00 2.491E+02  0.4069 0.97274
  4.000E+02 4.945E+02 1.275E+00 3.450E-05 3.202E-06 0.000E+00 3.770E-05 1.275E+00 2.885E+02  0.4724 0.97793
  4.500E+02 5.455E+02 1.286E+00 4.477E-05 5.255E-06 0.000E+00 5.003E-05 1.286E+00 3.276E+02  0.5352 0.98176
  5.000E+02 5.964E+02 1.297E+00 1.807E-04 5.502E-05 0.000E+00 2.357E-04 1.297E+00 3.663E+02  0.5955 0.98467
  5.500E+02 6.471E+02 1.308E+00 3.012E-04 8.376E-05 1.471E-05 3.997E-04 1.308E+00 4.047E+02  0.6534 0.98693
  6.000E+02 6.977E+02 1.319E+00 3.998E-04 1.121E-04 4.917E-05 5.611E-04 1.319E+00 4.427E+02  0.7090 0.98873
  7.000E+02 7.987E+02 1.340E+00 5.727E-04 1.782E-04 1.176E-04 8.684E-04 1.340E+00 5.179E+02  0.8144 0.99136
  8.000E+02 8.995E+02 1.359E+00 7.350E-04 2.573E-04 1.819E-04 1.174E-03 1.360E+00 5.920E+02  0.9127 0.99317
  9.000E+02 1.000E+03 1.376E+00 8.960E-04 3.489E-04 2.432E-04 1.488E-03 1.378E+00 6.650E+02  1.0049 0.99447
  1.000E+03 1.101E+03 1.392E+00 1.059E-03 4.523E-04 3.025E-04 1.814E-03 1.394E+00 7.372E+02  1.0918 0.99542
  1.200E+03 1.301E+03 1.421E+00 1.398E-03 6.918E-04 4.166E-04 2.507E-03 1.423E+00 8.791E+02  1.2520 0.99672
  1.400E+03 1.502E+03 1.446E+00 1.755E-03 9.710E-04 5.266E-04 3.253E-03 1.449E+00 1.018E+03  1.3969 0.99753
  1.700E+03 1.803E+03 1.477E+00 2.324E-03 1.456E-03 6.863E-04 4.466E-03 1.482E+00 1.223E+03  1.5916 0.99829
  2.000E+03 2.103E+03 1.504E+00 2.930E-03 2.011E-03 8.410E-04 5.782E-03 1.509E+00 1.424E+03  1.7648 0.99874
  2.500E+03 2.604E+03 1.540E+00 4.012E-03 3.071E-03 1.090E-03 8.174E-03 1.548E+00 1.751E+03  2.0174 0.99918
  3.000E+03 3.104E+03 1.569E+00 5.170E-03 4.275E-03 1.332E-03 1.078E-02 1.580E+00 2.070E+03  2.2362 0.99942
  3.500E+03 3.604E+03 1.593E+00 6.394E-03 5.603E-03 1.566E-03 1.356E-02 1.607E+00 2.384E+03  2.4297 0.99957
  4.000E+03 4.104E+03 1.614E+00 7.673E-03 7.049E-03 1.795E-03 1.652E-02 1.631E+00 2.693E+03  2.6035 0.99967
  4.500E+03 4.604E+03 1.632E+00 9.003E-03 8.596E-03 2.019E-03 1.962E-02 1.652E+00 2.997E+03  2.7613 0.99974
  5.000E+03 5.105E+03 1.648E+00 1.038E-02 1.023E-02 2.239E-03 2.284E-02 1.671E+00 3.298E+03  2.9060 0.99979
  5.500E+03 5.605E+03 1.662E+00 1.179E-02 1.194E-02 2.455E-03 2.619E-02 1.688E+00 3.596E+03  3.0396 0.99982
  6.000E+03 6.105E+03 1.675E+00 1.324E-02 1.373E-02 2.668E-03 2.963E-02 1.705E+00 3.891E+03  3.1639 0.99985
  7.000E+03 7.105E+03 1.697E+00 1.623E-02 1.749E-02 3.085E-03 3.681E-02 1.734E+00 4.472E+03  3.3891 0.99989
  8.000E+03 8.105E+03 1.716E+00 1.934E-02 2.147E-02 3.493E-03 4.431E-02 1.761E+00 5.045E+03  3.5892 0.99992
  9.000E+03 9.105E+03 1.733E+00 2.255E-02 2.566E-02 3.892E-03 5.210E-02 1.785E+00 5.609E+03  3.7696 0.99993
  1.000E+04 1.011E+04 1.747E+00 2.585E-02 3.002E-02 4.285E-03 6.015E-02 1.807E+00 6.165E+03  3.9339 0.99995
  1.200E+04 1.211E+04 1.771E+00 3.267E-02 3.919E-02 5.053E-03 7.691E-02 1.848E+00 7.260E+03  4.2246 0.99996
  1.400E+04 1.411E+04 1.791E+00 3.975E-02 4.887E-02 5.803E-03 9.442E-02 1.885E+00 8.331E+03  4.4764 0.99997
  1.700E+04 1.711E+04 1.815E+00 5.077E-02 6.419E-02 6.901E-03 1.219E-01 1.937E+00 9.901E+03  4.8010 0.99998
  2.000E+04 2.011E+04 1.835E+00 6.220E-02 8.028E-02 7.973E-03 1.505E-01 1.985E+00 1.143E+04  5.0787 0.99999
  2.500E+04 2.511E+04 1.861E+00 8.197E-02 1.085E-01 9.719E-03 2.002E-01 2.061E+00 1.390E+04  5.4679 0.99999
  3.000E+04 3.011E+04 1.881E+00 1.025E-01 1.381E-01 1.143E-02 2.520E-01 2.133E+00 1.629E+04  5.7919 0.99999
  3.500E+04 3.511E+04 1.898E+00 1.236E-01 1.687E-01 1.311E-02 3.054E-01 2.203E+00 1.859E+04  6.0696 1.00000
  4.000E+04 4.011E+04 1.912E+00 1.452E-01 2.003E-01 1.477E-02 3.602E-01 2.272E+00 2.083E+04  6.3127 1.00000
  4.500E+04 4.511E+04 1.924E+00 1.673E-01 2.326E-01 1.641E-02 4.162E-01 2.340E+00 2.300E+04  6.5290 1.00000
  5.000E+04 5.011E+04 1.935E+00 1.897E-01 2.655E-01 1.804E-02 4.732E-01 2.408E+00 2.510E+04  6.7239 1.00000
  5.500E+04 5.511E+04 1.945E+00 2.124E-01 2.990E-01 1.967E-02 5.311E-01 2.476E+00 2.715E+04  6.9014 1.00000
  6.000E+04 6.011E+04 1.953E+00 2.355E-01 3.330E-01 2.128E-02 5.898E-01 2.543E+00 2.914E+04  7.0643 1.00000
  7.000E+04 7.011E+04 1.968E+00 2.824E-01 4.022E-01 2.449E-02 7.091E-01 2.677E+00 3.297E+04  7.3548 1.00000
  8.000E+04 8.011E+04 1.981E+00 3.302E-01 4.728E-01 2.768E-02 8.307E-01 2.812E+00 3.662E+04  7.6083 1.00000
  9.000E+04 9.011E+04 1.992E+00 3.788E-01 5.446E-01 3.086E-02 9.542E-01 2.946E+00 4.009E+04  7.8333 1.00000
  1.000E+05 1.001E+05 2.002E+00 4.280E-01 6.173E-01 3.403E-02 1.079E+00 3.081E+00 4.341E+04  8.0355 1.00000
  1.200E+05 1.201E+05 2.019E+00 5.282E-01 7.651E-01 4.035E-02 1.334E+00 3.353E+00 4.963E+04  8.3873 1.00000
  1.400E+05 1.401E+05 2.033E+00 6.303E-01 9.155E-01 4.668E-02 1.592E+00 3.625E+00 5.537E+04  8.6865 1.00000
  1.700E+05 1.701E+05 2.050E+00 7.862E-01 1.145E+00 5.617E-02 1.987E+00 4.037E+00 6.321E+04  9.0650 1.00000
  2.000E+05 2.001E+05 2.065E+00 9.448E-01 1.377E+00 6.570E-02 2.388E+00 4.453E+00 7.028E+04  9.3831 1.00000
  2.500E+05 2.501E+05 2.084E+00 1.214E+00 1.771E+00 8.164E-02 3.066E+00 5.151E+00 8.071E+04  9.8215 1.00000
  3.000E+05 3.001E+05 2.100E+00 1.488E+00 2.169E+00 9.770E-02 3.754E+00 5.855E+00 8.981E+04 10.1808 1.00000
  3.500E+05 3.501E+05 2.114E+00 1.765E+00 2.571E+00 1.139E-01 4.450E+00 6.564E+00 9.788E+04 10.4853 1.00000
  4.000E+05 4.001E+05 2.126E+00 2.045E+00 2.976E+00 1.302E-01 5.151E+00 7.277E+00 1.051E+05 10.7496 1.00000
  4.500E+05 4.501E+05 2.136E+00 2.327E+00 3.384E+00 1.466E-01 5.857E+00 7.993E+00 1.117E+05 10.9831 1.00000
  5.000E+05 5.001E+05 2.145E+00 2.612E+00 3.793E+00 1.631E-01 6.568E+00 8.713E+00 1.177E+05 11.1922 1.00000
  5.500E+05 5.501E+05 2.154E+00 2.898E+00 4.204E+00 1.797E-01 7.282E+00 9.435E+00 1.232E+05 11.3815 1.00000
  6.000E+05 6.001E+05 2.161E+00 3.186E+00 4.616E+00 1.964E-01 7.999E+00 1.016E+01 1.283E+05 11.5545 1.00000
  7.000E+05 7.001E+05 2.175E+00 3.765E+00 5.445E+00 2.301E-01 9.440E+00 1.161E+01 1.375E+05 11.8613 1.00000
  8.000E+05 8.001E+05 2.186E+00 4.349E+00 6.277E+00 2.642E-01 1.089E+01 1.308E+01 1.456E+05 12.1273 1.00000
  9.000E+05 9.001E+05 2.197E+00 4.936E+00 7.112E+00 2.985E-01 1.235E+01 1.454E+01 1.528E+05 12.3621 1.00000
  1.000E+06 1.000E+06 2.206E+00 5.526E+00 7.950E+00 3.332E-01 1.381E+01 1.601E+01 1.594E+05 12.5722 1.00000
  1.200E+06 1.200E+06 2.222E+00 6.713E+00 9.631E+00 4.035E-01 1.675E+01 1.897E+01 1.708E+05 12.9361 1.00000
  1.400E+06 1.400E+06 2.236E+00 7.907E+00 1.132E+01 4.747E-01 1.970E+01 2.194E+01 1.806E+05 13.2440 1.00000
  1.700E+06 1.700E+06 2.253E+00 9.710E+00 1.386E+01 5.832E-01 2.415E+01 2.640E+01 1.931E+05 13.6318 1.00000
  2.000E+06 2.000E+06 2.268E+00 1.152E+01 1.640E+01 6.935E-01 2.862E+01 3.089E+01 2.036E+05 13.9566 1.00000
  2.500E+06 2.500E+06 2.288E+00 1.456E+01 2.066E+01 8.806E-01 3.610E+01 3.839E+01 2.181E+05 14.4026 1.00000
  3.000E+06 3.000E+06 2.305E+00 1.761E+01 2.493E+01 1.071E+00 4.361E+01 4.591E+01 2.300E+05 14.7671 1.00000
  3.500E+06 3.500E+06 2.319E+00 2.067E+01 2.920E+01 1.266E+00 5.114E+01 5.346E+01 2.401E+05 15.0754 1.00000
  4.000E+06 4.000E+06 2.331E+00 2.374E+01 3.348E+01 1.462E+00 5.869E+01 6.102E+01 2.488E+05 15.3424 1.00000
  4.500E+06 4.500E+06 2.342E+00 2.682E+01 3.777E+01 1.662E+00 6.625E+01 6.859E+01 2.565E+05 15.5779 1.00000
  5.000E+06 5.000E+06 2.352E+00 2.990E+01 4.206E+01 1.863E+00 7.382E+01 7.618E+01 2.634E+05 15.7886 1.00000
  5.500E+06 5.500E+06 2.361E+00 3.299E+01 4.635E+01 2.067E+00 8.141E+01 8.377E+01 2.697E+05 15.9792 1.00000
  6.000E+06 6.000E+06 2.369E+00 3.608E+01 5.064E+01 2.273E+00 8.900E+01 9.137E+01 2.754E+05 16.1532 1.00000
  7.000E+06 7.000E+06 2.384E+00 4.227E+01 5.924E+01 2.689E+00 1.042E+02 1.066E+02 2.855E+05 16.4615 1.00000
  8.000E+06 8.000E+06 2.397E+00 4.847E+01 6.784E+01 3.112E+00 1.194E+02 1.218E+02 2.943E+05 16.7285 1.00000
  9.000E+06 9.000E+06 2.408E+00 5.468E+01 7.645E+01 3.541E+00 1.347E+02 1.371E+02 3.020E+05 16.9641 1.00000
  1.000E+07 1.000E+07 2.418E+00 6.090E+01 8.506E+01 3.975E+00 1.499E+02 1.523E+02 3.090E+05 17.1748 1.00000
  1.200E+07 1.200E+07 2.436E+00 7.334E+01 1.023E+02 4.856E+00 1.805E+02 1.829E+02 3.209E+05 17.5394 1.00000
  1.400E+07 1.400E+07 2.451E+00 8.580E+01 1.195E+02 5.754E+00 2.111E+02 2.135E+02 3.310E+05 17.8477 1.00000
  1.700E+07 1.700E+07 2.470E+00 1.045E+02 1.454E+02 7.126E+00 2.571E+02 2.595E+02 3.438E+05 18.2360 1.00000
  2.000E+07 2.000E+07 2.486E+00 1.232E+02 1.713E+02 8.526E+00 3.031E+02 3.056E+02 3.544E+05 18.5610 1.00000
  2.500E+07 2.500E+07 2.508E+00 1.545E+02 2.145E+02 1.091E+01 3.799E+02 3.824E+02 3.690E+05 19.0073 1.00000
  3.000E+07 3.000E+07 2.527E+00 1.857E+02 2.577E+02 1.335E+01 4.568E+02 4.593E+02 3.809E+05 19.3720 1.00000
  3.500E+07 3.500E+07 2.543E+00 2.170E+02 3.009E+02 1.584E+01 5.337E+02 5.363E+02 3.910E+05 19.6803 1.00000
  4.000E+07 4.000E+07 2.556E+00 2.483E+02 3.441E+02 1.836E+01 6.108E+02 6.133E+02 3.997E+05 19.9473 1.00000
  4.500E+07 4.500E+07 2.568E+00 2.796E+02 3.873E+02 2.093E+01 6.878E+02 6.904E+02 4.074E+05 20.1829 1.00000
  5.000E+07 5.000E+07 2.579E+00 3.109E+02 4.305E+02 2.352E+01 7.650E+02 7.676E+02 4.142E+05 20.3936 1.00000
  5.500E+07 5.500E+07 2.589E+00 3.423E+02 4.737E+02 2.615E+01 8.421E+02 8.447E+02 4.205E+05 20.5842 1.00000
  6.000E+07 6.000E+07 2.598E+00 3.736E+02 5.170E+02 2.880E+01 9.194E+02 9.220E+02 4.261E+05 20.7583 1.00000
  7.000E+07 7.000E+07 2.615E+00 4.362E+02 6.034E+02 3.419E+01 1.074E+03 1.076E+03 4.362E+05 21.0666 1.00000
  8.000E+07 8.000E+07 2.629E+00 4.989E+02 6.899E+02 3.966E+01 1.229E+03 1.231E+03 4.448E+05 21.3336 1.00000
  9.000E+07 9.000E+07 2.641E+00 5.616E+02 7.764E+02 4.522E+01 1.383E+03 1.386E+03 4.525E+05 21.5692 1.00000
  1.000E+08 1.000E+08 2.653E+00 6.243E+02 8.629E+02 5.085E+01 1.538E+03 1.541E+03 4.593E+05 21.7799 1.00000
  1.200E+08 1.200E+08 2.672E+00 7.497E+02 1.036E+03 6.230E+01 1.848E+03 1.851E+03 4.712E+05 22.1445 1.00000
  1.400E+08 1.400E+08 2.689E+00 8.751E+02 1.209E+03 7.397E+01 2.158E+03 2.161E+03 4.811E+05 22.4528 1.00000
  1.700E+08 1.700E+08 2.710E+00 1.063E+03 1.468E+03 9.186E+01 2.624E+03 2.626E+03 4.937E+05 22.8412 1.00000
  2.000E+08 2.000E+08 2.728E+00 1.251E+03 1.728E+03 1.101E+02 3.090E+03 3.092E+03 5.042E+05 23.1662 1.00000
  2.500E+08 2.500E+08 2.753E+00 1.565E+03 2.161E+03 1.413E+02 3.867E+03 3.870E+03 5.187E+05 23.6125 1.00000
  3.000E+08 3.000E+08 2.774E+00 1.879E+03 2.593E+03 1.732E+02 4.645E+03 4.648E+03 5.304E+05 23.9771 1.00000
  3.500E+08 3.500E+08 2.791E+00 2.193E+03 3.026E+03 2.058E+02 5.424E+03 5.427E+03 5.404E+05 24.2854 1.00000
  4.000E+08 4.000E+08 2.807E+00 2.506E+03 3.459E+03 2.389E+02 6.204E+03 6.207E+03 5.490E+05 24.5525 1.00000
  4.500E+08 4.500E+08 2.820E+00 2.820E+03 3.891E+03 2.726E+02 6.984E+03 6.987E+03 5.566E+05 24.7880 1.00000
  5.000E+08 5.000E+08 2.833E+00 3.134E+03 4.324E+03 3.067E+02 7.764E+03 7.767E+03 5.634E+05 24.9988 1.00000
  5.500E+08 5.500E+08 2.844E+00 3.447E+03 4.757E+03 3.412E+02 8.545E+03 8.548E+03 5.695E+05 25.1894 1.00000
  6.000E+08 6.000E+08 2.854E+00 3.761E+03 5.189E+03 3.761E+02 9.327E+03 9.329E+03 5.751E+05 25.3634 1.00000
  7.000E+08 7.000E+08 2.872E+00 4.389E+03 6.055E+03 4.470E+02 1.089E+04 1.089E+04 5.850E+05 25.6717 1.00000
  8.000E+08 8.000E+08 2.888E+00 5.016E+03 6.920E+03 5.192E+02 1.246E+04 1.246E+04 5.936E+05 25.9388 1.00000
  9.000E+08 9.000E+08 2.902E+00 5.643E+03 7.785E+03 5.924E+02 1.402E+04 1.402E+04 6.012E+05 26.1742 1.00000
  1.000E+09 1.000E+09 2.914E+00 6.271E+03 8.651E+03 6.667E+02 1.559E+04 1.559E+04 6.079E+05 26.3849 1.00000
  1.200E+09 1.200E+09 2.936E+00 7.526E+03 1.038E+04 8.180E+02 1.873E+04 1.873E+04 6.196E+05 26.7496 1.00000
  1.400E+09 1.400E+09 2.955E+00 8.781E+03 1.211E+04 9.725E+02 2.187E+04 2.187E+04 6.295E+05 27.0575 1.00000
  1.700E+09 1.700E+09 2.979E+00 1.066E+04 1.471E+04 1.209E+03 2.658E+04 2.658E+04 6.419E+05 27.4458 1.00000
  2.000E+09 2.000E+09 2.999E+00 1.255E+04 1.731E+04 1.451E+03 3.130E+04 3.131E+04 6.523E+05 27.7693 1.00000
  2.500E+09 2.500E+09 3.027E+00 1.568E+04 2.163E+04 1.865E+03 3.918E+04 3.918E+04 6.665E+05 28.2156 1.00000
  3.000E+09 3.000E+09 3.050E+00 1.882E+04 2.596E+04 2.289E+03 4.707E+04 4.707E+04 6.782E+05 28.5738 1.00000
  3.500E+09 3.500E+09 3.070E+00 2.196E+04 3.029E+04 2.723E+03 5.497E+04 5.497E+04 6.880E+05 28.8821 1.00000
  4.000E+09 4.000E+09 3.087E+00 2.510E+04 3.461E+04 3.164E+03 6.287E+04 6.288E+04 6.965E+05 29.1491 1.00000
  4.500E+09 4.500E+09 3.104E+00 2.823E+04 3.894E+04 3.613E+03 7.079E+04 7.079E+04 7.040E+05 29.3555 1.00000
  5.000E+09 5.000E+09 3.118E+00 3.137E+04 4.327E+04 4.068E+03 7.871E+04 7.871E+04 7.107E+05 29.5663 1.00000
  5.500E+09 5.500E+09 3.130E+00 3.451E+04 4.760E+04 4.529E+03 8.663E+04 8.664E+04 7.167E+05 29.7569 1.00000
  6.000E+09 6.000E+09 3.142E+00 3.765E+04 5.192E+04 4.995E+03 9.456E+04 9.457E+04 7.222E+05 29.9309 1.00000
  7.000E+09 7.000E+09 3.162E+00 4.392E+04 6.058E+04 5.943E+03 1.104E+05 1.104E+05 7.320E+05 30.2392 1.00000
  8.000E+09 8.000E+09 3.190E+00 5.020E+04 6.923E+04 6.908E+03 1.263E+05 1.263E+05 7.405E+05 30.3508 1.00000
  9.000E+09 9.000E+09 3.205E+00 5.647E+04 7.789E+04 7.889E+03 1.422E+05 1.422E+05 7.479E+05 30.5864 1.00000
  1.000E+10 1.000E+10 3.219E+00 6.275E+04 8.654E+04 8.885E+03 1.582E+05 1.582E+05 7.546E+05 30.7971 1.00000
  1.200E+10 1.200E+10 3.244E+00 7.530E+04 1.038E+05 1.091E+04 1.901E+05 1.901E+05 7.661E+05 31.1617 1.00000
  1.400E+10 1.400E+10 3.265E+00 8.785E+04 1.212E+05 1.299E+04 2.220E+05 2.220E+05 7.758E+05 31.4700 1.00000
  1.700E+10 1.700E+10 3.292E+00 1.067E+05 1.471E+05 1.617E+04 2.700E+05 2.700E+05 7.881E+05 31.8584 1.00000
  2.000E+10 2.000E+10 3.314E+00 1.255E+05 1.731E+05 1.944E+04 3.180E+05 3.180E+05 7.983E+05 32.1834 1.00000
  2.500E+10 2.500E+10 3.345E+00 1.569E+05 2.164E+05 2.501E+04 3.982E+05 3.982E+05 8.123E+05 32.6297 1.00000
  3.000E+10 3.000E+10 3.371E+00 1.882E+05 2.596E+05 3.074E+04 4.786E+05 4.786E+05 8.238E+05 32.9943 1.00000
  3.500E+10 3.500E+10 3.393E+00 2.196E+05 3.029E+05 3.660E+04 5.591E+05 5.591E+05 8.334E+05 33.3026 1.00000
  4.000E+10 4.000E+10 3.412E+00 2.510E+05 3.462E+05 4.258E+04 6.397E+05 6.397E+05 8.418E+05 33.5697 1.00000
  4.500E+10 4.500E+10 3.429E+00 2.824E+05 3.894E+05 4.866E+04 7.205E+05 7.205E+05 8.491E+05 33.8052 1.00000
  5.000E+10 5.000E+10 3.444E+00 3.137E+05 4.327E+05 5.483E+04 8.013E+05 8.013E+05 8.557E+05 34.0160 1.00000
  5.500E+10 5.500E+10 3.458E+00 3.451E+05 4.760E+05 6.108E+04 8.822E+05 8.822E+05 8.617E+05 34.2066 1.00000
  6.000E+10 6.000E+10 3.471E+00 3.765E+05 5.193E+05 6.742E+04 9.632E+05 9.632E+05 8.671E+05 34.3806 1.00000
  7.000E+10 7.000E+10 3.494E+00 4.392E+05 6.058E+05 8.030E+04 1.125E+06 1.125E+06 8.767E+05 34.6889 1.00000
  8.000E+10 8.000E+10 3.513E+00 5.020E+05 6.923E+05 9.343E+04 1.288E+06 1.288E+06 8.850E+05 34.9560 1.00000
  9.000E+10 9.000E+10 3.531E+00 5.647E+05 7.789E+05 1.068E+05 1.450E+06 1.450E+06 8.923E+05 35.1915 1.00000
  1.000E+11 1.000E+11 3.547E+00 6.275E+05 8.654E+05 1.204E+05 1.613E+06 1.613E+06 8.988E+05 35.4023 1.00000
  1.200E+11 1.200E+11 3.574E+00 7.530E+05 1.038E+06 1.481E+05 1.940E+06 1.940E+06 9.101E+05 35.7669 1.00000
  1.400E+11 1.400E+11 3.598E+00 8.785E+05 1.212E+06 1.764E+05 2.266E+06 2.266E+06 9.197E+05 36.0752 1.00000
  1.700E+11 1.700E+11 3.627E+00 1.067E+06 1.471E+06 2.200E+05 2.758E+06 2.758E+06 9.316E+05 36.4635 1.00000
  2.000E+11 2.000E+11 3.652E+00 1.255E+06 1.731E+06 2.647E+05 3.250E+06 3.250E+06 9.417E+05 36.7886 1.00000
  2.500E+11 2.500E+11 3.687E+00 1.569E+06 2.163E+06 3.413E+05 4.074E+06 4.074E+06 9.554E+05 37.2348 1.00000
  3.000E+11 3.000E+11 3.716E+00 1.882E+06 2.596E+06 4.201E+05 4.899E+06 4.899E+06 9.666E+05 37.5995 1.00000
  3.500E+11 3.500E+11 3.740E+00 2.196E+06 3.029E+06 5.008E+05 5.726E+06 5.726E+06 9.760E+05 37.9078 1.00000
  4.000E+11 4.000E+11 3.762E+00 2.510E+06 3.462E+06 5.831E+05 6.555E+06 6.555E+06 9.841E+05 38.1749 1.00000
  4.500E+11 4.500E+11 3.781E+00 2.824E+06 3.894E+06 6.670E+05 7.385E+06 7.385E+06 9.913E+05 38.4104 1.00000
  5.000E+11 5.000E+11 3.798E+00 3.137E+06 4.327E+06 7.523E+05 8.217E+06 8.217E+06 9.977E+05 38.6211 1.00000
  5.500E+11 5.500E+11 3.813E+00 3.451E+06 4.760E+06 8.387E+05 9.050E+06 9.050E+06 1.004E+06 38.8118 1.00000
  6.000E+11 6.000E+11 3.827E+00 3.765E+06 5.192E+06 9.264E+05 9.884E+06 9.884E+06 1.009E+06 38.9858 1.00000
  7.000E+11 7.000E+11 3.853E+00 4.392E+06 6.058E+06 1.105E+06 1.155E+07 1.155E+07 1.018E+06 39.2941 1.00000
  8.000E+11 8.000E+11 3.875E+00 5.020E+06 6.923E+06 1.287E+06 1.323E+07 1.323E+07 1.026E+06 39.5611 1.00000
  9.000E+11 9.000E+11 3.894E+00 5.647E+06 7.788E+06 1.473E+06 1.491E+07 1.491E+07 1.033E+06 39.7967 1.00000
  1.000E+12 1.000E+12 3.912E+00 6.275E+06 8.654E+06 1.661E+06 1.659E+07 1.659E+07 1.040E+06 40.0074 1.00000
