 Incident particle is a Muon with M = 105.65839 MeV
 Index = 0: BoronOxide
      Absorber with <Z/A> = 0.48839
 Density effect computed following Fano (1963)
 Models for Radloss: brems =  SSR, pair =  SSR, photonuc = DRSS

 *** Table generated with PUMAS v1.1 ***

      T         p     Ionization  brems     pair     photonuc  Radloss    dE/dx   CSDA Range  delta   beta
    [MeV]    [MeV/c]  -----------------------[MeV cm^2/g]------------------------  [g/cm^2]
  1.000E+00 1.457E+01 4.219E+01 0.000E+00 0.000E+00 0.000E+00 0.000E+00 4.219E+01 1.185E-02  0.0000 0.13661
  1.200E+00 1.597E+01 3.646E+01 0.000E+00 0.000E+00 0.000E+00 0.000E+00 3.646E+01 1.697E-02  0.0000 0.14944
  1.400E+00 1.726E+01 3.221E+01 0.000E+00 0.000E+00 0.000E+00 0.000E+00 3.221E+01 2.281E-02  0.0000 0.16119
  1.700E+00 1.903E+01 2.755E+01 0.000E+00 0.000E+00 0.000E+00 0.000E+00 2.755E+01 3.292E-02  0.0000 0.17725
  2.000E+00 2.066E+01 2.416E+01 0.000E+00 0.000E+00 0.000E+00 0.000E+00 2.416E+01 4.458E-02  0.0000 0.19186
  2.500E+00 2.312E+01 2.017E+01 0.000E+00 0.000E+00 0.000E+00 0.000E+00 2.017E+01 6.733E-02  0.0000 0.21376
  3.000E+00 2.536E+01 1.741E+01 0.000E+00 0.000E+00 0.000E+00 0.000E+00 1.741E+01 9.410E-02  0.0000 0.23336
  3.500E+00 2.742E+01 1.538E+01 0.000E+00 0.000E+00 0.000E+00 0.000E+00 1.538E+01 1.247E-01  0.0000 0.25120
  4.000E+00 2.935E+01 1.381E+01 0.000E+00 0.000E+00 0.000E+00 0.000E+00 1.381E+01 1.591E-01  0.0000 0.26763
  4.500E+00 3.116E+01 1.257E+01 0.000E+00 0.000E+00 0.000E+00 0.000E+00 1.257E+01 1.971E-01  0.0000 0.28290
  5.000E+00 3.289E+01 1.156E+01 0.000E+00 0.000E+00 0.000E+00 0.000E+00 1.156E+01 2.386E-01  0.0000 0.29720
  5.500E+00 3.453E+01 1.072E+01 0.000E+00 0.000E+00 0.000E+00 0.000E+00 1.072E+01 2.835E-01  0.0000 0.31066
  6.000E+00 3.611E+01 1.001E+01 0.000E+00 0.000E+00 0.000E+00 0.000E+00 1.001E+01 3.319E-01  0.0000 0.32339
  7.000E+00 3.909E+01 8.871E+00 0.000E+00 0.000E+00 0.000E+00 0.000E+00 8.871E+00 4.382E-01  0.0000 0.34700
  8.000E+00 4.189E+01 8.000E+00 0.000E+00 0.000E+00 0.000E+00 0.000E+00 8.000E+00 5.571E-01  0.0000 0.36854
  9.000E+00 4.453E+01 7.310E+00 0.000E+00 0.000E+00 0.000E+00 0.000E+00 7.310E+00 6.881E-01  0.0000 0.38836
  1.000E+01 4.704E+01 6.751E+00 0.000E+00 0.000E+00 0.000E+00 0.000E+00 6.751E+00 8.306E-01  0.0000 0.40675
  1.200E+01 5.177E+01 5.896E+00 0.000E+00 0.000E+00 0.000E+00 0.000E+00 5.896E+00 1.149E+00  0.0000 0.43998
  1.400E+01 5.616E+01 5.273E+00 0.000E+00 0.000E+00 0.000E+00 0.000E+00 5.273E+00 1.508E+00  0.0000 0.46937
  1.700E+01 6.230E+01 4.602E+00 0.000E+00 0.000E+00 0.000E+00 0.000E+00 4.602E+00 2.119E+00  0.0000 0.50792
  2.000E+01 6.802E+01 4.124E+00 0.000E+00 0.000E+00 0.000E+00 0.000E+00 4.124E+00 2.809E+00  0.0000 0.54129
  2.500E+01 7.686E+01 3.574E+00 0.000E+00 0.000E+00 0.000E+00 0.000E+00 3.574E+00 4.117E+00  0.0000 0.58827
  3.000E+01 8.509E+01 3.204E+00 0.000E+00 0.000E+00 0.000E+00 0.000E+00 3.204E+00 5.599E+00  0.0000 0.62720
  3.500E+01 9.285E+01 2.938E+00 0.000E+00 0.000E+00 0.000E+00 0.000E+00 2.938E+00 7.232E+00  0.0000 0.66011
  4.000E+01 1.003E+02 2.738E+00 0.000E+00 0.000E+00 0.000E+00 0.000E+00 2.738E+00 8.997E+00  0.0000 0.68834
  4.500E+01 1.074E+02 2.584E+00 0.000E+00 0.000E+00 0.000E+00 0.000E+00 2.584E+00 1.088E+01  0.0000 0.71286
  5.000E+01 1.143E+02 2.461E+00 0.000E+00 0.000E+00 0.000E+00 0.000E+00 2.461E+00 1.286E+01  0.0003 0.73434
  5.500E+01 1.210E+02 2.361E+00 0.000E+00 0.000E+00 0.000E+00 0.000E+00 2.361E+00 1.494E+01  0.0018 0.75332
  6.000E+01 1.276E+02 2.278E+00 0.000E+00 0.000E+00 0.000E+00 0.000E+00 2.278E+00 1.710E+01  0.0047 0.77019
  7.000E+01 1.403E+02 2.151E+00 0.000E+00 0.000E+00 0.000E+00 0.000E+00 2.151E+00 2.162E+01  0.0138 0.79887
  8.000E+01 1.527E+02 2.057E+00 0.000E+00 0.000E+00 0.000E+00 0.000E+00 2.057E+00 2.638E+01  0.0265 0.82227
  9.000E+01 1.647E+02 1.987E+00 0.000E+00 0.000E+00 0.000E+00 0.000E+00 1.987E+00 3.133E+01  0.0422 0.84166
  1.000E+02 1.764E+02 1.933E+00 0.000E+00 0.000E+00 0.000E+00 0.000E+00 1.933E+00 3.643E+01  0.0601 0.85794
  1.200E+02 1.994E+02 1.857E+00 4.335E-07 0.000E+00 0.000E+00 4.335E-07 1.857E+00 4.700E+01  0.1012 0.88361
  1.400E+02 2.218E+02 1.807E+00 2.184E-06 0.000E+00 0.000E+00 2.184E-06 1.807E+00 5.793E+01  0.1468 0.90278
  1.700E+02 2.546E+02 1.762E+00 1.028E-05 9.100E-10 0.000E+00 1.028E-05 1.762E+00 7.476E+01  0.2202 0.92363
  2.000E+02 2.868E+02 1.736E+00 1.866E-05 8.642E-09 0.000E+00 1.867E-05 1.736E+00 9.192E+01  0.2964 0.93835
  2.500E+02 3.396E+02 1.717E+00 2.844E-05 1.220E-07 0.000E+00 2.856E-05 1.717E+00 1.209E+02  0.4241 0.95485
  3.000E+02 3.917E+02 1.712E+00 3.710E-05 7.738E-07 0.000E+00 3.787E-05 1.712E+00 1.501E+02  0.5489 0.96548
  3.500E+02 4.432E+02 1.713E+00 4.573E-05 2.009E-06 0.000E+00 4.774E-05 1.713E+00 1.793E+02  0.6689 0.97274
  4.000E+02 4.945E+02 1.719E+00 5.466E-05 3.814E-06 0.000E+00 5.848E-05 1.719E+00 2.084E+02  0.7832 0.97793
  4.500E+02 5.455E+02 1.726E+00 6.408E-05 6.179E-06 0.000E+00 7.026E-05 1.726E+00 2.375E+02  0.8918 0.98176
  5.000E+02 5.964E+02 1.735E+00 7.400E-05 9.088E-06 0.000E+00 8.308E-05 1.735E+00 2.663E+02  0.9948 0.98467
  5.500E+02 6.471E+02 1.744E+00 8.440E-05 1.253E-05 1.541E-05 1.123E-04 1.744E+00 2.951E+02  1.0925 0.98693
  6.000E+02 6.977E+02 1.753E+00 9.524E-05 1.648E-05 5.123E-05 1.630E-04 1.753E+00 3.237E+02  1.1854 0.98873
  7.000E+02 7.987E+02 1.770E+00 1.182E-04 2.587E-05 1.224E-04 2.665E-04 1.770E+00 3.805E+02  1.3578 0.99136
  8.000E+02 8.995E+02 1.787E+00 1.427E-04 3.713E-05 1.897E-04 3.695E-04 1.787E+00 4.367E+02  1.5149 0.99317
  9.000E+02 1.000E+03 1.803E+00 1.685E-04 5.014E-05 2.542E-04 4.728E-04 1.803E+00 4.924E+02  1.6591 0.99447
  1.000E+03 1.101E+03 1.818E+00 1.957E-04 6.481E-05 3.166E-04 5.771E-04 1.818E+00 5.476E+02  1.7923 0.99542
  1.200E+03 1.301E+03 1.845E+00 2.534E-04 9.875E-05 4.376E-04 7.897E-04 1.845E+00 6.567E+02  2.0318 0.99672
  1.400E+03 1.502E+03 1.868E+00 3.152E-04 1.383E-04 5.549E-04 1.008E-03 1.869E+00 7.644E+02  2.2428 0.99753
  1.700E+03 1.803E+03 1.898E+00 4.146E-04 2.069E-04 7.263E-04 1.348E-03 1.899E+00 9.236E+02  2.5194 0.99829
  2.000E+03 2.103E+03 1.924E+00 5.208E-04 2.854E-04 8.935E-04 1.700E-03 1.925E+00 1.080E+03  2.7601 0.99874
  2.500E+03 2.604E+03 1.959E+00 7.105E-04 4.353E-04 1.165E-03 2.311E-03 1.961E+00 1.338E+03  3.1039 0.99918
  3.000E+03 3.104E+03 1.987E+00 9.141E-04 6.056E-04 1.429E-03 2.949E-03 1.990E+00 1.591E+03  3.3962 0.99942
  3.500E+03 3.604E+03 2.010E+00 1.129E-03 7.936E-04 1.687E-03 3.610E-03 2.014E+00 1.840E+03  3.6512 0.99957
  4.000E+03 4.104E+03 2.031E+00 1.353E-03 1.011E-03 1.940E-03 4.304E-03 2.035E+00 2.087E+03  3.8778 0.99967
  4.500E+03 4.604E+03 2.048E+00 1.586E-03 1.247E-03 2.189E-03 5.023E-03 2.053E+00 2.332E+03  4.0819 0.99974
  5.000E+03 5.105E+03 2.063E+00 1.828E-03 1.498E-03 2.434E-03 5.760E-03 2.069E+00 2.575E+03  4.2678 0.99979
  5.500E+03 5.605E+03 2.077E+00 2.076E-03 1.762E-03 2.676E-03 6.513E-03 2.084E+00 2.815E+03  4.4384 0.99982
  6.000E+03 6.105E+03 2.089E+00 2.330E-03 2.037E-03 2.914E-03 7.282E-03 2.097E+00 3.055E+03  4.5961 0.99985
  7.000E+03 7.105E+03 2.111E+00 2.856E-03 2.620E-03 3.384E-03 8.860E-03 2.120E+00 3.529E+03  4.8798 0.99989
  8.000E+03 8.105E+03 2.129E+00 3.401E-03 3.241E-03 3.845E-03 1.049E-02 2.140E+00 3.998E+03  5.1294 0.99992
  9.000E+03 9.105E+03 2.145E+00 3.964E-03 3.896E-03 4.299E-03 1.216E-02 2.157E+00 4.464E+03  5.3521 0.99993
  1.000E+04 1.011E+04 2.159E+00 4.542E-03 4.580E-03 4.746E-03 1.387E-02 2.173E+00 4.926E+03  5.5531 0.99995
  1.200E+04 1.211E+04 2.182E+00 5.739E-03 6.025E-03 5.625E-03 1.739E-02 2.200E+00 5.840E+03  5.9043 0.99996
  1.400E+04 1.411E+04 2.202E+00 6.983E-03 7.560E-03 6.486E-03 2.103E-02 2.223E+00 6.745E+03  6.2039 0.99997
  1.700E+04 1.711E+04 2.226E+00 8.921E-03 1.000E-02 7.754E-03 2.668E-02 2.252E+00 8.085E+03  6.5838 0.99998
  2.000E+04 2.011E+04 2.245E+00 1.093E-02 1.258E-02 8.999E-03 3.251E-02 2.278E+00 9.410E+03  6.9036 0.99999
  2.500E+04 2.511E+04 2.271E+00 1.441E-02 1.714E-02 1.104E-02 4.259E-02 2.314E+00 1.159E+04  7.3445 0.99999
  3.000E+04 3.011E+04 2.292E+00 1.803E-02 2.195E-02 1.304E-02 5.302E-02 2.345E+00 1.373E+04  7.7060 0.99999
  3.500E+04 3.511E+04 2.310E+00 2.176E-02 2.696E-02 1.502E-02 6.374E-02 2.373E+00 1.585E+04  8.0122 1.00000
  4.000E+04 4.011E+04 2.324E+00 2.558E-02 3.215E-02 1.698E-02 7.471E-02 2.399E+00 1.795E+04  8.2778 1.00000
  4.500E+04 4.511E+04 2.337E+00 2.948E-02 3.749E-02 1.893E-02 8.590E-02 2.423E+00 2.002E+04  8.5123 1.00000
  5.000E+04 5.011E+04 2.349E+00 3.345E-02 4.295E-02 2.087E-02 9.727E-02 2.446E+00 2.207E+04  8.7222 1.00000
  5.500E+04 5.511E+04 2.359E+00 3.748E-02 4.853E-02 2.280E-02 1.088E-01 2.468E+00 2.411E+04  8.9122 1.00000
  6.000E+04 6.011E+04 2.368E+00 4.157E-02 5.421E-02 2.472E-02 1.205E-01 2.489E+00 2.613E+04  9.0857 1.00000
  7.000E+04 7.011E+04 2.384E+00 4.990E-02 6.582E-02 2.856E-02 1.443E-01 2.529E+00 3.011E+04  9.3932 1.00000
  8.000E+04 8.011E+04 2.398E+00 5.841E-02 7.772E-02 3.238E-02 1.685E-01 2.567E+00 3.404E+04  9.6597 1.00000
  9.000E+04 9.011E+04 2.410E+00 6.707E-02 8.988E-02 3.620E-02 1.931E-01 2.604E+00 3.791E+04  9.8948 1.00000
  1.000E+05 1.001E+05 2.421E+00 7.586E-02 1.022E-01 4.001E-02 2.181E-01 2.639E+00 4.172E+04 10.1052 1.00000
  1.200E+05 1.201E+05 2.440E+00 9.378E-02 1.275E-01 4.764E-02 2.689E-01 2.709E+00 4.920E+04 10.4694 1.00000
  1.400E+05 1.401E+05 2.455E+00 1.121E-01 1.533E-01 5.527E-02 3.207E-01 2.776E+00 5.649E+04 10.7774 1.00000
  1.700E+05 1.701E+05 2.475E+00 1.401E-01 1.929E-01 6.677E-02 3.998E-01 2.875E+00 6.711E+04 11.1654 1.00000
  2.000E+05 2.001E+05 2.491E+00 1.687E-01 2.333E-01 7.831E-02 4.803E-01 2.972E+00 7.737E+04 11.4902 1.00000
  2.500E+05 2.501E+05 2.514E+00 2.173E-01 3.020E-01 9.769E-02 6.170E-01 3.131E+00 9.376E+04 11.9362 1.00000
  3.000E+05 3.001E+05 2.532E+00 2.669E-01 3.719E-01 1.172E-01 7.560E-01 3.288E+00 1.093E+05 12.3007 1.00000
  3.500E+05 3.501E+05 2.547E+00 3.173E-01 4.428E-01 1.369E-01 8.970E-01 3.444E+00 1.242E+05 12.6089 1.00000
  4.000E+05 4.001E+05 2.561E+00 3.683E-01 5.144E-01 1.568E-01 1.040E+00 3.600E+00 1.384E+05 12.8759 1.00000
  4.500E+05 4.501E+05 2.572E+00 4.198E-01 5.867E-01 1.768E-01 1.183E+00 3.756E+00 1.520E+05 13.1114 1.00000
  5.000E+05 5.001E+05 2.583E+00 4.718E-01 6.594E-01 1.970E-01 1.328E+00 3.911E+00 1.650E+05 13.3221 1.00000
  5.500E+05 5.501E+05 2.593E+00 5.242E-01 7.327E-01 2.173E-01 1.474E+00 4.067E+00 1.776E+05 13.5126 1.00000
  6.000E+05 6.001E+05 2.601E+00 5.770E-01 8.062E-01 2.377E-01 1.621E+00 4.222E+00 1.896E+05 13.6866 1.00000
  7.000E+05 7.001E+05 2.617E+00 6.835E-01 9.543E-01 2.790E-01 1.917E+00 4.534E+00 2.125E+05 13.9949 1.00000
  8.000E+05 8.001E+05 2.630E+00 7.909E-01 1.103E+00 3.207E-01 2.215E+00 4.846E+00 2.338E+05 14.2619 1.00000
  9.000E+05 9.001E+05 2.642E+00 8.993E-01 1.253E+00 3.628E-01 2.515E+00 5.158E+00 2.538E+05 14.4974 1.00000
  1.000E+06 1.000E+06 2.653E+00 1.008E+00 1.404E+00 4.053E-01 2.818E+00 5.471E+00 2.726E+05 14.7081 1.00000
  1.200E+06 1.200E+06 2.672E+00 1.228E+00 1.707E+00 4.913E-01 3.426E+00 6.098E+00 3.073E+05 15.0727 1.00000
  1.400E+06 1.400E+06 2.688E+00 1.450E+00 2.011E+00 5.786E-01 4.040E+00 6.728E+00 3.385E+05 15.3810 1.00000
  1.700E+06 1.700E+06 2.708E+00 1.786E+00 2.471E+00 7.117E-01 4.968E+00 7.676E+00 3.802E+05 15.7693 1.00000
  2.000E+06 2.000E+06 2.725E+00 2.124E+00 2.932E+00 8.470E-01 5.903E+00 8.628E+00 4.170E+05 16.0943 1.00000
  2.500E+06 2.500E+06 2.748E+00 2.692E+00 3.704E+00 1.077E+00 7.473E+00 1.022E+01 4.702E+05 16.5406 1.00000
  3.000E+06 3.000E+06 2.768E+00 3.264E+00 4.480E+00 1.311E+00 9.055E+00 1.182E+01 5.157E+05 16.9052 1.00000
  3.500E+06 3.500E+06 2.784E+00 3.839E+00 5.257E+00 1.549E+00 1.065E+01 1.343E+01 5.553E+05 17.2135 1.00000
  4.000E+06 4.000E+06 2.799E+00 4.417E+00 6.037E+00 1.791E+00 1.224E+01 1.504E+01 5.905E+05 17.4806 1.00000
  4.500E+06 4.500E+06 2.811E+00 4.997E+00 6.817E+00 2.036E+00 1.385E+01 1.666E+01 6.221E+05 17.7161 1.00000
  5.000E+06 5.000E+06 2.823E+00 5.578E+00 7.599E+00 2.283E+00 1.546E+01 1.828E+01 6.507E+05 17.9268 1.00000
  5.500E+06 5.500E+06 2.833E+00 6.161E+00 8.382E+00 2.534E+00 1.708E+01 1.991E+01 6.769E+05 18.1175 1.00000
  6.000E+06 6.000E+06 2.843E+00 6.745E+00 9.165E+00 2.786E+00 1.870E+01 2.154E+01 7.010E+05 18.2915 1.00000
  7.000E+06 7.000E+06 2.860E+00 7.915E+00 1.073E+01 3.298E+00 2.195E+01 2.481E+01 7.443E+05 18.5998 1.00000
  8.000E+06 8.000E+06 2.874E+00 9.089E+00 1.230E+01 3.818E+00 2.521E+01 2.809E+01 7.821E+05 18.8668 1.00000
  9.000E+06 9.000E+06 2.887E+00 1.027E+01 1.388E+01 4.345E+00 2.849E+01 3.137E+01 8.158E+05 19.1024 1.00000
  1.000E+07 1.000E+07 2.899E+00 1.144E+01 1.545E+01 4.878E+00 3.177E+01 3.467E+01 8.461E+05 19.3131 1.00000
  1.200E+07 1.200E+07 2.920E+00 1.381E+01 1.860E+01 5.961E+00 3.837E+01 4.129E+01 8.989E+05 19.6778 1.00000
  1.400E+07 1.400E+07 2.937E+00 1.617E+01 2.175E+01 7.064E+00 4.499E+01 4.793E+01 9.439E+05 19.9860 1.00000
  1.700E+07 1.700E+07 2.959E+00 1.973E+01 2.648E+01 8.752E+00 5.497E+01 5.792E+01 1.001E+06 20.3744 1.00000
  2.000E+07 2.000E+07 2.978E+00 2.329E+01 3.122E+01 1.047E+01 6.499E+01 6.796E+01 1.048E+06 20.6994 1.00000
  2.500E+07 2.500E+07 3.004E+00 2.925E+01 3.912E+01 1.340E+01 8.177E+01 8.477E+01 1.114E+06 21.1457 1.00000
  3.000E+07 3.000E+07 3.026E+00 3.520E+01 4.702E+01 1.640E+01 9.863E+01 1.017E+02 1.168E+06 21.5103 1.00000
  3.500E+07 3.500E+07 3.044E+00 4.117E+01 5.493E+01 1.946E+01 1.156E+02 1.186E+02 1.214E+06 21.8186 1.00000
  4.000E+07 4.000E+07 3.060E+00 4.714E+01 6.284E+01 2.257E+01 1.325E+02 1.356E+02 1.253E+06 22.0857 1.00000
  4.500E+07 4.500E+07 3.074E+00 5.311E+01 7.075E+01 2.572E+01 1.496E+02 1.527E+02 1.288E+06 22.3212 1.00000
  5.000E+07 5.000E+07 3.087E+00 5.909E+01 7.866E+01 2.891E+01 1.667E+02 1.697E+02 1.319E+06 22.5320 1.00000
  5.500E+07 5.500E+07 3.098E+00 6.507E+01 8.658E+01 3.214E+01 1.838E+02 1.869E+02 1.347E+06 22.7226 1.00000
  6.000E+07 6.000E+07 3.109E+00 7.105E+01 9.449E+01 3.540E+01 2.009E+02 2.041E+02 1.372E+06 22.8966 1.00000
  7.000E+07 7.000E+07 3.127E+00 8.302E+01 1.103E+02 4.202E+01 2.354E+02 2.385E+02 1.418E+06 23.2049 1.00000
  8.000E+07 8.000E+07 3.144E+00 9.500E+01 1.262E+02 4.875E+01 2.699E+02 2.731E+02 1.457E+06 23.4720 1.00000
  9.000E+07 9.000E+07 3.159E+00 1.070E+02 1.420E+02 5.558E+01 3.046E+02 3.077E+02 1.491E+06 23.7075 1.00000
  1.000E+08 1.000E+08 3.172E+00 1.190E+02 1.578E+02 6.250E+01 3.393E+02 3.425E+02 1.522E+06 23.9183 1.00000
  1.200E+08 1.200E+08 3.194E+00 1.429E+02 1.895E+02 7.658E+01 4.090E+02 4.122E+02 1.575E+06 24.2829 1.00000
  1.400E+08 1.400E+08 3.214E+00 1.669E+02 2.212E+02 9.094E+01 4.791E+02 4.823E+02 1.620E+06 24.5912 1.00000
  1.700E+08 1.700E+08 3.239E+00 2.029E+02 2.688E+02 1.129E+02 5.846E+02 5.878E+02 1.676E+06 24.9795 1.00000
  2.000E+08 2.000E+08 3.260E+00 2.389E+02 3.163E+02 1.354E+02 6.906E+02 6.938E+02 1.723E+06 25.3046 1.00000
  2.500E+08 2.500E+08 3.289E+00 2.989E+02 3.956E+02 1.737E+02 8.681E+02 8.714E+02 1.787E+06 25.7508 1.00000
  3.000E+08 3.000E+08 3.312E+00 3.589E+02 4.748E+02 2.130E+02 1.047E+03 1.050E+03 1.840E+06 26.1155 1.00000
  3.500E+08 3.500E+08 3.333E+00 4.189E+02 5.541E+02 2.530E+02 1.226E+03 1.229E+03 1.884E+06 26.4238 1.00000
  4.000E+08 4.000E+08 3.351E+00 4.789E+02 6.333E+02 2.938E+02 1.406E+03 1.409E+03 1.922E+06 26.6908 1.00000
  4.500E+08 4.500E+08 3.366E+00 5.389E+02 7.126E+02 3.351E+02 1.587E+03 1.590E+03 1.955E+06 26.9264 1.00000
  5.000E+08 5.000E+08 3.380E+00 5.989E+02 7.919E+02 3.771E+02 1.768E+03 1.771E+03 1.985E+06 27.1371 1.00000
  5.500E+08 5.500E+08 3.393E+00 6.590E+02 8.711E+02 4.195E+02 1.950E+03 1.953E+03 2.012E+06 27.3277 1.00000
  6.000E+08 6.000E+08 3.405E+00 7.190E+02 9.504E+02 4.625E+02 2.132E+03 2.135E+03 2.036E+06 27.5018 1.00000
  7.000E+08 7.000E+08 3.426E+00 8.391E+02 1.109E+03 5.496E+02 2.498E+03 2.501E+03 2.079E+06 27.8100 1.00000
  8.000E+08 8.000E+08 3.445E+00 9.591E+02 1.267E+03 6.383E+02 2.865E+03 2.868E+03 2.117E+06 28.0771 1.00000
  9.000E+08 9.000E+08 3.461E+00 1.079E+03 1.426E+03 7.284E+02 3.234E+03 3.237E+03 2.149E+06 28.3126 1.00000
  1.000E+09 1.000E+09 3.476E+00 1.199E+03 1.585E+03 8.198E+02 3.604E+03 3.607E+03 2.179E+06 28.5233 1.00000
  1.200E+09 1.200E+09 3.501E+00 1.439E+03 1.902E+03 1.006E+03 4.347E+03 4.350E+03 2.229E+06 28.8879 1.00000
  1.400E+09 1.400E+09 3.523E+00 1.680E+03 2.219E+03 1.196E+03 5.094E+03 5.098E+03 2.272E+06 29.1959 1.00000
  1.700E+09 1.700E+09 3.551E+00 2.040E+03 2.695E+03 1.487E+03 6.221E+03 6.225E+03 2.325E+06 29.5842 1.00000
  2.000E+09 2.000E+09 3.574E+00 2.400E+03 3.170E+03 1.785E+03 7.355E+03 7.358E+03 2.369E+06 29.9077 1.00000
  2.500E+09 2.500E+09 3.606E+00 3.001E+03 3.963E+03 2.293E+03 9.257E+03 9.260E+03 2.430E+06 30.3540 1.00000
  3.000E+09 3.000E+09 3.634E+00 3.601E+03 4.756E+03 2.815E+03 1.117E+04 1.118E+04 2.479E+06 30.7121 1.00000
  3.500E+09 3.500E+09 3.656E+00 4.201E+03 5.549E+03 3.348E+03 1.310E+04 1.310E+04 2.520E+06 31.0204 1.00000
  4.000E+09 4.000E+09 3.676E+00 4.802E+03 6.341E+03 3.891E+03 1.503E+04 1.504E+04 2.555E+06 31.2875 1.00000
  4.500E+09 4.500E+09 3.696E+00 5.402E+03 7.134E+03 4.442E+03 1.698E+04 1.698E+04 2.587E+06 31.4939 1.00000
  5.000E+09 5.000E+09 3.712E+00 6.003E+03 7.927E+03 5.002E+03 1.893E+04 1.894E+04 2.615E+06 31.7046 1.00000
  5.500E+09 5.500E+09 3.726E+00 6.603E+03 8.720E+03 5.568E+03 2.089E+04 2.090E+04 2.640E+06 31.8952 1.00000
  6.000E+09 6.000E+09 3.739E+00 7.204E+03 9.513E+03 6.142E+03 2.286E+04 2.286E+04 2.663E+06 32.0693 1.00000
  7.000E+09 7.000E+09 3.763E+00 8.405E+03 1.110E+04 7.307E+03 2.681E+04 2.681E+04 2.703E+06 32.3776 1.00000
  8.000E+09 8.000E+09 3.795E+00 9.605E+03 1.268E+04 8.494E+03 3.078E+04 3.079E+04 2.738E+06 32.4892 1.00000
  9.000E+09 9.000E+09 3.813E+00 1.081E+04 1.427E+04 9.700E+03 3.478E+04 3.478E+04 2.768E+06 32.7247 1.00000
  1.000E+10 1.000E+10 3.830E+00 1.201E+04 1.586E+04 1.092E+04 3.879E+04 3.879E+04 2.796E+06 32.9355 1.00000
  1.200E+10 1.200E+10 3.858E+00 1.441E+04 1.903E+04 1.342E+04 4.686E+04 4.686E+04 2.842E+06 33.3001 1.00000
  1.400E+10 1.400E+10 3.883E+00 1.681E+04 2.220E+04 1.597E+04 5.498E+04 5.498E+04 2.882E+06 33.6084 1.00000
  1.700E+10 1.700E+10 3.914E+00 2.041E+04 2.696E+04 1.989E+04 6.726E+04 6.726E+04 2.931E+06 33.9967 1.00000
  2.000E+10 2.000E+10 3.940E+00 2.402E+04 3.171E+04 2.390E+04 7.963E+04 7.963E+04 2.972E+06 34.3217 1.00000
  2.500E+10 2.500E+10 3.976E+00 3.002E+04 3.964E+04 3.076E+04 1.004E+05 1.004E+05 3.028E+06 34.7680 1.00000
  3.000E+10 3.000E+10 4.006E+00 3.603E+04 4.757E+04 3.780E+04 1.214E+05 1.214E+05 3.073E+06 35.1327 1.00000
  3.500E+10 3.500E+10 4.031E+00 4.203E+04 5.550E+04 4.501E+04 1.425E+05 1.425E+05 3.111E+06 35.4410 1.00000
  4.000E+10 4.000E+10 4.053E+00 4.803E+04 6.342E+04 5.235E+04 1.638E+05 1.638E+05 3.144E+06 35.7080 1.00000
  4.500E+10 4.500E+10 4.073E+00 5.404E+04 7.135E+04 5.983E+04 1.852E+05 1.852E+05 3.172E+06 35.9436 1.00000
  5.000E+10 5.000E+10 4.091E+00 6.004E+04 7.928E+04 6.741E+04 2.067E+05 2.067E+05 3.198E+06 36.1543 1.00000
  5.500E+10 5.500E+10 4.107E+00 6.605E+04 8.721E+04 7.510E+04 2.284E+05 2.284E+05 3.221E+06 36.3449 1.00000
  6.000E+10 6.000E+10 4.122E+00 7.205E+04 9.514E+04 8.289E+04 2.501E+05 2.501E+05 3.242E+06 36.5190 1.00000
  7.000E+10 7.000E+10 4.148E+00 8.406E+04 1.110E+05 9.873E+04 2.938E+05 2.938E+05 3.279E+06 36.8273 1.00000
  8.000E+10 8.000E+10 4.171E+00 9.607E+04 1.268E+05 1.149E+05 3.378E+05 3.378E+05 3.310E+06 37.0943 1.00000
  9.000E+10 9.000E+10 4.191E+00 1.081E+05 1.427E+05 1.313E+05 3.821E+05 3.821E+05 3.338E+06 37.3299 1.00000
  1.000E+11 1.000E+11 4.210E+00 1.201E+05 1.586E+05 1.480E+05 4.267E+05 4.267E+05 3.363E+06 37.5406 1.00000
  1.200E+11 1.200E+11 4.242E+00 1.441E+05 1.903E+05 1.821E+05 5.164E+05 5.165E+05 3.406E+06 37.9053 1.00000
  1.400E+11 1.400E+11 4.269E+00 1.681E+05 2.220E+05 2.169E+05 6.070E+05 6.070E+05 3.441E+06 38.2136 1.00000
  1.700E+11 1.700E+11 4.303E+00 2.042E+05 2.696E+05 2.705E+05 7.442E+05 7.442E+05 3.486E+06 38.6019 1.00000
  2.000E+11 2.000E+11 4.332E+00 2.402E+05 3.171E+05 3.255E+05 8.828E+05 8.828E+05 3.523E+06 38.9269 1.00000
  2.500E+11 2.500E+11 4.373E+00 3.002E+05 3.964E+05 4.196E+05 1.116E+06 1.116E+06 3.573E+06 39.3732 1.00000
  3.000E+11 3.000E+11 4.406E+00 3.603E+05 4.757E+05 5.165E+05 1.352E+06 1.352E+06 3.614E+06 39.7378 1.00000
  3.500E+11 3.500E+11 4.435E+00 4.203E+05 5.550E+05 6.157E+05 1.591E+06 1.591E+06 3.648E+06 40.0461 1.00000
  4.000E+11 4.000E+11 4.459E+00 4.804E+05 6.342E+05 7.170E+05 1.832E+06 1.832E+06 3.677E+06 40.3132 1.00000
  4.500E+11 4.500E+11 4.481E+00 5.404E+05 7.135E+05 8.202E+05 2.074E+06 2.074E+06 3.703E+06 40.5488 1.00000
  5.000E+11 5.000E+11 4.501E+00 6.005E+05 7.928E+05 9.250E+05 2.318E+06 2.318E+06 3.725E+06 40.7595 1.00000
  5.500E+11 5.500E+11 4.519E+00 6.605E+05 8.721E+05 1.031E+06 2.564E+06 2.564E+06 3.746E+06 40.9501 1.00000
  6.000E+11 6.000E+11 4.536E+00 7.205E+05 9.513E+05 1.139E+06 2.811E+06 2.811E+06 3.765E+06 41.1241 1.00000
  7.000E+11 7.000E+11 4.565E+00 8.406E+05 1.110E+06 1.358E+06 3.309E+06 3.309E+06 3.797E+06 41.4324 1.00000
  8.000E+11 8.000E+11 4.591E+00 9.607E+05 1.268E+06 1.582E+06 3.812E+06 3.812E+06 3.825E+06 41.6995 1.00000
  9.000E+11 9.000E+11 4.613E+00 1.081E+06 1.427E+06 1.811E+06 4.318E+06 4.318E+06 3.850E+06 41.9351 1.00000
  1.000E+12 1.000E+12 4.634E+00 1.201E+06 1.586E+06 2.043E+06 4.829E+06 4.829E+06 3.872E+06 42.1458 1.00000
