 Incident particle is a Muon with M = 105.65839 MeV
 Index = 0: BoronCarbide
      Absorber with <Z/A> = 0.47058
 Density effect computed following Fano (1963)
 Models for Radloss: brems =  SSR, pair =  SSR, photonuc = DRSS

 *** Table generated with PUMAS v1.1 ***

      T         p     Ionization  brems     pair     photonuc  Radloss    dE/dx   CSDA Range  delta   beta
    [MeV]    [MeV/c]  -----------------------[MeV cm^2/g]------------------------  [g/cm^2]
  1.000E+00 1.457E+01 4.191E+01 0.000E+00 0.000E+00 0.000E+00 0.000E+00 4.191E+01 1.193E-02  0.0000 0.13661
  1.200E+00 1.597E+01 3.618E+01 0.000E+00 0.000E+00 0.000E+00 0.000E+00 3.618E+01 1.708E-02  0.0000 0.14944
  1.400E+00 1.726E+01 3.194E+01 0.000E+00 0.000E+00 0.000E+00 0.000E+00 3.194E+01 2.298E-02  0.0000 0.16119
  1.700E+00 1.903E+01 2.729E+01 0.000E+00 0.000E+00 0.000E+00 0.000E+00 2.729E+01 3.318E-02  0.0000 0.17725
  2.000E+00 2.066E+01 2.392E+01 0.000E+00 0.000E+00 0.000E+00 0.000E+00 2.392E+01 4.495E-02  0.0000 0.19186
  2.500E+00 2.312E+01 1.995E+01 0.000E+00 0.000E+00 0.000E+00 0.000E+00 1.995E+01 6.795E-02  0.0000 0.21376
  3.000E+00 2.536E+01 1.721E+01 0.000E+00 0.000E+00 0.000E+00 0.000E+00 1.721E+01 9.502E-02  0.0000 0.23336
  3.500E+00 2.742E+01 1.519E+01 0.000E+00 0.000E+00 0.000E+00 0.000E+00 1.519E+01 1.260E-01  0.0000 0.25120
  4.000E+00 2.935E+01 1.364E+01 0.000E+00 0.000E+00 0.000E+00 0.000E+00 1.364E+01 1.608E-01  0.0000 0.26763
  4.500E+00 3.116E+01 1.241E+01 0.000E+00 0.000E+00 0.000E+00 0.000E+00 1.241E+01 1.993E-01  0.0000 0.28290
  5.000E+00 3.289E+01 1.140E+01 0.000E+00 0.000E+00 0.000E+00 0.000E+00 1.140E+01 2.414E-01  0.0000 0.29720
  5.500E+00 3.453E+01 1.057E+01 0.000E+00 0.000E+00 0.000E+00 0.000E+00 1.057E+01 2.870E-01  0.0000 0.31066
  6.000E+00 3.611E+01 9.867E+00 0.000E+00 0.000E+00 0.000E+00 0.000E+00 9.867E+00 3.360E-01  0.0000 0.32339
  7.000E+00 3.909E+01 8.742E+00 0.000E+00 0.000E+00 0.000E+00 0.000E+00 8.742E+00 4.439E-01  0.0000 0.34700
  8.000E+00 4.189E+01 7.880E+00 0.000E+00 0.000E+00 0.000E+00 0.000E+00 7.880E+00 5.646E-01  0.0000 0.36854
  9.000E+00 4.453E+01 7.199E+00 0.000E+00 0.000E+00 0.000E+00 0.000E+00 7.199E+00 6.975E-01  0.0000 0.38836
  1.000E+01 4.704E+01 6.646E+00 0.000E+00 0.000E+00 0.000E+00 0.000E+00 6.646E+00 8.422E-01  0.0002 0.40675
  1.200E+01 5.177E+01 5.802E+00 0.000E+00 0.000E+00 0.000E+00 0.000E+00 5.802E+00 1.165E+00  0.0010 0.43998
  1.400E+01 5.616E+01 5.187E+00 0.000E+00 0.000E+00 0.000E+00 0.000E+00 5.187E+00 1.531E+00  0.0023 0.46937
  1.700E+01 6.230E+01 4.523E+00 0.000E+00 0.000E+00 0.000E+00 0.000E+00 4.523E+00 2.152E+00  0.0052 0.50792
  2.000E+01 6.802E+01 4.051E+00 0.000E+00 0.000E+00 0.000E+00 0.000E+00 4.051E+00 2.855E+00  0.0091 0.54129
  2.500E+01 7.686E+01 3.508E+00 0.000E+00 0.000E+00 0.000E+00 0.000E+00 3.508E+00 4.186E+00  0.0175 0.58827
  3.000E+01 8.509E+01 3.141E+00 0.000E+00 0.000E+00 0.000E+00 0.000E+00 3.141E+00 5.697E+00  0.0281 0.62720
  3.500E+01 9.285E+01 2.878E+00 0.000E+00 0.000E+00 0.000E+00 0.000E+00 2.878E+00 7.363E+00  0.0404 0.66011
  4.000E+01 1.003E+02 2.680E+00 0.000E+00 0.000E+00 0.000E+00 0.000E+00 2.680E+00 9.166E+00  0.0542 0.68834
  4.500E+01 1.074E+02 2.526E+00 0.000E+00 0.000E+00 0.000E+00 0.000E+00 2.526E+00 1.109E+01  0.0691 0.71286
  5.000E+01 1.143E+02 2.403E+00 0.000E+00 0.000E+00 0.000E+00 0.000E+00 2.403E+00 1.312E+01  0.0851 0.73434
  5.500E+01 1.210E+02 2.303E+00 0.000E+00 0.000E+00 0.000E+00 0.000E+00 2.303E+00 1.525E+01  0.1019 0.75332
  6.000E+01 1.276E+02 2.221E+00 0.000E+00 0.000E+00 0.000E+00 0.000E+00 2.221E+00 1.746E+01  0.1194 0.77019
  7.000E+01 1.403E+02 2.093E+00 0.000E+00 0.000E+00 0.000E+00 0.000E+00 2.093E+00 2.210E+01  0.1558 0.79887
  8.000E+01 1.527E+02 1.999E+00 0.000E+00 0.000E+00 0.000E+00 0.000E+00 1.999E+00 2.700E+01  0.1936 0.82227
  9.000E+01 1.647E+02 1.929E+00 0.000E+00 0.000E+00 0.000E+00 0.000E+00 1.929E+00 3.210E+01  0.2323 0.84166
  1.000E+02 1.764E+02 1.874E+00 0.000E+00 0.000E+00 0.000E+00 0.000E+00 1.874E+00 3.736E+01  0.2713 0.85794
  1.200E+02 1.994E+02 1.796E+00 1.093E-06 0.000E+00 0.000E+00 1.093E-06 1.796E+00 4.828E+01  0.3493 0.88361
  1.400E+02 2.218E+02 1.745E+00 6.553E-06 0.000E+00 0.000E+00 6.553E-06 1.745E+00 5.958E+01  0.4261 0.90278
  1.700E+02 2.546E+02 1.698E+00 1.182E-05 1.016E-09 0.000E+00 1.182E-05 1.698E+00 7.703E+01  0.5373 0.92363
  2.000E+02 2.868E+02 1.671E+00 1.547E-05 7.660E-09 0.000E+00 1.548E-05 1.671E+00 9.485E+01  0.6427 0.93835
  2.500E+02 3.396E+02 1.650E+00 2.071E-05 9.136E-08 0.000E+00 2.081E-05 1.650E+00 1.250E+02  0.8054 0.95485
  3.000E+02 3.917E+02 1.643E+00 2.613E-05 5.585E-07 0.000E+00 2.669E-05 1.643E+00 1.554E+02  0.9531 0.96548
  3.500E+02 4.432E+02 1.644E+00 3.199E-05 1.439E-06 0.000E+00 3.343E-05 1.644E+00 1.858E+02  1.0878 0.97274
  4.000E+02 4.945E+02 1.648E+00 3.826E-05 2.725E-06 0.000E+00 4.099E-05 1.648E+00 2.162E+02  1.2113 0.97793
  4.500E+02 5.455E+02 1.655E+00 4.494E-05 4.407E-06 0.000E+00 4.935E-05 1.655E+00 2.465E+02  1.3255 0.98176
  5.000E+02 5.964E+02 1.663E+00 5.199E-05 6.476E-06 0.000E+00 5.846E-05 1.663E+00 2.766E+02  1.4315 0.98467
  5.500E+02 6.471E+02 1.672E+00 5.939E-05 8.920E-06 1.548E-05 8.378E-05 1.672E+00 3.066E+02  1.5306 0.98693
  6.000E+02 6.977E+02 1.680E+00 6.712E-05 1.173E-05 5.135E-05 1.302E-04 1.680E+00 3.364E+02  1.6237 0.98873
  7.000E+02 7.987E+02 1.697E+00 8.351E-05 1.840E-05 1.227E-04 2.246E-04 1.698E+00 3.956E+02  1.7948 0.99136
  8.000E+02 8.995E+02 1.714E+00 1.010E-04 2.639E-05 1.901E-04 3.175E-04 1.714E+00 4.542E+02  1.9496 0.99317
  9.000E+02 1.000E+03 1.729E+00 1.196E-04 3.564E-05 2.546E-04 4.099E-04 1.730E+00 5.123E+02  2.0914 0.99447
  1.000E+03 1.101E+03 1.744E+00 1.391E-04 4.605E-05 3.173E-04 5.025E-04 1.744E+00 5.699E+02  2.2227 0.99542
  1.200E+03 1.301E+03 1.770E+00 1.807E-04 7.015E-05 4.388E-04 6.896E-04 1.770E+00 6.837E+02  2.4605 0.99672
  1.400E+03 1.502E+03 1.792E+00 2.254E-04 9.820E-05 5.567E-04 8.803E-04 1.793E+00 7.959E+02  2.6728 0.99753
  1.700E+03 1.803E+03 1.821E+00 2.974E-04 1.469E-04 7.292E-04 1.174E-03 1.822E+00 9.618E+02  2.9560 0.99829
  2.000E+03 2.103E+03 1.845E+00 3.745E-04 2.026E-04 8.976E-04 1.475E-03 1.846E+00 1.125E+03  3.2066 0.99874
  2.500E+03 2.604E+03 1.877E+00 5.129E-04 3.090E-04 1.171E-03 1.993E-03 1.879E+00 1.394E+03  3.5704 0.99918
  3.000E+03 3.104E+03 1.903E+00 6.615E-04 4.300E-04 1.438E-03 2.529E-03 1.905E+00 1.658E+03  3.8827 0.99942
  3.500E+03 3.604E+03 1.924E+00 8.188E-04 5.635E-04 1.699E-03 3.081E-03 1.927E+00 1.919E+03  4.1558 0.99957
  4.000E+03 4.104E+03 1.942E+00 9.836E-04 7.211E-04 1.954E-03 3.659E-03 1.946E+00 2.177E+03  4.3980 0.99967
  4.500E+03 4.604E+03 1.958E+00 1.155E-03 8.943E-04 2.206E-03 4.255E-03 1.962E+00 2.433E+03  4.6153 0.99974
  5.000E+03 5.105E+03 1.972E+00 1.332E-03 1.078E-03 2.454E-03 4.864E-03 1.977E+00 2.687E+03  4.8123 0.99979
  5.500E+03 5.605E+03 1.985E+00 1.515E-03 1.271E-03 2.699E-03 5.485E-03 1.990E+00 2.939E+03  4.9921 0.99982
  6.000E+03 6.105E+03 1.996E+00 1.702E-03 1.473E-03 2.941E-03 6.116E-03 2.002E+00 3.189E+03  5.1576 0.99985
  7.000E+03 7.105E+03 2.016E+00 2.090E-03 1.902E-03 3.417E-03 7.408E-03 2.023E+00 3.686E+03  5.4533 0.99989
  8.000E+03 8.105E+03 2.033E+00 2.493E-03 2.358E-03 3.884E-03 8.735E-03 2.042E+00 4.178E+03  5.7116 0.99992
  9.000E+03 9.105E+03 2.048E+00 2.909E-03 2.840E-03 4.344E-03 1.009E-02 2.058E+00 4.666E+03  5.9407 0.99993
  1.000E+04 1.011E+04 2.061E+00 3.338E-03 3.343E-03 4.798E-03 1.148E-02 2.072E+00 5.150E+03  6.1465 0.99995
  1.200E+04 1.211E+04 2.083E+00 4.225E-03 4.410E-03 5.691E-03 1.433E-02 2.097E+00 6.109E+03  6.5043 0.99996
  1.400E+04 1.411E+04 2.101E+00 5.147E-03 5.543E-03 6.566E-03 1.726E-02 2.119E+00 7.058E+03  6.8081 0.99997
  1.700E+04 1.711E+04 2.124E+00 6.586E-03 7.349E-03 7.856E-03 2.179E-02 2.146E+00 8.465E+03  7.1919 0.99998
  2.000E+04 2.011E+04 2.143E+00 8.081E-03 9.260E-03 9.123E-03 2.646E-02 2.169E+00 9.855E+03  7.5140 0.99999
  2.500E+04 2.511E+04 2.168E+00 1.068E-02 1.264E-02 1.120E-02 3.451E-02 2.202E+00 1.214E+04  7.9572 0.99999
  3.000E+04 3.011E+04 2.188E+00 1.338E-02 1.621E-02 1.324E-02 4.282E-02 2.231E+00 1.440E+04  8.3199 0.99999
  3.500E+04 3.511E+04 2.204E+00 1.616E-02 1.994E-02 1.526E-02 5.135E-02 2.256E+00 1.663E+04  8.6269 1.00000
  4.000E+04 4.011E+04 2.219E+00 1.901E-02 2.380E-02 1.726E-02 6.007E-02 2.279E+00 1.883E+04  8.8929 1.00000
  4.500E+04 4.511E+04 2.231E+00 2.193E-02 2.777E-02 1.925E-02 6.895E-02 2.300E+00 2.102E+04  9.1278 1.00000
  5.000E+04 5.011E+04 2.242E+00 2.490E-02 3.185E-02 2.123E-02 7.797E-02 2.320E+00 2.318E+04  9.3379 1.00000
  5.500E+04 5.511E+04 2.252E+00 2.792E-02 3.601E-02 2.320E-02 8.712E-02 2.339E+00 2.533E+04  9.5281 1.00000
  6.000E+04 6.011E+04 2.261E+00 3.098E-02 4.024E-02 2.516E-02 9.638E-02 2.357E+00 2.746E+04  9.7017 1.00000
  7.000E+04 7.011E+04 2.276E+00 3.722E-02 4.892E-02 2.908E-02 1.152E-01 2.392E+00 3.167E+04 10.0094 1.00000
  8.000E+04 8.011E+04 2.290E+00 4.360E-02 5.782E-02 3.298E-02 1.344E-01 2.424E+00 3.582E+04 10.2761 1.00000
  9.000E+04 9.011E+04 2.301E+00 5.009E-02 6.692E-02 3.688E-02 1.539E-01 2.455E+00 3.992E+04 10.5113 1.00000
  1.000E+05 1.001E+05 2.312E+00 5.669E-02 7.618E-02 4.078E-02 1.737E-01 2.486E+00 4.397E+04 10.7218 1.00000
  1.200E+05 1.201E+05 2.330E+00 7.015E-02 9.513E-02 4.858E-02 2.139E-01 2.544E+00 5.192E+04 11.0860 1.00000
  1.400E+05 1.401E+05 2.345E+00 8.390E-02 1.145E-01 5.639E-02 2.548E-01 2.600E+00 5.970E+04 11.3940 1.00000
  1.700E+05 1.701E+05 2.364E+00 1.050E-01 1.443E-01 6.815E-02 3.174E-01 2.681E+00 7.106E+04 11.7821 1.00000
  2.000E+05 2.001E+05 2.379E+00 1.265E-01 1.747E-01 7.996E-02 3.812E-01 2.760E+00 8.209E+04 12.1069 1.00000
  2.500E+05 2.501E+05 2.401E+00 1.632E-01 2.264E-01 9.979E-02 4.894E-01 2.890E+00 9.978E+04 12.5530 1.00000
  3.000E+05 3.001E+05 2.418E+00 2.006E-01 2.792E-01 1.198E-01 5.996E-01 3.018E+00 1.167E+05 12.9175 1.00000
  3.500E+05 3.501E+05 2.433E+00 2.386E-01 3.327E-01 1.400E-01 7.113E-01 3.145E+00 1.329E+05 13.2257 1.00000
  4.000E+05 4.001E+05 2.446E+00 2.771E-01 3.869E-01 1.603E-01 8.243E-01 3.270E+00 1.485E+05 13.4927 1.00000
  4.500E+05 4.501E+05 2.458E+00 3.161E-01 4.415E-01 1.808E-01 9.385E-01 3.396E+00 1.635E+05 13.7282 1.00000
  5.000E+05 5.001E+05 2.468E+00 3.555E-01 4.966E-01 2.015E-01 1.054E+00 3.521E+00 1.780E+05 13.9388 1.00000
  5.500E+05 5.501E+05 2.477E+00 3.951E-01 5.520E-01 2.223E-01 1.169E+00 3.646E+00 1.919E+05 14.1294 1.00000
  6.000E+05 6.001E+05 2.485E+00 4.350E-01 6.078E-01 2.432E-01 1.286E+00 3.771E+00 2.054E+05 14.3034 1.00000
  7.000E+05 7.001E+05 2.500E+00 5.157E-01 7.200E-01 2.854E-01 1.521E+00 4.022E+00 2.311E+05 14.6117 1.00000
  8.000E+05 8.001E+05 2.513E+00 5.971E-01 8.331E-01 3.281E-01 1.758E+00 4.272E+00 2.552E+05 14.8787 1.00000
  9.000E+05 9.001E+05 2.525E+00 6.792E-01 9.469E-01 3.713E-01 1.997E+00 4.522E+00 2.780E+05 15.1142 1.00000
  1.000E+06 1.000E+06 2.535E+00 7.619E-01 1.061E+00 4.148E-01 2.238E+00 4.773E+00 2.995E+05 15.3249 1.00000
  1.200E+06 1.200E+06 2.553E+00 9.288E-01 1.291E+00 5.029E-01 2.723E+00 5.277E+00 3.393E+05 15.6895 1.00000
  1.400E+06 1.400E+06 2.569E+00 1.097E+00 1.523E+00 5.924E-01 3.213E+00 5.781E+00 3.755E+05 15.9978 1.00000
  1.700E+06 1.700E+06 2.588E+00 1.352E+00 1.872E+00 7.288E-01 3.953E+00 6.541E+00 4.243E+05 16.3861 1.00000
  2.000E+06 2.000E+06 2.604E+00 1.609E+00 2.223E+00 8.674E-01 4.700E+00 7.305E+00 4.677E+05 16.7111 1.00000
  2.500E+06 2.500E+06 2.627E+00 2.042E+00 2.812E+00 1.103E+00 5.956E+00 8.583E+00 5.308E+05 17.1574 1.00000
  3.000E+06 3.000E+06 2.646E+00 2.477E+00 3.402E+00 1.343E+00 7.222E+00 9.868E+00 5.851E+05 17.5220 1.00000
  3.500E+06 3.500E+06 2.662E+00 2.915E+00 3.995E+00 1.587E+00 8.497E+00 1.116E+01 6.327E+05 17.8303 1.00000
  4.000E+06 4.000E+06 2.675E+00 3.356E+00 4.589E+00 1.835E+00 9.779E+00 1.245E+01 6.751E+05 18.0973 1.00000
  4.500E+06 4.500E+06 2.688E+00 3.798E+00 5.184E+00 2.085E+00 1.107E+01 1.375E+01 7.133E+05 18.3329 1.00000
  5.000E+06 5.000E+06 2.699E+00 4.241E+00 5.780E+00 2.339E+00 1.236E+01 1.506E+01 7.480E+05 18.5436 1.00000
  5.500E+06 5.500E+06 2.709E+00 4.685E+00 6.377E+00 2.596E+00 1.366E+01 1.637E+01 7.798E+05 18.7342 1.00000
  6.000E+06 6.000E+06 2.718E+00 5.131E+00 6.974E+00 2.855E+00 1.496E+01 1.768E+01 8.092E+05 18.9083 1.00000
  7.000E+06 7.000E+06 2.734E+00 6.024E+00 8.171E+00 3.379E+00 1.757E+01 2.031E+01 8.620E+05 19.2166 1.00000
  8.000E+06 8.000E+06 2.748E+00 6.920E+00 9.369E+00 3.912E+00 2.020E+01 2.295E+01 9.083E+05 19.4836 1.00000
  9.000E+06 9.000E+06 2.761E+00 7.818E+00 1.057E+01 4.452E+00 2.284E+01 2.560E+01 9.495E+05 19.7192 1.00000
  1.000E+07 1.000E+07 2.772E+00 8.718E+00 1.177E+01 4.998E+00 2.549E+01 2.826E+01 9.867E+05 19.9299 1.00000
  1.200E+07 1.200E+07 2.792E+00 1.052E+01 1.417E+01 6.108E+00 3.080E+01 3.360E+01 1.052E+06 20.2945 1.00000
  1.400E+07 1.400E+07 2.809E+00 1.233E+01 1.658E+01 7.239E+00 3.615E+01 3.896E+01 1.107E+06 20.6028 1.00000
  1.700E+07 1.700E+07 2.830E+00 1.505E+01 2.019E+01 8.968E+00 4.421E+01 4.704E+01 1.177E+06 20.9911 1.00000
  2.000E+07 2.000E+07 2.848E+00 1.778E+01 2.381E+01 1.073E+01 5.231E+01 5.516E+01 1.236E+06 21.3162 1.00000
  2.500E+07 2.500E+07 2.873E+00 2.233E+01 2.983E+01 1.374E+01 6.590E+01 6.877E+01 1.317E+06 21.7625 1.00000
  3.000E+07 3.000E+07 2.894E+00 2.688E+01 3.587E+01 1.681E+01 7.956E+01 8.246E+01 1.383E+06 22.1271 1.00000
  3.500E+07 3.500E+07 2.912E+00 3.145E+01 4.191E+01 1.994E+01 9.330E+01 9.621E+01 1.439E+06 22.4354 1.00000
  4.000E+07 4.000E+07 2.927E+00 3.602E+01 4.794E+01 2.313E+01 1.071E+02 1.100E+02 1.488E+06 22.7025 1.00000
  4.500E+07 4.500E+07 2.941E+00 4.059E+01 5.398E+01 2.636E+01 1.209E+02 1.239E+02 1.530E+06 22.9380 1.00000
  5.000E+07 5.000E+07 2.953E+00 4.516E+01 6.003E+01 2.963E+01 1.348E+02 1.378E+02 1.569E+06 23.1488 1.00000
  5.500E+07 5.500E+07 2.964E+00 4.974E+01 6.607E+01 3.294E+01 1.487E+02 1.517E+02 1.603E+06 23.3394 1.00000
  6.000E+07 6.000E+07 2.974E+00 5.432E+01 7.211E+01 3.628E+01 1.627E+02 1.657E+02 1.635E+06 23.5134 1.00000
  7.000E+07 7.000E+07 2.992E+00 6.348E+01 8.420E+01 4.307E+01 1.907E+02 1.937E+02 1.691E+06 23.8217 1.00000
  8.000E+07 8.000E+07 3.008E+00 7.264E+01 9.630E+01 4.997E+01 2.189E+02 2.219E+02 1.739E+06 24.0888 1.00000
  9.000E+07 9.000E+07 3.022E+00 8.181E+01 1.084E+02 5.697E+01 2.472E+02 2.502E+02 1.781E+06 24.3243 1.00000
  1.000E+08 1.000E+08 3.035E+00 9.099E+01 1.205E+02 6.406E+01 2.755E+02 2.786E+02 1.819E+06 24.5350 1.00000
  1.200E+08 1.200E+08 3.057E+00 1.093E+02 1.447E+02 7.849E+01 3.325E+02 3.356E+02 1.884E+06 24.8997 1.00000
  1.400E+08 1.400E+08 3.076E+00 1.277E+02 1.689E+02 9.320E+01 3.898E+02 3.929E+02 1.939E+06 25.2080 1.00000
  1.700E+08 1.700E+08 3.099E+00 1.553E+02 2.052E+02 1.157E+02 4.762E+02 4.793E+02 2.008E+06 25.5963 1.00000
  2.000E+08 2.000E+08 3.120E+00 1.828E+02 2.415E+02 1.388E+02 5.631E+02 5.662E+02 2.066E+06 25.9213 1.00000
  2.500E+08 2.500E+08 3.147E+00 2.288E+02 3.020E+02 1.780E+02 7.088E+02 7.119E+02 2.145E+06 26.3676 1.00000
  3.000E+08 3.000E+08 3.171E+00 2.747E+02 3.625E+02 2.183E+02 8.555E+02 8.587E+02 2.208E+06 26.7323 1.00000
  3.500E+08 3.500E+08 3.190E+00 3.207E+02 4.230E+02 2.593E+02 1.003E+03 1.006E+03 2.262E+06 27.0406 1.00000
  4.000E+08 4.000E+08 3.207E+00 3.666E+02 4.836E+02 3.011E+02 1.151E+03 1.154E+03 2.309E+06 27.3076 1.00000
  4.500E+08 4.500E+08 3.222E+00 4.126E+02 5.441E+02 3.435E+02 1.300E+03 1.303E+03 2.349E+06 27.5432 1.00000
  5.000E+08 5.000E+08 3.236E+00 4.586E+02 6.046E+02 3.865E+02 1.450E+03 1.453E+03 2.386E+06 27.7539 1.00000
  5.500E+08 5.500E+08 3.248E+00 5.046E+02 6.652E+02 4.300E+02 1.600E+03 1.603E+03 2.418E+06 27.9445 1.00000
  6.000E+08 6.000E+08 3.260E+00 5.505E+02 7.257E+02 4.740E+02 1.750E+03 1.753E+03 2.448E+06 28.1186 1.00000
  7.000E+08 7.000E+08 3.280E+00 6.425E+02 8.468E+02 5.633E+02 2.053E+03 2.056E+03 2.501E+06 28.4268 1.00000
  8.000E+08 8.000E+08 3.298E+00 7.345E+02 9.679E+02 6.542E+02 2.357E+03 2.360E+03 2.546E+06 28.6939 1.00000
  9.000E+08 9.000E+08 3.314E+00 8.264E+02 1.089E+03 7.466E+02 2.662E+03 2.665E+03 2.586E+06 28.9294 1.00000
  1.000E+09 1.000E+09 3.328E+00 9.184E+02 1.210E+03 8.402E+02 2.969E+03 2.972E+03 2.622E+06 29.1401 1.00000
  1.200E+09 1.200E+09 3.352E+00 1.102E+03 1.452E+03 1.031E+03 3.585E+03 3.589E+03 2.683E+06 29.5047 1.00000
  1.400E+09 1.400E+09 3.373E+00 1.286E+03 1.694E+03 1.225E+03 4.206E+03 4.209E+03 2.734E+06 29.8127 1.00000
  1.700E+09 1.700E+09 3.400E+00 1.562E+03 2.058E+03 1.524E+03 5.144E+03 5.147E+03 2.798E+06 30.2010 1.00000
  2.000E+09 2.000E+09 3.423E+00 1.838E+03 2.421E+03 1.829E+03 6.088E+03 6.092E+03 2.852E+06 30.5245 1.00000
  2.500E+09 2.500E+09 3.454E+00 2.298E+03 3.026E+03 2.350E+03 7.675E+03 7.678E+03 2.925E+06 30.9708 1.00000
  3.000E+09 3.000E+09 3.480E+00 2.758E+03 3.632E+03 2.885E+03 9.275E+03 9.278E+03 2.984E+06 31.3289 1.00000
  3.500E+09 3.500E+09 3.502E+00 3.218E+03 4.237E+03 3.431E+03 1.089E+04 1.089E+04 3.034E+06 31.6372 1.00000
  4.000E+09 4.000E+09 3.521E+00 3.678E+03 4.843E+03 3.987E+03 1.251E+04 1.251E+04 3.077E+06 31.9043 1.00000
  4.500E+09 4.500E+09 3.540E+00 4.138E+03 5.448E+03 4.553E+03 1.414E+04 1.414E+04 3.114E+06 32.1107 1.00000
  5.000E+09 5.000E+09 3.555E+00 4.598E+03 6.054E+03 5.126E+03 1.578E+04 1.578E+04 3.148E+06 32.3214 1.00000
  5.500E+09 5.500E+09 3.569E+00 5.058E+03 6.659E+03 5.707E+03 1.742E+04 1.743E+04 3.178E+06 32.5120 1.00000
  6.000E+09 6.000E+09 3.582E+00 5.518E+03 7.264E+03 6.295E+03 1.908E+04 1.908E+04 3.205E+06 32.6861 1.00000
  7.000E+09 7.000E+09 3.605E+00 6.438E+03 8.475E+03 7.489E+03 2.240E+04 2.241E+04 3.254E+06 32.9944 1.00000
  8.000E+09 8.000E+09 3.636E+00 7.357E+03 9.686E+03 8.705E+03 2.575E+04 2.575E+04 3.295E+06 33.1060 1.00000
  9.000E+09 9.000E+09 3.653E+00 8.277E+03 1.090E+04 9.942E+03 2.912E+04 2.912E+04 3.332E+06 33.3415 1.00000
  1.000E+10 1.000E+10 3.669E+00 9.197E+03 1.211E+04 1.120E+04 3.250E+04 3.251E+04 3.364E+06 33.5522 1.00000
  1.200E+10 1.200E+10 3.696E+00 1.104E+04 1.453E+04 1.375E+04 3.932E+04 3.932E+04 3.420E+06 33.9169 1.00000
  1.400E+10 1.400E+10 3.720E+00 1.288E+04 1.695E+04 1.637E+04 4.620E+04 4.620E+04 3.467E+06 34.2252 1.00000
  1.700E+10 1.700E+10 3.750E+00 1.564E+04 2.058E+04 2.038E+04 5.660E+04 5.661E+04 3.525E+06 34.6135 1.00000
  2.000E+10 2.000E+10 3.775E+00 1.840E+04 2.422E+04 2.449E+04 6.710E+04 6.711E+04 3.574E+06 34.9385 1.00000
  2.500E+10 2.500E+10 3.810E+00 2.300E+04 3.027E+04 3.152E+04 8.479E+04 8.479E+04 3.640E+06 35.3848 1.00000
  3.000E+10 3.000E+10 3.839E+00 2.760E+04 3.633E+04 3.874E+04 1.027E+05 1.027E+05 3.694E+06 35.7495 1.00000
  3.500E+10 3.500E+10 3.863E+00 3.219E+04 4.238E+04 4.613E+04 1.207E+05 1.207E+05 3.739E+06 36.0578 1.00000
  4.000E+10 4.000E+10 3.884E+00 3.679E+04 4.843E+04 5.366E+04 1.389E+05 1.389E+05 3.777E+06 36.3248 1.00000
  4.500E+10 4.500E+10 3.903E+00 4.139E+04 5.449E+04 6.132E+04 1.572E+05 1.572E+05 3.811E+06 36.5604 1.00000
  5.000E+10 5.000E+10 3.920E+00 4.599E+04 6.054E+04 6.909E+04 1.756E+05 1.756E+05 3.841E+06 36.7711 1.00000
  5.500E+10 5.500E+10 3.936E+00 5.059E+04 6.660E+04 7.697E+04 1.942E+05 1.942E+05 3.868E+06 36.9617 1.00000
  6.000E+10 6.000E+10 3.950E+00 5.519E+04 7.265E+04 8.496E+04 2.128E+05 2.128E+05 3.893E+06 37.1358 1.00000
  7.000E+10 7.000E+10 3.976E+00 6.439E+04 8.476E+04 1.012E+05 2.503E+05 2.503E+05 3.936E+06 37.4441 1.00000
  8.000E+10 8.000E+10 3.998E+00 7.359E+04 9.687E+04 1.177E+05 2.882E+05 2.882E+05 3.973E+06 37.7111 1.00000
  9.000E+10 9.000E+10 4.017E+00 8.279E+04 1.090E+05 1.346E+05 3.264E+05 3.264E+05 4.006E+06 37.9467 1.00000
  1.000E+11 1.000E+11 4.035E+00 9.199E+04 1.211E+05 1.517E+05 3.648E+05 3.648E+05 4.035E+06 38.1574 1.00000
  1.200E+11 1.200E+11 4.066E+00 1.104E+05 1.453E+05 1.866E+05 4.423E+05 4.423E+05 4.085E+06 38.5221 1.00000
  1.400E+11 1.400E+11 4.092E+00 1.288E+05 1.695E+05 2.223E+05 5.206E+05 5.206E+05 4.126E+06 38.8304 1.00000
  1.700E+11 1.700E+11 4.125E+00 1.564E+05 2.058E+05 2.773E+05 6.395E+05 6.395E+05 4.178E+06 39.2187 1.00000
  2.000E+11 2.000E+11 4.153E+00 1.840E+05 2.422E+05 3.336E+05 7.597E+05 7.597E+05 4.221E+06 39.5437 1.00000
  2.500E+11 2.500E+11 4.192E+00 2.300E+05 3.027E+05 4.301E+05 9.628E+05 9.628E+05 4.280E+06 39.9900 1.00000
  3.000E+11 3.000E+11 4.224E+00 2.760E+05 3.633E+05 5.294E+05 1.169E+06 1.169E+06 4.327E+06 40.3546 1.00000
  3.500E+11 3.500E+11 4.252E+00 3.220E+05 4.238E+05 6.311E+05 1.377E+06 1.377E+06 4.366E+06 40.6629 1.00000
  4.000E+11 4.000E+11 4.276E+00 3.680E+05 4.843E+05 7.349E+05 1.587E+06 1.587E+06 4.400E+06 40.9300 1.00000
  4.500E+11 4.500E+11 4.297E+00 4.140E+05 5.449E+05 8.406E+05 1.799E+06 1.799E+06 4.429E+06 41.1656 1.00000
  5.000E+11 5.000E+11 4.316E+00 4.599E+05 6.054E+05 9.480E+05 2.013E+06 2.013E+06 4.456E+06 41.3763 1.00000
  5.500E+11 5.500E+11 4.333E+00 5.059E+05 6.660E+05 1.057E+06 2.229E+06 2.229E+06 4.479E+06 41.5669 1.00000
  6.000E+11 6.000E+11 4.349E+00 5.519E+05 7.265E+05 1.167E+06 2.446E+06 2.446E+06 4.501E+06 41.7409 1.00000
  7.000E+11 7.000E+11 4.377E+00 6.439E+05 8.476E+05 1.392E+06 2.884E+06 2.884E+06 4.538E+06 42.0492 1.00000
  8.000E+11 8.000E+11 4.402E+00 7.359E+05 9.686E+05 1.622E+06 3.326E+06 3.326E+06 4.570E+06 42.3163 1.00000
  9.000E+11 9.000E+11 4.424E+00 8.279E+05 1.090E+06 1.856E+06 3.773E+06 3.773E+06 4.599E+06 42.5519 1.00000
  1.000E+12 1.000E+12 4.444E+00 9.199E+05 1.211E+06 2.093E+06 4.224E+06 4.224E+06 4.624E+06 42.7626 1.00000
