 Incident particle is a Muon with M = 105.65839 MeV
 Index = 0: BorosilicateGlass
      Absorber with <Z/A> = 0.49708
 Density effect computed following Fano (1963)
 Models for Radloss: brems =  SSR, pair =  SSR, photonuc = DRSS

 *** Table generated with PUMAS v1.1 ***

      T         p     Ionization  brems     pair     photonuc  Radloss    dE/dx   CSDA Range  delta   beta
    [MeV]    [MeV/c]  -----------------------[MeV cm^2/g]------------------------  [g/cm^2]
  1.000E+00 1.457E+01 4.051E+01 0.000E+00 0.000E+00 0.000E+00 0.000E+00 4.051E+01 1.234E-02  0.0000 0.13661
  1.200E+00 1.597E+01 3.508E+01 0.000E+00 0.000E+00 0.000E+00 0.000E+00 3.508E+01 1.766E-02  0.0000 0.14944
  1.400E+00 1.726E+01 3.104E+01 0.000E+00 0.000E+00 0.000E+00 0.000E+00 3.104E+01 2.374E-02  0.0000 0.16119
  1.700E+00 1.903E+01 2.660E+01 0.000E+00 0.000E+00 0.000E+00 0.000E+00 2.660E+01 3.421E-02  0.0000 0.17725
  2.000E+00 2.066E+01 2.336E+01 0.000E+00 0.000E+00 0.000E+00 0.000E+00 2.336E+01 4.628E-02  0.0000 0.19186
  2.500E+00 2.312E+01 1.954E+01 0.000E+00 0.000E+00 0.000E+00 0.000E+00 1.954E+01 6.979E-02  0.0000 0.21376
  3.000E+00 2.536E+01 1.689E+01 0.000E+00 0.000E+00 0.000E+00 0.000E+00 1.689E+01 9.740E-02  0.0000 0.23336
  3.500E+00 2.742E+01 1.493E+01 0.000E+00 0.000E+00 0.000E+00 0.000E+00 1.493E+01 1.289E-01  0.0000 0.25120
  4.000E+00 2.935E+01 1.343E+01 0.000E+00 0.000E+00 0.000E+00 0.000E+00 1.343E+01 1.643E-01  0.0000 0.26763
  4.500E+00 3.116E+01 1.223E+01 0.000E+00 0.000E+00 0.000E+00 0.000E+00 1.223E+01 2.034E-01  0.0000 0.28290
  5.000E+00 3.289E+01 1.125E+01 0.000E+00 0.000E+00 0.000E+00 0.000E+00 1.125E+01 2.460E-01  0.0000 0.29720
  5.500E+00 3.453E+01 1.044E+01 0.000E+00 0.000E+00 0.000E+00 0.000E+00 1.044E+01 2.922E-01  0.0000 0.31066
  6.000E+00 3.611E+01 9.753E+00 0.000E+00 0.000E+00 0.000E+00 0.000E+00 9.753E+00 3.418E-01  0.0000 0.32339
  7.000E+00 3.909E+01 8.652E+00 0.000E+00 0.000E+00 0.000E+00 0.000E+00 8.652E+00 4.509E-01  0.0000 0.34700
  8.000E+00 4.189E+01 7.809E+00 0.000E+00 0.000E+00 0.000E+00 0.000E+00 7.809E+00 5.728E-01  0.0000 0.36854
  9.000E+00 4.453E+01 7.140E+00 0.000E+00 0.000E+00 0.000E+00 0.000E+00 7.140E+00 7.069E-01  0.0000 0.38836
  1.000E+01 4.704E+01 6.597E+00 0.000E+00 0.000E+00 0.000E+00 0.000E+00 6.597E+00 8.527E-01  0.0000 0.40675
  1.200E+01 5.177E+01 5.767E+00 0.000E+00 0.000E+00 0.000E+00 0.000E+00 5.767E+00 1.178E+00  0.0000 0.43998
  1.400E+01 5.616E+01 5.162E+00 0.000E+00 0.000E+00 0.000E+00 0.000E+00 5.162E+00 1.545E+00  0.0000 0.46937
  1.700E+01 6.230E+01 4.508E+00 0.000E+00 0.000E+00 0.000E+00 0.000E+00 4.508E+00 2.169E+00  0.0000 0.50792
  2.000E+01 6.802E+01 4.043E+00 0.000E+00 0.000E+00 0.000E+00 0.000E+00 4.043E+00 2.874E+00  0.0000 0.54129
  2.500E+01 7.686E+01 3.507E+00 0.000E+00 0.000E+00 0.000E+00 0.000E+00 3.507E+00 4.207E+00  0.0000 0.58827
  3.000E+01 8.509E+01 3.146E+00 0.000E+00 0.000E+00 0.000E+00 0.000E+00 3.146E+00 5.717E+00  0.0000 0.62720
  3.500E+01 9.285E+01 2.886E+00 0.000E+00 0.000E+00 0.000E+00 0.000E+00 2.886E+00 7.379E+00  0.0000 0.66011
  4.000E+01 1.003E+02 2.692E+00 0.000E+00 0.000E+00 0.000E+00 0.000E+00 2.692E+00 9.175E+00  0.0000 0.68834
  4.500E+01 1.074E+02 2.540E+00 0.000E+00 0.000E+00 0.000E+00 0.000E+00 2.540E+00 1.109E+01  0.0004 0.71286
  5.000E+01 1.143E+02 2.420E+00 0.000E+00 0.000E+00 0.000E+00 0.000E+00 2.420E+00 1.311E+01  0.0018 0.73434
  5.500E+01 1.210E+02 2.323E+00 0.000E+00 0.000E+00 0.000E+00 0.000E+00 2.323E+00 1.522E+01  0.0042 0.75332
  6.000E+01 1.276E+02 2.242E+00 0.000E+00 0.000E+00 0.000E+00 0.000E+00 2.242E+00 1.741E+01  0.0074 0.77019
  7.000E+01 1.403E+02 2.118E+00 0.000E+00 0.000E+00 0.000E+00 0.000E+00 2.118E+00 2.201E+01  0.0162 0.79887
  8.000E+01 1.527E+02 2.027E+00 0.000E+00 0.000E+00 0.000E+00 0.000E+00 2.027E+00 2.684E+01  0.0275 0.82227
  9.000E+01 1.647E+02 1.959E+00 0.000E+00 0.000E+00 0.000E+00 0.000E+00 1.959E+00 3.186E+01  0.0409 0.84166
  1.000E+02 1.764E+02 1.907E+00 0.000E+00 0.000E+00 0.000E+00 0.000E+00 1.907E+00 3.704E+01  0.0559 0.85794
  1.200E+02 1.994E+02 1.833E+00 5.592E-08 0.000E+00 0.000E+00 5.592E-08 1.833E+00 4.775E+01  0.0897 0.88361
  1.400E+02 2.218E+02 1.786E+00 2.817E-07 0.000E+00 0.000E+00 2.817E-07 1.786E+00 5.881E+01  0.1270 0.90278
  1.700E+02 2.546E+02 1.743E+00 5.718E-06 5.178E-10 0.000E+00 5.719E-06 1.743E+00 7.584E+01  0.1869 0.92363
  2.000E+02 2.868E+02 1.720E+00 1.201E-05 5.385E-09 0.000E+00 1.202E-05 1.720E+00 9.317E+01  0.2491 0.93835
  2.500E+02 3.396E+02 1.703E+00 3.378E-05 1.593E-07 0.000E+00 3.394E-05 1.703E+00 1.224E+02  0.3544 0.95485
  3.000E+02 3.917E+02 1.701E+00 5.004E-05 1.107E-06 0.000E+00 5.114E-05 1.701E+00 1.518E+02  0.4585 0.96548
  3.500E+02 4.432E+02 1.705E+00 6.442E-05 2.914E-06 0.000E+00 6.733E-05 1.705E+00 1.812E+02  0.5597 0.97274
  4.000E+02 4.945E+02 1.712E+00 7.848E-05 5.561E-06 0.000E+00 8.404E-05 1.712E+00 2.104E+02  0.6573 0.97793
  4.500E+02 5.455E+02 1.721E+00 9.279E-05 9.031E-06 0.000E+00 1.018E-04 1.721E+00 2.396E+02  0.7511 0.98176
  5.000E+02 5.964E+02 1.731E+00 1.076E-04 1.330E-05 0.000E+00 1.209E-04 1.731E+00 2.685E+02  0.8411 0.98467
  5.500E+02 6.471E+02 1.741E+00 1.229E-04 1.836E-05 1.531E-05 1.565E-04 1.741E+00 2.973E+02  0.9274 0.98693
  6.000E+02 6.977E+02 1.751E+00 1.387E-04 2.417E-05 5.098E-05 2.138E-04 1.751E+00 3.260E+02  1.0101 0.98873
  7.000E+02 7.987E+02 1.771E+00 1.719E-04 3.798E-05 1.219E-04 3.319E-04 1.771E+00 3.827E+02  1.1661 0.99136
  8.000E+02 8.995E+02 1.789E+00 2.072E-04 5.454E-05 1.889E-04 4.507E-04 1.789E+00 4.389E+02  1.3105 0.99317
  9.000E+02 1.000E+03 1.806E+00 2.445E-04 7.370E-05 2.530E-04 5.711E-04 1.806E+00 4.945E+02  1.4450 0.99447
  1.000E+03 1.101E+03 1.822E+00 2.835E-04 9.529E-05 3.151E-04 6.938E-04 1.822E+00 5.496E+02  1.5706 0.99542
  1.200E+03 1.301E+03 1.850E+00 3.663E-04 1.452E-04 4.351E-04 9.467E-04 1.851E+00 6.585E+02  1.7996 0.99672
  1.400E+03 1.502E+03 1.874E+00 4.548E-04 2.034E-04 5.515E-04 1.210E-03 1.875E+00 7.659E+02  2.0038 0.99753
  1.700E+03 1.803E+03 1.905E+00 5.968E-04 3.044E-04 7.212E-04 1.622E-03 1.907E+00 9.245E+02  2.2738 0.99829
  2.000E+03 2.103E+03 1.932E+00 7.483E-04 4.200E-04 8.866E-04 2.055E-03 1.934E+00 1.081E+03  2.5098 0.99874
  2.500E+03 2.604E+03 1.968E+00 1.019E-03 6.407E-04 1.155E-03 2.814E-03 1.970E+00 1.337E+03  2.8475 0.99918
  3.000E+03 3.104E+03 1.997E+00 1.308E-03 8.915E-04 1.415E-03 3.614E-03 2.000E+00 1.589E+03  3.1344 0.99942
  3.500E+03 3.604E+03 2.021E+00 1.613E-03 1.168E-03 1.669E-03 4.450E-03 2.026E+00 1.837E+03  3.3840 0.99957
  4.000E+03 4.104E+03 2.042E+00 1.931E-03 1.481E-03 1.919E-03 5.330E-03 2.047E+00 2.082E+03  3.6054 0.99967
  4.500E+03 4.604E+03 2.060E+00 2.261E-03 1.820E-03 2.163E-03 6.244E-03 2.067E+00 2.325E+03  3.8044 0.99974
  5.000E+03 5.105E+03 2.076E+00 2.602E-03 2.180E-03 2.404E-03 7.186E-03 2.084E+00 2.566E+03  3.9853 0.99979
  5.500E+03 5.605E+03 2.091E+00 2.952E-03 2.557E-03 2.642E-03 8.151E-03 2.099E+00 2.805E+03  4.1511 0.99982
  6.000E+03 6.105E+03 2.104E+00 3.311E-03 2.951E-03 2.876E-03 9.138E-03 2.113E+00 3.043E+03  4.3042 0.99985
  7.000E+03 7.105E+03 2.126E+00 4.053E-03 3.783E-03 3.337E-03 1.117E-02 2.137E+00 3.513E+03  4.5794 0.99989
  8.000E+03 8.105E+03 2.145E+00 4.822E-03 4.669E-03 3.789E-03 1.328E-02 2.159E+00 3.979E+03  4.8214 0.99992
  9.000E+03 9.105E+03 2.162E+00 5.615E-03 5.601E-03 4.234E-03 1.545E-02 2.177E+00 4.440E+03  5.0376 0.99993
  1.000E+04 1.011E+04 2.176E+00 6.429E-03 6.575E-03 4.672E-03 1.768E-02 2.194E+00 4.898E+03  5.2328 0.99995
  1.200E+04 1.211E+04 2.201E+00 8.113E-03 8.631E-03 5.532E-03 2.228E-02 2.223E+00 5.803E+03  5.5745 0.99996
  1.400E+04 1.411E+04 2.221E+00 9.861E-03 1.081E-02 6.374E-03 2.705E-02 2.248E+00 6.697E+03  5.8669 0.99997
  1.700E+04 1.711E+04 2.246E+00 1.258E-02 1.427E-02 7.613E-03 3.447E-02 2.281E+00 8.022E+03  6.2391 0.99998
  2.000E+04 2.011E+04 2.267E+00 1.540E-02 1.793E-02 8.829E-03 4.216E-02 2.309E+00 9.329E+03  6.5536 0.99999
  2.500E+04 2.511E+04 2.294E+00 2.028E-02 2.437E-02 1.082E-02 5.546E-02 2.349E+00 1.148E+04  6.9888 0.99999
  3.000E+04 3.011E+04 2.315E+00 2.534E-02 3.116E-02 1.277E-02 6.927E-02 2.385E+00 1.359E+04  7.3468 0.99999
  3.500E+04 3.511E+04 2.333E+00 3.055E-02 3.823E-02 1.470E-02 8.348E-02 2.417E+00 1.567E+04  7.6508 1.00000
  4.000E+04 4.011E+04 2.348E+00 3.588E-02 4.554E-02 1.661E-02 9.803E-02 2.446E+00 1.773E+04  7.9149 1.00000
  4.500E+04 4.511E+04 2.361E+00 4.133E-02 5.305E-02 1.850E-02 1.129E-01 2.474E+00 1.976E+04  8.1484 1.00000
  5.000E+04 5.011E+04 2.373E+00 4.687E-02 6.073E-02 2.039E-02 1.280E-01 2.501E+00 2.177E+04  8.3575 1.00000
  5.500E+04 5.511E+04 2.383E+00 5.250E-02 6.857E-02 2.226E-02 1.433E-01 2.527E+00 2.376E+04  8.5469 1.00000
  6.000E+04 6.011E+04 2.393E+00 5.821E-02 7.653E-02 2.413E-02 1.589E-01 2.552E+00 2.573E+04  8.7199 1.00000
  7.000E+04 7.011E+04 2.409E+00 6.982E-02 9.282E-02 2.786E-02 1.905E-01 2.600E+00 2.961E+04  9.0268 1.00000
  8.000E+04 8.011E+04 2.424E+00 8.168E-02 1.095E-01 3.157E-02 2.227E-01 2.646E+00 3.342E+04  9.2929 1.00000
  9.000E+04 9.011E+04 2.436E+00 9.373E-02 1.265E-01 3.528E-02 2.555E-01 2.692E+00 3.717E+04  9.5278 1.00000
  1.000E+05 1.001E+05 2.447E+00 1.060E-01 1.438E-01 3.898E-02 2.887E-01 2.736E+00 4.085E+04  9.7380 1.00000
  1.200E+05 1.201E+05 2.466E+00 1.309E-01 1.791E-01 4.638E-02 3.563E-01 2.822E+00 4.805E+04 10.1019 1.00000
  1.400E+05 1.401E+05 2.482E+00 1.563E-01 2.151E-01 5.378E-02 4.252E-01 2.907E+00 5.503E+04 10.4097 1.00000
  1.700E+05 1.701E+05 2.502E+00 1.952E-01 2.703E-01 6.493E-02 5.304E-01 3.032E+00 6.513E+04 10.7975 1.00000
  2.000E+05 2.001E+05 2.518E+00 2.348E-01 3.265E-01 7.612E-02 6.374E-01 3.156E+00 7.483E+04 11.1223 1.00000
  2.500E+05 2.501E+05 2.541E+00 3.022E-01 4.219E-01 9.489E-02 8.190E-01 3.360E+00 9.018E+04 11.5682 1.00000
  3.000E+05 3.001E+05 2.560E+00 3.709E-01 5.189E-01 1.138E-01 1.004E+00 3.563E+00 1.046E+05 11.9327 1.00000
  3.500E+05 3.501E+05 2.575E+00 4.406E-01 6.171E-01 1.329E-01 1.191E+00 3.766E+00 1.183E+05 12.2408 1.00000
  4.000E+05 4.001E+05 2.589E+00 5.111E-01 7.164E-01 1.522E-01 1.380E+00 3.969E+00 1.312E+05 12.5078 1.00000
  4.500E+05 4.501E+05 2.601E+00 5.824E-01 8.164E-01 1.715E-01 1.570E+00 4.171E+00 1.435E+05 12.7433 1.00000
  5.000E+05 5.001E+05 2.612E+00 6.542E-01 9.170E-01 1.911E-01 1.762E+00 4.374E+00 1.552E+05 12.9540 1.00000
  5.500E+05 5.501E+05 2.622E+00 7.266E-01 1.018E+00 2.107E-01 1.956E+00 4.577E+00 1.664E+05 13.1445 1.00000
  6.000E+05 6.001E+05 2.630E+00 7.995E-01 1.120E+00 2.305E-01 2.150E+00 4.780E+00 1.771E+05 13.3185 1.00000
  7.000E+05 7.001E+05 2.646E+00 9.463E-01 1.324E+00 2.704E-01 2.541E+00 5.187E+00 1.971E+05 13.6268 1.00000
  8.000E+05 8.001E+05 2.660E+00 1.094E+00 1.530E+00 3.107E-01 2.935E+00 5.596E+00 2.157E+05 13.8938 1.00000
  9.000E+05 9.001E+05 2.672E+00 1.244E+00 1.737E+00 3.515E-01 3.332E+00 6.005E+00 2.329E+05 14.1293 1.00000
  1.000E+06 1.000E+06 2.683E+00 1.394E+00 1.945E+00 3.926E-01 3.731E+00 6.415E+00 2.491E+05 14.3400 1.00000
  1.200E+06 1.200E+06 2.702E+00 1.697E+00 2.362E+00 4.759E-01 4.535E+00 7.237E+00 2.784E+05 14.7046 1.00000
  1.400E+06 1.400E+06 2.718E+00 2.002E+00 2.782E+00 5.604E-01 5.344E+00 8.062E+00 3.046E+05 15.0129 1.00000
  1.700E+06 1.700E+06 2.739E+00 2.463E+00 3.414E+00 6.891E-01 6.566E+00 9.305E+00 3.392E+05 15.4012 1.00000
  2.000E+06 2.000E+06 2.756E+00 2.928E+00 4.049E+00 8.200E-01 7.796E+00 1.055E+01 3.694E+05 15.7262 1.00000
  2.500E+06 2.500E+06 2.780E+00 3.708E+00 5.111E+00 1.042E+00 9.861E+00 1.264E+01 4.127E+05 16.1724 1.00000
  3.000E+06 3.000E+06 2.800E+00 4.493E+00 6.177E+00 1.269E+00 1.194E+01 1.474E+01 4.493E+05 16.5371 1.00000
  3.500E+06 3.500E+06 2.817E+00 5.282E+00 7.245E+00 1.499E+00 1.403E+01 1.684E+01 4.810E+05 16.8454 1.00000
  4.000E+06 4.000E+06 2.831E+00 6.074E+00 8.316E+00 1.733E+00 1.612E+01 1.895E+01 5.090E+05 17.1124 1.00000
  4.500E+06 4.500E+06 2.844E+00 6.868E+00 9.388E+00 1.970E+00 1.823E+01 2.107E+01 5.340E+05 17.3480 1.00000
  5.000E+06 5.000E+06 2.856E+00 7.665E+00 1.046E+01 2.209E+00 2.034E+01 2.319E+01 5.566E+05 17.5587 1.00000
  5.500E+06 5.500E+06 2.866E+00 8.463E+00 1.154E+01 2.451E+00 2.245E+01 2.532E+01 5.772E+05 17.7493 1.00000
  6.000E+06 6.000E+06 2.876E+00 9.262E+00 1.261E+01 2.696E+00 2.457E+01 2.745E+01 5.962E+05 17.9233 1.00000
  7.000E+06 7.000E+06 2.893E+00 1.086E+01 1.477E+01 3.191E+00 2.882E+01 3.171E+01 6.300E+05 18.2316 1.00000
  8.000E+06 8.000E+06 2.908E+00 1.247E+01 1.692E+01 3.694E+00 3.309E+01 3.599E+01 6.596E+05 18.4987 1.00000
  9.000E+06 9.000E+06 2.922E+00 1.408E+01 1.908E+01 4.203E+00 3.736E+01 4.029E+01 6.859E+05 18.7342 1.00000
  1.000E+07 1.000E+07 2.934E+00 1.569E+01 2.124E+01 4.719E+00 4.165E+01 4.458E+01 7.095E+05 18.9450 1.00000
  1.200E+07 1.200E+07 2.955E+00 1.892E+01 2.556E+01 5.766E+00 5.025E+01 5.320E+01 7.505E+05 19.3096 1.00000
  1.400E+07 1.400E+07 2.972E+00 2.216E+01 2.989E+01 6.833E+00 5.888E+01 6.185E+01 7.853E+05 19.6179 1.00000
  1.700E+07 1.700E+07 2.995E+00 2.702E+01 3.638E+01 8.465E+00 7.187E+01 7.486E+01 8.293E+05 20.0062 1.00000
  2.000E+07 2.000E+07 3.014E+00 3.189E+01 4.288E+01 1.013E+01 8.490E+01 8.791E+01 8.663E+05 20.3312 1.00000
  2.500E+07 2.500E+07 3.040E+00 4.002E+01 5.372E+01 1.296E+01 1.067E+02 1.097E+02 9.171E+05 20.7775 1.00000
  3.000E+07 3.000E+07 3.062E+00 4.816E+01 6.456E+01 1.586E+01 1.286E+02 1.316E+02 9.587E+05 21.1422 1.00000
  3.500E+07 3.500E+07 3.081E+00 5.631E+01 7.541E+01 1.882E+01 1.505E+02 1.536E+02 9.938E+05 21.4505 1.00000
  4.000E+07 4.000E+07 3.097E+00 6.446E+01 8.626E+01 2.183E+01 1.725E+02 1.756E+02 1.024E+06 21.7175 1.00000
  4.500E+07 4.500E+07 3.111E+00 7.261E+01 9.711E+01 2.487E+01 1.946E+02 1.977E+02 1.051E+06 21.9531 1.00000
  5.000E+07 5.000E+07 3.124E+00 8.077E+01 1.080E+02 2.796E+01 2.167E+02 2.198E+02 1.075E+06 22.1638 1.00000
  5.500E+07 5.500E+07 3.136E+00 8.894E+01 1.188E+02 3.108E+01 2.388E+02 2.420E+02 1.097E+06 22.3544 1.00000
  6.000E+07 6.000E+07 3.147E+00 9.710E+01 1.297E+02 3.424E+01 2.610E+02 2.642E+02 1.116E+06 22.5285 1.00000
  7.000E+07 7.000E+07 3.166E+00 1.134E+02 1.514E+02 4.064E+01 3.055E+02 3.086E+02 1.151E+06 22.8368 1.00000
  8.000E+07 8.000E+07 3.183E+00 1.298E+02 1.731E+02 4.715E+01 3.501E+02 3.532E+02 1.182E+06 23.1038 1.00000
  9.000E+07 9.000E+07 3.198E+00 1.461E+02 1.949E+02 5.376E+01 3.947E+02 3.979E+02 1.208E+06 23.3394 1.00000
  1.000E+08 1.000E+08 3.211E+00 1.625E+02 2.166E+02 6.045E+01 4.395E+02 4.427E+02 1.232E+06 23.5501 1.00000
  1.200E+08 1.200E+08 3.234E+00 1.952E+02 2.600E+02 7.406E+01 5.293E+02 5.325E+02 1.273E+06 23.9148 1.00000
  1.400E+08 1.400E+08 3.254E+00 2.279E+02 3.035E+02 8.795E+01 6.194E+02 6.226E+02 1.308E+06 24.2231 1.00000
  1.700E+08 1.700E+08 3.279E+00 2.770E+02 3.687E+02 1.092E+02 7.549E+02 7.582E+02 1.352E+06 24.6114 1.00000
  2.000E+08 2.000E+08 3.300E+00 3.261E+02 4.339E+02 1.309E+02 8.910E+02 8.943E+02 1.388E+06 24.9364 1.00000
  2.500E+08 2.500E+08 3.330E+00 4.080E+02 5.426E+02 1.680E+02 1.119E+03 1.122E+03 1.438E+06 25.3827 1.00000
  3.000E+08 3.000E+08 3.354E+00 4.898E+02 6.513E+02 2.060E+02 1.347E+03 1.350E+03 1.478E+06 25.7473 1.00000
  3.500E+08 3.500E+08 3.375E+00 5.717E+02 7.601E+02 2.447E+02 1.576E+03 1.580E+03 1.513E+06 26.0556 1.00000
  4.000E+08 4.000E+08 3.393E+00 6.536E+02 8.688E+02 2.841E+02 1.806E+03 1.810E+03 1.542E+06 26.3227 1.00000
  4.500E+08 4.500E+08 3.409E+00 7.354E+02 9.775E+02 3.241E+02 2.037E+03 2.040E+03 1.568E+06 26.5583 1.00000
  5.000E+08 5.000E+08 3.423E+00 8.173E+02 1.086E+03 3.647E+02 2.268E+03 2.272E+03 1.591E+06 26.7690 1.00000
  5.500E+08 5.500E+08 3.437E+00 8.992E+02 1.195E+03 4.057E+02 2.500E+03 2.503E+03 1.612E+06 26.9596 1.00000
  6.000E+08 6.000E+08 3.449E+00 9.811E+02 1.304E+03 4.472E+02 2.732E+03 2.735E+03 1.631E+06 27.1336 1.00000
  7.000E+08 7.000E+08 3.470E+00 1.145E+03 1.521E+03 5.315E+02 3.198E+03 3.201E+03 1.665E+06 27.4419 1.00000
  8.000E+08 8.000E+08 3.489E+00 1.309E+03 1.739E+03 6.173E+02 3.665E+03 3.668E+03 1.694E+06 27.7090 1.00000
  9.000E+08 9.000E+08 3.505E+00 1.472E+03 1.956E+03 7.044E+02 4.133E+03 4.136E+03 1.720E+06 27.9444 1.00000
  1.000E+09 1.000E+09 3.520E+00 1.636E+03 2.174E+03 7.928E+02 4.603E+03 4.606E+03 1.743E+06 28.1552 1.00000
  1.200E+09 1.200E+09 3.546E+00 1.964E+03 2.608E+03 9.727E+02 5.545E+03 5.549E+03 1.782E+06 28.5198 1.00000
  1.400E+09 1.400E+09 3.568E+00 2.291E+03 3.043E+03 1.156E+03 6.491E+03 6.495E+03 1.816E+06 28.8277 1.00000
  1.700E+09 1.700E+09 3.596E+00 2.783E+03 3.696E+03 1.438E+03 7.917E+03 7.920E+03 1.857E+06 29.2160 1.00000
  2.000E+09 2.000E+09 3.620E+00 3.274E+03 4.348E+03 1.726E+03 9.348E+03 9.352E+03 1.892E+06 29.5395 1.00000
  2.500E+09 2.500E+09 3.653E+00 4.093E+03 5.436E+03 2.218E+03 1.175E+04 1.175E+04 1.940E+06 29.9858 1.00000
  3.000E+09 3.000E+09 3.681E+00 4.912E+03 6.523E+03 2.722E+03 1.416E+04 1.416E+04 1.979E+06 30.3440 1.00000
  3.500E+09 3.500E+09 3.704E+00 5.731E+03 7.611E+03 3.238E+03 1.658E+04 1.658E+04 2.011E+06 30.6523 1.00000
  4.000E+09 4.000E+09 3.724E+00 6.551E+03 8.698E+03 3.762E+03 1.901E+04 1.901E+04 2.039E+06 30.9193 1.00000
  4.500E+09 4.500E+09 3.745E+00 7.370E+03 9.785E+03 4.296E+03 2.145E+04 2.145E+04 2.064E+06 31.1258 1.00000
  5.000E+09 5.000E+09 3.761E+00 8.189E+03 1.087E+04 4.837E+03 2.390E+04 2.390E+04 2.086E+06 31.3365 1.00000
  5.500E+09 5.500E+09 3.775E+00 9.008E+03 1.196E+04 5.385E+03 2.635E+04 2.636E+04 2.106E+06 31.5271 1.00000
  6.000E+09 6.000E+09 3.789E+00 9.827E+03 1.305E+04 5.940E+03 2.881E+04 2.882E+04 2.124E+06 31.7011 1.00000
  7.000E+09 7.000E+09 3.813E+00 1.146E+04 1.522E+04 7.066E+03 3.375E+04 3.376E+04 2.156E+06 32.0094 1.00000
  8.000E+09 8.000E+09 3.845E+00 1.310E+04 1.740E+04 8.214E+03 3.871E+04 3.872E+04 2.184E+06 32.1210 1.00000
  9.000E+09 9.000E+09 3.864E+00 1.474E+04 1.957E+04 9.381E+03 4.369E+04 4.370E+04 2.208E+06 32.3566 1.00000
  1.000E+10 1.000E+10 3.881E+00 1.638E+04 2.175E+04 1.056E+04 4.869E+04 4.870E+04 2.230E+06 32.5673 1.00000
  1.200E+10 1.200E+10 3.910E+00 1.966E+04 2.610E+04 1.298E+04 5.873E+04 5.873E+04 2.267E+06 32.9319 1.00000
  1.400E+10 1.400E+10 3.935E+00 2.293E+04 3.045E+04 1.545E+04 6.882E+04 6.883E+04 2.299E+06 33.2403 1.00000
  1.700E+10 1.700E+10 3.966E+00 2.785E+04 3.697E+04 1.923E+04 8.405E+04 8.405E+04 2.338E+06 33.6286 1.00000
  2.000E+10 2.000E+10 3.993E+00 3.276E+04 4.350E+04 2.311E+04 9.937E+04 9.937E+04 2.371E+06 33.9536 1.00000
  2.500E+10 2.500E+10 4.029E+00 4.095E+04 5.437E+04 2.974E+04 1.251E+05 1.251E+05 2.416E+06 34.3999 1.00000
  3.000E+10 3.000E+10 4.060E+00 4.914E+04 6.524E+04 3.656E+04 1.509E+05 1.509E+05 2.452E+06 34.7645 1.00000
  3.500E+10 3.500E+10 4.086E+00 5.733E+04 7.612E+04 4.353E+04 1.770E+05 1.770E+05 2.483E+06 35.0728 1.00000
  4.000E+10 4.000E+10 4.108E+00 6.552E+04 8.699E+04 5.063E+04 2.031E+05 2.031E+05 2.509E+06 35.3399 1.00000
  4.500E+10 4.500E+10 4.128E+00 7.371E+04 9.787E+04 5.786E+04 2.294E+05 2.294E+05 2.532E+06 35.5755 1.00000
  5.000E+10 5.000E+10 4.146E+00 8.190E+04 1.087E+05 6.519E+04 2.558E+05 2.558E+05 2.553E+06 35.7862 1.00000
  5.500E+10 5.500E+10 4.163E+00 9.009E+04 1.196E+05 7.263E+04 2.823E+05 2.823E+05 2.571E+06 35.9768 1.00000
  6.000E+10 6.000E+10 4.178E+00 9.829E+04 1.305E+05 8.016E+04 3.089E+05 3.089E+05 2.588E+06 36.1508 1.00000
  7.000E+10 7.000E+10 4.205E+00 1.147E+05 1.522E+05 9.548E+04 3.624E+05 3.624E+05 2.618E+06 36.4591 1.00000
  8.000E+10 8.000E+10 4.228E+00 1.310E+05 1.740E+05 1.111E+05 4.161E+05 4.161E+05 2.644E+06 36.7262 1.00000
  9.000E+10 9.000E+10 4.249E+00 1.474E+05 1.957E+05 1.270E+05 4.702E+05 4.702E+05 2.666E+06 36.9618 1.00000
  1.000E+11 1.000E+11 4.267E+00 1.638E+05 2.175E+05 1.431E+05 5.244E+05 5.244E+05 2.686E+06 37.1725 1.00000
  1.200E+11 1.200E+11 4.300E+00 1.966E+05 2.610E+05 1.761E+05 6.336E+05 6.336E+05 2.721E+06 37.5371 1.00000
  1.400E+11 1.400E+11 4.327E+00 2.293E+05 3.045E+05 2.098E+05 7.436E+05 7.436E+05 2.750E+06 37.8454 1.00000
  1.700E+11 1.700E+11 4.363E+00 2.785E+05 3.697E+05 2.616E+05 9.098E+05 9.098E+05 2.787E+06 38.2337 1.00000
  2.000E+11 2.000E+11 4.392E+00 3.276E+05 4.350E+05 3.148E+05 1.077E+06 1.077E+06 2.817E+06 38.5588 1.00000
  2.500E+11 2.500E+11 4.433E+00 4.095E+05 5.437E+05 4.058E+05 1.359E+06 1.359E+06 2.858E+06 39.0051 1.00000
  3.000E+11 3.000E+11 4.467E+00 4.914E+05 6.524E+05 4.995E+05 1.643E+06 1.643E+06 2.892E+06 39.3697 1.00000
  3.500E+11 3.500E+11 4.496E+00 5.733E+05 7.612E+05 5.955E+05 1.930E+06 1.930E+06 2.920E+06 39.6780 1.00000
  4.000E+11 4.000E+11 4.522E+00 6.552E+05 8.699E+05 6.934E+05 2.219E+06 2.219E+06 2.944E+06 39.9451 1.00000
  4.500E+11 4.500E+11 4.544E+00 7.372E+05 9.786E+05 7.932E+05 2.509E+06 2.509E+06 2.965E+06 40.1806 1.00000
  5.000E+11 5.000E+11 4.564E+00 8.191E+05 1.087E+06 8.945E+05 2.801E+06 2.801E+06 2.984E+06 40.3914 1.00000
  5.500E+11 5.500E+11 4.582E+00 9.010E+05 1.196E+06 9.973E+05 3.094E+06 3.094E+06 3.001E+06 40.5820 1.00000
  6.000E+11 6.000E+11 4.599E+00 9.829E+05 1.305E+06 1.102E+06 3.389E+06 3.389E+06 3.016E+06 40.7560 1.00000
  7.000E+11 7.000E+11 4.629E+00 1.147E+06 1.522E+06 1.314E+06 3.983E+06 3.983E+06 3.043E+06 41.0643 1.00000
  8.000E+11 8.000E+11 4.655E+00 1.310E+06 1.740E+06 1.530E+06 4.581E+06 4.581E+06 3.067E+06 41.3314 1.00000
  9.000E+11 9.000E+11 4.678E+00 1.474E+06 1.957E+06 1.751E+06 5.182E+06 5.183E+06 3.087E+06 41.5669 1.00000
  1.000E+12 1.000E+12 4.699E+00 1.638E+06 2.175E+06 1.975E+06 5.788E+06 5.788E+06 3.106E+06 41.7776 1.00000
