 Incident particle is a Muon with M = 105.65839 MeV
 Index = 0: C552AirEquivalentPlastic
      Absorber with <Z/A> = 0.49969
 Density effect computed following Fano (1963)
 Models for Radloss: brems =  SSR, pair =  SSR, photonuc = DRSS

 *** Table generated with PUMAS v1.1 ***

      T         p     Ionization  brems     pair     photonuc  Radloss    dE/dx   CSDA Range  delta   beta
    [MeV]    [MeV/c]  -----------------------[MeV cm^2/g]------------------------  [g/cm^2]
  1.000E+00 1.457E+01 4.430E+01 0.000E+00 0.000E+00 0.000E+00 0.000E+00 4.430E+01 1.129E-02  0.0000 0.13661
  1.200E+00 1.597E+01 3.825E+01 0.000E+00 0.000E+00 0.000E+00 0.000E+00 3.825E+01 1.616E-02  0.0000 0.14944
  1.400E+00 1.726E+01 3.377E+01 0.000E+00 0.000E+00 0.000E+00 0.000E+00 3.377E+01 2.174E-02  0.0000 0.16119
  1.700E+00 1.903E+01 2.886E+01 0.000E+00 0.000E+00 0.000E+00 0.000E+00 2.886E+01 3.138E-02  0.0000 0.17725
  2.000E+00 2.066E+01 2.529E+01 0.000E+00 0.000E+00 0.000E+00 0.000E+00 2.529E+01 4.251E-02  0.0000 0.19186
  2.500E+00 2.312E+01 2.110E+01 0.000E+00 0.000E+00 0.000E+00 0.000E+00 2.110E+01 6.426E-02  0.0000 0.21376
  3.000E+00 2.536E+01 1.820E+01 0.000E+00 0.000E+00 0.000E+00 0.000E+00 1.820E+01 8.985E-02  0.0000 0.23336
  3.500E+00 2.742E+01 1.607E+01 0.000E+00 0.000E+00 0.000E+00 0.000E+00 1.607E+01 1.192E-01  0.0000 0.25120
  4.000E+00 2.935E+01 1.443E+01 0.000E+00 0.000E+00 0.000E+00 0.000E+00 1.443E+01 1.520E-01  0.0000 0.26763
  4.500E+00 3.116E+01 1.313E+01 0.000E+00 0.000E+00 0.000E+00 0.000E+00 1.313E+01 1.884E-01  0.0000 0.28290
  5.000E+00 3.289E+01 1.207E+01 0.000E+00 0.000E+00 0.000E+00 0.000E+00 1.207E+01 2.282E-01  0.0000 0.29720
  5.500E+00 3.453E+01 1.119E+01 0.000E+00 0.000E+00 0.000E+00 0.000E+00 1.119E+01 2.713E-01  0.0000 0.31066
  6.000E+00 3.611E+01 1.044E+01 0.000E+00 0.000E+00 0.000E+00 0.000E+00 1.044E+01 3.176E-01  0.0000 0.32339
  7.000E+00 3.909E+01 9.251E+00 0.000E+00 0.000E+00 0.000E+00 0.000E+00 9.251E+00 4.195E-01  0.0000 0.34700
  8.000E+00 4.189E+01 8.340E+00 0.000E+00 0.000E+00 0.000E+00 0.000E+00 8.340E+00 5.336E-01  0.0000 0.36854
  9.000E+00 4.453E+01 7.619E+00 0.000E+00 0.000E+00 0.000E+00 0.000E+00 7.619E+00 6.592E-01  0.0000 0.38836
  1.000E+01 4.704E+01 7.034E+00 0.000E+00 0.000E+00 0.000E+00 0.000E+00 7.034E+00 7.959E-01  0.0000 0.40675
  1.200E+01 5.177E+01 6.142E+00 0.000E+00 0.000E+00 0.000E+00 0.000E+00 6.142E+00 1.101E+00  0.0000 0.43998
  1.400E+01 5.616E+01 5.491E+00 0.000E+00 0.000E+00 0.000E+00 0.000E+00 5.491E+00 1.446E+00  0.0000 0.46937
  1.700E+01 6.230E+01 4.790E+00 0.000E+00 0.000E+00 0.000E+00 0.000E+00 4.790E+00 2.033E+00  0.0000 0.50792
  2.000E+01 6.802E+01 4.291E+00 0.000E+00 0.000E+00 0.000E+00 0.000E+00 4.291E+00 2.696E+00  0.0000 0.54129
  2.500E+01 7.686E+01 3.718E+00 1.616E-10 0.000E+00 0.000E+00 1.616E-10 3.718E+00 3.953E+00  0.0000 0.58827
  3.000E+01 8.509E+01 3.332E+00 2.368E-08 0.000E+00 0.000E+00 2.368E-08 3.332E+00 5.378E+00  0.0000 0.62720
  3.500E+01 9.285E+01 3.054E+00 2.766E-08 0.000E+00 0.000E+00 2.766E-08 3.054E+00 6.948E+00  0.0000 0.66011
  4.000E+01 1.003E+02 2.846E+00 2.962E-08 0.000E+00 0.000E+00 2.962E-08 2.846E+00 8.647E+00  0.0000 0.68834
  4.500E+01 1.074E+02 2.685E+00 3.164E-08 0.000E+00 0.000E+00 3.164E-08 2.685E+00 1.046E+01  0.0000 0.71286
  5.000E+01 1.143E+02 2.557E+00 3.373E-08 0.000E+00 0.000E+00 3.373E-08 2.557E+00 1.237E+01  0.0002 0.73434
  5.500E+01 1.210E+02 2.453E+00 3.588E-08 0.000E+00 0.000E+00 3.588E-08 2.453E+00 1.436E+01  0.0021 0.75332
  6.000E+01 1.276E+02 2.366E+00 3.809E-08 0.000E+00 0.000E+00 3.809E-08 2.366E+00 1.644E+01  0.0061 0.77019
  7.000E+01 1.403E+02 2.233E+00 4.270E-08 0.000E+00 0.000E+00 4.270E-08 2.233E+00 2.080E+01  0.0189 0.79887
  8.000E+01 1.527E+02 2.135E+00 4.757E-08 0.000E+00 0.000E+00 4.757E-08 2.135E+00 2.538E+01  0.0369 0.82227
  9.000E+01 1.647E+02 2.061E+00 5.269E-08 0.000E+00 0.000E+00 5.269E-08 2.061E+00 3.015E+01  0.0590 0.84166
  1.000E+02 1.764E+02 2.004E+00 5.804E-08 0.000E+00 0.000E+00 5.804E-08 2.004E+00 3.508E+01  0.0840 0.85794
  1.200E+02 1.994E+02 1.923E+00 6.949E-08 0.000E+00 0.000E+00 6.949E-08 1.923E+00 4.528E+01  0.1404 0.88361
  1.400E+02 2.218E+02 1.870E+00 2.505E-06 0.000E+00 0.000E+00 2.505E-06 1.870E+00 5.583E+01  0.2019 0.90278
  1.700E+02 2.546E+02 1.821E+00 8.583E-06 6.602E-10 0.000E+00 8.584E-06 1.821E+00 7.211E+01  0.2984 0.92363
  2.000E+02 2.868E+02 1.792E+00 1.816E-05 8.270E-09 0.000E+00 1.817E-05 1.792E+00 8.873E+01  0.3957 0.93835
  2.500E+02 3.396E+02 1.769E+00 2.863E-05 1.235E-07 0.000E+00 2.875E-05 1.769E+00 1.168E+02  0.5538 0.95485
  3.000E+02 3.917E+02 1.761E+00 3.757E-05 7.892E-07 0.000E+00 3.836E-05 1.761E+00 1.452E+02  0.7032 0.96548
  3.500E+02 4.432E+02 1.761E+00 4.648E-05 2.051E-06 0.000E+00 4.853E-05 1.761E+00 1.736E+02  0.8430 0.97274
  4.000E+02 4.945E+02 1.766E+00 5.570E-05 3.897E-06 0.000E+00 5.959E-05 1.766E+00 2.019E+02  0.9733 0.97793
  4.500E+02 5.455E+02 1.772E+00 6.533E-05 6.315E-06 0.000E+00 7.164E-05 1.772E+00 2.302E+02  1.0950 0.98176
  5.000E+02 5.964E+02 1.780E+00 7.545E-05 9.290E-06 0.000E+00 8.474E-05 1.780E+00 2.584E+02  1.2087 0.98467
  5.500E+02 6.471E+02 1.788E+00 8.606E-05 1.281E-05 1.543E-05 1.143E-04 1.788E+00 2.864E+02  1.3154 0.98693
  6.000E+02 6.977E+02 1.797E+00 9.711E-05 1.685E-05 5.129E-05 1.653E-04 1.797E+00 3.143E+02  1.4158 0.98873
  7.000E+02 7.987E+02 1.814E+00 1.205E-04 2.645E-05 1.226E-04 2.696E-04 1.814E+00 3.697E+02  1.6001 0.99136
  8.000E+02 8.995E+02 1.830E+00 1.455E-04 3.797E-05 1.901E-04 3.735E-04 1.831E+00 4.246E+02  1.7660 0.99317
  9.000E+02 1.000E+03 1.846E+00 1.718E-04 5.128E-05 2.546E-04 4.777E-04 1.847E+00 4.789E+02  1.9168 0.99447
  1.000E+03 1.101E+03 1.861E+00 1.995E-04 6.629E-05 3.172E-04 5.829E-04 1.861E+00 5.329E+02  2.0551 0.99542
  1.200E+03 1.301E+03 1.888E+00 2.584E-04 1.010E-04 4.383E-04 7.977E-04 1.889E+00 6.395E+02  2.3015 0.99672
  1.400E+03 1.502E+03 1.911E+00 3.214E-04 1.414E-04 5.559E-04 1.019E-03 1.912E+00 7.448E+02  2.5168 0.99753
  1.700E+03 1.803E+03 1.942E+00 4.227E-04 2.116E-04 7.276E-04 1.362E-03 1.943E+00 9.003E+02  2.7971 0.99829
  2.000E+03 2.103E+03 1.968E+00 5.310E-04 2.919E-04 8.950E-04 1.718E-03 1.970E+00 1.054E+03  3.0396 0.99874
  2.500E+03 2.604E+03 2.003E+00 7.246E-04 4.452E-04 1.167E-03 2.337E-03 2.006E+00 1.305E+03  3.3847 0.99918
  3.000E+03 3.104E+03 2.032E+00 9.322E-04 6.195E-04 1.431E-03 2.983E-03 2.035E+00 1.553E+03  3.6775 0.99942
  3.500E+03 3.604E+03 2.056E+00 1.151E-03 8.118E-04 1.690E-03 3.653E-03 2.060E+00 1.797E+03  3.9326 0.99957
  4.000E+03 4.104E+03 2.077E+00 1.380E-03 1.034E-03 1.943E-03 4.357E-03 2.081E+00 2.038E+03  4.1590 0.99967
  4.500E+03 4.604E+03 2.095E+00 1.618E-03 1.276E-03 2.192E-03 5.086E-03 2.100E+00 2.277E+03  4.3628 0.99974
  5.000E+03 5.105E+03 2.111E+00 1.864E-03 1.532E-03 2.438E-03 5.834E-03 2.117E+00 2.514E+03  4.5482 0.99979
  5.500E+03 5.605E+03 2.125E+00 2.117E-03 1.802E-03 2.680E-03 6.599E-03 2.131E+00 2.750E+03  4.7182 0.99982
  6.000E+03 6.105E+03 2.137E+00 2.377E-03 2.084E-03 2.919E-03 7.379E-03 2.145E+00 2.984E+03  4.8753 0.99985
  7.000E+03 7.105E+03 2.160E+00 2.913E-03 2.680E-03 3.389E-03 8.983E-03 2.169E+00 3.447E+03  5.1577 0.99989
  8.000E+03 8.105E+03 2.178E+00 3.470E-03 3.315E-03 3.851E-03 1.064E-02 2.189E+00 3.906E+03  5.4062 0.99992
  9.000E+03 9.105E+03 2.195E+00 4.044E-03 3.985E-03 4.305E-03 1.233E-02 2.207E+00 4.361E+03  5.6279 0.99993
  1.000E+04 1.011E+04 2.209E+00 4.634E-03 4.684E-03 4.753E-03 1.407E-02 2.223E+00 4.813E+03  5.8280 0.99995
  1.200E+04 1.211E+04 2.233E+00 5.856E-03 6.163E-03 5.633E-03 1.765E-02 2.251E+00 5.707E+03  6.1778 0.99996
  1.400E+04 1.411E+04 2.253E+00 7.125E-03 7.733E-03 6.496E-03 2.135E-02 2.274E+00 6.590E+03  6.4764 0.99997
  1.700E+04 1.711E+04 2.277E+00 9.103E-03 1.023E-02 7.766E-03 2.710E-02 2.305E+00 7.901E+03  6.8553 0.99998
  2.000E+04 2.011E+04 2.298E+00 1.116E-02 1.287E-02 9.012E-03 3.304E-02 2.331E+00 9.195E+03  7.1744 0.99999
  2.500E+04 2.511E+04 2.324E+00 1.471E-02 1.753E-02 1.105E-02 4.329E-02 2.368E+00 1.132E+04  7.6147 0.99999
  3.000E+04 3.011E+04 2.346E+00 1.840E-02 2.244E-02 1.306E-02 5.391E-02 2.400E+00 1.342E+04  7.9758 0.99999
  3.500E+04 3.511E+04 2.364E+00 2.221E-02 2.757E-02 1.504E-02 6.482E-02 2.428E+00 1.549E+04  8.2817 1.00000
  4.000E+04 4.011E+04 2.379E+00 2.611E-02 3.288E-02 1.701E-02 7.599E-02 2.455E+00 1.754E+04  8.5472 1.00000
  4.500E+04 4.511E+04 2.392E+00 3.009E-02 3.833E-02 1.896E-02 8.738E-02 2.479E+00 1.957E+04  8.7816 1.00000
  5.000E+04 5.011E+04 2.404E+00 3.414E-02 4.392E-02 2.090E-02 9.896E-02 2.502E+00 2.157E+04  8.9914 1.00000
  5.500E+04 5.511E+04 2.414E+00 3.826E-02 4.962E-02 2.283E-02 1.107E-01 2.525E+00 2.356E+04  9.1813 1.00000
  6.000E+04 6.011E+04 2.423E+00 4.244E-02 5.542E-02 2.476E-02 1.226E-01 2.546E+00 2.553E+04  9.3548 1.00000
  7.000E+04 7.011E+04 2.440E+00 5.094E-02 6.729E-02 2.860E-02 1.468E-01 2.587E+00 2.943E+04  9.6622 1.00000
  8.000E+04 8.011E+04 2.454E+00 5.963E-02 7.946E-02 3.243E-02 1.715E-01 2.626E+00 3.327E+04  9.9287 1.00000
  9.000E+04 9.011E+04 2.467E+00 6.847E-02 9.188E-02 3.625E-02 1.966E-01 2.663E+00 3.705E+04 10.1638 1.00000
  1.000E+05 1.001E+05 2.478E+00 7.745E-02 1.045E-01 4.007E-02 2.220E-01 2.700E+00 4.078E+04 10.3742 1.00000
  1.200E+05 1.201E+05 2.497E+00 9.574E-02 1.303E-01 4.771E-02 2.738E-01 2.771E+00 4.809E+04 10.7384 1.00000
  1.400E+05 1.401E+05 2.513E+00 1.144E-01 1.567E-01 5.537E-02 3.265E-01 2.839E+00 5.522E+04 11.0463 1.00000
  1.700E+05 1.701E+05 2.533E+00 1.430E-01 1.972E-01 6.688E-02 4.071E-01 2.940E+00 6.560E+04 11.4343 1.00000
  2.000E+05 2.001E+05 2.549E+00 1.722E-01 2.384E-01 7.845E-02 4.891E-01 3.039E+00 7.564E+04 11.7591 1.00000
  2.500E+05 2.501E+05 2.572E+00 2.218E-01 3.086E-01 9.786E-02 6.283E-01 3.201E+00 9.167E+04 12.2051 1.00000
  3.000E+05 3.001E+05 2.591E+00 2.725E-01 3.800E-01 1.174E-01 7.699E-01 3.361E+00 1.069E+05 12.5696 1.00000
  3.500E+05 3.501E+05 2.607E+00 3.239E-01 4.524E-01 1.372E-01 9.135E-01 3.520E+00 1.214E+05 12.8778 1.00000
  4.000E+05 4.001E+05 2.620E+00 3.760E-01 5.256E-01 1.571E-01 1.059E+00 3.679E+00 1.353E+05 13.1448 1.00000
  4.500E+05 4.501E+05 2.632E+00 4.286E-01 5.994E-01 1.771E-01 1.205E+00 3.838E+00 1.486E+05 13.3803 1.00000
  5.000E+05 5.001E+05 2.643E+00 4.817E-01 6.737E-01 1.973E-01 1.353E+00 3.996E+00 1.614E+05 13.5909 1.00000
  5.500E+05 5.501E+05 2.653E+00 5.352E-01 7.485E-01 2.177E-01 1.501E+00 4.154E+00 1.737E+05 13.7815 1.00000
  6.000E+05 6.001E+05 2.662E+00 5.891E-01 8.236E-01 2.382E-01 1.651E+00 4.313E+00 1.855E+05 13.9555 1.00000
  7.000E+05 7.001E+05 2.678E+00 6.977E-01 9.749E-01 2.795E-01 1.952E+00 4.630E+00 2.079E+05 14.2638 1.00000
  8.000E+05 8.001E+05 2.692E+00 8.075E-01 1.127E+00 3.212E-01 2.256E+00 4.948E+00 2.288E+05 14.5308 1.00000
  9.000E+05 9.001E+05 2.704E+00 9.180E-01 1.280E+00 3.634E-01 2.562E+00 5.266E+00 2.483E+05 14.7663 1.00000
  1.000E+06 1.000E+06 2.715E+00 1.029E+00 1.434E+00 4.060E-01 2.869E+00 5.585E+00 2.668E+05 14.9770 1.00000
  1.200E+06 1.200E+06 2.734E+00 1.254E+00 1.743E+00 4.922E-01 3.489E+00 6.224E+00 3.007E+05 15.3416 1.00000
  1.400E+06 1.400E+06 2.751E+00 1.480E+00 2.054E+00 5.797E-01 4.114E+00 6.865E+00 3.313E+05 15.6499 1.00000
  1.700E+06 1.700E+06 2.771E+00 1.823E+00 2.523E+00 7.130E-01 5.059E+00 7.830E+00 3.722E+05 16.0382 1.00000
  2.000E+06 2.000E+06 2.788E+00 2.168E+00 2.994E+00 8.485E-01 6.011E+00 8.799E+00 4.083E+05 16.3632 1.00000
  2.500E+06 2.500E+06 2.813E+00 2.748E+00 3.783E+00 1.079E+00 7.609E+00 1.042E+01 4.605E+05 16.8095 1.00000
  3.000E+06 3.000E+06 2.832E+00 3.332E+00 4.575E+00 1.313E+00 9.220E+00 1.205E+01 5.050E+05 17.1741 1.00000
  3.500E+06 3.500E+06 2.849E+00 3.919E+00 5.369E+00 1.552E+00 1.084E+01 1.369E+01 5.439E+05 17.4824 1.00000
  4.000E+06 4.000E+06 2.864E+00 4.508E+00 6.164E+00 1.794E+00 1.247E+01 1.533E+01 5.784E+05 17.7494 1.00000
  4.500E+06 4.500E+06 2.877E+00 5.100E+00 6.961E+00 2.040E+00 1.410E+01 1.698E+01 6.094E+05 17.9850 1.00000
  5.000E+06 5.000E+06 2.889E+00 5.693E+00 7.759E+00 2.288E+00 1.574E+01 1.863E+01 6.375E+05 18.1957 1.00000
  5.500E+06 5.500E+06 2.899E+00 6.288E+00 8.558E+00 2.538E+00 1.738E+01 2.028E+01 6.632E+05 18.3863 1.00000
  6.000E+06 6.000E+06 2.909E+00 6.884E+00 9.358E+00 2.791E+00 1.903E+01 2.194E+01 6.869E+05 18.5603 1.00000
  7.000E+06 7.000E+06 2.926E+00 8.079E+00 1.096E+01 3.304E+00 2.234E+01 2.527E+01 7.294E+05 18.8686 1.00000
  8.000E+06 8.000E+06 2.941E+00 9.276E+00 1.256E+01 3.825E+00 2.566E+01 2.861E+01 7.666E+05 19.1357 1.00000
  9.000E+06 9.000E+06 2.955E+00 1.048E+01 1.417E+01 4.353E+00 2.900E+01 3.195E+01 7.996E+05 19.3713 1.00000
  1.000E+07 1.000E+07 2.967E+00 1.168E+01 1.577E+01 4.887E+00 3.234E+01 3.531E+01 8.294E+05 19.5820 1.00000
  1.200E+07 1.200E+07 2.988E+00 1.409E+01 1.899E+01 5.972E+00 3.905E+01 4.204E+01 8.812E+05 19.9466 1.00000
  1.400E+07 1.400E+07 3.006E+00 1.651E+01 2.221E+01 7.078E+00 4.579E+01 4.880E+01 9.254E+05 20.2549 1.00000
  1.700E+07 1.700E+07 3.028E+00 2.014E+01 2.704E+01 8.768E+00 5.594E+01 5.897E+01 9.812E+05 20.6432 1.00000
  2.000E+07 2.000E+07 3.048E+00 2.377E+01 3.187E+01 1.049E+01 6.614E+01 6.919E+01 1.028E+06 20.9683 1.00000
  2.500E+07 2.500E+07 3.074E+00 2.984E+01 3.994E+01 1.343E+01 8.321E+01 8.628E+01 1.093E+06 21.4146 1.00000
  3.000E+07 3.000E+07 3.096E+00 3.592E+01 4.801E+01 1.643E+01 1.004E+02 1.035E+02 1.146E+06 21.7792 1.00000
  3.500E+07 3.500E+07 3.115E+00 4.201E+01 5.608E+01 1.950E+01 1.176E+02 1.207E+02 1.190E+06 22.0875 1.00000
  4.000E+07 4.000E+07 3.131E+00 4.810E+01 6.415E+01 2.261E+01 1.349E+02 1.380E+02 1.229E+06 22.3546 1.00000
  4.500E+07 4.500E+07 3.145E+00 5.420E+01 7.223E+01 2.577E+01 1.522E+02 1.553E+02 1.263E+06 22.5901 1.00000
  5.000E+07 5.000E+07 3.158E+00 6.030E+01 8.031E+01 2.896E+01 1.696E+02 1.727E+02 1.294E+06 22.8008 1.00000
  5.500E+07 5.500E+07 3.170E+00 6.640E+01 8.839E+01 3.220E+01 1.870E+02 1.902E+02 1.321E+06 22.9915 1.00000
  6.000E+07 6.000E+07 3.181E+00 7.250E+01 9.647E+01 3.547E+01 2.044E+02 2.076E+02 1.346E+06 23.1655 1.00000
  7.000E+07 7.000E+07 3.200E+00 8.472E+01 1.126E+02 4.210E+01 2.395E+02 2.427E+02 1.391E+06 23.4738 1.00000
  8.000E+07 8.000E+07 3.217E+00 9.693E+01 1.288E+02 4.885E+01 2.746E+02 2.778E+02 1.429E+06 23.7409 1.00000
  9.000E+07 9.000E+07 3.232E+00 1.092E+02 1.450E+02 5.569E+01 3.098E+02 3.130E+02 1.463E+06 23.9764 1.00000
  1.000E+08 1.000E+08 3.246E+00 1.214E+02 1.611E+02 6.262E+01 3.451E+02 3.484E+02 1.494E+06 24.1871 1.00000
  1.200E+08 1.200E+08 3.269E+00 1.458E+02 1.935E+02 7.673E+01 4.161E+02 4.193E+02 1.546E+06 24.5518 1.00000
  1.400E+08 1.400E+08 3.289E+00 1.703E+02 2.258E+02 9.111E+01 4.873E+02 4.906E+02 1.590E+06 24.8601 1.00000
  1.700E+08 1.700E+08 3.314E+00 2.070E+02 2.744E+02 1.131E+02 5.945E+02 5.979E+02 1.645E+06 25.2484 1.00000
  2.000E+08 2.000E+08 3.336E+00 2.437E+02 3.229E+02 1.357E+02 7.023E+02 7.056E+02 1.691E+06 25.5734 1.00000
  2.500E+08 2.500E+08 3.365E+00 3.049E+02 4.038E+02 1.740E+02 8.828E+02 8.862E+02 1.754E+06 26.0197 1.00000
  3.000E+08 3.000E+08 3.390E+00 3.662E+02 4.847E+02 2.134E+02 1.064E+03 1.068E+03 1.806E+06 26.3844 1.00000
  3.500E+08 3.500E+08 3.410E+00 4.274E+02 5.657E+02 2.535E+02 1.247E+03 1.250E+03 1.849E+06 26.6927 1.00000
  4.000E+08 4.000E+08 3.429E+00 4.886E+02 6.466E+02 2.943E+02 1.430E+03 1.433E+03 1.886E+06 26.9597 1.00000
  4.500E+08 4.500E+08 3.445E+00 5.499E+02 7.275E+02 3.358E+02 1.613E+03 1.617E+03 1.919E+06 27.1953 1.00000
  5.000E+08 5.000E+08 3.459E+00 6.111E+02 8.084E+02 3.778E+02 1.797E+03 1.801E+03 1.949E+06 27.4060 1.00000
  5.500E+08 5.500E+08 3.472E+00 6.724E+02 8.893E+02 4.203E+02 1.982E+03 1.986E+03 1.975E+06 27.5966 1.00000
  6.000E+08 6.000E+08 3.484E+00 7.336E+02 9.703E+02 4.633E+02 2.167E+03 2.171E+03 1.999E+06 27.7706 1.00000
  7.000E+08 7.000E+08 3.506E+00 8.561E+02 1.132E+03 5.507E+02 2.539E+03 2.542E+03 2.042E+06 28.0789 1.00000
  8.000E+08 8.000E+08 3.525E+00 9.786E+02 1.294E+03 6.395E+02 2.912E+03 2.916E+03 2.078E+06 28.3460 1.00000
  9.000E+08 9.000E+08 3.541E+00 1.101E+03 1.456E+03 7.298E+02 3.287E+03 3.290E+03 2.111E+06 28.5815 1.00000
  1.000E+09 1.000E+09 3.556E+00 1.224E+03 1.618E+03 8.213E+02 3.663E+03 3.666E+03 2.139E+06 28.7922 1.00000
  1.200E+09 1.200E+09 3.583E+00 1.469E+03 1.941E+03 1.008E+03 4.418E+03 4.421E+03 2.189E+06 29.1568 1.00000
  1.400E+09 1.400E+09 3.605E+00 1.714E+03 2.265E+03 1.198E+03 5.177E+03 5.181E+03 2.231E+06 29.4648 1.00000
  1.700E+09 1.700E+09 3.633E+00 2.081E+03 2.751E+03 1.490E+03 6.322E+03 6.325E+03 2.283E+06 29.8531 1.00000
  2.000E+09 2.000E+09 3.657E+00 2.449E+03 3.236E+03 1.788E+03 7.473E+03 7.477E+03 2.327E+06 30.1766 1.00000
  2.500E+09 2.500E+09 3.690E+00 3.062E+03 4.046E+03 2.298E+03 9.405E+03 9.409E+03 2.386E+06 30.6228 1.00000
  3.000E+09 3.000E+09 3.718E+00 3.674E+03 4.855E+03 2.820E+03 1.135E+04 1.135E+04 2.434E+06 30.9810 1.00000
  3.500E+09 3.500E+09 3.741E+00 4.287E+03 5.665E+03 3.354E+03 1.331E+04 1.331E+04 2.475E+06 31.2893 1.00000
  4.000E+09 4.000E+09 3.762E+00 4.899E+03 6.474E+03 3.898E+03 1.527E+04 1.528E+04 2.510E+06 31.5564 1.00000
  4.500E+09 4.500E+09 3.782E+00 5.512E+03 7.283E+03 4.451E+03 1.725E+04 1.725E+04 2.541E+06 31.7628 1.00000
  5.000E+09 5.000E+09 3.798E+00 6.125E+03 8.093E+03 5.011E+03 1.923E+04 1.923E+04 2.568E+06 31.9735 1.00000
  5.500E+09 5.500E+09 3.813E+00 6.737E+03 8.902E+03 5.579E+03 2.122E+04 2.122E+04 2.593E+06 32.1641 1.00000
  6.000E+09 6.000E+09 3.826E+00 7.350E+03 9.712E+03 6.153E+03 2.322E+04 2.322E+04 2.616E+06 32.3381 1.00000
  7.000E+09 7.000E+09 3.851E+00 8.575E+03 1.133E+04 7.321E+03 2.723E+04 2.723E+04 2.655E+06 32.6464 1.00000
  8.000E+09 8.000E+09 3.883E+00 9.801E+03 1.295E+04 8.510E+03 3.126E+04 3.126E+04 2.690E+06 32.7580 1.00000
  9.000E+09 9.000E+09 3.902E+00 1.103E+04 1.457E+04 9.719E+03 3.531E+04 3.532E+04 2.720E+06 32.9936 1.00000
  1.000E+10 1.000E+10 3.919E+00 1.225E+04 1.619E+04 1.095E+04 3.938E+04 3.939E+04 2.746E+06 33.2043 1.00000
  1.200E+10 1.200E+10 3.948E+00 1.470E+04 1.942E+04 1.345E+04 4.757E+04 4.758E+04 2.793E+06 33.5690 1.00000
  1.400E+10 1.400E+10 3.973E+00 1.715E+04 2.266E+04 1.600E+04 5.582E+04 5.582E+04 2.831E+06 33.8773 1.00000
  1.700E+10 1.700E+10 4.005E+00 2.083E+04 2.752E+04 1.993E+04 6.827E+04 6.828E+04 2.880E+06 34.2656 1.00000
  2.000E+10 2.000E+10 4.031E+00 2.450E+04 3.237E+04 2.394E+04 8.082E+04 8.083E+04 2.920E+06 34.5906 1.00000
  2.500E+10 2.500E+10 4.068E+00 3.063E+04 4.047E+04 3.081E+04 1.019E+05 1.019E+05 2.975E+06 35.0369 1.00000
  3.000E+10 3.000E+10 4.099E+00 3.676E+04 4.856E+04 3.787E+04 1.232E+05 1.232E+05 3.020E+06 35.4016 1.00000
  3.500E+10 3.500E+10 4.125E+00 4.288E+04 5.666E+04 4.509E+04 1.446E+05 1.446E+05 3.057E+06 35.7099 1.00000
  4.000E+10 4.000E+10 4.148E+00 4.901E+04 6.475E+04 5.245E+04 1.662E+05 1.662E+05 3.089E+06 35.9769 1.00000
  4.500E+10 4.500E+10 4.168E+00 5.514E+04 7.284E+04 5.994E+04 1.879E+05 1.879E+05 3.118E+06 36.2125 1.00000
  5.000E+10 5.000E+10 4.186E+00 6.126E+04 8.094E+04 6.754E+04 2.097E+05 2.097E+05 3.143E+06 36.4232 1.00000
  5.500E+10 5.500E+10 4.202E+00 6.739E+04 8.903E+04 7.525E+04 2.317E+05 2.317E+05 3.166E+06 36.6138 1.00000
  6.000E+10 6.000E+10 4.218E+00 7.352E+04 9.713E+04 8.305E+04 2.537E+05 2.537E+05 3.186E+06 36.7878 1.00000
  7.000E+10 7.000E+10 4.244E+00 8.577E+04 1.133E+05 9.892E+04 2.980E+05 2.980E+05 3.223E+06 37.0961 1.00000
  8.000E+10 8.000E+10 4.268E+00 9.802E+04 1.295E+05 1.151E+05 3.426E+05 3.426E+05 3.254E+06 37.3632 1.00000
  9.000E+10 9.000E+10 4.289E+00 1.103E+05 1.457E+05 1.316E+05 3.875E+05 3.875E+05 3.281E+06 37.5988 1.00000
  1.000E+11 1.000E+11 4.308E+00 1.225E+05 1.619E+05 1.483E+05 4.327E+05 4.327E+05 3.306E+06 37.8095 1.00000
  1.200E+11 1.200E+11 4.340E+00 1.470E+05 1.943E+05 1.824E+05 5.237E+05 5.237E+05 3.348E+06 38.1741 1.00000
  1.400E+11 1.400E+11 4.368E+00 1.715E+05 2.266E+05 2.173E+05 6.155E+05 6.155E+05 3.383E+06 38.4824 1.00000
  1.700E+11 1.700E+11 4.403E+00 2.083E+05 2.752E+05 2.710E+05 7.545E+05 7.545E+05 3.427E+06 38.8708 1.00000
  2.000E+11 2.000E+11 4.433E+00 2.451E+05 3.237E+05 3.261E+05 8.949E+05 8.949E+05 3.463E+06 39.1958 1.00000
  2.500E+11 2.500E+11 4.475E+00 3.063E+05 4.047E+05 4.204E+05 1.131E+06 1.131E+06 3.513E+06 39.6421 1.00000
  3.000E+11 3.000E+11 4.509E+00 3.676E+05 4.856E+05 5.175E+05 1.371E+06 1.371E+06 3.553E+06 40.0067 1.00000
  3.500E+11 3.500E+11 4.538E+00 4.289E+05 5.666E+05 6.169E+05 1.612E+06 1.612E+06 3.587E+06 40.3150 1.00000
  4.000E+11 4.000E+11 4.563E+00 4.901E+05 6.475E+05 7.184E+05 1.856E+06 1.856E+06 3.615E+06 40.5821 1.00000
  4.500E+11 4.500E+11 4.586E+00 5.514E+05 7.284E+05 8.217E+05 2.102E+06 2.102E+06 3.641E+06 40.8177 1.00000
  5.000E+11 5.000E+11 4.606E+00 6.127E+05 8.094E+05 9.267E+05 2.349E+06 2.349E+06 3.663E+06 41.0284 1.00000
  5.500E+11 5.500E+11 4.624E+00 6.739E+05 8.903E+05 1.033E+06 2.597E+06 2.597E+06 3.683E+06 41.2190 1.00000
  6.000E+11 6.000E+11 4.641E+00 7.352E+05 9.712E+05 1.141E+06 2.848E+06 2.848E+06 3.702E+06 41.3930 1.00000
  7.000E+11 7.000E+11 4.671E+00 8.577E+05 1.133E+06 1.361E+06 3.352E+06 3.352E+06 3.734E+06 41.7013 1.00000
  8.000E+11 8.000E+11 4.697E+00 9.803E+05 1.295E+06 1.585E+06 3.861E+06 3.861E+06 3.762E+06 41.9684 1.00000
  9.000E+11 9.000E+11 4.721E+00 1.103E+06 1.457E+06 1.814E+06 4.374E+06 4.374E+06 3.786E+06 42.2039 1.00000
  1.000E+12 1.000E+12 4.742E+00 1.225E+06 1.619E+06 2.046E+06 4.890E+06 4.890E+06 3.808E+06 42.4147 1.00000
