 Incident particle is a Muon with M = 105.65839 MeV
 Index = 0: C552AirEquivalentPlastic
      Absorber with <Z/A> = 0.49967
 Sternheimer coef:  a     k=m_s   x_0    x_1    I[eV]   Cbar  delta0
                 0.1049  3.4344  0.1510  2.7083   86.8  3.3338 0.00

 *** Table generated with PUMAS v1.00 ***

      T         p     Ionization  brems     pair     photonuc  Radloss    dE/dx   CSDA Range  delta   beta
    [MeV]    [MeV/c]  -----------------------[MeV cm^2/g]------------------------  [g/cm^2]
  1.000E+00 1.457E+01 4.429E+01 7.614E-07 0.000E+00 0.000E+00 7.614E-07 4.429E+01 1.129E-02  0.0000 0.13661
  1.200E+00 1.597E+01 3.825E+01 8.729E-07 0.000E+00 0.000E+00 8.729E-07 3.825E+01 1.616E-02  0.0000 0.14944
  1.400E+00 1.726E+01 3.377E+01 9.793E-07 0.000E+00 0.000E+00 9.793E-07 3.377E+01 2.174E-02  0.0000 0.16119
  1.700E+00 1.903E+01 2.886E+01 1.131E-06 0.000E+00 0.000E+00 1.131E-06 2.886E+01 3.137E-02  0.0000 0.17725
  2.000E+00 2.066E+01 2.529E+01 1.275E-06 0.000E+00 0.000E+00 1.275E-06 2.529E+01 4.250E-02  0.0000 0.19186
  2.500E+00 2.312E+01 2.110E+01 1.501E-06 0.000E+00 0.000E+00 1.501E-06 2.110E+01 6.424E-02  0.0000 0.21376
  3.000E+00 2.536E+01 1.820E+01 1.712E-06 0.000E+00 0.000E+00 1.712E-06 1.820E+01 8.982E-02  0.0000 0.23336
  3.500E+00 2.742E+01 1.607E+01 1.911E-06 0.000E+00 0.000E+00 1.911E-06 1.607E+01 1.191E-01  0.0000 0.25120
  4.000E+00 2.935E+01 1.443E+01 2.100E-06 0.000E+00 0.000E+00 2.100E-06 1.443E+01 1.520E-01  0.0000 0.26763
  4.500E+00 3.116E+01 1.313E+01 2.280E-06 0.000E+00 0.000E+00 2.280E-06 1.313E+01 1.884E-01  0.0000 0.28290
  5.000E+00 3.289E+01 1.207E+01 2.453E-06 0.000E+00 0.000E+00 2.453E-06 1.207E+01 2.281E-01  0.0000 0.29720
  5.500E+00 3.453E+01 1.119E+01 2.619E-06 0.000E+00 0.000E+00 2.619E-06 1.119E+01 2.712E-01  0.0000 0.31066
  6.000E+00 3.611E+01 1.044E+01 2.780E-06 0.000E+00 0.000E+00 2.780E-06 1.044E+01 3.175E-01  0.0000 0.32339
  7.000E+00 3.909E+01 9.251E+00 3.085E-06 0.000E+00 0.000E+00 3.085E-06 9.251E+00 4.194E-01  0.0000 0.34700
  8.000E+00 4.189E+01 8.340E+00 3.373E-06 0.000E+00 0.000E+00 3.373E-06 8.340E+00 5.334E-01  0.0000 0.36854
  9.000E+00 4.453E+01 7.619E+00 3.646E-06 0.000E+00 0.000E+00 3.646E-06 7.619E+00 6.590E-01  0.0000 0.38836
  1.000E+01 4.704E+01 7.034E+00 3.907E-06 0.000E+00 0.000E+00 3.907E-06 7.034E+00 7.957E-01  0.0000 0.40675
  1.200E+01 5.177E+01 6.141E+00 4.397E-06 0.000E+00 0.000E+00 4.397E-06 6.141E+00 1.101E+00  0.0000 0.43998
  1.400E+01 5.616E+01 5.491E+00 4.853E-06 0.000E+00 0.000E+00 4.853E-06 5.491E+00 1.446E+00  0.0000 0.46937
  1.700E+01 6.230E+01 4.790E+00 5.490E-06 0.000E+00 0.000E+00 5.490E-06 4.790E+00 2.032E+00  0.0000 0.50792
  2.000E+01 6.802E+01 4.291E+00 6.084E-06 0.000E+00 0.000E+00 6.084E-06 4.291E+00 2.695E+00  0.0000 0.54129
  2.500E+01 7.686E+01 3.718E+00 7.005E-06 0.000E+00 0.000E+00 7.005E-06 3.718E+00 3.950E+00  0.0000 0.58827
  3.000E+01 8.509E+01 3.331E+00 7.868E-06 0.000E+00 0.000E+00 7.868E-06 3.331E+00 5.373E+00  0.0000 0.62720
  3.500E+01 9.285E+01 3.054E+00 8.694E-06 0.000E+00 0.000E+00 8.694E-06 3.054E+00 6.942E+00  0.0000 0.66011
  4.000E+01 1.003E+02 2.846E+00 9.494E-06 0.000E+00 0.000E+00 9.494E-06 2.846E+00 8.639E+00  0.0000 0.68834
  4.500E+01 1.074E+02 2.685E+00 1.028E-05 0.000E+00 0.000E+00 1.028E-05 2.685E+00 1.045E+01  0.0000 0.71286
  5.000E+01 1.143E+02 2.557E+00 1.105E-05 0.000E+00 0.000E+00 1.105E-05 2.557E+00 1.236E+01  0.0000 0.73434
  5.500E+01 1.210E+02 2.453E+00 1.182E-05 0.000E+00 0.000E+00 1.182E-05 2.453E+00 1.435E+01  0.0000 0.75332
  6.000E+01 1.276E+02 2.367E+00 1.258E-05 0.000E+00 0.000E+00 1.258E-05 2.367E+00 1.643E+01  0.0000 0.77019
  7.000E+01 1.403E+02 2.235E+00 1.411E-05 0.000E+00 0.000E+00 1.411E-05 2.235E+00 2.078E+01  0.0000 0.79887
  8.000E+01 1.527E+02 2.138E+00 1.565E-05 0.000E+00 0.000E+00 1.565E-05 2.138E+00 2.536E+01  0.0090 0.82227
  9.000E+01 1.647E+02 2.062E+00 1.721E-05 0.000E+00 0.000E+00 1.721E-05 2.062E+00 3.012E+01  0.0467 0.84166
  1.000E+02 1.764E+02 2.004E+00 1.879E-05 0.000E+00 0.000E+00 1.879E-05 2.004E+00 3.504E+01  0.0842 0.85794
  1.200E+02 1.994E+02 1.921E+00 2.203E-05 0.000E+00 0.000E+00 2.203E-05 1.921E+00 4.523E+01  0.1578 0.88361
  1.400E+02 2.218E+02 1.867E+00 2.539E-05 0.000E+00 0.000E+00 2.539E-05 1.867E+00 5.579E+01  0.2289 0.90278
  1.700E+02 2.546E+02 1.817E+00 3.064E-05 4.494E-14 0.000E+00 3.064E-05 1.817E+00 7.208E+01  0.3310 0.92363
  2.000E+02 2.868E+02 1.789E+00 3.615E-05 1.005E-11 0.000E+00 3.615E-05 1.789E+00 8.872E+01  0.4276 0.93835
  2.500E+02 3.396E+02 1.767E+00 4.587E-05 8.309E-08 0.000E+00 4.596E-05 1.767E+00 1.168E+02  0.5776 0.95485
  3.000E+02 3.917E+02 1.760E+00 5.622E-05 7.405E-07 0.000E+00 5.696E-05 1.760E+00 1.452E+02  0.7156 0.96548
  3.500E+02 4.432E+02 1.761E+00 6.714E-05 2.039E-06 0.000E+00 6.917E-05 1.761E+00 1.736E+02  0.8435 0.97274
  4.000E+02 4.945E+02 1.766E+00 7.857E-05 3.951E-06 0.000E+00 8.253E-05 1.766E+00 2.019E+02  0.9627 0.97793
  4.500E+02 5.455E+02 1.774E+00 9.049E-05 6.453E-06 0.000E+00 9.695E-05 1.774E+00 2.302E+02  1.0744 0.98176
  5.000E+02 5.964E+02 1.782E+00 1.029E-04 9.524E-06 0.000E+00 1.124E-04 1.782E+00 2.583E+02  1.1794 0.98467
  5.500E+02 6.471E+02 1.791E+00 1.156E-04 1.314E-05 0.000E+00 1.288E-04 1.791E+00 2.863E+02  1.2786 0.98693
  6.000E+02 6.977E+02 1.800E+00 1.288E-04 1.730E-05 0.000E+00 1.461E-04 1.800E+00 3.142E+02  1.3727 0.98873
  7.000E+02 7.987E+02 1.818E+00 1.562E-04 2.712E-05 0.000E+00 1.834E-04 1.818E+00 3.694E+02  1.5473 0.99136
  8.000E+02 8.995E+02 1.835E+00 1.850E-04 3.886E-05 0.000E+00 2.238E-04 1.835E+00 4.242E+02  1.7068 0.99317
  9.000E+02 1.000E+03 1.851E+00 2.149E-04 5.239E-05 0.000E+00 2.673E-04 1.851E+00 4.784E+02  1.8536 0.99447
  1.000E+03 1.101E+03 1.866E+00 2.459E-04 6.761E-05 0.000E+00 3.135E-04 1.866E+00 5.323E+02  1.9897 0.99542
  1.200E+03 1.301E+03 1.893E+00 3.108E-04 1.027E-04 2.255E-05 4.361E-04 1.893E+00 6.387E+02  2.2355 0.99672
  1.400E+03 1.502E+03 1.916E+00 3.792E-04 1.435E-04 6.174E-05 5.845E-04 1.917E+00 7.437E+02  2.4532 0.99753
  1.700E+03 1.803E+03 1.946E+00 4.873E-04 2.142E-04 1.324E-04 8.340E-04 1.947E+00 8.990E+02  2.7395 0.99829
  2.000E+03 2.103E+03 1.972E+00 6.013E-04 2.951E-04 2.158E-04 1.112E-03 1.973E+00 1.052E+03  2.9889 0.99874
  2.500E+03 2.604E+03 2.006E+00 8.023E-04 4.492E-04 3.773E-04 1.629E-03 2.008E+00 1.303E+03  3.3448 0.99918
  3.000E+03 3.104E+03 2.035E+00 1.015E-03 6.242E-04 5.473E-04 2.186E-03 2.037E+00 1.550E+03  3.6464 0.99942
  3.500E+03 3.604E+03 2.058E+00 1.237E-03 8.171E-04 7.277E-04 2.782E-03 2.061E+00 1.795E+03  3.9082 0.99957
  4.000E+03 4.104E+03 2.078E+00 1.469E-03 1.040E-03 9.208E-04 3.429E-03 2.082E+00 2.036E+03  4.1397 0.99967
  4.500E+03 4.604E+03 2.096E+00 1.707E-03 1.283E-03 1.122E-03 4.112E-03 2.100E+00 2.275E+03  4.3473 0.99974
  5.000E+03 5.105E+03 2.112E+00 1.953E-03 1.540E-03 1.315E-03 4.809E-03 2.116E+00 2.512E+03  4.5355 0.99979
  5.500E+03 5.605E+03 2.126E+00 2.205E-03 1.811E-03 1.524E-03 5.540E-03 2.131E+00 2.748E+03  4.7076 0.99982
  6.000E+03 6.105E+03 2.138E+00 2.463E-03 2.094E-03 1.719E-03 6.275E-03 2.144E+00 2.982E+03  4.8663 0.99985
  7.000E+03 7.105E+03 2.160E+00 2.994E-03 2.692E-03 2.131E-03 7.817E-03 2.168E+00 3.445E+03  5.1506 0.99989
  8.000E+03 8.105E+03 2.179E+00 3.543E-03 3.329E-03 2.542E-03 9.413E-03 2.188E+00 3.905E+03  5.4001 0.99992
  9.000E+03 9.105E+03 2.195E+00 4.108E-03 4.000E-03 2.929E-03 1.104E-02 2.206E+00 4.360E+03  5.6223 0.99993
  1.000E+04 1.011E+04 2.209E+00 4.688E-03 4.702E-03 3.328E-03 1.272E-02 2.222E+00 4.811E+03  5.8226 0.99995
  1.200E+04 1.211E+04 2.233E+00 5.885E-03 6.185E-03 4.140E-03 1.621E-02 2.250E+00 5.706E+03  6.1724 0.99996
  1.400E+04 1.411E+04 2.253E+00 7.126E-03 7.760E-03 4.954E-03 1.984E-02 2.273E+00 6.590E+03  6.4708 0.99997
  1.700E+04 1.711E+04 2.278E+00 9.056E-03 1.027E-02 6.162E-03 2.549E-02 2.303E+00 7.902E+03  6.8497 0.99998
  2.000E+04 2.011E+04 2.298E+00 1.106E-02 1.292E-02 7.351E-03 3.132E-02 2.329E+00 9.197E+03  7.1690 0.99999
  2.500E+04 2.511E+04 2.325E+00 1.452E-02 1.759E-02 9.305E-03 4.142E-02 2.366E+00 1.133E+04  7.6098 0.99999
  3.000E+04 3.011E+04 2.346E+00 1.811E-02 2.254E-02 1.123E-02 5.187E-02 2.398E+00 1.343E+04  7.9716 0.99999
  3.500E+04 3.511E+04 2.364E+00 2.181E-02 2.769E-02 1.317E-02 6.267E-02 2.426E+00 1.550E+04  8.2783 1.00000
  4.000E+04 4.011E+04 2.379E+00 2.560E-02 3.303E-02 1.510E-02 7.373E-02 2.453E+00 1.755E+04  8.5444 1.00000
  4.500E+04 4.511E+04 2.392E+00 2.947E-02 3.851E-02 1.700E-02 8.499E-02 2.477E+00 1.958E+04  8.7793 1.00000
  5.000E+04 5.011E+04 2.404E+00 3.341E-02 4.413E-02 1.891E-02 9.646E-02 2.500E+00 2.159E+04  8.9896 1.00000
  5.500E+04 5.511E+04 2.414E+00 3.742E-02 4.987E-02 2.083E-02 1.081E-01 2.522E+00 2.358E+04  9.1798 1.00000
  6.000E+04 6.011E+04 2.423E+00 4.148E-02 5.571E-02 2.273E-02 1.199E-01 2.543E+00 2.555E+04  9.3535 1.00000
  7.000E+04 7.011E+04 2.440E+00 4.975E-02 6.766E-02 2.651E-02 1.439E-01 2.584E+00 2.945E+04  9.6613 1.00000
  8.000E+04 8.011E+04 2.454E+00 5.819E-02 7.992E-02 3.030E-02 1.684E-01 2.623E+00 3.329E+04  9.9280 1.00000
  9.000E+04 9.011E+04 2.467E+00 6.679E-02 9.244E-02 3.409E-02 1.933E-01 2.660E+00 3.708E+04 10.1633 1.00000
  1.000E+05 1.001E+05 2.478E+00 7.551E-02 1.052E-01 3.782E-02 2.185E-01 2.696E+00 4.081E+04 10.3737 1.00000
  1.200E+05 1.201E+05 2.497E+00 9.329E-02 1.312E-01 4.541E-02 2.699E-01 2.767E+00 4.814E+04 10.7380 1.00000
  1.400E+05 1.401E+05 2.513E+00 1.114E-01 1.579E-01 5.301E-02 3.223E-01 2.835E+00 5.528E+04 11.0461 1.00000
  1.700E+05 1.701E+05 2.533E+00 1.392E-01 1.987E-01 6.442E-02 4.024E-01 2.935E+00 6.568E+04 11.4341 1.00000
  2.000E+05 2.001E+05 2.549E+00 1.676E-01 2.404E-01 7.591E-02 4.839E-01 3.033E+00 7.574E+04 11.7590 1.00000
  2.500E+05 2.501E+05 2.572E+00 2.159E-01 3.112E-01 9.513E-02 6.222E-01 3.194E+00 9.181E+04 12.2051 1.00000
  3.000E+05 3.001E+05 2.591E+00 2.651E-01 3.834E-01 1.145E-01 7.630E-01 3.354E+00 1.071E+05 12.5696 1.00000
  3.500E+05 3.501E+05 2.607E+00 3.151E-01 4.566E-01 1.341E-01 9.059E-01 3.512E+00 1.217E+05 12.8778 1.00000
  4.000E+05 4.001E+05 2.620E+00 3.657E-01 5.306E-01 1.539E-01 1.050E+00 3.670E+00 1.356E+05 13.1447 1.00000
  4.500E+05 4.501E+05 2.632E+00 4.169E-01 6.052E-01 1.737E-01 1.196E+00 3.828E+00 1.489E+05 13.3803 1.00000
  5.000E+05 5.001E+05 2.643E+00 4.685E-01 6.804E-01 1.937E-01 1.343E+00 3.986E+00 1.617E+05 13.5909 1.00000
  5.500E+05 5.501E+05 2.653E+00 5.206E-01 7.560E-01 2.136E-01 1.490E+00 4.143E+00 1.740E+05 13.7815 1.00000
  6.000E+05 6.001E+05 2.662E+00 5.730E-01 8.320E-01 2.336E-01 1.639E+00 4.301E+00 1.859E+05 13.9555 1.00000
  7.000E+05 7.001E+05 2.678E+00 6.787E-01 9.850E-01 2.739E-01 1.938E+00 4.616E+00 2.083E+05 14.2638 1.00000
  8.000E+05 8.001E+05 2.692E+00 7.854E-01 1.139E+00 3.147E-01 2.239E+00 4.931E+00 2.293E+05 14.5308 1.00000
  9.000E+05 9.001E+05 2.704E+00 8.930E-01 1.294E+00 3.559E-01 2.543E+00 5.247E+00 2.490E+05 14.7663 1.00000
  1.000E+06 1.000E+06 2.715E+00 1.001E+00 1.450E+00 3.974E-01 2.848E+00 5.563E+00 2.675E+05 14.9770 1.00000
  1.200E+06 1.200E+06 2.734E+00 1.220E+00 1.763E+00 4.815E-01 3.464E+00 6.198E+00 3.016E+05 15.3416 1.00000
  1.400E+06 1.400E+06 2.750E+00 1.440E+00 2.077E+00 5.669E-01 4.084E+00 6.834E+00 3.324E+05 15.6499 1.00000
  1.700E+06 1.700E+06 2.771E+00 1.773E+00 2.552E+00 6.969E-01 5.022E+00 7.793E+00 3.736E+05 16.0382 1.00000
  2.000E+06 2.000E+06 2.788E+00 2.109E+00 3.028E+00 8.290E-01 5.966E+00 8.755E+00 4.100E+05 16.3632 1.00000
  2.500E+06 2.500E+06 2.812E+00 2.673E+00 3.826E+00 1.053E+00 7.553E+00 1.037E+01 4.626E+05 16.8095 1.00000
  3.000E+06 3.000E+06 2.832E+00 3.242E+00 4.627E+00 1.282E+00 9.151E+00 1.198E+01 5.076E+05 17.1741 1.00000
  3.500E+06 3.500E+06 2.849E+00 3.814E+00 5.430E+00 1.514E+00 1.076E+01 1.361E+01 5.468E+05 17.4824 1.00000
  4.000E+06 4.000E+06 2.864E+00 4.388E+00 6.235E+00 1.750E+00 1.237E+01 1.524E+01 5.816E+05 17.7494 1.00000
  4.500E+06 4.500E+06 2.877E+00 4.964E+00 7.041E+00 1.989E+00 1.399E+01 1.687E+01 6.129E+05 17.9850 1.00000
  5.000E+06 5.000E+06 2.888E+00 5.541E+00 7.849E+00 2.230E+00 1.562E+01 1.851E+01 6.412E+05 18.1957 1.00000
  5.500E+06 5.500E+06 2.899E+00 6.120E+00 8.657E+00 2.474E+00 1.725E+01 2.015E+01 6.671E+05 18.3863 1.00000
  6.000E+06 6.000E+06 2.909E+00 6.701E+00 9.466E+00 2.720E+00 1.889E+01 2.179E+01 6.910E+05 18.5604 1.00000
  7.000E+06 7.000E+06 2.926E+00 7.864E+00 1.109E+01 3.218E+00 2.217E+01 2.509E+01 7.338E+05 18.8686 1.00000
  8.000E+06 8.000E+06 2.941E+00 9.031E+00 1.271E+01 3.724E+00 2.546E+01 2.840E+01 7.714E+05 19.1357 1.00000
  9.000E+06 9.000E+06 2.955E+00 1.020E+01 1.433E+01 4.236E+00 2.877E+01 3.172E+01 8.047E+05 19.3713 1.00000
  1.000E+07 1.000E+07 2.967E+00 1.137E+01 1.595E+01 4.755E+00 3.208E+01 3.505E+01 8.348E+05 19.5820 1.00000
  1.200E+07 1.200E+07 2.988E+00 1.372E+01 1.921E+01 5.807E+00 3.873E+01 4.172E+01 8.873E+05 19.9466 1.00000
  1.400E+07 1.400E+07 3.006E+00 1.607E+01 2.246E+01 6.879E+00 4.541E+01 4.842E+01 9.319E+05 20.2549 1.00000
  1.700E+07 1.700E+07 3.028E+00 1.961E+01 2.734E+01 8.517E+00 5.547E+01 5.850E+01 9.885E+05 20.6432 1.00000
  2.000E+07 2.000E+07 3.047E+00 2.315E+01 3.223E+01 1.019E+01 6.557E+01 6.862E+01 1.036E+06 20.9683 1.00000
  2.500E+07 2.500E+07 3.074E+00 2.907E+01 4.038E+01 1.303E+01 8.248E+01 8.555E+01 1.102E+06 21.4146 1.00000
  3.000E+07 3.000E+07 3.096E+00 3.499E+01 4.854E+01 1.593E+01 9.947E+01 1.026E+02 1.155E+06 21.7792 1.00000
  3.500E+07 3.500E+07 3.115E+00 4.093E+01 5.670E+01 1.889E+01 1.165E+02 1.196E+02 1.201E+06 22.0875 1.00000
  4.000E+07 4.000E+07 3.131E+00 4.686E+01 6.486E+01 2.190E+01 1.336E+02 1.367E+02 1.240E+06 22.3546 1.00000
  4.500E+07 4.500E+07 3.145E+00 5.280E+01 7.302E+01 2.495E+01 1.508E+02 1.539E+02 1.274E+06 22.5901 1.00000
  5.000E+07 5.000E+07 3.158E+00 5.875E+01 8.118E+01 2.803E+01 1.680E+02 1.711E+02 1.305E+06 22.8008 1.00000
  5.500E+07 5.500E+07 3.170E+00 6.469E+01 8.935E+01 3.115E+01 1.852E+02 1.884E+02 1.333E+06 22.9915 1.00000
  6.000E+07 6.000E+07 3.181E+00 7.064E+01 9.752E+01 3.430E+01 2.025E+02 2.056E+02 1.358E+06 23.1655 1.00000
  7.000E+07 7.000E+07 3.200E+00 8.254E+01 1.138E+02 4.069E+01 2.371E+02 2.403E+02 1.404E+06 23.4738 1.00000
  8.000E+07 8.000E+07 3.217E+00 9.445E+01 1.302E+02 4.719E+01 2.718E+02 2.750E+02 1.443E+06 23.7409 1.00000
  9.000E+07 9.000E+07 3.232E+00 1.064E+02 1.465E+02 5.377E+01 3.067E+02 3.099E+02 1.477E+06 23.9764 1.00000
  1.000E+08 1.000E+08 3.245E+00 1.183E+02 1.629E+02 6.044E+01 3.416E+02 3.448E+02 1.507E+06 24.1871 1.00000
  1.200E+08 1.200E+08 3.269E+00 1.421E+02 1.955E+02 7.400E+01 4.117E+02 4.149E+02 1.561E+06 24.5518 1.00000
  1.400E+08 1.400E+08 3.289E+00 1.660E+02 2.282E+02 8.782E+01 4.820E+02 4.853E+02 1.605E+06 24.8601 1.00000
  1.700E+08 1.700E+08 3.314E+00 2.017E+02 2.773E+02 1.090E+02 5.880E+02 5.913E+02 1.662E+06 25.2484 1.00000
  2.000E+08 2.000E+08 3.335E+00 2.375E+02 3.263E+02 1.305E+02 6.944E+02 6.977E+02 1.708E+06 25.5734 1.00000
  2.500E+08 2.500E+08 3.365E+00 2.972E+02 4.080E+02 1.673E+02 8.725E+02 8.759E+02 1.773E+06 26.0197 1.00000
  3.000E+08 3.000E+08 3.389E+00 3.569E+02 4.897E+02 2.050E+02 1.052E+03 1.055E+03 1.825E+06 26.3844 1.00000
  3.500E+08 3.500E+08 3.410E+00 4.165E+02 5.715E+02 2.433E+02 1.231E+03 1.235E+03 1.869E+06 26.6927 1.00000
  4.000E+08 4.000E+08 3.428E+00 4.762E+02 6.532E+02 2.824E+02 1.412E+03 1.415E+03 1.907E+06 26.9597 1.00000
  4.500E+08 4.500E+08 3.445E+00 5.359E+02 7.349E+02 3.220E+02 1.593E+03 1.596E+03 1.940E+06 27.1953 1.00000
  5.000E+08 5.000E+08 3.459E+00 5.956E+02 8.166E+02 3.621E+02 1.774E+03 1.778E+03 1.970E+06 27.4060 1.00000
  5.500E+08 5.500E+08 3.472E+00 6.553E+02 8.984E+02 4.027E+02 1.956E+03 1.960E+03 1.997E+06 27.5966 1.00000
  6.000E+08 6.000E+08 3.484E+00 7.150E+02 9.801E+02 4.437E+02 2.139E+03 2.142E+03 2.021E+06 27.7707 1.00000
  7.000E+08 7.000E+08 3.506E+00 8.344E+02 1.144E+03 5.269E+02 2.505E+03 2.508E+03 2.064E+06 28.0790 1.00000
  8.000E+08 8.000E+08 3.525E+00 9.538E+02 1.307E+03 6.116E+02 2.872E+03 2.876E+03 2.102E+06 28.3460 1.00000
  9.000E+08 9.000E+08 3.541E+00 1.073E+03 1.470E+03 6.975E+02 3.241E+03 3.245E+03 2.135E+06 28.5816 1.00000
  1.000E+09 1.000E+09 3.556E+00 1.193E+03 1.634E+03 7.846E+02 3.611E+03 3.615E+03 2.164E+06 28.7923 1.00000
