 Incident particle is a Muon with M = 105.65839 MeV
 Index = 0: CadmiumTungstate
      Absorber with <Z/A> = 0.42748
 Density effect computed following Fano (1963)
 Models for Radloss: brems =  SSR, pair =  SSR, photonuc = DRSS

 *** Table generated with PUMAS v1.1 ***

      T         p     Ionization  brems     pair     photonuc  Radloss    dE/dx   CSDA Range  delta   beta
    [MeV]    [MeV/c]  -----------------------[MeV cm^2/g]------------------------  [g/cm^2]
  1.000E+00 1.457E+01 2.604E+01 0.000E+00 0.000E+00 0.000E+00 0.000E+00 2.604E+01 1.920E-02  0.0000 0.13661
  1.200E+00 1.597E+01 2.282E+01 0.000E+00 0.000E+00 0.000E+00 0.000E+00 2.282E+01 2.743E-02  0.0000 0.14944
  1.400E+00 1.726E+01 2.038E+01 0.000E+00 0.000E+00 0.000E+00 0.000E+00 2.038E+01 3.672E-02  0.0000 0.16119
  1.700E+00 1.903E+01 1.765E+01 0.000E+00 0.000E+00 0.000E+00 0.000E+00 1.765E+01 5.259E-02  0.0000 0.17725
  2.000E+00 2.066E+01 1.563E+01 0.000E+00 0.000E+00 0.000E+00 0.000E+00 1.563E+01 7.070E-02  0.0000 0.19186
  2.500E+00 2.312E+01 1.321E+01 0.000E+00 0.000E+00 0.000E+00 0.000E+00 1.321E+01 1.056E-01  0.0000 0.21376
  3.000E+00 2.536E+01 1.151E+01 0.000E+00 0.000E+00 0.000E+00 0.000E+00 1.151E+01 1.463E-01  0.0000 0.23336
  3.500E+00 2.742E+01 1.024E+01 0.000E+00 0.000E+00 0.000E+00 0.000E+00 1.024E+01 1.925E-01  0.0000 0.25120
  4.000E+00 2.935E+01 9.255E+00 0.000E+00 0.000E+00 0.000E+00 0.000E+00 9.255E+00 2.439E-01  0.0000 0.26763
  4.500E+00 3.116E+01 8.465E+00 0.000E+00 0.000E+00 0.000E+00 0.000E+00 8.465E+00 3.005E-01  0.0000 0.28290
  5.000E+00 3.289E+01 7.818E+00 0.000E+00 0.000E+00 0.000E+00 0.000E+00 7.818E+00 3.620E-01  0.0000 0.29720
  5.500E+00 3.453E+01 7.277E+00 0.000E+00 0.000E+00 0.000E+00 0.000E+00 7.277E+00 4.283E-01  0.0000 0.31066
  6.000E+00 3.611E+01 6.817E+00 0.000E+00 0.000E+00 0.000E+00 0.000E+00 6.817E+00 4.994E-01  0.0000 0.32339
  7.000E+00 3.909E+01 6.077E+00 0.000E+00 0.000E+00 0.000E+00 0.000E+00 6.077E+00 6.551E-01  0.0000 0.34700
  8.000E+00 4.189E+01 5.506E+00 0.000E+00 0.000E+00 0.000E+00 0.000E+00 5.506E+00 8.282E-01  0.0001 0.36854
  9.000E+00 4.453E+01 5.051E+00 0.000E+00 0.000E+00 0.000E+00 0.000E+00 5.051E+00 1.018E+00  0.0002 0.38836
  1.000E+01 4.704E+01 4.680E+00 0.000E+00 0.000E+00 0.000E+00 0.000E+00 4.680E+00 1.224E+00  0.0003 0.40675
  1.200E+01 5.177E+01 4.111E+00 0.000E+00 0.000E+00 0.000E+00 0.000E+00 4.111E+00 1.681E+00  0.0008 0.43998
  1.400E+01 5.616E+01 3.693E+00 0.000E+00 0.000E+00 0.000E+00 0.000E+00 3.693E+00 2.196E+00  0.0014 0.46937
  1.700E+01 6.230E+01 3.240E+00 0.000E+00 0.000E+00 0.000E+00 0.000E+00 3.240E+00 3.066E+00  0.0027 0.50792
  2.000E+01 6.802E+01 2.915E+00 0.000E+00 0.000E+00 0.000E+00 0.000E+00 2.915E+00 4.044E+00  0.0044 0.54129
  2.500E+01 7.686E+01 2.540E+00 0.000E+00 0.000E+00 0.000E+00 0.000E+00 2.540E+00 5.889E+00  0.0080 0.58827
  3.000E+01 8.509E+01 2.286E+00 0.000E+00 0.000E+00 0.000E+00 0.000E+00 2.286E+00 7.970E+00  0.0123 0.62720
  3.500E+01 9.285E+01 2.103E+00 0.000E+00 0.000E+00 0.000E+00 0.000E+00 2.103E+00 1.025E+01  0.0174 0.66011
  4.000E+01 1.003E+02 1.965E+00 0.000E+00 0.000E+00 0.000E+00 0.000E+00 1.965E+00 1.272E+01  0.0230 0.68834
  4.500E+01 1.074E+02 1.858E+00 0.000E+00 0.000E+00 0.000E+00 0.000E+00 1.858E+00 1.534E+01  0.0292 0.71286
  5.000E+01 1.143E+02 1.773E+00 0.000E+00 0.000E+00 0.000E+00 0.000E+00 1.773E+00 1.809E+01  0.0358 0.73434
  5.500E+01 1.210E+02 1.704E+00 0.000E+00 0.000E+00 0.000E+00 0.000E+00 1.704E+00 2.097E+01  0.0428 0.75332
  6.000E+01 1.276E+02 1.647E+00 0.000E+00 0.000E+00 0.000E+00 0.000E+00 1.647E+00 2.396E+01  0.0501 0.77019
  7.000E+01 1.403E+02 1.559E+00 0.000E+00 0.000E+00 0.000E+00 0.000E+00 1.559E+00 3.021E+01  0.0657 0.79887
  8.000E+01 1.527E+02 1.495E+00 0.000E+00 0.000E+00 0.000E+00 0.000E+00 1.495E+00 3.677E+01  0.0821 0.82227
  9.000E+01 1.647E+02 1.447E+00 0.000E+00 0.000E+00 0.000E+00 0.000E+00 1.447E+00 4.357E+01  0.0993 0.84166
  1.000E+02 1.764E+02 1.411E+00 0.000E+00 0.000E+00 0.000E+00 0.000E+00 1.411E+00 5.057E+01  0.1169 0.85794
  1.200E+02 1.994E+02 1.361E+00 0.000E+00 0.000E+00 0.000E+00 0.000E+00 1.361E+00 6.503E+01  0.1534 0.88361
  1.400E+02 2.218E+02 1.329E+00 0.000E+00 0.000E+00 0.000E+00 0.000E+00 1.329E+00 7.991E+01  0.1907 0.90278
  1.700E+02 2.546E+02 1.302E+00 1.732E-06 1.578E-10 0.000E+00 1.732E-06 1.302E+00 1.027E+02  0.2472 0.92363
  2.000E+02 2.868E+02 1.289E+00 3.635E-06 1.643E-09 0.000E+00 3.637E-06 1.289E+00 1.259E+02  0.3035 0.93835
  2.500E+02 3.396E+02 1.282E+00 5.777E-06 2.453E-08 0.000E+00 5.802E-06 1.282E+00 1.648E+02  0.3951 0.95485
  3.000E+02 3.917E+02 1.285E+00 7.604E-06 1.573E-07 0.000E+00 7.761E-06 1.285E+00 2.038E+02  0.4828 0.96548
  3.500E+02 4.432E+02 1.292E+00 9.390E-06 4.092E-07 0.000E+00 9.799E-06 1.292E+00 2.426E+02  0.5659 0.97274
  4.000E+02 4.945E+02 1.302E+00 4.260E-05 6.436E-06 0.000E+00 4.903E-05 1.302E+00 2.812E+02  0.6444 0.97793
  4.500E+02 5.455E+02 1.312E+00 9.959E-05 1.690E-05 0.000E+00 1.165E-04 1.312E+00 3.195E+02  0.7187 0.98176
  5.000E+02 5.964E+02 1.323E+00 2.228E-04 5.286E-05 0.000E+00 2.757E-04 1.323E+00 3.574E+02  0.7889 0.98467
  5.500E+02 6.471E+02 1.333E+00 3.138E-04 7.527E-05 1.475E-05 4.038E-04 1.334E+00 3.950E+02  0.8555 0.98693
  6.000E+02 6.977E+02 1.344E+00 3.935E-04 1.000E-04 4.931E-05 5.429E-04 1.345E+00 4.324E+02  0.9187 0.98873
  7.000E+02 7.987E+02 1.364E+00 5.401E-04 1.585E-04 1.179E-04 8.165E-04 1.365E+00 5.062E+02  1.0364 0.99136
  8.000E+02 8.995E+02 1.383E+00 6.819E-04 2.287E-04 1.825E-04 1.093E-03 1.384E+00 5.789E+02  1.1440 0.99317
  9.000E+02 1.000E+03 1.400E+00 8.246E-04 3.100E-04 2.440E-04 1.379E-03 1.402E+00 6.507E+02  1.2432 0.99447
  1.000E+03 1.101E+03 1.416E+00 9.705E-04 4.017E-04 3.034E-04 1.676E-03 1.418E+00 7.217E+02  1.3354 0.99542
  1.200E+03 1.301E+03 1.445E+00 1.275E-03 6.142E-04 4.180E-04 2.307E-03 1.447E+00 8.612E+02  1.5027 0.99672
  1.400E+03 1.502E+03 1.470E+00 1.596E-03 8.619E-04 5.285E-04 2.986E-03 1.473E+00 9.982E+02  1.6521 0.99753
  1.700E+03 1.803E+03 1.502E+00 2.109E-03 1.292E-03 6.889E-04 4.090E-03 1.506E+00 1.200E+03  1.8513 0.99829
  2.000E+03 2.103E+03 1.528E+00 2.655E-03 1.784E-03 8.444E-04 5.284E-03 1.533E+00 1.397E+03  2.0279 0.99874
  2.500E+03 2.604E+03 1.565E+00 3.630E-03 2.725E-03 1.095E-03 7.450E-03 1.572E+00 1.719E+03  2.2855 0.99918
  3.000E+03 3.104E+03 1.594E+00 4.674E-03 3.793E-03 1.338E-03 9.804E-03 1.604E+00 2.034E+03  2.5092 0.99942
  3.500E+03 3.604E+03 1.618E+00 5.775E-03 4.970E-03 1.574E-03 1.232E-02 1.631E+00 2.343E+03  2.7074 0.99957
  4.000E+03 4.104E+03 1.639E+00 6.928E-03 6.254E-03 1.804E-03 1.499E-02 1.654E+00 2.647E+03  2.8855 0.99967
  4.500E+03 4.604E+03 1.657E+00 8.124E-03 7.628E-03 2.029E-03 1.778E-02 1.675E+00 2.948E+03  3.0473 0.99974
  5.000E+03 5.105E+03 1.673E+00 9.359E-03 9.080E-03 2.251E-03 2.069E-02 1.694E+00 3.244E+03  3.1957 0.99979
  5.500E+03 5.605E+03 1.687E+00 1.063E-02 1.060E-02 2.468E-03 2.370E-02 1.711E+00 3.538E+03  3.3326 0.99982
  6.000E+03 6.105E+03 1.700E+00 1.193E-02 1.219E-02 2.683E-03 2.680E-02 1.727E+00 3.829E+03  3.4599 0.99985
  7.000E+03 7.105E+03 1.723E+00 1.463E-02 1.553E-02 3.103E-03 3.326E-02 1.756E+00 4.403E+03  3.6904 0.99989
  8.000E+03 8.105E+03 1.741E+00 1.742E-02 1.907E-02 3.514E-03 4.001E-02 1.781E+00 4.968E+03  3.8950 0.99992
  9.000E+03 9.105E+03 1.758E+00 2.030E-02 2.279E-02 3.917E-03 4.702E-02 1.805E+00 5.526E+03  4.0793 0.99993
  1.000E+04 1.011E+04 1.772E+00 2.327E-02 2.667E-02 4.313E-03 5.425E-02 1.826E+00 6.077E+03  4.2471 0.99995
  1.200E+04 1.211E+04 1.796E+00 2.939E-02 3.483E-02 5.088E-03 6.930E-02 1.866E+00 7.160E+03  4.5436 0.99996
  1.400E+04 1.411E+04 1.816E+00 3.575E-02 4.344E-02 5.844E-03 8.503E-02 1.901E+00 8.222E+03  4.8003 0.99997
  1.700E+04 1.711E+04 1.840E+00 4.564E-02 5.707E-02 6.951E-03 1.097E-01 1.950E+00 9.780E+03  5.1308 0.99998
  2.000E+04 2.011E+04 1.860E+00 5.590E-02 7.140E-02 8.034E-03 1.353E-01 1.995E+00 1.130E+04  5.4131 0.99999
  2.500E+04 2.511E+04 1.886E+00 7.365E-02 9.651E-02 9.797E-03 1.800E-01 2.066E+00 1.376E+04  5.8084 0.99999
  3.000E+04 3.011E+04 1.906E+00 9.205E-02 1.229E-01 1.152E-02 2.264E-01 2.133E+00 1.614E+04  6.1371 0.99999
  3.500E+04 3.511E+04 1.923E+00 1.110E-01 1.502E-01 1.322E-02 2.744E-01 2.197E+00 1.845E+04  6.4186 1.00000
  4.000E+04 4.011E+04 1.937E+00 1.304E-01 1.783E-01 1.490E-02 3.236E-01 2.261E+00 2.070E+04  6.6649 1.00000
  4.500E+04 4.511E+04 1.950E+00 1.502E-01 2.071E-01 1.656E-02 3.738E-01 2.323E+00 2.288E+04  6.8839 1.00000
  5.000E+04 5.011E+04 1.960E+00 1.703E-01 2.365E-01 1.821E-02 4.249E-01 2.385E+00 2.500E+04  7.0811 1.00000
  5.500E+04 5.511E+04 1.970E+00 1.907E-01 2.663E-01 1.985E-02 4.769E-01 2.447E+00 2.707E+04  7.2605 1.00000
  6.000E+04 6.011E+04 1.979E+00 2.114E-01 2.966E-01 2.148E-02 5.295E-01 2.508E+00 2.909E+04  7.4250 1.00000
  7.000E+04 7.011E+04 1.994E+00 2.534E-01 3.584E-01 2.472E-02 6.365E-01 2.630E+00 3.298E+04  7.7181 1.00000
  8.000E+04 8.011E+04 2.007E+00 2.963E-01 4.214E-01 2.795E-02 7.457E-01 2.752E+00 3.670E+04  7.9736 1.00000
  9.000E+04 9.011E+04 2.018E+00 3.399E-01 4.854E-01 3.116E-02 8.565E-01 2.874E+00 4.025E+04  8.2001 1.00000
  1.000E+05 1.001E+05 2.028E+00 3.841E-01 5.504E-01 3.437E-02 9.688E-01 2.997E+00 4.366E+04  8.4035 1.00000
  1.200E+05 1.201E+05 2.045E+00 4.739E-01 6.824E-01 4.078E-02 1.197E+00 3.242E+00 5.008E+04  8.7571 1.00000
  1.400E+05 1.401E+05 2.059E+00 5.655E-01 8.167E-01 4.718E-02 1.429E+00 3.488E+00 5.602E+04  9.0575 1.00000
  1.700E+05 1.701E+05 2.077E+00 7.053E-01 1.021E+00 5.679E-02 1.784E+00 3.860E+00 6.420E+04  9.4374 1.00000
  2.000E+05 2.001E+05 2.091E+00 8.476E-01 1.229E+00 6.642E-02 2.143E+00 4.234E+00 7.161E+04  9.7565 1.00000
  2.500E+05 2.501E+05 2.111E+00 1.089E+00 1.581E+00 8.257E-02 2.752E+00 4.863E+00 8.263E+04 10.1963 1.00000
  3.000E+05 3.001E+05 2.127E+00 1.335E+00 1.937E+00 9.882E-02 3.370E+00 5.497E+00 9.229E+04 10.5567 1.00000
  3.500E+05 3.501E+05 2.141E+00 1.583E+00 2.296E+00 1.152E-01 3.995E+00 6.136E+00 1.009E+05 10.8621 1.00000
  4.000E+05 4.001E+05 2.153E+00 1.835E+00 2.659E+00 1.317E-01 4.625E+00 6.778E+00 1.086E+05 11.1271 1.00000
  4.500E+05 4.501E+05 2.163E+00 2.088E+00 3.023E+00 1.483E-01 5.259E+00 7.423E+00 1.157E+05 11.3612 1.00000
  5.000E+05 5.001E+05 2.173E+00 2.343E+00 3.389E+00 1.650E-01 5.897E+00 8.070E+00 1.222E+05 11.5708 1.00000
  5.500E+05 5.501E+05 2.181E+00 2.600E+00 3.757E+00 1.818E-01 6.539E+00 8.720E+00 1.281E+05 11.7605 1.00000
  6.000E+05 6.001E+05 2.189E+00 2.858E+00 4.126E+00 1.988E-01 7.183E+00 9.372E+00 1.336E+05 11.9338 1.00000
  7.000E+05 7.001E+05 2.202E+00 3.378E+00 4.867E+00 2.329E-01 8.478E+00 1.068E+01 1.436E+05 12.2411 1.00000
  8.000E+05 8.001E+05 2.214E+00 3.902E+00 5.611E+00 2.674E-01 9.781E+00 1.200E+01 1.525E+05 12.5075 1.00000
  9.000E+05 9.001E+05 2.225E+00 4.429E+00 6.359E+00 3.022E-01 1.109E+01 1.332E+01 1.604E+05 12.7426 1.00000
  1.000E+06 1.000E+06 2.234E+00 4.959E+00 7.108E+00 3.374E-01 1.240E+01 1.464E+01 1.675E+05 12.9529 1.00000
  1.200E+06 1.200E+06 2.251E+00 6.025E+00 8.613E+00 4.085E-01 1.505E+01 1.730E+01 1.801E+05 13.3171 1.00000
  1.400E+06 1.400E+06 2.265E+00 7.097E+00 1.012E+01 4.806E-01 1.770E+01 1.997E+01 1.908E+05 13.6251 1.00000
  1.700E+06 1.700E+06 2.282E+00 8.716E+00 1.240E+01 5.905E-01 2.170E+01 2.398E+01 2.045E+05 14.0132 1.00000
  2.000E+06 2.000E+06 2.297E+00 1.034E+01 1.467E+01 7.022E-01 2.572E+01 2.802E+01 2.161E+05 14.3380 1.00000
  2.500E+06 2.500E+06 2.318E+00 1.307E+01 1.848E+01 8.919E-01 3.245E+01 3.477E+01 2.321E+05 14.7842 1.00000
  3.000E+06 3.000E+06 2.335E+00 1.581E+01 2.230E+01 1.085E+00 3.920E+01 4.154E+01 2.452E+05 15.1487 1.00000
  3.500E+06 3.500E+06 2.349E+00 1.856E+01 2.613E+01 1.282E+00 4.598E+01 4.832E+01 2.564E+05 15.4570 1.00000
  4.000E+06 4.000E+06 2.362E+00 2.132E+01 2.996E+01 1.481E+00 5.277E+01 5.513E+01 2.661E+05 15.7240 1.00000
  4.500E+06 4.500E+06 2.373E+00 2.409E+01 3.380E+01 1.683E+00 5.957E+01 6.194E+01 2.746E+05 15.9595 1.00000
  5.000E+06 5.000E+06 2.383E+00 2.686E+01 3.764E+01 1.887E+00 6.638E+01 6.876E+01 2.823E+05 16.1702 1.00000
  5.500E+06 5.500E+06 2.392E+00 2.963E+01 4.148E+01 2.094E+00 7.320E+01 7.559E+01 2.892E+05 16.3608 1.00000
  6.000E+06 6.000E+06 2.400E+00 3.241E+01 4.533E+01 2.302E+00 8.003E+01 8.243E+01 2.955E+05 16.5349 1.00000
  7.000E+06 7.000E+06 2.415E+00 3.797E+01 5.302E+01 2.724E+00 9.371E+01 9.613E+01 3.068E+05 16.8431 1.00000
  8.000E+06 8.000E+06 2.428E+00 4.354E+01 6.072E+01 3.152E+00 1.074E+02 1.098E+02 3.165E+05 17.1102 1.00000
  9.000E+06 9.000E+06 2.439E+00 4.912E+01 6.843E+01 3.587E+00 1.211E+02 1.236E+02 3.251E+05 17.3457 1.00000
  1.000E+07 1.000E+07 2.450E+00 5.470E+01 7.614E+01 4.026E+00 1.349E+02 1.373E+02 3.327E+05 17.5565 1.00000
  1.200E+07 1.200E+07 2.468E+00 6.588E+01 9.157E+01 4.919E+00 1.624E+02 1.648E+02 3.460E+05 17.9211 1.00000
  1.400E+07 1.400E+07 2.483E+00 7.708E+01 1.070E+02 5.828E+00 1.899E+02 1.924E+02 3.572E+05 18.2294 1.00000
  1.700E+07 1.700E+07 2.502E+00 9.389E+01 1.302E+02 7.219E+00 2.313E+02 2.338E+02 3.714E+05 18.6177 1.00000
  2.000E+07 2.000E+07 2.519E+00 1.107E+02 1.534E+02 8.637E+00 2.727E+02 2.752E+02 3.832E+05 18.9427 1.00000
  2.500E+07 2.500E+07 2.542E+00 1.388E+02 1.920E+02 1.105E+01 3.419E+02 3.444E+02 3.994E+05 19.3890 1.00000
  3.000E+07 3.000E+07 2.560E+00 1.669E+02 2.307E+02 1.352E+01 4.111E+02 4.137E+02 4.126E+05 19.7537 1.00000
  3.500E+07 3.500E+07 2.576E+00 1.950E+02 2.694E+02 1.604E+01 4.804E+02 4.830E+02 4.238E+05 20.0620 1.00000
  4.000E+07 4.000E+07 2.590E+00 2.231E+02 3.081E+02 1.860E+01 5.498E+02 5.524E+02 4.335E+05 20.3290 1.00000
  4.500E+07 4.500E+07 2.603E+00 2.513E+02 3.468E+02 2.120E+01 6.192E+02 6.218E+02 4.420E+05 20.5646 1.00000
  5.000E+07 5.000E+07 2.614E+00 2.794E+02 3.855E+02 2.383E+01 6.887E+02 6.913E+02 4.496E+05 20.7753 1.00000
  5.500E+07 5.500E+07 2.624E+00 3.076E+02 4.242E+02 2.649E+01 7.582E+02 7.608E+02 4.565E+05 20.9659 1.00000
  6.000E+07 6.000E+07 2.633E+00 3.357E+02 4.629E+02 2.918E+01 8.278E+02 8.304E+02 4.628E+05 21.1400 1.00000
  7.000E+07 7.000E+07 2.650E+00 3.920E+02 5.403E+02 3.463E+01 9.670E+02 9.696E+02 4.739E+05 21.4483 1.00000
  8.000E+07 8.000E+07 2.664E+00 4.484E+02 6.177E+02 4.018E+01 1.106E+03 1.109E+03 4.836E+05 21.7153 1.00000
  9.000E+07 9.000E+07 2.677E+00 5.047E+02 6.952E+02 4.581E+01 1.246E+03 1.248E+03 4.921E+05 21.9509 1.00000
  1.000E+08 1.000E+08 2.688E+00 5.611E+02 7.726E+02 5.151E+01 1.385E+03 1.388E+03 4.997E+05 22.1616 1.00000
  1.200E+08 1.200E+08 2.708E+00 6.738E+02 9.275E+02 6.311E+01 1.664E+03 1.667E+03 5.128E+05 22.5262 1.00000
  1.400E+08 1.400E+08 2.725E+00 7.865E+02 1.082E+03 7.494E+01 1.944E+03 1.947E+03 5.239E+05 22.8345 1.00000
  1.700E+08 1.700E+08 2.747E+00 9.556E+02 1.315E+03 9.306E+01 2.364E+03 2.366E+03 5.378E+05 23.2229 1.00000
  2.000E+08 2.000E+08 2.765E+00 1.125E+03 1.547E+03 1.116E+02 2.784E+03 2.786E+03 5.495E+05 23.5479 1.00000
  2.500E+08 2.500E+08 2.791E+00 1.407E+03 1.935E+03 1.431E+02 3.484E+03 3.487E+03 5.655E+05 23.9942 1.00000
  3.000E+08 3.000E+08 2.811E+00 1.689E+03 2.322E+03 1.755E+02 4.186E+03 4.189E+03 5.786E+05 24.3588 1.00000
  3.500E+08 3.500E+08 2.829E+00 1.971E+03 2.709E+03 2.085E+02 4.889E+03 4.891E+03 5.896E+05 24.6671 1.00000
  4.000E+08 4.000E+08 2.845E+00 2.253E+03 3.097E+03 2.421E+02 5.591E+03 5.594E+03 5.992E+05 24.9342 1.00000
  4.500E+08 4.500E+08 2.859E+00 2.534E+03 3.484E+03 2.762E+02 6.295E+03 6.298E+03 6.076E+05 25.1697 1.00000
  5.000E+08 5.000E+08 2.871E+00 2.816E+03 3.872E+03 3.107E+02 6.999E+03 7.002E+03 6.151E+05 25.3805 1.00000
  5.500E+08 5.500E+08 2.882E+00 3.098E+03 4.259E+03 3.457E+02 7.703E+03 7.706E+03 6.219E+05 25.5711 1.00000
  6.000E+08 6.000E+08 2.893E+00 3.380E+03 4.647E+03 3.811E+02 8.408E+03 8.411E+03 6.281E+05 25.7451 1.00000
  7.000E+08 7.000E+08 2.911E+00 3.944E+03 5.422E+03 4.529E+02 9.819E+03 9.822E+03 6.391E+05 26.0534 1.00000
  8.000E+08 8.000E+08 2.927E+00 4.508E+03 6.196E+03 5.260E+02 1.123E+04 1.123E+04 6.486E+05 26.3205 1.00000
  9.000E+08 9.000E+08 2.941E+00 5.072E+03 6.971E+03 6.002E+02 1.264E+04 1.265E+04 6.570E+05 26.5559 1.00000
  1.000E+09 1.000E+09 2.954E+00 5.636E+03 7.746E+03 6.755E+02 1.406E+04 1.406E+04 6.645E+05 26.7666 1.00000
  1.200E+09 1.200E+09 2.977E+00 6.764E+03 9.296E+03 8.287E+02 1.689E+04 1.689E+04 6.775E+05 27.1313 1.00000
  1.400E+09 1.400E+09 2.996E+00 7.892E+03 1.085E+04 9.852E+02 1.972E+04 1.973E+04 6.884E+05 27.4392 1.00000
  1.700E+09 1.700E+09 3.020E+00 9.584E+03 1.317E+04 1.225E+03 2.398E+04 2.398E+04 7.022E+05 27.8275 1.00000
  2.000E+09 2.000E+09 3.040E+00 1.128E+04 1.550E+04 1.470E+03 2.824E+04 2.825E+04 7.137E+05 28.1510 1.00000
  2.500E+09 2.500E+09 3.069E+00 1.410E+04 1.937E+04 1.889E+03 3.536E+04 3.536E+04 7.295E+05 28.5973 1.00000
  3.000E+09 3.000E+09 3.092E+00 1.692E+04 2.325E+04 2.319E+03 4.248E+04 4.248E+04 7.424E+05 28.9555 1.00000
  3.500E+09 3.500E+09 3.112E+00 1.974E+04 2.712E+04 2.758E+03 4.961E+04 4.962E+04 7.533E+05 29.2638 1.00000
  4.000E+09 4.000E+09 3.130E+00 2.256E+04 3.099E+04 3.206E+03 5.676E+04 5.676E+04 7.627E+05 29.5308 1.00000
  4.500E+09 4.500E+09 3.147E+00 2.538E+04 3.487E+04 3.660E+03 6.391E+04 6.391E+04 7.710E+05 29.7372 1.00000
  5.000E+09 5.000E+09 3.161E+00 2.820E+04 3.874E+04 4.121E+03 7.106E+04 7.107E+04 7.784E+05 29.9480 1.00000
  5.500E+09 5.500E+09 3.174E+00 3.102E+04 4.262E+04 4.588E+03 7.822E+04 7.823E+04 7.851E+05 30.1386 1.00000
  6.000E+09 6.000E+09 3.185E+00 3.384E+04 4.649E+04 5.061E+03 8.539E+04 8.539E+04 7.912E+05 30.3126 1.00000
  7.000E+09 7.000E+09 3.206E+00 3.948E+04 5.424E+04 6.021E+03 9.974E+04 9.974E+04 8.021E+05 30.6209 1.00000
  8.000E+09 8.000E+09 3.234E+00 4.512E+04 6.199E+04 6.999E+03 1.141E+05 1.141E+05 8.114E+05 30.7325 1.00000
  9.000E+09 9.000E+09 3.250E+00 5.076E+04 6.974E+04 7.993E+03 1.285E+05 1.285E+05 8.197E+05 30.9681 1.00000
  1.000E+10 1.000E+10 3.264E+00 5.640E+04 7.749E+04 9.001E+03 1.429E+05 1.429E+05 8.270E+05 31.1788 1.00000
  1.200E+10 1.200E+10 3.289E+00 6.768E+04 9.299E+04 1.106E+04 1.717E+05 1.717E+05 8.398E+05 31.5434 1.00000
  1.400E+10 1.400E+10 3.311E+00 7.896E+04 1.085E+05 1.316E+04 2.006E+05 2.006E+05 8.506E+05 31.8517 1.00000
  1.700E+10 1.700E+10 3.338E+00 9.588E+04 1.317E+05 1.639E+04 2.440E+05 2.440E+05 8.641E+05 32.2400 1.00000
  2.000E+10 2.000E+10 3.360E+00 1.128E+05 1.550E+05 1.969E+04 2.875E+05 2.875E+05 8.754E+05 32.5651 1.00000
  2.500E+10 2.500E+10 3.392E+00 1.410E+05 1.937E+05 2.534E+04 3.601E+05 3.601E+05 8.909E+05 33.0114 1.00000
  3.000E+10 3.000E+10 3.418E+00 1.692E+05 2.325E+05 3.115E+04 4.328E+05 4.328E+05 9.036E+05 33.3760 1.00000
  3.500E+10 3.500E+10 3.441E+00 1.974E+05 2.712E+05 3.708E+04 5.057E+05 5.057E+05 9.143E+05 33.6843 1.00000
  4.000E+10 4.000E+10 3.460E+00 2.256E+05 3.100E+05 4.314E+04 5.787E+05 5.787E+05 9.235E+05 33.9514 1.00000
  4.500E+10 4.500E+10 3.477E+00 2.538E+05 3.487E+05 4.929E+04 6.518E+05 6.518E+05 9.316E+05 34.1869 1.00000
  5.000E+10 5.000E+10 3.493E+00 2.820E+05 3.875E+05 5.555E+04 7.250E+05 7.250E+05 9.389E+05 34.3977 1.00000
  5.500E+10 5.500E+10 3.507E+00 3.102E+05 4.262E+05 6.188E+04 7.983E+05 7.983E+05 9.455E+05 34.5883 1.00000
  6.000E+10 6.000E+10 3.520E+00 3.384E+05 4.650E+05 6.830E+04 8.717E+05 8.717E+05 9.515E+05 34.7623 1.00000
  7.000E+10 7.000E+10 3.543E+00 3.948E+05 5.425E+05 8.135E+04 1.019E+06 1.019E+06 9.621E+05 35.0706 1.00000
  8.000E+10 8.000E+10 3.563E+00 4.512E+05 6.199E+05 9.466E+04 1.166E+06 1.166E+06 9.712E+05 35.3377 1.00000
  9.000E+10 9.000E+10 3.581E+00 5.076E+05 6.974E+05 1.082E+05 1.313E+06 1.313E+06 9.793E+05 35.5732 1.00000
  1.000E+11 1.000E+11 3.597E+00 5.640E+05 7.749E+05 1.219E+05 1.461E+06 1.461E+06 9.865E+05 35.7840 1.00000
  1.200E+11 1.200E+11 3.625E+00 6.768E+05 9.299E+05 1.500E+05 1.757E+06 1.757E+06 9.990E+05 36.1486 1.00000
  1.400E+11 1.400E+11 3.648E+00 7.896E+05 1.085E+06 1.787E+05 2.053E+06 2.053E+06 1.010E+06 36.4569 1.00000
  1.700E+11 1.700E+11 3.679E+00 9.588E+05 1.317E+06 2.229E+05 2.499E+06 2.499E+06 1.023E+06 36.8452 1.00000
  2.000E+11 2.000E+11 3.704E+00 1.128E+06 1.550E+06 2.682E+05 2.946E+06 2.946E+06 1.034E+06 37.1703 1.00000
  2.500E+11 2.500E+11 3.740E+00 1.410E+06 1.937E+06 3.458E+05 3.693E+06 3.693E+06 1.049E+06 37.6165 1.00000
  3.000E+11 3.000E+11 3.769E+00 1.692E+06 2.325E+06 4.256E+05 4.442E+06 4.442E+06 1.061E+06 37.9812 1.00000
  3.500E+11 3.500E+11 3.794E+00 1.974E+06 2.712E+06 5.073E+05 5.194E+06 5.194E+06 1.072E+06 38.2895 1.00000
  4.000E+11 4.000E+11 3.815E+00 2.256E+06 3.100E+06 5.908E+05 5.946E+06 5.946E+06 1.081E+06 38.5566 1.00000
  4.500E+11 4.500E+11 3.835E+00 2.538E+06 3.487E+06 6.758E+05 6.701E+06 6.701E+06 1.089E+06 38.7921 1.00000
  5.000E+11 5.000E+11 3.852E+00 2.820E+06 3.875E+06 7.621E+05 7.457E+06 7.457E+06 1.096E+06 39.0028 1.00000
  5.500E+11 5.500E+11 3.868E+00 3.102E+06 4.262E+06 8.497E+05 8.214E+06 8.214E+06 1.102E+06 39.1935 1.00000
  6.000E+11 6.000E+11 3.882E+00 3.384E+06 4.649E+06 9.385E+05 8.972E+06 8.972E+06 1.108E+06 39.3675 1.00000
  7.000E+11 7.000E+11 3.908E+00 3.948E+06 5.424E+06 1.119E+06 1.049E+07 1.049E+07 1.118E+06 39.6758 1.00000
  8.000E+11 8.000E+11 3.930E+00 4.512E+06 6.199E+06 1.304E+06 1.201E+07 1.202E+07 1.127E+06 39.9428 1.00000
  9.000E+11 9.000E+11 3.950E+00 5.076E+06 6.974E+06 1.492E+06 1.354E+07 1.354E+07 1.135E+06 40.1784 1.00000
  1.000E+12 1.000E+12 3.968E+00 5.640E+06 7.749E+06 1.683E+06 1.507E+07 1.507E+07 1.142E+06 40.3891 1.00000
