 Incident particle is a Muon with M = 105.65839 MeV
 Index = 0: Caesium
      Absorber with <Z/A> = 0.41383
 Density effect computed following Fano (1963)
 Models for Radloss: brems =  SSR, pair =  SSR, photonuc = DRSS

 *** Table generated with PUMAS v1.1 ***

      T         p     Ionization  brems     pair     photonuc  Radloss    dE/dx   CSDA Range  delta   beta
    [MeV]    [MeV/c]  -----------------------[MeV cm^2/g]------------------------  [g/cm^2]
  1.000E+00 1.457E+01 2.493E+01 0.000E+00 0.000E+00 0.000E+00 0.000E+00 2.493E+01 2.006E-02  0.0000 0.13661
  1.200E+00 1.597E+01 2.185E+01 0.000E+00 0.000E+00 0.000E+00 0.000E+00 2.185E+01 2.865E-02  0.0000 0.14944
  1.400E+00 1.726E+01 1.952E+01 0.000E+00 0.000E+00 0.000E+00 0.000E+00 1.952E+01 3.835E-02  0.0000 0.16119
  1.700E+00 1.903E+01 1.692E+01 0.000E+00 0.000E+00 0.000E+00 0.000E+00 1.692E+01 5.491E-02  0.0000 0.17725
  2.000E+00 2.066E+01 1.499E+01 0.000E+00 0.000E+00 0.000E+00 0.000E+00 1.499E+01 7.379E-02  0.0000 0.19186
  2.500E+00 2.312E+01 1.267E+01 0.000E+00 0.000E+00 0.000E+00 0.000E+00 1.267E+01 1.102E-01  0.0000 0.21376
  3.000E+00 2.536E+01 1.105E+01 0.000E+00 0.000E+00 0.000E+00 0.000E+00 1.105E+01 1.526E-01  0.0000 0.23336
  3.500E+00 2.742E+01 9.830E+00 0.000E+00 0.000E+00 0.000E+00 0.000E+00 9.830E+00 2.007E-01  0.0000 0.25120
  4.000E+00 2.935E+01 8.886E+00 0.000E+00 0.000E+00 0.000E+00 0.000E+00 8.886E+00 2.543E-01  0.0000 0.26763
  4.500E+00 3.116E+01 8.130E+00 0.000E+00 0.000E+00 0.000E+00 0.000E+00 8.130E+00 3.132E-01  0.0000 0.28290
  5.000E+00 3.289E+01 7.509E+00 0.000E+00 0.000E+00 0.000E+00 0.000E+00 7.509E+00 3.772E-01  0.0000 0.29720
  5.500E+00 3.453E+01 6.990E+00 0.000E+00 0.000E+00 0.000E+00 0.000E+00 6.990E+00 4.463E-01  0.0000 0.31066
  6.000E+00 3.611E+01 6.549E+00 0.000E+00 0.000E+00 0.000E+00 0.000E+00 6.549E+00 5.202E-01  0.0000 0.32339
  7.000E+00 3.909E+01 5.839E+00 0.000E+00 0.000E+00 0.000E+00 0.000E+00 5.839E+00 6.823E-01  0.0000 0.34700
  8.000E+00 4.189E+01 5.292E+00 0.000E+00 0.000E+00 0.000E+00 0.000E+00 5.292E+00 8.625E-01  0.0000 0.36854
  9.000E+00 4.453E+01 4.855E+00 0.000E+00 0.000E+00 0.000E+00 0.000E+00 4.855E+00 1.060E+00  0.0000 0.38836
  1.000E+01 4.704E+01 4.499E+00 0.000E+00 0.000E+00 0.000E+00 0.000E+00 4.499E+00 1.274E+00  0.0000 0.40675
  1.200E+01 5.177E+01 3.953E+00 0.000E+00 0.000E+00 0.000E+00 0.000E+00 3.953E+00 1.750E+00  0.0000 0.43998
  1.400E+01 5.616E+01 3.552E+00 0.000E+00 0.000E+00 0.000E+00 0.000E+00 3.552E+00 2.285E+00  0.0000 0.46937
  1.700E+01 6.230E+01 3.117E+00 0.000E+00 0.000E+00 0.000E+00 0.000E+00 3.117E+00 3.189E+00  0.0000 0.50792
  2.000E+01 6.802E+01 2.805E+00 0.000E+00 0.000E+00 0.000E+00 0.000E+00 2.805E+00 4.206E+00  0.0000 0.54129
  2.500E+01 7.686E+01 2.445E+00 0.000E+00 0.000E+00 0.000E+00 0.000E+00 2.445E+00 6.123E+00  0.0000 0.58827
  3.000E+01 8.509E+01 2.201E+00 0.000E+00 0.000E+00 0.000E+00 0.000E+00 2.201E+00 8.284E+00  0.0000 0.62720
  3.500E+01 9.285E+01 2.026E+00 0.000E+00 0.000E+00 0.000E+00 0.000E+00 2.026E+00 1.066E+01  0.0001 0.66011
  4.000E+01 1.003E+02 1.894E+00 0.000E+00 0.000E+00 0.000E+00 0.000E+00 1.894E+00 1.321E+01  0.0003 0.68834
  4.500E+01 1.074E+02 1.792E+00 0.000E+00 0.000E+00 0.000E+00 0.000E+00 1.792E+00 1.593E+01  0.0008 0.71286
  5.000E+01 1.143E+02 1.710E+00 0.000E+00 0.000E+00 0.000E+00 0.000E+00 1.710E+00 1.879E+01  0.0015 0.73434
  5.500E+01 1.210E+02 1.644E+00 0.000E+00 0.000E+00 0.000E+00 0.000E+00 1.644E+00 2.177E+01  0.0023 0.75332
  6.000E+01 1.276E+02 1.590E+00 0.000E+00 0.000E+00 0.000E+00 0.000E+00 1.590E+00 2.486E+01  0.0034 0.77019
  7.000E+01 1.403E+02 1.507E+00 0.000E+00 0.000E+00 0.000E+00 0.000E+00 1.507E+00 3.133E+01  0.0058 0.79887
  8.000E+01 1.527E+02 1.446E+00 0.000E+00 0.000E+00 0.000E+00 0.000E+00 1.446E+00 3.811E+01  0.0089 0.82227
  9.000E+01 1.647E+02 1.402E+00 0.000E+00 0.000E+00 0.000E+00 0.000E+00 1.402E+00 4.514E+01  0.0125 0.84166
  1.000E+02 1.764E+02 1.367E+00 0.000E+00 0.000E+00 0.000E+00 0.000E+00 1.367E+00 5.237E+01  0.0166 0.85794
  1.200E+02 1.994E+02 1.321E+00 0.000E+00 0.000E+00 0.000E+00 0.000E+00 1.321E+00 6.727E+01  0.0260 0.88361
  1.400E+02 2.218E+02 1.292E+00 0.000E+00 0.000E+00 0.000E+00 0.000E+00 1.292E+00 8.259E+01  0.0369 0.90278
  1.700E+02 2.546E+02 1.269E+00 0.000E+00 0.000E+00 0.000E+00 0.000E+00 1.269E+00 1.060E+02  0.0553 0.92363
  2.000E+02 2.868E+02 1.258E+00 0.000E+00 0.000E+00 0.000E+00 0.000E+00 1.258E+00 1.298E+02  0.0751 0.93835
  2.500E+02 3.396E+02 1.255E+00 0.000E+00 0.000E+00 0.000E+00 0.000E+00 1.255E+00 1.696E+02  0.1097 0.95485
  3.000E+02 3.917E+02 1.261E+00 0.000E+00 0.000E+00 0.000E+00 0.000E+00 1.261E+00 2.094E+02  0.1449 0.96548
  3.500E+02 4.432E+02 1.271E+00 0.000E+00 0.000E+00 0.000E+00 0.000E+00 1.271E+00 2.489E+02  0.1798 0.97274
  4.000E+02 4.945E+02 1.283E+00 4.257E-05 7.260E-06 0.000E+00 4.983E-05 1.283E+00 2.880E+02  0.2142 0.97793
  4.500E+02 5.455E+02 1.296E+00 1.798E-04 3.634E-05 0.000E+00 2.161E-04 1.296E+00 3.268E+02  0.2480 0.98176
  5.000E+02 5.964E+02 1.308E+00 2.755E-04 5.558E-05 0.000E+00 3.310E-04 1.309E+00 3.652E+02  0.2812 0.98467
  5.500E+02 6.471E+02 1.321E+00 3.573E-04 7.752E-05 1.466E-05 4.495E-04 1.321E+00 4.032E+02  0.3138 0.98693
  6.000E+02 6.977E+02 1.333E+00 4.329E-04 1.026E-04 4.903E-05 5.846E-04 1.334E+00 4.409E+02  0.3459 0.98873
  7.000E+02 7.987E+02 1.356E+00 5.770E-04 1.624E-04 1.172E-04 8.566E-04 1.357E+00 5.152E+02  0.4086 0.99136
  8.000E+02 8.995E+02 1.377E+00 7.197E-04 2.342E-04 1.813E-04 1.135E-03 1.378E+00 5.883E+02  0.4695 0.99317
  9.000E+02 1.000E+03 1.396E+00 8.650E-04 3.174E-04 2.424E-04 1.425E-03 1.398E+00 6.604E+02  0.5287 0.99447
  1.000E+03 1.101E+03 1.414E+00 1.014E-03 4.113E-04 3.014E-04 1.727E-03 1.416E+00 7.315E+02  0.5862 0.99542
  1.200E+03 1.301E+03 1.445E+00 1.327E-03 6.286E-04 4.150E-04 2.370E-03 1.448E+00 8.712E+02  0.6960 0.99672
  1.400E+03 1.502E+03 1.472E+00 1.658E-03 8.820E-04 5.245E-04 3.064E-03 1.475E+00 1.008E+03  0.7990 0.99753
  1.700E+03 1.803E+03 1.506E+00 2.186E-03 1.322E-03 6.833E-04 4.192E-03 1.511E+00 1.209E+03  0.9417 0.99829
  2.000E+03 2.103E+03 1.535E+00 2.750E-03 1.826E-03 8.371E-04 5.413E-03 1.540E+00 1.406E+03  1.0719 0.99874
  2.500E+03 2.604E+03 1.574E+00 3.755E-03 2.787E-03 1.085E-03 7.628E-03 1.582E+00 1.726E+03  1.2662 0.99918
  3.000E+03 3.104E+03 1.606E+00 4.831E-03 3.880E-03 1.324E-03 1.004E-02 1.616E+00 2.038E+03  1.4380 0.99942
  3.500E+03 3.604E+03 1.632E+00 5.966E-03 5.085E-03 1.557E-03 1.261E-02 1.645E+00 2.345E+03  1.5926 0.99957
  4.000E+03 4.104E+03 1.655E+00 7.153E-03 6.398E-03 1.784E-03 1.533E-02 1.670E+00 2.647E+03  1.7337 0.99967
  4.500E+03 4.604E+03 1.674E+00 8.384E-03 7.803E-03 2.006E-03 1.819E-02 1.692E+00 2.944E+03  1.8640 0.99974
  5.000E+03 5.105E+03 1.691E+00 9.656E-03 9.288E-03 2.224E-03 2.117E-02 1.713E+00 3.238E+03  1.9854 0.99979
  5.500E+03 5.605E+03 1.707E+00 1.096E-02 1.084E-02 2.439E-03 2.425E-02 1.731E+00 3.528E+03  2.0992 0.99982
  6.000E+03 6.105E+03 1.720E+00 1.231E-02 1.247E-02 2.650E-03 2.742E-02 1.748E+00 3.815E+03  2.2065 0.99985
  7.000E+03 7.105E+03 1.744E+00 1.508E-02 1.589E-02 3.063E-03 3.403E-02 1.778E+00 4.383E+03  2.4046 0.99989
  8.000E+03 8.105E+03 1.764E+00 1.795E-02 1.951E-02 3.467E-03 4.093E-02 1.805E+00 4.941E+03  2.5842 0.99992
  9.000E+03 9.105E+03 1.781E+00 2.092E-02 2.332E-02 3.863E-03 4.810E-02 1.829E+00 5.491E+03  2.7485 0.99993
  1.000E+04 1.011E+04 1.796E+00 2.396E-02 2.729E-02 4.251E-03 5.550E-02 1.851E+00 6.034E+03  2.8998 0.99995
  1.200E+04 1.211E+04 1.821E+00 3.026E-02 3.564E-02 5.012E-03 7.090E-02 1.892E+00 7.103E+03  3.1705 0.99996
  1.400E+04 1.411E+04 1.841E+00 3.679E-02 4.446E-02 5.753E-03 8.700E-02 1.928E+00 8.150E+03  3.4074 0.99997
  1.700E+04 1.711E+04 1.866E+00 4.696E-02 5.842E-02 6.838E-03 1.122E-01 1.978E+00 9.685E+03  3.7148 0.99998
  2.000E+04 2.011E+04 1.886E+00 5.750E-02 7.310E-02 7.898E-03 1.385E-01 2.025E+00 1.118E+04  3.9792 0.99999
  2.500E+04 2.511E+04 1.913E+00 7.573E-02 9.884E-02 9.622E-03 1.842E-01 2.097E+00 1.361E+04  4.3520 0.99999
  3.000E+04 3.011E+04 1.934E+00 9.463E-02 1.259E-01 1.131E-02 2.318E-01 2.165E+00 1.596E+04  4.6647 0.99999
  3.500E+04 3.511E+04 1.951E+00 1.141E-01 1.539E-01 1.297E-02 2.809E-01 2.232E+00 1.823E+04  4.9344 1.00000
  4.000E+04 4.011E+04 1.965E+00 1.340E-01 1.827E-01 1.460E-02 3.313E-01 2.296E+00 2.044E+04  5.1719 1.00000
  4.500E+04 4.511E+04 1.977E+00 1.543E-01 2.123E-01 1.623E-02 3.828E-01 2.360E+00 2.259E+04  5.3840 1.00000
  5.000E+04 5.011E+04 1.988E+00 1.750E-01 2.424E-01 1.784E-02 4.353E-01 2.423E+00 2.468E+04  5.5758 1.00000
  5.500E+04 5.511E+04 1.998E+00 1.960E-01 2.731E-01 1.943E-02 4.885E-01 2.486E+00 2.671E+04  5.7508 1.00000
  6.000E+04 6.011E+04 2.006E+00 2.172E-01 3.043E-01 2.102E-02 5.425E-01 2.549E+00 2.870E+04  5.9117 1.00000
  7.000E+04 7.011E+04 2.021E+00 2.604E-01 3.677E-01 2.419E-02 6.523E-01 2.674E+00 3.253E+04  6.1991 1.00000
  8.000E+04 8.011E+04 2.034E+00 3.045E-01 4.324E-01 2.733E-02 7.642E-01 2.798E+00 3.619E+04  6.4503 1.00000
  9.000E+04 9.011E+04 2.045E+00 3.492E-01 4.983E-01 3.046E-02 8.779E-01 2.923E+00 3.968E+04  6.6733 1.00000
  1.000E+05 1.001E+05 2.055E+00 3.946E-01 5.650E-01 3.358E-02 9.932E-01 3.048E+00 4.303E+04  6.8738 1.00000
  1.200E+05 1.201E+05 2.072E+00 4.869E-01 7.008E-01 3.981E-02 1.227E+00 3.299E+00 4.934E+04  7.2227 1.00000
  1.400E+05 1.401E+05 2.086E+00 5.810E-01 8.389E-01 4.604E-02 1.466E+00 3.552E+00 5.518E+04  7.5196 1.00000
  1.700E+05 1.701E+05 2.103E+00 7.247E-01 1.050E+00 5.539E-02 1.830E+00 3.933E+00 6.320E+04  7.8956 1.00000
  2.000E+05 2.001E+05 2.117E+00 8.709E-01 1.263E+00 6.476E-02 2.199E+00 4.316E+00 7.048E+04  8.2119 1.00000
  2.500E+05 2.501E+05 2.137E+00 1.119E+00 1.625E+00 8.045E-02 2.825E+00 4.961E+00 8.128E+04  8.6486 1.00000
  3.000E+05 3.001E+05 2.153E+00 1.371E+00 1.992E+00 9.624E-02 3.459E+00 5.612E+00 9.075E+04  9.0071 1.00000
  3.500E+05 3.501E+05 2.166E+00 1.627E+00 2.362E+00 1.122E-01 4.101E+00 6.267E+00 9.918E+04  9.3113 1.00000
  4.000E+05 4.001E+05 2.177E+00 1.885E+00 2.735E+00 1.282E-01 4.749E+00 6.926E+00 1.068E+05  9.5755 1.00000
  4.500E+05 4.501E+05 2.188E+00 2.146E+00 3.111E+00 1.443E-01 5.401E+00 7.588E+00 1.137E+05  9.8090 1.00000
  5.000E+05 5.001E+05 2.197E+00 2.408E+00 3.488E+00 1.605E-01 6.057E+00 8.253E+00 1.200E+05 10.0182 1.00000
  5.500E+05 5.501E+05 2.205E+00 2.673E+00 3.867E+00 1.769E-01 6.716E+00 8.921E+00 1.258E+05 10.2076 1.00000
  6.000E+05 6.001E+05 2.212E+00 2.938E+00 4.247E+00 1.933E-01 7.378E+00 9.591E+00 1.312E+05 10.3807 1.00000
  7.000E+05 7.001E+05 2.226E+00 3.473E+00 5.010E+00 2.264E-01 8.710E+00 1.094E+01 1.410E+05 10.6877 1.00000
  8.000E+05 8.001E+05 2.237E+00 4.012E+00 5.777E+00 2.599E-01 1.005E+01 1.229E+01 1.496E+05 10.9539 1.00000
  9.000E+05 9.001E+05 2.247E+00 4.554E+00 6.548E+00 2.937E-01 1.140E+01 1.364E+01 1.573E+05 11.1889 1.00000
  1.000E+06 1.000E+06 2.256E+00 5.099E+00 7.320E+00 3.278E-01 1.275E+01 1.500E+01 1.643E+05 11.3991 1.00000
  1.200E+06 1.200E+06 2.272E+00 6.195E+00 8.870E+00 3.969E-01 1.546E+01 1.773E+01 1.765E+05 11.7632 1.00000
  1.400E+06 1.400E+06 2.286E+00 7.299E+00 1.043E+01 4.669E-01 1.819E+01 2.048E+01 1.870E+05 12.0711 1.00000
  1.700E+06 1.700E+06 2.303E+00 8.965E+00 1.277E+01 5.736E-01 2.231E+01 2.461E+01 2.004E+05 12.4591 1.00000
  2.000E+06 2.000E+06 2.317E+00 1.064E+01 1.512E+01 6.820E-01 2.644E+01 2.876E+01 2.116E+05 12.7839 1.00000
  2.500E+06 2.500E+06 2.337E+00 1.345E+01 1.905E+01 8.660E-01 3.336E+01 3.570E+01 2.272E+05 13.2300 1.00000
  3.000E+06 3.000E+06 2.354E+00 1.627E+01 2.298E+01 1.054E+00 4.030E+01 4.266E+01 2.400E+05 13.5946 1.00000
  3.500E+06 3.500E+06 2.368E+00 1.910E+01 2.693E+01 1.244E+00 4.727E+01 4.964E+01 2.509E+05 13.9028 1.00000
  4.000E+06 4.000E+06 2.380E+00 2.194E+01 3.088E+01 1.438E+00 5.425E+01 5.663E+01 2.603E+05 14.1698 1.00000
  4.500E+06 4.500E+06 2.391E+00 2.478E+01 3.483E+01 1.634E+00 6.125E+01 6.364E+01 2.686E+05 14.4054 1.00000
  5.000E+06 5.000E+06 2.400E+00 2.763E+01 3.879E+01 1.832E+00 6.826E+01 7.066E+01 2.761E+05 14.6161 1.00000
  5.500E+06 5.500E+06 2.409E+00 3.049E+01 4.275E+01 2.032E+00 7.528E+01 7.768E+01 2.828E+05 14.8067 1.00000
  6.000E+06 6.000E+06 2.417E+00 3.335E+01 4.672E+01 2.234E+00 8.230E+01 8.472E+01 2.890E+05 14.9807 1.00000
  7.000E+06 7.000E+06 2.431E+00 3.907E+01 5.465E+01 2.644E+00 9.637E+01 9.880E+01 2.999E+05 15.2890 1.00000
  8.000E+06 8.000E+06 2.444E+00 4.481E+01 6.259E+01 3.059E+00 1.105E+02 1.129E+02 3.094E+05 15.5560 1.00000
  9.000E+06 9.000E+06 2.455E+00 5.055E+01 7.054E+01 3.481E+00 1.246E+02 1.270E+02 3.177E+05 15.7916 1.00000
  1.000E+07 1.000E+07 2.465E+00 5.630E+01 7.849E+01 3.907E+00 1.387E+02 1.412E+02 3.252E+05 16.0023 1.00000
  1.200E+07 1.200E+07 2.482E+00 6.782E+01 9.440E+01 4.773E+00 1.670E+02 1.695E+02 3.381E+05 16.3669 1.00000
  1.400E+07 1.400E+07 2.497E+00 7.934E+01 1.103E+02 5.655E+00 1.953E+02 1.978E+02 3.490E+05 16.6752 1.00000
  1.700E+07 1.700E+07 2.516E+00 9.666E+01 1.342E+02 7.004E+00 2.379E+02 2.404E+02 3.628E+05 17.0635 1.00000
  2.000E+07 2.000E+07 2.532E+00 1.140E+02 1.581E+02 8.380E+00 2.805E+02 2.830E+02 3.742E+05 17.3885 1.00000
  2.500E+07 2.500E+07 2.554E+00 1.429E+02 1.980E+02 1.072E+01 3.516E+02 3.541E+02 3.900E+05 17.8348 1.00000
  3.000E+07 3.000E+07 2.572E+00 1.718E+02 2.378E+02 1.312E+01 4.228E+02 4.254E+02 4.029E+05 18.1995 1.00000
  3.500E+07 3.500E+07 2.588E+00 2.008E+02 2.777E+02 1.556E+01 4.941E+02 4.967E+02 4.137E+05 18.5078 1.00000
  4.000E+07 4.000E+07 2.601E+00 2.297E+02 3.176E+02 1.805E+01 5.654E+02 5.680E+02 4.231E+05 18.7748 1.00000
  4.500E+07 4.500E+07 2.613E+00 2.587E+02 3.575E+02 2.057E+01 6.368E+02 6.394E+02 4.314E+05 19.0104 1.00000
  5.000E+07 5.000E+07 2.624E+00 2.877E+02 3.974E+02 2.312E+01 7.082E+02 7.109E+02 4.389E+05 19.2211 1.00000
  5.500E+07 5.500E+07 2.634E+00 3.167E+02 4.374E+02 2.570E+01 7.797E+02 7.824E+02 4.456E+05 19.4117 1.00000
  6.000E+07 6.000E+07 2.642E+00 3.457E+02 4.773E+02 2.831E+01 8.512E+02 8.539E+02 4.517E+05 19.5858 1.00000
  7.000E+07 7.000E+07 2.658E+00 4.036E+02 5.571E+02 3.360E+01 9.944E+02 9.970E+02 4.625E+05 19.8941 1.00000
  8.000E+07 8.000E+07 2.672E+00 4.617E+02 6.370E+02 3.898E+01 1.138E+03 1.140E+03 4.719E+05 20.1611 1.00000
  9.000E+07 9.000E+07 2.685E+00 5.197E+02 7.168E+02 4.444E+01 1.281E+03 1.284E+03 4.801E+05 20.3967 1.00000
  1.000E+08 1.000E+08 2.696E+00 5.777E+02 7.967E+02 4.997E+01 1.424E+03 1.427E+03 4.875E+05 20.6074 1.00000
  1.200E+08 1.200E+08 2.715E+00 6.937E+02 9.564E+02 6.122E+01 1.711E+03 1.714E+03 5.003E+05 20.9721 1.00000
  1.400E+08 1.400E+08 2.732E+00 8.098E+02 1.116E+03 7.270E+01 1.999E+03 2.001E+03 5.111E+05 21.2804 1.00000
  1.700E+08 1.700E+08 2.753E+00 9.840E+02 1.356E+03 9.028E+01 2.430E+03 2.433E+03 5.247E+05 21.6687 1.00000
  2.000E+08 2.000E+08 2.770E+00 1.158E+03 1.595E+03 1.082E+02 2.862E+03 2.865E+03 5.360E+05 21.9937 1.00000
  2.500E+08 2.500E+08 2.795E+00 1.448E+03 1.995E+03 1.389E+02 3.582E+03 3.585E+03 5.516E+05 22.4400 1.00000
  3.000E+08 3.000E+08 2.815E+00 1.739E+03 2.394E+03 1.702E+02 4.303E+03 4.306E+03 5.643E+05 22.8046 1.00000
  3.500E+08 3.500E+08 2.832E+00 2.029E+03 2.794E+03 2.022E+02 5.025E+03 5.028E+03 5.750E+05 23.1129 1.00000
  4.000E+08 4.000E+08 2.847E+00 2.319E+03 3.193E+03 2.348E+02 5.748E+03 5.751E+03 5.843E+05 23.3800 1.00000
  4.500E+08 4.500E+08 2.861E+00 2.610E+03 3.593E+03 2.679E+02 6.471E+03 6.473E+03 5.925E+05 23.6156 1.00000
  5.000E+08 5.000E+08 2.873E+00 2.900E+03 3.992E+03 3.014E+02 7.194E+03 7.197E+03 5.998E+05 23.8263 1.00000
  5.500E+08 5.500E+08 2.884E+00 3.190E+03 4.392E+03 3.353E+02 7.918E+03 7.921E+03 6.065E+05 24.0169 1.00000
  6.000E+08 6.000E+08 2.894E+00 3.481E+03 4.792E+03 3.697E+02 8.642E+03 8.645E+03 6.125E+05 24.1909 1.00000
  7.000E+08 7.000E+08 2.912E+00 4.062E+03 5.591E+03 4.393E+02 1.009E+04 1.009E+04 6.232E+05 24.4992 1.00000
  8.000E+08 8.000E+08 2.927E+00 4.642E+03 6.390E+03 5.102E+02 1.154E+04 1.155E+04 6.324E+05 24.7663 1.00000
  9.000E+08 9.000E+08 2.941E+00 5.223E+03 7.189E+03 5.822E+02 1.299E+04 1.300E+04 6.406E+05 25.0017 1.00000
  1.000E+09 1.000E+09 2.953E+00 5.804E+03 7.988E+03 6.552E+02 1.445E+04 1.445E+04 6.479E+05 25.2125 1.00000
  1.200E+09 1.200E+09 2.975E+00 6.965E+03 9.586E+03 8.039E+02 1.736E+04 1.736E+04 6.605E+05 25.5771 1.00000
  1.400E+09 1.400E+09 2.993E+00 8.127E+03 1.118E+04 9.557E+02 2.027E+04 2.027E+04 6.712E+05 25.8850 1.00000
  1.700E+09 1.700E+09 3.017E+00 9.869E+03 1.358E+04 1.188E+03 2.464E+04 2.464E+04 6.846E+05 26.2733 1.00000
  2.000E+09 2.000E+09 3.037E+00 1.161E+04 1.598E+04 1.426E+03 2.902E+04 2.902E+04 6.958E+05 26.5968 1.00000
  2.500E+09 2.500E+09 3.064E+00 1.452E+04 1.997E+04 1.833E+03 3.632E+04 3.633E+04 7.112E+05 27.0431 1.00000
  3.000E+09 3.000E+09 3.087E+00 1.742E+04 2.397E+04 2.250E+03 4.364E+04 4.364E+04 7.237E+05 27.4013 1.00000
  3.500E+09 3.500E+09 3.107E+00 2.032E+04 2.797E+04 2.676E+03 5.096E+04 5.097E+04 7.343E+05 27.7096 1.00000
  4.000E+09 4.000E+09 3.123E+00 2.323E+04 3.196E+04 3.110E+03 5.830E+04 5.830E+04 7.434E+05 27.9766 1.00000
  4.500E+09 4.500E+09 3.140E+00 2.613E+04 3.596E+04 3.551E+03 6.564E+04 6.564E+04 7.515E+05 28.1831 1.00000
  5.000E+09 5.000E+09 3.154E+00 2.903E+04 3.995E+04 3.998E+03 7.299E+04 7.299E+04 7.587E+05 28.3938 1.00000
  5.500E+09 5.500E+09 3.166E+00 3.194E+04 4.395E+04 4.451E+03 8.034E+04 8.034E+04 7.653E+05 28.5844 1.00000
  6.000E+09 6.000E+09 3.177E+00 3.484E+04 4.794E+04 4.909E+03 8.770E+04 8.770E+04 7.712E+05 28.7584 1.00000
  7.000E+09 7.000E+09 3.197E+00 4.065E+04 5.594E+04 5.840E+03 1.024E+05 1.024E+05 7.818E+05 29.0667 1.00000
  8.000E+09 8.000E+09 3.224E+00 4.646E+04 6.393E+04 6.789E+03 1.172E+05 1.172E+05 7.909E+05 29.1783 1.00000
  9.000E+09 9.000E+09 3.240E+00 5.227E+04 7.192E+04 7.753E+03 1.319E+05 1.319E+05 7.989E+05 29.4139 1.00000
  1.000E+10 1.000E+10 3.254E+00 5.807E+04 7.991E+04 8.732E+03 1.467E+05 1.467E+05 8.061E+05 29.6246 1.00000
  1.200E+10 1.200E+10 3.278E+00 6.969E+04 9.589E+04 1.073E+04 1.763E+05 1.763E+05 8.185E+05 29.9892 1.00000
  1.400E+10 1.400E+10 3.298E+00 8.130E+04 1.119E+05 1.277E+04 2.059E+05 2.059E+05 8.290E+05 30.2975 1.00000
  1.700E+10 1.700E+10 3.325E+00 9.873E+04 1.358E+05 1.590E+04 2.505E+05 2.505E+05 8.422E+05 30.6859 1.00000
  2.000E+10 2.000E+10 3.347E+00 1.161E+05 1.598E+05 1.910E+04 2.951E+05 2.951E+05 8.532E+05 31.0109 1.00000
  2.500E+10 2.500E+10 3.377E+00 1.452E+05 1.998E+05 2.458E+04 3.695E+05 3.696E+05 8.684E+05 31.4572 1.00000
  3.000E+10 3.000E+10 3.403E+00 1.742E+05 2.397E+05 3.021E+04 4.442E+05 4.442E+05 8.807E+05 31.8218 1.00000
  3.500E+10 3.500E+10 3.424E+00 2.033E+05 2.797E+05 3.597E+04 5.189E+05 5.189E+05 8.911E+05 32.1301 1.00000
  4.000E+10 4.000E+10 3.443E+00 2.323E+05 3.196E+05 4.185E+04 5.938E+05 5.938E+05 9.001E+05 32.3972 1.00000
  4.500E+10 4.500E+10 3.460E+00 2.613E+05 3.596E+05 4.782E+04 6.688E+05 6.688E+05 9.080E+05 32.6328 1.00000
  5.000E+10 5.000E+10 3.475E+00 2.904E+05 3.996E+05 5.388E+04 7.438E+05 7.438E+05 9.151E+05 32.8435 1.00000
  5.500E+10 5.500E+10 3.488E+00 3.194E+05 4.395E+05 6.003E+04 8.190E+05 8.190E+05 9.215E+05 33.0341 1.00000
  6.000E+10 6.000E+10 3.501E+00 3.485E+05 4.795E+05 6.625E+04 8.942E+05 8.942E+05 9.273E+05 33.2081 1.00000
  7.000E+10 7.000E+10 3.523E+00 4.065E+05 5.594E+05 7.891E+04 1.045E+06 1.045E+06 9.377E+05 33.5164 1.00000
  8.000E+10 8.000E+10 3.543E+00 4.646E+05 6.393E+05 9.182E+04 1.196E+06 1.196E+06 9.466E+05 33.7835 1.00000
  9.000E+10 9.000E+10 3.560E+00 5.227E+05 7.192E+05 1.050E+05 1.347E+06 1.347E+06 9.545E+05 34.0191 1.00000
  1.000E+11 1.000E+11 3.575E+00 5.808E+05 7.991E+05 1.183E+05 1.498E+06 1.498E+06 9.615E+05 34.2298 1.00000
  1.200E+11 1.200E+11 3.602E+00 6.969E+05 9.589E+05 1.455E+05 1.801E+06 1.801E+06 9.737E+05 34.5944 1.00000
  1.400E+11 1.400E+11 3.625E+00 8.131E+05 1.119E+06 1.734E+05 2.105E+06 2.105E+06 9.840E+05 34.9027 1.00000
  1.700E+11 1.700E+11 3.655E+00 9.873E+05 1.358E+06 2.162E+05 2.562E+06 2.562E+06 9.969E+05 35.2910 1.00000
  2.000E+11 2.000E+11 3.679E+00 1.162E+06 1.598E+06 2.601E+05 3.020E+06 3.020E+06 1.008E+06 35.6161 1.00000
  2.500E+11 2.500E+11 3.714E+00 1.452E+06 1.998E+06 3.354E+05 3.785E+06 3.785E+06 1.022E+06 36.0624 1.00000
  3.000E+11 3.000E+11 3.742E+00 1.742E+06 2.397E+06 4.128E+05 4.552E+06 4.552E+06 1.034E+06 36.4270 1.00000
  3.500E+11 3.500E+11 3.766E+00 2.033E+06 2.797E+06 4.921E+05 5.322E+06 5.322E+06 1.045E+06 36.7353 1.00000
  4.000E+11 4.000E+11 3.787E+00 2.323E+06 3.196E+06 5.731E+05 6.092E+06 6.092E+06 1.053E+06 37.0024 1.00000
  4.500E+11 4.500E+11 3.806E+00 2.613E+06 3.596E+06 6.555E+05 6.865E+06 6.865E+06 1.061E+06 37.2379 1.00000
  5.000E+11 5.000E+11 3.822E+00 2.904E+06 3.995E+06 7.393E+05 7.639E+06 7.639E+06 1.068E+06 37.4486 1.00000
  5.500E+11 5.500E+11 3.838E+00 3.194E+06 4.395E+06 8.243E+05 8.413E+06 8.413E+06 1.074E+06 37.6393 1.00000
  6.000E+11 6.000E+11 3.852E+00 3.485E+06 4.794E+06 9.104E+05 9.189E+06 9.189E+06 1.080E+06 37.8133 1.00000
  7.000E+11 7.000E+11 3.877E+00 4.065E+06 5.593E+06 1.086E+06 1.074E+07 1.074E+07 1.090E+06 38.1216 1.00000
  8.000E+11 8.000E+11 3.898E+00 4.646E+06 6.393E+06 1.265E+06 1.230E+07 1.230E+07 1.099E+06 38.3887 1.00000
  9.000E+11 9.000E+11 3.918E+00 5.227E+06 7.192E+06 1.447E+06 1.387E+07 1.387E+07 1.106E+06 38.6242 1.00000
  1.000E+12 1.000E+12 3.935E+00 5.808E+06 7.991E+06 1.633E+06 1.543E+07 1.543E+07 1.113E+06 38.8349 1.00000
