 Incident particle is a Muon with M = 105.65839 MeV
 Index = 0: Calcium
      Absorber with <Z/A> = 0.49903
 Density effect computed following Fano (1963)
 Models for Radloss: brems =  SSR, pair =  SSR, photonuc = DRSS

 *** Table generated with PUMAS v1.1 ***

      T         p     Ionization  brems     pair     photonuc  Radloss    dE/dx   CSDA Range  delta   beta
    [MeV]    [MeV/c]  -----------------------[MeV cm^2/g]------------------------  [g/cm^2]
  1.000E+00 1.457E+01 3.776E+01 0.000E+00 0.000E+00 0.000E+00 0.000E+00 3.776E+01 1.324E-02  0.0000 0.13661
  1.200E+00 1.597E+01 3.279E+01 0.000E+00 0.000E+00 0.000E+00 0.000E+00 3.279E+01 1.894E-02  0.0000 0.14944
  1.400E+00 1.726E+01 2.908E+01 0.000E+00 0.000E+00 0.000E+00 0.000E+00 2.908E+01 2.543E-02  0.0000 0.16119
  1.700E+00 1.903E+01 2.497E+01 0.000E+00 0.000E+00 0.000E+00 0.000E+00 2.497E+01 3.660E-02  0.0000 0.17725
  2.000E+00 2.066E+01 2.198E+01 0.000E+00 0.000E+00 0.000E+00 0.000E+00 2.198E+01 4.944E-02  0.0000 0.19186
  2.500E+00 2.312E+01 1.843E+01 0.000E+00 0.000E+00 0.000E+00 0.000E+00 1.843E+01 7.440E-02  0.0000 0.21376
  3.000E+00 2.536E+01 1.596E+01 0.000E+00 0.000E+00 0.000E+00 0.000E+00 1.596E+01 1.036E-01  0.0000 0.23336
  3.500E+00 2.742E+01 1.413E+01 0.000E+00 0.000E+00 0.000E+00 0.000E+00 1.413E+01 1.370E-01  0.0000 0.25120
  4.000E+00 2.935E+01 1.272E+01 0.000E+00 0.000E+00 0.000E+00 0.000E+00 1.272E+01 1.744E-01  0.0000 0.26763
  4.500E+00 3.116E+01 1.160E+01 0.000E+00 0.000E+00 0.000E+00 0.000E+00 1.160E+01 2.156E-01  0.0000 0.28290
  5.000E+00 3.289E+01 1.068E+01 0.000E+00 0.000E+00 0.000E+00 0.000E+00 1.068E+01 2.605E-01  0.0000 0.29720
  5.500E+00 3.453E+01 9.919E+00 0.000E+00 0.000E+00 0.000E+00 0.000E+00 9.919E+00 3.092E-01  0.0000 0.31066
  6.000E+00 3.611E+01 9.272E+00 0.000E+00 0.000E+00 0.000E+00 0.000E+00 9.272E+00 3.613E-01  0.0000 0.32339
  7.000E+00 3.909E+01 8.235E+00 0.000E+00 0.000E+00 0.000E+00 0.000E+00 8.235E+00 4.760E-01  0.0000 0.34700
  8.000E+00 4.189E+01 7.439E+00 0.000E+00 0.000E+00 0.000E+00 0.000E+00 7.439E+00 6.040E-01  0.0000 0.36854
  9.000E+00 4.453E+01 6.808E+00 0.000E+00 0.000E+00 0.000E+00 0.000E+00 6.808E+00 7.447E-01  0.0000 0.38836
  1.000E+01 4.704E+01 6.295E+00 0.000E+00 0.000E+00 0.000E+00 0.000E+00 6.295E+00 8.976E-01  0.0000 0.40675
  1.200E+01 5.177E+01 5.509E+00 0.000E+00 0.000E+00 0.000E+00 0.000E+00 5.509E+00 1.238E+00  0.0000 0.43998
  1.400E+01 5.616E+01 4.935E+00 0.000E+00 0.000E+00 0.000E+00 0.000E+00 4.935E+00 1.623E+00  0.0000 0.46937
  1.700E+01 6.230E+01 4.315E+00 0.000E+00 0.000E+00 0.000E+00 0.000E+00 4.315E+00 2.275E+00  0.0000 0.50792
  2.000E+01 6.802E+01 3.873E+00 0.000E+00 0.000E+00 0.000E+00 0.000E+00 3.873E+00 3.010E+00  0.0002 0.54129
  2.500E+01 7.686E+01 3.364E+00 0.000E+00 0.000E+00 0.000E+00 0.000E+00 3.364E+00 4.401E+00  0.0012 0.58827
  3.000E+01 8.509E+01 3.019E+00 0.000E+00 0.000E+00 0.000E+00 0.000E+00 3.019E+00 5.974E+00  0.0028 0.62720
  3.500E+01 9.285E+01 2.772E+00 0.000E+00 0.000E+00 0.000E+00 0.000E+00 2.772E+00 7.706E+00  0.0051 0.66011
  4.000E+01 1.003E+02 2.586E+00 0.000E+00 0.000E+00 0.000E+00 0.000E+00 2.586E+00 9.576E+00  0.0078 0.68834
  4.500E+01 1.074E+02 2.442E+00 0.000E+00 0.000E+00 0.000E+00 0.000E+00 2.442E+00 1.157E+01  0.0109 0.71286
  5.000E+01 1.143E+02 2.327E+00 0.000E+00 0.000E+00 0.000E+00 0.000E+00 2.327E+00 1.367E+01  0.0143 0.73434
  5.500E+01 1.210E+02 2.234E+00 0.000E+00 0.000E+00 0.000E+00 0.000E+00 2.234E+00 1.586E+01  0.0181 0.75332
  6.000E+01 1.276E+02 2.157E+00 0.000E+00 0.000E+00 0.000E+00 0.000E+00 2.157E+00 1.814E+01  0.0222 0.77019
  7.000E+01 1.403E+02 2.039E+00 0.000E+00 0.000E+00 0.000E+00 0.000E+00 2.039E+00 2.291E+01  0.0310 0.79887
  8.000E+01 1.527E+02 1.953E+00 0.000E+00 0.000E+00 0.000E+00 0.000E+00 1.953E+00 2.793E+01  0.0405 0.82227
  9.000E+01 1.647E+02 1.889E+00 0.000E+00 0.000E+00 0.000E+00 0.000E+00 1.889E+00 3.314E+01  0.0508 0.84166
  1.000E+02 1.764E+02 1.840E+00 0.000E+00 0.000E+00 0.000E+00 0.000E+00 1.840E+00 3.851E+01  0.0615 0.85794
  1.200E+02 1.994E+02 1.771E+00 0.000E+00 0.000E+00 0.000E+00 0.000E+00 1.771E+00 4.960E+01  0.0844 0.88361
  1.400E+02 2.218E+02 1.728E+00 0.000E+00 0.000E+00 0.000E+00 0.000E+00 1.728E+00 6.105E+01  0.1090 0.90278
  1.700E+02 2.546E+02 1.690E+00 0.000E+00 0.000E+00 0.000E+00 0.000E+00 1.690E+00 7.862E+01  0.1482 0.92363
  2.000E+02 2.868E+02 1.670E+00 0.000E+00 0.000E+00 0.000E+00 0.000E+00 1.670E+00 9.649E+01  0.1900 0.93835
  2.500E+02 3.396E+02 1.658E+00 2.996E-06 0.000E+00 0.000E+00 2.996E-06 1.658E+00 1.266E+02  0.2635 0.95485
  3.000E+02 3.917E+02 1.659E+00 6.451E-05 1.997E-06 0.000E+00 6.650E-05 1.659E+00 1.567E+02  0.3393 0.96548
  3.500E+02 4.432E+02 1.666E+00 1.019E-04 5.471E-06 0.000E+00 1.074E-04 1.666E+00 1.868E+02  0.4151 0.97274
  4.000E+02 4.945E+02 1.676E+00 1.339E-04 1.056E-05 0.000E+00 1.445E-04 1.676E+00 2.167E+02  0.4893 0.97793
  4.500E+02 5.455E+02 1.687E+00 1.641E-04 1.723E-05 0.000E+00 1.814E-04 1.687E+00 2.465E+02  0.5611 0.98176
  5.000E+02 5.964E+02 1.698E+00 1.940E-04 2.546E-05 0.000E+00 2.194E-04 1.699E+00 2.760E+02  0.6302 0.98467
  5.500E+02 6.471E+02 1.710E+00 2.240E-04 3.520E-05 1.510E-05 2.743E-04 1.711E+00 3.053E+02  0.6965 0.98693
  6.000E+02 6.977E+02 1.722E+00 2.545E-04 4.641E-05 5.041E-05 3.513E-04 1.722E+00 3.345E+02  0.7601 0.98873
  7.000E+02 7.987E+02 1.745E+00 3.176E-04 7.305E-05 1.206E-04 5.113E-04 1.745E+00 3.921E+02  0.8793 0.99136
  8.000E+02 8.995E+02 1.766E+00 3.838E-04 1.050E-04 1.869E-04 6.757E-04 1.766E+00 4.491E+02  0.9890 0.99317
  9.000E+02 1.000E+03 1.785E+00 4.530E-04 1.420E-04 2.501E-04 8.452E-04 1.786E+00 5.054E+02  1.0905 0.99447
  1.000E+03 1.101E+03 1.804E+00 5.252E-04 1.838E-04 3.112E-04 1.020E-03 1.805E+00 5.611E+02  1.1850 0.99542
  1.200E+03 1.301E+03 1.836E+00 6.779E-04 2.803E-04 4.293E-04 1.388E-03 1.838E+00 6.709E+02  1.3568 0.99672
  1.400E+03 1.502E+03 1.865E+00 8.408E-04 3.928E-04 5.434E-04 1.777E-03 1.867E+00 7.788E+02  1.5105 0.99753
  1.700E+03 1.803E+03 1.901E+00 1.102E-03 5.880E-04 7.095E-04 2.399E-03 1.904E+00 9.379E+02  1.7160 0.99829
  2.000E+03 2.103E+03 1.932E+00 1.379E-03 8.115E-04 8.709E-04 3.062E-03 1.935E+00 1.094E+03  1.8995 0.99874
  2.500E+03 2.604E+03 1.973E+00 1.875E-03 1.238E-03 1.132E-03 4.244E-03 1.977E+00 1.350E+03  2.1707 0.99918
  3.000E+03 3.104E+03 2.006E+00 2.403E-03 1.723E-03 1.385E-03 5.511E-03 2.011E+00 1.600E+03  2.4103 0.99942
  3.500E+03 3.604E+03 2.033E+00 2.960E-03 2.258E-03 1.631E-03 6.849E-03 2.040E+00 1.847E+03  2.6257 0.99957
  4.000E+03 4.104E+03 2.056E+00 3.542E-03 2.849E-03 1.872E-03 8.263E-03 2.064E+00 2.091E+03  2.8213 0.99967
  4.500E+03 4.604E+03 2.076E+00 4.144E-03 3.486E-03 2.109E-03 9.739E-03 2.085E+00 2.332E+03  3.0002 0.99974
  5.000E+03 5.105E+03 2.093E+00 4.766E-03 4.160E-03 2.341E-03 1.127E-02 2.104E+00 2.570E+03  3.1649 0.99979
  5.500E+03 5.605E+03 2.108E+00 5.405E-03 4.866E-03 2.570E-03 1.284E-02 2.121E+00 2.807E+03  3.3172 0.99982
  6.000E+03 6.105E+03 2.122E+00 6.059E-03 5.604E-03 2.796E-03 1.446E-02 2.137E+00 3.042E+03  3.4588 0.99985
  7.000E+03 7.105E+03 2.146E+00 7.410E-03 7.160E-03 3.239E-03 1.781E-02 2.164E+00 3.507E+03  3.7147 0.99989
  8.000E+03 8.105E+03 2.167E+00 8.809E-03 8.813E-03 3.673E-03 2.129E-02 2.188E+00 3.966E+03  3.9409 0.99992
  9.000E+03 9.105E+03 2.184E+00 1.025E-02 1.055E-02 4.099E-03 2.490E-02 2.209E+00 4.421E+03  4.1435 0.99993
  1.000E+04 1.011E+04 2.200E+00 1.173E-02 1.236E-02 4.518E-03 2.861E-02 2.229E+00 4.872E+03  4.3268 0.99995
  1.200E+04 1.211E+04 2.226E+00 1.479E-02 1.618E-02 5.340E-03 3.631E-02 2.263E+00 5.762E+03  4.6481 0.99996
  1.400E+04 1.411E+04 2.248E+00 1.796E-02 2.023E-02 6.144E-03 4.433E-02 2.292E+00 6.640E+03  4.9234 0.99997
  1.700E+04 1.711E+04 2.275E+00 2.289E-02 2.665E-02 7.324E-03 5.686E-02 2.332E+00 7.938E+03  5.2747 0.99998
  2.000E+04 2.011E+04 2.296E+00 2.799E-02 3.341E-02 8.479E-03 6.988E-02 2.366E+00 9.215E+03  5.5725 0.99999
  2.500E+04 2.511E+04 2.325E+00 3.681E-02 4.530E-02 1.037E-02 9.248E-02 2.418E+00 1.130E+04  5.9868 0.99999
  3.000E+04 3.011E+04 2.348E+00 4.596E-02 5.781E-02 1.221E-02 1.160E-01 2.464E+00 1.335E+04  6.3300 0.99999
  3.500E+04 3.511E+04 2.367E+00 5.538E-02 7.082E-02 1.404E-02 1.402E-01 2.507E+00 1.536E+04  6.6233 1.00000
  4.000E+04 4.011E+04 2.382E+00 6.502E-02 8.425E-02 1.584E-02 1.651E-01 2.548E+00 1.734E+04  6.8795 1.00000
  4.500E+04 4.511E+04 2.396E+00 7.485E-02 9.802E-02 1.763E-02 1.905E-01 2.587E+00 1.929E+04  7.1070 1.00000
  5.000E+04 5.011E+04 2.408E+00 8.485E-02 1.121E-01 1.941E-02 2.164E-01 2.625E+00 2.121E+04  7.3116 1.00000
  5.500E+04 5.511E+04 2.419E+00 9.500E-02 1.264E-01 2.118E-02 2.426E-01 2.662E+00 2.310E+04  7.4975 1.00000
  6.000E+04 6.011E+04 2.429E+00 1.053E-01 1.410E-01 2.294E-02 2.692E-01 2.698E+00 2.497E+04  7.6677 1.00000
  7.000E+04 7.011E+04 2.446E+00 1.262E-01 1.707E-01 2.644E-02 3.234E-01 2.769E+00 2.863E+04  7.9706 1.00000
  8.000E+04 8.011E+04 2.460E+00 1.475E-01 2.012E-01 2.993E-02 3.786E-01 2.839E+00 3.219E+04  8.2339 1.00000
  9.000E+04 9.011E+04 2.473E+00 1.692E-01 2.321E-01 3.341E-02 4.348E-01 2.907E+00 3.567E+04  8.4668 1.00000
  1.000E+05 1.001E+05 2.484E+00 1.912E-01 2.636E-01 3.689E-02 4.917E-01 2.975E+00 3.907E+04  8.6756 1.00000
  1.200E+05 1.201E+05 2.503E+00 2.360E-01 3.277E-01 4.383E-02 6.075E-01 3.110E+00 4.565E+04  9.0376 1.00000
  1.400E+05 1.401E+05 2.519E+00 2.816E-01 3.931E-01 5.078E-02 7.254E-01 3.244E+00 5.194E+04  9.3443 1.00000
  1.700E+05 1.701E+05 2.539E+00 3.513E-01 4.930E-01 6.122E-02 9.055E-01 3.445E+00 6.091E+04  9.7311 1.00000
  2.000E+05 2.001E+05 2.556E+00 4.223E-01 5.946E-01 7.170E-02 1.089E+00 3.644E+00 6.938E+04 10.0552 1.00000
  2.500E+05 2.501E+05 2.579E+00 5.429E-01 7.668E-01 8.926E-02 1.399E+00 3.978E+00 8.251E+04 10.5006 1.00000
  3.000E+05 3.001E+05 2.597E+00 6.657E-01 9.417E-01 1.070E-01 1.714E+00 4.312E+00 9.458E+04 10.8647 1.00000
  3.500E+05 3.501E+05 2.613E+00 7.902E-01 1.119E+00 1.248E-01 2.034E+00 4.647E+00 1.057E+05 11.1727 1.00000
  4.000E+05 4.001E+05 2.627E+00 9.161E-01 1.297E+00 1.428E-01 2.356E+00 4.983E+00 1.161E+05 11.4395 1.00000
  4.500E+05 4.501E+05 2.639E+00 1.043E+00 1.477E+00 1.609E-01 2.681E+00 5.320E+00 1.258E+05 11.6749 1.00000
  5.000E+05 5.001E+05 2.650E+00 1.171E+00 1.657E+00 1.791E-01 3.008E+00 5.658E+00 1.350E+05 11.8855 1.00000
  5.500E+05 5.501E+05 2.659E+00 1.300E+00 1.839E+00 1.975E-01 3.337E+00 5.996E+00 1.435E+05 12.0760 1.00000
  6.000E+05 6.001E+05 2.668E+00 1.430E+00 2.021E+00 2.159E-01 3.667E+00 6.336E+00 1.517E+05 12.2500 1.00000
  7.000E+05 7.001E+05 2.684E+00 1.691E+00 2.388E+00 2.532E-01 4.333E+00 7.017E+00 1.666E+05 12.5582 1.00000
  8.000E+05 8.001E+05 2.698E+00 1.955E+00 2.757E+00 2.908E-01 5.002E+00 7.701E+00 1.802E+05 12.8252 1.00000
  9.000E+05 9.001E+05 2.710E+00 2.220E+00 3.127E+00 3.289E-01 5.676E+00 8.386E+00 1.927E+05 13.0607 1.00000
  1.000E+06 1.000E+06 2.721E+00 2.487E+00 3.499E+00 3.672E-01 6.353E+00 9.074E+00 2.041E+05 13.2714 1.00000
  1.200E+06 1.200E+06 2.740E+00 3.024E+00 4.245E+00 4.449E-01 7.714E+00 1.045E+01 2.247E+05 13.6359 1.00000
  1.400E+06 1.400E+06 2.757E+00 3.566E+00 4.994E+00 5.237E-01 9.084E+00 1.184E+01 2.426E+05 13.9442 1.00000
  1.700E+06 1.700E+06 2.777E+00 4.383E+00 6.123E+00 6.438E-01 1.115E+01 1.393E+01 2.660E+05 14.3325 1.00000
  2.000E+06 2.000E+06 2.795E+00 5.206E+00 7.256E+00 7.658E-01 1.323E+01 1.602E+01 2.860E+05 14.6575 1.00000
  2.500E+06 2.500E+06 2.819E+00 6.587E+00 9.151E+00 9.730E-01 1.671E+01 1.953E+01 3.143E+05 15.1038 1.00000
  3.000E+06 3.000E+06 2.838E+00 7.975E+00 1.105E+01 1.184E+00 2.021E+01 2.305E+01 3.378E+05 15.4684 1.00000
  3.500E+06 3.500E+06 2.855E+00 9.369E+00 1.296E+01 1.399E+00 2.372E+01 2.658E+01 3.580E+05 15.7767 1.00000
  4.000E+06 4.000E+06 2.870E+00 1.077E+01 1.486E+01 1.617E+00 2.725E+01 3.012E+01 3.757E+05 16.0437 1.00000
  4.500E+06 4.500E+06 2.883E+00 1.217E+01 1.678E+01 1.838E+00 3.078E+01 3.367E+01 3.914E+05 16.2793 1.00000
  5.000E+06 5.000E+06 2.895E+00 1.358E+01 1.869E+01 2.061E+00 3.432E+01 3.722E+01 4.055E+05 16.4900 1.00000
  5.500E+06 5.500E+06 2.905E+00 1.498E+01 2.060E+01 2.287E+00 3.787E+01 4.078E+01 4.183E+05 16.6806 1.00000
  6.000E+06 6.000E+06 2.915E+00 1.639E+01 2.252E+01 2.514E+00 4.143E+01 4.434E+01 4.301E+05 16.8546 1.00000
  7.000E+06 7.000E+06 2.932E+00 1.922E+01 2.635E+01 2.976E+00 4.855E+01 5.148E+01 4.510E+05 17.1629 1.00000
  8.000E+06 8.000E+06 2.947E+00 2.205E+01 3.019E+01 3.444E+00 5.569E+01 5.864E+01 4.692E+05 17.4300 1.00000
  9.000E+06 9.000E+06 2.961E+00 2.489E+01 3.403E+01 3.919E+00 6.284E+01 6.580E+01 4.853E+05 17.6655 1.00000
  1.000E+07 1.000E+07 2.973E+00 2.773E+01 3.788E+01 4.399E+00 7.001E+01 7.298E+01 4.997E+05 17.8763 1.00000
  1.200E+07 1.200E+07 2.994E+00 3.342E+01 4.557E+01 5.376E+00 8.436E+01 8.736E+01 5.247E+05 18.2409 1.00000
  1.400E+07 1.400E+07 3.012E+00 3.911E+01 5.327E+01 6.370E+00 9.876E+01 1.018E+02 5.459E+05 18.5492 1.00000
  1.700E+07 1.700E+07 3.034E+00 4.767E+01 6.483E+01 7.891E+00 1.204E+02 1.234E+02 5.726E+05 18.9375 1.00000
  2.000E+07 2.000E+07 3.053E+00 5.624E+01 7.639E+01 9.442E+00 1.421E+02 1.451E+02 5.950E+05 19.2625 1.00000
  2.500E+07 2.500E+07 3.080E+00 7.054E+01 9.568E+01 1.208E+01 1.783E+02 1.814E+02 6.258E+05 19.7088 1.00000
  3.000E+07 3.000E+07 3.102E+00 8.485E+01 1.150E+02 1.479E+01 2.146E+02 2.177E+02 6.509E+05 20.0735 1.00000
  3.500E+07 3.500E+07 3.120E+00 9.918E+01 1.343E+02 1.754E+01 2.510E+02 2.541E+02 6.721E+05 20.3818 1.00000
  4.000E+07 4.000E+07 3.137E+00 1.135E+02 1.536E+02 2.034E+01 2.874E+02 2.906E+02 6.905E+05 20.6488 1.00000
  4.500E+07 4.500E+07 3.151E+00 1.278E+02 1.729E+02 2.318E+01 3.239E+02 3.271E+02 7.067E+05 20.8844 1.00000
  5.000E+07 5.000E+07 3.164E+00 1.422E+02 1.922E+02 2.606E+01 3.604E+02 3.636E+02 7.212E+05 21.0951 1.00000
  5.500E+07 5.500E+07 3.176E+00 1.565E+02 2.115E+02 2.897E+01 3.970E+02 4.002E+02 7.343E+05 21.2857 1.00000
  6.000E+07 6.000E+07 3.187E+00 1.709E+02 2.308E+02 3.191E+01 4.336E+02 4.368E+02 7.463E+05 21.4598 1.00000
  7.000E+07 7.000E+07 3.206E+00 1.996E+02 2.695E+02 3.787E+01 5.069E+02 5.101E+02 7.675E+05 21.7681 1.00000
  8.000E+07 8.000E+07 3.223E+00 2.283E+02 3.081E+02 4.394E+01 5.804E+02 5.836E+02 7.858E+05 22.0351 1.00000
  9.000E+07 9.000E+07 3.238E+00 2.570E+02 3.468E+02 5.009E+01 6.539E+02 6.571E+02 8.019E+05 22.2707 1.00000
  1.000E+08 1.000E+08 3.251E+00 2.858E+02 3.854E+02 5.633E+01 7.275E+02 7.308E+02 8.163E+05 22.4814 1.00000
  1.200E+08 1.200E+08 3.274E+00 3.432E+02 4.627E+02 6.901E+01 8.750E+02 8.783E+02 8.413E+05 22.8461 1.00000
  1.400E+08 1.400E+08 3.294E+00 4.007E+02 5.401E+02 8.195E+01 1.023E+03 1.026E+03 8.623E+05 23.1544 1.00000
  1.700E+08 1.700E+08 3.320E+00 4.870E+02 6.561E+02 1.018E+02 1.245E+03 1.248E+03 8.888E+05 23.5427 1.00000
  2.000E+08 2.000E+08 3.341E+00 5.732E+02 7.721E+02 1.220E+02 1.467E+03 1.471E+03 9.109E+05 23.8677 1.00000
  2.500E+08 2.500E+08 3.370E+00 7.170E+02 9.654E+02 1.565E+02 1.839E+03 1.842E+03 9.412E+05 24.3140 1.00000
  3.000E+08 3.000E+08 3.395E+00 8.608E+02 1.159E+03 1.919E+02 2.211E+03 2.215E+03 9.660E+05 24.6786 1.00000
  3.500E+08 3.500E+08 3.416E+00 1.005E+03 1.352E+03 2.280E+02 2.585E+03 2.588E+03 9.868E+05 24.9869 1.00000
  4.000E+08 4.000E+08 3.434E+00 1.148E+03 1.546E+03 2.647E+02 2.959E+03 2.962E+03 1.005E+06 25.2540 1.00000
  4.500E+08 4.500E+08 3.450E+00 1.292E+03 1.739E+03 3.020E+02 3.333E+03 3.337E+03 1.021E+06 25.4896 1.00000
  5.000E+08 5.000E+08 3.464E+00 1.436E+03 1.932E+03 3.398E+02 3.708E+03 3.712E+03 1.035E+06 25.7003 1.00000
  5.500E+08 5.500E+08 3.478E+00 1.580E+03 2.126E+03 3.780E+02 4.084E+03 4.087E+03 1.048E+06 25.8909 1.00000
  6.000E+08 6.000E+08 3.490E+00 1.724E+03 2.319E+03 4.167E+02 4.459E+03 4.463E+03 1.060E+06 26.0649 1.00000
  7.000E+08 7.000E+08 3.511E+00 2.011E+03 2.706E+03 4.953E+02 5.212E+03 5.216E+03 1.080E+06 26.3732 1.00000
  8.000E+08 8.000E+08 3.530E+00 2.299E+03 3.093E+03 5.752E+02 5.967E+03 5.970E+03 1.098E+06 26.6403 1.00000
  9.000E+08 9.000E+08 3.547E+00 2.587E+03 3.480E+03 6.564E+02 6.723E+03 6.726E+03 1.114E+06 26.8757 1.00000
  1.000E+09 1.000E+09 3.562E+00 2.874E+03 3.866E+03 7.387E+02 7.479E+03 7.483E+03 1.128E+06 27.0865 1.00000
  1.200E+09 1.200E+09 3.588E+00 3.450E+03 4.640E+03 9.063E+02 8.996E+03 8.999E+03 1.152E+06 27.4511 1.00000
  1.400E+09 1.400E+09 3.610E+00 4.025E+03 5.414E+03 1.077E+03 1.052E+04 1.052E+04 1.173E+06 27.7590 1.00000
  1.700E+09 1.700E+09 3.638E+00 4.888E+03 6.574E+03 1.340E+03 1.280E+04 1.281E+04 1.199E+06 28.1473 1.00000
  2.000E+09 2.000E+09 3.662E+00 5.751E+03 7.735E+03 1.608E+03 1.509E+04 1.510E+04 1.220E+06 28.4708 1.00000
  2.500E+09 2.500E+09 3.695E+00 7.189E+03 9.669E+03 2.066E+03 1.892E+04 1.893E+04 1.250E+06 28.9171 1.00000
  3.000E+09 3.000E+09 3.723E+00 8.628E+03 1.160E+04 2.536E+03 2.277E+04 2.277E+04 1.274E+06 29.2753 1.00000
  3.500E+09 3.500E+09 3.746E+00 1.007E+04 1.354E+04 3.017E+03 2.662E+04 2.662E+04 1.294E+06 29.5836 1.00000
  4.000E+09 4.000E+09 3.767E+00 1.150E+04 1.547E+04 3.506E+03 3.048E+04 3.049E+04 1.312E+06 29.8506 1.00000
  4.500E+09 4.500E+09 3.787E+00 1.294E+04 1.741E+04 4.003E+03 3.435E+04 3.435E+04 1.327E+06 30.0571 1.00000
  5.000E+09 5.000E+09 3.803E+00 1.438E+04 1.934E+04 4.507E+03 3.823E+04 3.823E+04 1.341E+06 30.2678 1.00000
  5.500E+09 5.500E+09 3.818E+00 1.582E+04 2.127E+04 5.018E+03 4.211E+04 4.211E+04 1.353E+06 30.4584 1.00000
  6.000E+09 6.000E+09 3.831E+00 1.726E+04 2.321E+04 5.534E+03 4.600E+04 4.600E+04 1.365E+06 30.6324 1.00000
  7.000E+09 7.000E+09 3.855E+00 2.013E+04 2.708E+04 6.584E+03 5.380E+04 5.380E+04 1.385E+06 30.9407 1.00000
  8.000E+09 8.000E+09 3.888E+00 2.301E+04 3.095E+04 7.654E+03 6.161E+04 6.161E+04 1.402E+06 31.0523 1.00000
  9.000E+09 9.000E+09 3.907E+00 2.589E+04 3.481E+04 8.741E+03 6.944E+04 6.945E+04 1.417E+06 31.2879 1.00000
  1.000E+10 1.000E+10 3.923E+00 2.876E+04 3.868E+04 9.844E+03 7.729E+04 7.729E+04 1.431E+06 31.4986 1.00000
  1.200E+10 1.200E+10 3.953E+00 3.452E+04 4.642E+04 1.209E+04 9.303E+04 9.303E+04 1.455E+06 31.8632 1.00000
  1.400E+10 1.400E+10 3.978E+00 4.027E+04 5.416E+04 1.439E+04 1.088E+05 1.088E+05 1.474E+06 32.1716 1.00000
  1.700E+10 1.700E+10 4.009E+00 4.890E+04 6.576E+04 1.792E+04 1.326E+05 1.326E+05 1.499E+06 32.5599 1.00000
  2.000E+10 2.000E+10 4.036E+00 5.753E+04 7.737E+04 2.153E+04 1.564E+05 1.564E+05 1.520E+06 32.8849 1.00000
  2.500E+10 2.500E+10 4.073E+00 7.192E+04 9.671E+04 2.771E+04 1.963E+05 1.963E+05 1.549E+06 33.3312 1.00000
  3.000E+10 3.000E+10 4.103E+00 8.630E+04 1.160E+05 3.406E+04 2.364E+05 2.364E+05 1.572E+06 33.6958 1.00000
  3.500E+10 3.500E+10 4.129E+00 1.007E+05 1.354E+05 4.055E+04 2.766E+05 2.766E+05 1.591E+06 34.0041 1.00000
  4.000E+10 4.000E+10 4.152E+00 1.151E+05 1.547E+05 4.717E+04 3.170E+05 3.170E+05 1.608E+06 34.2712 1.00000
  4.500E+10 4.500E+10 4.172E+00 1.295E+05 1.741E+05 5.391E+04 3.574E+05 3.574E+05 1.623E+06 34.5068 1.00000
  5.000E+10 5.000E+10 4.190E+00 1.438E+05 1.934E+05 6.074E+04 3.980E+05 3.980E+05 1.636E+06 34.7175 1.00000
  5.500E+10 5.500E+10 4.207E+00 1.582E+05 2.128E+05 6.767E+04 4.387E+05 4.387E+05 1.648E+06 34.9081 1.00000
  6.000E+10 6.000E+10 4.222E+00 1.726E+05 2.321E+05 7.469E+04 4.794E+05 4.794E+05 1.659E+06 35.0821 1.00000
  7.000E+10 7.000E+10 4.249E+00 2.014E+05 2.708E+05 8.896E+04 5.611E+05 5.611E+05 1.678E+06 35.3904 1.00000
  8.000E+10 8.000E+10 4.272E+00 2.301E+05 3.095E+05 1.035E+05 6.431E+05 6.431E+05 1.695E+06 35.6575 1.00000
  9.000E+10 9.000E+10 4.293E+00 2.589E+05 3.481E+05 1.183E+05 7.254E+05 7.254E+05 1.710E+06 35.8931 1.00000
  1.000E+11 1.000E+11 4.312E+00 2.877E+05 3.868E+05 1.334E+05 8.079E+05 8.079E+05 1.723E+06 36.1038 1.00000
  1.200E+11 1.200E+11 4.344E+00 3.452E+05 4.642E+05 1.641E+05 9.735E+05 9.735E+05 1.745E+06 36.4684 1.00000
  1.400E+11 1.400E+11 4.372E+00 4.027E+05 5.416E+05 1.955E+05 1.140E+06 1.140E+06 1.764E+06 36.7767 1.00000
  1.700E+11 1.700E+11 4.407E+00 4.890E+05 6.576E+05 2.438E+05 1.390E+06 1.390E+06 1.788E+06 37.1650 1.00000
  2.000E+11 2.000E+11 4.437E+00 5.753E+05 7.736E+05 2.933E+05 1.642E+06 1.642E+06 1.808E+06 37.4901 1.00000
  2.500E+11 2.500E+11 4.478E+00 7.192E+05 9.671E+05 3.781E+05 2.064E+06 2.064E+06 1.835E+06 37.9364 1.00000
  3.000E+11 3.000E+11 4.513E+00 8.630E+05 1.160E+06 4.654E+05 2.489E+06 2.489E+06 1.857E+06 38.3010 1.00000
  3.500E+11 3.500E+11 4.542E+00 1.007E+06 1.354E+06 5.548E+05 2.916E+06 2.916E+06 1.876E+06 38.6093 1.00000
  4.000E+11 4.000E+11 4.567E+00 1.151E+06 1.547E+06 6.461E+05 3.344E+06 3.344E+06 1.892E+06 38.8764 1.00000
  4.500E+11 4.500E+11 4.589E+00 1.295E+06 1.741E+06 7.390E+05 3.774E+06 3.774E+06 1.906E+06 39.1119 1.00000
  5.000E+11 5.000E+11 4.610E+00 1.438E+06 1.934E+06 8.335E+05 4.206E+06 4.206E+06 1.918E+06 39.3227 1.00000
  5.500E+11 5.500E+11 4.628E+00 1.582E+06 2.127E+06 9.293E+05 4.639E+06 4.639E+06 1.930E+06 39.5133 1.00000
  6.000E+11 6.000E+11 4.645E+00 1.726E+06 2.321E+06 1.026E+06 5.073E+06 5.073E+06 1.940E+06 39.6873 1.00000
  7.000E+11 7.000E+11 4.675E+00 2.014E+06 2.708E+06 1.224E+06 5.945E+06 5.945E+06 1.958E+06 39.9956 1.00000
  8.000E+11 8.000E+11 4.701E+00 2.301E+06 3.094E+06 1.426E+06 6.822E+06 6.822E+06 1.974E+06 40.2627 1.00000
  9.000E+11 9.000E+11 4.724E+00 2.589E+06 3.481E+06 1.631E+06 7.702E+06 7.702E+06 1.988E+06 40.4982 1.00000
  1.000E+12 1.000E+12 4.745E+00 2.877E+06 3.868E+06 1.840E+06 8.585E+06 8.585E+06 2.000E+06 40.7089 1.00000
