 Incident particle is a Muon with M = 105.65839 MeV
 Index = 0: CalciumTungstate
      Absorber with <Z/A> = 0.43763
 Density effect computed following Fano (1963)
 Models for Radloss: brems =  SSR, pair =  SSR, photonuc = DRSS

 *** Table generated with PUMAS v1.1 ***

      T         p     Ionization  brems     pair     photonuc  Radloss    dE/dx   CSDA Range  delta   beta
    [MeV]    [MeV/c]  -----------------------[MeV cm^2/g]------------------------  [g/cm^2]
  1.000E+00 1.457E+01 2.788E+01 0.000E+00 0.000E+00 0.000E+00 0.000E+00 2.788E+01 1.793E-02  0.0000 0.13661
  1.200E+00 1.597E+01 2.438E+01 0.000E+00 0.000E+00 0.000E+00 0.000E+00 2.438E+01 2.562E-02  0.0000 0.14944
  1.400E+00 1.726E+01 2.174E+01 0.000E+00 0.000E+00 0.000E+00 0.000E+00 2.174E+01 3.433E-02  0.0000 0.16119
  1.700E+00 1.903E+01 1.879E+01 0.000E+00 0.000E+00 0.000E+00 0.000E+00 1.879E+01 4.921E-02  0.0000 0.17725
  2.000E+00 2.066E+01 1.662E+01 0.000E+00 0.000E+00 0.000E+00 0.000E+00 1.662E+01 6.623E-02  0.0000 0.19186
  2.500E+00 2.312E+01 1.402E+01 0.000E+00 0.000E+00 0.000E+00 0.000E+00 1.402E+01 9.912E-02  0.0000 0.21376
  3.000E+00 2.536E+01 1.220E+01 0.000E+00 0.000E+00 0.000E+00 0.000E+00 1.220E+01 1.374E-01  0.0000 0.23336
  3.500E+00 2.742E+01 1.085E+01 0.000E+00 0.000E+00 0.000E+00 0.000E+00 1.085E+01 1.810E-01  0.0000 0.25120
  4.000E+00 2.935E+01 9.794E+00 0.000E+00 0.000E+00 0.000E+00 0.000E+00 9.794E+00 2.296E-01  0.0000 0.26763
  4.500E+00 3.116E+01 8.952E+00 0.000E+00 0.000E+00 0.000E+00 0.000E+00 8.952E+00 2.831E-01  0.0000 0.28290
  5.000E+00 3.289E+01 8.263E+00 0.000E+00 0.000E+00 0.000E+00 0.000E+00 8.263E+00 3.413E-01  0.0000 0.29720
  5.500E+00 3.453E+01 7.687E+00 0.000E+00 0.000E+00 0.000E+00 0.000E+00 7.687E+00 4.040E-01  0.0000 0.31066
  6.000E+00 3.611E+01 7.198E+00 0.000E+00 0.000E+00 0.000E+00 0.000E+00 7.198E+00 4.713E-01  0.0000 0.32339
  7.000E+00 3.909E+01 6.411E+00 0.000E+00 0.000E+00 0.000E+00 0.000E+00 6.411E+00 6.188E-01  0.0000 0.34700
  8.000E+00 4.189E+01 5.805E+00 0.000E+00 0.000E+00 0.000E+00 0.000E+00 5.805E+00 7.830E-01  0.0000 0.36854
  9.000E+00 4.453E+01 5.323E+00 0.000E+00 0.000E+00 0.000E+00 0.000E+00 5.323E+00 9.631E-01  0.0000 0.38836
  1.000E+01 4.704E+01 4.930E+00 0.000E+00 0.000E+00 0.000E+00 0.000E+00 4.930E+00 1.159E+00  0.0000 0.40675
  1.200E+01 5.177E+01 4.327E+00 0.000E+00 0.000E+00 0.000E+00 0.000E+00 4.327E+00 1.593E+00  0.0000 0.43998
  1.400E+01 5.616E+01 3.885E+00 0.000E+00 0.000E+00 0.000E+00 0.000E+00 3.885E+00 2.082E+00  0.0001 0.46937
  1.700E+01 6.230E+01 3.406E+00 0.000E+00 0.000E+00 0.000E+00 0.000E+00 3.406E+00 2.909E+00  0.0006 0.50792
  2.000E+01 6.802E+01 3.063E+00 0.000E+00 0.000E+00 0.000E+00 0.000E+00 3.063E+00 3.840E+00  0.0013 0.54129
  2.500E+01 7.686E+01 2.667E+00 0.000E+00 0.000E+00 0.000E+00 0.000E+00 2.667E+00 5.596E+00  0.0032 0.58827
  3.000E+01 8.509E+01 2.399E+00 0.000E+00 0.000E+00 0.000E+00 0.000E+00 2.399E+00 7.578E+00  0.0058 0.62720
  3.500E+01 9.285E+01 2.206E+00 0.000E+00 0.000E+00 0.000E+00 0.000E+00 2.206E+00 9.755E+00  0.0089 0.66011
  4.000E+01 1.003E+02 2.061E+00 0.000E+00 0.000E+00 0.000E+00 0.000E+00 2.061E+00 1.210E+01  0.0126 0.68834
  4.500E+01 1.074E+02 1.949E+00 0.000E+00 0.000E+00 0.000E+00 0.000E+00 1.949E+00 1.460E+01  0.0168 0.71286
  5.000E+01 1.143E+02 1.859E+00 0.000E+00 0.000E+00 0.000E+00 0.000E+00 1.859E+00 1.723E+01  0.0215 0.73434
  5.500E+01 1.210E+02 1.786E+00 0.000E+00 0.000E+00 0.000E+00 0.000E+00 1.786E+00 1.997E+01  0.0266 0.75332
  6.000E+01 1.276E+02 1.726E+00 0.000E+00 0.000E+00 0.000E+00 0.000E+00 1.726E+00 2.282E+01  0.0320 0.77019
  7.000E+01 1.403E+02 1.634E+00 0.000E+00 0.000E+00 0.000E+00 0.000E+00 1.634E+00 2.879E+01  0.0439 0.79887
  8.000E+01 1.527E+02 1.567E+00 0.000E+00 0.000E+00 0.000E+00 0.000E+00 1.567E+00 3.504E+01  0.0570 0.82227
  9.000E+01 1.647E+02 1.517E+00 0.000E+00 0.000E+00 0.000E+00 0.000E+00 1.517E+00 4.153E+01  0.0710 0.84166
  1.000E+02 1.764E+02 1.478E+00 0.000E+00 0.000E+00 0.000E+00 0.000E+00 1.478E+00 4.822E+01  0.0859 0.85794
  1.200E+02 1.994E+02 1.425E+00 0.000E+00 0.000E+00 0.000E+00 0.000E+00 1.425E+00 6.201E+01  0.1178 0.88361
  1.400E+02 2.218E+02 1.392E+00 0.000E+00 0.000E+00 0.000E+00 0.000E+00 1.392E+00 7.622E+01  0.1518 0.90278
  1.700E+02 2.546E+02 1.363E+00 2.167E-06 1.975E-10 0.000E+00 2.167E-06 1.363E+00 9.803E+01  0.2054 0.92363
  2.000E+02 2.868E+02 1.348E+00 4.548E-06 2.056E-09 0.000E+00 4.550E-06 1.348E+00 1.202E+02  0.2607 0.93835
  2.500E+02 3.396E+02 1.340E+00 7.646E-06 3.069E-08 0.000E+00 7.676E-06 1.340E+00 1.574E+02  0.3535 0.95485
  3.000E+02 3.917E+02 1.343E+00 1.849E-05 4.748E-07 0.000E+00 1.897E-05 1.343E+00 1.947E+02  0.4444 0.96548
  3.500E+02 4.432E+02 1.349E+00 2.594E-05 1.274E-06 0.000E+00 2.721E-05 1.349E+00 2.318E+02  0.5316 0.97274
  4.000E+02 4.945E+02 1.359E+00 3.268E-05 2.442E-06 0.000E+00 3.512E-05 1.359E+00 2.688E+02  0.6147 0.97793
  4.500E+02 5.455E+02 1.369E+00 6.957E-05 1.040E-05 0.000E+00 7.997E-05 1.369E+00 3.054E+02  0.6934 0.98176
  5.000E+02 5.964E+02 1.379E+00 1.974E-04 4.996E-05 0.000E+00 2.474E-04 1.379E+00 3.418E+02  0.7680 0.98467
  5.500E+02 6.471E+02 1.390E+00 2.882E-04 7.166E-05 1.482E-05 3.747E-04 1.390E+00 3.779E+02  0.8388 0.98693
  6.000E+02 6.977E+02 1.400E+00 3.665E-04 9.533E-05 4.950E-05 5.113E-04 1.401E+00 4.137E+02  0.9060 0.98873
  7.000E+02 7.987E+02 1.420E+00 5.085E-04 1.511E-04 1.184E-04 7.780E-04 1.421E+00 4.846E+02  1.0308 0.99136
  8.000E+02 8.995E+02 1.439E+00 6.448E-04 2.181E-04 1.832E-04 1.046E-03 1.440E+00 5.545E+02  1.1448 0.99317
  9.000E+02 1.000E+03 1.456E+00 7.815E-04 2.957E-04 2.450E-04 1.322E-03 1.458E+00 6.236E+02  1.2498 0.99447
  1.000E+03 1.101E+03 1.472E+00 9.208E-04 3.832E-04 3.048E-04 1.609E-03 1.474E+00 6.918E+02  1.3471 0.99542
  1.200E+03 1.301E+03 1.501E+00 1.211E-03 5.859E-04 4.199E-04 2.217E-03 1.503E+00 8.261E+02  1.5233 0.99672
  1.400E+03 1.502E+03 1.526E+00 1.517E-03 8.222E-04 5.311E-04 2.871E-03 1.529E+00 9.580E+02  1.6802 0.99753
  1.700E+03 1.803E+03 1.558E+00 2.006E-03 1.233E-03 6.925E-04 3.931E-03 1.562E+00 1.152E+03  1.8886 0.99829
  2.000E+03 2.103E+03 1.584E+00 2.527E-03 1.702E-03 8.491E-04 5.079E-03 1.589E+00 1.343E+03  2.0726 0.99874
  2.500E+03 2.604E+03 1.621E+00 3.456E-03 2.599E-03 1.102E-03 7.158E-03 1.628E+00 1.653E+03  2.3399 0.99918
  3.000E+03 3.104E+03 1.651E+00 4.452E-03 3.618E-03 1.346E-03 9.416E-03 1.660E+00 1.957E+03  2.5708 0.99942
  3.500E+03 3.604E+03 1.675E+00 5.502E-03 4.742E-03 1.584E-03 1.183E-02 1.687E+00 2.256E+03  2.7746 0.99957
  4.000E+03 4.104E+03 1.696E+00 6.601E-03 5.967E-03 1.816E-03 1.438E-02 1.711E+00 2.550E+03  2.9570 0.99967
  4.500E+03 4.604E+03 1.714E+00 7.742E-03 7.279E-03 2.044E-03 1.706E-02 1.731E+00 2.841E+03  3.1223 0.99974
  5.000E+03 5.105E+03 1.731E+00 8.920E-03 8.665E-03 2.267E-03 1.985E-02 1.750E+00 3.128E+03  3.2735 0.99979
  5.500E+03 5.605E+03 1.745E+00 1.013E-02 1.012E-02 2.487E-03 2.274E-02 1.768E+00 3.412E+03  3.4128 0.99982
  6.000E+03 6.105E+03 1.758E+00 1.138E-02 1.163E-02 2.704E-03 2.571E-02 1.784E+00 3.694E+03  3.5421 0.99985
  7.000E+03 7.105E+03 1.781E+00 1.395E-02 1.482E-02 3.128E-03 3.190E-02 1.812E+00 4.250E+03  3.7758 0.99989
  8.000E+03 8.105E+03 1.800E+00 1.661E-02 1.821E-02 3.544E-03 3.836E-02 1.838E+00 4.798E+03  3.9829 0.99992
  9.000E+03 9.105E+03 1.816E+00 1.936E-02 2.176E-02 3.951E-03 4.507E-02 1.861E+00 5.338E+03  4.1691 0.99993
  1.000E+04 1.011E+04 1.831E+00 2.219E-02 2.546E-02 4.351E-03 5.200E-02 1.883E+00 5.872E+03  4.3384 0.99995
  1.200E+04 1.211E+04 1.856E+00 2.803E-02 3.325E-02 5.135E-03 6.641E-02 1.922E+00 6.923E+03  4.6374 0.99996
  1.400E+04 1.411E+04 1.876E+00 3.410E-02 4.147E-02 5.901E-03 8.147E-02 1.957E+00 7.955E+03  4.8958 0.99997
  1.700E+04 1.711E+04 1.900E+00 4.355E-02 5.448E-02 7.022E-03 1.050E-01 2.005E+00 9.469E+03  5.2281 0.99998
  2.000E+04 2.011E+04 1.920E+00 5.334E-02 6.815E-02 8.118E-03 1.296E-01 2.050E+00 1.095E+04  5.5117 0.99999
  2.500E+04 2.511E+04 1.947E+00 7.027E-02 9.212E-02 9.905E-03 1.723E-01 2.119E+00 1.335E+04  5.9081 0.99999
  3.000E+04 3.011E+04 1.968E+00 8.784E-02 1.173E-01 1.165E-02 2.168E-01 2.184E+00 1.567E+04  6.2374 0.99999
  3.500E+04 3.511E+04 1.985E+00 1.059E-01 1.433E-01 1.338E-02 2.626E-01 2.247E+00 1.793E+04  6.5192 1.00000
  4.000E+04 4.011E+04 1.999E+00 1.244E-01 1.702E-01 1.508E-02 3.097E-01 2.309E+00 2.012E+04  6.7657 1.00000
  4.500E+04 4.511E+04 2.012E+00 1.433E-01 1.976E-01 1.677E-02 3.577E-01 2.370E+00 2.226E+04  6.9849 1.00000
  5.000E+04 5.011E+04 2.023E+00 1.625E-01 2.257E-01 1.844E-02 4.066E-01 2.430E+00 2.434E+04  7.1822 1.00000
  5.500E+04 5.511E+04 2.033E+00 1.820E-01 2.542E-01 2.010E-02 4.563E-01 2.489E+00 2.638E+04  7.3616 1.00000
  6.000E+04 6.011E+04 2.042E+00 2.017E-01 2.831E-01 2.176E-02 5.066E-01 2.548E+00 2.836E+04  7.5263 1.00000
  7.000E+04 7.011E+04 2.057E+00 2.419E-01 3.420E-01 2.505E-02 6.089E-01 2.666E+00 3.220E+04  7.8196 1.00000
  8.000E+04 8.011E+04 2.070E+00 2.828E-01 4.021E-01 2.833E-02 7.133E-01 2.784E+00 3.587E+04  8.0753 1.00000
  9.000E+04 9.011E+04 2.082E+00 3.244E-01 4.632E-01 3.160E-02 8.192E-01 2.901E+00 3.939E+04  8.3020 1.00000
  1.000E+05 1.001E+05 2.092E+00 3.666E-01 5.251E-01 3.486E-02 9.266E-01 3.019E+00 4.277E+04  8.5056 1.00000
  1.200E+05 1.201E+05 2.109E+00 4.524E-01 6.510E-01 4.137E-02 1.145E+00 3.254E+00 4.915E+04  8.8594 1.00000
  1.400E+05 1.401E+05 2.124E+00 5.398E-01 7.791E-01 4.787E-02 1.367E+00 3.491E+00 5.508E+04  9.1599 1.00000
  1.700E+05 1.701E+05 2.142E+00 6.733E-01 9.744E-01 5.764E-02 1.705E+00 3.847E+00 6.326E+04  9.5398 1.00000
  2.000E+05 2.001E+05 2.157E+00 8.091E-01 1.173E+00 6.745E-02 2.049E+00 4.206E+00 7.072E+04  9.8588 1.00000
  2.500E+05 2.501E+05 2.177E+00 1.040E+00 1.508E+00 8.387E-02 2.631E+00 4.808E+00 8.183E+04 10.2982 1.00000
  3.000E+05 3.001E+05 2.194E+00 1.274E+00 1.847E+00 1.004E-01 3.222E+00 5.416E+00 9.162E+04 10.6583 1.00000
  3.500E+05 3.501E+05 2.208E+00 1.511E+00 2.190E+00 1.171E-01 3.819E+00 6.026E+00 1.004E+05 10.9633 1.00000
  4.000E+05 4.001E+05 2.220E+00 1.751E+00 2.535E+00 1.339E-01 4.421E+00 6.641E+00 1.083E+05 11.2280 1.00000
  4.500E+05 4.501E+05 2.231E+00 1.993E+00 2.883E+00 1.508E-01 5.027E+00 7.258E+00 1.155E+05 11.4618 1.00000
  5.000E+05 5.001E+05 2.240E+00 2.237E+00 3.232E+00 1.678E-01 5.637E+00 7.877E+00 1.221E+05 11.6712 1.00000
  5.500E+05 5.501E+05 2.249E+00 2.482E+00 3.583E+00 1.849E-01 6.250E+00 8.499E+00 1.282E+05 11.8608 1.00000
  6.000E+05 6.001E+05 2.257E+00 2.729E+00 3.935E+00 2.021E-01 6.865E+00 9.122E+00 1.339E+05 12.0339 1.00000
  7.000E+05 7.001E+05 2.271E+00 3.225E+00 4.641E+00 2.369E-01 8.103E+00 1.037E+01 1.441E+05 12.3410 1.00000
  8.000E+05 8.001E+05 2.283E+00 3.725E+00 5.351E+00 2.720E-01 9.348E+00 1.163E+01 1.532E+05 12.6072 1.00000
  9.000E+05 9.001E+05 2.294E+00 4.228E+00 6.064E+00 3.074E-01 1.060E+01 1.289E+01 1.614E+05 12.8422 1.00000
  1.000E+06 1.000E+06 2.304E+00 4.734E+00 6.778E+00 3.432E-01 1.186E+01 1.416E+01 1.688E+05 13.0525 1.00000
  1.200E+06 1.200E+06 2.320E+00 5.751E+00 8.213E+00 4.156E-01 1.438E+01 1.670E+01 1.818E+05 13.4165 1.00000
  1.400E+06 1.400E+06 2.335E+00 6.775E+00 9.652E+00 4.890E-01 1.692E+01 1.925E+01 1.929E+05 13.7244 1.00000
  1.700E+06 1.700E+06 2.353E+00 8.320E+00 1.182E+01 6.009E-01 2.074E+01 2.309E+01 2.072E+05 14.1124 1.00000
  2.000E+06 2.000E+06 2.368E+00 9.874E+00 1.399E+01 7.147E-01 2.458E+01 2.695E+01 2.192E+05 14.4372 1.00000
  2.500E+06 2.500E+06 2.389E+00 1.248E+01 1.762E+01 9.077E-01 3.101E+01 3.340E+01 2.358E+05 14.8833 1.00000
  3.000E+06 3.000E+06 2.406E+00 1.509E+01 2.127E+01 1.105E+00 3.746E+01 3.987E+01 2.495E+05 15.2479 1.00000
  3.500E+06 3.500E+06 2.421E+00 1.772E+01 2.492E+01 1.305E+00 4.394E+01 4.636E+01 2.611E+05 15.5561 1.00000
  4.000E+06 4.000E+06 2.434E+00 2.035E+01 2.857E+01 1.508E+00 5.043E+01 5.286E+01 2.712E+05 15.8231 1.00000
  4.500E+06 4.500E+06 2.445E+00 2.299E+01 3.223E+01 1.713E+00 5.693E+01 5.938E+01 2.801E+05 16.0586 1.00000
  5.000E+06 5.000E+06 2.456E+00 2.563E+01 3.589E+01 1.921E+00 6.344E+01 6.590E+01 2.881E+05 16.2693 1.00000
  5.500E+06 5.500E+06 2.465E+00 2.828E+01 3.955E+01 2.131E+00 6.996E+01 7.243E+01 2.954E+05 16.4599 1.00000
  6.000E+06 6.000E+06 2.473E+00 3.093E+01 4.322E+01 2.344E+00 7.649E+01 7.896E+01 3.020E+05 16.6340 1.00000
  7.000E+06 7.000E+06 2.489E+00 3.624E+01 5.055E+01 2.773E+00 8.957E+01 9.206E+01 3.137E+05 16.9422 1.00000
  8.000E+06 8.000E+06 2.502E+00 4.156E+01 5.790E+01 3.210E+00 1.027E+02 1.052E+02 3.238E+05 17.2093 1.00000
  9.000E+06 9.000E+06 2.514E+00 4.688E+01 6.524E+01 3.652E+00 1.158E+02 1.183E+02 3.328E+05 17.4448 1.00000
  1.000E+07 1.000E+07 2.524E+00 5.221E+01 7.260E+01 4.099E+00 1.289E+02 1.314E+02 3.408E+05 17.6556 1.00000
  1.200E+07 1.200E+07 2.543E+00 6.289E+01 8.731E+01 5.008E+00 1.552E+02 1.577E+02 3.547E+05 18.0202 1.00000
  1.400E+07 1.400E+07 2.558E+00 7.357E+01 1.020E+02 5.934E+00 1.815E+02 1.841E+02 3.664E+05 18.3285 1.00000
  1.700E+07 1.700E+07 2.578E+00 8.962E+01 1.241E+02 7.351E+00 2.211E+02 2.237E+02 3.812E+05 18.7168 1.00000
  2.000E+07 2.000E+07 2.595E+00 1.057E+02 1.462E+02 8.795E+00 2.607E+02 2.633E+02 3.935E+05 19.0418 1.00000
  2.500E+07 2.500E+07 2.618E+00 1.325E+02 1.831E+02 1.125E+01 3.268E+02 3.294E+02 4.105E+05 19.4881 1.00000
  3.000E+07 3.000E+07 2.637E+00 1.593E+02 2.199E+02 1.377E+01 3.930E+02 3.957E+02 4.243E+05 19.8528 1.00000
  3.500E+07 3.500E+07 2.654E+00 1.861E+02 2.568E+02 1.634E+01 4.593E+02 4.620E+02 4.360E+05 20.1611 1.00000
  4.000E+07 4.000E+07 2.668E+00 2.130E+02 2.937E+02 1.894E+01 5.256E+02 5.283E+02 4.461E+05 20.4281 1.00000
  4.500E+07 4.500E+07 2.681E+00 2.398E+02 3.306E+02 2.159E+01 5.920E+02 5.947E+02 4.550E+05 20.6637 1.00000
  5.000E+07 5.000E+07 2.692E+00 2.667E+02 3.675E+02 2.427E+01 6.585E+02 6.612E+02 4.630E+05 20.8744 1.00000
  5.500E+07 5.500E+07 2.702E+00 2.936E+02 4.044E+02 2.698E+01 7.250E+02 7.277E+02 4.702E+05 21.0650 1.00000
  6.000E+07 6.000E+07 2.712E+00 3.204E+02 4.413E+02 2.971E+01 7.915E+02 7.942E+02 4.768E+05 21.2390 1.00000
  7.000E+07 7.000E+07 2.729E+00 3.742E+02 5.151E+02 3.527E+01 9.246E+02 9.273E+02 4.884E+05 21.5473 1.00000
  8.000E+07 8.000E+07 2.743E+00 4.280E+02 5.890E+02 4.092E+01 1.058E+03 1.061E+03 4.985E+05 21.8144 1.00000
  9.000E+07 9.000E+07 2.756E+00 4.817E+02 6.628E+02 4.665E+01 1.191E+03 1.194E+03 5.074E+05 22.0500 1.00000
  1.000E+08 1.000E+08 2.768E+00 5.355E+02 7.366E+02 5.245E+01 1.325E+03 1.327E+03 5.153E+05 22.2607 1.00000
  1.200E+08 1.200E+08 2.789E+00 6.431E+02 8.843E+02 6.427E+01 1.592E+03 1.594E+03 5.291E+05 22.6253 1.00000
  1.400E+08 1.400E+08 2.806E+00 7.507E+02 1.032E+03 7.632E+01 1.859E+03 1.862E+03 5.406E+05 22.9336 1.00000
  1.700E+08 1.700E+08 2.828E+00 9.121E+02 1.254E+03 9.477E+01 2.261E+03 2.263E+03 5.552E+05 23.3219 1.00000
  2.000E+08 2.000E+08 2.847E+00 1.074E+03 1.475E+03 1.136E+02 2.662E+03 2.665E+03 5.674E+05 23.6470 1.00000
  2.500E+08 2.500E+08 2.873E+00 1.343E+03 1.845E+03 1.458E+02 3.333E+03 3.336E+03 5.842E+05 24.0933 1.00000
  3.000E+08 3.000E+08 2.894E+00 1.612E+03 2.214E+03 1.787E+02 4.004E+03 4.007E+03 5.978E+05 24.4579 1.00000
  3.500E+08 3.500E+08 2.913E+00 1.881E+03 2.583E+03 2.123E+02 4.676E+03 4.679E+03 6.094E+05 24.7662 1.00000
  4.000E+08 4.000E+08 2.929E+00 2.150E+03 2.953E+03 2.465E+02 5.349E+03 5.352E+03 6.194E+05 25.0333 1.00000
  4.500E+08 4.500E+08 2.943E+00 2.419E+03 3.322E+03 2.812E+02 6.022E+03 6.025E+03 6.282E+05 25.2688 1.00000
  5.000E+08 5.000E+08 2.955E+00 2.688E+03 3.691E+03 3.164E+02 6.696E+03 6.699E+03 6.360E+05 25.4796 1.00000
  5.500E+08 5.500E+08 2.967E+00 2.957E+03 4.061E+03 3.520E+02 7.370E+03 7.373E+03 6.431E+05 25.6702 1.00000
  6.000E+08 6.000E+08 2.977E+00 3.227E+03 4.430E+03 3.880E+02 8.045E+03 8.048E+03 6.496E+05 25.8442 1.00000
  7.000E+08 7.000E+08 2.996E+00 3.765E+03 5.169E+03 4.612E+02 9.395E+03 9.398E+03 6.611E+05 26.1525 1.00000
  8.000E+08 8.000E+08 3.013E+00 4.303E+03 5.908E+03 5.356E+02 1.075E+04 1.075E+04 6.711E+05 26.4195 1.00000
  9.000E+08 9.000E+08 3.027E+00 4.842E+03 6.647E+03 6.112E+02 1.210E+04 1.210E+04 6.798E+05 26.6550 1.00000
  1.000E+09 1.000E+09 3.041E+00 5.380E+03 7.386E+03 6.878E+02 1.345E+04 1.346E+04 6.877E+05 26.8657 1.00000
  1.200E+09 1.200E+09 3.063E+00 6.456E+03 8.863E+03 8.439E+02 1.616E+04 1.617E+04 7.012E+05 27.2304 1.00000
  1.400E+09 1.400E+09 3.083E+00 7.533E+03 1.034E+04 1.003E+03 1.888E+04 1.888E+04 7.126E+05 27.5383 1.00000
  1.700E+09 1.700E+09 3.108E+00 9.148E+03 1.256E+04 1.248E+03 2.295E+04 2.296E+04 7.270E+05 27.9266 1.00000
  2.000E+09 2.000E+09 3.129E+00 1.076E+04 1.477E+04 1.497E+03 2.703E+04 2.704E+04 7.390E+05 28.2501 1.00000
  2.500E+09 2.500E+09 3.158E+00 1.345E+04 1.847E+04 1.924E+03 3.385E+04 3.385E+04 7.556E+05 28.6964 1.00000
  3.000E+09 3.000E+09 3.182E+00 1.615E+04 2.216E+04 2.362E+03 4.067E+04 4.067E+04 7.690E+05 29.0546 1.00000
  3.500E+09 3.500E+09 3.203E+00 1.884E+04 2.586E+04 2.809E+03 4.750E+04 4.751E+04 7.804E+05 29.3629 1.00000
  4.000E+09 4.000E+09 3.220E+00 2.153E+04 2.955E+04 3.264E+03 5.435E+04 5.435E+04 7.902E+05 29.6299 1.00000
  4.500E+09 4.500E+09 3.238E+00 2.422E+04 3.325E+04 3.727E+03 6.119E+04 6.120E+04 7.989E+05 29.8363 1.00000
  5.000E+09 5.000E+09 3.252E+00 2.691E+04 3.694E+04 4.197E+03 6.805E+04 6.805E+04 8.066E+05 30.0471 1.00000
  5.500E+09 5.500E+09 3.265E+00 2.960E+04 4.063E+04 4.672E+03 7.491E+04 7.491E+04 8.136E+05 30.2377 1.00000
  6.000E+09 6.000E+09 3.277E+00 3.230E+04 4.433E+04 5.153E+03 8.178E+04 8.178E+04 8.200E+05 30.4117 1.00000
  7.000E+09 7.000E+09 3.298E+00 3.768E+04 5.172E+04 6.131E+03 9.553E+04 9.553E+04 8.313E+05 30.7200 1.00000
  8.000E+09 8.000E+09 3.327E+00 4.306E+04 5.911E+04 7.127E+03 1.093E+05 1.093E+05 8.411E+05 30.8316 1.00000
  9.000E+09 9.000E+09 3.343E+00 4.845E+04 6.649E+04 8.139E+03 1.231E+05 1.231E+05 8.497E+05 31.0672 1.00000
  1.000E+10 1.000E+10 3.358E+00 5.383E+04 7.388E+04 9.166E+03 1.369E+05 1.369E+05 8.574E+05 31.2779 1.00000
  1.200E+10 1.200E+10 3.384E+00 6.460E+04 8.866E+04 1.126E+04 1.645E+05 1.645E+05 8.707E+05 31.6425 1.00000
  1.400E+10 1.400E+10 3.405E+00 7.536E+04 1.034E+05 1.340E+04 1.922E+05 1.922E+05 8.819E+05 31.9508 1.00000
  1.700E+10 1.700E+10 3.433E+00 9.151E+04 1.256E+05 1.669E+04 2.338E+05 2.338E+05 8.961E+05 32.3391 1.00000
  2.000E+10 2.000E+10 3.456E+00 1.077E+05 1.478E+05 2.005E+04 2.755E+05 2.755E+05 9.079E+05 32.6642 1.00000
  2.500E+10 2.500E+10 3.489E+00 1.346E+05 1.847E+05 2.581E+04 3.451E+05 3.451E+05 9.241E+05 33.1105 1.00000
  3.000E+10 3.000E+10 3.516E+00 1.615E+05 2.217E+05 3.172E+04 4.149E+05 4.149E+05 9.373E+05 33.4751 1.00000
  3.500E+10 3.500E+10 3.538E+00 1.884E+05 2.586E+05 3.776E+04 4.848E+05 4.848E+05 9.484E+05 33.7834 1.00000
  4.000E+10 4.000E+10 3.558E+00 2.153E+05 2.955E+05 4.393E+04 5.548E+05 5.548E+05 9.580E+05 34.0505 1.00000
  4.500E+10 4.500E+10 3.576E+00 2.422E+05 3.325E+05 5.020E+04 6.249E+05 6.249E+05 9.665E+05 34.2860 1.00000
  5.000E+10 5.000E+10 3.592E+00 2.692E+05 3.694E+05 5.656E+04 6.951E+05 6.952E+05 9.741E+05 34.4968 1.00000
  5.500E+10 5.500E+10 3.606E+00 2.961E+05 4.064E+05 6.302E+04 7.655E+05 7.655E+05 9.810E+05 34.6874 1.00000
  6.000E+10 6.000E+10 3.620E+00 3.230E+05 4.433E+05 6.955E+04 8.359E+05 8.359E+05 9.872E+05 34.8614 1.00000
  7.000E+10 7.000E+10 3.643E+00 3.768E+05 5.172E+05 8.284E+04 9.769E+05 9.769E+05 9.983E+05 35.1697 1.00000
  8.000E+10 8.000E+10 3.664E+00 4.307E+05 5.911E+05 9.639E+04 1.118E+06 1.118E+06 1.008E+06 35.4368 1.00000
  9.000E+10 9.000E+10 3.682E+00 4.845E+05 6.650E+05 1.102E+05 1.260E+06 1.260E+06 1.016E+06 35.6723 1.00000
  1.000E+11 1.000E+11 3.698E+00 5.383E+05 7.388E+05 1.242E+05 1.401E+06 1.401E+06 1.024E+06 35.8831 1.00000
  1.200E+11 1.200E+11 3.727E+00 6.460E+05 8.866E+05 1.528E+05 1.685E+06 1.685E+06 1.037E+06 36.2477 1.00000
  1.400E+11 1.400E+11 3.751E+00 7.537E+05 1.034E+06 1.820E+05 1.970E+06 1.970E+06 1.048E+06 36.5560 1.00000
  1.700E+11 1.700E+11 3.782E+00 9.152E+05 1.256E+06 2.270E+05 2.398E+06 2.398E+06 1.062E+06 36.9443 1.00000
  2.000E+11 2.000E+11 3.808E+00 1.077E+06 1.478E+06 2.731E+05 2.827E+06 2.827E+06 1.073E+06 37.2693 1.00000
  2.500E+11 2.500E+11 3.845E+00 1.346E+06 1.847E+06 3.521E+05 3.545E+06 3.545E+06 1.089E+06 37.7156 1.00000
  3.000E+11 3.000E+11 3.875E+00 1.615E+06 2.216E+06 4.334E+05 4.265E+06 4.265E+06 1.102E+06 38.0803 1.00000
  3.500E+11 3.500E+11 3.900E+00 1.884E+06 2.586E+06 5.166E+05 4.987E+06 4.987E+06 1.112E+06 38.3886 1.00000
  4.000E+11 4.000E+11 3.922E+00 2.153E+06 2.955E+06 6.016E+05 5.710E+06 5.710E+06 1.122E+06 38.6556 1.00000
  4.500E+11 4.500E+11 3.942E+00 2.423E+06 3.325E+06 6.881E+05 6.435E+06 6.435E+06 1.130E+06 38.8912 1.00000
  5.000E+11 5.000E+11 3.960E+00 2.692E+06 3.694E+06 7.761E+05 7.162E+06 7.162E+06 1.137E+06 39.1019 1.00000
  5.500E+11 5.500E+11 3.976E+00 2.961E+06 4.063E+06 8.653E+05 7.890E+06 7.890E+06 1.144E+06 39.2925 1.00000
  6.000E+11 6.000E+11 3.991E+00 3.230E+06 4.433E+06 9.557E+05 8.619E+06 8.619E+06 1.150E+06 39.4666 1.00000
  7.000E+11 7.000E+11 4.017E+00 3.768E+06 5.172E+06 1.140E+06 1.008E+07 1.008E+07 1.161E+06 39.7749 1.00000
  8.000E+11 8.000E+11 4.040E+00 4.307E+06 5.910E+06 1.328E+06 1.154E+07 1.154E+07 1.170E+06 40.0419 1.00000
  9.000E+11 9.000E+11 4.060E+00 4.845E+06 6.649E+06 1.519E+06 1.301E+07 1.301E+07 1.178E+06 40.2775 1.00000
  1.000E+12 1.000E+12 4.078E+00 5.383E+06 7.388E+06 1.714E+06 1.449E+07 1.449E+07 1.186E+06 40.4882 1.00000
