 Incident particle is a Muon with M = 105.65839 MeV
 Index = 0: Fluorite
      Absorber with <Z/A> = 0.48671
 Sternheimer coef:  a     k=m_s   x_0    x_1    I[eV]   Cbar  delta0
                 0.0694  3.5263  0.0676  3.1683  166.0  4.0653 0.00

 *** Table generated with PUMAS v0.8 ***

      T         p     Ionization  brems     pair     photonuc  Radloss    dE/dx   CSDA Range  delta   beta
    [MeV]    [MeV/c]  -----------------------[MeV cm^2/g]------------------------  [g/cm^2]
  1.000E+00 1.457E+01 3.795E+01 1.431E-06 0.000E+00 0.000E+00 1.431E-06 3.795E+01 1.317E-02  0.0000 0.13661
  1.200E+00 1.597E+01 3.292E+01 1.644E-06 0.000E+00 0.000E+00 1.644E-06 3.292E+01 1.885E-02  0.0000 0.14944
  1.400E+00 1.726E+01 2.917E+01 1.847E-06 0.000E+00 0.000E+00 1.847E-06 2.917E+01 2.531E-02  0.0000 0.16119
  1.700E+00 1.903E+01 2.502E+01 2.136E-06 0.000E+00 0.000E+00 2.136E-06 2.502E+01 3.645E-02  0.0000 0.17725
  2.000E+00 2.066E+01 2.200E+01 2.409E-06 0.000E+00 0.000E+00 2.409E-06 2.200E+01 4.926E-02  0.0000 0.19186
  2.500E+00 2.312E+01 1.843E+01 2.836E-06 0.000E+00 0.000E+00 2.836E-06 1.843E+01 7.419E-02  0.0000 0.21376
  3.000E+00 2.536E+01 1.595E+01 3.234E-06 0.000E+00 0.000E+00 3.234E-06 1.595E+01 1.034E-01  0.0000 0.23336
  3.500E+00 2.742E+01 1.412E+01 3.608E-06 0.000E+00 0.000E+00 3.608E-06 1.412E+01 1.368E-01  0.0000 0.25120
  4.000E+00 2.935E+01 1.270E+01 3.962E-06 0.000E+00 0.000E+00 3.962E-06 1.270E+01 1.742E-01  0.0000 0.26763
  4.500E+00 3.116E+01 1.158E+01 4.300E-06 0.000E+00 0.000E+00 4.300E-06 1.158E+01 2.155E-01  0.0000 0.28290
  5.000E+00 3.289E+01 1.066E+01 4.622E-06 0.000E+00 0.000E+00 4.622E-06 1.066E+01 2.605E-01  0.0000 0.29720
  5.500E+00 3.453E+01 9.891E+00 4.932E-06 0.000E+00 0.000E+00 4.932E-06 9.891E+00 3.093E-01  0.0000 0.31066
  6.000E+00 3.611E+01 9.244E+00 5.230E-06 0.000E+00 0.000E+00 5.230E-06 9.244E+00 3.616E-01  0.0000 0.32339
  7.000E+00 3.909E+01 8.206E+00 5.796E-06 0.000E+00 0.000E+00 5.796E-06 8.206E+00 4.766E-01  0.0000 0.34700
  8.000E+00 4.189E+01 7.410E+00 6.329E-06 0.000E+00 0.000E+00 6.329E-06 7.410E+00 6.050E-01  0.0000 0.36854
  9.000E+00 4.453E+01 6.779E+00 6.832E-06 0.000E+00 0.000E+00 6.832E-06 6.779E+00 7.463E-01  0.0000 0.38836
  1.000E+01 4.704E+01 6.266E+00 7.311E-06 0.000E+00 0.000E+00 7.311E-06 6.266E+00 8.998E-01  0.0000 0.40675
  1.200E+01 5.177E+01 5.481E+00 8.210E-06 0.000E+00 0.000E+00 8.210E-06 5.481E+00 1.242E+00  0.0000 0.43998
  1.400E+01 5.616E+01 4.909E+00 9.045E-06 0.000E+00 0.000E+00 9.045E-06 4.909E+00 1.628E+00  0.0000 0.46937
  1.700E+01 6.230E+01 4.290E+00 1.021E-05 0.000E+00 0.000E+00 1.021E-05 4.290E+00 2.283E+00  0.0000 0.50792
  2.000E+01 6.802E+01 3.849E+00 1.129E-05 0.000E+00 0.000E+00 1.129E-05 3.849E+00 3.023E+00  0.0000 0.54129
  2.500E+01 7.686E+01 3.341E+00 1.296E-05 0.000E+00 0.000E+00 1.296E-05 3.341E+00 4.420E+00  0.0000 0.58827
  3.000E+01 8.509E+01 2.999E+00 1.453E-05 0.000E+00 0.000E+00 1.453E-05 2.999E+00 6.002E+00  0.0000 0.62720
  3.500E+01 9.285E+01 2.752E+00 1.603E-05 0.000E+00 0.000E+00 1.603E-05 2.752E+00 7.744E+00  0.0000 0.66011
  4.000E+01 1.003E+02 2.568E+00 1.748E-05 0.000E+00 0.000E+00 1.748E-05 2.568E+00 9.626E+00  0.0000 0.68834
  4.500E+01 1.074E+02 2.424E+00 1.891E-05 0.000E+00 0.000E+00 1.891E-05 2.424E+00 1.163E+01  0.0000 0.71286
  5.000E+01 1.143E+02 2.311E+00 2.031E-05 0.000E+00 0.000E+00 2.031E-05 2.311E+00 1.374E+01  0.0000 0.73434
  5.500E+01 1.210E+02 2.218E+00 2.171E-05 0.000E+00 0.000E+00 2.171E-05 2.218E+00 1.595E+01  0.0000 0.75332
  6.000E+01 1.276E+02 2.142E+00 2.311E-05 0.000E+00 0.000E+00 2.311E-05 2.142E+00 1.825E+01  0.0043 0.77019
  7.000E+01 1.403E+02 2.022E+00 2.590E-05 0.000E+00 0.000E+00 2.590E-05 2.022E+00 2.305E+01  0.0232 0.79887
  8.000E+01 1.527E+02 1.935E+00 2.872E-05 0.000E+00 0.000E+00 2.872E-05 1.935E+00 2.811E+01  0.0448 0.82227
  9.000E+01 1.647E+02 1.870E+00 3.157E-05 0.000E+00 0.000E+00 3.157E-05 1.870E+00 3.337E+01  0.0680 0.84166
  1.000E+02 1.764E+02 1.819E+00 3.447E-05 0.000E+00 0.000E+00 3.447E-05 1.820E+00 3.879E+01  0.0922 0.85794
  1.200E+02 1.994E+02 1.749E+00 4.043E-05 0.000E+00 0.000E+00 4.043E-05 1.749E+00 5.000E+01  0.1421 0.88361
  1.400E+02 2.218E+02 1.703E+00 4.661E-05 0.000E+00 0.000E+00 4.661E-05 1.703E+00 6.159E+01  0.1927 0.90278
  1.700E+02 2.546E+02 1.662E+00 5.629E-05 2.588E-14 0.000E+00 5.629E-05 1.662E+00 7.942E+01  0.2681 0.92363
  2.000E+02 2.868E+02 1.640E+00 6.647E-05 5.791E-12 0.000E+00 6.647E-05 1.640E+00 9.759E+01  0.3417 0.93835
  2.500E+02 3.396E+02 1.624E+00 8.446E-05 4.736E-08 0.000E+00 8.451E-05 1.624E+00 1.282E+02  0.4592 0.95485
  3.000E+02 3.917E+02 1.622E+00 1.036E-04 1.395E-06 0.000E+00 1.050E-04 1.622E+00 1.590E+02  0.5700 0.96548
  3.500E+02 4.432E+02 1.626E+00 1.239E-04 3.957E-06 0.000E+00 1.279E-04 1.626E+00 1.898E+02  0.6744 0.97274
  4.000E+02 4.945E+02 1.634E+00 1.452E-04 7.753E-06 0.000E+00 1.529E-04 1.634E+00 2.205E+02  0.7729 0.97793
  4.500E+02 5.455E+02 1.643E+00 1.673E-04 1.274E-05 0.000E+00 1.801E-04 1.643E+00 2.510E+02  0.8661 0.98176
  5.000E+02 5.964E+02 1.653E+00 1.904E-04 1.887E-05 0.000E+00 2.092E-04 1.653E+00 2.813E+02  0.9545 0.98467
  5.500E+02 6.471E+02 1.663E+00 2.142E-04 2.611E-05 0.000E+00 2.403E-04 1.664E+00 3.115E+02  1.0386 0.98693
  6.000E+02 6.977E+02 1.673E+00 2.387E-04 3.443E-05 0.000E+00 2.732E-04 1.674E+00 3.414E+02  1.1188 0.98873
  7.000E+02 7.987E+02 1.693E+00 2.899E-04 5.411E-05 0.000E+00 3.440E-04 1.694E+00 4.008E+02  1.2689 0.99136
  8.000E+02 8.995E+02 1.712E+00 3.436E-04 7.767E-05 0.000E+00 4.213E-04 1.712E+00 4.596E+02  1.4070 0.99317
  9.000E+02 1.000E+03 1.729E+00 3.995E-04 1.048E-04 0.000E+00 5.044E-04 1.729E+00 5.177E+02  1.5350 0.99447
  1.000E+03 1.101E+03 1.745E+00 4.575E-04 1.354E-04 0.000E+00 5.929E-04 1.746E+00 5.752E+02  1.6544 0.99542
  1.200E+03 1.301E+03 1.773E+00 5.790E-04 2.060E-04 2.253E-05 8.075E-04 1.774E+00 6.889E+02  1.8714 0.99672
  1.400E+03 1.502E+03 1.798E+00 7.071E-04 2.880E-04 6.150E-05 1.057E-03 1.799E+00 8.008E+02  2.0651 0.99753
  1.700E+03 1.803E+03 1.830E+00 9.099E-04 4.301E-04 1.314E-04 1.471E-03 1.831E+00 9.661E+02  2.3216 0.99829
  2.000E+03 2.103E+03 1.856E+00 1.124E-03 5.926E-04 2.136E-04 1.930E-03 1.858E+00 1.129E+03  2.5467 0.99874
  2.500E+03 2.604E+03 1.893E+00 1.501E-03 9.025E-04 3.721E-04 2.775E-03 1.896E+00 1.395E+03  2.8702 0.99918
  3.000E+03 3.104E+03 1.922E+00 1.899E-03 1.254E-03 5.380E-04 3.692E-03 1.926E+00 1.657E+03  3.1462 0.99942
  3.500E+03 3.604E+03 1.947E+00 2.317E-03 1.642E-03 7.135E-04 4.673E-03 1.952E+00 1.915E+03  3.3872 0.99957
  4.000E+03 4.104E+03 1.968E+00 2.750E-03 2.075E-03 9.008E-04 5.726E-03 1.974E+00 2.170E+03  3.6013 0.99967
  4.500E+03 4.604E+03 1.986E+00 3.198E-03 2.542E-03 1.096E-03 6.835E-03 1.993E+00 2.422E+03  3.7940 0.99974
  5.000E+03 5.105E+03 2.002E+00 3.658E-03 3.036E-03 1.282E-03 7.977E-03 2.010E+00 2.671E+03  3.9694 0.99979
  5.500E+03 5.605E+03 2.017E+00 4.130E-03 3.555E-03 1.484E-03 9.169E-03 2.026E+00 2.919E+03  4.1303 0.99982
  6.000E+03 6.105E+03 2.030E+00 4.613E-03 4.096E-03 1.671E-03 1.038E-02 2.040E+00 3.165E+03  4.2790 0.99985
  7.000E+03 7.105E+03 2.052E+00 5.606E-03 5.239E-03 2.069E-03 1.291E-02 2.065E+00 3.652E+03  4.5465 0.99989
  8.000E+03 8.105E+03 2.071E+00 6.632E-03 6.453E-03 2.463E-03 1.555E-02 2.087E+00 4.134E+03  4.7821 0.99992
  9.000E+03 9.105E+03 2.088E+00 7.688E-03 7.731E-03 2.834E-03 1.825E-02 2.106E+00 4.611E+03  4.9927 0.99993
  1.000E+04 1.011E+04 2.103E+00 8.770E-03 9.064E-03 3.216E-03 2.105E-02 2.124E+00 5.084E+03  5.1831 0.99995
  1.200E+04 1.211E+04 2.127E+00 1.100E-02 1.188E-02 3.992E-03 2.687E-02 2.154E+00 6.019E+03  5.5171 0.99996
  1.400E+04 1.411E+04 2.148E+00 1.331E-02 1.486E-02 4.769E-03 3.294E-02 2.181E+00 6.942E+03  5.8033 0.99997
  1.700E+04 1.711E+04 2.173E+00 1.691E-02 1.959E-02 5.921E-03 4.242E-02 2.215E+00 8.307E+03  6.1685 0.99998
  2.000E+04 2.011E+04 2.193E+00 2.062E-02 2.459E-02 7.050E-03 5.226E-02 2.245E+00 9.652E+03  6.4776 0.99999
  2.500E+04 2.511E+04 2.220E+00 2.704E-02 3.337E-02 8.906E-03 6.932E-02 2.289E+00 1.186E+04  6.9065 0.99999
  3.000E+04 3.011E+04 2.241E+00 3.369E-02 4.263E-02 1.073E-02 8.705E-02 2.328E+00 1.402E+04  7.2603 0.99999
  3.500E+04 3.511E+04 2.259E+00 4.053E-02 5.227E-02 1.257E-02 1.054E-01 2.364E+00 1.615E+04  7.5614 1.00000
  4.000E+04 4.011E+04 2.274E+00 4.753E-02 6.223E-02 1.439E-02 1.241E-01 2.398E+00 1.825E+04  7.8235 1.00000
  4.500E+04 4.511E+04 2.287E+00 5.467E-02 7.245E-02 1.619E-02 1.433E-01 2.430E+00 2.032E+04  8.0556 1.00000
  5.000E+04 5.011E+04 2.299E+00 6.193E-02 8.291E-02 1.798E-02 1.628E-01 2.461E+00 2.237E+04  8.2638 1.00000
  5.500E+04 5.511E+04 2.309E+00 6.931E-02 9.356E-02 1.979E-02 1.827E-01 2.491E+00 2.439E+04  8.4525 1.00000
  6.000E+04 6.011E+04 2.318E+00 7.678E-02 1.044E-01 2.159E-02 2.028E-01 2.521E+00 2.638E+04  8.6251 1.00000
  7.000E+04 7.011E+04 2.334E+00 9.197E-02 1.265E-01 2.514E-02 2.437E-01 2.578E+00 3.031E+04  8.9314 1.00000
  8.000E+04 8.011E+04 2.348E+00 1.075E-01 1.492E-01 2.871E-02 2.854E-01 2.634E+00 3.414E+04  9.1973 1.00000
  9.000E+04 9.011E+04 2.360E+00 1.232E-01 1.723E-01 3.228E-02 3.278E-01 2.688E+00 3.790E+04  9.4322 1.00000
  1.000E+05 1.001E+05 2.371E+00 1.392E-01 1.958E-01 3.578E-02 3.708E-01 2.742E+00 4.159E+04  9.6424 1.00000
  1.200E+05 1.201E+05 2.390E+00 1.717E-01 2.437E-01 4.291E-02 4.583E-01 2.848E+00 4.874E+04 10.0066 1.00000
  1.400E+05 1.401E+05 2.405E+00 2.049E-01 2.925E-01 5.004E-02 5.475E-01 2.953E+00 5.564E+04 10.3146 1.00000
  1.700E+05 1.701E+05 2.425E+00 2.556E-01 3.673E-01 6.075E-02 6.837E-01 3.108E+00 6.555E+04 10.7026 1.00000
  2.000E+05 2.001E+05 2.441E+00 3.072E-01 4.435E-01 7.152E-02 8.222E-01 3.263E+00 7.497E+04 11.0275 1.00000
  2.500E+05 2.501E+05 2.463E+00 3.950E-01 5.726E-01 8.953E-02 1.057E+00 3.520E+00 8.973E+04 11.4736 1.00000
  3.000E+05 3.001E+05 2.481E+00 4.843E-01 7.039E-01 1.077E-01 1.296E+00 3.777E+00 1.035E+05 11.8381 1.00000
  3.500E+05 3.501E+05 2.497E+00 5.750E-01 8.368E-01 1.260E-01 1.538E+00 4.035E+00 1.163E+05 12.1463 1.00000
  4.000E+05 4.001E+05 2.510E+00 6.666E-01 9.709E-01 1.445E-01 1.782E+00 4.292E+00 1.283E+05 12.4132 1.00000
  4.500E+05 4.501E+05 2.522E+00 7.592E-01 1.106E+00 1.631E-01 2.028E+00 4.550E+00 1.396E+05 12.6488 1.00000
  5.000E+05 5.001E+05 2.532E+00 8.525E-01 1.242E+00 1.818E-01 2.276E+00 4.809E+00 1.503E+05 12.8594 1.00000
  5.500E+05 5.501E+05 2.542E+00 9.464E-01 1.379E+00 2.004E-01 2.526E+00 5.067E+00 1.604E+05 13.0500 1.00000
  6.000E+05 6.001E+05 2.551E+00 1.041E+00 1.516E+00 2.190E-01 2.776E+00 5.327E+00 1.701E+05 13.2240 1.00000
  7.000E+05 7.001E+05 2.566E+00 1.231E+00 1.792E+00 2.567E-01 3.280E+00 5.846E+00 1.880E+05 13.5323 1.00000
  8.000E+05 8.001E+05 2.580E+00 1.424E+00 2.070E+00 2.948E-01 3.788E+00 6.368E+00 2.044E+05 13.7993 1.00000
  9.000E+05 9.001E+05 2.592E+00 1.617E+00 2.349E+00 3.333E-01 4.299E+00 6.891E+00 2.195E+05 14.0348 1.00000
  1.000E+06 1.000E+06 2.602E+00 1.812E+00 2.629E+00 3.721E-01 4.813E+00 7.415E+00 2.335E+05 14.2455 1.00000
  1.200E+06 1.200E+06 2.621E+00 2.204E+00 3.191E+00 4.507E-01 5.846E+00 8.467E+00 2.588E+05 14.6101 1.00000
  1.400E+06 1.400E+06 2.637E+00 2.599E+00 3.756E+00 5.304E-01 6.886E+00 9.523E+00 2.811E+05 14.9184 1.00000
  1.700E+06 1.700E+06 2.657E+00 3.196E+00 4.608E+00 6.519E-01 8.455E+00 1.111E+01 3.104E+05 15.3067 1.00000
  2.000E+06 2.000E+06 2.674E+00 3.797E+00 5.462E+00 7.753E-01 1.003E+01 1.271E+01 3.357E+05 15.6317 1.00000
  2.500E+06 2.500E+06 2.697E+00 4.806E+00 6.891E+00 9.847E-01 1.268E+01 1.538E+01 3.716E+05 16.0780 1.00000
  3.000E+06 3.000E+06 2.716E+00 5.821E+00 8.325E+00 1.198E+00 1.534E+01 1.806E+01 4.017E+05 16.4426 1.00000
  3.500E+06 3.500E+06 2.733E+00 6.840E+00 9.763E+00 1.415E+00 1.802E+01 2.075E+01 4.276E+05 16.7509 1.00000
  4.000E+06 4.000E+06 2.747E+00 7.863E+00 1.120E+01 1.635E+00 2.070E+01 2.345E+01 4.503E+05 17.0179 1.00000
  4.500E+06 4.500E+06 2.760E+00 8.889E+00 1.264E+01 1.858E+00 2.339E+01 2.615E+01 4.705E+05 17.2535 1.00000
  5.000E+06 5.000E+06 2.771E+00 9.918E+00 1.409E+01 2.083E+00 2.609E+01 2.886E+01 4.887E+05 17.4642 1.00000
  5.500E+06 5.500E+06 2.782E+00 1.095E+01 1.553E+01 2.311E+00 2.879E+01 3.157E+01 5.053E+05 17.6548 1.00000
  6.000E+06 6.000E+06 2.791E+00 1.198E+01 1.698E+01 2.541E+00 3.150E+01 3.429E+01 5.205E+05 17.8289 1.00000
  7.000E+06 7.000E+06 2.808E+00 1.405E+01 1.987E+01 3.006E+00 3.693E+01 3.973E+01 5.477E+05 18.1371 1.00000
  8.000E+06 8.000E+06 2.823E+00 1.612E+01 2.277E+01 3.478E+00 4.237E+01 4.519E+01 5.713E+05 18.4042 1.00000
  9.000E+06 9.000E+06 2.836E+00 1.820E+01 2.567E+01 3.956E+00 4.782E+01 5.066E+01 5.923E+05 18.6398 1.00000
  1.000E+07 1.000E+07 2.848E+00 2.028E+01 2.857E+01 4.440E+00 5.329E+01 5.613E+01 6.111E+05 18.8505 1.00000
  1.200E+07 1.200E+07 2.868E+00 2.445E+01 3.437E+01 5.423E+00 6.424E+01 6.711E+01 6.438E+05 19.2151 1.00000
  1.400E+07 1.400E+07 2.885E+00 2.862E+01 4.018E+01 6.423E+00 7.523E+01 7.811E+01 6.715E+05 19.5234 1.00000
  1.700E+07 1.700E+07 2.908E+00 3.489E+01 4.890E+01 7.952E+00 9.175E+01 9.465E+01 7.065E+05 19.9117 1.00000
  2.000E+07 2.000E+07 2.926E+00 4.117E+01 5.763E+01 9.510E+00 1.083E+02 1.112E+02 7.359E+05 20.2368 1.00000
  2.500E+07 2.500E+07 2.952E+00 5.165E+01 7.217E+01 1.216E+01 1.360E+02 1.389E+02 7.763E+05 20.6831 1.00000
  3.000E+07 3.000E+07 2.973E+00 6.215E+01 8.673E+01 1.487E+01 1.637E+02 1.667E+02 8.093E+05 21.0477 1.00000
  3.500E+07 3.500E+07 2.992E+00 7.265E+01 1.013E+02 1.764E+01 1.916E+02 1.946E+02 8.372E+05 21.3560 1.00000
  4.000E+07 4.000E+07 3.007E+00 8.316E+01 1.158E+02 2.044E+01 2.194E+02 2.225E+02 8.613E+05 21.6231 1.00000
  4.500E+07 4.500E+07 3.022E+00 9.367E+01 1.304E+02 2.329E+01 2.474E+02 2.504E+02 8.825E+05 21.8586 1.00000
  5.000E+07 5.000E+07 3.034E+00 1.042E+02 1.450E+02 2.617E+01 2.753E+02 2.784E+02 9.014E+05 22.0693 1.00000
  5.500E+07 5.500E+07 3.046E+00 1.147E+02 1.595E+02 2.908E+01 3.033E+02 3.064E+02 9.186E+05 22.2600 1.00000
  6.000E+07 6.000E+07 3.056E+00 1.252E+02 1.741E+02 3.202E+01 3.314E+02 3.344E+02 9.342E+05 22.4340 1.00000
  7.000E+07 7.000E+07 3.075E+00 1.463E+02 2.033E+02 3.798E+01 3.875E+02 3.906E+02 9.620E+05 22.7423 1.00000
  8.000E+07 8.000E+07 3.091E+00 1.674E+02 2.324E+02 4.404E+01 4.438E+02 4.469E+02 9.860E+05 23.0094 1.00000
  9.000E+07 9.000E+07 3.106E+00 1.884E+02 2.615E+02 5.019E+01 5.002E+02 5.033E+02 1.007E+06 23.2449 1.00000
  1.000E+08 1.000E+08 3.119E+00 2.095E+02 2.907E+02 5.641E+01 5.566E+02 5.597E+02 1.026E+06 23.4556 1.00000
  1.200E+08 1.200E+08 3.142E+00 2.516E+02 3.490E+02 6.907E+01 6.697E+02 6.728E+02 1.059E+06 23.8203 1.00000
  1.400E+08 1.400E+08 3.161E+00 2.938E+02 4.073E+02 8.197E+01 7.831E+02 7.862E+02 1.086E+06 24.1286 1.00000
  1.700E+08 1.700E+08 3.186E+00 3.571E+02 4.948E+02 1.017E+02 9.535E+02 9.567E+02 1.121E+06 24.5169 1.00000
  2.000E+08 2.000E+08 3.207E+00 4.203E+02 5.822E+02 1.218E+02 1.124E+03 1.128E+03 1.150E+06 24.8419 1.00000
  2.500E+08 2.500E+08 3.235E+00 5.258E+02 7.280E+02 1.562E+02 1.410E+03 1.413E+03 1.190E+06 25.2882 1.00000
  3.000E+08 3.000E+08 3.259E+00 6.313E+02 8.738E+02 1.913E+02 1.696E+03 1.700E+03 1.222E+06 25.6529 1.00000
  3.500E+08 3.500E+08 3.280E+00 7.368E+02 1.020E+03 2.271E+02 1.983E+03 1.987E+03 1.250E+06 25.9612 1.00000
  4.000E+08 4.000E+08 3.297E+00 8.423E+02 1.165E+03 2.635E+02 2.271E+03 2.274E+03 1.273E+06 26.2282 1.00000
  4.500E+08 4.500E+08 3.313E+00 9.478E+02 1.311E+03 3.005E+02 2.559E+03 2.563E+03 1.294E+06 26.4638 1.00000
  5.000E+08 5.000E+08 3.327E+00 1.053E+03 1.457E+03 3.379E+02 2.848E+03 2.851E+03 1.312E+06 26.6745 1.00000
  5.500E+08 5.500E+08 3.340E+00 1.159E+03 1.603E+03 3.758E+02 3.137E+03 3.141E+03 1.329E+06 26.8651 1.00000
  6.000E+08 6.000E+08 3.352E+00 1.264E+03 1.748E+03 4.141E+02 3.427E+03 3.430E+03 1.344E+06 27.0392 1.00000
  7.000E+08 7.000E+08 3.373E+00 1.475E+03 2.040E+03 4.918E+02 4.007E+03 4.011E+03 1.371E+06 27.3475 1.00000
  8.000E+08 8.000E+08 3.391E+00 1.686E+03 2.332E+03 5.708E+02 4.589E+03 4.592E+03 1.395E+06 27.6145 1.00000
  9.000E+08 9.000E+08 3.407E+00 1.897E+03 2.623E+03 6.510E+02 5.172E+03 5.175E+03 1.415E+06 27.8501 1.00000
  1.000E+09 1.000E+09 3.422E+00 2.108E+03 2.915E+03 7.323E+02 5.755E+03 5.759E+03 1.434E+06 28.0608 1.00000
