 Incident particle is a Muon with M = 105.65839 MeV
 Index = 0: Californium
      Absorber with <Z/A> = 0.39031
 Density effect computed following Fano (1963)
 Models for Radloss: brems =  SSR, pair =  SSR, photonuc = DRSS

 *** Table generated with PUMAS v1.1 ***

      T         p     Ionization  brems     pair     photonuc  Radloss    dE/dx   CSDA Range  delta   beta
    [MeV]    [MeV/c]  -----------------------[MeV cm^2/g]------------------------  [g/cm^2]
  1.000E+00 1.457E+01 1.892E+01 0.000E+00 0.000E+00 0.000E+00 0.000E+00 1.892E+01 2.643E-02  0.0646 0.13661
  1.200E+00 1.597E+01 1.677E+01 0.000E+00 0.000E+00 0.000E+00 0.000E+00 1.677E+01 3.768E-02  0.0650 0.14944
  1.400E+00 1.726E+01 1.511E+01 0.000E+00 0.000E+00 0.000E+00 0.000E+00 1.511E+01 5.026E-02  0.0653 0.16119
  1.700E+00 1.903E+01 1.322E+01 0.000E+00 0.000E+00 0.000E+00 0.000E+00 1.322E+01 7.154E-02  0.0659 0.17725
  2.000E+00 2.066E+01 1.180E+01 0.000E+00 0.000E+00 0.000E+00 0.000E+00 1.180E+01 9.560E-02  0.0664 0.19186
  2.500E+00 2.312E+01 1.007E+01 0.000E+00 0.000E+00 0.000E+00 0.000E+00 1.007E+01 1.416E-01  0.0674 0.21376
  3.000E+00 2.536E+01 8.839E+00 0.000E+00 0.000E+00 0.000E+00 0.000E+00 8.839E+00 1.948E-01  0.0683 0.23336
  3.500E+00 2.742E+01 7.909E+00 0.000E+00 0.000E+00 0.000E+00 0.000E+00 7.909E+00 2.547E-01  0.0692 0.25120
  4.000E+00 2.935E+01 7.180E+00 0.000E+00 0.000E+00 0.000E+00 0.000E+00 7.180E+00 3.211E-01  0.0701 0.26763
  4.500E+00 3.116E+01 6.592E+00 0.000E+00 0.000E+00 0.000E+00 0.000E+00 6.592E+00 3.939E-01  0.0710 0.28290
  5.000E+00 3.289E+01 6.107E+00 0.000E+00 0.000E+00 0.000E+00 0.000E+00 6.107E+00 4.728E-01  0.0720 0.29720
  5.500E+00 3.453E+01 5.700E+00 0.000E+00 0.000E+00 0.000E+00 0.000E+00 5.700E+00 5.576E-01  0.0729 0.31066
  6.000E+00 3.611E+01 5.352E+00 0.000E+00 0.000E+00 0.000E+00 0.000E+00 5.352E+00 6.482E-01  0.0738 0.32339
  7.000E+00 3.909E+01 4.790E+00 0.000E+00 0.000E+00 0.000E+00 0.000E+00 4.790E+00 8.460E-01  0.0756 0.34700
  8.000E+00 4.189E+01 4.354E+00 0.000E+00 0.000E+00 0.000E+00 0.000E+00 4.354E+00 1.065E+00  0.0775 0.36854
  9.000E+00 4.453E+01 4.005E+00 0.000E+00 0.000E+00 0.000E+00 0.000E+00 4.005E+00 1.305E+00  0.0793 0.38836
  1.000E+01 4.704E+01 3.720E+00 0.000E+00 0.000E+00 0.000E+00 0.000E+00 3.720E+00 1.564E+00  0.0812 0.40675
  1.200E+01 5.177E+01 3.279E+00 0.000E+00 0.000E+00 0.000E+00 0.000E+00 3.279E+00 2.139E+00  0.0849 0.43998
  1.400E+01 5.616E+01 2.954E+00 0.000E+00 0.000E+00 0.000E+00 0.000E+00 2.954E+00 2.783E+00  0.0886 0.46937
  1.700E+01 6.230E+01 2.600E+00 0.000E+00 0.000E+00 0.000E+00 0.000E+00 2.600E+00 3.868E+00  0.0941 0.50792
  2.000E+01 6.802E+01 2.346E+00 0.000E+00 0.000E+00 0.000E+00 0.000E+00 2.346E+00 5.086E+00  0.0996 0.54129
  2.500E+01 7.686E+01 2.051E+00 0.000E+00 0.000E+00 0.000E+00 0.000E+00 2.051E+00 7.374E+00  0.1088 0.58827
  3.000E+01 8.509E+01 1.850E+00 0.000E+00 0.000E+00 0.000E+00 0.000E+00 1.850E+00 9.947E+00  0.1178 0.62720
  3.500E+01 9.285E+01 1.706E+00 0.000E+00 0.000E+00 0.000E+00 0.000E+00 1.706E+00 1.277E+01  0.1268 0.66011
  4.000E+01 1.003E+02 1.597E+00 0.000E+00 0.000E+00 0.000E+00 0.000E+00 1.597E+00 1.580E+01  0.1358 0.68834
  4.500E+01 1.074E+02 1.512E+00 0.000E+00 0.000E+00 0.000E+00 0.000E+00 1.512E+00 1.902E+01  0.1446 0.71286
  5.000E+01 1.143E+02 1.445E+00 0.000E+00 0.000E+00 0.000E+00 0.000E+00 1.445E+00 2.241E+01  0.1533 0.73434
  5.500E+01 1.210E+02 1.390E+00 0.000E+00 0.000E+00 0.000E+00 0.000E+00 1.390E+00 2.594E+01  0.1619 0.75332
  6.000E+01 1.276E+02 1.345E+00 0.000E+00 0.000E+00 0.000E+00 0.000E+00 1.345E+00 2.960E+01  0.1705 0.77019
  7.000E+01 1.403E+02 1.276E+00 0.000E+00 0.000E+00 0.000E+00 0.000E+00 1.276E+00 3.724E+01  0.1872 0.79887
  8.000E+01 1.527E+02 1.226E+00 0.000E+00 0.000E+00 0.000E+00 0.000E+00 1.226E+00 4.525E+01  0.2036 0.82227
  9.000E+01 1.647E+02 1.189E+00 0.000E+00 0.000E+00 0.000E+00 0.000E+00 1.189E+00 5.353E+01  0.2196 0.84166
  1.000E+02 1.764E+02 1.161E+00 0.000E+00 0.000E+00 0.000E+00 0.000E+00 1.161E+00 6.205E+01  0.2352 0.85794
  1.200E+02 1.994E+02 1.123E+00 0.000E+00 0.000E+00 0.000E+00 0.000E+00 1.123E+00 7.959E+01  0.2653 0.88361
  1.400E+02 2.218E+02 1.100E+00 0.000E+00 0.000E+00 0.000E+00 0.000E+00 1.100E+00 9.761E+01  0.2941 0.90278
  1.700E+02 2.546E+02 1.081E+00 0.000E+00 0.000E+00 0.000E+00 0.000E+00 1.081E+00 1.252E+02  0.3350 0.92363
  2.000E+02 2.868E+02 1.073E+00 0.000E+00 0.000E+00 0.000E+00 0.000E+00 1.073E+00 1.530E+02  0.3736 0.93835
  2.500E+02 3.396E+02 1.073E+00 0.000E+00 0.000E+00 0.000E+00 0.000E+00 1.073E+00 1.996E+02  0.4334 0.95485
  3.000E+02 3.917E+02 1.080E+00 0.000E+00 0.000E+00 0.000E+00 0.000E+00 1.080E+00 2.461E+02  0.4887 0.96548
  3.500E+02 4.432E+02 1.090E+00 0.000E+00 0.000E+00 0.000E+00 0.000E+00 1.090E+00 2.922E+02  0.5404 0.97274
  4.000E+02 4.945E+02 1.101E+00 0.000E+00 0.000E+00 0.000E+00 0.000E+00 1.101E+00 3.379E+02  0.5891 0.97793
  4.500E+02 5.455E+02 1.113E+00 0.000E+00 0.000E+00 0.000E+00 0.000E+00 1.113E+00 3.830E+02  0.6353 0.98176
  5.000E+02 5.964E+02 1.125E+00 3.171E-05 1.068E-07 0.000E+00 3.182E-05 1.125E+00 4.277E+02  0.6793 0.98467
  5.500E+02 6.471E+02 1.137E+00 2.971E-04 1.201E-04 1.446E-05 4.317E-04 1.137E+00 4.719E+02  0.7215 0.98693
  6.000E+02 6.977E+02 1.148E+00 4.755E-04 1.670E-04 4.842E-05 6.909E-04 1.149E+00 5.157E+02  0.7621 0.98873
  7.000E+02 7.987E+02 1.169E+00 7.611E-04 2.676E-04 1.158E-04 1.144E-03 1.170E+00 6.019E+02  0.8391 0.99136
  8.000E+02 8.995E+02 1.189E+00 1.014E-03 3.871E-04 1.790E-04 1.580E-03 1.190E+00 6.866E+02  0.9114 0.99317
  9.000E+02 1.000E+03 1.207E+00 1.258E-03 5.254E-04 2.392E-04 2.022E-03 1.209E+00 7.700E+02  0.9797 0.99447
  1.000E+03 1.101E+03 1.223E+00 1.502E-03 6.815E-04 2.972E-04 2.480E-03 1.226E+00 8.521E+02  1.0446 0.99542
  1.200E+03 1.301E+03 1.252E+00 2.002E-03 1.043E-03 4.089E-04 3.454E-03 1.256E+00 1.013E+03  1.1660 0.99672
  1.400E+03 1.502E+03 1.277E+00 2.526E-03 1.465E-03 5.163E-04 4.507E-03 1.282E+00 1.171E+03  1.2782 0.99753
  1.700E+03 1.803E+03 1.309E+00 3.359E-03 2.198E-03 6.718E-04 6.228E-03 1.315E+00 1.402E+03  1.4328 0.99829
  2.000E+03 2.103E+03 1.336E+00 4.245E-03 3.036E-03 8.221E-04 8.104E-03 1.344E+00 1.627E+03  1.5743 0.99874
  2.500E+03 2.604E+03 1.372E+00 5.828E-03 4.638E-03 1.064E-03 1.153E-02 1.383E+00 1.994E+03  1.7870 0.99918
  3.000E+03 3.104E+03 1.400E+00 7.523E-03 6.457E-03 1.297E-03 1.528E-02 1.416E+00 2.351E+03  1.9765 0.99942
  3.500E+03 3.604E+03 1.424E+00 9.315E-03 8.462E-03 1.523E-03 1.930E-02 1.444E+00 2.701E+03  2.1475 0.99957
  4.000E+03 4.104E+03 1.445E+00 1.119E-02 1.064E-02 1.743E-03 2.357E-02 1.468E+00 3.044E+03  2.3032 0.99967
  4.500E+03 4.604E+03 1.462E+00 1.314E-02 1.296E-02 1.959E-03 2.806E-02 1.490E+00 3.382E+03  2.4461 0.99974
  5.000E+03 5.105E+03 1.478E+00 1.516E-02 1.542E-02 2.170E-03 3.275E-02 1.511E+00 3.715E+03  2.5782 0.99979
  5.500E+03 5.605E+03 1.492E+00 1.723E-02 1.799E-02 2.377E-03 3.760E-02 1.529E+00 4.044E+03  2.7009 0.99982
  6.000E+03 6.105E+03 1.504E+00 1.936E-02 2.067E-02 2.581E-03 4.261E-02 1.547E+00 4.369E+03  2.8155 0.99985
  7.000E+03 7.105E+03 1.526E+00 2.376E-02 2.632E-02 2.980E-03 5.306E-02 1.579E+00 5.009E+03  3.0246 0.99989
  8.000E+03 8.105E+03 1.544E+00 2.833E-02 3.231E-02 3.370E-03 6.401E-02 1.608E+00 5.637E+03  3.2115 0.99992
  9.000E+03 9.105E+03 1.560E+00 3.305E-02 3.858E-02 3.751E-03 7.538E-02 1.635E+00 6.253E+03  3.3808 0.99993
  1.000E+04 1.011E+04 1.574E+00 3.790E-02 4.512E-02 4.125E-03 8.714E-02 1.661E+00 6.860E+03  3.5356 0.99995
  1.200E+04 1.211E+04 1.597E+00 4.793E-02 5.887E-02 4.855E-03 1.117E-01 1.709E+00 8.047E+03  3.8110 0.99996
  1.400E+04 1.411E+04 1.616E+00 5.835E-02 7.337E-02 5.567E-03 1.373E-01 1.754E+00 9.202E+03  4.0512 0.99997
  1.700E+04 1.711E+04 1.640E+00 7.459E-02 9.630E-02 6.606E-03 1.775E-01 1.817E+00 1.088E+04  4.3627 0.99998
  2.000E+04 2.011E+04 1.658E+00 9.142E-02 1.204E-01 7.619E-03 2.194E-01 1.878E+00 1.251E+04  4.6307 0.99999
  2.500E+04 2.511E+04 1.683E+00 1.206E-01 1.625E-01 9.265E-03 2.923E-01 1.975E+00 1.510E+04  5.0085 0.99999
  3.000E+04 3.011E+04 1.702E+00 1.508E-01 2.067E-01 1.087E-02 3.683E-01 2.071E+00 1.757E+04  5.3247 0.99999
  3.500E+04 3.511E+04 1.718E+00 1.819E-01 2.524E-01 1.245E-02 4.468E-01 2.165E+00 1.993E+04  5.5967 1.00000
  4.000E+04 4.011E+04 1.732E+00 2.138E-01 2.995E-01 1.401E-02 5.272E-01 2.259E+00 2.220E+04  5.8355 1.00000
  4.500E+04 4.511E+04 1.743E+00 2.463E-01 3.476E-01 1.555E-02 6.094E-01 2.353E+00 2.436E+04  6.0484 1.00000
  5.000E+04 5.011E+04 1.753E+00 2.793E-01 3.966E-01 1.708E-02 6.930E-01 2.446E+00 2.645E+04  6.2405 1.00000
  5.500E+04 5.511E+04 1.763E+00 3.129E-01 4.465E-01 1.859E-02 7.779E-01 2.540E+00 2.845E+04  6.4156 1.00000
  6.000E+04 6.011E+04 1.771E+00 3.468E-01 4.970E-01 2.010E-02 8.640E-01 2.635E+00 3.039E+04  6.5766 1.00000
  7.000E+04 7.011E+04 1.785E+00 4.160E-01 6.000E-01 2.309E-02 1.039E+00 2.824E+00 3.405E+04  6.8640 1.00000
  8.000E+04 8.011E+04 1.797E+00 4.864E-01 7.049E-01 2.607E-02 1.217E+00 3.014E+00 3.748E+04  7.1151 1.00000
  9.000E+04 9.011E+04 1.807E+00 5.580E-01 8.114E-01 2.903E-02 1.399E+00 3.206E+00 4.070E+04  7.3382 1.00000
  1.000E+05 1.001E+05 1.817E+00 6.306E-01 9.194E-01 3.198E-02 1.582E+00 3.399E+00 4.372E+04  7.5389 1.00000
  1.200E+05 1.201E+05 1.832E+00 7.782E-01 1.139E+00 3.787E-02 1.955E+00 3.787E+00 4.930E+04  7.8884 1.00000
  1.400E+05 1.401E+05 1.845E+00 9.286E-01 1.362E+00 4.375E-02 2.334E+00 4.179E+00 5.432E+04  8.1858 1.00000
  1.700E+05 1.701E+05 1.862E+00 1.158E+00 1.701E+00 5.256E-02 2.912E+00 4.774E+00 6.104E+04  8.5624 1.00000
  2.000E+05 2.001E+05 1.875E+00 1.392E+00 2.046E+00 6.140E-02 3.499E+00 5.374E+00 6.696E+04  8.8791 1.00000
  2.500E+05 2.501E+05 1.894E+00 1.788E+00 2.627E+00 7.618E-02 4.491E+00 6.385E+00 7.549E+04  9.3158 1.00000
  3.000E+05 3.001E+05 1.909E+00 2.190E+00 3.216E+00 9.105E-02 5.498E+00 7.406E+00 8.275E+04  9.6741 1.00000
  3.500E+05 3.501E+05 1.921E+00 2.598E+00 3.811E+00 1.060E-01 6.515E+00 8.436E+00 8.907E+04  9.9780 1.00000
  4.000E+05 4.001E+05 1.932E+00 3.010E+00 4.409E+00 1.211E-01 7.540E+00 9.472E+00 9.466E+04 10.2418 1.00000
  4.500E+05 4.501E+05 1.942E+00 3.426E+00 5.011E+00 1.363E-01 8.573E+00 1.051E+01 9.967E+04 10.4749 1.00000
  5.000E+05 5.001E+05 1.950E+00 3.844E+00 5.615E+00 1.515E-01 9.611E+00 1.156E+01 1.042E+05 10.6837 1.00000
  5.500E+05 5.501E+05 1.958E+00 4.264E+00 6.222E+00 1.669E-01 1.065E+01 1.261E+01 1.083E+05 10.8729 1.00000
  6.000E+05 6.001E+05 1.965E+00 4.687E+00 6.831E+00 1.823E-01 1.170E+01 1.367E+01 1.122E+05 11.0457 1.00000
  7.000E+05 7.001E+05 1.977E+00 5.539E+00 8.053E+00 2.135E-01 1.381E+01 1.578E+01 1.190E+05 11.3523 1.00000
  8.000E+05 8.001E+05 1.988E+00 6.396E+00 9.281E+00 2.450E-01 1.592E+01 1.791E+01 1.249E+05 11.6181 1.00000
  9.000E+05 9.001E+05 1.998E+00 7.258E+00 1.051E+01 2.767E-01 1.805E+01 2.005E+01 1.302E+05 11.8529 1.00000
  1.000E+06 1.000E+06 2.007E+00 8.124E+00 1.175E+01 3.088E-01 2.018E+01 2.219E+01 1.349E+05 12.0630 1.00000
  1.200E+06 1.200E+06 2.022E+00 9.867E+00 1.423E+01 3.736E-01 2.447E+01 2.649E+01 1.432E+05 12.4268 1.00000
  1.400E+06 1.400E+06 2.034E+00 1.162E+01 1.671E+01 4.394E-01 2.877E+01 3.081E+01 1.502E+05 12.7345 1.00000
  1.700E+06 1.700E+06 2.051E+00 1.427E+01 2.046E+01 5.396E-01 3.526E+01 3.731E+01 1.590E+05 13.1224 1.00000
  2.000E+06 2.000E+06 2.064E+00 1.692E+01 2.421E+01 6.414E-01 4.177E+01 4.384E+01 1.664E+05 13.4471 1.00000
  2.500E+06 2.500E+06 2.083E+00 2.138E+01 3.048E+01 8.141E-01 5.267E+01 5.475E+01 1.766E+05 13.8931 1.00000
  3.000E+06 3.000E+06 2.098E+00 2.585E+01 3.677E+01 9.903E-01 6.361E+01 6.571E+01 1.849E+05 14.2576 1.00000
  3.500E+06 3.500E+06 2.111E+00 3.034E+01 4.306E+01 1.169E+00 7.457E+01 7.668E+01 1.920E+05 14.5658 1.00000
  4.000E+06 4.000E+06 2.123E+00 3.484E+01 4.937E+01 1.351E+00 8.556E+01 8.768E+01 1.980E+05 14.8328 1.00000
  4.500E+06 4.500E+06 2.133E+00 3.935E+01 5.568E+01 1.535E+00 9.656E+01 9.869E+01 2.034E+05 15.0684 1.00000
  5.000E+06 5.000E+06 2.142E+00 4.387E+01 6.199E+01 1.721E+00 1.076E+02 1.097E+02 2.082E+05 15.2791 1.00000
  5.500E+06 5.500E+06 2.151E+00 4.839E+01 6.831E+01 1.909E+00 1.186E+02 1.208E+02 2.126E+05 15.4697 1.00000
  6.000E+06 6.000E+06 2.158E+00 5.292E+01 7.464E+01 2.098E+00 1.297E+02 1.318E+02 2.165E+05 15.6437 1.00000
  7.000E+06 7.000E+06 2.172E+00 6.198E+01 8.729E+01 2.483E+00 1.518E+02 1.539E+02 2.235E+05 15.9519 1.00000
  8.000E+06 8.000E+06 2.184E+00 7.107E+01 9.996E+01 2.873E+00 1.739E+02 1.761E+02 2.296E+05 16.2190 1.00000
  9.000E+06 9.000E+06 2.194E+00 8.016E+01 1.126E+02 3.268E+00 1.961E+02 1.983E+02 2.350E+05 16.4545 1.00000
  1.000E+07 1.000E+07 2.203E+00 8.926E+01 1.253E+02 3.668E+00 2.182E+02 2.204E+02 2.397E+05 16.6652 1.00000
  1.200E+07 1.200E+07 2.220E+00 1.075E+02 1.507E+02 4.481E+00 2.626E+02 2.649E+02 2.480E+05 17.0299 1.00000
  1.400E+07 1.400E+07 2.234E+00 1.257E+02 1.761E+02 5.309E+00 3.071E+02 3.093E+02 2.550E+05 17.3382 1.00000
  1.700E+07 1.700E+07 2.252E+00 1.531E+02 2.142E+02 6.575E+00 3.739E+02 3.761E+02 2.638E+05 17.7265 1.00000
  2.000E+07 2.000E+07 2.267E+00 1.805E+02 2.523E+02 7.867E+00 4.407E+02 4.429E+02 2.711E+05 18.0515 1.00000
  2.500E+07 2.500E+07 2.287E+00 2.263E+02 3.158E+02 1.007E+01 5.522E+02 5.544E+02 2.812E+05 18.4978 1.00000
  3.000E+07 3.000E+07 2.304E+00 2.720E+02 3.794E+02 1.232E+01 6.637E+02 6.660E+02 2.894E+05 18.8624 1.00000
  3.500E+07 3.500E+07 2.319E+00 3.178E+02 4.430E+02 1.461E+01 7.754E+02 7.777E+02 2.963E+05 19.1707 1.00000
  4.000E+07 4.000E+07 2.332E+00 3.636E+02 5.066E+02 1.694E+01 8.871E+02 8.895E+02 3.023E+05 19.4378 1.00000
  4.500E+07 4.500E+07 2.343E+00 4.094E+02 5.702E+02 1.930E+01 9.989E+02 1.001E+03 3.076E+05 19.6734 1.00000
  5.000E+07 5.000E+07 2.353E+00 4.552E+02 6.338E+02 2.170E+01 1.111E+03 1.113E+03 3.124E+05 19.8841 1.00000
  5.500E+07 5.500E+07 2.362E+00 5.011E+02 6.974E+02 2.412E+01 1.223E+03 1.225E+03 3.167E+05 20.0747 1.00000
  6.000E+07 6.000E+07 2.371E+00 5.469E+02 7.611E+02 2.657E+01 1.335E+03 1.337E+03 3.206E+05 20.2487 1.00000
  7.000E+07 7.000E+07 2.386E+00 6.386E+02 8.883E+02 3.153E+01 1.559E+03 1.561E+03 3.275E+05 20.5570 1.00000
  8.000E+07 8.000E+07 2.399E+00 7.303E+02 1.016E+03 3.658E+01 1.783E+03 1.785E+03 3.335E+05 20.8241 1.00000
  9.000E+07 9.000E+07 2.411E+00 8.221E+02 1.143E+03 4.170E+01 2.007E+03 2.009E+03 3.387E+05 21.0596 1.00000
  1.000E+08 1.000E+08 2.421E+00 9.138E+02 1.270E+03 4.689E+01 2.231E+03 2.233E+03 3.435E+05 21.2704 1.00000
  1.200E+08 1.200E+08 2.439E+00 1.097E+03 1.525E+03 5.745E+01 2.680E+03 2.682E+03 3.516E+05 21.6350 1.00000
  1.400E+08 1.400E+08 2.455E+00 1.281E+03 1.780E+03 6.822E+01 3.129E+03 3.131E+03 3.585E+05 21.9433 1.00000
  1.700E+08 1.700E+08 2.475E+00 1.556E+03 2.162E+03 8.472E+01 3.802E+03 3.805E+03 3.672E+05 22.3316 1.00000
  2.000E+08 2.000E+08 2.491E+00 1.832E+03 2.544E+03 1.016E+02 4.477E+03 4.479E+03 3.745E+05 22.6567 1.00000
  2.500E+08 2.500E+08 2.515E+00 2.290E+03 3.180E+03 1.303E+02 5.601E+03 5.604E+03 3.844E+05 23.1029 1.00000
  3.000E+08 3.000E+08 2.534E+00 2.749E+03 3.817E+03 1.597E+02 6.726E+03 6.729E+03 3.926E+05 23.4676 1.00000
  3.500E+08 3.500E+08 2.550E+00 3.208E+03 4.454E+03 1.898E+02 7.852E+03 7.855E+03 3.994E+05 23.7759 1.00000
  4.000E+08 4.000E+08 2.564E+00 3.667E+03 5.091E+03 2.203E+02 8.978E+03 8.981E+03 4.054E+05 24.0430 1.00000
  4.500E+08 4.500E+08 2.577E+00 4.126E+03 5.727E+03 2.514E+02 1.011E+04 1.011E+04 4.106E+05 24.2785 1.00000
  5.000E+08 5.000E+08 2.588E+00 4.585E+03 6.364E+03 2.828E+02 1.123E+04 1.124E+04 4.153E+05 24.4892 1.00000
  5.500E+08 5.500E+08 2.598E+00 5.044E+03 7.001E+03 3.147E+02 1.236E+04 1.236E+04 4.196E+05 24.6799 1.00000
  6.000E+08 6.000E+08 2.608E+00 5.504E+03 7.638E+03 3.469E+02 1.349E+04 1.349E+04 4.234E+05 24.8539 1.00000
  7.000E+08 7.000E+08 2.625E+00 6.422E+03 8.911E+03 4.123E+02 1.575E+04 1.575E+04 4.303E+05 25.1622 1.00000
  8.000E+08 8.000E+08 2.639E+00 7.340E+03 1.019E+04 4.788E+02 1.800E+04 1.801E+04 4.362E+05 25.4292 1.00000
  9.000E+08 9.000E+08 2.652E+00 8.258E+03 1.146E+04 5.463E+02 2.026E+04 2.027E+04 4.414E+05 25.6647 1.00000
  1.000E+09 1.000E+09 2.664E+00 9.176E+03 1.273E+04 6.149E+02 2.252E+04 2.253E+04 4.461E+05 25.8754 1.00000
  1.200E+09 1.200E+09 2.684E+00 1.101E+04 1.528E+04 7.544E+02 2.705E+04 2.705E+04 4.542E+05 26.2401 1.00000
  1.400E+09 1.400E+09 2.702E+00 1.285E+04 1.783E+04 8.968E+02 3.157E+04 3.158E+04 4.611E+05 26.5480 1.00000
  1.700E+09 1.700E+09 2.724E+00 1.560E+04 2.165E+04 1.115E+03 3.837E+04 3.837E+04 4.697E+05 26.9363 1.00000
  2.000E+09 2.000E+09 2.743E+00 1.836E+04 2.547E+04 1.339E+03 4.517E+04 4.517E+04 4.769E+05 27.2598 1.00000
  2.500E+09 2.500E+09 2.769E+00 2.295E+04 3.184E+04 1.720E+03 5.651E+04 5.651E+04 4.867E+05 27.7061 1.00000
  3.000E+09 3.000E+09 2.790E+00 2.754E+04 3.821E+04 2.111E+03 6.786E+04 6.786E+04 4.948E+05 28.0642 1.00000
  3.500E+09 3.500E+09 2.808E+00 3.213E+04 4.458E+04 2.511E+03 7.922E+04 7.922E+04 5.016E+05 28.3725 1.00000
  4.000E+09 4.000E+09 2.824E+00 3.672E+04 5.094E+04 2.918E+03 9.058E+04 9.058E+04 5.075E+05 28.6396 1.00000
  4.500E+09 4.500E+09 2.840E+00 4.131E+04 5.731E+04 3.332E+03 1.020E+05 1.020E+05 5.127E+05 28.8460 1.00000
  5.000E+09 5.000E+09 2.853E+00 4.590E+04 6.368E+04 3.751E+03 1.133E+05 1.133E+05 5.174E+05 29.0567 1.00000
  5.500E+09 5.500E+09 2.864E+00 5.049E+04 7.005E+04 4.176E+03 1.247E+05 1.247E+05 5.216E+05 29.2473 1.00000
  6.000E+09 6.000E+09 2.875E+00 5.508E+04 7.642E+04 4.606E+03 1.361E+05 1.361E+05 5.254E+05 29.4214 1.00000
  7.000E+09 7.000E+09 2.894E+00 6.426E+04 8.916E+04 5.480E+03 1.589E+05 1.589E+05 5.322E+05 29.7297 1.00000
  8.000E+09 8.000E+09 2.919E+00 7.344E+04 1.019E+05 6.371E+03 1.817E+05 1.817E+05 5.381E+05 29.8413 1.00000
  9.000E+09 9.000E+09 2.934E+00 8.262E+04 1.146E+05 7.275E+03 2.045E+05 2.045E+05 5.433E+05 30.0768 1.00000
  1.000E+10 1.000E+10 2.947E+00 9.181E+04 1.274E+05 8.194E+03 2.274E+05 2.274E+05 5.479E+05 30.2876 1.00000
  1.200E+10 1.200E+10 2.970E+00 1.102E+05 1.528E+05 1.007E+04 2.731E+05 2.731E+05 5.559E+05 30.6522 1.00000
  1.400E+10 1.400E+10 2.989E+00 1.285E+05 1.783E+05 1.198E+04 3.188E+05 3.188E+05 5.627E+05 30.9605 1.00000
  1.700E+10 1.700E+10 3.014E+00 1.561E+05 2.165E+05 1.492E+04 3.875E+05 3.875E+05 5.712E+05 31.3488 1.00000
  2.000E+10 2.000E+10 3.035E+00 1.836E+05 2.547E+05 1.792E+04 4.563E+05 4.563E+05 5.783E+05 31.6739 1.00000
  2.500E+10 2.500E+10 3.064E+00 2.295E+05 3.184E+05 2.307E+04 5.710E+05 5.710E+05 5.881E+05 32.1201 1.00000
  3.000E+10 3.000E+10 3.088E+00 2.754E+05 3.821E+05 2.835E+04 6.859E+05 6.859E+05 5.961E+05 32.4848 1.00000
  3.500E+10 3.500E+10 3.108E+00 3.213E+05 4.458E+05 3.376E+04 8.009E+05 8.009E+05 6.028E+05 32.7931 1.00000
  4.000E+10 4.000E+10 3.126E+00 3.672E+05 5.095E+05 3.927E+04 9.160E+05 9.160E+05 6.087E+05 33.0601 1.00000
  4.500E+10 4.500E+10 3.142E+00 4.131E+05 5.732E+05 4.487E+04 1.031E+06 1.031E+06 6.138E+05 33.2957 1.00000
  5.000E+10 5.000E+10 3.156E+00 4.590E+05 6.369E+05 5.056E+04 1.146E+06 1.146E+06 6.184E+05 33.5064 1.00000
  5.500E+10 5.500E+10 3.169E+00 5.050E+05 7.005E+05 5.633E+04 1.262E+06 1.262E+06 6.226E+05 33.6971 1.00000
  6.000E+10 6.000E+10 3.180E+00 5.509E+05 7.642E+05 6.217E+04 1.377E+06 1.377E+06 6.263E+05 33.8711 1.00000
  7.000E+10 7.000E+10 3.201E+00 6.427E+05 8.916E+05 7.405E+04 1.608E+06 1.608E+06 6.331E+05 34.1794 1.00000
  8.000E+10 8.000E+10 3.220E+00 7.345E+05 1.019E+06 8.616E+04 1.840E+06 1.840E+06 6.389E+05 34.4464 1.00000
  9.000E+10 9.000E+10 3.236E+00 8.263E+05 1.146E+06 9.849E+04 2.071E+06 2.071E+06 6.440E+05 34.6820 1.00000
  1.000E+11 1.000E+11 3.251E+00 9.181E+05 1.274E+06 1.110E+05 2.303E+06 2.303E+06 6.486E+05 34.8927 1.00000
  1.200E+11 1.200E+11 3.276E+00 1.102E+06 1.528E+06 1.366E+05 2.767E+06 2.767E+06 6.565E+05 35.2574 1.00000
  1.400E+11 1.400E+11 3.298E+00 1.285E+06 1.783E+06 1.627E+05 3.231E+06 3.231E+06 6.632E+05 35.5657 1.00000
  1.700E+11 1.700E+11 3.326E+00 1.561E+06 2.165E+06 2.029E+05 3.929E+06 3.929E+06 6.716E+05 35.9540 1.00000
  2.000E+11 2.000E+11 3.349E+00 1.836E+06 2.547E+06 2.441E+05 4.628E+06 4.628E+06 6.786E+05 36.2790 1.00000
  2.500E+11 2.500E+11 3.381E+00 2.295E+06 3.184E+06 3.147E+05 5.794E+06 5.794E+06 6.882E+05 36.7253 1.00000
  3.000E+11 3.000E+11 3.408E+00 2.754E+06 3.821E+06 3.874E+05 6.963E+06 6.963E+06 6.961E+05 37.0900 1.00000
  3.500E+11 3.500E+11 3.430E+00 3.213E+06 4.458E+06 4.618E+05 8.133E+06 8.133E+06 7.027E+05 37.3983 1.00000
  4.000E+11 4.000E+11 3.450E+00 3.672E+06 5.095E+06 5.378E+05 9.305E+06 9.305E+06 7.085E+05 37.6653 1.00000
  4.500E+11 4.500E+11 3.468E+00 4.131E+06 5.731E+06 6.151E+05 1.048E+07 1.048E+07 7.135E+05 37.9009 1.00000
  5.000E+11 5.000E+11 3.484E+00 4.591E+06 6.368E+06 6.937E+05 1.165E+07 1.165E+07 7.181E+05 38.1116 1.00000
  5.500E+11 5.500E+11 3.498E+00 5.050E+06 7.005E+06 7.735E+05 1.283E+07 1.283E+07 7.222E+05 38.3022 1.00000
  6.000E+11 6.000E+11 3.511E+00 5.509E+06 7.642E+06 8.543E+05 1.400E+07 1.400E+07 7.259E+05 38.4762 1.00000
  7.000E+11 7.000E+11 3.535E+00 6.427E+06 8.915E+06 1.019E+06 1.636E+07 1.636E+07 7.325E+05 38.7845 1.00000
  8.000E+11 8.000E+11 3.555E+00 7.345E+06 1.019E+07 1.187E+06 1.872E+07 1.872E+07 7.382E+05 39.0516 1.00000
  9.000E+11 9.000E+11 3.573E+00 8.263E+06 1.146E+07 1.358E+06 2.108E+07 2.108E+07 7.432E+05 39.2872 1.00000
  1.000E+12 1.000E+12 3.590E+00 9.181E+06 1.274E+07 1.532E+06 2.345E+07 2.345E+07 7.477E+05 39.4979 1.00000
