 Incident particle is a Muon with M = 105.65839 MeV
 Index = 0: CelluloseAcetateButyrate
      Absorber with <Z/A> = 0.53280
 Density effect computed following Fano (1963)
 Models for Radloss: brems =  SSR, pair =  SSR, photonuc = DRSS

 *** Table generated with PUMAS v1.1 ***

      T         p     Ionization  brems     pair     photonuc  Radloss    dE/dx   CSDA Range  delta   beta
    [MeV]    [MeV/c]  -----------------------[MeV cm^2/g]------------------------  [g/cm^2]
  1.000E+00 1.457E+01 4.856E+01 0.000E+00 0.000E+00 0.000E+00 0.000E+00 4.856E+01 1.030E-02  0.0000 0.13661
  1.200E+00 1.597E+01 4.189E+01 0.000E+00 0.000E+00 0.000E+00 0.000E+00 4.189E+01 1.474E-02  0.0000 0.14944
  1.400E+00 1.726E+01 3.696E+01 0.000E+00 0.000E+00 0.000E+00 0.000E+00 3.696E+01 1.984E-02  0.0000 0.16119
  1.700E+00 1.903E+01 3.156E+01 0.000E+00 0.000E+00 0.000E+00 0.000E+00 3.156E+01 2.865E-02  0.0000 0.17725
  2.000E+00 2.066E+01 2.764E+01 0.000E+00 0.000E+00 0.000E+00 0.000E+00 2.764E+01 3.884E-02  0.0000 0.19186
  2.500E+00 2.312E+01 2.304E+01 0.000E+00 0.000E+00 0.000E+00 0.000E+00 2.304E+01 5.874E-02  0.0000 0.21376
  3.000E+00 2.536E+01 1.986E+01 0.000E+00 0.000E+00 0.000E+00 0.000E+00 1.986E+01 8.219E-02  0.0000 0.23336
  3.500E+00 2.742E+01 1.753E+01 0.000E+00 0.000E+00 0.000E+00 0.000E+00 1.753E+01 1.090E-01  0.0000 0.25120
  4.000E+00 2.935E+01 1.573E+01 0.000E+00 0.000E+00 0.000E+00 0.000E+00 1.573E+01 1.392E-01  0.0000 0.26763
  4.500E+00 3.116E+01 1.431E+01 0.000E+00 0.000E+00 0.000E+00 0.000E+00 1.431E+01 1.726E-01  0.0000 0.28290
  5.000E+00 3.289E+01 1.315E+01 0.000E+00 0.000E+00 0.000E+00 0.000E+00 1.315E+01 2.091E-01  0.0000 0.29720
  5.500E+00 3.453E+01 1.218E+01 0.000E+00 0.000E+00 0.000E+00 0.000E+00 1.218E+01 2.486E-01  0.0000 0.31066
  6.000E+00 3.611E+01 1.137E+01 0.000E+00 0.000E+00 0.000E+00 0.000E+00 1.137E+01 2.911E-01  0.0000 0.32339
  7.000E+00 3.909E+01 1.007E+01 0.000E+00 0.000E+00 0.000E+00 0.000E+00 1.007E+01 3.848E-01  0.0000 0.34700
  8.000E+00 4.189E+01 9.075E+00 0.000E+00 0.000E+00 0.000E+00 0.000E+00 9.075E+00 4.896E-01  0.0000 0.36854
  9.000E+00 4.453E+01 8.289E+00 0.000E+00 0.000E+00 0.000E+00 0.000E+00 8.289E+00 6.050E-01  0.0000 0.38836
  1.000E+01 4.704E+01 7.650E+00 0.000E+00 0.000E+00 0.000E+00 0.000E+00 7.650E+00 7.308E-01  0.0000 0.40675
  1.200E+01 5.177E+01 6.676E+00 0.000E+00 0.000E+00 0.000E+00 0.000E+00 6.676E+00 1.011E+00  0.0000 0.43998
  1.400E+01 5.616E+01 5.968E+00 0.000E+00 0.000E+00 0.000E+00 0.000E+00 5.968E+00 1.329E+00  0.0000 0.46937
  1.700E+01 6.230E+01 5.204E+00 0.000E+00 0.000E+00 0.000E+00 0.000E+00 5.204E+00 1.869E+00  0.0000 0.50792
  2.000E+01 6.802E+01 4.660E+00 0.000E+00 0.000E+00 0.000E+00 0.000E+00 4.660E+00 2.480E+00  0.0000 0.54129
  2.500E+01 7.686E+01 4.036E+00 4.395E-10 0.000E+00 0.000E+00 4.395E-10 4.036E+00 3.638E+00  0.0000 0.58827
  3.000E+01 8.509E+01 3.615E+00 6.441E-08 0.000E+00 0.000E+00 6.441E-08 3.615E+00 4.950E+00  0.0000 0.62720
  3.500E+01 9.285E+01 3.314E+00 7.523E-08 0.000E+00 0.000E+00 7.523E-08 3.314E+00 6.397E+00  0.0000 0.66011
  4.000E+01 1.003E+02 3.087E+00 8.055E-08 0.000E+00 0.000E+00 8.055E-08 3.087E+00 7.963E+00  0.0000 0.68834
  4.500E+01 1.074E+02 2.912E+00 8.606E-08 0.000E+00 0.000E+00 8.606E-08 2.912E+00 9.632E+00  0.0000 0.71286
  5.000E+01 1.143E+02 2.772E+00 9.173E-08 0.000E+00 0.000E+00 9.173E-08 2.772E+00 1.139E+01  0.0000 0.73434
  5.500E+01 1.210E+02 2.659E+00 9.758E-08 0.000E+00 0.000E+00 9.758E-08 2.659E+00 1.324E+01  0.0006 0.75332
  6.000E+01 1.276E+02 2.565E+00 1.036E-07 0.000E+00 0.000E+00 1.036E-07 2.565E+00 1.515E+01  0.0031 0.77019
  7.000E+01 1.403E+02 2.420E+00 1.161E-07 0.000E+00 0.000E+00 1.161E-07 2.420E+00 1.917E+01  0.0133 0.79887
  8.000E+01 1.527E+02 2.314E+00 1.294E-07 0.000E+00 0.000E+00 1.294E-07 2.314E+00 2.340E+01  0.0289 0.82227
  9.000E+01 1.647E+02 2.234E+00 1.433E-07 0.000E+00 0.000E+00 1.433E-07 2.234E+00 2.780E+01  0.0486 0.84166
  1.000E+02 1.764E+02 2.172E+00 1.579E-07 0.000E+00 0.000E+00 1.579E-07 2.172E+00 3.234E+01  0.0715 0.85794
  1.200E+02 1.994E+02 2.084E+00 1.890E-07 0.000E+00 0.000E+00 1.890E-07 2.084E+00 4.176E+01  0.1237 0.88361
  1.400E+02 2.218E+02 2.026E+00 2.857E-06 0.000E+00 0.000E+00 2.857E-06 2.026E+00 5.150E+01  0.1813 0.90278
  1.700E+02 2.546E+02 1.973E+00 1.124E-05 1.048E-09 0.000E+00 1.124E-05 1.973E+00 6.652E+01  0.2724 0.92363
  2.000E+02 2.868E+02 1.942E+00 1.832E-05 8.771E-09 0.000E+00 1.833E-05 1.942E+00 8.186E+01  0.3651 0.93835
  2.500E+02 3.396E+02 1.916E+00 2.698E-05 1.163E-07 0.000E+00 2.709E-05 1.916E+00 1.078E+02  0.5170 0.95485
  3.000E+02 3.917E+02 1.908E+00 3.477E-05 7.287E-07 0.000E+00 3.550E-05 1.908E+00 1.340E+02  0.6616 0.96548
  3.500E+02 4.432E+02 1.908E+00 4.272E-05 1.887E-06 0.000E+00 4.461E-05 1.908E+00 1.602E+02  0.7977 0.97274
  4.000E+02 4.945E+02 1.913E+00 5.106E-05 3.579E-06 0.000E+00 5.464E-05 1.913E+00 1.864E+02  0.9253 0.97793
  4.500E+02 5.455E+02 1.919E+00 5.988E-05 5.794E-06 0.000E+00 6.568E-05 1.919E+00 2.124E+02  1.0448 0.98176
  5.000E+02 5.964E+02 1.928E+00 6.919E-05 8.519E-06 0.000E+00 7.771E-05 1.928E+00 2.384E+02  1.1570 0.98467
  5.500E+02 6.471E+02 1.936E+00 7.895E-05 1.174E-05 1.553E-05 1.062E-04 1.936E+00 2.643E+02  1.2625 0.98693
  6.000E+02 6.977E+02 1.945E+00 8.913E-05 1.544E-05 5.165E-05 1.562E-04 1.946E+00 2.901E+02  1.3619 0.98873
  7.000E+02 7.987E+02 1.964E+00 1.107E-04 2.423E-05 1.236E-04 2.585E-04 1.964E+00 3.412E+02  1.5451 0.99136
  8.000E+02 8.995E+02 1.981E+00 1.337E-04 3.477E-05 1.916E-04 3.600E-04 1.982E+00 3.919E+02  1.7103 0.99317
  9.000E+02 1.000E+03 1.998E+00 1.580E-04 4.696E-05 2.567E-04 4.616E-04 1.999E+00 4.422E+02  1.8609 0.99447
  1.000E+03 1.101E+03 2.014E+00 1.836E-04 6.069E-05 3.198E-04 5.640E-04 2.014E+00 4.920E+02  1.9991 0.99542
  1.200E+03 1.301E+03 2.042E+00 2.379E-04 9.246E-05 4.421E-04 7.725E-04 2.043E+00 5.906E+02  2.2458 0.99672
  1.400E+03 1.502E+03 2.067E+00 2.962E-04 1.295E-04 5.608E-04 9.865E-04 2.068E+00 6.879E+02  2.4617 0.99753
  1.700E+03 1.803E+03 2.100E+00 3.900E-04 1.937E-04 7.342E-04 1.318E-03 2.101E+00 8.317E+02  2.7430 0.99829
  2.000E+03 2.103E+03 2.127E+00 4.903E-04 2.672E-04 9.034E-04 1.661E-03 2.129E+00 9.735E+02  2.9866 0.99874
  2.500E+03 2.604E+03 2.165E+00 6.699E-04 4.075E-04 1.178E-03 2.256E-03 2.167E+00 1.206E+03  3.3339 0.99918
  3.000E+03 3.104E+03 2.196E+00 8.626E-04 5.670E-04 1.446E-03 2.875E-03 2.199E+00 1.435E+03  3.6290 0.99942
  3.500E+03 3.604E+03 2.221E+00 1.066E-03 7.429E-04 1.707E-03 3.516E-03 2.225E+00 1.661E+03  3.8865 0.99957
  4.000E+03 4.104E+03 2.243E+00 1.279E-03 9.481E-04 1.964E-03 4.191E-03 2.247E+00 1.885E+03  4.1153 0.99967
  4.500E+03 4.604E+03 2.262E+00 1.501E-03 1.173E-03 2.217E-03 4.890E-03 2.267E+00 2.106E+03  4.3214 0.99974
  5.000E+03 5.105E+03 2.279E+00 1.729E-03 1.411E-03 2.465E-03 5.606E-03 2.284E+00 2.326E+03  4.5089 0.99979
  5.500E+03 5.605E+03 2.293E+00 1.965E-03 1.662E-03 2.710E-03 6.337E-03 2.300E+00 2.544E+03  4.6810 0.99982
  6.000E+03 6.105E+03 2.307E+00 2.207E-03 1.924E-03 2.953E-03 7.083E-03 2.314E+00 2.761E+03  4.8400 0.99985
  7.000E+03 7.105E+03 2.330E+00 2.707E-03 2.478E-03 3.430E-03 8.615E-03 2.339E+00 3.191E+03  5.1256 0.99989
  8.000E+03 8.105E+03 2.350E+00 3.226E-03 3.069E-03 3.898E-03 1.019E-02 2.360E+00 3.616E+03  5.3766 0.99992
  9.000E+03 9.105E+03 2.367E+00 3.762E-03 3.691E-03 4.359E-03 1.181E-02 2.379E+00 4.038E+03  5.6004 0.99993
  1.000E+04 1.011E+04 2.382E+00 4.313E-03 4.343E-03 4.814E-03 1.347E-02 2.395E+00 4.457E+03  5.8023 0.99995
  1.200E+04 1.211E+04 2.408E+00 5.454E-03 5.720E-03 5.708E-03 1.688E-02 2.424E+00 5.287E+03  6.1545 0.99996
  1.400E+04 1.411E+04 2.429E+00 6.639E-03 7.183E-03 6.584E-03 2.041E-02 2.449E+00 6.108E+03  6.4548 0.99997
  1.700E+04 1.711E+04 2.455E+00 8.489E-03 9.513E-03 7.875E-03 2.588E-02 2.481E+00 7.325E+03  6.8354 0.99998
  2.000E+04 2.011E+04 2.476E+00 1.041E-02 1.198E-02 9.143E-03 3.153E-02 2.508E+00 8.527E+03  7.1555 0.99999
  2.500E+04 2.511E+04 2.505E+00 1.374E-02 1.633E-02 1.122E-02 4.128E-02 2.546E+00 1.051E+04  7.5968 0.99999
  3.000E+04 3.011E+04 2.527E+00 1.720E-02 2.092E-02 1.326E-02 5.138E-02 2.579E+00 1.246E+04  7.9585 0.99999
  3.500E+04 3.511E+04 2.546E+00 2.076E-02 2.572E-02 1.528E-02 6.176E-02 2.608E+00 1.438E+04  8.2648 1.00000
  4.000E+04 4.011E+04 2.562E+00 2.442E-02 3.068E-02 1.728E-02 7.238E-02 2.635E+00 1.629E+04  8.5305 1.00000
  4.500E+04 4.511E+04 2.576E+00 2.815E-02 3.578E-02 1.927E-02 8.321E-02 2.660E+00 1.818E+04  8.7650 1.00000
  5.000E+04 5.011E+04 2.589E+00 3.195E-02 4.101E-02 2.125E-02 9.421E-02 2.683E+00 2.005E+04  8.9750 1.00000
  5.500E+04 5.511E+04 2.600E+00 3.581E-02 4.635E-02 2.322E-02 1.054E-01 2.705E+00 2.191E+04  9.1650 1.00000
  6.000E+04 6.011E+04 2.610E+00 3.973E-02 5.179E-02 2.519E-02 1.167E-01 2.727E+00 2.375E+04  9.3385 1.00000
  7.000E+04 7.011E+04 2.628E+00 4.771E-02 6.291E-02 2.910E-02 1.397E-01 2.768E+00 2.739E+04  9.6461 1.00000
  8.000E+04 8.011E+04 2.643E+00 5.587E-02 7.432E-02 3.301E-02 1.632E-01 2.806E+00 3.098E+04  9.9126 1.00000
  9.000E+04 9.011E+04 2.656E+00 6.417E-02 8.597E-02 3.691E-02 1.871E-01 2.843E+00 3.452E+04 10.1478 1.00000
  1.000E+05 1.001E+05 2.668E+00 7.260E-02 9.783E-02 4.081E-02 2.112E-01 2.879E+00 3.801E+04 10.3582 1.00000
  1.200E+05 1.201E+05 2.688E+00 8.980E-02 1.221E-01 4.861E-02 2.605E-01 2.949E+00 4.487E+04 10.7224 1.00000
  1.400E+05 1.401E+05 2.705E+00 1.074E-01 1.469E-01 5.642E-02 3.106E-01 3.016E+00 5.158E+04 11.0303 1.00000
  1.700E+05 1.701E+05 2.727E+00 1.343E-01 1.849E-01 6.817E-02 3.873E-01 3.114E+00 6.137E+04 11.4183 1.00000
  2.000E+05 2.001E+05 2.744E+00 1.617E-01 2.237E-01 7.999E-02 4.654E-01 3.210E+00 7.086E+04 11.7432 1.00000
  2.500E+05 2.501E+05 2.769E+00 2.084E-01 2.897E-01 9.982E-02 5.979E-01 3.367E+00 8.606E+04 12.1892 1.00000
  3.000E+05 3.001E+05 2.789E+00 2.561E-01 3.569E-01 1.198E-01 7.328E-01 3.522E+00 1.006E+05 12.5537 1.00000
  3.500E+05 3.501E+05 2.805E+00 3.045E-01 4.251E-01 1.400E-01 8.697E-01 3.675E+00 1.145E+05 12.8619 1.00000
  4.000E+05 4.001E+05 2.820E+00 3.536E-01 4.941E-01 1.603E-01 1.008E+00 3.828E+00 1.278E+05 13.1289 1.00000
  4.500E+05 4.501E+05 2.833E+00 4.032E-01 5.636E-01 1.808E-01 1.148E+00 3.981E+00 1.406E+05 13.3644 1.00000
  5.000E+05 5.001E+05 2.844E+00 4.532E-01 6.337E-01 2.015E-01 1.288E+00 4.133E+00 1.529E+05 13.5750 1.00000
  5.500E+05 5.501E+05 2.855E+00 5.037E-01 7.042E-01 2.223E-01 1.430E+00 4.285E+00 1.648E+05 13.7656 1.00000
  6.000E+05 6.001E+05 2.865E+00 5.545E-01 7.751E-01 2.432E-01 1.573E+00 4.437E+00 1.763E+05 13.9396 1.00000
  7.000E+05 7.001E+05 2.882E+00 6.569E-01 9.178E-01 2.854E-01 1.860E+00 4.742E+00 1.981E+05 14.2478 1.00000
  8.000E+05 8.001E+05 2.896E+00 7.604E-01 1.061E+00 3.281E-01 2.150E+00 5.046E+00 2.185E+05 14.5149 1.00000
  9.000E+05 9.001E+05 2.909E+00 8.648E-01 1.206E+00 3.712E-01 2.442E+00 5.351E+00 2.378E+05 14.7504 1.00000
  1.000E+06 1.000E+06 2.921E+00 9.698E-01 1.351E+00 4.148E-01 2.736E+00 5.657E+00 2.559E+05 14.9611 1.00000
  1.200E+06 1.200E+06 2.942E+00 1.182E+00 1.643E+00 5.029E-01 3.328E+00 6.269E+00 2.895E+05 15.3257 1.00000
  1.400E+06 1.400E+06 2.959E+00 1.395E+00 1.937E+00 5.923E-01 3.925E+00 6.884E+00 3.199E+05 15.6340 1.00000
  1.700E+06 1.700E+06 2.981E+00 1.719E+00 2.380E+00 7.286E-01 4.828E+00 7.808E+00 3.608E+05 16.0223 1.00000
  2.000E+06 2.000E+06 2.999E+00 2.045E+00 2.825E+00 8.672E-01 5.738E+00 8.737E+00 3.971E+05 16.3473 1.00000
  2.500E+06 2.500E+06 3.025E+00 2.593E+00 3.571E+00 1.103E+00 7.266E+00 1.029E+01 4.498E+05 16.7936 1.00000
  3.000E+06 3.000E+06 3.046E+00 3.145E+00 4.319E+00 1.343E+00 8.807E+00 1.185E+01 4.951E+05 17.1582 1.00000
  3.500E+06 3.500E+06 3.064E+00 3.700E+00 5.070E+00 1.587E+00 1.036E+01 1.342E+01 5.347E+05 17.4665 1.00000
  4.000E+06 4.000E+06 3.080E+00 4.258E+00 5.822E+00 1.834E+00 1.191E+01 1.499E+01 5.699E+05 17.7335 1.00000
  4.500E+06 4.500E+06 3.094E+00 4.817E+00 6.576E+00 2.085E+00 1.348E+01 1.657E+01 6.016E+05 17.9691 1.00000
  5.000E+06 5.000E+06 3.106E+00 5.378E+00 7.330E+00 2.339E+00 1.505E+01 1.815E+01 6.305E+05 18.1798 1.00000
  5.500E+06 5.500E+06 3.117E+00 5.941E+00 8.086E+00 2.595E+00 1.662E+01 1.974E+01 6.569E+05 18.3704 1.00000
  6.000E+06 6.000E+06 3.128E+00 6.505E+00 8.843E+00 2.854E+00 1.820E+01 2.133E+01 6.812E+05 18.5444 1.00000
  7.000E+06 7.000E+06 3.146E+00 7.635E+00 1.036E+01 3.378E+00 2.137E+01 2.452E+01 7.249E+05 18.8527 1.00000
  8.000E+06 8.000E+06 3.162E+00 8.768E+00 1.187E+01 3.911E+00 2.455E+01 2.772E+01 7.633E+05 19.1198 1.00000
  9.000E+06 9.000E+06 3.177E+00 9.905E+00 1.339E+01 4.450E+00 2.775E+01 3.092E+01 7.974E+05 19.3554 1.00000
  1.000E+07 1.000E+07 3.189E+00 1.104E+01 1.491E+01 4.997E+00 3.095E+01 3.414E+01 8.282E+05 19.5661 1.00000
  1.200E+07 1.200E+07 3.212E+00 1.332E+01 1.795E+01 6.107E+00 3.738E+01 4.060E+01 8.819E+05 19.9307 1.00000
  1.400E+07 1.400E+07 3.231E+00 1.561E+01 2.100E+01 7.237E+00 4.385E+01 4.708E+01 9.276E+05 20.2390 1.00000
  1.700E+07 1.700E+07 3.255E+00 1.905E+01 2.557E+01 8.966E+00 5.358E+01 5.684E+01 9.855E+05 20.6273 1.00000
  2.000E+07 2.000E+07 3.276E+00 2.249E+01 3.014E+01 1.073E+01 6.336E+01 6.664E+01 1.034E+06 20.9524 1.00000
  2.500E+07 2.500E+07 3.304E+00 2.824E+01 3.777E+01 1.373E+01 7.975E+01 8.305E+01 1.101E+06 21.3986 1.00000
  3.000E+07 3.000E+07 3.327E+00 3.400E+01 4.541E+01 1.681E+01 9.621E+01 9.954E+01 1.156E+06 21.7633 1.00000
  3.500E+07 3.500E+07 3.347E+00 3.977E+01 5.305E+01 1.994E+01 1.127E+02 1.161E+02 1.203E+06 22.0716 1.00000
  4.000E+07 4.000E+07 3.365E+00 4.554E+01 6.069E+01 2.312E+01 1.293E+02 1.327E+02 1.243E+06 22.3387 1.00000
  4.500E+07 4.500E+07 3.380E+00 5.131E+01 6.833E+01 2.635E+01 1.460E+02 1.494E+02 1.278E+06 22.5742 1.00000
  5.000E+07 5.000E+07 3.394E+00 5.709E+01 7.597E+01 2.962E+01 1.627E+02 1.661E+02 1.310E+06 22.7849 1.00000
  5.500E+07 5.500E+07 3.406E+00 6.287E+01 8.362E+01 3.293E+01 1.794E+02 1.828E+02 1.339E+06 22.9756 1.00000
  6.000E+07 6.000E+07 3.418E+00 6.865E+01 9.127E+01 3.627E+01 1.962E+02 1.996E+02 1.365E+06 23.1496 1.00000
  7.000E+07 7.000E+07 3.438E+00 8.022E+01 1.066E+02 4.305E+01 2.298E+02 2.333E+02 1.411E+06 23.4579 1.00000
  8.000E+07 8.000E+07 3.456E+00 9.180E+01 1.219E+02 4.995E+01 2.636E+02 2.671E+02 1.451E+06 23.7249 1.00000
  9.000E+07 9.000E+07 3.472E+00 1.034E+02 1.372E+02 5.695E+01 2.975E+02 3.010E+02 1.487E+06 23.9605 1.00000
  1.000E+08 1.000E+08 3.487E+00 1.150E+02 1.525E+02 6.404E+01 3.315E+02 3.350E+02 1.518E+06 24.1712 1.00000
  1.200E+08 1.200E+08 3.512E+00 1.381E+02 1.831E+02 7.846E+01 3.997E+02 4.032E+02 1.572E+06 24.5359 1.00000
  1.400E+08 1.400E+08 3.533E+00 1.613E+02 2.137E+02 9.318E+01 4.682E+02 4.717E+02 1.618E+06 24.8442 1.00000
  1.700E+08 1.700E+08 3.560E+00 1.961E+02 2.596E+02 1.157E+02 5.714E+02 5.750E+02 1.676E+06 25.2325 1.00000
  2.000E+08 2.000E+08 3.583E+00 2.309E+02 3.056E+02 1.387E+02 6.752E+02 6.787E+02 1.724E+06 25.5575 1.00000
  2.500E+08 2.500E+08 3.614E+00 2.889E+02 3.821E+02 1.780E+02 8.490E+02 8.526E+02 1.789E+06 26.0038 1.00000
  3.000E+08 3.000E+08 3.640E+00 3.469E+02 4.587E+02 2.182E+02 1.024E+03 1.027E+03 1.843E+06 26.3685 1.00000
  3.500E+08 3.500E+08 3.662E+00 4.049E+02 5.353E+02 2.592E+02 1.199E+03 1.203E+03 1.888E+06 26.6768 1.00000
  4.000E+08 4.000E+08 3.682E+00 4.629E+02 6.118E+02 3.010E+02 1.376E+03 1.379E+03 1.926E+06 26.9438 1.00000
  4.500E+08 4.500E+08 3.699E+00 5.210E+02 6.884E+02 3.434E+02 1.553E+03 1.556E+03 1.961E+06 27.1794 1.00000
  5.000E+08 5.000E+08 3.714E+00 5.790E+02 7.650E+02 3.864E+02 1.730E+03 1.734E+03 1.991E+06 27.3901 1.00000
  5.500E+08 5.500E+08 3.729E+00 6.370E+02 8.416E+02 4.299E+02 1.908E+03 1.912E+03 2.018E+06 27.5807 1.00000
  6.000E+08 6.000E+08 3.741E+00 6.951E+02 9.182E+02 4.738E+02 2.087E+03 2.091E+03 2.043E+06 27.7547 1.00000
  7.000E+08 7.000E+08 3.764E+00 8.112E+02 1.071E+03 5.631E+02 2.446E+03 2.449E+03 2.088E+06 28.0630 1.00000
  8.000E+08 8.000E+08 3.784E+00 9.273E+02 1.225E+03 6.540E+02 2.806E+03 2.810E+03 2.126E+06 28.3301 1.00000
  9.000E+08 9.000E+08 3.802E+00 1.043E+03 1.378E+03 7.463E+02 3.167E+03 3.171E+03 2.159E+06 28.5656 1.00000
  1.000E+09 1.000E+09 3.818E+00 1.159E+03 1.531E+03 8.399E+02 3.530E+03 3.534E+03 2.189E+06 28.7763 1.00000
  1.200E+09 1.200E+09 3.846E+00 1.392E+03 1.837E+03 1.030E+03 4.259E+03 4.263E+03 2.240E+06 29.1409 1.00000
  1.400E+09 1.400E+09 3.870E+00 1.624E+03 2.144E+03 1.225E+03 4.993E+03 4.996E+03 2.284E+06 29.4488 1.00000
  1.700E+09 1.700E+09 3.900E+00 1.972E+03 2.603E+03 1.523E+03 6.099E+03 6.103E+03 2.338E+06 29.8372 1.00000
  2.000E+09 2.000E+09 3.926E+00 2.320E+03 3.063E+03 1.828E+03 7.212E+03 7.216E+03 2.383E+06 30.1607 1.00000
  2.500E+09 2.500E+09 3.961E+00 2.901E+03 3.829E+03 2.350E+03 9.079E+03 9.083E+03 2.445E+06 30.6069 1.00000
  3.000E+09 3.000E+09 3.991E+00 3.482E+03 4.595E+03 2.884E+03 1.096E+04 1.096E+04 2.495E+06 30.9651 1.00000
  3.500E+09 3.500E+09 4.015E+00 4.062E+03 5.361E+03 3.430E+03 1.285E+04 1.286E+04 2.537E+06 31.2734 1.00000
  4.000E+09 4.000E+09 4.037E+00 4.643E+03 6.127E+03 3.986E+03 1.476E+04 1.476E+04 2.573E+06 31.5405 1.00000
  4.500E+09 4.500E+09 4.059E+00 5.223E+03 6.893E+03 4.551E+03 1.667E+04 1.667E+04 2.605E+06 31.7469 1.00000
  5.000E+09 5.000E+09 4.076E+00 5.804E+03 7.659E+03 5.125E+03 1.859E+04 1.859E+04 2.633E+06 31.9576 1.00000
  5.500E+09 5.500E+09 4.092E+00 6.384E+03 8.425E+03 5.705E+03 2.051E+04 2.052E+04 2.659E+06 32.1482 1.00000
  6.000E+09 6.000E+09 4.106E+00 6.965E+03 9.191E+03 6.293E+03 2.245E+04 2.245E+04 2.682E+06 32.3222 1.00000
  7.000E+09 7.000E+09 4.132E+00 8.126E+03 1.072E+04 7.487E+03 2.634E+04 2.634E+04 2.723E+06 32.6305 1.00000
  8.000E+09 8.000E+09 4.167E+00 9.287E+03 1.225E+04 8.703E+03 3.024E+04 3.025E+04 2.759E+06 32.7421 1.00000
  9.000E+09 9.000E+09 4.187E+00 1.045E+04 1.379E+04 9.939E+03 3.417E+04 3.418E+04 2.790E+06 32.9777 1.00000
  1.000E+10 1.000E+10 4.205E+00 1.161E+04 1.532E+04 1.119E+04 3.812E+04 3.813E+04 2.818E+06 33.1884 1.00000
  1.200E+10 1.200E+10 4.236E+00 1.393E+04 1.838E+04 1.375E+04 4.606E+04 4.607E+04 2.865E+06 33.5531 1.00000
  1.400E+10 1.400E+10 4.262E+00 1.625E+04 2.145E+04 1.636E+04 5.406E+04 5.407E+04 2.905E+06 33.8614 1.00000
  1.700E+10 1.700E+10 4.296E+00 1.974E+04 2.604E+04 2.038E+04 6.616E+04 6.616E+04 2.955E+06 34.2497 1.00000
  2.000E+10 2.000E+10 4.325E+00 2.322E+04 3.064E+04 2.448E+04 7.834E+04 7.835E+04 2.997E+06 34.5747 1.00000
  2.500E+10 2.500E+10 4.364E+00 2.903E+04 3.830E+04 3.151E+04 9.884E+04 9.884E+04 3.054E+06 35.0210 1.00000
  3.000E+10 3.000E+10 4.397E+00 3.483E+04 4.596E+04 3.873E+04 1.195E+05 1.195E+05 3.100E+06 35.3856 1.00000
  3.500E+10 3.500E+10 4.424E+00 4.064E+04 5.362E+04 4.611E+04 1.404E+05 1.404E+05 3.138E+06 35.6939 1.00000
  4.000E+10 4.000E+10 4.449E+00 4.644E+04 6.128E+04 5.364E+04 1.614E+05 1.614E+05 3.171E+06 35.9610 1.00000
  4.500E+10 4.500E+10 4.470E+00 5.225E+04 6.894E+04 6.130E+04 1.825E+05 1.825E+05 3.201E+06 36.1966 1.00000
  5.000E+10 5.000E+10 4.489E+00 5.806E+04 7.660E+04 6.907E+04 2.037E+05 2.037E+05 3.226E+06 36.4073 1.00000
  5.500E+10 5.500E+10 4.507E+00 6.386E+04 8.426E+04 7.695E+04 2.251E+05 2.251E+05 3.250E+06 36.5979 1.00000
  6.000E+10 6.000E+10 4.523E+00 6.967E+04 9.192E+04 8.493E+04 2.465E+05 2.465E+05 3.271E+06 36.7719 1.00000
  7.000E+10 7.000E+10 4.552E+00 8.128E+04 1.072E+05 1.012E+05 2.897E+05 2.897E+05 3.308E+06 37.0802 1.00000
  8.000E+10 8.000E+10 4.577E+00 9.289E+04 1.226E+05 1.177E+05 3.331E+05 3.332E+05 3.341E+06 37.3473 1.00000
  9.000E+10 9.000E+10 4.599E+00 1.045E+05 1.379E+05 1.345E+05 3.769E+05 3.769E+05 3.369E+06 37.5829 1.00000
  1.000E+11 1.000E+11 4.619E+00 1.161E+05 1.532E+05 1.516E+05 4.209E+05 4.210E+05 3.394E+06 37.7936 1.00000
  1.200E+11 1.200E+11 4.654E+00 1.393E+05 1.838E+05 1.865E+05 5.097E+05 5.097E+05 3.437E+06 38.1582 1.00000
  1.400E+11 1.400E+11 4.683E+00 1.626E+05 2.145E+05 2.223E+05 5.993E+05 5.993E+05 3.473E+06 38.4665 1.00000
  1.700E+11 1.700E+11 4.721E+00 1.974E+05 2.604E+05 2.772E+05 7.350E+05 7.350E+05 3.518E+06 38.8549 1.00000
  2.000E+11 2.000E+11 4.753E+00 2.322E+05 3.064E+05 3.335E+05 8.721E+05 8.721E+05 3.556E+06 39.1799 1.00000
  2.500E+11 2.500E+11 4.797E+00 2.903E+05 3.830E+05 4.299E+05 1.103E+06 1.103E+06 3.607E+06 39.6262 1.00000
  3.000E+11 3.000E+11 4.833E+00 3.483E+05 4.596E+05 5.292E+05 1.337E+06 1.337E+06 3.648E+06 39.9908 1.00000
  3.500E+11 3.500E+11 4.865E+00 4.064E+05 5.362E+05 6.309E+05 1.573E+06 1.573E+06 3.682E+06 40.2991 1.00000
  4.000E+11 4.000E+11 4.892E+00 4.645E+05 6.127E+05 7.347E+05 1.812E+06 1.812E+06 3.712E+06 40.5662 1.00000
  4.500E+11 4.500E+11 4.916E+00 5.225E+05 6.893E+05 8.403E+05 2.052E+06 2.052E+06 3.738E+06 40.8017 1.00000
  5.000E+11 5.000E+11 4.937E+00 5.806E+05 7.659E+05 9.477E+05 2.294E+06 2.294E+06 3.761E+06 41.0125 1.00000
  5.500E+11 5.500E+11 4.957E+00 6.386E+05 8.425E+05 1.057E+06 2.538E+06 2.538E+06 3.781E+06 41.2031 1.00000
  6.000E+11 6.000E+11 4.975E+00 6.967E+05 9.191E+05 1.167E+06 2.783E+06 2.783E+06 3.800E+06 41.3771 1.00000
  7.000E+11 7.000E+11 5.007E+00 8.128E+05 1.072E+06 1.392E+06 3.277E+06 3.277E+06 3.833E+06 41.6854 1.00000
  8.000E+11 8.000E+11 5.035E+00 9.289E+05 1.225E+06 1.621E+06 3.776E+06 3.776E+06 3.862E+06 41.9525 1.00000
  9.000E+11 9.000E+11 5.060E+00 1.045E+06 1.379E+06 1.855E+06 4.279E+06 4.279E+06 3.887E+06 42.1880 1.00000
  1.000E+12 1.000E+12 5.082E+00 1.161E+06 1.532E+06 2.093E+06 4.786E+06 4.786E+06 3.909E+06 42.3988 1.00000
