 Incident particle is a Muon with M = 105.65839 MeV
 Index = 0: Cerium
      Absorber with <Z/A> = 0.41394
 Density effect computed following Fano (1963)
 Models for Radloss: brems =  SSR, pair =  SSR, photonuc = DRSS

 *** Table generated with PUMAS v1.1 ***

      T         p     Ionization  brems     pair     photonuc  Radloss    dE/dx   CSDA Range  delta   beta
    [MeV]    [MeV/c]  -----------------------[MeV cm^2/g]------------------------  [g/cm^2]
  1.000E+00 1.457E+01 2.437E+01 0.000E+00 0.000E+00 0.000E+00 0.000E+00 2.437E+01 2.052E-02  0.0272 0.13661
  1.200E+00 1.597E+01 2.139E+01 0.000E+00 0.000E+00 0.000E+00 0.000E+00 2.139E+01 2.930E-02  0.0274 0.14944
  1.400E+00 1.726E+01 1.912E+01 0.000E+00 0.000E+00 0.000E+00 0.000E+00 1.912E+01 3.921E-02  0.0276 0.16119
  1.700E+00 1.903E+01 1.658E+01 0.000E+00 0.000E+00 0.000E+00 0.000E+00 1.658E+01 5.610E-02  0.0279 0.17725
  2.000E+00 2.066E+01 1.470E+01 0.000E+00 0.000E+00 0.000E+00 0.000E+00 1.470E+01 7.536E-02  0.0283 0.19186
  2.500E+00 2.312E+01 1.244E+01 0.000E+00 0.000E+00 0.000E+00 0.000E+00 1.244E+01 1.125E-01  0.0288 0.21376
  3.000E+00 2.536E+01 1.085E+01 0.000E+00 0.000E+00 0.000E+00 0.000E+00 1.085E+01 1.556E-01  0.0294 0.23336
  3.500E+00 2.742E+01 9.663E+00 0.000E+00 0.000E+00 0.000E+00 0.000E+00 9.663E+00 2.045E-01  0.0299 0.25120
  4.000E+00 2.935E+01 8.738E+00 0.000E+00 0.000E+00 0.000E+00 0.000E+00 8.738E+00 2.590E-01  0.0305 0.26763
  4.500E+00 3.116E+01 7.997E+00 0.000E+00 0.000E+00 0.000E+00 0.000E+00 7.997E+00 3.189E-01  0.0310 0.28290
  5.000E+00 3.289E+01 7.389E+00 0.000E+00 0.000E+00 0.000E+00 0.000E+00 7.389E+00 3.840E-01  0.0316 0.29720
  5.500E+00 3.453E+01 6.880E+00 0.000E+00 0.000E+00 0.000E+00 0.000E+00 6.880E+00 4.542E-01  0.0321 0.31066
  6.000E+00 3.611E+01 6.447E+00 0.000E+00 0.000E+00 0.000E+00 0.000E+00 6.447E+00 5.293E-01  0.0327 0.32339
  7.000E+00 3.909E+01 5.750E+00 0.000E+00 0.000E+00 0.000E+00 0.000E+00 5.750E+00 6.939E-01  0.0338 0.34700
  8.000E+00 4.189E+01 5.212E+00 0.000E+00 0.000E+00 0.000E+00 0.000E+00 5.212E+00 8.769E-01  0.0349 0.36854
  9.000E+00 4.453E+01 4.783E+00 0.000E+00 0.000E+00 0.000E+00 0.000E+00 4.783E+00 1.077E+00  0.0361 0.38836
  1.000E+01 4.704E+01 4.433E+00 0.000E+00 0.000E+00 0.000E+00 0.000E+00 4.433E+00 1.295E+00  0.0372 0.40675
  1.200E+01 5.177E+01 3.895E+00 0.000E+00 0.000E+00 0.000E+00 0.000E+00 3.895E+00 1.777E+00  0.0395 0.43998
  1.400E+01 5.616E+01 3.501E+00 0.000E+00 0.000E+00 0.000E+00 0.000E+00 3.501E+00 2.320E+00  0.0418 0.46937
  1.700E+01 6.230E+01 3.072E+00 0.000E+00 0.000E+00 0.000E+00 0.000E+00 3.072E+00 3.238E+00  0.0453 0.50792
  2.000E+01 6.802E+01 2.765E+00 0.000E+00 0.000E+00 0.000E+00 0.000E+00 2.765E+00 4.270E+00  0.0489 0.54129
  2.500E+01 7.686E+01 2.410E+00 0.000E+00 0.000E+00 0.000E+00 0.000E+00 2.410E+00 6.214E+00  0.0549 0.58827
  3.000E+01 8.509E+01 2.170E+00 0.000E+00 0.000E+00 0.000E+00 0.000E+00 2.170E+00 8.406E+00  0.0610 0.62720
  3.500E+01 9.285E+01 1.996E+00 0.000E+00 0.000E+00 0.000E+00 0.000E+00 1.996E+00 1.081E+01  0.0672 0.66011
  4.000E+01 1.003E+02 1.866E+00 0.000E+00 0.000E+00 0.000E+00 0.000E+00 1.866E+00 1.341E+01  0.0734 0.68834
  4.500E+01 1.074E+02 1.765E+00 0.000E+00 0.000E+00 0.000E+00 0.000E+00 1.765E+00 1.616E+01  0.0797 0.71286
  5.000E+01 1.143E+02 1.685E+00 0.000E+00 0.000E+00 0.000E+00 0.000E+00 1.685E+00 1.907E+01  0.0860 0.73434
  5.500E+01 1.210E+02 1.619E+00 0.000E+00 0.000E+00 0.000E+00 0.000E+00 1.619E+00 2.210E+01  0.0924 0.75332
  6.000E+01 1.276E+02 1.565E+00 0.000E+00 0.000E+00 0.000E+00 0.000E+00 1.565E+00 2.524E+01  0.0988 0.77019
  7.000E+01 1.403E+02 1.483E+00 0.000E+00 0.000E+00 0.000E+00 0.000E+00 1.483E+00 3.181E+01  0.1117 0.79887
  8.000E+01 1.527E+02 1.423E+00 0.000E+00 0.000E+00 0.000E+00 0.000E+00 1.423E+00 3.870E+01  0.1247 0.82227
  9.000E+01 1.647E+02 1.378E+00 0.000E+00 0.000E+00 0.000E+00 0.000E+00 1.378E+00 4.585E+01  0.1378 0.84166
  1.000E+02 1.764E+02 1.344E+00 0.000E+00 0.000E+00 0.000E+00 0.000E+00 1.344E+00 5.320E+01  0.1508 0.85794
  1.200E+02 1.994E+02 1.298E+00 0.000E+00 0.000E+00 0.000E+00 0.000E+00 1.298E+00 6.836E+01  0.1769 0.88361
  1.400E+02 2.218E+02 1.269E+00 0.000E+00 0.000E+00 0.000E+00 0.000E+00 1.269E+00 8.396E+01  0.2028 0.90278
  1.700E+02 2.546E+02 1.245E+00 0.000E+00 0.000E+00 0.000E+00 0.000E+00 1.245E+00 1.079E+02  0.2411 0.92363
  2.000E+02 2.868E+02 1.234E+00 0.000E+00 0.000E+00 0.000E+00 0.000E+00 1.234E+00 1.321E+02  0.2786 0.93835
  2.500E+02 3.396E+02 1.230E+00 0.000E+00 0.000E+00 0.000E+00 0.000E+00 1.230E+00 1.727E+02  0.3391 0.95485
  3.000E+02 3.917E+02 1.235E+00 0.000E+00 0.000E+00 0.000E+00 0.000E+00 1.235E+00 2.133E+02  0.3970 0.96548
  3.500E+02 4.432E+02 1.244E+00 0.000E+00 0.000E+00 0.000E+00 0.000E+00 1.244E+00 2.536E+02  0.4527 0.97274
  4.000E+02 4.945E+02 1.255E+00 0.000E+00 0.000E+00 0.000E+00 0.000E+00 1.255E+00 2.937E+02  0.5065 0.97793
  4.500E+02 5.455E+02 1.266E+00 1.697E-04 3.755E-05 0.000E+00 2.073E-04 1.267E+00 3.333E+02  0.5585 0.98176
  5.000E+02 5.964E+02 1.278E+00 2.758E-04 5.838E-05 0.000E+00 3.342E-04 1.279E+00 3.726E+02  0.6089 0.98467
  5.500E+02 6.471E+02 1.290E+00 3.646E-04 8.158E-05 1.464E-05 4.609E-04 1.290E+00 4.115E+02  0.6579 0.98693
  6.000E+02 6.977E+02 1.301E+00 4.457E-04 1.081E-04 4.898E-05 6.028E-04 1.302E+00 4.501E+02  0.7055 0.98873
  7.000E+02 7.987E+02 1.322E+00 5.989E-04 1.711E-04 1.171E-04 8.871E-04 1.323E+00 5.263E+02  0.7969 0.99136
  8.000E+02 8.995E+02 1.342E+00 7.497E-04 2.468E-04 1.812E-04 1.178E-03 1.343E+00 6.013E+02  0.8836 0.99317
  9.000E+02 1.000E+03 1.360E+00 9.028E-04 3.344E-04 2.422E-04 1.479E-03 1.361E+00 6.753E+02  0.9658 0.99447
  1.000E+03 1.101E+03 1.376E+00 1.060E-03 4.334E-04 3.011E-04 1.794E-03 1.378E+00 7.483E+02  1.0439 0.99542
  1.200E+03 1.301E+03 1.405E+00 1.388E-03 6.624E-04 4.146E-04 2.465E-03 1.408E+00 8.919E+02  1.1891 0.99672
  1.400E+03 1.502E+03 1.430E+00 1.735E-03 9.294E-04 5.239E-04 3.189E-03 1.433E+00 1.033E+03  1.3215 0.99753
  1.700E+03 1.803E+03 1.462E+00 2.290E-03 1.393E-03 6.825E-04 4.366E-03 1.467E+00 1.239E+03  1.5008 0.99829
  2.000E+03 2.103E+03 1.489E+00 2.881E-03 1.924E-03 8.361E-04 5.641E-03 1.495E+00 1.442E+03  1.6614 0.99874
  2.500E+03 2.604E+03 1.526E+00 3.936E-03 2.938E-03 1.083E-03 7.957E-03 1.534E+00 1.772E+03  1.8979 0.99918
  3.000E+03 3.104E+03 1.555E+00 5.064E-03 4.089E-03 1.322E-03 1.048E-02 1.566E+00 2.095E+03  2.1055 0.99942
  3.500E+03 3.604E+03 1.579E+00 6.256E-03 5.359E-03 1.555E-03 1.317E-02 1.593E+00 2.411E+03  2.2917 0.99957
  4.000E+03 4.104E+03 1.600E+00 7.501E-03 6.742E-03 1.781E-03 1.602E-02 1.616E+00 2.723E+03  2.4609 0.99967
  4.500E+03 4.604E+03 1.618E+00 8.794E-03 8.223E-03 2.003E-03 1.902E-02 1.637E+00 3.030E+03  2.6164 0.99974
  5.000E+03 5.105E+03 1.634E+00 1.013E-02 9.786E-03 2.220E-03 2.214E-02 1.656E+00 3.334E+03  2.7602 0.99979
  5.500E+03 5.605E+03 1.648E+00 1.150E-02 1.143E-02 2.434E-03 2.536E-02 1.673E+00 3.634E+03  2.8941 0.99982
  6.000E+03 6.105E+03 1.660E+00 1.291E-02 1.313E-02 2.644E-03 2.869E-02 1.689E+00 3.932E+03  3.0192 0.99985
  7.000E+03 7.105E+03 1.682E+00 1.582E-02 1.673E-02 3.057E-03 3.561E-02 1.718E+00 4.519E+03  3.2473 0.99989
  8.000E+03 8.105E+03 1.700E+00 1.884E-02 2.055E-02 3.459E-03 4.285E-02 1.743E+00 5.096E+03  3.4510 0.99992
  9.000E+03 9.105E+03 1.716E+00 2.195E-02 2.456E-02 3.854E-03 5.037E-02 1.767E+00 5.666E+03  3.6350 0.99993
  1.000E+04 1.011E+04 1.730E+00 2.515E-02 2.874E-02 4.241E-03 5.813E-02 1.788E+00 6.229E+03  3.8027 0.99995
  1.200E+04 1.211E+04 1.754E+00 3.176E-02 3.753E-02 4.999E-03 7.429E-02 1.828E+00 7.335E+03  4.0993 0.99996
  1.400E+04 1.411E+04 1.773E+00 3.862E-02 4.681E-02 5.738E-03 9.117E-02 1.864E+00 8.418E+03  4.3562 0.99997
  1.700E+04 1.711E+04 1.796E+00 4.930E-02 6.151E-02 6.819E-03 1.176E-01 1.914E+00 1.001E+04  4.6871 0.99998
  2.000E+04 2.011E+04 1.815E+00 6.037E-02 7.696E-02 7.875E-03 1.452E-01 1.960E+00 1.155E+04  4.9702 0.99999
  2.500E+04 2.511E+04 1.840E+00 7.951E-02 1.040E-01 9.593E-03 1.932E-01 2.033E+00 1.406E+04  5.3673 0.99999
  3.000E+04 3.011E+04 1.860E+00 9.937E-02 1.325E-01 1.127E-02 2.431E-01 2.103E+00 1.648E+04  5.6984 0.99999
  3.500E+04 3.511E+04 1.876E+00 1.198E-01 1.619E-01 1.292E-02 2.947E-01 2.170E+00 1.882E+04  5.9823 1.00000
  4.000E+04 4.011E+04 1.889E+00 1.407E-01 1.923E-01 1.456E-02 3.476E-01 2.237E+00 2.109E+04  6.2309 1.00000
  4.500E+04 4.511E+04 1.901E+00 1.621E-01 2.234E-01 1.617E-02 4.016E-01 2.303E+00 2.329E+04  6.4519 1.00000
  5.000E+04 5.011E+04 1.912E+00 1.838E-01 2.551E-01 1.777E-02 4.566E-01 2.368E+00 2.543E+04  6.6508 1.00000
  5.500E+04 5.511E+04 1.921E+00 2.058E-01 2.874E-01 1.936E-02 5.125E-01 2.433E+00 2.751E+04  6.8317 1.00000
  6.000E+04 6.011E+04 1.929E+00 2.281E-01 3.201E-01 2.095E-02 5.691E-01 2.498E+00 2.954E+04  6.9975 1.00000
  7.000E+04 7.011E+04 1.944E+00 2.735E-01 3.868E-01 2.409E-02 6.843E-01 2.628E+00 3.344E+04  7.2926 1.00000
  8.000E+04 8.011E+04 1.956E+00 3.197E-01 4.548E-01 2.722E-02 8.018E-01 2.758E+00 3.716E+04  7.5496 1.00000
  9.000E+04 9.011E+04 1.967E+00 3.667E-01 5.240E-01 3.034E-02 9.211E-01 2.888E+00 4.070E+04  7.7772 1.00000
  1.000E+05 1.001E+05 1.976E+00 4.144E-01 5.942E-01 3.345E-02 1.042E+00 3.018E+00 4.409E+04  7.9815 1.00000
  1.200E+05 1.201E+05 1.993E+00 5.113E-01 7.368E-01 3.965E-02 1.288E+00 3.281E+00 5.044E+04  8.3366 1.00000
  1.400E+05 1.401E+05 2.006E+00 6.101E-01 8.820E-01 4.585E-02 1.538E+00 3.544E+00 5.631E+04  8.6381 1.00000
  1.700E+05 1.701E+05 2.023E+00 7.610E-01 1.103E+00 5.515E-02 1.920E+00 3.943E+00 6.433E+04  9.0195 1.00000
  2.000E+05 2.001E+05 2.037E+00 9.146E-01 1.328E+00 6.447E-02 2.307E+00 4.345E+00 7.157E+04  9.3399 1.00000
  2.500E+05 2.501E+05 2.057E+00 1.175E+00 1.708E+00 8.008E-02 2.963E+00 5.020E+00 8.227E+04  9.7815 1.00000
  3.000E+05 3.001E+05 2.072E+00 1.440E+00 2.093E+00 9.580E-02 3.629E+00 5.701E+00 9.161E+04 10.1433 1.00000
  3.500E+05 3.501E+05 2.085E+00 1.708E+00 2.482E+00 1.116E-01 4.302E+00 6.388E+00 9.990E+04 10.4498 1.00000
  4.000E+05 4.001E+05 2.097E+00 1.980E+00 2.874E+00 1.276E-01 4.981E+00 7.078E+00 1.073E+05 10.7157 1.00000
  4.500E+05 4.501E+05 2.107E+00 2.253E+00 3.268E+00 1.436E-01 5.665E+00 7.772E+00 1.141E+05 10.9504 1.00000
  5.000E+05 5.001E+05 2.116E+00 2.529E+00 3.664E+00 1.598E-01 6.353E+00 8.469E+00 1.202E+05 11.1605 1.00000
  5.500E+05 5.501E+05 2.124E+00 2.806E+00 4.062E+00 1.760E-01 7.044E+00 9.168E+00 1.259E+05 11.3506 1.00000
  6.000E+05 6.001E+05 2.131E+00 3.085E+00 4.461E+00 1.924E-01 7.738E+00 9.870E+00 1.312E+05 11.5243 1.00000
  7.000E+05 7.001E+05 2.145E+00 3.646E+00 5.263E+00 2.253E-01 9.134E+00 1.128E+01 1.406E+05 11.8320 1.00000
  8.000E+05 8.001E+05 2.156E+00 4.212E+00 6.068E+00 2.587E-01 1.054E+01 1.270E+01 1.490E+05 12.0988 1.00000
  9.000E+05 9.001E+05 2.166E+00 4.781E+00 6.877E+00 2.923E-01 1.195E+01 1.412E+01 1.565E+05 12.3341 1.00000
  1.000E+06 1.000E+06 2.176E+00 5.353E+00 7.688E+00 3.262E-01 1.337E+01 1.554E+01 1.632E+05 12.5446 1.00000
  1.200E+06 1.200E+06 2.191E+00 6.503E+00 9.316E+00 3.949E-01 1.621E+01 1.841E+01 1.750E+05 12.9090 1.00000
  1.400E+06 1.400E+06 2.205E+00 7.662E+00 1.095E+01 4.645E-01 1.908E+01 2.128E+01 1.851E+05 13.2172 1.00000
  1.700E+06 1.700E+06 2.222E+00 9.410E+00 1.341E+01 5.707E-01 2.339E+01 2.561E+01 1.979E+05 13.6054 1.00000
  2.000E+06 2.000E+06 2.236E+00 1.117E+01 1.588E+01 6.785E-01 2.772E+01 2.996E+01 2.088E+05 13.9303 1.00000
  2.500E+06 2.500E+06 2.256E+00 1.411E+01 2.000E+01 8.615E-01 3.497E+01 3.723E+01 2.237E+05 14.3765 1.00000
  3.000E+06 3.000E+06 2.273E+00 1.707E+01 2.413E+01 1.048E+00 4.225E+01 4.452E+01 2.360E+05 14.7411 1.00000
  3.500E+06 3.500E+06 2.287E+00 2.004E+01 2.827E+01 1.238E+00 4.955E+01 5.184E+01 2.464E+05 15.0494 1.00000
  4.000E+06 4.000E+06 2.299E+00 2.302E+01 3.242E+01 1.430E+00 5.687E+01 5.917E+01 2.554E+05 15.3165 1.00000
  4.500E+06 4.500E+06 2.310E+00 2.601E+01 3.657E+01 1.625E+00 6.420E+01 6.651E+01 2.634E+05 15.5520 1.00000
  5.000E+06 5.000E+06 2.319E+00 2.900E+01 4.073E+01 1.822E+00 7.155E+01 7.387E+01 2.705E+05 15.7627 1.00000
  5.500E+06 5.500E+06 2.328E+00 3.199E+01 4.488E+01 2.021E+00 7.890E+01 8.123E+01 2.769E+05 15.9533 1.00000
  6.000E+06 6.000E+06 2.336E+00 3.499E+01 4.904E+01 2.223E+00 8.626E+01 8.860E+01 2.828E+05 16.1273 1.00000
  7.000E+06 7.000E+06 2.350E+00 4.100E+01 5.737E+01 2.630E+00 1.010E+02 1.034E+02 2.933E+05 16.4356 1.00000
  8.000E+06 8.000E+06 2.363E+00 4.702E+01 6.571E+01 3.043E+00 1.158E+02 1.181E+02 3.023E+05 16.7027 1.00000
  9.000E+06 9.000E+06 2.374E+00 5.304E+01 7.405E+01 3.462E+00 1.306E+02 1.329E+02 3.103E+05 16.9383 1.00000
  1.000E+07 1.000E+07 2.384E+00 5.908E+01 8.239E+01 3.886E+00 1.454E+02 1.477E+02 3.174E+05 17.1490 1.00000
  1.200E+07 1.200E+07 2.401E+00 7.115E+01 9.909E+01 4.748E+00 1.750E+02 1.774E+02 3.298E+05 17.5136 1.00000
  1.400E+07 1.400E+07 2.416E+00 8.325E+01 1.158E+02 5.626E+00 2.047E+02 2.071E+02 3.402E+05 17.8219 1.00000
  1.700E+07 1.700E+07 2.435E+00 1.014E+02 1.409E+02 6.968E+00 2.493E+02 2.517E+02 3.533E+05 18.2102 1.00000
  2.000E+07 2.000E+07 2.451E+00 1.196E+02 1.660E+02 8.336E+00 2.939E+02 2.963E+02 3.643E+05 18.5352 1.00000
  2.500E+07 2.500E+07 2.473E+00 1.499E+02 2.078E+02 1.067E+01 3.684E+02 3.709E+02 3.794E+05 18.9815 1.00000
  3.000E+07 3.000E+07 2.491E+00 1.803E+02 2.497E+02 1.305E+01 4.430E+02 4.455E+02 3.916E+05 19.3462 1.00000
  3.500E+07 3.500E+07 2.507E+00 2.106E+02 2.915E+02 1.548E+01 5.176E+02 5.201E+02 4.020E+05 19.6545 1.00000
  4.000E+07 4.000E+07 2.520E+00 2.410E+02 3.334E+02 1.795E+01 5.924E+02 5.949E+02 4.110E+05 19.9215 1.00000
  4.500E+07 4.500E+07 2.532E+00 2.714E+02 3.753E+02 2.046E+01 6.671E+02 6.697E+02 4.189E+05 20.1571 1.00000
  5.000E+07 5.000E+07 2.543E+00 3.018E+02 4.172E+02 2.300E+01 7.420E+02 7.445E+02 4.260E+05 20.3678 1.00000
  5.500E+07 5.500E+07 2.553E+00 3.322E+02 4.591E+02 2.556E+01 8.168E+02 8.194E+02 4.324E+05 20.5584 1.00000
  6.000E+07 6.000E+07 2.562E+00 3.626E+02 5.010E+02 2.816E+01 8.917E+02 8.943E+02 4.382E+05 20.7325 1.00000
  7.000E+07 7.000E+07 2.578E+00 4.234E+02 5.848E+02 3.342E+01 1.042E+03 1.044E+03 4.486E+05 21.0408 1.00000
  8.000E+07 8.000E+07 2.591E+00 4.843E+02 6.686E+02 3.877E+01 1.192E+03 1.194E+03 4.575E+05 21.3078 1.00000
  9.000E+07 9.000E+07 2.604E+00 5.451E+02 7.524E+02 4.421E+01 1.342E+03 1.344E+03 4.654E+05 21.5434 1.00000
  1.000E+08 1.000E+08 2.615E+00 6.060E+02 8.362E+02 4.971E+01 1.492E+03 1.495E+03 4.725E+05 21.7541 1.00000
  1.200E+08 1.200E+08 2.634E+00 7.277E+02 1.004E+03 6.090E+01 1.793E+03 1.795E+03 4.847E+05 22.1188 1.00000
  1.400E+08 1.400E+08 2.651E+00 8.495E+02 1.172E+03 7.232E+01 2.093E+03 2.096E+03 4.950E+05 22.4271 1.00000
  1.700E+08 1.700E+08 2.672E+00 1.032E+03 1.423E+03 8.980E+01 2.545E+03 2.548E+03 5.079E+05 22.8154 1.00000
  2.000E+08 2.000E+08 2.689E+00 1.215E+03 1.675E+03 1.077E+02 2.997E+03 3.000E+03 5.188E+05 23.1404 1.00000
  2.500E+08 2.500E+08 2.714E+00 1.519E+03 2.094E+03 1.381E+02 3.751E+03 3.754E+03 5.336E+05 23.5867 1.00000
  3.000E+08 3.000E+08 2.734E+00 1.824E+03 2.513E+03 1.693E+02 4.506E+03 4.509E+03 5.458E+05 23.9513 1.00000
  3.500E+08 3.500E+08 2.751E+00 2.128E+03 2.932E+03 2.012E+02 5.262E+03 5.265E+03 5.560E+05 24.2596 1.00000
  4.000E+08 4.000E+08 2.767E+00 2.433E+03 3.352E+03 2.336E+02 6.018E+03 6.021E+03 5.649E+05 24.5267 1.00000
  4.500E+08 4.500E+08 2.780E+00 2.738E+03 3.771E+03 2.665E+02 6.775E+03 6.778E+03 5.727E+05 24.7623 1.00000
  5.000E+08 5.000E+08 2.792E+00 3.042E+03 4.190E+03 2.998E+02 7.532E+03 7.535E+03 5.797E+05 24.9730 1.00000
  5.500E+08 5.500E+08 2.803E+00 3.347E+03 4.610E+03 3.336E+02 8.290E+03 8.293E+03 5.860E+05 25.1636 1.00000
  6.000E+08 6.000E+08 2.813E+00 3.651E+03 5.029E+03 3.677E+02 9.048E+03 9.051E+03 5.918E+05 25.3376 1.00000
  7.000E+08 7.000E+08 2.831E+00 4.260E+03 5.868E+03 4.370E+02 1.057E+04 1.057E+04 6.020E+05 25.6459 1.00000
  8.000E+08 8.000E+08 2.846E+00 4.870E+03 6.707E+03 5.075E+02 1.208E+04 1.209E+04 6.109E+05 25.9130 1.00000
  9.000E+08 9.000E+08 2.860E+00 5.479E+03 7.545E+03 5.792E+02 1.360E+04 1.361E+04 6.187E+05 26.1484 1.00000
  1.000E+09 1.000E+09 2.872E+00 6.088E+03 8.384E+03 6.518E+02 1.512E+04 1.513E+04 6.256E+05 26.3592 1.00000
  1.200E+09 1.200E+09 2.894E+00 7.306E+03 1.006E+04 7.997E+02 1.817E+04 1.817E+04 6.377E+05 26.7238 1.00000
  1.400E+09 1.400E+09 2.913E+00 8.525E+03 1.174E+04 9.507E+02 2.121E+04 2.122E+04 6.479E+05 27.0317 1.00000
  1.700E+09 1.700E+09 2.936E+00 1.035E+04 1.426E+04 1.182E+03 2.579E+04 2.579E+04 6.607E+05 27.4200 1.00000
  2.000E+09 2.000E+09 2.956E+00 1.218E+04 1.677E+04 1.419E+03 3.037E+04 3.037E+04 6.714E+05 27.7435 1.00000
  2.500E+09 2.500E+09 2.983E+00 1.523E+04 2.096E+04 1.823E+03 3.801E+04 3.802E+04 6.861E+05 28.1898 1.00000
  3.000E+09 3.000E+09 3.006E+00 1.827E+04 2.516E+04 2.238E+03 4.567E+04 4.567E+04 6.980E+05 28.5480 1.00000
  3.500E+09 3.500E+09 3.026E+00 2.132E+04 2.935E+04 2.662E+03 5.333E+04 5.333E+04 7.082E+05 28.8563 1.00000
  4.000E+09 4.000E+09 3.043E+00 2.436E+04 3.355E+04 3.093E+03 6.100E+04 6.101E+04 7.169E+05 29.1233 1.00000
  4.500E+09 4.500E+09 3.059E+00 2.741E+04 3.774E+04 3.532E+03 6.868E+04 6.868E+04 7.246E+05 29.3298 1.00000
  5.000E+09 5.000E+09 3.073E+00 3.046E+04 4.193E+04 3.977E+03 7.637E+04 7.637E+04 7.315E+05 29.5405 1.00000
  5.500E+09 5.500E+09 3.085E+00 3.350E+04 4.613E+04 4.427E+03 8.406E+04 8.406E+04 7.378E+05 29.7311 1.00000
  6.000E+09 6.000E+09 3.096E+00 3.655E+04 5.032E+04 4.883E+03 9.175E+04 9.175E+04 7.435E+05 29.9051 1.00000
  7.000E+09 7.000E+09 3.116E+00 4.264E+04 5.871E+04 5.809E+03 1.072E+05 1.072E+05 7.535E+05 30.2134 1.00000
  8.000E+09 8.000E+09 3.143E+00 4.873E+04 6.710E+04 6.753E+03 1.226E+05 1.226E+05 7.623E+05 30.3250 1.00000
  9.000E+09 9.000E+09 3.159E+00 5.482E+04 7.548E+04 7.712E+03 1.380E+05 1.380E+05 7.699E+05 30.5606 1.00000
  1.000E+10 1.000E+10 3.173E+00 6.092E+04 8.387E+04 8.686E+03 1.535E+05 1.535E+05 7.768E+05 30.7713 1.00000
  1.200E+10 1.200E+10 3.197E+00 7.310E+04 1.006E+05 1.067E+04 1.844E+05 1.844E+05 7.887E+05 31.1359 1.00000
  1.400E+10 1.400E+10 3.218E+00 8.528E+04 1.174E+05 1.270E+04 2.154E+05 2.154E+05 7.987E+05 31.4442 1.00000
  1.700E+10 1.700E+10 3.244E+00 1.036E+05 1.426E+05 1.581E+04 2.620E+05 2.620E+05 8.113E+05 31.8326 1.00000
  2.000E+10 2.000E+10 3.266E+00 1.218E+05 1.677E+05 1.900E+04 3.086E+05 3.086E+05 8.219E+05 32.1576 1.00000
  2.500E+10 2.500E+10 3.297E+00 1.523E+05 2.097E+05 2.445E+04 3.864E+05 3.864E+05 8.363E+05 32.6039 1.00000
  3.000E+10 3.000E+10 3.322E+00 1.828E+05 2.516E+05 3.005E+04 4.644E+05 4.644E+05 8.481E+05 32.9685 1.00000
  3.500E+10 3.500E+10 3.343E+00 2.132E+05 2.936E+05 3.578E+04 5.426E+05 5.426E+05 8.581E+05 33.2768 1.00000
  4.000E+10 4.000E+10 3.362E+00 2.437E+05 3.355E+05 4.162E+04 6.208E+05 6.208E+05 8.667E+05 33.5439 1.00000
  4.500E+10 4.500E+10 3.379E+00 2.741E+05 3.774E+05 4.757E+04 6.991E+05 6.991E+05 8.743E+05 33.7795 1.00000
  5.000E+10 5.000E+10 3.394E+00 3.046E+05 4.194E+05 5.360E+04 7.776E+05 7.776E+05 8.810E+05 33.9902 1.00000
  5.500E+10 5.500E+10 3.408E+00 3.351E+05 4.613E+05 5.971E+04 8.561E+05 8.561E+05 8.872E+05 34.1808 1.00000
  6.000E+10 6.000E+10 3.420E+00 3.655E+05 5.032E+05 6.590E+04 9.347E+05 9.347E+05 8.927E+05 34.3548 1.00000
  7.000E+10 7.000E+10 3.442E+00 4.264E+05 5.871E+05 7.850E+04 1.092E+06 1.092E+06 9.026E+05 34.6631 1.00000
  8.000E+10 8.000E+10 3.462E+00 4.873E+05 6.710E+05 9.134E+04 1.250E+06 1.250E+06 9.112E+05 34.9302 1.00000
  9.000E+10 9.000E+10 3.479E+00 5.483E+05 7.549E+05 1.044E+05 1.408E+06 1.408E+06 9.187E+05 35.1658 1.00000
  1.000E+11 1.000E+11 3.495E+00 6.092E+05 8.387E+05 1.177E+05 1.566E+06 1.566E+06 9.255E+05 35.3765 1.00000
  1.200E+11 1.200E+11 3.522E+00 7.310E+05 1.006E+06 1.448E+05 1.882E+06 1.882E+06 9.371E+05 35.7411 1.00000
  1.400E+11 1.400E+11 3.545E+00 8.529E+05 1.174E+06 1.725E+05 2.200E+06 2.200E+06 9.469E+05 36.0494 1.00000
  1.700E+11 1.700E+11 3.574E+00 1.036E+06 1.426E+06 2.151E+05 2.677E+06 2.677E+06 9.593E+05 36.4377 1.00000
  2.000E+11 2.000E+11 3.599E+00 1.218E+06 1.677E+06 2.588E+05 3.155E+06 3.155E+06 9.696E+05 36.7628 1.00000
  2.500E+11 2.500E+11 3.633E+00 1.523E+06 2.097E+06 3.336E+05 3.953E+06 3.953E+06 9.837E+05 37.2091 1.00000
  3.000E+11 3.000E+11 3.661E+00 1.828E+06 2.516E+06 4.107E+05 4.754E+06 4.754E+06 9.952E+05 37.5737 1.00000
  3.500E+11 3.500E+11 3.685E+00 2.132E+06 2.935E+06 4.896E+05 5.557E+06 5.557E+06 1.005E+06 37.8820 1.00000
  4.000E+11 4.000E+11 3.706E+00 2.437E+06 3.355E+06 5.701E+05 6.362E+06 6.362E+06 1.013E+06 38.1491 1.00000
  4.500E+11 4.500E+11 3.725E+00 2.741E+06 3.774E+06 6.521E+05 7.168E+06 7.168E+06 1.021E+06 38.3846 1.00000
  5.000E+11 5.000E+11 3.742E+00 3.046E+06 4.193E+06 7.354E+05 7.975E+06 7.975E+06 1.027E+06 38.5954 1.00000
  5.500E+11 5.500E+11 3.757E+00 3.351E+06 4.613E+06 8.199E+05 8.783E+06 8.783E+06 1.033E+06 38.7860 1.00000
  6.000E+11 6.000E+11 3.771E+00 3.655E+06 5.032E+06 9.056E+05 9.593E+06 9.593E+06 1.039E+06 38.9600 1.00000
  7.000E+11 7.000E+11 3.796E+00 4.264E+06 5.871E+06 1.080E+06 1.122E+07 1.122E+07 1.048E+06 39.2683 1.00000
  8.000E+11 8.000E+11 3.818E+00 4.874E+06 6.709E+06 1.258E+06 1.284E+07 1.284E+07 1.057E+06 39.5354 1.00000
  9.000E+11 9.000E+11 3.837E+00 5.483E+06 7.548E+06 1.440E+06 1.447E+07 1.447E+07 1.064E+06 39.7709 1.00000
  1.000E+12 1.000E+12 3.854E+00 6.092E+06 8.387E+06 1.624E+06 1.610E+07 1.610E+07 1.071E+06 39.9816 1.00000
