 Incident particle is a Muon with M = 105.65839 MeV
 Index = 0: Chloroform
      Absorber with <Z/A> = 0.48585
 Density effect computed following Fano (1963)
 Models for Radloss: brems =  SSR, pair =  SSR, photonuc = DRSS

 *** Table generated with PUMAS v1.1 ***

      T         p     Ionization  brems     pair     photonuc  Radloss    dE/dx   CSDA Range  delta   beta
    [MeV]    [MeV/c]  -----------------------[MeV cm^2/g]------------------------  [g/cm^2]
  1.000E+00 1.457E+01 3.838E+01 0.000E+00 0.000E+00 0.000E+00 0.000E+00 3.838E+01 1.303E-02  0.0000 0.13661
  1.200E+00 1.597E+01 3.328E+01 0.000E+00 0.000E+00 0.000E+00 0.000E+00 3.328E+01 1.864E-02  0.0000 0.14944
  1.400E+00 1.726E+01 2.947E+01 0.000E+00 0.000E+00 0.000E+00 0.000E+00 2.947E+01 2.504E-02  0.0000 0.16119
  1.700E+00 1.903E+01 2.527E+01 0.000E+00 0.000E+00 0.000E+00 0.000E+00 2.527E+01 3.607E-02  0.0000 0.17725
  2.000E+00 2.066E+01 2.222E+01 0.000E+00 0.000E+00 0.000E+00 0.000E+00 2.222E+01 4.876E-02  0.0000 0.19186
  2.500E+00 2.312E+01 1.860E+01 0.000E+00 0.000E+00 0.000E+00 0.000E+00 1.860E+01 7.347E-02  0.0000 0.21376
  3.000E+00 2.536E+01 1.609E+01 0.000E+00 0.000E+00 0.000E+00 0.000E+00 1.609E+01 1.025E-01  0.0000 0.23336
  3.500E+00 2.742E+01 1.424E+01 0.000E+00 0.000E+00 0.000E+00 0.000E+00 1.424E+01 1.356E-01  0.0000 0.25120
  4.000E+00 2.935E+01 1.281E+01 0.000E+00 0.000E+00 0.000E+00 0.000E+00 1.281E+01 1.726E-01  0.0000 0.26763
  4.500E+00 3.116E+01 1.167E+01 0.000E+00 0.000E+00 0.000E+00 0.000E+00 1.167E+01 2.136E-01  0.0000 0.28290
  5.000E+00 3.289E+01 1.074E+01 0.000E+00 0.000E+00 0.000E+00 0.000E+00 1.074E+01 2.583E-01  0.0000 0.29720
  5.500E+00 3.453E+01 9.970E+00 0.000E+00 0.000E+00 0.000E+00 0.000E+00 9.970E+00 3.067E-01  0.0000 0.31066
  6.000E+00 3.611E+01 9.316E+00 0.000E+00 0.000E+00 0.000E+00 0.000E+00 9.316E+00 3.586E-01  0.0000 0.32339
  7.000E+00 3.909E+01 8.269E+00 0.000E+00 0.000E+00 0.000E+00 0.000E+00 8.269E+00 4.728E-01  0.0000 0.34700
  8.000E+00 4.189E+01 7.465E+00 0.000E+00 0.000E+00 0.000E+00 0.000E+00 7.465E+00 6.003E-01  0.0000 0.36854
  9.000E+00 4.453E+01 6.829E+00 0.000E+00 0.000E+00 0.000E+00 0.000E+00 6.829E+00 7.405E-01  0.0000 0.38836
  1.000E+01 4.704E+01 6.311E+00 0.000E+00 0.000E+00 0.000E+00 0.000E+00 6.311E+00 8.930E-01  0.0000 0.40675
  1.200E+01 5.177E+01 5.520E+00 0.000E+00 0.000E+00 0.000E+00 0.000E+00 5.520E+00 1.233E+00  0.0000 0.43998
  1.400E+01 5.616E+01 4.942E+00 0.000E+00 0.000E+00 0.000E+00 0.000E+00 4.942E+00 1.617E+00  0.0000 0.46937
  1.700E+01 6.230E+01 4.319E+00 0.000E+00 0.000E+00 0.000E+00 0.000E+00 4.319E+00 2.268E+00  0.0000 0.50792
  2.000E+01 6.802E+01 3.874E+00 0.000E+00 0.000E+00 0.000E+00 0.000E+00 3.874E+00 3.003E+00  0.0000 0.54129
  2.500E+01 7.686E+01 3.362E+00 5.527E-11 0.000E+00 0.000E+00 5.527E-11 3.362E+00 4.394E+00  0.0000 0.58827
  3.000E+01 8.509E+01 3.017E+00 8.101E-09 0.000E+00 0.000E+00 8.101E-09 3.017E+00 5.969E+00  0.0000 0.62720
  3.500E+01 9.285E+01 2.769E+00 9.462E-09 0.000E+00 0.000E+00 9.462E-09 2.769E+00 7.702E+00  0.0000 0.66011
  4.000E+01 1.003E+02 2.583E+00 1.013E-08 0.000E+00 0.000E+00 1.013E-08 2.583E+00 9.574E+00  0.0000 0.68834
  4.500E+01 1.074E+02 2.439E+00 1.082E-08 0.000E+00 0.000E+00 1.082E-08 2.439E+00 1.157E+01  0.0000 0.71286
  5.000E+01 1.143E+02 2.324E+00 1.154E-08 0.000E+00 0.000E+00 1.154E-08 2.324E+00 1.367E+01  0.0000 0.73434
  5.500E+01 1.210E+02 2.231E+00 1.227E-08 0.000E+00 0.000E+00 1.227E-08 2.231E+00 1.587E+01  0.0000 0.75332
  6.000E+01 1.276E+02 2.154E+00 1.303E-08 0.000E+00 0.000E+00 1.303E-08 2.154E+00 1.815E+01  0.0001 0.77019
  7.000E+01 1.403E+02 2.036E+00 1.461E-08 0.000E+00 0.000E+00 1.461E-08 2.036E+00 2.293E+01  0.0036 0.79887
  8.000E+01 1.527E+02 1.949E+00 1.627E-08 0.000E+00 0.000E+00 1.627E-08 1.949E+00 2.796E+01  0.0113 0.82227
  9.000E+01 1.647E+02 1.885E+00 1.802E-08 0.000E+00 0.000E+00 1.802E-08 1.885E+00 3.318E+01  0.0222 0.84166
  1.000E+02 1.764E+02 1.835E+00 1.986E-08 0.000E+00 0.000E+00 1.986E-08 1.835E+00 3.856E+01  0.0355 0.85794
  1.200E+02 1.994E+02 1.765E+00 2.377E-08 0.000E+00 0.000E+00 2.377E-08 1.765E+00 4.969E+01  0.0671 0.88361
  1.400E+02 2.218E+02 1.720E+00 5.140E-07 0.000E+00 0.000E+00 5.140E-07 1.720E+00 6.118E+01  0.1030 0.90278
  1.700E+02 2.546E+02 1.680E+00 1.360E-06 1.278E-10 0.000E+00 1.360E-06 1.680E+00 7.885E+01  0.1607 0.92363
  2.000E+02 2.868E+02 1.658E+00 1.897E-06 9.401E-10 0.000E+00 1.898E-06 1.658E+00 9.684E+01  0.2201 0.93835
  2.500E+02 3.396E+02 1.643E+00 2.628E-05 1.616E-07 0.000E+00 2.644E-05 1.643E+00 1.272E+02  0.3180 0.95485
  3.000E+02 3.917E+02 1.642E+00 5.967E-05 1.564E-06 0.000E+00 6.123E-05 1.642E+00 1.576E+02  0.4115 0.96548
  3.500E+02 4.432E+02 1.647E+00 8.467E-05 4.199E-06 0.000E+00 8.887E-05 1.647E+00 1.880E+02  0.4998 0.97274
  4.000E+02 4.945E+02 1.656E+00 1.073E-04 8.070E-06 0.000E+00 1.154E-04 1.656E+00 2.183E+02  0.5826 0.97793
  4.500E+02 5.455E+02 1.666E+00 1.294E-04 1.315E-05 0.000E+00 1.425E-04 1.666E+00 2.484E+02  0.6604 0.98176
  5.000E+02 5.964E+02 1.677E+00 1.515E-04 1.941E-05 0.000E+00 1.709E-04 1.677E+00 2.783E+02  0.7337 0.98467
  5.500E+02 6.471E+02 1.688E+00 1.740E-04 2.682E-05 1.517E-05 2.160E-04 1.688E+00 3.080E+02  0.8029 0.98693
  6.000E+02 6.977E+02 1.699E+00 1.971E-04 3.535E-05 5.056E-05 2.830E-04 1.699E+00 3.376E+02  0.8684 0.98873
  7.000E+02 7.987E+02 1.721E+00 2.451E-04 5.560E-05 1.209E-04 4.216E-04 1.721E+00 3.960E+02  0.9902 0.99136
  8.000E+02 8.995E+02 1.741E+00 2.956E-04 7.992E-05 1.873E-04 5.628E-04 1.742E+00 4.538E+02  1.1015 0.99317
  9.000E+02 1.000E+03 1.760E+00 3.486E-04 1.081E-04 2.508E-04 7.074E-04 1.761E+00 5.109E+02  1.2046 0.99447
  1.000E+03 1.101E+03 1.778E+00 4.040E-04 1.398E-04 3.122E-04 8.560E-04 1.779E+00 5.674E+02  1.3009 0.99542
  1.200E+03 1.301E+03 1.809E+00 5.215E-04 2.131E-04 4.308E-04 1.165E-03 1.810E+00 6.788E+02  1.4776 0.99672
  1.400E+03 1.502E+03 1.836E+00 6.471E-04 2.986E-04 5.456E-04 1.491E-03 1.838E+00 7.884E+02  1.6383 0.99753
  1.700E+03 1.803E+03 1.871E+00 8.483E-04 4.470E-04 7.129E-04 2.008E-03 1.873E+00 9.501E+02  1.8573 0.99829
  2.000E+03 2.103E+03 1.899E+00 1.063E-03 6.169E-04 8.755E-04 2.555E-03 1.902E+00 1.109E+03  2.0562 0.99874
  2.500E+03 2.604E+03 1.937E+00 1.445E-03 9.412E-04 1.139E-03 3.525E-03 1.941E+00 1.369E+03  2.3529 0.99918
  3.000E+03 3.104E+03 1.968E+00 1.854E-03 1.310E-03 1.394E-03 4.558E-03 1.972E+00 1.625E+03  2.6144 0.99942
  3.500E+03 3.604E+03 1.993E+00 2.284E-03 1.716E-03 1.644E-03 5.644E-03 1.999E+00 1.876E+03  2.8473 0.99957
  4.000E+03 4.104E+03 2.014E+00 2.733E-03 2.169E-03 1.888E-03 6.790E-03 2.021E+00 2.125E+03  3.0566 0.99967
  4.500E+03 4.604E+03 2.033E+00 3.199E-03 2.658E-03 2.127E-03 7.983E-03 2.041E+00 2.371E+03  3.2461 0.99974
  5.000E+03 5.105E+03 2.049E+00 3.679E-03 3.174E-03 2.362E-03 9.216E-03 2.058E+00 2.615E+03  3.4190 0.99979
  5.500E+03 5.605E+03 2.064E+00 4.173E-03 3.717E-03 2.594E-03 1.048E-02 2.074E+00 2.857E+03  3.5778 0.99982
  6.000E+03 6.105E+03 2.077E+00 4.679E-03 4.283E-03 2.823E-03 1.179E-02 2.088E+00 3.097E+03  3.7246 0.99985
  7.000E+03 7.105E+03 2.100E+00 5.724E-03 5.478E-03 3.273E-03 1.448E-02 2.114E+00 3.573E+03  3.9883 0.99989
  8.000E+03 8.105E+03 2.119E+00 6.808E-03 6.748E-03 3.714E-03 1.727E-02 2.136E+00 4.044E+03  4.2201 0.99992
  9.000E+03 9.105E+03 2.136E+00 7.924E-03 8.084E-03 4.146E-03 2.015E-02 2.156E+00 4.510E+03  4.4268 0.99993
  1.000E+04 1.011E+04 2.151E+00 9.069E-03 9.478E-03 4.572E-03 2.312E-02 2.174E+00 4.972E+03  4.6134 0.99995
  1.200E+04 1.211E+04 2.176E+00 1.144E-02 1.242E-02 5.408E-03 2.926E-02 2.205E+00 5.885E+03  4.9397 0.99996
  1.400E+04 1.411E+04 2.197E+00 1.389E-02 1.553E-02 6.227E-03 3.565E-02 2.233E+00 6.786E+03  5.2190 0.99997
  1.700E+04 1.711E+04 2.222E+00 1.771E-02 2.048E-02 7.428E-03 4.562E-02 2.268E+00 8.119E+03  5.5751 0.99998
  2.000E+04 2.011E+04 2.243E+00 2.167E-02 2.569E-02 8.606E-03 5.596E-02 2.299E+00 9.433E+03  5.8770 0.99999
  2.500E+04 2.511E+04 2.271E+00 2.851E-02 3.486E-02 1.053E-02 7.390E-02 2.345E+00 1.159E+04  6.2969 0.99999
  3.000E+04 3.011E+04 2.293E+00 3.560E-02 4.452E-02 1.242E-02 9.254E-02 2.385E+00 1.370E+04  6.6446 0.99999
  3.500E+04 3.511E+04 2.311E+00 4.291E-02 5.456E-02 1.428E-02 1.118E-01 2.422E+00 1.578E+04  6.9414 1.00000
  4.000E+04 4.011E+04 2.326E+00 5.039E-02 6.493E-02 1.612E-02 1.314E-01 2.457E+00 1.783E+04  7.2003 1.00000
  4.500E+04 4.511E+04 2.339E+00 5.802E-02 7.558E-02 1.795E-02 1.515E-01 2.491E+00 1.985E+04  7.4300 1.00000
  5.000E+04 5.011E+04 2.351E+00 6.578E-02 8.646E-02 1.977E-02 1.720E-01 2.523E+00 2.184E+04  7.6363 1.00000
  5.500E+04 5.511E+04 2.361E+00 7.366E-02 9.755E-02 2.158E-02 1.928E-01 2.554E+00 2.381E+04  7.8235 1.00000
  6.000E+04 6.011E+04 2.370E+00 8.165E-02 1.088E-01 2.338E-02 2.139E-01 2.584E+00 2.576E+04  7.9949 1.00000
  7.000E+04 7.011E+04 2.387E+00 9.789E-02 1.318E-01 2.697E-02 2.567E-01 2.643E+00 2.959E+04  8.2993 1.00000
  8.000E+04 8.011E+04 2.401E+00 1.145E-01 1.554E-01 3.054E-02 3.004E-01 2.701E+00 3.333E+04  8.5638 1.00000
  9.000E+04 9.011E+04 2.413E+00 1.313E-01 1.794E-01 3.411E-02 3.448E-01 2.758E+00 3.699E+04  8.7975 1.00000
  1.000E+05 1.001E+05 2.424E+00 1.484E-01 2.038E-01 3.767E-02 3.899E-01 2.814E+00 4.058E+04  9.0068 1.00000
  1.200E+05 1.201E+05 2.442E+00 1.832E-01 2.535E-01 4.478E-02 4.815E-01 2.924E+00 4.755E+04  9.3696 1.00000
  1.400E+05 1.401E+05 2.458E+00 2.187E-01 3.042E-01 5.190E-02 5.748E-01 3.033E+00 5.427E+04  9.6768 1.00000
  1.700E+05 1.701E+05 2.477E+00 2.729E-01 3.818E-01 6.261E-02 7.173E-01 3.195E+00 6.391E+04 10.0640 1.00000
  2.000E+05 2.001E+05 2.494E+00 3.282E-01 4.607E-01 7.335E-02 8.622E-01 3.356E+00 7.307E+04 10.3884 1.00000
  2.500E+05 2.501E+05 2.516E+00 4.221E-01 5.945E-01 9.137E-02 1.108E+00 3.624E+00 8.740E+04 10.8340 1.00000
  3.000E+05 3.001E+05 2.534E+00 5.177E-01 7.305E-01 1.095E-01 1.358E+00 3.892E+00 1.007E+05 11.1983 1.00000
  3.500E+05 3.501E+05 2.549E+00 6.147E-01 8.681E-01 1.279E-01 1.611E+00 4.160E+00 1.131E+05 11.5063 1.00000
  4.000E+05 4.001E+05 2.563E+00 7.128E-01 1.007E+00 1.463E-01 1.866E+00 4.429E+00 1.248E+05 11.7732 1.00000
  4.500E+05 4.501E+05 2.574E+00 8.118E-01 1.147E+00 1.649E-01 2.124E+00 4.698E+00 1.357E+05 12.0087 1.00000
  5.000E+05 5.001E+05 2.585E+00 9.116E-01 1.288E+00 1.836E-01 2.383E+00 4.968E+00 1.461E+05 12.2193 1.00000
  5.500E+05 5.501E+05 2.594E+00 1.012E+00 1.429E+00 2.024E-01 2.644E+00 5.238E+00 1.559E+05 12.4098 1.00000
  6.000E+05 6.001E+05 2.603E+00 1.113E+00 1.571E+00 2.214E-01 2.906E+00 5.509E+00 1.652E+05 12.5838 1.00000
  7.000E+05 7.001E+05 2.619E+00 1.317E+00 1.857E+00 2.597E-01 3.433E+00 6.052E+00 1.825E+05 12.8920 1.00000
  8.000E+05 8.001E+05 2.632E+00 1.523E+00 2.144E+00 2.983E-01 3.965E+00 6.597E+00 1.983E+05 13.1590 1.00000
  9.000E+05 9.001E+05 2.644E+00 1.730E+00 2.432E+00 3.374E-01 4.499E+00 7.144E+00 2.129E+05 13.3945 1.00000
  1.000E+06 1.000E+06 2.655E+00 1.938E+00 2.722E+00 3.768E-01 5.037E+00 7.691E+00 2.264E+05 13.6052 1.00000
  1.200E+06 1.200E+06 2.673E+00 2.357E+00 3.304E+00 4.566E-01 6.118E+00 8.791E+00 2.507E+05 13.9698 1.00000
  1.400E+06 1.400E+06 2.689E+00 2.780E+00 3.888E+00 5.375E-01 7.206E+00 9.895E+00 2.721E+05 14.2781 1.00000
  1.700E+06 1.700E+06 2.709E+00 3.419E+00 4.769E+00 6.608E-01 8.848E+00 1.156E+01 3.002E+05 14.6664 1.00000
  2.000E+06 2.000E+06 2.726E+00 4.062E+00 5.653E+00 7.862E-01 1.050E+01 1.323E+01 3.244E+05 14.9914 1.00000
  2.500E+06 2.500E+06 2.750E+00 5.140E+00 7.131E+00 9.991E-01 1.327E+01 1.602E+01 3.587E+05 15.4376 1.00000
  3.000E+06 3.000E+06 2.769E+00 6.225E+00 8.614E+00 1.216E+00 1.606E+01 1.882E+01 3.875E+05 15.8023 1.00000
  3.500E+06 3.500E+06 2.785E+00 7.315E+00 1.010E+01 1.437E+00 1.885E+01 2.164E+01 4.122E+05 16.1106 1.00000
  4.000E+06 4.000E+06 2.799E+00 8.409E+00 1.159E+01 1.661E+00 2.166E+01 2.446E+01 4.340E+05 16.3776 1.00000
  4.500E+06 4.500E+06 2.812E+00 9.506E+00 1.308E+01 1.888E+00 2.447E+01 2.729E+01 4.533E+05 16.6132 1.00000
  5.000E+06 5.000E+06 2.823E+00 1.061E+01 1.457E+01 2.117E+00 2.730E+01 3.012E+01 4.707E+05 16.8239 1.00000
  5.500E+06 5.500E+06 2.834E+00 1.171E+01 1.607E+01 2.349E+00 3.012E+01 3.296E+01 4.866E+05 17.0145 1.00000
  6.000E+06 6.000E+06 2.843E+00 1.281E+01 1.756E+01 2.583E+00 3.296E+01 3.580E+01 5.012E+05 17.1885 1.00000
  7.000E+06 7.000E+06 2.860E+00 1.502E+01 2.056E+01 3.057E+00 3.863E+01 4.150E+01 5.271E+05 17.4968 1.00000
  8.000E+06 8.000E+06 2.875E+00 1.724E+01 2.355E+01 3.538E+00 4.433E+01 4.720E+01 5.497E+05 17.7639 1.00000
  9.000E+06 9.000E+06 2.888E+00 1.946E+01 2.655E+01 4.026E+00 5.004E+01 5.292E+01 5.697E+05 17.9994 1.00000
  1.000E+07 1.000E+07 2.900E+00 2.168E+01 2.955E+01 4.520E+00 5.575E+01 5.865E+01 5.876E+05 18.2102 1.00000
  1.200E+07 1.200E+07 2.920E+00 2.613E+01 3.556E+01 5.523E+00 6.722E+01 7.014E+01 6.188E+05 18.5748 1.00000
  1.400E+07 1.400E+07 2.937E+00 3.059E+01 4.157E+01 6.545E+00 7.871E+01 8.165E+01 6.452E+05 18.8831 1.00000
  1.700E+07 1.700E+07 2.959E+00 3.729E+01 5.060E+01 8.108E+00 9.600E+01 9.896E+01 6.785E+05 19.2714 1.00000
  2.000E+07 2.000E+07 2.978E+00 4.400E+01 5.963E+01 9.701E+00 1.133E+02 1.163E+02 7.064E+05 19.5964 1.00000
  2.500E+07 2.500E+07 3.004E+00 5.520E+01 7.469E+01 1.242E+01 1.423E+02 1.453E+02 7.448E+05 20.0427 1.00000
  3.000E+07 3.000E+07 3.025E+00 6.640E+01 8.975E+01 1.519E+01 1.713E+02 1.744E+02 7.762E+05 20.4074 1.00000
  3.500E+07 3.500E+07 3.043E+00 7.762E+01 1.048E+02 1.802E+01 2.005E+02 2.035E+02 8.027E+05 20.7157 1.00000
  4.000E+07 4.000E+07 3.059E+00 8.884E+01 1.199E+02 2.090E+01 2.296E+02 2.327E+02 8.257E+05 20.9827 1.00000
  4.500E+07 4.500E+07 3.073E+00 1.001E+02 1.350E+02 2.382E+01 2.589E+02 2.619E+02 8.459E+05 21.2183 1.00000
  5.000E+07 5.000E+07 3.086E+00 1.113E+02 1.501E+02 2.677E+01 2.881E+02 2.912E+02 8.640E+05 21.4290 1.00000
  5.500E+07 5.500E+07 3.097E+00 1.225E+02 1.651E+02 2.976E+01 3.175E+02 3.205E+02 8.804E+05 21.6196 1.00000
  6.000E+07 6.000E+07 3.108E+00 1.338E+02 1.802E+02 3.279E+01 3.468E+02 3.499E+02 8.953E+05 21.7937 1.00000
  7.000E+07 7.000E+07 3.127E+00 1.563E+02 2.104E+02 3.892E+01 4.056E+02 4.087E+02 9.217E+05 22.1020 1.00000
  8.000E+07 8.000E+07 3.143E+00 1.788E+02 2.406E+02 4.515E+01 4.645E+02 4.676E+02 9.446E+05 22.3690 1.00000
  9.000E+07 9.000E+07 3.157E+00 2.013E+02 2.708E+02 5.147E+01 5.235E+02 5.267E+02 9.647E+05 22.6046 1.00000
  1.000E+08 1.000E+08 3.171E+00 2.238E+02 3.010E+02 5.788E+01 5.826E+02 5.858E+02 9.827E+05 22.8153 1.00000
  1.200E+08 1.200E+08 3.193E+00 2.688E+02 3.613E+02 7.092E+01 7.010E+02 7.042E+02 1.014E+06 23.1800 1.00000
  1.400E+08 1.400E+08 3.213E+00 3.138E+02 4.217E+02 8.422E+01 8.197E+02 8.230E+02 1.040E+06 23.4883 1.00000
  1.700E+08 1.700E+08 3.237E+00 3.814E+02 5.123E+02 1.046E+02 9.982E+02 1.001E+03 1.073E+06 23.8766 1.00000
  2.000E+08 2.000E+08 3.258E+00 4.489E+02 6.029E+02 1.254E+02 1.177E+03 1.180E+03 1.101E+06 24.2016 1.00000
  2.500E+08 2.500E+08 3.287E+00 5.615E+02 7.539E+02 1.609E+02 1.476E+03 1.480E+03 1.138E+06 24.6479 1.00000
  3.000E+08 3.000E+08 3.311E+00 6.742E+02 9.049E+02 1.972E+02 1.776E+03 1.780E+03 1.169E+06 25.0125 1.00000
  3.500E+08 3.500E+08 3.331E+00 7.868E+02 1.056E+03 2.343E+02 2.077E+03 2.080E+03 1.195E+06 25.3208 1.00000
  4.000E+08 4.000E+08 3.348E+00 8.995E+02 1.207E+03 2.720E+02 2.378E+03 2.382E+03 1.218E+06 25.5879 1.00000
  4.500E+08 4.500E+08 3.364E+00 1.012E+03 1.358E+03 3.103E+02 2.680E+03 2.684E+03 1.237E+06 25.8235 1.00000
  5.000E+08 5.000E+08 3.378E+00 1.125E+03 1.509E+03 3.492E+02 2.983E+03 2.986E+03 1.255E+06 26.0342 1.00000
  5.500E+08 5.500E+08 3.391E+00 1.237E+03 1.660E+03 3.885E+02 3.286E+03 3.289E+03 1.271E+06 26.2248 1.00000
  6.000E+08 6.000E+08 3.403E+00 1.350E+03 1.811E+03 4.282E+02 3.589E+03 3.593E+03 1.285E+06 26.3988 1.00000
  7.000E+08 7.000E+08 3.424E+00 1.575E+03 2.113E+03 5.090E+02 4.198E+03 4.201E+03 1.311E+06 26.7071 1.00000
  8.000E+08 8.000E+08 3.442E+00 1.801E+03 2.415E+03 5.911E+02 4.807E+03 4.811E+03 1.333E+06 26.9742 1.00000
  9.000E+08 9.000E+08 3.458E+00 2.026E+03 2.717E+03 6.745E+02 5.418E+03 5.421E+03 1.353E+06 27.2096 1.00000
  1.000E+09 1.000E+09 3.473E+00 2.252E+03 3.019E+03 7.591E+02 6.030E+03 6.034E+03 1.370E+06 27.4204 1.00000
  1.200E+09 1.200E+09 3.498E+00 2.702E+03 3.624E+03 9.313E+02 7.257E+03 7.261E+03 1.401E+06 27.7850 1.00000
  1.400E+09 1.400E+09 3.520E+00 3.153E+03 4.228E+03 1.107E+03 8.488E+03 8.491E+03 1.426E+06 28.0929 1.00000
  1.700E+09 1.700E+09 3.547E+00 3.829E+03 5.134E+03 1.377E+03 1.034E+04 1.034E+04 1.458E+06 28.4812 1.00000
  2.000E+09 2.000E+09 3.571E+00 4.505E+03 6.040E+03 1.653E+03 1.220E+04 1.220E+04 1.485E+06 28.8047 1.00000
  2.500E+09 2.500E+09 3.603E+00 5.632E+03 7.551E+03 2.123E+03 1.531E+04 1.531E+04 1.521E+06 29.2510 1.00000
  3.000E+09 3.000E+09 3.630E+00 6.759E+03 9.061E+03 2.607E+03 1.843E+04 1.843E+04 1.551E+06 29.6092 1.00000
  3.500E+09 3.500E+09 3.653E+00 7.886E+03 1.057E+04 3.100E+03 2.156E+04 2.156E+04 1.576E+06 29.9175 1.00000
  4.000E+09 4.000E+09 3.672E+00 9.013E+03 1.208E+04 3.603E+03 2.470E+04 2.470E+04 1.598E+06 30.1845 1.00000
  4.500E+09 4.500E+09 3.692E+00 1.014E+04 1.359E+04 4.113E+03 2.785E+04 2.785E+04 1.617E+06 30.3909 1.00000
  5.000E+09 5.000E+09 3.708E+00 1.127E+04 1.510E+04 4.631E+03 3.100E+04 3.100E+04 1.634E+06 30.6017 1.00000
  5.500E+09 5.500E+09 3.722E+00 1.239E+04 1.661E+04 5.156E+03 3.416E+04 3.417E+04 1.649E+06 30.7923 1.00000
  6.000E+09 6.000E+09 3.735E+00 1.352E+04 1.812E+04 5.687E+03 3.733E+04 3.734E+04 1.663E+06 30.9663 1.00000
  7.000E+09 7.000E+09 3.759E+00 1.577E+04 2.115E+04 6.766E+03 4.369E+04 4.369E+04 1.688E+06 31.2746 1.00000
  8.000E+09 8.000E+09 3.791E+00 1.803E+04 2.417E+04 7.865E+03 5.006E+04 5.006E+04 1.709E+06 31.3862 1.00000
  9.000E+09 9.000E+09 3.809E+00 2.028E+04 2.719E+04 8.982E+03 5.645E+04 5.646E+04 1.728E+06 31.6218 1.00000
  1.000E+10 1.000E+10 3.825E+00 2.253E+04 3.021E+04 1.012E+04 6.286E+04 6.286E+04 1.745E+06 31.8325 1.00000
  1.200E+10 1.200E+10 3.854E+00 2.704E+04 3.625E+04 1.243E+04 7.572E+04 7.572E+04 1.774E+06 32.1971 1.00000
  1.400E+10 1.400E+10 3.878E+00 3.155E+04 4.229E+04 1.479E+04 8.863E+04 8.864E+04 1.798E+06 32.5054 1.00000
  1.700E+10 1.700E+10 3.909E+00 3.831E+04 5.136E+04 1.842E+04 1.081E+05 1.081E+05 1.829E+06 32.8938 1.00000
  2.000E+10 2.000E+10 3.935E+00 4.507E+04 6.042E+04 2.213E+04 1.276E+05 1.276E+05 1.854E+06 33.2188 1.00000
  2.500E+10 2.500E+10 3.971E+00 5.634E+04 7.552E+04 2.848E+04 1.603E+05 1.603E+05 1.889E+06 33.6651 1.00000
  3.000E+10 3.000E+10 4.000E+00 6.761E+04 9.063E+04 3.500E+04 1.932E+05 1.932E+05 1.918E+06 34.0297 1.00000
  3.500E+10 3.500E+10 4.026E+00 7.888E+04 1.057E+05 4.168E+04 2.263E+05 2.263E+05 1.941E+06 34.3380 1.00000
  4.000E+10 4.000E+10 4.048E+00 9.015E+04 1.208E+05 4.848E+04 2.595E+05 2.595E+05 1.962E+06 34.6051 1.00000
  4.500E+10 4.500E+10 4.067E+00 1.014E+05 1.359E+05 5.540E+04 2.928E+05 2.928E+05 1.980E+06 34.8407 1.00000
  5.000E+10 5.000E+10 4.085E+00 1.127E+05 1.511E+05 6.242E+04 3.262E+05 3.262E+05 1.996E+06 35.0514 1.00000
  5.500E+10 5.500E+10 4.101E+00 1.240E+05 1.662E+05 6.955E+04 3.597E+05 3.597E+05 2.011E+06 35.2420 1.00000
  6.000E+10 6.000E+10 4.116E+00 1.352E+05 1.813E+05 7.676E+04 3.932E+05 3.932E+05 2.024E+06 35.4160 1.00000
  7.000E+10 7.000E+10 4.142E+00 1.578E+05 2.115E+05 9.142E+04 4.606E+05 4.607E+05 2.048E+06 35.7243 1.00000
  8.000E+10 8.000E+10 4.165E+00 1.803E+05 2.417E+05 1.064E+05 5.284E+05 5.284E+05 2.068E+06 35.9914 1.00000
  9.000E+10 9.000E+10 4.185E+00 2.028E+05 2.719E+05 1.216E+05 5.963E+05 5.963E+05 2.086E+06 36.2269 1.00000
  1.000E+11 1.000E+11 4.203E+00 2.254E+05 3.021E+05 1.370E+05 6.645E+05 6.645E+05 2.102E+06 36.4377 1.00000
  1.200E+11 1.200E+11 4.235E+00 2.704E+05 3.625E+05 1.686E+05 8.015E+05 8.016E+05 2.129E+06 36.8023 1.00000
  1.400E+11 1.400E+11 4.262E+00 3.155E+05 4.229E+05 2.009E+05 9.393E+05 9.393E+05 2.152E+06 37.1106 1.00000
  1.700E+11 1.700E+11 4.296E+00 3.831E+05 5.136E+05 2.505E+05 1.147E+06 1.147E+06 2.181E+06 37.4989 1.00000
  2.000E+11 2.000E+11 4.325E+00 4.507E+05 6.042E+05 3.014E+05 1.356E+06 1.356E+06 2.205E+06 37.8240 1.00000
  2.500E+11 2.500E+11 4.366E+00 5.634E+05 7.552E+05 3.886E+05 1.707E+06 1.707E+06 2.238E+06 38.2703 1.00000
  3.000E+11 3.000E+11 4.399E+00 6.761E+05 9.063E+05 4.783E+05 2.061E+06 2.061E+06 2.264E+06 38.6349 1.00000
  3.500E+11 3.500E+11 4.427E+00 7.888E+05 1.057E+06 5.702E+05 2.416E+06 2.416E+06 2.287E+06 38.9432 1.00000
  4.000E+11 4.000E+11 4.452E+00 9.015E+05 1.208E+06 6.640E+05 2.774E+06 2.774E+06 2.306E+06 39.2103 1.00000
  4.500E+11 4.500E+11 4.474E+00 1.014E+06 1.359E+06 7.595E+05 3.133E+06 3.133E+06 2.323E+06 39.4458 1.00000
  5.000E+11 5.000E+11 4.493E+00 1.127E+06 1.510E+06 8.565E+05 3.494E+06 3.494E+06 2.338E+06 39.6565 1.00000
  5.500E+11 5.500E+11 4.511E+00 1.240E+06 1.661E+06 9.550E+05 3.856E+06 3.856E+06 2.352E+06 39.8472 1.00000
  6.000E+11 6.000E+11 4.527E+00 1.352E+06 1.813E+06 1.055E+06 4.219E+06 4.219E+06 2.364E+06 40.0212 1.00000
  7.000E+11 7.000E+11 4.557E+00 1.578E+06 2.115E+06 1.258E+06 4.950E+06 4.950E+06 2.386E+06 40.3295 1.00000
  8.000E+11 8.000E+11 4.582E+00 1.803E+06 2.417E+06 1.465E+06 5.685E+06 5.685E+06 2.405E+06 40.5966 1.00000
  9.000E+11 9.000E+11 4.605E+00 2.028E+06 2.719E+06 1.677E+06 6.424E+06 6.424E+06 2.421E+06 40.8321 1.00000
  1.000E+12 1.000E+12 4.625E+00 2.254E+06 3.021E+06 1.891E+06 7.166E+06 7.166E+06 2.436E+06 41.0428 1.00000
