 Incident particle is a Muon with M = 105.65839 MeV
 Index = 0: Copper
      Absorber with <Z/A> = 0.45636
 Density effect computed following Fano (1963)
 Models for Radloss: brems =  SSR, pair =  SSR, photonuc = DRSS

 *** Table generated with PUMAS v1.1 ***

      T         p     Ionization  brems     pair     photonuc  Radloss    dE/dx   CSDA Range  delta   beta
    [MeV]    [MeV/c]  -----------------------[MeV cm^2/g]------------------------  [g/cm^2]
  1.000E+00 1.457E+01 3.054E+01 0.000E+00 0.000E+00 0.000E+00 0.000E+00 3.054E+01 1.637E-02  0.0202 0.13661
  1.200E+00 1.597E+01 2.664E+01 0.000E+00 0.000E+00 0.000E+00 0.000E+00 2.664E+01 2.341E-02  0.0206 0.14944
  1.400E+00 1.726E+01 2.372E+01 0.000E+00 0.000E+00 0.000E+00 0.000E+00 2.372E+01 3.138E-02  0.0210 0.16119
  1.700E+00 1.903E+01 2.046E+01 0.000E+00 0.000E+00 0.000E+00 0.000E+00 2.046E+01 4.504E-02  0.0216 0.17725
  2.000E+00 2.066E+01 1.807E+01 0.000E+00 0.000E+00 0.000E+00 0.000E+00 1.807E+01 6.068E-02  0.0223 0.19186
  2.500E+00 2.312E+01 1.522E+01 0.000E+00 0.000E+00 0.000E+00 0.000E+00 1.522E+01 9.097E-02  0.0233 0.21376
  3.000E+00 2.536E+01 1.322E+01 0.000E+00 0.000E+00 0.000E+00 0.000E+00 1.322E+01 1.263E-01  0.0244 0.23336
  3.500E+00 2.742E+01 1.174E+01 0.000E+00 0.000E+00 0.000E+00 0.000E+00 1.174E+01 1.666E-01  0.0255 0.25120
  4.000E+00 2.935E+01 1.059E+01 0.000E+00 0.000E+00 0.000E+00 0.000E+00 1.059E+01 2.115E-01  0.0267 0.26763
  4.500E+00 3.116E+01 9.669E+00 0.000E+00 0.000E+00 0.000E+00 0.000E+00 9.669E+00 2.610E-01  0.0278 0.28290
  5.000E+00 3.289E+01 8.918E+00 0.000E+00 0.000E+00 0.000E+00 0.000E+00 8.918E+00 3.149E-01  0.0289 0.29720
  5.500E+00 3.453E+01 8.291E+00 0.000E+00 0.000E+00 0.000E+00 0.000E+00 8.291E+00 3.731E-01  0.0301 0.31066
  6.000E+00 3.611E+01 7.759E+00 0.000E+00 0.000E+00 0.000E+00 0.000E+00 7.759E+00 4.355E-01  0.0313 0.32339
  7.000E+00 3.909E+01 6.904E+00 0.000E+00 0.000E+00 0.000E+00 0.000E+00 6.904E+00 5.724E-01  0.0337 0.34700
  8.000E+00 4.189E+01 6.246E+00 0.000E+00 0.000E+00 0.000E+00 0.000E+00 6.246E+00 7.249E-01  0.0361 0.36854
  9.000E+00 4.453E+01 5.723E+00 0.000E+00 0.000E+00 0.000E+00 0.000E+00 5.723E+00 8.924E-01  0.0386 0.38836
  1.000E+01 4.704E+01 5.297E+00 0.000E+00 0.000E+00 0.000E+00 0.000E+00 5.297E+00 1.074E+00  0.0412 0.40675
  1.200E+01 5.177E+01 4.643E+00 0.000E+00 0.000E+00 0.000E+00 0.000E+00 4.643E+00 1.479E+00  0.0465 0.43998
  1.400E+01 5.616E+01 4.165E+00 0.000E+00 0.000E+00 0.000E+00 0.000E+00 4.165E+00 1.934E+00  0.0519 0.46937
  1.700E+01 6.230E+01 3.646E+00 0.000E+00 0.000E+00 0.000E+00 0.000E+00 3.646E+00 2.707E+00  0.0603 0.50792
  2.000E+01 6.802E+01 3.276E+00 0.000E+00 0.000E+00 0.000E+00 0.000E+00 3.276E+00 3.577E+00  0.0690 0.54129
  2.500E+01 7.686E+01 2.848E+00 0.000E+00 0.000E+00 0.000E+00 0.000E+00 2.848E+00 5.220E+00  0.0841 0.58827
  3.000E+01 8.509E+01 2.558E+00 0.000E+00 0.000E+00 0.000E+00 0.000E+00 2.558E+00 7.078E+00  0.0996 0.62720
  3.500E+01 9.285E+01 2.349E+00 0.000E+00 0.000E+00 0.000E+00 0.000E+00 2.349E+00 9.121E+00  0.1156 0.66011
  4.000E+01 1.003E+02 2.192E+00 0.000E+00 0.000E+00 0.000E+00 0.000E+00 2.192E+00 1.133E+01  0.1318 0.68834
  4.500E+01 1.074E+02 2.070E+00 0.000E+00 0.000E+00 0.000E+00 0.000E+00 2.070E+00 1.368E+01  0.1482 0.71286
  5.000E+01 1.143E+02 1.973E+00 0.000E+00 0.000E+00 0.000E+00 0.000E+00 1.973E+00 1.615E+01  0.1647 0.73434
  5.500E+01 1.210E+02 1.894E+00 0.000E+00 0.000E+00 0.000E+00 0.000E+00 1.894E+00 1.874E+01  0.1813 0.75332
  6.000E+01 1.276E+02 1.829E+00 0.000E+00 0.000E+00 0.000E+00 0.000E+00 1.829E+00 2.143E+01  0.1978 0.77019
  7.000E+01 1.403E+02 1.728E+00 0.000E+00 0.000E+00 0.000E+00 0.000E+00 1.728E+00 2.706E+01  0.2308 0.79887
  8.000E+01 1.527E+02 1.655E+00 0.000E+00 0.000E+00 0.000E+00 0.000E+00 1.655E+00 3.298E+01  0.2634 0.82227
  9.000E+01 1.647E+02 1.600E+00 0.000E+00 0.000E+00 0.000E+00 0.000E+00 1.600E+00 3.913E+01  0.2955 0.84166
  1.000E+02 1.764E+02 1.558E+00 0.000E+00 0.000E+00 0.000E+00 0.000E+00 1.558E+00 4.547E+01  0.3271 0.85794
  1.200E+02 1.994E+02 1.499E+00 0.000E+00 0.000E+00 0.000E+00 0.000E+00 1.499E+00 5.858E+01  0.3882 0.88361
  1.400E+02 2.218E+02 1.461E+00 0.000E+00 0.000E+00 0.000E+00 0.000E+00 1.461E+00 7.210E+01  0.4468 0.90278
  1.700E+02 2.546E+02 1.428E+00 0.000E+00 0.000E+00 0.000E+00 0.000E+00 1.428E+00 9.289E+01  0.5298 0.92363
  2.000E+02 2.868E+02 1.411E+00 0.000E+00 0.000E+00 0.000E+00 0.000E+00 1.411E+00 1.140E+02  0.6075 0.93835
  2.500E+02 3.396E+02 1.401E+00 0.000E+00 0.000E+00 0.000E+00 0.000E+00 1.401E+00 1.496E+02  0.7269 0.95485
  3.000E+02 3.917E+02 1.401E+00 1.340E-05 8.402E-10 0.000E+00 1.340E-05 1.401E+00 1.853E+02  0.8359 0.96548
  3.500E+02 4.432E+02 1.407E+00 9.270E-05 6.900E-06 0.000E+00 9.960E-05 1.408E+00 2.209E+02  0.9366 0.97274
  4.000E+02 4.945E+02 1.416E+00 1.445E-04 1.368E-05 0.000E+00 1.582E-04 1.416E+00 2.564E+02  1.0303 0.97793
  4.500E+02 5.455E+02 1.426E+00 1.888E-04 2.246E-05 0.000E+00 2.113E-04 1.426E+00 2.915E+02  1.1182 0.98176
  5.000E+02 5.964E+02 1.436E+00 2.303E-04 3.329E-05 0.000E+00 2.636E-04 1.437E+00 3.265E+02  1.2012 0.98467
  5.500E+02 6.471E+02 1.447E+00 2.708E-04 4.611E-05 1.492E-05 3.318E-04 1.447E+00 3.611E+02  1.2798 0.98693
  6.000E+02 6.977E+02 1.457E+00 3.112E-04 6.088E-05 4.982E-05 4.219E-04 1.458E+00 3.956E+02  1.3546 0.98873
  7.000E+02 7.987E+02 1.477E+00 3.934E-04 9.598E-05 1.192E-04 6.086E-04 1.478E+00 4.637E+02  1.4942 0.99136
  8.000E+02 8.995E+02 1.496E+00 4.786E-04 1.381E-04 1.845E-04 8.012E-04 1.496E+00 5.309E+02  1.6222 0.99317
  9.000E+02 1.000E+03 1.513E+00 5.671E-04 1.869E-04 2.468E-04 1.001E-03 1.514E+00 5.974E+02  1.7404 0.99447
  1.000E+03 1.101E+03 1.529E+00 6.592E-04 2.420E-04 3.070E-04 1.208E-03 1.530E+00 6.631E+02  1.8501 0.99542
  1.200E+03 1.301E+03 1.557E+00 8.535E-04 3.693E-04 4.232E-04 1.646E-03 1.559E+00 7.926E+02  2.0483 0.99672
  1.400E+03 1.502E+03 1.582E+00 1.060E-03 5.178E-04 5.354E-04 2.113E-03 1.584E+00 9.199E+02  2.2235 0.99753
  1.700E+03 1.803E+03 1.613E+00 1.391E-03 7.755E-04 6.984E-04 2.865E-03 1.616E+00 1.107E+03  2.4530 0.99829
  2.000E+03 2.103E+03 1.640E+00 1.743E-03 1.070E-03 8.567E-04 3.671E-03 1.644E+00 1.291E+03  2.6522 0.99874
  2.500E+03 2.604E+03 1.677E+00 2.372E-03 1.634E-03 1.112E-03 5.118E-03 1.682E+00 1.592E+03  2.9358 0.99918
  3.000E+03 3.104E+03 1.707E+00 3.044E-03 2.273E-03 1.360E-03 6.677E-03 1.714E+00 1.886E+03  3.1762 0.99942
  3.500E+03 3.604E+03 1.733E+00 3.751E-03 2.979E-03 1.601E-03 8.331E-03 1.741E+00 2.176E+03  3.3861 0.99957
  4.000E+03 4.104E+03 1.754E+00 4.490E-03 3.754E-03 1.836E-03 1.008E-02 1.764E+00 2.461E+03  3.5732 0.99967
  4.500E+03 4.604E+03 1.773E+00 5.257E-03 4.586E-03 2.067E-03 1.191E-02 1.785E+00 2.743E+03  3.7427 0.99974
  5.000E+03 5.105E+03 1.789E+00 6.047E-03 5.465E-03 2.293E-03 1.381E-02 1.803E+00 3.021E+03  3.8980 0.99979
  5.500E+03 5.605E+03 1.804E+00 6.860E-03 6.387E-03 2.516E-03 1.576E-02 1.820E+00 3.297E+03  4.0415 0.99982
  6.000E+03 6.105E+03 1.817E+00 7.693E-03 7.349E-03 2.736E-03 1.778E-02 1.835E+00 3.571E+03  4.1753 0.99985
  7.000E+03 7.105E+03 1.840E+00 9.411E-03 9.377E-03 3.167E-03 2.196E-02 1.862E+00 4.112E+03  4.4183 0.99989
  8.000E+03 8.105E+03 1.860E+00 1.119E-02 1.153E-02 3.589E-03 2.631E-02 1.886E+00 4.645E+03  4.6350 0.99992
  9.000E+03 9.105E+03 1.876E+00 1.303E-02 1.379E-02 4.003E-03 3.082E-02 1.907E+00 5.172E+03  4.8306 0.99993
  1.000E+04 1.011E+04 1.891E+00 1.491E-02 1.615E-02 4.410E-03 3.547E-02 1.926E+00 5.694E+03  5.0088 0.99995
  1.200E+04 1.211E+04 1.915E+00 1.881E-02 2.112E-02 5.207E-03 4.513E-02 1.961E+00 6.723E+03  5.3236 0.99996
  1.400E+04 1.411E+04 1.936E+00 2.284E-02 2.638E-02 5.986E-03 5.520E-02 1.991E+00 7.735E+03  5.5953 0.99997
  1.700E+04 1.711E+04 1.960E+00 2.912E-02 3.470E-02 7.128E-03 7.095E-02 2.031E+00 9.227E+03  5.9432 0.99998
  2.000E+04 2.011E+04 1.980E+00 3.562E-02 4.347E-02 8.245E-03 8.734E-02 2.068E+00 1.069E+04  6.2385 0.99999
  2.500E+04 2.511E+04 2.007E+00 4.687E-02 5.887E-02 1.007E-02 1.158E-01 2.123E+00 1.308E+04  6.6492 0.99999
  3.000E+04 3.011E+04 2.028E+00 5.853E-02 7.505E-02 1.185E-02 1.454E-01 2.173E+00 1.540E+04  6.9887 0.99999
  3.500E+04 3.511E+04 2.045E+00 7.052E-02 9.185E-02 1.361E-02 1.760E-01 2.221E+00 1.768E+04  7.2782 1.00000
  4.000E+04 4.011E+04 2.060E+00 8.279E-02 1.092E-01 1.535E-02 2.073E-01 2.267E+00 1.991E+04  7.5308 1.00000
  4.500E+04 4.511E+04 2.073E+00 9.531E-02 1.269E-01 1.707E-02 2.393E-01 2.312E+00 2.209E+04  7.7550 1.00000
  5.000E+04 5.011E+04 2.084E+00 1.080E-01 1.451E-01 1.878E-02 2.719E-01 2.356E+00 2.423E+04  7.9566 1.00000
  5.500E+04 5.511E+04 2.094E+00 1.210E-01 1.635E-01 2.048E-02 3.050E-01 2.399E+00 2.634E+04  8.1399 1.00000
  6.000E+04 6.011E+04 2.103E+00 1.341E-01 1.823E-01 2.217E-02 3.385E-01 2.441E+00 2.840E+04  8.3078 1.00000
  7.000E+04 7.011E+04 2.119E+00 1.607E-01 2.205E-01 2.554E-02 4.068E-01 2.525E+00 3.243E+04  8.6069 1.00000
  8.000E+04 8.011E+04 2.132E+00 1.878E-01 2.596E-01 2.889E-02 4.763E-01 2.608E+00 3.633E+04  8.8673 1.00000
  9.000E+04 9.011E+04 2.144E+00 2.154E-01 2.994E-01 3.223E-02 5.470E-01 2.691E+00 4.010E+04  9.0980 1.00000
  1.000E+05 1.001E+05 2.154E+00 2.434E-01 3.397E-01 3.557E-02 6.187E-01 2.773E+00 4.376E+04  9.3051 1.00000
  1.200E+05 1.201E+05 2.172E+00 3.003E-01 4.219E-01 4.223E-02 7.644E-01 2.936E+00 5.077E+04  9.6647 1.00000
  1.400E+05 1.401E+05 2.187E+00 3.583E-01 5.056E-01 4.889E-02 9.128E-01 3.099E+00 5.740E+04  9.9698 1.00000
  1.700E+05 1.701E+05 2.205E+00 4.469E-01 6.334E-01 5.889E-02 1.139E+00 3.344E+00 6.671E+04 10.3551 1.00000
  2.000E+05 2.001E+05 2.220E+00 5.372E-01 7.632E-01 6.893E-02 1.369E+00 3.590E+00 7.537E+04 10.6783 1.00000
  2.500E+05 2.501E+05 2.241E+00 6.903E-01 9.831E-01 8.574E-02 1.759E+00 4.000E+00 8.856E+04 11.1228 1.00000
  3.000E+05 3.001E+05 2.258E+00 8.461E-01 1.206E+00 1.027E-01 2.155E+00 4.413E+00 1.005E+05 11.4864 1.00000
  3.500E+05 3.501E+05 2.273E+00 1.004E+00 1.432E+00 1.198E-01 2.555E+00 4.828E+00 1.113E+05 11.7941 1.00000
  4.000E+05 4.001E+05 2.285E+00 1.164E+00 1.659E+00 1.370E-01 2.960E+00 5.245E+00 1.212E+05 12.0607 1.00000
  4.500E+05 4.501E+05 2.296E+00 1.325E+00 1.888E+00 1.543E-01 3.367E+00 5.663E+00 1.304E+05 12.2960 1.00000
  5.000E+05 5.001E+05 2.306E+00 1.487E+00 2.118E+00 1.717E-01 3.777E+00 6.083E+00 1.389E+05 12.5065 1.00000
  5.500E+05 5.501E+05 2.315E+00 1.651E+00 2.349E+00 1.893E-01 4.189E+00 6.504E+00 1.469E+05 12.6970 1.00000
  6.000E+05 6.001E+05 2.324E+00 1.815E+00 2.581E+00 2.069E-01 4.602E+00 6.926E+00 1.543E+05 12.8709 1.00000
  7.000E+05 7.001E+05 2.338E+00 2.146E+00 3.047E+00 2.425E-01 5.435E+00 7.773E+00 1.679E+05 13.1790 1.00000
  8.000E+05 8.001E+05 2.351E+00 2.479E+00 3.515E+00 2.785E-01 6.273E+00 8.624E+00 1.801E+05 13.4459 1.00000
  9.000E+05 9.001E+05 2.362E+00 2.815E+00 3.986E+00 3.149E-01 7.116E+00 9.477E+00 1.912E+05 13.6814 1.00000
  1.000E+06 1.000E+06 2.372E+00 3.153E+00 4.458E+00 3.515E-01 7.962E+00 1.033E+01 2.013E+05 13.8921 1.00000
  1.200E+06 1.200E+06 2.389E+00 3.832E+00 5.405E+00 4.257E-01 9.663E+00 1.205E+01 2.192E+05 14.2566 1.00000
  1.400E+06 1.400E+06 2.404E+00 4.516E+00 6.357E+00 5.010E-01 1.137E+01 1.378E+01 2.347E+05 14.5648 1.00000
  1.700E+06 1.700E+06 2.423E+00 5.549E+00 7.789E+00 6.158E-01 1.395E+01 1.638E+01 2.547E+05 14.9531 1.00000
  2.000E+06 2.000E+06 2.439E+00 6.589E+00 9.226E+00 7.324E-01 1.655E+01 1.899E+01 2.717E+05 15.2781 1.00000
  2.500E+06 2.500E+06 2.461E+00 8.331E+00 1.163E+01 9.303E-01 2.089E+01 2.335E+01 2.954E+05 15.7244 1.00000
  3.000E+06 3.000E+06 2.479E+00 1.008E+01 1.404E+01 1.132E+00 2.525E+01 2.773E+01 3.150E+05 16.0890 1.00000
  3.500E+06 3.500E+06 2.494E+00 1.184E+01 1.645E+01 1.337E+00 2.963E+01 3.213E+01 3.317E+05 16.3973 1.00000
  4.000E+06 4.000E+06 2.508E+00 1.361E+01 1.887E+01 1.546E+00 3.402E+01 3.653E+01 3.463E+05 16.6643 1.00000
  4.500E+06 4.500E+06 2.520E+00 1.537E+01 2.129E+01 1.756E+00 3.843E+01 4.095E+01 3.592E+05 16.8999 1.00000
  5.000E+06 5.000E+06 2.530E+00 1.715E+01 2.372E+01 1.970E+00 4.283E+01 4.536E+01 3.708E+05 17.1106 1.00000
  5.500E+06 5.500E+06 2.540E+00 1.892E+01 2.614E+01 2.185E+00 4.725E+01 4.979E+01 3.814E+05 17.3012 1.00000
  6.000E+06 6.000E+06 2.549E+00 2.070E+01 2.857E+01 2.403E+00 5.167E+01 5.422E+01 3.910E+05 17.4752 1.00000
  7.000E+06 7.000E+06 2.565E+00 2.426E+01 3.343E+01 2.843E+00 6.053E+01 6.310E+01 4.081E+05 17.7835 1.00000
  8.000E+06 8.000E+06 2.579E+00 2.783E+01 3.830E+01 3.291E+00 6.941E+01 7.199E+01 4.229E+05 18.0506 1.00000
  9.000E+06 9.000E+06 2.591E+00 3.140E+01 4.316E+01 3.744E+00 7.831E+01 8.090E+01 4.360E+05 18.2861 1.00000
  1.000E+07 1.000E+07 2.602E+00 3.498E+01 4.803E+01 4.203E+00 8.721E+01 8.981E+01 4.477E+05 18.4969 1.00000
  1.200E+07 1.200E+07 2.621E+00 4.214E+01 5.778E+01 5.135E+00 1.051E+02 1.077E+02 4.680E+05 18.8615 1.00000
  1.400E+07 1.400E+07 2.637E+00 4.932E+01 6.753E+01 6.085E+00 1.229E+02 1.256E+02 4.852E+05 19.1698 1.00000
  1.700E+07 1.700E+07 2.658E+00 6.009E+01 8.217E+01 7.537E+00 1.498E+02 1.525E+02 5.069E+05 19.5581 1.00000
  2.000E+07 2.000E+07 2.676E+00 7.088E+01 9.682E+01 9.018E+00 1.767E+02 1.794E+02 5.250E+05 19.8831 1.00000
  2.500E+07 2.500E+07 2.700E+00 8.888E+01 1.212E+02 1.154E+01 2.217E+02 2.244E+02 5.499E+05 20.3294 1.00000
  3.000E+07 3.000E+07 2.720E+00 1.069E+02 1.457E+02 1.412E+01 2.667E+02 2.694E+02 5.702E+05 20.6941 1.00000
  3.500E+07 3.500E+07 2.737E+00 1.249E+02 1.701E+02 1.675E+01 3.118E+02 3.145E+02 5.873E+05 21.0024 1.00000
  4.000E+07 4.000E+07 2.752E+00 1.430E+02 1.946E+02 1.943E+01 3.569E+02 3.597E+02 6.022E+05 21.2694 1.00000
  4.500E+07 4.500E+07 2.765E+00 1.610E+02 2.190E+02 2.214E+01 4.022E+02 4.049E+02 6.153E+05 21.5050 1.00000
  5.000E+07 5.000E+07 2.777E+00 1.790E+02 2.435E+02 2.488E+01 4.474E+02 4.502E+02 6.270E+05 21.7157 1.00000
  5.500E+07 5.500E+07 2.788E+00 1.971E+02 2.679E+02 2.766E+01 4.927E+02 4.955E+02 6.376E+05 21.9063 1.00000
  6.000E+07 6.000E+07 2.798E+00 2.151E+02 2.924E+02 3.047E+01 5.380E+02 5.408E+02 6.472E+05 22.0804 1.00000
  7.000E+07 7.000E+07 2.815E+00 2.513E+02 3.413E+02 3.617E+01 6.288E+02 6.316E+02 6.643E+05 22.3887 1.00000
  8.000E+07 8.000E+07 2.831E+00 2.874E+02 3.903E+02 4.196E+01 7.196E+02 7.225E+02 6.791E+05 22.6557 1.00000
  9.000E+07 9.000E+07 2.844E+00 3.235E+02 4.392E+02 4.784E+01 8.106E+02 8.134E+02 6.922E+05 22.8913 1.00000
  1.000E+08 1.000E+08 2.856E+00 3.597E+02 4.882E+02 5.379E+01 9.016E+02 9.045E+02 7.038E+05 23.1020 1.00000
  1.200E+08 1.200E+08 2.878E+00 4.320E+02 5.861E+02 6.591E+01 1.084E+03 1.087E+03 7.240E+05 23.4666 1.00000
  1.400E+08 1.400E+08 2.896E+00 5.043E+02 6.840E+02 7.826E+01 1.267E+03 1.269E+03 7.410E+05 23.7749 1.00000
  1.700E+08 1.700E+08 2.919E+00 6.128E+02 8.308E+02 9.719E+01 1.541E+03 1.544E+03 7.624E+05 24.1633 1.00000
  2.000E+08 2.000E+08 2.939E+00 7.213E+02 9.777E+02 1.165E+02 1.816E+03 1.818E+03 7.803E+05 24.4883 1.00000
  2.500E+08 2.500E+08 2.966E+00 9.021E+02 1.223E+03 1.495E+02 2.274E+03 2.277E+03 8.048E+05 24.9346 1.00000
  3.000E+08 3.000E+08 2.988E+00 1.083E+03 1.467E+03 1.833E+02 2.734E+03 2.737E+03 8.248E+05 25.2992 1.00000
  3.500E+08 3.500E+08 3.007E+00 1.264E+03 1.712E+03 2.177E+02 3.194E+03 3.197E+03 8.417E+05 25.6075 1.00000
  4.000E+08 4.000E+08 3.024E+00 1.445E+03 1.957E+03 2.528E+02 3.655E+03 3.658E+03 8.563E+05 25.8746 1.00000
  4.500E+08 4.500E+08 3.038E+00 1.626E+03 2.202E+03 2.884E+02 4.116E+03 4.119E+03 8.692E+05 26.1101 1.00000
  5.000E+08 5.000E+08 3.052E+00 1.806E+03 2.447E+03 3.245E+02 4.578E+03 4.581E+03 8.807E+05 26.3209 1.00000
  5.500E+08 5.500E+08 3.064E+00 1.987E+03 2.692E+03 3.610E+02 5.040E+03 5.043E+03 8.911E+05 26.5115 1.00000
  6.000E+08 6.000E+08 3.075E+00 2.168E+03 2.937E+03 3.980E+02 5.503E+03 5.506E+03 9.005E+05 26.6855 1.00000
  7.000E+08 7.000E+08 3.094E+00 2.530E+03 3.426E+03 4.730E+02 6.429E+03 6.433E+03 9.173E+05 26.9938 1.00000
  8.000E+08 8.000E+08 3.111E+00 2.892E+03 3.916E+03 5.493E+02 7.357E+03 7.360E+03 9.319E+05 27.2609 1.00000
  9.000E+08 9.000E+08 3.127E+00 3.254E+03 4.406E+03 6.268E+02 8.286E+03 8.290E+03 9.447E+05 27.4963 1.00000
  1.000E+09 1.000E+09 3.140E+00 3.616E+03 4.896E+03 7.054E+02 9.217E+03 9.220E+03 9.561E+05 27.7070 1.00000
  1.200E+09 1.200E+09 3.164E+00 4.339E+03 5.875E+03 8.655E+02 1.108E+04 1.108E+04 9.759E+05 28.0717 1.00000
  1.400E+09 1.400E+09 3.185E+00 5.063E+03 6.855E+03 1.029E+03 1.295E+04 1.295E+04 9.925E+05 28.3796 1.00000
  1.700E+09 1.700E+09 3.210E+00 6.148E+03 8.324E+03 1.279E+03 1.575E+04 1.576E+04 1.014E+06 28.7679 1.00000
  2.000E+09 2.000E+09 3.232E+00 7.234E+03 9.794E+03 1.536E+03 1.856E+04 1.857E+04 1.031E+06 29.0914 1.00000
  2.500E+09 2.500E+09 3.263E+00 9.043E+03 1.224E+04 1.973E+03 2.326E+04 2.326E+04 1.055E+06 29.5377 1.00000
  3.000E+09 3.000E+09 3.288E+00 1.085E+04 1.469E+04 2.422E+03 2.797E+04 2.797E+04 1.075E+06 29.8959 1.00000
  3.500E+09 3.500E+09 3.309E+00 1.266E+04 1.714E+04 2.881E+03 3.268E+04 3.269E+04 1.091E+06 30.2042 1.00000
  4.000E+09 4.000E+09 3.328E+00 1.447E+04 1.959E+04 3.348E+03 3.741E+04 3.741E+04 1.105E+06 30.4712 1.00000
  4.500E+09 4.500E+09 3.346E+00 1.628E+04 2.204E+04 3.822E+03 4.214E+04 4.214E+04 1.118E+06 30.6776 1.00000
  5.000E+09 5.000E+09 3.361E+00 1.809E+04 2.449E+04 4.304E+03 4.688E+04 4.688E+04 1.129E+06 30.8884 1.00000
  5.500E+09 5.500E+09 3.375E+00 1.990E+04 2.694E+04 4.791E+03 5.163E+04 5.163E+04 1.139E+06 31.0790 1.00000
  6.000E+09 6.000E+09 3.387E+00 2.171E+04 2.939E+04 5.285E+03 5.638E+04 5.638E+04 1.149E+06 31.2530 1.00000
  7.000E+09 7.000E+09 3.409E+00 2.533E+04 3.428E+04 6.287E+03 6.590E+04 6.590E+04 1.165E+06 31.5613 1.00000
  8.000E+09 8.000E+09 3.439E+00 2.894E+04 3.918E+04 7.309E+03 7.543E+04 7.544E+04 1.179E+06 31.6729 1.00000
  9.000E+09 9.000E+09 3.456E+00 3.256E+04 4.408E+04 8.347E+03 8.499E+04 8.499E+04 1.192E+06 31.9085 1.00000
  1.000E+10 1.000E+10 3.471E+00 3.618E+04 4.898E+04 9.400E+03 9.456E+04 9.456E+04 1.203E+06 32.1192 1.00000
  1.200E+10 1.200E+10 3.498E+00 4.342E+04 5.877E+04 1.155E+04 1.137E+05 1.137E+05 1.222E+06 32.4838 1.00000
  1.400E+10 1.400E+10 3.521E+00 5.065E+04 6.857E+04 1.374E+04 1.330E+05 1.330E+05 1.238E+06 32.7921 1.00000
  1.700E+10 1.700E+10 3.550E+00 6.151E+04 8.326E+04 1.711E+04 1.619E+05 1.619E+05 1.259E+06 33.1804 1.00000
  2.000E+10 2.000E+10 3.574E+00 7.236E+04 9.796E+04 2.056E+04 1.909E+05 1.909E+05 1.276E+06 33.5055 1.00000
  2.500E+10 2.500E+10 3.608E+00 9.045E+04 1.224E+05 2.646E+04 2.394E+05 2.394E+05 1.299E+06 33.9518 1.00000
  3.000E+10 3.000E+10 3.636E+00 1.085E+05 1.469E+05 3.253E+04 2.880E+05 2.880E+05 1.318E+06 34.3164 1.00000
  3.500E+10 3.500E+10 3.660E+00 1.266E+05 1.714E+05 3.873E+04 3.368E+05 3.368E+05 1.334E+06 34.6247 1.00000
  4.000E+10 4.000E+10 3.680E+00 1.447E+05 1.959E+05 4.505E+04 3.857E+05 3.857E+05 1.348E+06 34.8918 1.00000
  4.500E+10 4.500E+10 3.699E+00 1.628E+05 2.204E+05 5.148E+04 4.347E+05 4.347E+05 1.360E+06 35.1273 1.00000
  5.000E+10 5.000E+10 3.715E+00 1.809E+05 2.449E+05 5.801E+04 4.838E+05 4.838E+05 1.371E+06 35.3381 1.00000
  5.500E+10 5.500E+10 3.730E+00 1.990E+05 2.694E+05 6.463E+04 5.330E+05 5.330E+05 1.381E+06 35.5287 1.00000
  6.000E+10 6.000E+10 3.744E+00 2.171E+05 2.939E+05 7.133E+04 5.823E+05 5.823E+05 1.390E+06 35.7027 1.00000
  7.000E+10 7.000E+10 3.769E+00 2.533E+05 3.429E+05 8.495E+04 6.811E+05 6.811E+05 1.406E+06 36.0110 1.00000
  8.000E+10 8.000E+10 3.790E+00 2.895E+05 3.918E+05 9.885E+04 7.802E+05 7.802E+05 1.420E+06 36.2781 1.00000
  9.000E+10 9.000E+10 3.809E+00 3.256E+05 4.408E+05 1.130E+05 8.795E+05 8.795E+05 1.432E+06 36.5136 1.00000
  1.000E+11 1.000E+11 3.826E+00 3.618E+05 4.898E+05 1.274E+05 9.790E+05 9.790E+05 1.442E+06 36.7244 1.00000
  1.200E+11 1.200E+11 3.856E+00 4.342E+05 5.877E+05 1.567E+05 1.179E+06 1.179E+06 1.461E+06 37.0890 1.00000
  1.400E+11 1.400E+11 3.882E+00 5.066E+05 6.857E+05 1.867E+05 1.379E+06 1.379E+06 1.477E+06 37.3973 1.00000
  1.700E+11 1.700E+11 3.914E+00 6.151E+05 8.326E+05 2.328E+05 1.681E+06 1.681E+06 1.496E+06 37.7856 1.00000
  2.000E+11 2.000E+11 3.941E+00 7.237E+05 9.796E+05 2.801E+05 1.983E+06 1.983E+06 1.513E+06 38.1107 1.00000
  2.500E+11 2.500E+11 3.979E+00 9.046E+05 1.224E+06 3.611E+05 2.490E+06 2.490E+06 1.535E+06 38.5569 1.00000
  3.000E+11 3.000E+11 4.010E+00 1.085E+06 1.469E+06 4.444E+05 2.999E+06 2.999E+06 1.554E+06 38.9216 1.00000
  3.500E+11 3.500E+11 4.037E+00 1.266E+06 1.714E+06 5.298E+05 3.510E+06 3.510E+06 1.569E+06 39.2299 1.00000
  4.000E+11 4.000E+11 4.060E+00 1.447E+06 1.959E+06 6.170E+05 4.023E+06 4.023E+06 1.582E+06 39.4970 1.00000
  4.500E+11 4.500E+11 4.080E+00 1.628E+06 2.204E+06 7.057E+05 4.538E+06 4.538E+06 1.594E+06 39.7325 1.00000
  5.000E+11 5.000E+11 4.099E+00 1.809E+06 2.449E+06 7.959E+05 5.054E+06 5.054E+06 1.604E+06 39.9432 1.00000
  5.500E+11 5.500E+11 4.116E+00 1.990E+06 2.694E+06 8.874E+05 5.571E+06 5.571E+06 1.614E+06 40.1339 1.00000
  6.000E+11 6.000E+11 4.131E+00 2.171E+06 2.939E+06 9.801E+05 6.090E+06 6.090E+06 1.622E+06 40.3079 1.00000
  7.000E+11 7.000E+11 4.158E+00 2.533E+06 3.428E+06 1.169E+06 7.130E+06 7.130E+06 1.638E+06 40.6162 1.00000
  8.000E+11 8.000E+11 4.182E+00 2.895E+06 3.918E+06 1.362E+06 8.174E+06 8.174E+06 1.651E+06 40.8832 1.00000
  9.000E+11 9.000E+11 4.204E+00 3.256E+06 4.408E+06 1.558E+06 9.222E+06 9.222E+06 1.662E+06 41.1188 1.00000
  1.000E+12 1.000E+12 4.223E+00 3.618E+06 4.898E+06 1.758E+06 1.027E+07 1.027E+07 1.672E+06 41.3295 1.00000
