 Incident particle is a Muon with M = 105.65839 MeV
 Index = 0: CorticalBone
      Absorber with <Z/A> = 0.52131
 Density effect computed following Fano (1963)
 Models for Radloss: brems =  SSR, pair =  SSR, photonuc = DRSS

 *** Table generated with PUMAS v1.1 ***

      T         p     Ionization  brems     pair     photonuc  Radloss    dE/dx   CSDA Range  delta   beta
    [MeV]    [MeV/c]  -----------------------[MeV cm^2/g]------------------------  [g/cm^2]
  1.000E+00 1.457E+01 4.447E+01 0.000E+00 0.000E+00 0.000E+00 0.000E+00 4.447E+01 1.124E-02  0.0000 0.13661
  1.200E+00 1.597E+01 3.845E+01 0.000E+00 0.000E+00 0.000E+00 0.000E+00 3.845E+01 1.610E-02  0.0000 0.14944
  1.400E+00 1.726E+01 3.398E+01 0.000E+00 0.000E+00 0.000E+00 0.000E+00 3.398E+01 2.164E-02  0.0000 0.16119
  1.700E+00 1.903E+01 2.907E+01 0.000E+00 0.000E+00 0.000E+00 0.000E+00 2.907E+01 3.122E-02  0.0000 0.17725
  2.000E+00 2.066E+01 2.550E+01 0.000E+00 0.000E+00 0.000E+00 0.000E+00 2.550E+01 4.227E-02  0.0000 0.19186
  2.500E+00 2.312E+01 2.130E+01 0.000E+00 0.000E+00 0.000E+00 0.000E+00 2.130E+01 6.382E-02  0.0000 0.21376
  3.000E+00 2.536E+01 1.839E+01 0.000E+00 0.000E+00 0.000E+00 0.000E+00 1.839E+01 8.916E-02  0.0000 0.23336
  3.500E+00 2.742E+01 1.625E+01 0.000E+00 0.000E+00 0.000E+00 0.000E+00 1.625E+01 1.182E-01  0.0000 0.25120
  4.000E+00 2.935E+01 1.460E+01 0.000E+00 0.000E+00 0.000E+00 0.000E+00 1.460E+01 1.507E-01  0.0000 0.26763
  4.500E+00 3.116E+01 1.329E+01 0.000E+00 0.000E+00 0.000E+00 0.000E+00 1.329E+01 1.866E-01  0.0000 0.28290
  5.000E+00 3.289E+01 1.222E+01 0.000E+00 0.000E+00 0.000E+00 0.000E+00 1.222E+01 2.259E-01  0.0000 0.29720
  5.500E+00 3.453E+01 1.133E+01 0.000E+00 0.000E+00 0.000E+00 0.000E+00 1.133E+01 2.684E-01  0.0000 0.31066
  6.000E+00 3.611E+01 1.058E+01 0.000E+00 0.000E+00 0.000E+00 0.000E+00 1.058E+01 3.141E-01  0.0000 0.32339
  7.000E+00 3.909E+01 9.381E+00 0.000E+00 0.000E+00 0.000E+00 0.000E+00 9.381E+00 4.147E-01  0.0000 0.34700
  8.000E+00 4.189E+01 8.461E+00 0.000E+00 0.000E+00 0.000E+00 0.000E+00 8.461E+00 5.272E-01  0.0000 0.36854
  9.000E+00 4.453E+01 7.733E+00 0.000E+00 0.000E+00 0.000E+00 0.000E+00 7.733E+00 6.509E-01  0.0000 0.38836
  1.000E+01 4.704E+01 7.142E+00 0.000E+00 0.000E+00 0.000E+00 0.000E+00 7.142E+00 7.856E-01  0.0000 0.40675
  1.200E+01 5.177E+01 6.239E+00 0.000E+00 0.000E+00 0.000E+00 0.000E+00 6.239E+00 1.086E+00  0.0000 0.43998
  1.400E+01 5.616E+01 5.581E+00 0.000E+00 0.000E+00 0.000E+00 0.000E+00 5.581E+00 1.426E+00  0.0000 0.46937
  1.700E+01 6.230E+01 4.871E+00 0.000E+00 0.000E+00 0.000E+00 0.000E+00 4.871E+00 2.003E+00  0.0000 0.50792
  2.000E+01 6.802E+01 4.366E+00 0.000E+00 0.000E+00 0.000E+00 0.000E+00 4.366E+00 2.655E+00  0.0000 0.54129
  2.500E+01 7.686E+01 3.785E+00 3.092E-10 0.000E+00 0.000E+00 3.092E-10 3.785E+00 3.890E+00  0.0000 0.58827
  3.000E+01 8.509E+01 3.393E+00 4.532E-08 0.000E+00 0.000E+00 4.532E-08 3.393E+00 5.290E+00  0.0000 0.62720
  3.500E+01 9.285E+01 3.112E+00 5.293E-08 0.000E+00 0.000E+00 5.293E-08 3.112E+00 6.831E+00  0.0008 0.66011
  4.000E+01 1.003E+02 2.900E+00 5.668E-08 0.000E+00 0.000E+00 5.668E-08 2.900E+00 8.498E+00  0.0030 0.68834
  4.500E+01 1.074E+02 2.736E+00 6.056E-08 0.000E+00 0.000E+00 6.056E-08 2.736E+00 1.027E+01  0.0066 0.71286
  5.000E+01 1.143E+02 2.605E+00 6.455E-08 0.000E+00 0.000E+00 6.455E-08 2.605E+00 1.215E+01  0.0114 0.73434
  5.500E+01 1.210E+02 2.499E+00 6.867E-08 0.000E+00 0.000E+00 6.867E-08 2.499E+00 1.411E+01  0.0173 0.75332
  6.000E+01 1.276E+02 2.411E+00 7.290E-08 0.000E+00 0.000E+00 7.290E-08 2.411E+00 1.615E+01  0.0242 0.77019
  7.000E+01 1.403E+02 2.276E+00 8.173E-08 0.000E+00 0.000E+00 8.173E-08 2.276E+00 2.042E+01  0.0405 0.79887
  8.000E+01 1.527E+02 2.177E+00 9.104E-08 0.000E+00 0.000E+00 9.104E-08 2.177E+00 2.492E+01  0.0598 0.82227
  9.000E+01 1.647E+02 2.102E+00 1.008E-07 0.000E+00 0.000E+00 1.008E-07 2.102E+00 2.960E+01  0.0812 0.84166
  1.000E+02 1.764E+02 2.044E+00 1.111E-07 0.000E+00 0.000E+00 1.111E-07 2.044E+00 3.443E+01  0.1044 0.85794
  1.200E+02 1.994E+02 1.963E+00 1.330E-07 0.000E+00 0.000E+00 1.330E-07 1.963E+00 4.442E+01  0.1545 0.88361
  1.400E+02 2.218E+02 1.910E+00 8.539E-07 0.000E+00 0.000E+00 8.539E-07 1.910E+00 5.476E+01  0.2077 0.90278
  1.700E+02 2.546E+02 1.862E+00 6.966E-06 6.534E-10 0.000E+00 6.967E-06 1.862E+00 7.069E+01  0.2902 0.92363
  2.000E+02 2.868E+02 1.835E+00 1.288E-05 6.023E-09 0.000E+00 1.289E-05 1.835E+00 8.693E+01  0.3733 0.93835
  2.500E+02 3.396E+02 1.813E+00 2.412E-05 1.063E-07 0.000E+00 2.422E-05 1.813E+00 1.144E+02  0.5094 0.95485
  3.000E+02 3.917E+02 1.808E+00 4.615E-05 1.124E-06 0.000E+00 4.728E-05 1.808E+00 1.420E+02  0.6394 0.96548
  3.500E+02 4.432E+02 1.810E+00 6.249E-05 2.990E-06 0.000E+00 6.548E-05 1.810E+00 1.696E+02  0.7624 0.97274
  4.000E+02 4.945E+02 1.816E+00 7.774E-05 5.720E-06 0.000E+00 8.346E-05 1.816E+00 1.972E+02  0.8782 0.97793
  4.500E+02 5.455E+02 1.824E+00 9.292E-05 9.301E-06 0.000E+00 1.022E-04 1.824E+00 2.247E+02  0.9871 0.98176
  5.000E+02 5.964E+02 1.833E+00 1.084E-04 1.371E-05 0.000E+00 1.221E-04 1.833E+00 2.521E+02  1.0898 0.98467
  5.500E+02 6.471E+02 1.842E+00 1.243E-04 1.893E-05 1.538E-05 1.586E-04 1.843E+00 2.793E+02  1.1866 0.98693
  6.000E+02 6.977E+02 1.852E+00 1.407E-04 2.493E-05 5.122E-05 2.168E-04 1.852E+00 3.063E+02  1.2782 0.98873
  7.000E+02 7.987E+02 1.871E+00 1.749E-04 3.918E-05 1.226E-04 3.367E-04 1.872E+00 3.600E+02  1.4476 0.99136
  8.000E+02 8.995E+02 1.890E+00 2.112E-04 5.628E-05 1.899E-04 4.574E-04 1.890E+00 4.132E+02  1.6013 0.99317
  9.000E+02 1.000E+03 1.907E+00 2.493E-04 7.606E-05 2.544E-04 5.798E-04 1.908E+00 4.658E+02  1.7419 0.99447
  1.000E+03 1.101E+03 1.923E+00 2.893E-04 9.835E-05 3.169E-04 7.045E-04 1.924E+00 5.180E+02  1.8715 0.99542
  1.200E+03 1.301E+03 1.952E+00 3.740E-04 1.499E-04 4.377E-04 9.616E-04 1.953E+00 6.212E+02  2.1044 0.99672
  1.400E+03 1.502E+03 1.978E+00 4.645E-04 2.100E-04 5.549E-04 1.229E-03 1.979E+00 7.229E+02  2.3094 0.99753
  1.700E+03 1.803E+03 2.011E+00 6.098E-04 3.143E-04 7.258E-04 1.650E-03 2.012E+00 8.732E+02  2.5784 0.99829
  2.000E+03 2.103E+03 2.038E+00 7.649E-04 4.337E-04 8.923E-04 2.091E-03 2.041E+00 1.021E+03  2.8128 0.99874
  2.500E+03 2.604E+03 2.076E+00 1.042E-03 6.616E-04 1.162E-03 2.866E-03 2.079E+00 1.264E+03  3.1487 0.99918
  3.000E+03 3.104E+03 2.107E+00 1.338E-03 9.206E-04 1.425E-03 3.683E-03 2.111E+00 1.502E+03  3.4353 0.99942
  3.500E+03 3.604E+03 2.133E+00 1.650E-03 1.206E-03 1.681E-03 4.538E-03 2.137E+00 1.738E+03  3.6861 0.99957
  4.000E+03 4.104E+03 2.154E+00 1.977E-03 1.530E-03 1.933E-03 5.439E-03 2.160E+00 1.971E+03  3.9093 0.99967
  4.500E+03 4.604E+03 2.173E+00 2.315E-03 1.880E-03 2.180E-03 6.375E-03 2.180E+00 2.201E+03  4.1105 0.99974
  5.000E+03 5.105E+03 2.190E+00 2.665E-03 2.252E-03 2.423E-03 7.339E-03 2.197E+00 2.429E+03  4.2937 0.99979
  5.500E+03 5.605E+03 2.205E+00 3.025E-03 2.642E-03 2.662E-03 8.329E-03 2.213E+00 2.656E+03  4.4619 0.99982
  6.000E+03 6.105E+03 2.218E+00 3.393E-03 3.049E-03 2.899E-03 9.341E-03 2.227E+00 2.881E+03  4.6172 0.99985
  7.000E+03 7.105E+03 2.241E+00 4.155E-03 3.910E-03 3.365E-03 1.143E-02 2.253E+00 3.328E+03  4.8962 0.99989
  8.000E+03 8.105E+03 2.261E+00 4.945E-03 4.825E-03 3.821E-03 1.359E-02 2.275E+00 3.769E+03  5.1415 0.99992
  9.000E+03 9.105E+03 2.278E+00 5.759E-03 5.789E-03 4.270E-03 1.582E-02 2.294E+00 4.207E+03  5.3601 0.99993
  1.000E+04 1.011E+04 2.293E+00 6.595E-03 6.795E-03 4.713E-03 1.810E-02 2.312E+00 4.641E+03  5.5574 0.99995
  1.200E+04 1.211E+04 2.319E+00 8.325E-03 8.920E-03 5.582E-03 2.283E-02 2.342E+00 5.501E+03  5.9018 0.99996
  1.400E+04 1.411E+04 2.340E+00 1.012E-02 1.117E-02 6.434E-03 2.773E-02 2.368E+00 6.350E+03  6.1957 0.99997
  1.700E+04 1.711E+04 2.366E+00 1.292E-02 1.475E-02 7.686E-03 3.536E-02 2.402E+00 7.608E+03  6.5687 0.99998
  2.000E+04 2.011E+04 2.388E+00 1.582E-02 1.853E-02 8.916E-03 4.326E-02 2.431E+00 8.849E+03  6.8831 0.99999
  2.500E+04 2.511E+04 2.416E+00 2.083E-02 2.519E-02 1.093E-02 5.694E-02 2.473E+00 1.089E+04  7.3176 0.99999
  3.000E+04 3.011E+04 2.439E+00 2.604E-02 3.220E-02 1.290E-02 7.114E-02 2.510E+00 1.289E+04  7.6746 0.99999
  3.500E+04 3.511E+04 2.458E+00 3.140E-02 3.951E-02 1.486E-02 8.577E-02 2.543E+00 1.487E+04  7.9777 1.00000
  4.000E+04 4.011E+04 2.474E+00 3.689E-02 4.706E-02 1.679E-02 1.007E-01 2.574E+00 1.683E+04  8.2410 1.00000
  4.500E+04 4.511E+04 2.487E+00 4.249E-02 5.482E-02 1.871E-02 1.160E-01 2.603E+00 1.876E+04  8.4738 1.00000
  5.000E+04 5.011E+04 2.500E+00 4.820E-02 6.276E-02 2.062E-02 1.316E-01 2.631E+00 2.067E+04  8.6825 1.00000
  5.500E+04 5.511E+04 2.511E+00 5.399E-02 7.085E-02 2.252E-02 1.474E-01 2.658E+00 2.256E+04  8.8714 1.00000
  6.000E+04 6.011E+04 2.521E+00 5.986E-02 7.908E-02 2.442E-02 1.634E-01 2.684E+00 2.443E+04  9.0442 1.00000
  7.000E+04 7.011E+04 2.538E+00 7.181E-02 9.590E-02 2.819E-02 1.959E-01 2.734E+00 2.812E+04  9.3506 1.00000
  8.000E+04 8.011E+04 2.553E+00 8.401E-02 1.131E-01 3.196E-02 2.291E-01 2.782E+00 3.175E+04  9.6163 1.00000
  9.000E+04 9.011E+04 2.566E+00 9.642E-02 1.307E-01 3.571E-02 2.628E-01 2.829E+00 3.531E+04  9.8509 1.00000
  1.000E+05 1.001E+05 2.577E+00 1.090E-01 1.485E-01 3.946E-02 2.970E-01 2.874E+00 3.882E+04 10.0609 1.00000
  1.200E+05 1.201E+05 2.597E+00 1.347E-01 1.850E-01 4.697E-02 3.666E-01 2.964E+00 4.567E+04 10.4245 1.00000
  1.400E+05 1.401E+05 2.614E+00 1.608E-01 2.222E-01 5.448E-02 4.375E-01 3.052E+00 5.232E+04 10.7322 1.00000
  1.700E+05 1.701E+05 2.635E+00 2.009E-01 2.792E-01 6.579E-02 5.458E-01 3.181E+00 6.195E+04 11.1199 1.00000
  2.000E+05 2.001E+05 2.652E+00 2.417E-01 3.372E-01 7.714E-02 6.560E-01 3.308E+00 7.120E+04 11.4445 1.00000
  2.500E+05 2.501E+05 2.676E+00 3.111E-01 4.357E-01 9.620E-02 8.430E-01 3.519E+00 8.585E+04 11.8904 1.00000
  3.000E+05 3.001E+05 2.696E+00 3.818E-01 5.359E-01 1.154E-01 1.033E+00 3.729E+00 9.965E+04 12.2548 1.00000
  3.500E+05 3.501E+05 2.712E+00 4.536E-01 6.374E-01 1.348E-01 1.226E+00 3.938E+00 1.127E+05 12.5630 1.00000
  4.000E+05 4.001E+05 2.726E+00 5.262E-01 7.398E-01 1.543E-01 1.420E+00 4.147E+00 1.251E+05 12.8299 1.00000
  4.500E+05 4.501E+05 2.739E+00 5.996E-01 8.431E-01 1.740E-01 1.617E+00 4.356E+00 1.368E+05 13.0654 1.00000
  5.000E+05 5.001E+05 2.750E+00 6.736E-01 9.470E-01 1.938E-01 1.814E+00 4.565E+00 1.480E+05 13.2760 1.00000
  5.500E+05 5.501E+05 2.760E+00 7.481E-01 1.052E+00 2.138E-01 2.013E+00 4.774E+00 1.588E+05 13.4666 1.00000
  6.000E+05 6.001E+05 2.770E+00 8.231E-01 1.157E+00 2.338E-01 2.213E+00 4.983E+00 1.690E+05 13.6406 1.00000
  7.000E+05 7.001E+05 2.786E+00 9.743E-01 1.368E+00 2.744E-01 2.616E+00 5.403E+00 1.883E+05 13.9488 1.00000
  8.000E+05 8.001E+05 2.801E+00 1.127E+00 1.580E+00 3.153E-01 3.022E+00 5.823E+00 2.061E+05 14.2158 1.00000
  9.000E+05 9.001E+05 2.814E+00 1.281E+00 1.794E+00 3.567E-01 3.431E+00 6.245E+00 2.227E+05 14.4514 1.00000
  1.000E+06 1.000E+06 2.825E+00 1.435E+00 2.008E+00 3.984E-01 3.842E+00 6.667E+00 2.382E+05 14.6620 1.00000
  1.200E+06 1.200E+06 2.845E+00 1.747E+00 2.439E+00 4.830E-01 4.669E+00 7.515E+00 2.664E+05 15.0267 1.00000
  1.400E+06 1.400E+06 2.862E+00 2.061E+00 2.873E+00 5.688E-01 5.503E+00 8.365E+00 2.916E+05 15.3349 1.00000
  1.700E+06 1.700E+06 2.884E+00 2.536E+00 3.525E+00 6.995E-01 6.761E+00 9.645E+00 3.250E+05 15.7232 1.00000
  2.000E+06 2.000E+06 2.902E+00 3.015E+00 4.181E+00 8.324E-01 8.028E+00 1.093E+01 3.542E+05 16.0482 1.00000
  2.500E+06 2.500E+06 2.927E+00 3.818E+00 5.278E+00 1.058E+00 1.015E+01 1.308E+01 3.960E+05 16.4945 1.00000
  3.000E+06 3.000E+06 2.947E+00 4.627E+00 6.379E+00 1.288E+00 1.229E+01 1.524E+01 4.314E+05 16.8591 1.00000
  3.500E+06 3.500E+06 2.965E+00 5.439E+00 7.482E+00 1.522E+00 1.444E+01 1.741E+01 4.620E+05 17.1674 1.00000
  4.000E+06 4.000E+06 2.980E+00 6.255E+00 8.588E+00 1.760E+00 1.660E+01 1.958E+01 4.891E+05 17.4345 1.00000
  4.500E+06 4.500E+06 2.994E+00 7.073E+00 9.696E+00 2.000E+00 1.877E+01 2.176E+01 5.133E+05 17.6700 1.00000
  5.000E+06 5.000E+06 3.006E+00 7.893E+00 1.080E+01 2.243E+00 2.094E+01 2.395E+01 5.352E+05 17.8807 1.00000
  5.500E+06 5.500E+06 3.017E+00 8.715E+00 1.191E+01 2.489E+00 2.312E+01 2.614E+01 5.552E+05 18.0714 1.00000
  6.000E+06 6.000E+06 3.027E+00 9.538E+00 1.303E+01 2.737E+00 2.530E+01 2.833E+01 5.735E+05 18.2454 1.00000
  7.000E+06 7.000E+06 3.045E+00 1.119E+01 1.525E+01 3.240E+00 2.968E+01 3.272E+01 6.064E+05 18.5537 1.00000
  8.000E+06 8.000E+06 3.061E+00 1.284E+01 1.748E+01 3.751E+00 3.407E+01 3.713E+01 6.350E+05 18.8207 1.00000
  9.000E+06 9.000E+06 3.075E+00 1.450E+01 1.971E+01 4.268E+00 3.847E+01 4.155E+01 6.605E+05 19.0563 1.00000
  1.000E+07 1.000E+07 3.088E+00 1.616E+01 2.194E+01 4.792E+00 4.289E+01 4.598E+01 6.834E+05 19.2670 1.00000
  1.200E+07 1.200E+07 3.110E+00 1.949E+01 2.640E+01 5.856E+00 5.174E+01 5.485E+01 7.232E+05 19.6316 1.00000
  1.400E+07 1.400E+07 3.128E+00 2.282E+01 3.087E+01 6.940E+00 6.063E+01 6.376E+01 7.569E+05 19.9399 1.00000
  1.700E+07 1.700E+07 3.152E+00 2.783E+01 3.758E+01 8.597E+00 7.400E+01 7.715E+01 7.997E+05 20.3283 1.00000
  2.000E+07 2.000E+07 3.172E+00 3.284E+01 4.429E+01 1.029E+01 8.742E+01 9.059E+01 8.355E+05 20.6533 1.00000
  2.500E+07 2.500E+07 3.200E+00 4.122E+01 5.548E+01 1.317E+01 1.099E+02 1.131E+02 8.848E+05 21.0996 1.00000
  3.000E+07 3.000E+07 3.223E+00 4.960E+01 6.668E+01 1.611E+01 1.324E+02 1.356E+02 9.252E+05 21.4642 1.00000
  3.500E+07 3.500E+07 3.242E+00 5.799E+01 7.789E+01 1.911E+01 1.550E+02 1.582E+02 9.593E+05 21.7725 1.00000
  4.000E+07 4.000E+07 3.259E+00 6.638E+01 8.909E+01 2.217E+01 1.776E+02 1.809E+02 9.888E+05 22.0396 1.00000
  4.500E+07 4.500E+07 3.274E+00 7.478E+01 1.003E+02 2.526E+01 2.003E+02 2.036E+02 1.015E+06 22.2751 1.00000
  5.000E+07 5.000E+07 3.288E+00 8.319E+01 1.115E+02 2.840E+01 2.231E+02 2.264E+02 1.038E+06 22.4859 1.00000
  5.500E+07 5.500E+07 3.300E+00 9.160E+01 1.227E+02 3.157E+01 2.459E+02 2.492E+02 1.059E+06 22.6765 1.00000
  6.000E+07 6.000E+07 3.311E+00 1.000E+02 1.339E+02 3.477E+01 2.687E+02 2.720E+02 1.078E+06 22.8505 1.00000
  7.000E+07 7.000E+07 3.331E+00 1.168E+02 1.564E+02 4.128E+01 3.145E+02 3.178E+02 1.112E+06 23.1588 1.00000
  8.000E+07 8.000E+07 3.349E+00 1.337E+02 1.788E+02 4.789E+01 3.604E+02 3.637E+02 1.142E+06 23.4259 1.00000
  9.000E+07 9.000E+07 3.365E+00 1.505E+02 2.013E+02 5.460E+01 4.064E+02 4.097E+02 1.168E+06 23.6614 1.00000
  1.000E+08 1.000E+08 3.379E+00 1.673E+02 2.237E+02 6.139E+01 4.524E+02 4.558E+02 1.191E+06 23.8722 1.00000
  1.200E+08 1.200E+08 3.403E+00 2.010E+02 2.686E+02 7.522E+01 5.448E+02 5.483E+02 1.231E+06 24.2368 1.00000
  1.400E+08 1.400E+08 3.424E+00 2.347E+02 3.135E+02 8.933E+01 6.376E+02 6.410E+02 1.264E+06 24.5451 1.00000
  1.700E+08 1.700E+08 3.450E+00 2.853E+02 3.809E+02 1.109E+02 7.771E+02 7.805E+02 1.307E+06 24.9334 1.00000
  2.000E+08 2.000E+08 3.472E+00 3.359E+02 4.482E+02 1.330E+02 9.171E+02 9.205E+02 1.342E+06 25.2585 1.00000
  2.500E+08 2.500E+08 3.503E+00 4.202E+02 5.605E+02 1.706E+02 1.151E+03 1.155E+03 1.391E+06 25.7047 1.00000
  3.000E+08 3.000E+08 3.529E+00 5.045E+02 6.728E+02 2.092E+02 1.386E+03 1.390E+03 1.430E+06 26.0694 1.00000
  3.500E+08 3.500E+08 3.551E+00 5.888E+02 7.851E+02 2.485E+02 1.622E+03 1.626E+03 1.463E+06 26.3777 1.00000
  4.000E+08 4.000E+08 3.569E+00 6.731E+02 8.974E+02 2.885E+02 1.859E+03 1.863E+03 1.492E+06 26.6447 1.00000
  4.500E+08 4.500E+08 3.586E+00 7.575E+02 1.010E+03 3.292E+02 2.096E+03 2.100E+03 1.517E+06 26.8803 1.00000
  5.000E+08 5.000E+08 3.601E+00 8.418E+02 1.122E+03 3.704E+02 2.334E+03 2.338E+03 1.540E+06 27.0910 1.00000
  5.500E+08 5.500E+08 3.615E+00 9.261E+02 1.234E+03 4.121E+02 2.572E+03 2.576E+03 1.560E+06 27.2816 1.00000
  6.000E+08 6.000E+08 3.628E+00 1.010E+03 1.347E+03 4.542E+02 2.811E+03 2.815E+03 1.579E+06 27.4557 1.00000
  7.000E+08 7.000E+08 3.650E+00 1.179E+03 1.571E+03 5.399E+02 3.290E+03 3.294E+03 1.611E+06 27.7639 1.00000
  8.000E+08 8.000E+08 3.670E+00 1.348E+03 1.796E+03 6.270E+02 3.771E+03 3.774E+03 1.640E+06 28.0310 1.00000
  9.000E+08 9.000E+08 3.687E+00 1.517E+03 2.020E+03 7.155E+02 4.252E+03 4.256E+03 1.665E+06 28.2665 1.00000
  1.000E+09 1.000E+09 3.703E+00 1.685E+03 2.245E+03 8.052E+02 4.736E+03 4.739E+03 1.687E+06 28.4772 1.00000
  1.200E+09 1.200E+09 3.730E+00 2.023E+03 2.694E+03 9.879E+02 5.705E+03 5.709E+03 1.725E+06 28.8418 1.00000
  1.400E+09 1.400E+09 3.753E+00 2.360E+03 3.144E+03 1.174E+03 6.678E+03 6.682E+03 1.758E+06 29.1498 1.00000
  1.700E+09 1.700E+09 3.783E+00 2.866E+03 3.817E+03 1.460E+03 8.144E+03 8.148E+03 1.798E+06 29.5381 1.00000
  2.000E+09 2.000E+09 3.808E+00 3.372E+03 4.491E+03 1.753E+03 9.617E+03 9.620E+03 1.832E+06 29.8616 1.00000
  2.500E+09 2.500E+09 3.843E+00 4.216E+03 5.615E+03 2.252E+03 1.208E+04 1.209E+04 1.878E+06 30.3079 1.00000
  3.000E+09 3.000E+09 3.872E+00 5.060E+03 6.738E+03 2.765E+03 1.456E+04 1.457E+04 1.916E+06 30.6660 1.00000
  3.500E+09 3.500E+09 3.896E+00 5.903E+03 7.861E+03 3.288E+03 1.705E+04 1.706E+04 1.948E+06 30.9743 1.00000
  4.000E+09 4.000E+09 3.917E+00 6.747E+03 8.984E+03 3.821E+03 1.955E+04 1.956E+04 1.975E+06 31.2414 1.00000
  4.500E+09 4.500E+09 3.938E+00 7.590E+03 1.011E+04 4.363E+03 2.206E+04 2.206E+04 1.999E+06 31.4478 1.00000
  5.000E+09 5.000E+09 3.955E+00 8.434E+03 1.123E+04 4.913E+03 2.458E+04 2.458E+04 2.021E+06 31.6585 1.00000
  5.500E+09 5.500E+09 3.970E+00 9.277E+03 1.235E+04 5.469E+03 2.710E+04 2.710E+04 2.040E+06 31.8491 1.00000
  6.000E+09 6.000E+09 3.985E+00 1.012E+04 1.348E+04 6.033E+03 2.963E+04 2.963E+04 2.058E+06 32.0232 1.00000
  7.000E+09 7.000E+09 4.010E+00 1.181E+04 1.572E+04 7.177E+03 3.471E+04 3.471E+04 2.089E+06 32.3315 1.00000
  8.000E+09 8.000E+09 4.044E+00 1.350E+04 1.797E+04 8.343E+03 3.981E+04 3.981E+04 2.116E+06 32.4431 1.00000
  9.000E+09 9.000E+09 4.063E+00 1.518E+04 2.022E+04 9.528E+03 4.493E+04 4.493E+04 2.139E+06 32.6786 1.00000
  1.000E+10 1.000E+10 4.081E+00 1.687E+04 2.246E+04 1.073E+04 5.006E+04 5.007E+04 2.160E+06 32.8893 1.00000
  1.200E+10 1.200E+10 4.111E+00 2.024E+04 2.696E+04 1.318E+04 6.038E+04 6.039E+04 2.197E+06 33.2540 1.00000
  1.400E+10 1.400E+10 4.137E+00 2.362E+04 3.145E+04 1.569E+04 7.075E+04 7.076E+04 2.227E+06 33.5623 1.00000
  1.700E+10 1.700E+10 4.170E+00 2.868E+04 3.819E+04 1.953E+04 8.640E+04 8.641E+04 2.266E+06 33.9506 1.00000
  2.000E+10 2.000E+10 4.198E+00 3.374E+04 4.493E+04 2.347E+04 1.021E+05 1.021E+05 2.298E+06 34.2756 1.00000
  2.500E+10 2.500E+10 4.237E+00 4.218E+04 5.616E+04 3.021E+04 1.285E+05 1.285E+05 2.341E+06 34.7219 1.00000
  3.000E+10 3.000E+10 4.269E+00 5.061E+04 6.739E+04 3.713E+04 1.551E+05 1.551E+05 2.376E+06 35.0866 1.00000
  3.500E+10 3.500E+10 4.296E+00 5.905E+04 7.862E+04 4.421E+04 1.819E+05 1.819E+05 2.406E+06 35.3949 1.00000
  4.000E+10 4.000E+10 4.320E+00 6.749E+04 8.985E+04 5.142E+04 2.088E+05 2.088E+05 2.432E+06 35.6619 1.00000
  4.500E+10 4.500E+10 4.341E+00 7.592E+04 1.011E+05 5.876E+04 2.358E+05 2.358E+05 2.454E+06 35.8975 1.00000
  5.000E+10 5.000E+10 4.360E+00 8.436E+04 1.123E+05 6.621E+04 2.629E+05 2.629E+05 2.474E+06 36.1082 1.00000
  5.500E+10 5.500E+10 4.377E+00 9.279E+04 1.236E+05 7.377E+04 2.901E+05 2.901E+05 2.493E+06 36.2988 1.00000
  6.000E+10 6.000E+10 4.393E+00 1.012E+05 1.348E+05 8.142E+04 3.174E+05 3.174E+05 2.509E+06 36.4729 1.00000
  7.000E+10 7.000E+10 4.421E+00 1.181E+05 1.572E+05 9.697E+04 3.723E+05 3.723E+05 2.538E+06 36.7812 1.00000
  8.000E+10 8.000E+10 4.445E+00 1.350E+05 1.797E+05 1.128E+05 4.275E+05 4.275E+05 2.563E+06 37.0482 1.00000
  9.000E+10 9.000E+10 4.467E+00 1.518E+05 2.022E+05 1.290E+05 4.830E+05 4.830E+05 2.585E+06 37.2838 1.00000
  1.000E+11 1.000E+11 4.486E+00 1.687E+05 2.246E+05 1.454E+05 5.387E+05 5.387E+05 2.605E+06 37.4945 1.00000
  1.200E+11 1.200E+11 4.521E+00 2.025E+05 2.696E+05 1.788E+05 6.509E+05 6.509E+05 2.638E+06 37.8592 1.00000
  1.400E+11 1.400E+11 4.550E+00 2.362E+05 3.145E+05 2.131E+05 7.638E+05 7.638E+05 2.667E+06 38.1675 1.00000
  1.700E+11 1.700E+11 4.586E+00 2.868E+05 3.819E+05 2.657E+05 9.344E+05 9.344E+05 2.702E+06 38.5558 1.00000
  2.000E+11 2.000E+11 4.618E+00 3.374E+05 4.493E+05 3.197E+05 1.106E+06 1.106E+06 2.732E+06 38.8808 1.00000
  2.500E+11 2.500E+11 4.661E+00 4.218E+05 5.616E+05 4.122E+05 1.396E+06 1.396E+06 2.772E+06 39.3271 1.00000
  3.000E+11 3.000E+11 4.696E+00 5.062E+05 6.739E+05 5.073E+05 1.687E+06 1.687E+06 2.804E+06 39.6917 1.00000
  3.500E+11 3.500E+11 4.727E+00 5.905E+05 7.862E+05 6.048E+05 1.982E+06 1.982E+06 2.832E+06 40.0000 1.00000
  4.000E+11 4.000E+11 4.753E+00 6.749E+05 8.985E+05 7.043E+05 2.278E+06 2.278E+06 2.855E+06 40.2671 1.00000
  4.500E+11 4.500E+11 4.777E+00 7.592E+05 1.011E+06 8.056E+05 2.576E+06 2.576E+06 2.876E+06 40.5027 1.00000
  5.000E+11 5.000E+11 4.798E+00 8.436E+05 1.123E+06 9.085E+05 2.875E+06 2.875E+06 2.894E+06 40.7134 1.00000
  5.500E+11 5.500E+11 4.817E+00 9.280E+05 1.235E+06 1.013E+06 3.176E+06 3.176E+06 2.911E+06 40.9040 1.00000
  6.000E+11 6.000E+11 4.835E+00 1.012E+06 1.348E+06 1.119E+06 3.479E+06 3.479E+06 2.926E+06 41.0780 1.00000
  7.000E+11 7.000E+11 4.866E+00 1.181E+06 1.572E+06 1.334E+06 4.088E+06 4.088E+06 2.952E+06 41.3863 1.00000
  8.000E+11 8.000E+11 4.893E+00 1.350E+06 1.797E+06 1.554E+06 4.701E+06 4.701E+06 2.975E+06 41.6534 1.00000
  9.000E+11 9.000E+11 4.917E+00 1.518E+06 2.022E+06 1.778E+06 5.318E+06 5.318E+06 2.995E+06 41.8890 1.00000
  1.000E+12 1.000E+12 4.939E+00 1.687E+06 2.246E+06 2.006E+06 5.940E+06 5.940E+06 3.013E+06 42.0997 1.00000
