 Incident particle is a Muon with M = 105.65839 MeV
 Index = 0: DeuteriumOxideLiquid
      Absorber with <Z/A> = 0.49931
 Sternheimer coef:  a     k=m_s   x_0    x_1    I[eV]   Cbar  delta0
                 0.0912  3.4773  0.2400  2.8004   79.7  3.5017 0.00

 *** Table generated with PUMAS v1.00 ***

      T         p     Ionization  brems     pair     photonuc  Radloss    dE/dx   CSDA Range  delta   beta
    [MeV]    [MeV/c]  -----------------------[MeV cm^2/g]------------------------  [g/cm^2]
  1.000E+00 1.457E+01 4.496E+01 7.094E-07 0.000E+00 0.000E+00 7.094E-07 4.496E+01 1.112E-02  0.0000 0.13661
  1.200E+00 1.597E+01 3.881E+01 8.129E-07 0.000E+00 0.000E+00 8.129E-07 3.881E+01 1.592E-02  0.0000 0.14944
  1.400E+00 1.726E+01 3.425E+01 9.117E-07 0.000E+00 0.000E+00 9.117E-07 3.425E+01 2.142E-02  0.0000 0.16119
  1.700E+00 1.903E+01 2.925E+01 1.053E-06 0.000E+00 0.000E+00 1.053E-06 2.925E+01 3.092E-02  0.0000 0.17725
  2.000E+00 2.066E+01 2.563E+01 1.186E-06 0.000E+00 0.000E+00 1.186E-06 2.563E+01 4.190E-02  0.0000 0.19186
  2.500E+00 2.312E+01 2.137E+01 1.396E-06 0.000E+00 0.000E+00 1.396E-06 2.137E+01 6.336E-02  0.0000 0.21376
  3.000E+00 2.536E+01 1.843E+01 1.591E-06 0.000E+00 0.000E+00 1.591E-06 1.843E+01 8.862E-02  0.0000 0.23336
  3.500E+00 2.742E+01 1.626E+01 1.776E-06 0.000E+00 0.000E+00 1.776E-06 1.626E+01 1.176E-01  0.0000 0.25120
  4.000E+00 2.935E+01 1.460E+01 1.952E-06 0.000E+00 0.000E+00 1.952E-06 1.460E+01 1.501E-01  0.0000 0.26763
  4.500E+00 3.116E+01 1.328E+01 2.119E-06 0.000E+00 0.000E+00 2.119E-06 1.328E+01 1.860E-01  0.0000 0.28290
  5.000E+00 3.289E+01 1.221E+01 2.280E-06 0.000E+00 0.000E+00 2.280E-06 1.221E+01 2.253E-01  0.0000 0.29720
  5.500E+00 3.453E+01 1.131E+01 2.435E-06 0.000E+00 0.000E+00 2.435E-06 1.131E+01 2.679E-01  0.0000 0.31066
  6.000E+00 3.611E+01 1.056E+01 2.584E-06 0.000E+00 0.000E+00 2.584E-06 1.056E+01 3.137E-01  0.0000 0.32339
  7.000E+00 3.909E+01 9.353E+00 2.867E-06 0.000E+00 0.000E+00 2.867E-06 9.353E+00 4.145E-01  0.0000 0.34700
  8.000E+00 4.189E+01 8.430E+00 3.135E-06 0.000E+00 0.000E+00 3.135E-06 8.430E+00 5.272E-01  0.0000 0.36854
  9.000E+00 4.453E+01 7.700E+00 3.389E-06 0.000E+00 0.000E+00 3.389E-06 7.700E+00 6.515E-01  0.0000 0.38836
  1.000E+01 4.704E+01 7.108E+00 3.631E-06 0.000E+00 0.000E+00 3.631E-06 7.108E+00 7.868E-01  0.0000 0.40675
  1.200E+01 5.177E+01 6.204E+00 4.086E-06 0.000E+00 0.000E+00 4.086E-06 6.204E+00 1.089E+00  0.0000 0.43998
  1.400E+01 5.616E+01 5.546E+00 4.511E-06 0.000E+00 0.000E+00 4.511E-06 5.546E+00 1.430E+00  0.0000 0.46937
  1.700E+01 6.230E+01 4.837E+00 5.103E-06 0.000E+00 0.000E+00 5.103E-06 4.837E+00 2.011E+00  0.0000 0.50792
  2.000E+01 6.802E+01 4.333E+00 5.654E-06 0.000E+00 0.000E+00 5.654E-06 4.333E+00 2.667E+00  0.0000 0.54129
  2.500E+01 7.686E+01 3.753E+00 6.511E-06 0.000E+00 0.000E+00 6.511E-06 3.753E+00 3.910E+00  0.0000 0.58827
  3.000E+01 8.509E+01 3.362E+00 7.314E-06 0.000E+00 0.000E+00 7.314E-06 3.362E+00 5.320E+00  0.0000 0.62720
  3.500E+01 9.285E+01 3.082E+00 8.081E-06 0.000E+00 0.000E+00 8.081E-06 3.082E+00 6.874E+00  0.0000 0.66011
  4.000E+01 1.003E+02 2.872E+00 8.825E-06 0.000E+00 0.000E+00 8.825E-06 2.872E+00 8.556E+00  0.0000 0.68834
  4.500E+01 1.074E+02 2.709E+00 9.554E-06 0.000E+00 0.000E+00 9.554E-06 2.709E+00 1.035E+01  0.0000 0.71286
  5.000E+01 1.143E+02 2.579E+00 1.027E-05 0.000E+00 0.000E+00 1.027E-05 2.579E+00 1.224E+01  0.0000 0.73434
  5.500E+01 1.210E+02 2.474E+00 1.099E-05 0.000E+00 0.000E+00 1.099E-05 2.474E+00 1.422E+01  0.0000 0.75332
  6.000E+01 1.276E+02 2.387E+00 1.170E-05 0.000E+00 0.000E+00 1.170E-05 2.387E+00 1.628E+01  0.0000 0.77019
  7.000E+01 1.403E+02 2.254E+00 1.312E-05 0.000E+00 0.000E+00 1.312E-05 2.254E+00 2.059E+01  0.0000 0.79887
  8.000E+01 1.527E+02 2.157E+00 1.455E-05 0.000E+00 0.000E+00 1.455E-05 2.157E+00 2.513E+01  0.0000 0.82227
  9.000E+01 1.647E+02 2.084E+00 1.600E-05 0.000E+00 0.000E+00 1.600E-05 2.084E+00 2.985E+01  0.0000 0.84166
  1.000E+02 1.764E+02 2.029E+00 1.747E-05 0.000E+00 0.000E+00 1.747E-05 2.029E+00 3.471E+01  0.0000 0.85794
  1.200E+02 1.994E+02 1.947E+00 2.048E-05 0.000E+00 0.000E+00 2.048E-05 1.947E+00 4.477E+01  0.0516 0.88361
  1.400E+02 2.218E+02 1.892E+00 2.360E-05 0.000E+00 0.000E+00 2.360E-05 1.892E+00 5.520E+01  0.1223 0.90278
  1.700E+02 2.546E+02 1.841E+00 2.849E-05 4.192E-14 0.000E+00 2.849E-05 1.841E+00 7.127E+01  0.2237 0.92363
  2.000E+02 2.868E+02 1.812E+00 3.361E-05 9.373E-12 0.000E+00 3.361E-05 1.812E+00 8.770E+01  0.3195 0.93835
  2.500E+02 3.396E+02 1.789E+00 4.265E-05 7.690E-08 0.000E+00 4.272E-05 1.789E+00 1.155E+02  0.4682 0.95485
  3.000E+02 3.917E+02 1.782E+00 5.227E-05 6.859E-07 0.000E+00 5.295E-05 1.782E+00 1.435E+02  0.6049 0.96548
  3.500E+02 4.432E+02 1.783E+00 6.242E-05 1.889E-06 0.000E+00 6.430E-05 1.783E+00 1.715E+02  0.7316 0.97274
  4.000E+02 4.945E+02 1.788E+00 7.305E-05 3.660E-06 0.000E+00 7.671E-05 1.788E+00 1.995E+02  0.8496 0.97793
  4.500E+02 5.455E+02 1.795E+00 8.413E-05 5.977E-06 0.000E+00 9.011E-05 1.795E+00 2.274E+02  0.9601 0.98176
  5.000E+02 5.964E+02 1.803E+00 9.563E-05 8.822E-06 0.000E+00 1.045E-04 1.803E+00 2.552E+02  1.0641 0.98467
  5.500E+02 6.471E+02 1.812E+00 1.075E-04 1.217E-05 0.000E+00 1.197E-04 1.812E+00 2.829E+02  1.1623 0.98693
  6.000E+02 6.977E+02 1.821E+00 1.198E-04 1.602E-05 0.000E+00 1.358E-04 1.821E+00 3.104E+02  1.2554 0.98873
  7.000E+02 7.987E+02 1.839E+00 1.453E-04 2.512E-05 0.000E+00 1.704E-04 1.839E+00 3.651E+02  1.4282 0.99136
  8.000E+02 8.995E+02 1.856E+00 1.720E-04 3.599E-05 0.000E+00 2.080E-04 1.856E+00 4.192E+02  1.5860 0.99317
  9.000E+02 1.000E+03 1.872E+00 1.998E-04 4.853E-05 0.000E+00 2.483E-04 1.872E+00 4.728E+02  1.7313 0.99447
  1.000E+03 1.101E+03 1.887E+00 2.286E-04 6.263E-05 0.000E+00 2.913E-04 1.888E+00 5.260E+02  1.8659 0.99542
  1.200E+03 1.301E+03 1.914E+00 2.890E-04 9.516E-05 2.256E-05 4.067E-04 1.915E+00 6.312E+02  2.1092 0.99672
  1.400E+03 1.502E+03 1.938E+00 3.526E-04 1.330E-04 6.185E-05 5.474E-04 1.938E+00 7.350E+02  2.3246 0.99753
  1.700E+03 1.803E+03 1.968E+00 4.532E-04 1.985E-04 1.328E-04 7.845E-04 1.969E+00 8.886E+02  2.6080 0.99829
  2.000E+03 2.103E+03 1.994E+00 5.593E-04 2.733E-04 2.168E-04 1.049E-03 1.995E+00 1.040E+03  2.8549 0.99874
  2.500E+03 2.604E+03 2.029E+00 7.463E-04 4.161E-04 3.797E-04 1.542E-03 2.030E+00 1.288E+03  3.2074 0.99918
  3.000E+03 3.104E+03 2.057E+00 9.442E-04 5.782E-04 5.515E-04 2.074E-03 2.059E+00 1.533E+03  3.5061 0.99942
  3.500E+03 3.604E+03 2.081E+00 1.151E-03 7.570E-04 7.342E-04 2.642E-03 2.083E+00 1.774E+03  3.7655 0.99957
  4.000E+03 4.104E+03 2.101E+00 1.367E-03 9.643E-04 9.298E-04 3.261E-03 2.104E+00 2.013E+03  3.9950 0.99967
  4.500E+03 4.604E+03 2.119E+00 1.589E-03 1.191E-03 1.134E-03 3.914E-03 2.123E+00 2.250E+03  4.2008 0.99974
  5.000E+03 5.105E+03 2.135E+00 1.818E-03 1.431E-03 1.330E-03 4.579E-03 2.139E+00 2.484E+03  4.3874 0.99979
  5.500E+03 5.605E+03 2.149E+00 2.053E-03 1.683E-03 1.542E-03 5.278E-03 2.154E+00 2.717E+03  4.5581 0.99982
  6.000E+03 6.105E+03 2.161E+00 2.293E-03 1.947E-03 1.740E-03 5.980E-03 2.167E+00 2.949E+03  4.7156 0.99985
  7.000E+03 7.105E+03 2.183E+00 2.787E-03 2.505E-03 2.160E-03 7.453E-03 2.191E+00 3.408E+03  4.9978 0.99989
  8.000E+03 8.105E+03 2.202E+00 3.299E-03 3.100E-03 2.579E-03 8.978E-03 2.211E+00 3.862E+03  5.2454 0.99992
  9.000E+03 9.105E+03 2.218E+00 3.826E-03 3.727E-03 2.972E-03 1.053E-02 2.229E+00 4.313E+03  5.4661 0.99993
  1.000E+04 1.011E+04 2.233E+00 4.367E-03 4.382E-03 3.380E-03 1.213E-02 2.245E+00 4.760E+03  5.6652 0.99995
  1.200E+04 1.211E+04 2.257E+00 5.483E-03 5.768E-03 4.208E-03 1.546E-02 2.272E+00 5.645E+03  6.0129 0.99996
  1.400E+04 1.411E+04 2.277E+00 6.641E-03 7.239E-03 5.040E-03 1.892E-02 2.296E+00 6.521E+03  6.3097 0.99997
  1.700E+04 1.711E+04 2.302E+00 8.443E-03 9.581E-03 6.275E-03 2.430E-02 2.326E+00 7.819E+03  6.6868 0.99998
  2.000E+04 2.011E+04 2.322E+00 1.031E-02 1.206E-02 7.490E-03 2.986E-02 2.352E+00 9.102E+03  7.0048 0.99999
  2.500E+04 2.511E+04 2.349E+00 1.354E-02 1.643E-02 9.491E-03 3.946E-02 2.388E+00 1.121E+04  7.4442 0.99999
  3.000E+04 3.011E+04 2.370E+00 1.690E-02 2.105E-02 1.146E-02 4.941E-02 2.420E+00 1.329E+04  7.8051 0.99999
  3.500E+04 3.511E+04 2.388E+00 2.035E-02 2.587E-02 1.346E-02 5.968E-02 2.448E+00 1.535E+04  8.1112 1.00000
  4.000E+04 4.011E+04 2.403E+00 2.390E-02 3.086E-02 1.543E-02 7.019E-02 2.473E+00 1.738E+04  8.3769 1.00000
  4.500E+04 4.511E+04 2.416E+00 2.752E-02 3.599E-02 1.738E-02 8.089E-02 2.497E+00 1.939E+04  8.6116 1.00000
  5.000E+04 5.011E+04 2.428E+00 3.120E-02 4.125E-02 1.934E-02 9.179E-02 2.520E+00 2.138E+04  8.8217 1.00000
  5.500E+04 5.511E+04 2.438E+00 3.494E-02 4.662E-02 2.131E-02 1.029E-01 2.541E+00 2.336E+04  9.0119 1.00000
  6.000E+04 6.011E+04 2.448E+00 3.874E-02 5.208E-02 2.326E-02 1.141E-01 2.562E+00 2.532E+04  9.1856 1.00000
  7.000E+04 7.011E+04 2.464E+00 4.647E-02 6.326E-02 2.715E-02 1.369E-01 2.601E+00 2.919E+04  9.4934 1.00000
  8.000E+04 8.011E+04 2.478E+00 5.437E-02 7.473E-02 3.104E-02 1.601E-01 2.639E+00 3.301E+04  9.7601 1.00000
  9.000E+04 9.011E+04 2.491E+00 6.241E-02 8.645E-02 3.494E-02 1.838E-01 2.675E+00 3.678E+04  9.9954 1.00000
  1.000E+05 1.001E+05 2.502E+00 7.057E-02 9.837E-02 3.877E-02 2.077E-01 2.710E+00 4.049E+04 10.2058 1.00000
  1.200E+05 1.201E+05 2.521E+00 8.720E-02 1.227E-01 4.658E-02 2.565E-01 2.777E+00 4.778E+04 10.5701 1.00000
  1.400E+05 1.401E+05 2.537E+00 1.042E-01 1.477E-01 5.440E-02 3.063E-01 2.843E+00 5.490E+04 10.8782 1.00000
  1.700E+05 1.701E+05 2.557E+00 1.302E-01 1.859E-01 6.615E-02 3.823E-01 2.939E+00 6.528E+04 11.2662 1.00000
  2.000E+05 2.001E+05 2.573E+00 1.568E-01 2.249E-01 7.798E-02 4.597E-01 3.033E+00 7.533E+04 11.5911 1.00000
  2.500E+05 2.501E+05 2.596E+00 2.019E-01 2.913E-01 9.777E-02 5.910E-01 3.187E+00 9.141E+04 12.0372 1.00000
  3.000E+05 3.001E+05 2.615E+00 2.480E-01 3.589E-01 1.177E-01 7.247E-01 3.340E+00 1.067E+05 12.4017 1.00000
  3.500E+05 3.501E+05 2.631E+00 2.949E-01 4.275E-01 1.379E-01 8.603E-01 3.491E+00 1.214E+05 12.7099 1.00000
  4.000E+05 4.001E+05 2.644E+00 3.423E-01 4.968E-01 1.583E-01 9.974E-01 3.642E+00 1.354E+05 12.9768 1.00000
  4.500E+05 4.501E+05 2.656E+00 3.902E-01 5.667E-01 1.787E-01 1.136E+00 3.792E+00 1.489E+05 13.2124 1.00000
  5.000E+05 5.001E+05 2.667E+00 4.386E-01 6.372E-01 1.993E-01 1.275E+00 3.942E+00 1.618E+05 13.4230 1.00000
  5.500E+05 5.501E+05 2.677E+00 4.873E-01 7.080E-01 2.198E-01 1.415E+00 4.092E+00 1.743E+05 13.6136 1.00000
  6.000E+05 6.001E+05 2.686E+00 5.364E-01 7.792E-01 2.404E-01 1.556E+00 4.242E+00 1.863E+05 13.7876 1.00000
  7.000E+05 7.001E+05 2.702E+00 6.355E-01 9.226E-01 2.820E-01 1.840E+00 4.542E+00 2.091E+05 14.0959 1.00000
  8.000E+05 8.001E+05 2.716E+00 7.355E-01 1.067E+00 3.240E-01 2.127E+00 4.842E+00 2.304E+05 14.3629 1.00000
  9.000E+05 9.001E+05 2.728E+00 8.363E-01 1.212E+00 3.665E-01 2.415E+00 5.143E+00 2.504E+05 14.5984 1.00000
  1.000E+06 1.000E+06 2.739E+00 9.378E-01 1.358E+00 4.093E-01 2.705E+00 5.444E+00 2.693E+05 14.8091 1.00000
  1.200E+06 1.200E+06 2.758E+00 1.142E+00 1.651E+00 4.961E-01 3.290E+00 6.048E+00 3.042E+05 15.1737 1.00000
  1.400E+06 1.400E+06 2.774E+00 1.349E+00 1.946E+00 5.841E-01 3.879E+00 6.654E+00 3.358E+05 15.4820 1.00000
  1.700E+06 1.700E+06 2.795E+00 1.661E+00 2.391E+00 7.181E-01 4.770E+00 7.565E+00 3.782E+05 15.8703 1.00000
  2.000E+06 2.000E+06 2.812E+00 1.976E+00 2.838E+00 8.544E-01 5.668E+00 8.481E+00 4.157E+05 16.1953 1.00000
  2.500E+06 2.500E+06 2.836E+00 2.505E+00 3.586E+00 1.086E+00 7.176E+00 1.001E+01 4.701E+05 16.6416 1.00000
  3.000E+06 3.000E+06 2.856E+00 3.038E+00 4.336E+00 1.321E+00 8.696E+00 1.155E+01 5.168E+05 17.0062 1.00000
  3.500E+06 3.500E+06 2.873E+00 3.574E+00 5.089E+00 1.561E+00 1.022E+01 1.310E+01 5.575E+05 17.3145 1.00000
  4.000E+06 4.000E+06 2.888E+00 4.112E+00 5.844E+00 1.804E+00 1.176E+01 1.465E+01 5.936E+05 17.5815 1.00000
  4.500E+06 4.500E+06 2.901E+00 4.652E+00 6.600E+00 2.050E+00 1.330E+01 1.620E+01 6.261E+05 17.8171 1.00000
  5.000E+06 5.000E+06 2.912E+00 5.194E+00 7.357E+00 2.299E+00 1.485E+01 1.776E+01 6.556E+05 18.0278 1.00000
  5.500E+06 5.500E+06 2.923E+00 5.737E+00 8.114E+00 2.551E+00 1.640E+01 1.932E+01 6.827E+05 18.2184 1.00000
  6.000E+06 6.000E+06 2.933E+00 6.281E+00 8.873E+00 2.804E+00 1.796E+01 2.089E+01 7.076E+05 18.3925 1.00000
  7.000E+06 7.000E+06 2.950E+00 7.372E+00 1.039E+01 3.318E+00 2.108E+01 2.403E+01 7.523E+05 18.7007 1.00000
  8.000E+06 8.000E+06 2.965E+00 8.466E+00 1.191E+01 3.840E+00 2.422E+01 2.718E+01 7.915E+05 18.9678 1.00000
  9.000E+06 9.000E+06 2.979E+00 9.563E+00 1.343E+01 4.369E+00 2.736E+01 3.034E+01 8.264E+05 19.2034 1.00000
  1.000E+07 1.000E+07 2.991E+00 1.066E+01 1.496E+01 4.903E+00 3.052E+01 3.351E+01 8.578E+05 19.4141 1.00000
  1.200E+07 1.200E+07 3.012E+00 1.286E+01 1.800E+01 5.989E+00 3.686E+01 3.987E+01 9.127E+05 19.7787 1.00000
  1.400E+07 1.400E+07 3.029E+00 1.507E+01 2.105E+01 7.095E+00 4.322E+01 4.625E+01 9.594E+05 20.0870 1.00000
  1.700E+07 1.700E+07 3.052E+00 1.839E+01 2.563E+01 8.785E+00 5.281E+01 5.586E+01 1.019E+06 20.4753 1.00000
  2.000E+07 2.000E+07 3.071E+00 2.171E+01 3.022E+01 1.051E+01 6.243E+01 6.551E+01 1.068E+06 20.8004 1.00000
  2.500E+07 2.500E+07 3.098E+00 2.726E+01 3.786E+01 1.344E+01 7.856E+01 8.165E+01 1.137E+06 21.2467 1.00000
  3.000E+07 3.000E+07 3.120E+00 3.282E+01 4.551E+01 1.643E+01 9.476E+01 9.788E+01 1.193E+06 21.6113 1.00000
  3.500E+07 3.500E+07 3.138E+00 3.838E+01 5.316E+01 1.949E+01 1.110E+02 1.142E+02 1.241E+06 21.9196 1.00000
  4.000E+07 4.000E+07 3.155E+00 4.395E+01 6.081E+01 2.259E+01 1.273E+02 1.305E+02 1.282E+06 22.1867 1.00000
  4.500E+07 4.500E+07 3.169E+00 4.952E+01 6.846E+01 2.573E+01 1.437E+02 1.469E+02 1.318E+06 22.4222 1.00000
  5.000E+07 5.000E+07 3.182E+00 5.509E+01 7.612E+01 2.891E+01 1.601E+02 1.633E+02 1.350E+06 22.6329 1.00000
  5.500E+07 5.500E+07 3.194E+00 6.067E+01 8.377E+01 3.213E+01 1.766E+02 1.798E+02 1.380E+06 22.8236 1.00000
  6.000E+07 6.000E+07 3.205E+00 6.625E+01 9.143E+01 3.538E+01 1.931E+02 1.963E+02 1.406E+06 22.9976 1.00000
  7.000E+07 7.000E+07 3.224E+00 7.741E+01 1.067E+02 4.198E+01 2.261E+02 2.294E+02 1.454E+06 23.3059 1.00000
  8.000E+07 8.000E+07 3.241E+00 8.858E+01 1.221E+02 4.867E+01 2.593E+02 2.626E+02 1.494E+06 23.5730 1.00000
  9.000E+07 9.000E+07 3.256E+00 9.975E+01 1.374E+02 5.547E+01 2.926E+02 2.959E+02 1.530E+06 23.8085 1.00000
  1.000E+08 1.000E+08 3.269E+00 1.109E+02 1.527E+02 6.235E+01 3.260E+02 3.292E+02 1.562E+06 24.0192 1.00000
  1.200E+08 1.200E+08 3.292E+00 1.333E+02 1.833E+02 7.633E+01 3.930E+02 3.963E+02 1.618E+06 24.3839 1.00000
  1.400E+08 1.400E+08 3.312E+00 1.557E+02 2.140E+02 9.059E+01 4.602E+02 4.635E+02 1.665E+06 24.6922 1.00000
  1.700E+08 1.700E+08 3.338E+00 1.892E+02 2.600E+02 1.124E+02 5.616E+02 5.649E+02 1.724E+06 25.0805 1.00000
  2.000E+08 2.000E+08 3.359E+00 2.228E+02 3.059E+02 1.347E+02 6.634E+02 6.667E+02 1.773E+06 25.4055 1.00000
  2.500E+08 2.500E+08 3.389E+00 2.787E+02 3.826E+02 1.726E+02 8.339E+02 8.373E+02 1.840E+06 25.8518 1.00000
  3.000E+08 3.000E+08 3.413E+00 3.347E+02 4.592E+02 2.114E+02 1.005E+03 1.009E+03 1.895E+06 26.2165 1.00000
  3.500E+08 3.500E+08 3.434E+00 3.907E+02 5.358E+02 2.510E+02 1.178E+03 1.181E+03 1.941E+06 26.5248 1.00000
  4.000E+08 4.000E+08 3.452E+00 4.467E+02 6.125E+02 2.913E+02 1.350E+03 1.354E+03 1.980E+06 26.7918 1.00000
  4.500E+08 4.500E+08 3.468E+00 5.027E+02 6.891E+02 3.321E+02 1.524E+03 1.527E+03 2.015E+06 27.0274 1.00000
  5.000E+08 5.000E+08 3.483E+00 5.587E+02 7.657E+02 3.735E+02 1.698E+03 1.701E+03 2.046E+06 27.2381 1.00000
  5.500E+08 5.500E+08 3.496E+00 6.146E+02 8.423E+02 4.154E+02 1.872E+03 1.876E+03 2.074E+06 27.4287 1.00000
  6.000E+08 6.000E+08 3.508E+00 6.706E+02 9.190E+02 4.577E+02 2.047E+03 2.051E+03 2.100E+06 27.6028 1.00000
  7.000E+08 7.000E+08 3.529E+00 7.826E+02 1.072E+03 5.436E+02 2.398E+03 2.402E+03 2.145E+06 27.9111 1.00000
  8.000E+08 8.000E+08 3.548E+00 8.946E+02 1.225E+03 6.309E+02 2.751E+03 2.755E+03 2.184E+06 28.1781 1.00000
  9.000E+08 9.000E+08 3.565E+00 1.007E+03 1.379E+03 7.195E+02 3.105E+03 3.108E+03 2.218E+06 28.4137 1.00000
  1.000E+09 1.000E+09 3.580E+00 1.119E+03 1.532E+03 8.093E+02 3.460E+03 3.464E+03 2.249E+06 28.6244 1.00000
