 Incident particle is a Muon with M = 105.65839 MeV
 Index = 0: Dichloroethane
      Absorber with <Z/A> = 0.50526
 Density effect computed following Fano (1963)
 Models for Radloss: brems =  SSR, pair =  SSR, photonuc = DRSS

 *** Table generated with PUMAS v1.1 ***

      T         p     Ionization  brems     pair     photonuc  Radloss    dE/dx   CSDA Range  delta   beta
    [MeV]    [MeV/c]  -----------------------[MeV cm^2/g]------------------------  [g/cm^2]
  1.000E+00 1.457E+01 4.268E+01 0.000E+00 0.000E+00 0.000E+00 0.000E+00 4.268E+01 1.172E-02  0.0000 0.13661
  1.200E+00 1.597E+01 3.691E+01 0.000E+00 0.000E+00 0.000E+00 0.000E+00 3.691E+01 1.677E-02  0.0000 0.14944
  1.400E+00 1.726E+01 3.263E+01 0.000E+00 0.000E+00 0.000E+00 0.000E+00 3.263E+01 2.255E-02  0.0000 0.16119
  1.700E+00 1.903E+01 2.792E+01 0.000E+00 0.000E+00 0.000E+00 0.000E+00 2.792E+01 3.252E-02  0.0000 0.17725
  2.000E+00 2.066E+01 2.450E+01 0.000E+00 0.000E+00 0.000E+00 0.000E+00 2.450E+01 4.401E-02  0.0000 0.19186
  2.500E+00 2.312E+01 2.047E+01 0.000E+00 0.000E+00 0.000E+00 0.000E+00 2.047E+01 6.644E-02  0.0000 0.21376
  3.000E+00 2.536E+01 1.768E+01 0.000E+00 0.000E+00 0.000E+00 0.000E+00 1.768E+01 9.280E-02  0.0000 0.23336
  3.500E+00 2.742E+01 1.562E+01 0.000E+00 0.000E+00 0.000E+00 0.000E+00 1.562E+01 1.230E-01  0.0000 0.25120
  4.000E+00 2.935E+01 1.404E+01 0.000E+00 0.000E+00 0.000E+00 0.000E+00 1.404E+01 1.568E-01  0.0000 0.26763
  4.500E+00 3.116E+01 1.278E+01 0.000E+00 0.000E+00 0.000E+00 0.000E+00 1.278E+01 1.941E-01  0.0000 0.28290
  5.000E+00 3.289E+01 1.176E+01 0.000E+00 0.000E+00 0.000E+00 0.000E+00 1.176E+01 2.350E-01  0.0000 0.29720
  5.500E+00 3.453E+01 1.090E+01 0.000E+00 0.000E+00 0.000E+00 0.000E+00 1.090E+01 2.792E-01  0.0000 0.31066
  6.000E+00 3.611E+01 1.018E+01 0.000E+00 0.000E+00 0.000E+00 0.000E+00 1.018E+01 3.267E-01  0.0000 0.32339
  7.000E+00 3.909E+01 9.027E+00 0.000E+00 0.000E+00 0.000E+00 0.000E+00 9.027E+00 4.312E-01  0.0000 0.34700
  8.000E+00 4.189E+01 8.143E+00 0.000E+00 0.000E+00 0.000E+00 0.000E+00 8.143E+00 5.481E-01  0.0000 0.36854
  9.000E+00 4.453E+01 7.443E+00 0.000E+00 0.000E+00 0.000E+00 0.000E+00 7.443E+00 6.767E-01  0.0000 0.38836
  1.000E+01 4.704E+01 6.875E+00 0.000E+00 0.000E+00 0.000E+00 0.000E+00 6.875E+00 8.166E-01  0.0000 0.40675
  1.200E+01 5.177E+01 6.006E+00 0.000E+00 0.000E+00 0.000E+00 0.000E+00 6.006E+00 1.129E+00  0.0000 0.43998
  1.400E+01 5.616E+01 5.374E+00 0.000E+00 0.000E+00 0.000E+00 0.000E+00 5.374E+00 1.482E+00  0.0000 0.46937
  1.700E+01 6.230E+01 4.691E+00 0.000E+00 0.000E+00 0.000E+00 0.000E+00 4.691E+00 2.081E+00  0.0000 0.50792
  2.000E+01 6.802E+01 4.205E+00 0.000E+00 0.000E+00 0.000E+00 0.000E+00 4.205E+00 2.758E+00  0.0000 0.54129
  2.500E+01 7.686E+01 3.646E+00 2.667E-10 0.000E+00 0.000E+00 2.667E-10 3.646E+00 4.041E+00  0.0000 0.58827
  3.000E+01 8.509E+01 3.269E+00 3.909E-08 0.000E+00 0.000E+00 3.909E-08 3.269E+00 5.493E+00  0.0000 0.62720
  3.500E+01 9.285E+01 2.998E+00 4.566E-08 0.000E+00 0.000E+00 4.566E-08 2.998E+00 7.093E+00  0.0000 0.66011
  4.000E+01 1.003E+02 2.795E+00 4.889E-08 0.000E+00 0.000E+00 4.889E-08 2.795E+00 8.823E+00  0.0000 0.68834
  4.500E+01 1.074E+02 2.637E+00 5.223E-08 0.000E+00 0.000E+00 5.223E-08 2.637E+00 1.067E+01  0.0002 0.71286
  5.000E+01 1.143E+02 2.512E+00 5.567E-08 0.000E+00 0.000E+00 5.567E-08 2.512E+00 1.261E+01  0.0020 0.73434
  5.500E+01 1.210E+02 2.410E+00 5.923E-08 0.000E+00 0.000E+00 5.923E-08 2.410E+00 1.464E+01  0.0055 0.75332
  6.000E+01 1.276E+02 2.326E+00 6.288E-08 0.000E+00 0.000E+00 6.288E-08 2.326E+00 1.676E+01  0.0104 0.77019
  7.000E+01 1.403E+02 2.195E+00 7.049E-08 0.000E+00 0.000E+00 7.049E-08 2.195E+00 2.119E+01  0.0238 0.79887
  8.000E+01 1.527E+02 2.100E+00 7.853E-08 0.000E+00 0.000E+00 7.853E-08 2.100E+00 2.585E+01  0.0408 0.82227
  9.000E+01 1.647E+02 2.028E+00 8.697E-08 0.000E+00 0.000E+00 8.697E-08 2.028E+00 3.070E+01  0.0604 0.84166
  1.000E+02 1.764E+02 1.973E+00 9.581E-08 0.000E+00 0.000E+00 9.581E-08 1.973E+00 3.570E+01  0.0820 0.85794
  1.200E+02 1.994E+02 1.895E+00 1.147E-07 0.000E+00 0.000E+00 1.147E-07 1.895E+00 4.606E+01  0.1291 0.88361
  1.400E+02 2.218E+02 1.845E+00 1.308E-06 0.000E+00 0.000E+00 1.308E-06 1.845E+00 5.676E+01  0.1791 0.90278
  1.700E+02 2.546E+02 1.798E+00 3.366E-06 3.189E-10 0.000E+00 3.366E-06 1.798E+00 7.325E+01  0.2558 0.92363
  2.000E+02 2.868E+02 1.773E+00 4.679E-06 2.354E-09 0.000E+00 4.681E-06 1.773E+00 9.007E+01  0.3321 0.93835
  2.500E+02 3.396E+02 1.754E+00 2.549E-05 1.493E-07 0.000E+00 2.564E-05 1.754E+00 1.185E+02  0.4543 0.95485
  3.000E+02 3.917E+02 1.750E+00 5.350E-05 1.376E-06 0.000E+00 5.488E-05 1.750E+00 1.470E+02  0.5686 0.96548
  3.500E+02 4.432E+02 1.753E+00 7.484E-05 3.681E-06 0.000E+00 7.852E-05 1.753E+00 1.756E+02  0.6749 0.97274
  4.000E+02 4.945E+02 1.760E+00 9.439E-05 7.064E-06 0.000E+00 1.015E-04 1.760E+00 2.040E+02  0.7738 0.97793
  4.500E+02 5.455E+02 1.769E+00 1.135E-04 1.151E-05 0.000E+00 1.250E-04 1.769E+00 2.324E+02  0.8659 0.98176
  5.000E+02 5.964E+02 1.779E+00 1.328E-04 1.698E-05 0.000E+00 1.498E-04 1.780E+00 2.605E+02  0.9521 0.98467
  5.500E+02 6.471E+02 1.790E+00 1.525E-04 2.345E-05 1.527E-05 1.912E-04 1.790E+00 2.886E+02  1.0331 0.98693
  6.000E+02 6.977E+02 1.801E+00 1.727E-04 3.090E-05 5.089E-05 2.545E-04 1.801E+00 3.164E+02  1.1094 0.98873
  7.000E+02 7.987E+02 1.821E+00 2.147E-04 4.860E-05 1.218E-04 3.851E-04 1.822E+00 3.716E+02  1.2504 0.99136
  8.000E+02 8.995E+02 1.841E+00 2.590E-04 6.984E-05 1.886E-04 5.175E-04 1.842E+00 4.262E+02  1.3785 0.99317
  9.000E+02 1.000E+03 1.860E+00 3.056E-04 9.441E-05 2.526E-04 6.526E-04 1.860E+00 4.802E+02  1.4963 0.99447
  1.000E+03 1.101E+03 1.877E+00 3.543E-04 1.221E-04 3.145E-04 7.909E-04 1.878E+00 5.337E+02  1.6056 0.99542
  1.200E+03 1.301E+03 1.908E+00 4.576E-04 1.862E-04 4.343E-04 1.078E-03 1.909E+00 6.393E+02  1.8044 0.99672
  1.400E+03 1.502E+03 1.935E+00 5.680E-04 2.609E-04 5.502E-04 1.379E-03 1.936E+00 7.433E+02  1.9830 0.99753
  1.700E+03 1.803E+03 1.969E+00 7.451E-04 3.905E-04 7.193E-04 1.855E-03 1.971E+00 8.969E+02  2.2230 0.99829
  2.000E+03 2.103E+03 1.997E+00 9.339E-04 5.388E-04 8.839E-04 2.357E-03 1.999E+00 1.048E+03  2.4377 0.99874
  2.500E+03 2.604E+03 2.035E+00 1.271E-03 8.220E-04 1.150E-03 3.243E-03 2.039E+00 1.296E+03  2.7536 0.99918
  3.000E+03 3.104E+03 2.066E+00 1.631E-03 1.144E-03 1.409E-03 4.184E-03 2.070E+00 1.539E+03  3.0286 0.99942
  3.500E+03 3.604E+03 2.091E+00 2.010E-03 1.499E-03 1.662E-03 5.171E-03 2.096E+00 1.779E+03  3.2717 0.99957
  4.000E+03 4.104E+03 2.113E+00 2.407E-03 1.897E-03 1.910E-03 6.213E-03 2.119E+00 2.016E+03  3.4890 0.99967
  4.500E+03 4.604E+03 2.131E+00 2.818E-03 2.327E-03 2.153E-03 7.297E-03 2.139E+00 2.251E+03  3.6852 0.99974
  5.000E+03 5.105E+03 2.148E+00 3.242E-03 2.782E-03 2.392E-03 8.416E-03 2.156E+00 2.484E+03  3.8638 0.99979
  5.500E+03 5.605E+03 2.163E+00 3.678E-03 3.259E-03 2.628E-03 9.565E-03 2.172E+00 2.715E+03  4.0276 0.99982
  6.000E+03 6.105E+03 2.176E+00 4.125E-03 3.758E-03 2.860E-03 1.074E-02 2.187E+00 2.944E+03  4.1788 0.99985
  7.000E+03 7.105E+03 2.199E+00 5.048E-03 4.811E-03 3.318E-03 1.318E-02 2.212E+00 3.399E+03  4.4499 0.99989
  8.000E+03 8.105E+03 2.219E+00 6.006E-03 5.931E-03 3.766E-03 1.570E-02 2.235E+00 3.848E+03  4.6878 0.99992
  9.000E+03 9.105E+03 2.236E+00 6.993E-03 7.109E-03 4.207E-03 1.831E-02 2.254E+00 4.294E+03  4.8997 0.99993
  1.000E+04 1.011E+04 2.251E+00 8.006E-03 8.338E-03 4.641E-03 2.098E-02 2.272E+00 4.736E+03  5.0908 0.99995
  1.200E+04 1.211E+04 2.277E+00 1.010E-02 1.093E-02 5.493E-03 2.653E-02 2.303E+00 5.610E+03  5.4244 0.99996
  1.400E+04 1.411E+04 2.298E+00 1.227E-02 1.368E-02 6.328E-03 3.228E-02 2.330E+00 6.473E+03  5.7093 0.99997
  1.700E+04 1.711E+04 2.324E+00 1.565E-02 1.805E-02 7.554E-03 4.125E-02 2.365E+00 7.750E+03  6.0719 0.99998
  2.000E+04 2.011E+04 2.345E+00 1.916E-02 2.265E-02 8.757E-03 5.056E-02 2.396E+00 9.010E+03  6.3784 0.99999
  2.500E+04 2.511E+04 2.374E+00 2.522E-02 3.075E-02 1.072E-02 6.669E-02 2.440E+00 1.108E+04  6.8038 0.99999
  3.000E+04 3.011E+04 2.396E+00 3.150E-02 3.929E-02 1.266E-02 8.344E-02 2.480E+00 1.311E+04  7.1550 0.99999
  3.500E+04 3.511E+04 2.415E+00 3.797E-02 4.817E-02 1.456E-02 1.007E-01 2.515E+00 1.511E+04  7.4541 1.00000
  4.000E+04 4.011E+04 2.430E+00 4.460E-02 5.735E-02 1.645E-02 1.184E-01 2.549E+00 1.709E+04  7.7148 1.00000
  4.500E+04 4.511E+04 2.444E+00 5.137E-02 6.677E-02 1.832E-02 1.365E-01 2.580E+00 1.904E+04  7.9456 1.00000
  5.000E+04 5.011E+04 2.456E+00 5.825E-02 7.640E-02 2.019E-02 1.548E-01 2.611E+00 2.096E+04  8.1528 1.00000
  5.500E+04 5.511E+04 2.467E+00 6.524E-02 8.622E-02 2.204E-02 1.735E-01 2.640E+00 2.287E+04  8.3407 1.00000
  6.000E+04 6.011E+04 2.476E+00 7.232E-02 9.620E-02 2.389E-02 1.924E-01 2.669E+00 2.475E+04  8.5126 1.00000
  7.000E+04 7.011E+04 2.493E+00 8.673E-02 1.166E-01 2.757E-02 2.309E-01 2.724E+00 2.846E+04  8.8178 1.00000
  8.000E+04 8.011E+04 2.508E+00 1.014E-01 1.375E-01 3.123E-02 2.701E-01 2.778E+00 3.209E+04  9.0827 1.00000
  9.000E+04 9.011E+04 2.520E+00 1.164E-01 1.587E-01 3.489E-02 3.100E-01 2.830E+00 3.566E+04  9.3168 1.00000
  1.000E+05 1.001E+05 2.532E+00 1.316E-01 1.803E-01 3.854E-02 3.504E-01 2.882E+00 3.916E+04  9.5264 1.00000
  1.200E+05 1.201E+05 2.551E+00 1.624E-01 2.244E-01 4.585E-02 4.327E-01 2.984E+00 4.598E+04  9.8895 1.00000
  1.400E+05 1.401E+05 2.567E+00 1.939E-01 2.694E-01 5.316E-02 5.165E-01 3.084E+00 5.257E+04 10.1969 1.00000
  1.700E+05 1.701E+05 2.588E+00 2.421E-01 3.382E-01 6.416E-02 6.445E-01 3.232E+00 6.207E+04 10.5843 1.00000
  2.000E+05 2.001E+05 2.604E+00 2.912E-01 4.083E-01 7.520E-02 7.747E-01 3.379E+00 7.115E+04 10.9088 1.00000
  2.500E+05 2.501E+05 2.628E+00 3.747E-01 5.271E-01 9.373E-02 9.955E-01 3.623E+00 8.544E+04 11.3545 1.00000
  3.000E+05 3.001E+05 2.646E+00 4.596E-01 6.479E-01 1.124E-01 1.220E+00 3.866E+00 9.880E+04 11.7188 1.00000
  3.500E+05 3.501E+05 2.662E+00 5.459E-01 7.701E-01 1.312E-01 1.447E+00 4.110E+00 1.113E+05 12.0269 1.00000
  4.000E+05 4.001E+05 2.676E+00 6.331E-01 8.936E-01 1.502E-01 1.677E+00 4.353E+00 1.232E+05 12.2938 1.00000
  4.500E+05 4.501E+05 2.688E+00 7.212E-01 1.018E+00 1.693E-01 1.908E+00 4.597E+00 1.343E+05 12.5293 1.00000
  5.000E+05 5.001E+05 2.699E+00 8.100E-01 1.143E+00 1.886E-01 2.142E+00 4.841E+00 1.449E+05 12.7399 1.00000
  5.500E+05 5.501E+05 2.709E+00 8.994E-01 1.269E+00 2.080E-01 2.376E+00 5.085E+00 1.550E+05 12.9305 1.00000
  6.000E+05 6.001E+05 2.718E+00 9.894E-01 1.395E+00 2.275E-01 2.612E+00 5.330E+00 1.646E+05 13.1044 1.00000
  7.000E+05 7.001E+05 2.734E+00 1.171E+00 1.649E+00 2.668E-01 3.087E+00 5.821E+00 1.826E+05 13.4127 1.00000
  8.000E+05 8.001E+05 2.748E+00 1.354E+00 1.905E+00 3.066E-01 3.565E+00 6.313E+00 1.991E+05 13.6797 1.00000
  9.000E+05 9.001E+05 2.761E+00 1.538E+00 2.161E+00 3.468E-01 4.046E+00 6.807E+00 2.143E+05 13.9152 1.00000
  1.000E+06 1.000E+06 2.772E+00 1.723E+00 2.419E+00 3.874E-01 4.530E+00 7.302E+00 2.285E+05 14.1259 1.00000
  1.200E+06 1.200E+06 2.791E+00 2.097E+00 2.937E+00 4.695E-01 5.503E+00 8.295E+00 2.542E+05 14.4905 1.00000
  1.400E+06 1.400E+06 2.808E+00 2.473E+00 3.457E+00 5.528E-01 6.483E+00 9.291E+00 2.769E+05 14.7987 1.00000
  1.700E+06 1.700E+06 2.829E+00 3.042E+00 4.241E+00 6.797E-01 7.963E+00 1.079E+01 3.069E+05 15.1870 1.00000
  2.000E+06 2.000E+06 2.846E+00 3.615E+00 5.028E+00 8.088E-01 9.452E+00 1.230E+01 3.329E+05 15.5120 1.00000
  2.500E+06 2.500E+06 2.870E+00 4.576E+00 6.345E+00 1.028E+00 1.195E+01 1.482E+01 3.699E+05 15.9583 1.00000
  3.000E+06 3.000E+06 2.890E+00 5.543E+00 7.666E+00 1.251E+00 1.446E+01 1.735E+01 4.010E+05 16.3229 1.00000
  3.500E+06 3.500E+06 2.908E+00 6.515E+00 8.990E+00 1.479E+00 1.698E+01 1.989E+01 4.279E+05 16.6312 1.00000
  4.000E+06 4.000E+06 2.922E+00 7.490E+00 1.032E+01 1.709E+00 1.952E+01 2.244E+01 4.516E+05 16.8983 1.00000
  4.500E+06 4.500E+06 2.936E+00 8.468E+00 1.164E+01 1.943E+00 2.206E+01 2.499E+01 4.727E+05 17.1338 1.00000
  5.000E+06 5.000E+06 2.947E+00 9.448E+00 1.297E+01 2.179E+00 2.460E+01 2.755E+01 4.917E+05 17.3446 1.00000
  5.500E+06 5.500E+06 2.958E+00 1.043E+01 1.431E+01 2.417E+00 2.715E+01 3.011E+01 5.091E+05 17.5352 1.00000
  6.000E+06 6.000E+06 2.968E+00 1.141E+01 1.564E+01 2.658E+00 2.971E+01 3.268E+01 5.250E+05 17.7092 1.00000
  7.000E+06 7.000E+06 2.985E+00 1.339E+01 1.831E+01 3.146E+00 3.484E+01 3.782E+01 5.535E+05 18.0175 1.00000
  8.000E+06 8.000E+06 3.001E+00 1.536E+01 2.098E+01 3.642E+00 3.998E+01 4.298E+01 5.782E+05 18.2845 1.00000
  9.000E+06 9.000E+06 3.014E+00 1.734E+01 2.365E+01 4.144E+00 4.514E+01 4.815E+01 6.002E+05 18.5201 1.00000
  1.000E+07 1.000E+07 3.027E+00 1.933E+01 2.632E+01 4.653E+00 5.030E+01 5.333E+01 6.199E+05 18.7308 1.00000
  1.200E+07 1.200E+07 3.048E+00 2.330E+01 3.168E+01 5.686E+00 6.066E+01 6.371E+01 6.542E+05 19.0955 1.00000
  1.400E+07 1.400E+07 3.066E+00 2.728E+01 3.703E+01 6.738E+00 7.105E+01 7.411E+01 6.833E+05 19.4038 1.00000
  1.700E+07 1.700E+07 3.089E+00 3.326E+01 4.507E+01 8.347E+00 8.668E+01 8.977E+01 7.200E+05 19.7921 1.00000
  2.000E+07 2.000E+07 3.108E+00 3.924E+01 5.312E+01 9.987E+00 1.024E+02 1.055E+02 7.508E+05 20.1171 1.00000
  2.500E+07 2.500E+07 3.135E+00 4.923E+01 6.654E+01 1.278E+01 1.286E+02 1.317E+02 7.932E+05 20.5634 1.00000
  3.000E+07 3.000E+07 3.157E+00 5.924E+01 7.997E+01 1.564E+01 1.548E+02 1.580E+02 8.278E+05 20.9280 1.00000
  3.500E+07 3.500E+07 3.176E+00 6.925E+01 9.340E+01 1.856E+01 1.812E+02 1.844E+02 8.571E+05 21.2363 1.00000
  4.000E+07 4.000E+07 3.193E+00 7.927E+01 1.068E+02 2.152E+01 2.076E+02 2.108E+02 8.824E+05 21.5034 1.00000
  4.500E+07 4.500E+07 3.207E+00 8.929E+01 1.203E+02 2.452E+01 2.341E+02 2.373E+02 9.048E+05 21.7390 1.00000
  5.000E+07 5.000E+07 3.220E+00 9.932E+01 1.337E+02 2.757E+01 2.606E+02 2.638E+02 9.247E+05 21.9497 1.00000
  5.500E+07 5.500E+07 3.232E+00 1.093E+02 1.472E+02 3.065E+01 2.872E+02 2.904E+02 9.428E+05 22.1403 1.00000
  6.000E+07 6.000E+07 3.243E+00 1.194E+02 1.606E+02 3.376E+01 3.137E+02 3.170E+02 9.593E+05 22.3143 1.00000
  7.000E+07 7.000E+07 3.263E+00 1.395E+02 1.875E+02 4.007E+01 3.670E+02 3.703E+02 9.884E+05 22.6226 1.00000
  8.000E+07 8.000E+07 3.280E+00 1.595E+02 2.144E+02 4.649E+01 4.204E+02 4.237E+02 1.014E+06 22.8897 1.00000
  9.000E+07 9.000E+07 3.295E+00 1.796E+02 2.413E+02 5.300E+01 4.739E+02 4.772E+02 1.036E+06 23.1253 1.00000
  1.000E+08 1.000E+08 3.308E+00 1.997E+02 2.682E+02 5.960E+01 5.275E+02 5.308E+02 1.056E+06 23.3360 1.00000
  1.200E+08 1.200E+08 3.332E+00 2.399E+02 3.220E+02 7.302E+01 6.349E+02 6.383E+02 1.090E+06 23.7006 1.00000
  1.400E+08 1.400E+08 3.352E+00 2.801E+02 3.758E+02 8.671E+01 7.426E+02 7.460E+02 1.119E+06 24.0089 1.00000
  1.700E+08 1.700E+08 3.378E+00 3.404E+02 4.566E+02 1.077E+02 9.046E+02 9.080E+02 1.155E+06 24.3972 1.00000
  2.000E+08 2.000E+08 3.399E+00 4.007E+02 5.373E+02 1.291E+02 1.067E+03 1.071E+03 1.186E+06 24.7223 1.00000
  2.500E+08 2.500E+08 3.429E+00 5.013E+02 6.719E+02 1.656E+02 1.339E+03 1.342E+03 1.227E+06 25.1686 1.00000
  3.000E+08 3.000E+08 3.454E+00 6.018E+02 8.065E+02 2.030E+02 1.611E+03 1.615E+03 1.261E+06 25.5332 1.00000
  3.500E+08 3.500E+08 3.475E+00 7.024E+02 9.411E+02 2.412E+02 1.885E+03 1.888E+03 1.290E+06 25.8415 1.00000
  4.000E+08 4.000E+08 3.493E+00 8.030E+02 1.076E+03 2.801E+02 2.159E+03 2.162E+03 1.315E+06 26.1086 1.00000
  4.500E+08 4.500E+08 3.510E+00 9.036E+02 1.210E+03 3.195E+02 2.433E+03 2.437E+03 1.336E+06 26.3441 1.00000
  5.000E+08 5.000E+08 3.524E+00 1.004E+03 1.345E+03 3.595E+02 2.709E+03 2.712E+03 1.356E+06 26.5548 1.00000
  5.500E+08 5.500E+08 3.538E+00 1.105E+03 1.480E+03 4.000E+02 2.984E+03 2.988E+03 1.373E+06 26.7455 1.00000
  6.000E+08 6.000E+08 3.550E+00 1.205E+03 1.614E+03 4.409E+02 3.260E+03 3.264E+03 1.389E+06 26.9195 1.00000
  7.000E+08 7.000E+08 3.572E+00 1.407E+03 1.883E+03 5.240E+02 3.814E+03 3.818E+03 1.418E+06 27.2278 1.00000
  8.000E+08 8.000E+08 3.591E+00 1.608E+03 2.153E+03 6.086E+02 4.369E+03 4.373E+03 1.442E+06 27.4948 1.00000
  9.000E+08 9.000E+08 3.608E+00 1.809E+03 2.422E+03 6.945E+02 4.925E+03 4.929E+03 1.464E+06 27.7303 1.00000
  1.000E+09 1.000E+09 3.623E+00 2.010E+03 2.691E+03 7.816E+02 5.483E+03 5.486E+03 1.483E+06 27.9410 1.00000
  1.200E+09 1.200E+09 3.649E+00 2.413E+03 3.230E+03 9.589E+02 6.601E+03 6.605E+03 1.516E+06 28.3057 1.00000
  1.400E+09 1.400E+09 3.672E+00 2.815E+03 3.768E+03 1.140E+03 7.723E+03 7.727E+03 1.544E+06 28.6136 1.00000
  1.700E+09 1.700E+09 3.700E+00 3.419E+03 4.576E+03 1.418E+03 9.412E+03 9.416E+03 1.579E+06 29.0019 1.00000
  2.000E+09 2.000E+09 3.725E+00 4.022E+03 5.384E+03 1.702E+03 1.111E+04 1.111E+04 1.609E+06 29.3254 1.00000
  2.500E+09 2.500E+09 3.758E+00 5.028E+03 6.730E+03 2.186E+03 1.394E+04 1.395E+04 1.649E+06 29.7717 1.00000
  3.000E+09 3.000E+09 3.786E+00 6.034E+03 8.076E+03 2.684E+03 1.679E+04 1.680E+04 1.681E+06 30.1298 1.00000
  3.500E+09 3.500E+09 3.810E+00 7.041E+03 9.422E+03 3.192E+03 1.965E+04 1.966E+04 1.709E+06 30.4381 1.00000
  4.000E+09 4.000E+09 3.830E+00 8.047E+03 1.077E+04 3.709E+03 2.252E+04 2.253E+04 1.733E+06 30.7052 1.00000
  4.500E+09 4.500E+09 3.851E+00 9.053E+03 1.212E+04 4.235E+03 2.540E+04 2.541E+04 1.753E+06 30.9116 1.00000
  5.000E+09 5.000E+09 3.867E+00 1.006E+04 1.346E+04 4.769E+03 2.829E+04 2.829E+04 1.772E+06 31.1223 1.00000
  5.500E+09 5.500E+09 3.882E+00 1.106E+04 1.481E+04 5.309E+03 3.118E+04 3.119E+04 1.789E+06 31.3130 1.00000
  6.000E+09 6.000E+09 3.896E+00 1.207E+04 1.615E+04 5.856E+03 3.408E+04 3.408E+04 1.804E+06 31.4870 1.00000
  7.000E+09 7.000E+09 3.920E+00 1.408E+04 1.885E+04 6.967E+03 3.990E+04 3.990E+04 1.831E+06 31.7953 1.00000
  8.000E+09 8.000E+09 3.953E+00 1.610E+04 2.154E+04 8.098E+03 4.573E+04 4.574E+04 1.855E+06 31.9069 1.00000
  9.000E+09 9.000E+09 3.972E+00 1.811E+04 2.423E+04 9.249E+03 5.159E+04 5.159E+04 1.875E+06 32.1424 1.00000
  1.000E+10 1.000E+10 3.989E+00 2.012E+04 2.692E+04 1.042E+04 5.746E+04 5.746E+04 1.894E+06 32.3532 1.00000
  1.200E+10 1.200E+10 4.019E+00 2.414E+04 3.231E+04 1.280E+04 6.925E+04 6.925E+04 1.925E+06 32.7178 1.00000
  1.400E+10 1.400E+10 4.044E+00 2.817E+04 3.769E+04 1.523E+04 8.109E+04 8.110E+04 1.952E+06 33.0261 1.00000
  1.700E+10 1.700E+10 4.076E+00 3.421E+04 4.577E+04 1.896E+04 9.894E+04 9.894E+04 1.985E+06 33.4144 1.00000
  2.000E+10 2.000E+10 4.103E+00 4.024E+04 5.385E+04 2.278E+04 1.169E+05 1.169E+05 2.013E+06 33.7395 1.00000
  2.500E+10 2.500E+10 4.140E+00 5.030E+04 6.731E+04 2.932E+04 1.469E+05 1.469E+05 2.051E+06 34.1857 1.00000
  3.000E+10 3.000E+10 4.171E+00 6.036E+04 8.078E+04 3.604E+04 1.772E+05 1.772E+05 2.082E+06 34.5504 1.00000
  3.500E+10 3.500E+10 4.198E+00 7.043E+04 9.424E+04 4.291E+04 2.076E+05 2.076E+05 2.108E+06 34.8587 1.00000
  4.000E+10 4.000E+10 4.220E+00 8.049E+04 1.077E+05 4.992E+04 2.381E+05 2.381E+05 2.131E+06 35.1258 1.00000
  4.500E+10 4.500E+10 4.241E+00 9.055E+04 1.212E+05 5.704E+04 2.688E+05 2.688E+05 2.151E+06 35.3613 1.00000
  5.000E+10 5.000E+10 4.259E+00 1.006E+05 1.346E+05 6.427E+04 2.995E+05 2.995E+05 2.168E+06 35.5720 1.00000
  5.500E+10 5.500E+10 4.276E+00 1.107E+05 1.481E+05 7.161E+04 3.304E+05 3.304E+05 2.184E+06 35.7627 1.00000
  6.000E+10 6.000E+10 4.291E+00 1.207E+05 1.616E+05 7.903E+04 3.613E+05 3.613E+05 2.199E+06 35.9367 1.00000
  7.000E+10 7.000E+10 4.318E+00 1.409E+05 1.885E+05 9.413E+04 4.235E+05 4.235E+05 2.224E+06 36.2450 1.00000
  8.000E+10 8.000E+10 4.342E+00 1.610E+05 2.154E+05 1.095E+05 4.859E+05 4.859E+05 2.246E+06 36.5120 1.00000
  9.000E+10 9.000E+10 4.363E+00 1.811E+05 2.423E+05 1.252E+05 5.486E+05 5.486E+05 2.265E+06 36.7476 1.00000
  1.000E+11 1.000E+11 4.382E+00 2.012E+05 2.693E+05 1.411E+05 6.116E+05 6.116E+05 2.283E+06 36.9583 1.00000
  1.200E+11 1.200E+11 4.415E+00 2.415E+05 3.231E+05 1.736E+05 7.382E+05 7.382E+05 2.312E+06 37.3230 1.00000
  1.400E+11 1.400E+11 4.443E+00 2.817E+05 3.770E+05 2.068E+05 8.655E+05 8.655E+05 2.337E+06 37.6313 1.00000
  1.700E+11 1.700E+11 4.479E+00 3.421E+05 4.577E+05 2.579E+05 1.058E+06 1.058E+06 2.369E+06 38.0196 1.00000
  2.000E+11 2.000E+11 4.509E+00 4.024E+05 5.385E+05 3.103E+05 1.251E+06 1.251E+06 2.395E+06 38.3446 1.00000
  2.500E+11 2.500E+11 4.551E+00 5.031E+05 6.731E+05 4.001E+05 1.576E+06 1.576E+06 2.430E+06 38.7909 1.00000
  3.000E+11 3.000E+11 4.586E+00 6.037E+05 8.077E+05 4.925E+05 1.904E+06 1.904E+06 2.459E+06 39.1556 1.00000
  3.500E+11 3.500E+11 4.615E+00 7.043E+05 9.424E+05 5.871E+05 2.234E+06 2.234E+06 2.483E+06 39.4639 1.00000
  4.000E+11 4.000E+11 4.641E+00 8.049E+05 1.077E+06 6.836E+05 2.566E+06 2.566E+06 2.504E+06 39.7309 1.00000
  4.500E+11 4.500E+11 4.663E+00 9.055E+05 1.212E+06 7.820E+05 2.899E+06 2.899E+06 2.523E+06 39.9665 1.00000
  5.000E+11 5.000E+11 4.684E+00 1.006E+06 1.346E+06 8.819E+05 3.234E+06 3.234E+06 2.539E+06 40.1772 1.00000
  5.500E+11 5.500E+11 4.702E+00 1.107E+06 1.481E+06 9.833E+05 3.571E+06 3.571E+06 2.554E+06 40.3678 1.00000
  6.000E+11 6.000E+11 4.719E+00 1.207E+06 1.615E+06 1.086E+06 3.909E+06 3.909E+06 2.567E+06 40.5419 1.00000
  7.000E+11 7.000E+11 4.750E+00 1.409E+06 1.885E+06 1.295E+06 4.588E+06 4.588E+06 2.591E+06 40.8502 1.00000
  8.000E+11 8.000E+11 4.776E+00 1.610E+06 2.154E+06 1.509E+06 5.272E+06 5.272E+06 2.611E+06 41.1172 1.00000
  9.000E+11 9.000E+11 4.800E+00 1.811E+06 2.423E+06 1.726E+06 5.960E+06 5.960E+06 2.629E+06 41.3528 1.00000
  1.000E+12 1.000E+12 4.821E+00 2.012E+06 2.692E+06 1.947E+06 6.652E+06 6.652E+06 2.645E+06 41.5635 1.00000
