 Incident particle is a Muon with M = 105.65839 MeV
 Index = 0: Dysprosium
      Absorber with <Z/A> = 0.40615
 Sternheimer coef:  a     k=m_s   x_0    x_1    I[eV]   Cbar  delta0
                 0.2466  2.5849  0.0822  3.4474  628.0  5.9182 0.14

 *** Table generated with PUMAS v1.00 ***

      T         p     Ionization  brems     pair     photonuc  Radloss    dE/dx   CSDA Range  delta   beta
    [MeV]    [MeV/c]  -----------------------[MeV cm^2/g]------------------------  [g/cm^2]
  1.000E+00 1.457E+01 2.277E+01 4.682E-06 0.000E+00 0.000E+00 4.682E-06 2.277E+01 2.195E-02  0.0018 0.13661
  1.200E+00 1.597E+01 2.003E+01 5.377E-06 0.000E+00 0.000E+00 5.377E-06 2.003E+01 3.134E-02  0.0022 0.14944
  1.400E+00 1.726E+01 1.795E+01 6.036E-06 0.000E+00 0.000E+00 6.036E-06 1.795E+01 4.190E-02  0.0026 0.16119
  1.700E+00 1.903E+01 1.559E+01 6.968E-06 0.000E+00 0.000E+00 6.968E-06 1.559E+01 5.988E-02  0.0031 0.17725
  2.000E+00 2.066E+01 1.385E+01 7.843E-06 0.000E+00 0.000E+00 7.843E-06 1.385E+01 8.033E-02  0.0037 0.19186
  2.500E+00 2.312E+01 1.174E+01 9.200E-06 0.000E+00 0.000E+00 9.200E-06 1.174E+01 1.197E-01  0.0046 0.21376
  3.000E+00 2.536E+01 1.026E+01 1.045E-05 0.000E+00 0.000E+00 1.045E-05 1.026E+01 1.653E-01  0.0055 0.23336
  3.500E+00 2.742E+01 9.143E+00 1.162E-05 0.000E+00 0.000E+00 1.162E-05 9.143E+00 2.171E-01  0.0065 0.25120
  4.000E+00 2.935E+01 8.276E+00 1.273E-05 0.000E+00 0.000E+00 1.273E-05 8.276E+00 2.746E-01  0.0074 0.26763
  4.500E+00 3.116E+01 7.579E+00 1.377E-05 0.000E+00 0.000E+00 1.377E-05 7.579E+00 3.378E-01  0.0083 0.28290
  5.000E+00 3.289E+01 7.007E+00 1.476E-05 0.000E+00 0.000E+00 1.476E-05 7.007E+00 4.065E-01  0.0093 0.29720
  5.500E+00 3.453E+01 6.528E+00 1.571E-05 0.000E+00 0.000E+00 1.571E-05 6.528E+00 4.804E-01  0.0102 0.31066
  6.000E+00 3.611E+01 6.120E+00 1.661E-05 0.000E+00 0.000E+00 1.661E-05 6.120E+00 5.596E-01  0.0112 0.32339
  7.000E+00 3.909E+01 5.463E+00 1.833E-05 0.000E+00 0.000E+00 1.833E-05 5.463E+00 7.328E-01  0.0131 0.34700
  8.000E+00 4.189E+01 4.955E+00 1.993E-05 0.000E+00 0.000E+00 1.993E-05 4.955E+00 9.252E-01  0.0151 0.36854
  9.000E+00 4.453E+01 4.550E+00 2.143E-05 0.000E+00 0.000E+00 2.143E-05 4.550E+00 1.136E+00  0.0170 0.38836
  1.000E+01 4.704E+01 4.219E+00 2.286E-05 0.000E+00 0.000E+00 2.286E-05 4.219E+00 1.364E+00  0.0190 0.40675
  1.200E+01 5.177E+01 3.709E+00 2.551E-05 0.000E+00 0.000E+00 2.551E-05 3.709E+00 1.871E+00  0.0230 0.43998
  1.400E+01 5.616E+01 3.335E+00 2.796E-05 0.000E+00 0.000E+00 2.796E-05 3.335E+00 2.440E+00  0.0271 0.46937
  1.700E+01 6.230E+01 2.929E+00 3.136E-05 0.000E+00 0.000E+00 3.136E-05 2.929E+00 3.402E+00  0.0333 0.50792
  2.000E+01 6.802E+01 2.637E+00 3.451E-05 0.000E+00 0.000E+00 3.451E-05 2.637E+00 4.483E+00  0.0397 0.54129
  2.500E+01 7.686E+01 2.300E+00 3.937E-05 0.000E+00 0.000E+00 3.937E-05 2.300E+00 6.518E+00  0.0507 0.58827
  3.000E+01 8.509E+01 2.071E+00 4.393E-05 0.000E+00 0.000E+00 4.393E-05 2.071E+00 8.813E+00  0.0622 0.62720
  3.500E+01 9.285E+01 1.905E+00 4.830E-05 0.000E+00 0.000E+00 4.830E-05 1.906E+00 1.133E+01  0.0740 0.66011
  4.000E+01 1.003E+02 1.781E+00 5.254E-05 0.000E+00 0.000E+00 5.254E-05 1.781E+00 1.405E+01  0.0863 0.68834
  4.500E+01 1.074E+02 1.684E+00 5.671E-05 0.000E+00 0.000E+00 5.671E-05 1.685E+00 1.694E+01  0.0991 0.71286
  5.000E+01 1.143E+02 1.607E+00 6.085E-05 0.000E+00 0.000E+00 6.085E-05 1.607E+00 1.997E+01  0.1122 0.73434
  5.500E+01 1.210E+02 1.545E+00 6.496E-05 0.000E+00 0.000E+00 6.496E-05 1.545E+00 2.315E+01  0.1258 0.75332
  6.000E+01 1.276E+02 1.493E+00 6.907E-05 0.000E+00 0.000E+00 6.907E-05 1.493E+00 2.644E+01  0.1398 0.77019
  7.000E+01 1.403E+02 1.415E+00 7.734E-05 0.000E+00 0.000E+00 7.734E-05 1.415E+00 3.332E+01  0.1509 0.79887
  8.000E+01 1.527E+02 1.359E+00 8.571E-05 0.000E+00 0.000E+00 8.571E-05 1.359E+00 4.054E+01  0.1643 0.82227
  9.000E+01 1.647E+02 1.316E+00 9.423E-05 0.000E+00 0.000E+00 9.423E-05 1.316E+00 4.801E+01  0.1786 0.84166
  1.000E+02 1.764E+02 1.284E+00 1.029E-04 0.000E+00 0.000E+00 1.029E-04 1.284E+00 5.570E+01  0.1935 0.85794
  1.200E+02 1.994E+02 1.240E+00 1.208E-04 0.000E+00 0.000E+00 1.208E-04 1.240E+00 7.155E+01  0.2244 0.88361
  1.400E+02 2.218E+02 1.213E+00 1.394E-04 0.000E+00 0.000E+00 1.394E-04 1.213E+00 8.786E+01  0.2558 0.90278
  1.700E+02 2.546E+02 1.190E+00 1.687E-04 0.000E+00 0.000E+00 1.687E-04 1.190E+00 1.128E+02  0.3028 0.92363
  2.000E+02 2.868E+02 1.179E+00 1.997E-04 0.000E+00 0.000E+00 1.997E-04 1.180E+00 1.381E+02  0.3490 0.93835
  2.500E+02 3.396E+02 1.176E+00 2.546E-04 0.000E+00 0.000E+00 2.546E-04 1.176E+00 1.806E+02  0.4233 0.95485
  3.000E+02 3.917E+02 1.181E+00 3.134E-04 0.000E+00 0.000E+00 3.134E-04 1.181E+00 2.230E+02  0.4940 0.96548
  3.500E+02 4.432E+02 1.189E+00 3.758E-04 0.000E+00 0.000E+00 3.758E-04 1.190E+00 2.652E+02  0.5612 0.97274
  4.000E+02 4.945E+02 1.200E+00 4.415E-04 0.000E+00 0.000E+00 4.415E-04 1.200E+00 3.071E+02  0.6251 0.97793
  4.500E+02 5.455E+02 1.211E+00 5.102E-04 3.782E-05 0.000E+00 5.480E-04 1.211E+00 3.485E+02  0.6859 0.98176
  5.000E+02 5.964E+02 1.222E+00 5.817E-04 6.540E-05 0.000E+00 6.471E-04 1.223E+00 3.896E+02  0.7440 0.98467
  5.500E+02 6.471E+02 1.233E+00 6.559E-04 9.212E-05 0.000E+00 7.480E-04 1.234E+00 4.303E+02  0.7996 0.98693
  6.000E+02 6.977E+02 1.244E+00 7.325E-04 1.223E-04 0.000E+00 8.548E-04 1.245E+00 4.707E+02  0.8529 0.98873
  7.000E+02 7.987E+02 1.264E+00 8.926E-04 1.939E-04 0.000E+00 1.086E-03 1.265E+00 5.504E+02  0.9533 0.99136
  8.000E+02 8.995E+02 1.283E+00 1.061E-03 2.796E-04 0.000E+00 1.341E-03 1.284E+00 6.288E+02  1.0465 0.99317
  9.000E+02 1.000E+03 1.300E+00 1.237E-03 3.786E-04 0.000E+00 1.616E-03 1.302E+00 7.062E+02  1.1336 0.99447
  1.000E+03 1.101E+03 1.316E+00 1.420E-03 4.902E-04 0.000E+00 1.910E-03 1.318E+00 7.825E+02  1.2154 0.99542
  1.200E+03 1.301E+03 1.345E+00 1.805E-03 7.481E-04 2.246E-05 2.575E-03 1.347E+00 9.326E+02  1.3656 0.99672
  1.400E+03 1.502E+03 1.369E+00 2.212E-03 1.048E-03 6.091E-05 3.321E-03 1.372E+00 1.080E+03  1.5010 0.99753
  1.700E+03 1.803E+03 1.400E+00 2.858E-03 1.568E-03 1.290E-04 4.555E-03 1.405E+00 1.296E+03  1.6827 0.99829
  2.000E+03 2.103E+03 1.427E+00 3.541E-03 2.163E-03 2.082E-04 5.912E-03 1.433E+00 1.507E+03  1.8440 0.99874
  2.500E+03 2.604E+03 1.463E+00 4.751E-03 3.297E-03 3.593E-04 8.407E-03 1.471E+00 1.852E+03  2.0791 0.99918
  3.000E+03 3.104E+03 1.492E+00 6.034E-03 4.584E-03 5.157E-04 1.113E-02 1.503E+00 2.188E+03  2.2826 0.99942
  3.500E+03 3.604E+03 1.516E+00 7.380E-03 6.003E-03 6.796E-04 1.406E-02 1.530E+00 2.518E+03  2.4626 0.99957
  4.000E+03 4.104E+03 1.537E+00 8.780E-03 7.547E-03 8.535E-04 1.718E-02 1.554E+00 2.842E+03  2.6241 0.99967
  4.500E+03 4.604E+03 1.555E+00 1.023E-02 9.198E-03 1.033E-03 2.046E-02 1.576E+00 3.161E+03  2.7709 0.99974
  5.000E+03 5.105E+03 1.571E+00 1.172E-02 1.094E-02 1.205E-03 2.386E-02 1.595E+00 3.477E+03  2.9056 0.99979
  5.500E+03 5.605E+03 1.585E+00 1.325E-02 1.277E-02 1.389E-03 2.741E-02 1.613E+00 3.788E+03  3.0301 0.99982
  6.000E+03 6.105E+03 1.598E+00 1.481E-02 1.467E-02 1.560E-03 3.105E-02 1.629E+00 4.097E+03  3.1460 0.99985
  7.000E+03 7.105E+03 1.621E+00 1.804E-02 1.868E-02 1.921E-03 3.864E-02 1.659E+00 4.705E+03  3.3563 0.99989
  8.000E+03 8.105E+03 1.640E+00 2.137E-02 2.294E-02 2.278E-03 4.659E-02 1.686E+00 5.303E+03  3.5435 0.99992
  9.000E+03 9.105E+03 1.656E+00 2.481E-02 2.741E-02 2.612E-03 5.482E-02 1.711E+00 5.892E+03  3.7126 0.99993
  1.000E+04 1.011E+04 1.671E+00 2.833E-02 3.206E-02 2.956E-03 6.334E-02 1.734E+00 6.472E+03  3.8667 0.99995
  1.200E+04 1.211E+04 1.695E+00 3.560E-02 4.185E-02 3.649E-03 8.109E-02 1.776E+00 7.612E+03  4.1400 0.99996
  1.400E+04 1.411E+04 1.715E+00 4.312E-02 5.219E-02 4.341E-03 9.965E-02 1.815E+00 8.726E+03  4.3773 0.99997
  1.700E+04 1.711E+04 1.740E+00 5.482E-02 6.855E-02 5.360E-03 1.287E-01 1.868E+00 1.035E+04  4.6840 0.99998
  2.000E+04 2.011E+04 1.760E+00 6.691E-02 8.574E-02 6.356E-03 1.590E-01 1.919E+00 1.194E+04  4.9473 0.99999
  2.500E+04 2.511E+04 1.786E+00 8.781E-02 1.159E-01 7.983E-03 2.117E-01 1.997E+00 1.449E+04  5.3179 0.99999
  3.000E+04 3.011E+04 1.806E+00 1.095E-01 1.475E-01 9.573E-03 2.665E-01 2.073E+00 1.695E+04  5.6282 0.99999
  3.500E+04 3.511E+04 1.823E+00 1.317E-01 1.803E-01 1.117E-02 3.232E-01 2.146E+00 1.932E+04  5.8957 1.00000
  4.000E+04 4.011E+04 1.837E+00 1.545E-01 2.141E-01 1.275E-02 3.813E-01 2.219E+00 2.161E+04  6.1310 1.00000
  4.500E+04 4.511E+04 1.850E+00 1.777E-01 2.487E-01 1.431E-02 4.406E-01 2.290E+00 2.383E+04  6.3412 1.00000
  5.000E+04 5.011E+04 1.860E+00 2.013E-01 2.839E-01 1.586E-02 5.010E-01 2.361E+00 2.598E+04  6.5312 1.00000
  5.500E+04 5.511E+04 1.870E+00 2.252E-01 3.198E-01 1.742E-02 5.624E-01 2.432E+00 2.807E+04  6.7048 1.00000
  6.000E+04 6.011E+04 1.878E+00 2.494E-01 3.562E-01 1.896E-02 6.246E-01 2.503E+00 3.010E+04  6.8644 1.00000
  7.000E+04 7.011E+04 1.893E+00 2.987E-01 4.303E-01 2.201E-02 7.510E-01 2.644E+00 3.399E+04  7.1502 1.00000
  8.000E+04 8.011E+04 1.906E+00 3.489E-01 5.060E-01 2.507E-02 8.800E-01 2.786E+00 3.767E+04  7.4006 1.00000
  9.000E+04 9.011E+04 1.917E+00 3.999E-01 5.829E-01 2.812E-02 1.011E+00 2.927E+00 4.117E+04  7.6236 1.00000
  1.000E+05 1.001E+05 1.926E+00 4.515E-01 6.609E-01 3.111E-02 1.143E+00 3.070E+00 4.451E+04  7.8245 1.00000
  1.200E+05 1.201E+05 1.942E+00 5.566E-01 8.194E-01 3.719E-02 1.413E+00 3.356E+00 5.075E+04  8.1755 1.00000
  1.400E+05 1.401E+05 1.956E+00 6.635E-01 9.807E-01 4.326E-02 1.687E+00 3.643E+00 5.647E+04  8.4752 1.00000
  1.700E+05 1.701E+05 1.973E+00 8.268E-01 1.227E+00 5.235E-02 2.106E+00 4.078E+00 6.427E+04  8.8559 1.00000
  2.000E+05 2.001E+05 1.986E+00 9.929E-01 1.476E+00 6.149E-02 2.530E+00 4.517E+00 7.127E+04  9.1771 1.00000
  2.500E+05 2.501E+05 2.005E+00 1.275E+00 1.898E+00 7.673E-02 3.249E+00 5.254E+00 8.156E+04  9.6209 1.00000
  3.000E+05 3.001E+05 2.020E+00 1.561E+00 2.325E+00 9.207E-02 3.978E+00 5.999E+00 9.049E+04  9.9852 1.00000
  3.500E+05 3.501E+05 2.033E+00 1.851E+00 2.757E+00 1.076E-01 4.715E+00 6.748E+00 9.836E+04 10.2934 1.00000
  4.000E+05 4.001E+05 2.044E+00 2.144E+00 3.192E+00 1.232E-01 5.458E+00 7.503E+00 1.054E+05 10.5603 1.00000
  4.500E+05 4.501E+05 2.054E+00 2.439E+00 3.629E+00 1.388E-01 6.207E+00 8.261E+00 1.118E+05 10.7959 1.00000
  5.000E+05 5.001E+05 2.063E+00 2.736E+00 4.068E+00 1.546E-01 6.959E+00 9.022E+00 1.176E+05 11.0065 1.00000
  5.500E+05 5.501E+05 2.071E+00 3.035E+00 4.509E+00 1.702E-01 7.715E+00 9.786E+00 1.229E+05 11.1971 1.00000
  6.000E+05 6.001E+05 2.078E+00 3.336E+00 4.952E+00 1.859E-01 8.474E+00 1.055E+01 1.278E+05 11.3711 1.00000
  7.000E+05 7.001E+05 2.091E+00 3.941E+00 5.841E+00 2.177E-01 1.000E+01 1.209E+01 1.367E+05 11.6794 1.00000
  8.000E+05 8.001E+05 2.102E+00 4.551E+00 6.734E+00 2.497E-01 1.153E+01 1.364E+01 1.445E+05 11.9464 1.00000
  9.000E+05 9.001E+05 2.112E+00 5.164E+00 7.630E+00 2.820E-01 1.308E+01 1.519E+01 1.514E+05 12.1819 1.00000
  1.000E+06 1.000E+06 2.121E+00 5.781E+00 8.529E+00 3.147E-01 1.462E+01 1.675E+01 1.577E+05 12.3926 1.00000
  1.200E+06 1.200E+06 2.137E+00 7.021E+00 1.033E+01 3.807E-01 1.773E+01 1.987E+01 1.687E+05 12.7572 1.00000
  1.400E+06 1.400E+06 2.150E+00 8.268E+00 1.214E+01 4.476E-01 2.086E+01 2.301E+01 1.781E+05 13.0655 1.00000
  1.700E+06 1.700E+06 2.167E+00 1.015E+01 1.486E+01 5.495E-01 2.557E+01 2.773E+01 1.900E+05 13.4538 1.00000
  2.000E+06 2.000E+06 2.181E+00 1.204E+01 1.760E+01 6.531E-01 3.029E+01 3.247E+01 2.001E+05 13.7788 1.00000
  2.500E+06 2.500E+06 2.200E+00 1.521E+01 2.216E+01 8.288E-01 3.820E+01 4.040E+01 2.139E+05 14.2251 1.00000
  3.000E+06 3.000E+06 2.216E+00 1.840E+01 2.673E+01 1.008E+00 4.614E+01 4.836E+01 2.253E+05 14.5897 1.00000
  3.500E+06 3.500E+06 2.230E+00 2.160E+01 3.132E+01 1.190E+00 5.410E+01 5.633E+01 2.349E+05 14.8980 1.00000
  4.000E+06 4.000E+06 2.242E+00 2.480E+01 3.590E+01 1.374E+00 6.208E+01 6.432E+01 2.432E+05 15.1650 1.00000
  4.500E+06 4.500E+06 2.253E+00 2.802E+01 4.050E+01 1.561E+00 7.007E+01 7.233E+01 2.506E+05 15.4006 1.00000
  5.000E+06 5.000E+06 2.262E+00 3.123E+01 4.509E+01 1.750E+00 7.808E+01 8.034E+01 2.571E+05 15.6113 1.00000
  5.500E+06 5.500E+06 2.271E+00 3.446E+01 4.969E+01 1.941E+00 8.609E+01 8.836E+01 2.631E+05 15.8019 1.00000
  6.000E+06 6.000E+06 2.279E+00 3.768E+01 5.429E+01 2.133E+00 9.411E+01 9.639E+01 2.685E+05 15.9760 1.00000
  7.000E+06 7.000E+06 2.293E+00 4.415E+01 6.350E+01 2.523E+00 1.102E+02 1.125E+02 2.781E+05 16.2842 1.00000
  8.000E+06 8.000E+06 2.305E+00 5.062E+01 7.272E+01 2.919E+00 1.263E+02 1.286E+02 2.865E+05 16.5513 1.00000
  9.000E+06 9.000E+06 2.316E+00 5.710E+01 8.194E+01 3.320E+00 1.424E+02 1.447E+02 2.938E+05 16.7869 1.00000
  1.000E+07 1.000E+07 2.326E+00 6.359E+01 9.116E+01 3.725E+00 1.585E+02 1.608E+02 3.004E+05 16.9976 1.00000
  1.200E+07 1.200E+07 2.343E+00 7.658E+01 1.096E+02 4.549E+00 1.908E+02 1.931E+02 3.118E+05 17.3622 1.00000
  1.400E+07 1.400E+07 2.357E+00 8.959E+01 1.281E+02 5.387E+00 2.231E+02 2.254E+02 3.214E+05 17.6705 1.00000
  1.700E+07 1.700E+07 2.376E+00 1.091E+02 1.558E+02 6.668E+00 2.716E+02 2.740E+02 3.335E+05 18.0588 1.00000
  2.000E+07 2.000E+07 2.391E+00 1.287E+02 1.835E+02 7.974E+00 3.202E+02 3.226E+02 3.436E+05 18.3839 1.00000
  2.500E+07 2.500E+07 2.413E+00 1.613E+02 2.298E+02 1.020E+01 4.012E+02 4.037E+02 3.576E+05 18.8302 1.00000
  3.000E+07 3.000E+07 2.431E+00 1.939E+02 2.760E+02 1.247E+01 4.824E+02 4.848E+02 3.689E+05 19.1948 1.00000
  3.500E+07 3.500E+07 2.446E+00 2.266E+02 3.222E+02 1.478E+01 5.636E+02 5.661E+02 3.785E+05 19.5031 1.00000
  4.000E+07 4.000E+07 2.459E+00 2.593E+02 3.685E+02 1.713E+01 6.449E+02 6.474E+02 3.868E+05 19.7702 1.00000
  4.500E+07 4.500E+07 2.471E+00 2.919E+02 4.148E+02 1.952E+01 7.262E+02 7.287E+02 3.941E+05 20.0057 1.00000
  5.000E+07 5.000E+07 2.482E+00 3.246E+02 4.610E+02 2.193E+01 8.076E+02 8.101E+02 4.006E+05 20.2164 1.00000
  5.500E+07 5.500E+07 2.491E+00 3.573E+02 5.073E+02 2.437E+01 8.890E+02 8.915E+02 4.065E+05 20.4071 1.00000
  6.000E+07 6.000E+07 2.500E+00 3.900E+02 5.536E+02 2.683E+01 9.704E+02 9.729E+02 4.119E+05 20.5811 1.00000
  7.000E+07 7.000E+07 2.516E+00 4.554E+02 6.461E+02 3.183E+01 1.133E+03 1.136E+03 4.214E+05 20.8894 1.00000
  8.000E+07 8.000E+07 2.529E+00 5.209E+02 7.387E+02 3.691E+01 1.296E+03 1.299E+03 4.297E+05 21.1565 1.00000
  9.000E+07 9.000E+07 2.541E+00 5.863E+02 8.313E+02 4.205E+01 1.460E+03 1.462E+03 4.369E+05 21.3920 1.00000
  1.000E+08 1.000E+08 2.552E+00 6.518E+02 9.238E+02 4.727E+01 1.623E+03 1.625E+03 4.434E+05 21.6027 1.00000
  1.200E+08 1.200E+08 2.571E+00 7.827E+02 1.109E+03 5.787E+01 1.950E+03 1.952E+03 4.547E+05 21.9674 1.00000
  1.400E+08 1.400E+08 2.588E+00 9.136E+02 1.294E+03 6.868E+01 2.276E+03 2.279E+03 4.642E+05 22.2757 1.00000
  1.700E+08 1.700E+08 2.608E+00 1.110E+03 1.572E+03 8.521E+01 2.767E+03 2.770E+03 4.762E+05 22.6640 1.00000
  2.000E+08 2.000E+08 2.625E+00 1.306E+03 1.850E+03 1.021E+02 3.258E+03 3.261E+03 4.862E+05 22.9890 1.00000
  2.500E+08 2.500E+08 2.650E+00 1.634E+03 2.312E+03 1.308E+02 4.077E+03 4.080E+03 5.000E+05 23.4353 1.00000
  3.000E+08 3.000E+08 2.669E+00 1.961E+03 2.775E+03 1.603E+02 4.897E+03 4.900E+03 5.112E+05 23.8000 1.00000
  3.500E+08 3.500E+08 2.686E+00 2.289E+03 3.238E+03 1.903E+02 5.717E+03 5.720E+03 5.207E+05 24.1083 1.00000
  4.000E+08 4.000E+08 2.701E+00 2.616E+03 3.701E+03 2.208E+02 6.538E+03 6.541E+03 5.289E+05 24.3753 1.00000
  4.500E+08 4.500E+08 2.714E+00 2.944E+03 4.164E+03 2.518E+02 7.360E+03 7.362E+03 5.361E+05 24.6109 1.00000
  5.000E+08 5.000E+08 2.726E+00 3.271E+03 4.627E+03 2.831E+02 8.181E+03 8.184E+03 5.426E+05 24.8216 1.00000
  5.500E+08 5.500E+08 2.737E+00 3.599E+03 5.090E+03 3.149E+02 9.004E+03 9.006E+03 5.484E+05 25.0122 1.00000
  6.000E+08 6.000E+08 2.747E+00 3.926E+03 5.553E+03 3.469E+02 9.826E+03 9.829E+03 5.537E+05 25.1863 1.00000
  7.000E+08 7.000E+08 2.764E+00 4.581E+03 6.478E+03 4.120E+02 1.147E+04 1.147E+04 5.632E+05 25.4946 1.00000
  8.000E+08 8.000E+08 2.779E+00 5.237E+03 7.404E+03 4.782E+02 1.312E+04 1.312E+04 5.713E+05 25.7616 1.00000
  9.000E+08 9.000E+08 2.793E+00 5.892E+03 8.330E+03 5.454E+02 1.477E+04 1.477E+04 5.785E+05 25.9972 1.00000
  1.000E+09 1.000E+09 2.805E+00 6.547E+03 9.255E+03 6.135E+02 1.642E+04 1.642E+04 5.850E+05 26.2079 1.00000
