 Incident particle is a Muon with M = 105.65839 MeV
 Index = 0: EGlass
      Absorber with <Z/A> = 0.49686
 Sternheimer coef:  a     k=m_s   x_0    x_1    I[eV]   Cbar  delta0
                 0.1380  3.0000  0.2000  3.0000  143.4  3.9495 0.00

 *** Table generated with PUMAS v1.00 ***

      T         p     Ionization  brems     pair     photonuc  Radloss    dE/dx   CSDA Range  delta   beta
    [MeV]    [MeV/c]  -----------------------[MeV cm^2/g]------------------------  [g/cm^2]
  1.000E+00 1.457E+01 3.994E+01 1.164E-06 0.000E+00 0.000E+00 1.164E-06 3.994E+01 1.252E-02  0.0000 0.13661
  1.200E+00 1.597E+01 3.461E+01 1.336E-06 0.000E+00 0.000E+00 1.336E-06 3.461E+01 1.791E-02  0.0000 0.14944
  1.400E+00 1.726E+01 3.063E+01 1.501E-06 0.000E+00 0.000E+00 1.501E-06 3.063E+01 2.407E-02  0.0000 0.16119
  1.700E+00 1.903E+01 2.626E+01 1.736E-06 0.000E+00 0.000E+00 1.736E-06 2.626E+01 3.468E-02  0.0000 0.17725
  2.000E+00 2.066E+01 2.307E+01 1.958E-06 0.000E+00 0.000E+00 1.958E-06 2.307E+01 4.689E-02  0.0000 0.19186
  2.500E+00 2.312E+01 1.931E+01 2.305E-06 0.000E+00 0.000E+00 2.305E-06 1.931E+01 7.068E-02  0.0000 0.21376
  3.000E+00 2.536E+01 1.669E+01 2.629E-06 0.000E+00 0.000E+00 2.629E-06 1.669E+01 9.860E-02  0.0000 0.23336
  3.500E+00 2.742E+01 1.476E+01 2.934E-06 0.000E+00 0.000E+00 2.934E-06 1.476E+01 1.305E-01  0.0000 0.25120
  4.000E+00 2.935E+01 1.328E+01 3.223E-06 0.000E+00 0.000E+00 3.223E-06 1.328E+01 1.663E-01  0.0000 0.26763
  4.500E+00 3.116E+01 1.210E+01 3.499E-06 0.000E+00 0.000E+00 3.499E-06 1.210E+01 2.058E-01  0.0000 0.28290
  5.000E+00 3.289E+01 1.113E+01 3.763E-06 0.000E+00 0.000E+00 3.763E-06 1.113E+01 2.489E-01  0.0000 0.29720
  5.500E+00 3.453E+01 1.033E+01 4.016E-06 0.000E+00 0.000E+00 4.016E-06 1.033E+01 2.956E-01  0.0000 0.31066
  6.000E+00 3.611E+01 9.650E+00 4.260E-06 0.000E+00 0.000E+00 4.260E-06 9.650E+00 3.457E-01  0.0000 0.32339
  7.000E+00 3.909E+01 8.563E+00 4.724E-06 0.000E+00 0.000E+00 4.724E-06 8.563E+00 4.559E-01  0.0000 0.34700
  8.000E+00 4.189E+01 7.729E+00 5.161E-06 0.000E+00 0.000E+00 5.161E-06 7.729E+00 5.790E-01  0.0000 0.36854
  9.000E+00 4.453E+01 7.068E+00 5.574E-06 0.000E+00 0.000E+00 5.574E-06 7.068E+00 7.144E-01  0.0000 0.38836
  1.000E+01 4.704E+01 6.532E+00 5.968E-06 0.000E+00 0.000E+00 5.968E-06 6.532E+00 8.617E-01  0.0000 0.40675
  1.200E+01 5.177E+01 5.711E+00 6.708E-06 0.000E+00 0.000E+00 6.708E-06 5.711E+00 1.190E+00  0.0000 0.43998
  1.400E+01 5.616E+01 5.112E+00 7.395E-06 0.000E+00 0.000E+00 7.395E-06 5.112E+00 1.561E+00  0.0000 0.46937
  1.700E+01 6.230E+01 4.466E+00 8.353E-06 0.000E+00 0.000E+00 8.353E-06 4.466E+00 2.190E+00  0.0000 0.50792
  2.000E+01 6.802E+01 4.006E+00 9.244E-06 0.000E+00 0.000E+00 9.244E-06 4.006E+00 2.900E+00  0.0000 0.54129
  2.500E+01 7.686E+01 3.476E+00 1.063E-05 0.000E+00 0.000E+00 1.063E-05 3.476E+00 4.244E+00  0.0000 0.58827
  3.000E+01 8.509E+01 3.118E+00 1.192E-05 0.000E+00 0.000E+00 1.192E-05 3.118E+00 5.765E+00  0.0000 0.62720
  3.500E+01 9.285E+01 2.861E+00 1.316E-05 0.000E+00 0.000E+00 1.316E-05 2.861E+00 7.440E+00  0.0000 0.66011
  4.000E+01 1.003E+02 2.668E+00 1.436E-05 0.000E+00 0.000E+00 1.436E-05 2.668E+00 9.251E+00  0.0000 0.68834
  4.500E+01 1.074E+02 2.519E+00 1.553E-05 0.000E+00 0.000E+00 1.553E-05 2.519E+00 1.118E+01  0.0000 0.71286
  5.000E+01 1.143E+02 2.400E+00 1.669E-05 0.000E+00 0.000E+00 1.669E-05 2.400E+00 1.321E+01  0.0000 0.73434
  5.500E+01 1.210E+02 2.304E+00 1.785E-05 0.000E+00 0.000E+00 1.785E-05 2.304E+00 1.534E+01  0.0000 0.75332
  6.000E+01 1.276E+02 2.224E+00 1.900E-05 0.000E+00 0.000E+00 1.900E-05 2.224E+00 1.755E+01  0.0000 0.77019
  7.000E+01 1.403E+02 2.102E+00 2.130E-05 0.000E+00 0.000E+00 2.130E-05 2.102E+00 2.218E+01  0.0000 0.79887
  8.000E+01 1.527E+02 2.014E+00 2.362E-05 0.000E+00 0.000E+00 2.362E-05 2.014E+00 2.704E+01  0.0000 0.82227
  9.000E+01 1.647E+02 1.948E+00 2.596E-05 0.000E+00 0.000E+00 2.596E-05 1.948E+00 3.209E+01  0.0000 0.84166
  1.000E+02 1.764E+02 1.894E+00 2.835E-05 0.000E+00 0.000E+00 2.835E-05 1.894E+00 3.729E+01  0.0324 0.85794
  1.200E+02 1.994E+02 1.817E+00 3.325E-05 0.000E+00 0.000E+00 3.325E-05 1.817E+00 4.808E+01  0.1106 0.88361
  1.400E+02 2.218E+02 1.767E+00 3.832E-05 0.000E+00 0.000E+00 3.832E-05 1.767E+00 5.924E+01  0.1838 0.90278
  1.700E+02 2.546E+02 1.721E+00 4.627E-05 2.565E-14 0.000E+00 4.627E-05 1.721E+00 7.644E+01  0.2858 0.92363
  2.000E+02 2.868E+02 1.696E+00 5.462E-05 6.025E-12 0.000E+00 5.462E-05 1.696E+00 9.400E+01  0.3802 0.93835
  2.500E+02 3.396E+02 1.677E+00 6.936E-05 9.551E-08 0.000E+00 6.946E-05 1.677E+00 1.236E+02  0.5236 0.95485
  3.000E+02 3.917E+02 1.673E+00 8.507E-05 1.140E-06 0.000E+00 8.621E-05 1.673E+00 1.535E+02  0.6534 0.96548
  3.500E+02 4.432E+02 1.676E+00 1.017E-04 3.192E-06 0.000E+00 1.048E-04 1.676E+00 1.834E+02  0.7723 0.97274
  4.000E+02 4.945E+02 1.683E+00 1.191E-04 6.226E-06 0.000E+00 1.253E-04 1.683E+00 2.131E+02  0.8822 0.97793
  4.500E+02 5.455E+02 1.691E+00 1.372E-04 1.021E-05 0.000E+00 1.474E-04 1.691E+00 2.428E+02  0.9845 0.98176
  5.000E+02 5.964E+02 1.701E+00 1.560E-04 1.510E-05 0.000E+00 1.711E-04 1.701E+00 2.722E+02  1.0803 0.98467
  5.500E+02 6.471E+02 1.711E+00 1.755E-04 2.087E-05 0.000E+00 1.964E-04 1.711E+00 3.016E+02  1.1706 0.98693
  6.000E+02 6.977E+02 1.720E+00 1.956E-04 2.749E-05 0.000E+00 2.230E-04 1.721E+00 3.307E+02  1.2558 0.98873
  7.000E+02 7.987E+02 1.740E+00 2.374E-04 4.317E-05 0.000E+00 2.805E-04 1.740E+00 3.885E+02  1.4138 0.99136
  8.000E+02 8.995E+02 1.758E+00 2.812E-04 6.193E-05 0.000E+00 3.431E-04 1.759E+00 4.456E+02  1.5576 0.99317
  9.000E+02 1.000E+03 1.776E+00 3.268E-04 8.356E-05 0.000E+00 4.104E-04 1.776E+00 5.022E+02  1.6898 0.99447
  1.000E+03 1.101E+03 1.792E+00 3.742E-04 1.079E-04 0.000E+00 4.820E-04 1.792E+00 5.583E+02  1.8122 0.99542
  1.200E+03 1.301E+03 1.820E+00 4.733E-04 1.641E-04 2.254E-05 6.599E-04 1.821E+00 6.690E+02  2.0332 0.99672
  1.400E+03 1.502E+03 1.846E+00 5.777E-04 2.293E-04 6.159E-05 8.687E-04 1.846E+00 7.781E+02  2.2290 0.99753
  1.700E+03 1.803E+03 1.878E+00 7.430E-04 3.424E-04 1.318E-04 1.217E-03 1.879E+00 9.391E+02  2.4867 0.99829
  2.000E+03 2.103E+03 1.905E+00 9.172E-04 4.717E-04 2.144E-04 1.603E-03 1.907E+00 1.098E+03  2.7116 0.99874
  2.500E+03 2.604E+03 1.942E+00 1.224E-03 7.182E-04 3.740E-04 2.316E-03 1.945E+00 1.357E+03  3.0335 0.99918
  3.000E+03 3.104E+03 1.972E+00 1.549E-03 9.982E-04 5.414E-04 3.089E-03 1.976E+00 1.612E+03  3.3071 0.99942
  3.500E+03 3.604E+03 1.998E+00 1.889E-03 1.307E-03 7.187E-04 3.915E-03 2.002E+00 1.864E+03  3.5455 0.99957
  4.000E+03 4.104E+03 2.019E+00 2.242E-03 1.654E-03 9.081E-04 4.804E-03 2.024E+00 2.112E+03  3.7571 0.99967
  4.500E+03 4.604E+03 2.038E+00 2.607E-03 2.031E-03 1.105E-03 5.742E-03 2.044E+00 2.358E+03  3.9473 0.99974
  5.000E+03 5.105E+03 2.055E+00 2.981E-03 2.429E-03 1.294E-03 6.704E-03 2.061E+00 2.602E+03  4.1203 0.99979
  5.500E+03 5.605E+03 2.070E+00 3.366E-03 2.847E-03 1.498E-03 7.711E-03 2.077E+00 2.843E+03  4.2791 0.99982
  6.000E+03 6.105E+03 2.083E+00 3.759E-03 3.283E-03 1.688E-03 8.730E-03 2.092E+00 3.083E+03  4.4257 0.99985
  7.000E+03 7.105E+03 2.106E+00 4.568E-03 4.205E-03 2.091E-03 1.086E-02 2.117E+00 3.558E+03  4.6895 0.99989
  8.000E+03 8.105E+03 2.126E+00 5.404E-03 5.186E-03 2.492E-03 1.308E-02 2.139E+00 4.028E+03  4.9219 0.99992
  9.000E+03 9.105E+03 2.143E+00 6.264E-03 6.218E-03 2.868E-03 1.535E-02 2.159E+00 4.494E+03  5.1298 0.99993
  1.000E+04 1.011E+04 2.159E+00 7.146E-03 7.295E-03 3.257E-03 1.770E-02 2.176E+00 4.955E+03  5.3178 0.99995
  1.200E+04 1.211E+04 2.184E+00 8.966E-03 9.571E-03 4.046E-03 2.258E-02 2.207E+00 5.868E+03  5.6478 0.99996
  1.400E+04 1.411E+04 2.205E+00 1.085E-02 1.198E-02 4.836E-03 2.767E-02 2.233E+00 6.769E+03  5.9310 0.99997
  1.700E+04 1.711E+04 2.231E+00 1.378E-02 1.582E-02 6.008E-03 3.560E-02 2.267E+00 8.102E+03  6.2926 0.99998
  2.000E+04 2.011E+04 2.252E+00 1.681E-02 1.986E-02 7.159E-03 4.383E-02 2.296E+00 9.417E+03  6.5992 0.99999
  2.500E+04 2.511E+04 2.280E+00 2.205E-02 2.699E-02 9.050E-03 5.809E-02 2.338E+00 1.158E+04  7.0253 0.99999
  3.000E+04 3.011E+04 2.302E+00 2.748E-02 3.451E-02 1.091E-02 7.289E-02 2.374E+00 1.370E+04  7.3774 0.99999
  3.500E+04 3.511E+04 2.320E+00 3.306E-02 4.233E-02 1.279E-02 8.818E-02 2.408E+00 1.579E+04  7.6774 1.00000
  4.000E+04 4.011E+04 2.335E+00 3.878E-02 5.043E-02 1.465E-02 1.039E-01 2.439E+00 1.785E+04  7.9389 1.00000
  4.500E+04 4.511E+04 2.348E+00 4.462E-02 5.874E-02 1.648E-02 1.198E-01 2.468E+00 1.989E+04  8.1706 1.00000
  5.000E+04 5.011E+04 2.360E+00 5.055E-02 6.725E-02 1.832E-02 1.361E-01 2.496E+00 2.191E+04  8.3785 1.00000
  5.500E+04 5.511E+04 2.371E+00 5.658E-02 7.592E-02 2.017E-02 1.527E-01 2.523E+00 2.390E+04  8.5672 1.00000
  6.000E+04 6.011E+04 2.380E+00 6.269E-02 8.475E-02 2.200E-02 1.694E-01 2.549E+00 2.587E+04  8.7398 1.00000
  7.000E+04 7.011E+04 2.397E+00 7.512E-02 1.028E-01 2.563E-02 2.035E-01 2.600E+00 2.975E+04  9.0464 1.00000
  8.000E+04 8.011E+04 2.411E+00 8.780E-02 1.213E-01 2.928E-02 2.383E-01 2.649E+00 3.356E+04  9.3125 1.00000
  9.000E+04 9.011E+04 2.423E+00 1.007E-01 1.401E-01 3.293E-02 2.737E-01 2.697E+00 3.730E+04  9.5476 1.00000
  1.000E+05 1.001E+05 2.434E+00 1.138E-01 1.593E-01 3.651E-02 3.095E-01 2.744E+00 4.098E+04  9.7580 1.00000
  1.200E+05 1.201E+05 2.453E+00 1.404E-01 1.984E-01 4.381E-02 3.826E-01 2.836E+00 4.815E+04 10.1223 1.00000
  1.400E+05 1.401E+05 2.469E+00 1.676E-01 2.383E-01 5.111E-02 4.570E-01 2.926E+00 5.510E+04 10.4304 1.00000
  1.700E+05 1.701E+05 2.489E+00 2.091E-01 2.995E-01 6.208E-02 5.707E-01 3.059E+00 6.513E+04 10.8184 1.00000
  2.000E+05 2.001E+05 2.505E+00 2.515E-01 3.618E-01 7.310E-02 6.864E-01 3.192E+00 7.473E+04 11.1433 1.00000
  2.500E+05 2.501E+05 2.528E+00 3.235E-01 4.676E-01 9.155E-02 8.826E-01 3.411E+00 8.989E+04 11.5894 1.00000
  3.000E+05 3.001E+05 2.547E+00 3.968E-01 5.752E-01 1.101E-01 1.082E+00 3.629E+00 1.041E+05 11.9539 1.00000
  3.500E+05 3.501E+05 2.562E+00 4.712E-01 6.842E-01 1.290E-01 1.284E+00 3.847E+00 1.175E+05 12.2621 1.00000
  4.000E+05 4.001E+05 2.576E+00 5.465E-01 7.942E-01 1.479E-01 1.489E+00 4.065E+00 1.301E+05 12.5290 1.00000
  4.500E+05 4.501E+05 2.588E+00 6.226E-01 9.051E-01 1.669E-01 1.695E+00 4.282E+00 1.421E+05 12.7646 1.00000
  5.000E+05 5.001E+05 2.599E+00 6.993E-01 1.017E+00 1.861E-01 1.902E+00 4.501E+00 1.535E+05 12.9752 1.00000
  5.500E+05 5.501E+05 2.608E+00 7.765E-01 1.129E+00 2.051E-01 2.111E+00 4.719E+00 1.644E+05 13.1658 1.00000
  6.000E+05 6.001E+05 2.617E+00 8.543E-01 1.242E+00 2.243E-01 2.320E+00 4.938E+00 1.747E+05 13.3398 1.00000
  7.000E+05 7.001E+05 2.633E+00 1.011E+00 1.469E+00 2.629E-01 2.742E+00 5.376E+00 1.942E+05 13.6481 1.00000
  8.000E+05 8.001E+05 2.647E+00 1.169E+00 1.697E+00 3.020E-01 3.168E+00 5.815E+00 2.121E+05 13.9151 1.00000
  9.000E+05 9.001E+05 2.659E+00 1.328E+00 1.926E+00 3.414E-01 3.596E+00 6.255E+00 2.287E+05 14.1506 1.00000
  1.000E+06 1.000E+06 2.670E+00 1.489E+00 2.156E+00 3.812E-01 4.026E+00 6.696E+00 2.441E+05 14.3613 1.00000
  1.200E+06 1.200E+06 2.689E+00 1.812E+00 2.619E+00 4.618E-01 4.892E+00 7.581E+00 2.722E+05 14.7259 1.00000
  1.400E+06 1.400E+06 2.705E+00 2.137E+00 3.084E+00 5.435E-01 5.765E+00 8.470E+00 2.972E+05 15.0342 1.00000
  1.700E+06 1.700E+06 2.726E+00 2.629E+00 3.785E+00 6.681E-01 7.082E+00 9.808E+00 3.302E+05 15.4225 1.00000
  2.000E+06 2.000E+06 2.743E+00 3.125E+00 4.488E+00 7.946E-01 8.407E+00 1.115E+01 3.590E+05 15.7475 1.00000
  2.500E+06 2.500E+06 2.767E+00 3.956E+00 5.665E+00 1.009E+00 1.063E+01 1.340E+01 4.001E+05 16.1938 1.00000
  3.000E+06 3.000E+06 2.787E+00 4.793E+00 6.846E+00 1.228E+00 1.287E+01 1.565E+01 4.347E+05 16.5584 1.00000
  3.500E+06 3.500E+06 2.803E+00 5.635E+00 8.030E+00 1.451E+00 1.512E+01 1.792E+01 4.646E+05 16.8667 1.00000
  4.000E+06 4.000E+06 2.818E+00 6.479E+00 9.216E+00 1.676E+00 1.737E+01 2.019E+01 4.910E+05 17.1337 1.00000
  4.500E+06 4.500E+06 2.831E+00 7.326E+00 1.040E+01 1.905E+00 1.963E+01 2.247E+01 5.145E+05 17.3693 1.00000
  5.000E+06 5.000E+06 2.843E+00 8.176E+00 1.159E+01 2.136E+00 2.190E+01 2.475E+01 5.357E+05 17.5800 1.00000
  5.500E+06 5.500E+06 2.853E+00 9.026E+00 1.278E+01 2.369E+00 2.418E+01 2.703E+01 5.551E+05 17.7706 1.00000
  6.000E+06 6.000E+06 2.863E+00 9.879E+00 1.397E+01 2.605E+00 2.646E+01 2.932E+01 5.728E+05 17.9447 1.00000
  7.000E+06 7.000E+06 2.880E+00 1.159E+01 1.636E+01 3.082E+00 3.103E+01 3.391E+01 6.046E+05 18.2529 1.00000
  8.000E+06 8.000E+06 2.895E+00 1.330E+01 1.875E+01 3.566E+00 3.561E+01 3.851E+01 6.324E+05 18.5200 1.00000
  9.000E+06 9.000E+06 2.908E+00 1.502E+01 2.113E+01 4.057E+00 4.021E+01 4.312E+01 6.569E+05 18.7556 1.00000
  1.000E+07 1.000E+07 2.920E+00 1.674E+01 2.353E+01 4.553E+00 4.481E+01 4.773E+01 6.790E+05 18.9663 1.00000
  1.200E+07 1.200E+07 2.941E+00 2.018E+01 2.831E+01 5.561E+00 5.405E+01 5.699E+01 7.175E+05 19.3309 1.00000
  1.400E+07 1.400E+07 2.959E+00 2.363E+01 3.310E+01 6.587E+00 6.332E+01 6.627E+01 7.501E+05 19.6392 1.00000
  1.700E+07 1.700E+07 2.982E+00 2.881E+01 4.029E+01 8.155E+00 7.726E+01 8.024E+01 7.915E+05 20.0275 1.00000
  2.000E+07 2.000E+07 3.001E+00 3.401E+01 4.748E+01 9.754E+00 9.124E+01 9.424E+01 8.261E+05 20.3526 1.00000
  2.500E+07 2.500E+07 3.027E+00 4.267E+01 5.947E+01 1.247E+01 1.146E+02 1.176E+02 8.739E+05 20.7989 1.00000
  3.000E+07 3.000E+07 3.049E+00 5.135E+01 7.147E+01 1.526E+01 1.381E+02 1.411E+02 9.128E+05 21.1635 1.00000
  3.500E+07 3.500E+07 3.067E+00 6.004E+01 8.347E+01 1.809E+01 1.616E+02 1.647E+02 9.457E+05 21.4718 1.00000
  4.000E+07 4.000E+07 3.084E+00 6.873E+01 9.547E+01 2.097E+01 1.852E+02 1.883E+02 9.742E+05 21.7389 1.00000
  4.500E+07 4.500E+07 3.098E+00 7.742E+01 1.075E+02 2.388E+01 2.088E+02 2.119E+02 9.993E+05 21.9744 1.00000
  5.000E+07 5.000E+07 3.111E+00 8.612E+01 1.195E+02 2.684E+01 2.325E+02 2.356E+02 1.022E+06 22.1851 1.00000
  5.500E+07 5.500E+07 3.123E+00 9.483E+01 1.315E+02 2.982E+01 2.562E+02 2.593E+02 1.042E+06 22.3758 1.00000
  6.000E+07 6.000E+07 3.133E+00 1.035E+02 1.435E+02 3.284E+01 2.799E+02 2.830E+02 1.060E+06 22.5498 1.00000
  7.000E+07 7.000E+07 3.153E+00 1.210E+02 1.675E+02 3.896E+01 3.274E+02 3.306E+02 1.093E+06 22.8581 1.00000
  8.000E+07 8.000E+07 3.169E+00 1.384E+02 1.916E+02 4.517E+01 3.751E+02 3.783E+02 1.122E+06 23.1252 1.00000
  9.000E+07 9.000E+07 3.184E+00 1.558E+02 2.156E+02 5.148E+01 4.229E+02 4.261E+02 1.146E+06 23.3607 1.00000
  1.000E+08 1.000E+08 3.197E+00 1.732E+02 2.396E+02 5.786E+01 4.707E+02 4.739E+02 1.169E+06 23.5714 1.00000
  1.200E+08 1.200E+08 3.221E+00 2.081E+02 2.877E+02 7.084E+01 5.666E+02 5.699E+02 1.207E+06 23.9361 1.00000
  1.400E+08 1.400E+08 3.241E+00 2.430E+02 3.358E+02 8.407E+01 6.628E+02 6.661E+02 1.240E+06 24.2444 1.00000
  1.700E+08 1.700E+08 3.266E+00 2.953E+02 4.079E+02 1.043E+02 8.075E+02 8.108E+02 1.281E+06 24.6327 1.00000
  2.000E+08 2.000E+08 3.287E+00 3.477E+02 4.800E+02 1.250E+02 9.526E+02 9.559E+02 1.315E+06 24.9577 1.00000
  2.500E+08 2.500E+08 3.316E+00 4.350E+02 6.002E+02 1.602E+02 1.195E+03 1.199E+03 1.362E+06 25.4040 1.00000
  3.000E+08 3.000E+08 3.341E+00 5.222E+02 7.204E+02 1.962E+02 1.439E+03 1.442E+03 1.400E+06 25.7687 1.00000
  3.500E+08 3.500E+08 3.361E+00 6.095E+02 8.406E+02 2.330E+02 1.683E+03 1.686E+03 1.433E+06 26.0770 1.00000
  4.000E+08 4.000E+08 3.379E+00 6.968E+02 9.607E+02 2.703E+02 1.928E+03 1.931E+03 1.460E+06 26.3440 1.00000
  4.500E+08 4.500E+08 3.396E+00 7.841E+02 1.081E+03 3.082E+02 2.173E+03 2.177E+03 1.485E+06 26.5796 1.00000
  5.000E+08 5.000E+08 3.410E+00 8.714E+02 1.201E+03 3.466E+02 2.419E+03 2.423E+03 1.507E+06 26.7903 1.00000
  5.500E+08 5.500E+08 3.423E+00 9.587E+02 1.321E+03 3.855E+02 2.666E+03 2.669E+03 1.526E+06 26.9809 1.00000
  6.000E+08 6.000E+08 3.435E+00 1.046E+03 1.442E+03 4.248E+02 2.912E+03 2.916E+03 1.544E+06 27.1550 1.00000
  7.000E+08 7.000E+08 3.456E+00 1.221E+03 1.682E+03 5.044E+02 3.407E+03 3.410E+03 1.576E+06 27.4633 1.00000
  8.000E+08 8.000E+08 3.475E+00 1.395E+03 1.922E+03 5.855E+02 3.903E+03 3.907E+03 1.603E+06 27.7303 1.00000
  9.000E+08 9.000E+08 3.492E+00 1.570E+03 2.163E+03 6.677E+02 4.400E+03 4.404E+03 1.628E+06 27.9659 1.00000
  1.000E+09 1.000E+09 3.507E+00 1.745E+03 2.403E+03 7.511E+02 4.899E+03 4.902E+03 1.649E+06 28.1766 1.00000
