 Incident particle is a Muon with M = 105.65839 MeV
 Index = 0: EyeLens
      Absorber with <Z/A> = 0.54877
 Density effect computed following Fano (1963)
 Models for Radloss: brems =  SSR, pair =  SSR, photonuc = DRSS

 *** Table generated with PUMAS v1.1 ***

      T         p     Ionization  brems     pair     photonuc  Radloss    dE/dx   CSDA Range  delta   beta
    [MeV]    [MeV/c]  -----------------------[MeV cm^2/g]------------------------  [g/cm^2]
  1.000E+00 1.457E+01 5.017E+01 0.000E+00 0.000E+00 0.000E+00 0.000E+00 5.017E+01 9.966E-03  0.0000 0.13661
  1.200E+00 1.597E+01 4.328E+01 0.000E+00 0.000E+00 0.000E+00 0.000E+00 4.328E+01 1.427E-02  0.0000 0.14944
  1.400E+00 1.726E+01 3.819E+01 0.000E+00 0.000E+00 0.000E+00 0.000E+00 3.819E+01 1.920E-02  0.0000 0.16119
  1.700E+00 1.903E+01 3.260E+01 0.000E+00 0.000E+00 0.000E+00 0.000E+00 3.260E+01 2.773E-02  0.0000 0.17725
  2.000E+00 2.066E+01 2.855E+01 0.000E+00 0.000E+00 0.000E+00 0.000E+00 2.855E+01 3.759E-02  0.0000 0.19186
  2.500E+00 2.312E+01 2.380E+01 0.000E+00 0.000E+00 0.000E+00 0.000E+00 2.380E+01 5.687E-02  0.0000 0.21376
  3.000E+00 2.536E+01 2.051E+01 0.000E+00 0.000E+00 0.000E+00 0.000E+00 2.051E+01 7.957E-02  0.0000 0.23336
  3.500E+00 2.742E+01 1.810E+01 0.000E+00 0.000E+00 0.000E+00 0.000E+00 1.810E+01 1.056E-01  0.0000 0.25120
  4.000E+00 2.935E+01 1.624E+01 0.000E+00 0.000E+00 0.000E+00 0.000E+00 1.624E+01 1.348E-01  0.0000 0.26763
  4.500E+00 3.116E+01 1.477E+01 0.000E+00 0.000E+00 0.000E+00 0.000E+00 1.477E+01 1.671E-01  0.0000 0.28290
  5.000E+00 3.289E+01 1.357E+01 0.000E+00 0.000E+00 0.000E+00 0.000E+00 1.357E+01 2.025E-01  0.0000 0.29720
  5.500E+00 3.453E+01 1.258E+01 0.000E+00 0.000E+00 0.000E+00 0.000E+00 1.258E+01 2.408E-01  0.0000 0.31066
  6.000E+00 3.611E+01 1.174E+01 0.000E+00 0.000E+00 0.000E+00 0.000E+00 1.174E+01 2.819E-01  0.0000 0.32339
  7.000E+00 3.909E+01 1.040E+01 0.000E+00 0.000E+00 0.000E+00 0.000E+00 1.040E+01 3.727E-01  0.0000 0.34700
  8.000E+00 4.189E+01 9.369E+00 0.000E+00 0.000E+00 0.000E+00 0.000E+00 9.369E+00 4.741E-01  0.0000 0.36854
  9.000E+00 4.453E+01 8.557E+00 0.000E+00 0.000E+00 0.000E+00 0.000E+00 8.557E+00 5.860E-01  0.0000 0.38836
  1.000E+01 4.704E+01 7.898E+00 0.000E+00 0.000E+00 0.000E+00 0.000E+00 7.898E+00 7.078E-01  0.0000 0.40675
  1.200E+01 5.177E+01 6.892E+00 0.000E+00 0.000E+00 0.000E+00 0.000E+00 6.892E+00 9.797E-01  0.0000 0.43998
  1.400E+01 5.616E+01 6.160E+00 0.000E+00 0.000E+00 0.000E+00 0.000E+00 6.160E+00 1.287E+00  0.0000 0.46937
  1.700E+01 6.230E+01 5.371E+00 0.000E+00 0.000E+00 0.000E+00 0.000E+00 5.371E+00 1.811E+00  0.0000 0.50792
  2.000E+01 6.802E+01 4.810E+00 0.000E+00 0.000E+00 0.000E+00 0.000E+00 4.810E+00 2.402E+00  0.0000 0.54129
  2.500E+01 7.686E+01 4.166E+00 6.499E-10 0.000E+00 0.000E+00 6.499E-10 4.166E+00 3.524E+00  0.0000 0.58827
  3.000E+01 8.509E+01 3.731E+00 9.525E-08 0.000E+00 0.000E+00 9.525E-08 3.731E+00 4.796E+00  0.0000 0.62720
  3.500E+01 9.285E+01 3.420E+00 1.112E-07 0.000E+00 0.000E+00 1.112E-07 3.420E+00 6.198E+00  0.0000 0.66011
  4.000E+01 1.003E+02 3.186E+00 1.191E-07 0.000E+00 0.000E+00 1.191E-07 3.186E+00 7.715E+00  0.0000 0.68834
  4.500E+01 1.074E+02 3.005E+00 1.273E-07 0.000E+00 0.000E+00 1.273E-07 3.005E+00 9.333E+00  0.0000 0.71286
  5.000E+01 1.143E+02 2.861E+00 1.357E-07 0.000E+00 0.000E+00 1.357E-07 2.861E+00 1.104E+01  0.0000 0.73434
  5.500E+01 1.210E+02 2.744E+00 1.443E-07 0.000E+00 0.000E+00 1.443E-07 2.744E+00 1.283E+01  0.0000 0.75332
  6.000E+01 1.276E+02 2.648E+00 1.532E-07 0.000E+00 0.000E+00 1.532E-07 2.648E+00 1.468E+01  0.0001 0.77019
  7.000E+01 1.403E+02 2.499E+00 1.718E-07 0.000E+00 0.000E+00 1.718E-07 2.499E+00 1.857E+01  0.0045 0.79887
  8.000E+01 1.527E+02 2.390E+00 1.913E-07 0.000E+00 0.000E+00 1.913E-07 2.390E+00 2.267E+01  0.0149 0.82227
  9.000E+01 1.647E+02 2.307E+00 2.119E-07 0.000E+00 0.000E+00 2.119E-07 2.307E+00 2.693E+01  0.0298 0.84166
  1.000E+02 1.764E+02 2.244E+00 2.335E-07 0.000E+00 0.000E+00 2.335E-07 2.244E+00 3.133E+01  0.0483 0.85794
  1.200E+02 1.994E+02 2.154E+00 2.795E-07 0.000E+00 0.000E+00 2.795E-07 2.154E+00 4.044E+01  0.0928 0.88361
  1.400E+02 2.218E+02 2.095E+00 1.265E-06 0.000E+00 0.000E+00 1.265E-06 2.095E+00 4.987E+01  0.1439 0.90278
  1.700E+02 2.546E+02 2.040E+00 9.996E-06 9.404E-10 0.000E+00 9.997E-06 2.040E+00 6.440E+01  0.2273 0.92363
  2.000E+02 2.868E+02 2.008E+00 1.851E-05 8.713E-09 0.000E+00 1.852E-05 2.008E+00 7.923E+01  0.3143 0.93835
  2.500E+02 3.396E+02 1.982E+00 2.844E-05 1.227E-07 0.000E+00 2.856E-05 1.982E+00 1.043E+02  0.4600 0.95485
  3.000E+02 3.917E+02 1.974E+00 3.711E-05 7.761E-07 0.000E+00 3.788E-05 1.974E+00 1.296E+02  0.6015 0.96548
  3.500E+02 4.432E+02 1.974E+00 4.573E-05 2.014E-06 0.000E+00 4.775E-05 1.974E+00 1.549E+02  0.7366 0.97274
  4.000E+02 4.945E+02 1.978E+00 5.466E-05 3.823E-06 0.000E+00 5.849E-05 1.978E+00 1.802E+02  0.8644 0.97793
  4.500E+02 5.455E+02 1.985E+00 6.409E-05 6.191E-06 0.000E+00 7.028E-05 1.985E+00 2.055E+02  0.9852 0.98176
  5.000E+02 5.964E+02 1.993E+00 7.402E-05 9.105E-06 0.000E+00 8.312E-05 1.993E+00 2.306E+02  1.0991 0.98467
  5.500E+02 6.471E+02 2.002E+00 8.444E-05 1.255E-05 1.555E-05 1.125E-04 2.002E+00 2.556E+02  1.2067 0.98693
  6.000E+02 6.977E+02 2.011E+00 9.530E-05 1.651E-05 5.173E-05 1.635E-04 2.012E+00 2.805E+02  1.3085 0.98873
  7.000E+02 7.987E+02 2.030E+00 1.183E-04 2.591E-05 1.238E-04 2.680E-04 2.030E+00 3.300E+02  1.4965 0.99136
  8.000E+02 8.995E+02 2.047E+00 1.428E-04 3.719E-05 1.919E-04 3.720E-04 2.048E+00 3.791E+02  1.6666 0.99317
  9.000E+02 1.000E+03 2.064E+00 1.688E-04 5.022E-05 2.572E-04 4.762E-04 2.065E+00 4.277E+02  1.8218 0.99447
  1.000E+03 1.101E+03 2.080E+00 1.960E-04 6.492E-05 3.205E-04 5.814E-04 2.081E+00 4.760E+02  1.9643 0.99542
  1.200E+03 1.301E+03 2.109E+00 2.539E-04 9.890E-05 4.430E-04 7.958E-04 2.110E+00 5.714E+02  2.2184 0.99672
  1.400E+03 1.502E+03 2.134E+00 3.160E-04 1.385E-04 5.619E-04 1.016E-03 2.135E+00 6.656E+02  2.4402 0.99753
  1.700E+03 1.803E+03 2.167E+00 4.158E-04 2.072E-04 7.356E-04 1.359E-03 2.168E+00 8.050E+02  2.7281 0.99829
  2.000E+03 2.103E+03 2.195E+00 5.226E-04 2.858E-04 9.051E-04 1.714E-03 2.197E+00 9.424E+02  2.9761 0.99874
  2.500E+03 2.604E+03 2.234E+00 7.136E-04 4.359E-04 1.180E-03 2.330E-03 2.236E+00 1.168E+03  3.3272 0.99918
  3.000E+03 3.104E+03 2.265E+00 9.186E-04 6.065E-04 1.448E-03 2.973E-03 2.268E+00 1.390E+03  3.6233 0.99942
  3.500E+03 3.604E+03 2.291E+00 1.135E-03 7.947E-04 1.710E-03 3.640E-03 2.295E+00 1.609E+03  3.8805 0.99957
  4.000E+03 4.104E+03 2.314E+00 1.361E-03 1.014E-03 1.967E-03 4.342E-03 2.318E+00 1.826E+03  4.1083 0.99967
  4.500E+03 4.604E+03 2.333E+00 1.597E-03 1.253E-03 2.220E-03 5.070E-03 2.338E+00 2.041E+03  4.3131 0.99974
  5.000E+03 5.105E+03 2.351E+00 1.840E-03 1.507E-03 2.469E-03 5.816E-03 2.356E+00 2.254E+03  4.4993 0.99979
  5.500E+03 5.605E+03 2.366E+00 2.091E-03 1.774E-03 2.714E-03 6.579E-03 2.373E+00 2.465E+03  4.6702 0.99982
  6.000E+03 6.105E+03 2.380E+00 2.347E-03 2.053E-03 2.957E-03 7.357E-03 2.387E+00 2.675E+03  4.8280 0.99985
  7.000E+03 7.105E+03 2.404E+00 2.879E-03 2.644E-03 3.434E-03 8.957E-03 2.413E+00 3.092E+03  5.1116 0.99989
  8.000E+03 8.105E+03 2.425E+00 3.430E-03 3.273E-03 3.903E-03 1.061E-02 2.435E+00 3.504E+03  5.3611 0.99992
  9.000E+03 9.105E+03 2.442E+00 4.000E-03 3.936E-03 4.365E-03 1.230E-02 2.455E+00 3.913E+03  5.5838 0.99993
  1.000E+04 1.011E+04 2.458E+00 4.584E-03 4.630E-03 4.820E-03 1.403E-02 2.472E+00 4.319E+03  5.7847 0.99995
  1.200E+04 1.211E+04 2.484E+00 5.796E-03 6.096E-03 5.714E-03 1.761E-02 2.502E+00 5.123E+03  6.1356 0.99996
  1.400E+04 1.411E+04 2.506E+00 7.056E-03 7.653E-03 6.592E-03 2.130E-02 2.527E+00 5.918E+03  6.4350 0.99997
  1.700E+04 1.711E+04 2.533E+00 9.020E-03 1.013E-02 7.883E-03 2.704E-02 2.560E+00 7.098E+03  6.8148 0.99998
  2.000E+04 2.011E+04 2.555E+00 1.106E-02 1.275E-02 9.152E-03 3.296E-02 2.588E+00 8.263E+03  7.1345 0.99999
  2.500E+04 2.511E+04 2.584E+00 1.459E-02 1.738E-02 1.123E-02 4.320E-02 2.628E+00 1.018E+04  7.5754 0.99999
  3.000E+04 3.011E+04 2.608E+00 1.826E-02 2.227E-02 1.328E-02 5.380E-02 2.662E+00 1.207E+04  7.9367 0.99999
  3.500E+04 3.511E+04 2.627E+00 2.205E-02 2.736E-02 1.530E-02 6.471E-02 2.692E+00 1.394E+04  8.2429 1.00000
  4.000E+04 4.011E+04 2.644E+00 2.592E-02 3.264E-02 1.730E-02 7.586E-02 2.720E+00 1.579E+04  8.5085 1.00000
  4.500E+04 4.511E+04 2.659E+00 2.989E-02 3.806E-02 1.929E-02 8.724E-02 2.746E+00 1.761E+04  8.7430 1.00000
  5.000E+04 5.011E+04 2.671E+00 3.392E-02 4.362E-02 2.127E-02 9.881E-02 2.770E+00 1.943E+04  8.9529 1.00000
  5.500E+04 5.511E+04 2.683E+00 3.802E-02 4.929E-02 2.324E-02 1.106E-01 2.793E+00 2.123E+04  9.1428 1.00000
  6.000E+04 6.011E+04 2.693E+00 4.218E-02 5.507E-02 2.521E-02 1.224E-01 2.816E+00 2.301E+04  9.3163 1.00000
  7.000E+04 7.011E+04 2.711E+00 5.065E-02 6.688E-02 2.913E-02 1.467E-01 2.858E+00 2.653E+04  9.6239 1.00000
  8.000E+04 8.011E+04 2.727E+00 5.930E-02 7.900E-02 3.304E-02 1.713E-01 2.898E+00 3.001E+04  9.8904 1.00000
  9.000E+04 9.011E+04 2.741E+00 6.811E-02 9.137E-02 3.694E-02 1.964E-01 2.937E+00 3.343E+04 10.1255 1.00000
  1.000E+05 1.001E+05 2.753E+00 7.705E-02 1.040E-01 4.084E-02 2.218E-01 2.975E+00 3.682E+04 10.3359 1.00000
  1.200E+05 1.201E+05 2.774E+00 9.529E-02 1.297E-01 4.864E-02 2.736E-01 3.047E+00 4.346E+04 10.7001 1.00000
  1.400E+05 1.401E+05 2.791E+00 1.139E-01 1.560E-01 5.646E-02 3.264E-01 3.118E+00 4.995E+04 11.0081 1.00000
  1.700E+05 1.701E+05 2.813E+00 1.424E-01 1.963E-01 6.823E-02 4.070E-01 3.220E+00 5.941E+04 11.3960 1.00000
  2.000E+05 2.001E+05 2.832E+00 1.715E-01 2.375E-01 8.005E-02 4.891E-01 3.321E+00 6.859E+04 11.7208 1.00000
  2.500E+05 2.501E+05 2.857E+00 2.211E-01 3.075E-01 9.989E-02 6.284E-01 3.485E+00 8.328E+04 12.1669 1.00000
  3.000E+05 3.001E+05 2.877E+00 2.716E-01 3.788E-01 1.199E-01 7.703E-01 3.647E+00 9.731E+04 12.5314 1.00000
  3.500E+05 3.501E+05 2.894E+00 3.229E-01 4.511E-01 1.401E-01 9.141E-01 3.808E+00 1.107E+05 12.8396 1.00000
  4.000E+05 4.001E+05 2.909E+00 3.749E-01 5.241E-01 1.605E-01 1.059E+00 3.969E+00 1.236E+05 13.1065 1.00000
  4.500E+05 4.501E+05 2.923E+00 4.275E-01 5.978E-01 1.810E-01 1.206E+00 4.129E+00 1.359E+05 13.3420 1.00000
  5.000E+05 5.001E+05 2.935E+00 4.805E-01 6.721E-01 2.016E-01 1.354E+00 4.289E+00 1.478E+05 13.5527 1.00000
  5.500E+05 5.501E+05 2.945E+00 5.339E-01 7.468E-01 2.224E-01 1.503E+00 4.448E+00 1.593E+05 13.7433 1.00000
  6.000E+05 6.001E+05 2.955E+00 5.877E-01 8.218E-01 2.434E-01 1.653E+00 4.608E+00 1.703E+05 13.9173 1.00000
  7.000E+05 7.001E+05 2.973E+00 6.963E-01 9.730E-01 2.856E-01 1.955E+00 4.928E+00 1.913E+05 14.2255 1.00000
  8.000E+05 8.001E+05 2.988E+00 8.059E-01 1.125E+00 3.283E-01 2.259E+00 5.247E+00 2.109E+05 14.4926 1.00000
  9.000E+05 9.001E+05 3.001E+00 9.164E-01 1.278E+00 3.715E-01 2.566E+00 5.568E+00 2.294E+05 14.7281 1.00000
  1.000E+06 1.000E+06 3.013E+00 1.028E+00 1.432E+00 4.151E-01 2.875E+00 5.888E+00 2.469E+05 14.9388 1.00000
  1.200E+06 1.200E+06 3.035E+00 1.252E+00 1.741E+00 5.032E-01 3.496E+00 6.531E+00 2.791E+05 15.3034 1.00000
  1.400E+06 1.400E+06 3.052E+00 1.478E+00 2.052E+00 5.928E-01 4.123E+00 7.176E+00 3.084E+05 15.6117 1.00000
  1.700E+06 1.700E+06 3.075E+00 1.821E+00 2.521E+00 7.292E-01 5.071E+00 8.146E+00 3.476E+05 16.0000 1.00000
  2.000E+06 2.000E+06 3.094E+00 2.166E+00 2.992E+00 8.678E-01 6.026E+00 9.120E+00 3.824E+05 16.3250 1.00000
  2.500E+06 2.500E+06 3.120E+00 2.746E+00 3.781E+00 1.103E+00 7.630E+00 1.075E+01 4.328E+05 16.7712 1.00000
  3.000E+06 3.000E+06 3.142E+00 3.330E+00 4.573E+00 1.344E+00 9.247E+00 1.239E+01 4.761E+05 17.1359 1.00000
  3.500E+06 3.500E+06 3.161E+00 3.918E+00 5.367E+00 1.588E+00 1.087E+01 1.403E+01 5.140E+05 17.4442 1.00000
  4.000E+06 4.000E+06 3.177E+00 4.508E+00 6.163E+00 1.836E+00 1.251E+01 1.568E+01 5.477E+05 17.7112 1.00000
  4.500E+06 4.500E+06 3.191E+00 5.100E+00 6.961E+00 2.087E+00 1.415E+01 1.734E+01 5.780E+05 17.9468 1.00000
  5.000E+06 5.000E+06 3.204E+00 5.693E+00 7.759E+00 2.340E+00 1.579E+01 1.900E+01 6.055E+05 18.1575 1.00000
  5.500E+06 5.500E+06 3.216E+00 6.288E+00 8.559E+00 2.597E+00 1.744E+01 2.066E+01 6.308E+05 18.3481 1.00000
  6.000E+06 6.000E+06 3.226E+00 6.885E+00 9.359E+00 2.856E+00 1.910E+01 2.233E+01 6.540E+05 18.5221 1.00000
  7.000E+06 7.000E+06 3.245E+00 8.081E+00 1.096E+01 3.381E+00 2.242E+01 2.567E+01 6.958E+05 18.8304 1.00000
  8.000E+06 8.000E+06 3.262E+00 9.280E+00 1.257E+01 3.914E+00 2.576E+01 2.902E+01 7.324E+05 19.0975 1.00000
  9.000E+06 9.000E+06 3.277E+00 1.048E+01 1.417E+01 4.454E+00 2.911E+01 3.238E+01 7.650E+05 19.3330 1.00000
  1.000E+07 1.000E+07 3.290E+00 1.169E+01 1.578E+01 5.000E+00 3.247E+01 3.575E+01 7.944E+05 19.5438 1.00000
  1.200E+07 1.200E+07 3.313E+00 1.410E+01 1.900E+01 6.111E+00 3.921E+01 4.252E+01 8.456E+05 19.9084 1.00000
  1.400E+07 1.400E+07 3.333E+00 1.652E+01 2.222E+01 7.242E+00 4.598E+01 4.931E+01 8.893E+05 20.2167 1.00000
  1.700E+07 1.700E+07 3.358E+00 2.015E+01 2.705E+01 8.972E+00 5.618E+01 5.954E+01 9.446E+05 20.6050 1.00000
  2.000E+07 2.000E+07 3.379E+00 2.379E+01 3.189E+01 1.074E+01 6.642E+01 6.980E+01 9.911E+05 20.9300 1.00000
  2.500E+07 2.500E+07 3.408E+00 2.987E+01 3.996E+01 1.374E+01 8.358E+01 8.699E+01 1.055E+06 21.3763 1.00000
  3.000E+07 3.000E+07 3.432E+00 3.596E+01 4.804E+01 1.682E+01 1.008E+02 1.043E+02 1.108E+06 21.7410 1.00000
  3.500E+07 3.500E+07 3.452E+00 4.206E+01 5.612E+01 1.995E+01 1.181E+02 1.216E+02 1.152E+06 22.0493 1.00000
  4.000E+07 4.000E+07 3.470E+00 4.816E+01 6.420E+01 2.314E+01 1.355E+02 1.390E+02 1.190E+06 22.3163 1.00000
  4.500E+07 4.500E+07 3.486E+00 5.427E+01 7.229E+01 2.637E+01 1.529E+02 1.564E+02 1.224E+06 22.5519 1.00000
  5.000E+07 5.000E+07 3.500E+00 6.037E+01 8.037E+01 2.964E+01 1.704E+02 1.739E+02 1.255E+06 22.7626 1.00000
  5.500E+07 5.500E+07 3.513E+00 6.649E+01 8.846E+01 3.295E+01 1.879E+02 1.914E+02 1.282E+06 22.9532 1.00000
  6.000E+07 6.000E+07 3.525E+00 7.260E+01 9.655E+01 3.630E+01 2.054E+02 2.090E+02 1.307E+06 23.1273 1.00000
  7.000E+07 7.000E+07 3.546E+00 8.483E+01 1.127E+02 4.309E+01 2.406E+02 2.442E+02 1.351E+06 23.4356 1.00000
  8.000E+07 8.000E+07 3.565E+00 9.707E+01 1.289E+02 4.999E+01 2.760E+02 2.795E+02 1.389E+06 23.7026 1.00000
  9.000E+07 9.000E+07 3.581E+00 1.093E+02 1.451E+02 5.699E+01 3.114E+02 3.150E+02 1.423E+06 23.9382 1.00000
  1.000E+08 1.000E+08 3.596E+00 1.216E+02 1.613E+02 6.409E+01 3.469E+02 3.505E+02 1.453E+06 24.1489 1.00000
  1.200E+08 1.200E+08 3.622E+00 1.461E+02 1.937E+02 7.852E+01 4.182E+02 4.219E+02 1.505E+06 24.5136 1.00000
  1.400E+08 1.400E+08 3.644E+00 1.706E+02 2.260E+02 9.325E+01 4.899E+02 4.935E+02 1.549E+06 24.8219 1.00000
  1.700E+08 1.700E+08 3.671E+00 2.073E+02 2.746E+02 1.158E+02 5.978E+02 6.014E+02 1.604E+06 25.2102 1.00000
  2.000E+08 2.000E+08 3.695E+00 2.441E+02 3.232E+02 1.388E+02 7.062E+02 7.099E+02 1.650E+06 25.5352 1.00000
  2.500E+08 2.500E+08 3.727E+00 3.054E+02 4.042E+02 1.781E+02 8.877E+02 8.915E+02 1.713E+06 25.9815 1.00000
  3.000E+08 3.000E+08 3.754E+00 3.668E+02 4.852E+02 2.184E+02 1.070E+03 1.074E+03 1.764E+06 26.3461 1.00000
  3.500E+08 3.500E+08 3.777E+00 4.281E+02 5.662E+02 2.594E+02 1.254E+03 1.257E+03 1.807E+06 26.6544 1.00000
  4.000E+08 4.000E+08 3.797E+00 4.894E+02 6.472E+02 3.012E+02 1.438E+03 1.442E+03 1.844E+06 26.9215 1.00000
  4.500E+08 4.500E+08 3.815E+00 5.508E+02 7.282E+02 3.436E+02 1.623E+03 1.626E+03 1.876E+06 27.1571 1.00000
  5.000E+08 5.000E+08 3.831E+00 6.121E+02 8.092E+02 3.866E+02 1.808E+03 1.812E+03 1.905E+06 27.3678 1.00000
  5.500E+08 5.500E+08 3.845E+00 6.735E+02 8.902E+02 4.302E+02 1.994E+03 1.998E+03 1.932E+06 27.5584 1.00000
  6.000E+08 6.000E+08 3.858E+00 7.349E+02 9.712E+02 4.742E+02 2.180E+03 2.184E+03 1.956E+06 27.7324 1.00000
  7.000E+08 7.000E+08 3.882E+00 8.576E+02 1.133E+03 5.636E+02 2.554E+03 2.558E+03 1.998E+06 28.0407 1.00000
  8.000E+08 8.000E+08 3.903E+00 9.803E+02 1.295E+03 6.545E+02 2.930E+03 2.934E+03 2.034E+06 28.3078 1.00000
  9.000E+08 9.000E+08 3.921E+00 1.103E+03 1.457E+03 7.469E+02 3.307E+03 3.311E+03 2.066E+06 28.5432 1.00000
  1.000E+09 1.000E+09 3.937E+00 1.226E+03 1.619E+03 8.405E+02 3.686E+03 3.690E+03 2.095E+06 28.7540 1.00000
  1.200E+09 1.200E+09 3.966E+00 1.471E+03 1.943E+03 1.031E+03 4.446E+03 4.450E+03 2.144E+06 29.1186 1.00000
  1.400E+09 1.400E+09 3.991E+00 1.717E+03 2.267E+03 1.226E+03 5.210E+03 5.214E+03 2.186E+06 29.4265 1.00000
  1.700E+09 1.700E+09 4.022E+00 2.085E+03 2.754E+03 1.525E+03 6.363E+03 6.367E+03 2.238E+06 29.8148 1.00000
  2.000E+09 2.000E+09 4.048E+00 2.453E+03 3.240E+03 1.830E+03 7.523E+03 7.527E+03 2.281E+06 30.1383 1.00000
  2.500E+09 2.500E+09 4.084E+00 3.067E+03 4.050E+03 2.351E+03 9.468E+03 9.472E+03 2.340E+06 30.5846 1.00000
  3.000E+09 3.000E+09 4.115E+00 3.681E+03 4.860E+03 2.886E+03 1.143E+04 1.143E+04 2.388E+06 30.9428 1.00000
  3.500E+09 3.500E+09 4.141E+00 4.294E+03 5.670E+03 3.433E+03 1.340E+04 1.340E+04 2.429E+06 31.2511 1.00000
  4.000E+09 4.000E+09 4.163E+00 4.908E+03 6.481E+03 3.989E+03 1.538E+04 1.538E+04 2.463E+06 31.5181 1.00000
  4.500E+09 4.500E+09 4.185E+00 5.522E+03 7.291E+03 4.555E+03 1.737E+04 1.737E+04 2.494E+06 31.7246 1.00000
  5.000E+09 5.000E+09 4.203E+00 6.136E+03 8.101E+03 5.128E+03 1.936E+04 1.937E+04 2.521E+06 31.9353 1.00000
  5.500E+09 5.500E+09 4.219E+00 6.749E+03 8.911E+03 5.709E+03 2.137E+04 2.137E+04 2.546E+06 32.1259 1.00000
  6.000E+09 6.000E+09 4.234E+00 7.363E+03 9.721E+03 6.297E+03 2.338E+04 2.339E+04 2.568E+06 32.2999 1.00000
  7.000E+09 7.000E+09 4.260E+00 8.590E+03 1.134E+04 7.492E+03 2.742E+04 2.743E+04 2.608E+06 32.6082 1.00000
  8.000E+09 8.000E+09 4.297E+00 9.818E+03 1.296E+04 8.709E+03 3.149E+04 3.149E+04 2.642E+06 32.7198 1.00000
  9.000E+09 9.000E+09 4.317E+00 1.105E+04 1.458E+04 9.946E+03 3.557E+04 3.558E+04 2.671E+06 32.9554 1.00000
  1.000E+10 1.000E+10 4.335E+00 1.227E+04 1.620E+04 1.120E+04 3.968E+04 3.968E+04 2.698E+06 33.1661 1.00000
  1.200E+10 1.200E+10 4.368E+00 1.473E+04 1.944E+04 1.376E+04 4.793E+04 4.794E+04 2.744E+06 33.5307 1.00000
  1.400E+10 1.400E+10 4.395E+00 1.718E+04 2.268E+04 1.638E+04 5.624E+04 5.625E+04 2.782E+06 33.8390 1.00000
  1.700E+10 1.700E+10 4.430E+00 2.087E+04 2.755E+04 2.039E+04 6.880E+04 6.881E+04 2.830E+06 34.2274 1.00000
  2.000E+10 2.000E+10 4.459E+00 2.455E+04 3.241E+04 2.450E+04 8.146E+04 8.146E+04 2.870E+06 34.5524 1.00000
  2.500E+10 2.500E+10 4.500E+00 3.069E+04 4.051E+04 3.153E+04 1.027E+05 1.027E+05 2.925E+06 34.9987 1.00000
  3.000E+10 3.000E+10 4.533E+00 3.682E+04 4.861E+04 3.876E+04 1.242E+05 1.242E+05 2.969E+06 35.3633 1.00000
  3.500E+10 3.500E+10 4.562E+00 4.296E+04 5.671E+04 4.615E+04 1.458E+05 1.458E+05 3.006E+06 35.6716 1.00000
  4.000E+10 4.000E+10 4.587E+00 4.910E+04 6.482E+04 5.368E+04 1.676E+05 1.676E+05 3.038E+06 35.9387 1.00000
  4.500E+10 4.500E+10 4.609E+00 5.523E+04 7.292E+04 6.134E+04 1.895E+05 1.895E+05 3.066E+06 36.1743 1.00000
  5.000E+10 5.000E+10 4.629E+00 6.137E+04 8.102E+04 6.912E+04 2.115E+05 2.115E+05 3.091E+06 36.3850 1.00000
  5.500E+10 5.500E+10 4.647E+00 6.751E+04 8.912E+04 7.701E+04 2.336E+05 2.336E+05 3.114E+06 36.5756 1.00000
  6.000E+10 6.000E+10 4.663E+00 7.365E+04 9.722E+04 8.499E+04 2.559E+05 2.559E+05 3.134E+06 36.7496 1.00000
  7.000E+10 7.000E+10 4.693E+00 8.592E+04 1.134E+05 1.012E+05 3.006E+05 3.006E+05 3.170E+06 37.0579 1.00000
  8.000E+10 8.000E+10 4.719E+00 9.820E+04 1.296E+05 1.178E+05 3.456E+05 3.456E+05 3.201E+06 37.3250 1.00000
  9.000E+10 9.000E+10 4.742E+00 1.105E+05 1.458E+05 1.346E+05 3.909E+05 3.910E+05 3.229E+06 37.5606 1.00000
  1.000E+11 1.000E+11 4.762E+00 1.227E+05 1.620E+05 1.518E+05 4.365E+05 4.365E+05 3.253E+06 37.7713 1.00000
  1.200E+11 1.200E+11 4.798E+00 1.473E+05 1.944E+05 1.867E+05 5.284E+05 5.284E+05 3.294E+06 38.1359 1.00000
  1.400E+11 1.400E+11 4.829E+00 1.718E+05 2.269E+05 2.224E+05 6.211E+05 6.211E+05 3.329E+06 38.4442 1.00000
  1.700E+11 1.700E+11 4.868E+00 2.087E+05 2.755E+05 2.774E+05 7.615E+05 7.615E+05 3.373E+06 38.8325 1.00000
  2.000E+11 2.000E+11 4.900E+00 2.455E+05 3.241E+05 3.337E+05 9.033E+05 9.033E+05 3.409E+06 39.1576 1.00000
  2.500E+11 2.500E+11 4.946E+00 3.069E+05 4.051E+05 4.303E+05 1.142E+06 1.142E+06 3.458E+06 39.6039 1.00000
  3.000E+11 3.000E+11 4.983E+00 3.682E+05 4.861E+05 5.296E+05 1.384E+06 1.384E+06 3.498E+06 39.9685 1.00000
  3.500E+11 3.500E+11 5.015E+00 4.296E+05 5.671E+05 6.313E+05 1.628E+06 1.628E+06 3.531E+06 40.2768 1.00000
  4.000E+11 4.000E+11 5.043E+00 4.910E+05 6.481E+05 7.352E+05 1.874E+06 1.874E+06 3.560E+06 40.5439 1.00000
  4.500E+11 4.500E+11 5.068E+00 5.524E+05 7.292E+05 8.409E+05 2.122E+06 2.122E+06 3.585E+06 40.7794 1.00000
  5.000E+11 5.000E+11 5.090E+00 6.137E+05 8.102E+05 9.484E+05 2.372E+06 2.372E+06 3.607E+06 40.9901 1.00000
  5.500E+11 5.500E+11 5.110E+00 6.751E+05 8.912E+05 1.057E+06 2.624E+06 2.624E+06 3.627E+06 41.1808 1.00000
  6.000E+11 6.000E+11 5.129E+00 7.365E+05 9.722E+05 1.168E+06 2.877E+06 2.877E+06 3.645E+06 41.3548 1.00000
  7.000E+11 7.000E+11 5.162E+00 8.592E+05 1.134E+06 1.393E+06 3.386E+06 3.386E+06 3.677E+06 41.6631 1.00000
  8.000E+11 8.000E+11 5.190E+00 9.820E+05 1.296E+06 1.623E+06 3.901E+06 3.901E+06 3.705E+06 41.9302 1.00000
  9.000E+11 9.000E+11 5.216E+00 1.105E+06 1.458E+06 1.856E+06 4.419E+06 4.419E+06 3.729E+06 42.1657 1.00000
  1.000E+12 1.000E+12 5.239E+00 1.227E+06 1.620E+06 2.094E+06 4.942E+06 4.942E+06 3.750E+06 42.3764 1.00000
