 Incident particle is a Muon with M = 105.65839 MeV
 Index = 0: FerrousOxide
      Absorber with <Z/A> = 0.47325
 Density effect computed following Fano (1963)
 Models for Radloss: brems =  SSR, pair =  SSR, photonuc = DRSS

 *** Table generated with PUMAS v1.1 ***

      T         p     Ionization  brems     pair     photonuc  Radloss    dE/dx   CSDA Range  delta   beta
    [MeV]    [MeV/c]  -----------------------[MeV cm^2/g]------------------------  [g/cm^2]
  1.000E+00 1.457E+01 3.375E+01 0.000E+00 0.000E+00 0.000E+00 0.000E+00 3.375E+01 1.481E-02  0.0019 0.13661
  1.200E+00 1.597E+01 2.937E+01 0.000E+00 0.000E+00 0.000E+00 0.000E+00 2.937E+01 2.118E-02  0.0020 0.14944
  1.400E+00 1.726E+01 2.609E+01 0.000E+00 0.000E+00 0.000E+00 0.000E+00 2.609E+01 2.842E-02  0.0021 0.16119
  1.700E+00 1.903E+01 2.246E+01 0.000E+00 0.000E+00 0.000E+00 0.000E+00 2.246E+01 4.086E-02  0.0023 0.17725
  2.000E+00 2.066E+01 1.979E+01 0.000E+00 0.000E+00 0.000E+00 0.000E+00 1.979E+01 5.512E-02  0.0025 0.19186
  2.500E+00 2.312E+01 1.663E+01 0.000E+00 0.000E+00 0.000E+00 0.000E+00 1.663E+01 8.279E-02  0.0029 0.21376
  3.000E+00 2.536E+01 1.443E+01 0.000E+00 0.000E+00 0.000E+00 0.000E+00 1.443E+01 1.152E-01  0.0033 0.23336
  3.500E+00 2.742E+01 1.279E+01 0.000E+00 0.000E+00 0.000E+00 0.000E+00 1.279E+01 1.521E-01  0.0037 0.25120
  4.000E+00 2.935E+01 1.153E+01 0.000E+00 0.000E+00 0.000E+00 0.000E+00 1.153E+01 1.933E-01  0.0041 0.26763
  4.500E+00 3.116E+01 1.052E+01 0.000E+00 0.000E+00 0.000E+00 0.000E+00 1.052E+01 2.388E-01  0.0045 0.28290
  5.000E+00 3.289E+01 9.693E+00 0.000E+00 0.000E+00 0.000E+00 0.000E+00 9.693E+00 2.883E-01  0.0050 0.29720
  5.500E+00 3.453E+01 9.005E+00 0.000E+00 0.000E+00 0.000E+00 0.000E+00 9.005E+00 3.419E-01  0.0055 0.31066
  6.000E+00 3.611E+01 8.423E+00 0.000E+00 0.000E+00 0.000E+00 0.000E+00 8.423E+00 3.994E-01  0.0060 0.32339
  7.000E+00 3.909E+01 7.488E+00 0.000E+00 0.000E+00 0.000E+00 0.000E+00 7.488E+00 5.255E-01  0.0070 0.34700
  8.000E+00 4.189E+01 6.769E+00 0.000E+00 0.000E+00 0.000E+00 0.000E+00 6.769E+00 6.662E-01  0.0081 0.36854
  9.000E+00 4.453E+01 6.198E+00 0.000E+00 0.000E+00 0.000E+00 0.000E+00 6.198E+00 8.208E-01  0.0093 0.38836
  1.000E+01 4.704E+01 5.733E+00 0.000E+00 0.000E+00 0.000E+00 0.000E+00 5.733E+00 9.888E-01  0.0105 0.40675
  1.200E+01 5.177E+01 5.022E+00 0.000E+00 0.000E+00 0.000E+00 0.000E+00 5.022E+00 1.363E+00  0.0132 0.43998
  1.400E+01 5.616E+01 4.501E+00 0.000E+00 0.000E+00 0.000E+00 0.000E+00 4.501E+00 1.784E+00  0.0161 0.46937
  1.700E+01 6.230E+01 3.938E+00 0.000E+00 0.000E+00 0.000E+00 0.000E+00 3.938E+00 2.499E+00  0.0208 0.50792
  2.000E+01 6.802E+01 3.536E+00 0.000E+00 0.000E+00 0.000E+00 0.000E+00 3.536E+00 3.305E+00  0.0259 0.54129
  2.500E+01 7.686E+01 3.072E+00 0.000E+00 0.000E+00 0.000E+00 0.000E+00 3.072E+00 4.828E+00  0.0351 0.58827
  3.000E+01 8.509E+01 2.758E+00 0.000E+00 0.000E+00 0.000E+00 0.000E+00 2.758E+00 6.550E+00  0.0452 0.62720
  3.500E+01 9.285E+01 2.532E+00 0.000E+00 0.000E+00 0.000E+00 0.000E+00 2.532E+00 8.446E+00  0.0559 0.66011
  4.000E+01 1.003E+02 2.363E+00 0.000E+00 0.000E+00 0.000E+00 0.000E+00 2.363E+00 1.049E+01  0.0671 0.68834
  4.500E+01 1.074E+02 2.231E+00 0.000E+00 0.000E+00 0.000E+00 0.000E+00 2.231E+00 1.267E+01  0.0788 0.71286
  5.000E+01 1.143E+02 2.126E+00 0.000E+00 0.000E+00 0.000E+00 0.000E+00 2.126E+00 1.497E+01  0.0908 0.73434
  5.500E+01 1.210E+02 2.040E+00 0.000E+00 0.000E+00 0.000E+00 0.000E+00 2.040E+00 1.737E+01  0.1030 0.75332
  6.000E+01 1.276E+02 1.970E+00 0.000E+00 0.000E+00 0.000E+00 0.000E+00 1.970E+00 1.987E+01  0.1155 0.77019
  7.000E+01 1.403E+02 1.861E+00 0.000E+00 0.000E+00 0.000E+00 0.000E+00 1.861E+00 2.510E+01  0.1409 0.79887
  8.000E+01 1.527E+02 1.782E+00 0.000E+00 0.000E+00 0.000E+00 0.000E+00 1.782E+00 3.059E+01  0.1666 0.82227
  9.000E+01 1.647E+02 1.723E+00 0.000E+00 0.000E+00 0.000E+00 0.000E+00 1.723E+00 3.631E+01  0.1926 0.84166
  1.000E+02 1.764E+02 1.677E+00 0.000E+00 0.000E+00 0.000E+00 0.000E+00 1.677E+00 4.219E+01  0.2185 0.85794
  1.200E+02 1.994E+02 1.613E+00 0.000E+00 0.000E+00 0.000E+00 0.000E+00 1.613E+00 5.437E+01  0.2702 0.88361
  1.400E+02 2.218E+02 1.573E+00 0.000E+00 0.000E+00 0.000E+00 0.000E+00 1.573E+00 6.694E+01  0.3211 0.90278
  1.700E+02 2.546E+02 1.537E+00 2.171E-06 1.979E-10 0.000E+00 2.171E-06 1.537E+00 8.625E+01  0.3955 0.92363
  2.000E+02 2.868E+02 1.518E+00 4.557E-06 2.060E-09 0.000E+00 4.559E-06 1.518E+00 1.059E+02  0.4674 0.93835
  2.500E+02 3.396E+02 1.505E+00 7.242E-06 3.075E-08 0.000E+00 7.273E-06 1.505E+00 1.390E+02  0.5817 0.95485
  3.000E+02 3.917E+02 1.505E+00 3.986E-05 1.557E-06 0.000E+00 4.142E-05 1.505E+00 1.723E+02  0.6895 0.96548
  3.500E+02 4.432E+02 1.510E+00 8.822E-05 5.532E-06 0.000E+00 9.376E-05 1.511E+00 2.054E+02  0.7913 0.97274
  4.000E+02 4.945E+02 1.519E+00 1.247E-04 1.078E-05 0.000E+00 1.354E-04 1.519E+00 2.384E+02  0.8876 0.97793
  4.500E+02 5.455E+02 1.528E+00 1.574E-04 1.764E-05 0.000E+00 1.750E-04 1.529E+00 2.713E+02  0.9789 0.98176
  5.000E+02 5.964E+02 1.539E+00 1.888E-04 2.610E-05 0.000E+00 2.149E-04 1.539E+00 3.039E+02  1.0655 0.98467
  5.500E+02 6.471E+02 1.549E+00 2.201E-04 3.612E-05 1.506E-05 2.712E-04 1.549E+00 3.362E+02  1.1478 0.98693
  6.000E+02 6.977E+02 1.559E+00 2.515E-04 4.765E-05 5.024E-05 3.494E-04 1.560E+00 3.684E+02  1.2262 0.98873
  7.000E+02 7.987E+02 1.579E+00 3.160E-04 7.506E-05 1.202E-04 5.113E-04 1.580E+00 4.321E+02  1.3723 0.99136
  8.000E+02 8.995E+02 1.598E+00 3.833E-04 1.080E-04 1.861E-04 6.774E-04 1.598E+00 4.951E+02  1.5059 0.99317
  9.000E+02 1.000E+03 1.615E+00 4.535E-04 1.461E-04 2.490E-04 8.486E-04 1.616E+00 5.573E+02  1.6288 0.99447
  1.000E+03 1.101E+03 1.631E+00 5.266E-04 1.890E-04 3.099E-04 1.026E-03 1.632E+00 6.189E+02  1.7425 0.99542
  1.200E+03 1.301E+03 1.660E+00 6.811E-04 2.884E-04 4.275E-04 1.397E-03 1.661E+00 7.403E+02  1.9470 0.99672
  1.400E+03 1.502E+03 1.685E+00 8.457E-04 4.043E-04 5.412E-04 1.791E-03 1.687E+00 8.598E+02  2.1272 0.99753
  1.700E+03 1.803E+03 1.717E+00 1.109E-03 6.054E-04 7.066E-04 2.421E-03 1.720E+00 1.036E+03  2.3629 0.99829
  2.000E+03 2.103E+03 1.745E+00 1.390E-03 8.355E-04 8.674E-04 3.093E-03 1.748E+00 1.209E+03  2.5677 0.99874
  2.500E+03 2.604E+03 1.782E+00 1.891E-03 1.275E-03 1.127E-03 4.293E-03 1.787E+00 1.492E+03  2.8603 0.99918
  3.000E+03 3.104E+03 1.813E+00 2.426E-03 1.774E-03 1.379E-03 5.579E-03 1.819E+00 1.769E+03  3.1100 0.99942
  3.500E+03 3.604E+03 1.838E+00 2.990E-03 2.325E-03 1.625E-03 6.940E-03 1.845E+00 2.042E+03  3.3294 0.99957
  4.000E+03 4.104E+03 1.860E+00 3.578E-03 2.933E-03 1.865E-03 8.377E-03 1.869E+00 2.311E+03  3.5258 0.99967
  4.500E+03 4.604E+03 1.879E+00 4.189E-03 3.587E-03 2.101E-03 9.877E-03 1.889E+00 2.577E+03  3.7043 0.99974
  5.000E+03 5.105E+03 1.895E+00 4.819E-03 4.279E-03 2.332E-03 1.143E-02 1.907E+00 2.841E+03  3.8681 0.99979
  5.500E+03 5.605E+03 1.910E+00 5.467E-03 5.005E-03 2.560E-03 1.303E-02 1.923E+00 3.102E+03  4.0196 0.99982
  6.000E+03 6.105E+03 1.923E+00 6.130E-03 5.762E-03 2.785E-03 1.468E-02 1.938E+00 3.361E+03  4.1606 0.99985
  7.000E+03 7.105E+03 1.946E+00 7.499E-03 7.359E-03 3.227E-03 1.809E-02 1.964E+00 3.873E+03  4.4162 0.99989
  8.000E+03 8.105E+03 1.966E+00 8.918E-03 9.055E-03 3.659E-03 2.163E-02 1.987E+00 4.379E+03  4.6433 0.99992
  9.000E+03 9.105E+03 1.982E+00 1.038E-02 1.084E-02 4.084E-03 2.530E-02 2.007E+00 4.880E+03  4.8474 0.99993
  1.000E+04 1.011E+04 1.997E+00 1.188E-02 1.270E-02 4.502E-03 2.908E-02 2.026E+00 5.376E+03  5.0326 0.99995
  1.200E+04 1.211E+04 2.021E+00 1.498E-02 1.662E-02 5.321E-03 3.692E-02 2.058E+00 6.355E+03  5.3582 0.99996
  1.400E+04 1.411E+04 2.042E+00 1.820E-02 2.077E-02 6.122E-03 4.509E-02 2.087E+00 7.320E+03  5.6378 0.99997
  1.700E+04 1.711E+04 2.067E+00 2.321E-02 2.734E-02 7.298E-03 5.785E-02 2.124E+00 8.744E+03  5.9943 0.99998
  2.000E+04 2.011E+04 2.087E+00 2.839E-02 3.427E-02 8.449E-03 7.111E-02 2.158E+00 1.015E+04  6.2960 0.99999
  2.500E+04 2.511E+04 2.114E+00 3.736E-02 4.645E-02 1.033E-02 9.414E-02 2.208E+00 1.244E+04  6.7144 0.99999
  3.000E+04 3.011E+04 2.135E+00 4.665E-02 5.926E-02 1.217E-02 1.181E-01 2.253E+00 1.468E+04  7.0595 0.99999
  3.500E+04 3.511E+04 2.153E+00 5.622E-02 7.258E-02 1.399E-02 1.428E-01 2.296E+00 1.687E+04  7.3535 1.00000
  4.000E+04 4.011E+04 2.168E+00 6.601E-02 8.631E-02 1.579E-02 1.681E-01 2.336E+00 1.903E+04  7.6097 1.00000
  4.500E+04 4.511E+04 2.181E+00 7.599E-02 1.004E-01 1.757E-02 1.940E-01 2.375E+00 2.116E+04  7.8368 1.00000
  5.000E+04 5.011E+04 2.192E+00 8.615E-02 1.148E-01 1.934E-02 2.203E-01 2.413E+00 2.324E+04  8.0409 1.00000
  5.500E+04 5.511E+04 2.203E+00 9.646E-02 1.294E-01 2.110E-02 2.470E-01 2.450E+00 2.530E+04  8.2262 1.00000
  6.000E+04 6.011E+04 2.212E+00 1.069E-01 1.443E-01 2.286E-02 2.741E-01 2.486E+00 2.733E+04  8.3959 1.00000
  7.000E+04 7.011E+04 2.228E+00 1.282E-01 1.747E-01 2.635E-02 3.292E-01 2.557E+00 3.129E+04  8.6977 1.00000
  8.000E+04 8.011E+04 2.242E+00 1.498E-01 2.058E-01 2.983E-02 3.855E-01 2.627E+00 3.515E+04  8.9601 1.00000
  9.000E+04 9.011E+04 2.254E+00 1.719E-01 2.374E-01 3.329E-02 4.426E-01 2.696E+00 3.891E+04  9.1924 1.00000
  1.000E+05 1.001E+05 2.264E+00 1.942E-01 2.695E-01 3.675E-02 5.005E-01 2.765E+00 4.257E+04  9.4006 1.00000
  1.200E+05 1.201E+05 2.283E+00 2.397E-01 3.350E-01 4.367E-02 6.183E-01 2.901E+00 4.963E+04  9.7618 1.00000
  1.400E+05 1.401E+05 2.298E+00 2.860E-01 4.017E-01 5.059E-02 7.383E-01 3.036E+00 5.637E+04 10.0680 1.00000
  1.700E+05 1.701E+05 2.317E+00 3.569E-01 5.036E-01 6.099E-02 9.214E-01 3.238E+00 6.593E+04 10.4543 1.00000
  2.000E+05 2.001E+05 2.333E+00 4.290E-01 6.072E-01 7.143E-02 1.108E+00 3.440E+00 7.492E+04 10.7781 1.00000
  2.500E+05 2.501E+05 2.355E+00 5.515E-01 7.827E-01 8.893E-02 1.423E+00 3.778E+00 8.879E+04 11.2232 1.00000
  3.000E+05 3.001E+05 2.372E+00 6.762E-01 9.609E-01 1.066E-01 1.744E+00 4.116E+00 1.015E+05 11.5871 1.00000
  3.500E+05 3.501E+05 2.387E+00 8.026E-01 1.141E+00 1.243E-01 2.068E+00 4.455E+00 1.131E+05 11.8950 1.00000
  4.000E+05 4.001E+05 2.400E+00 9.305E-01 1.323E+00 1.422E-01 2.396E+00 4.796E+00 1.239E+05 12.1618 1.00000
  4.500E+05 4.501E+05 2.412E+00 1.059E+00 1.506E+00 1.603E-01 2.726E+00 5.137E+00 1.340E+05 12.3971 1.00000
  5.000E+05 5.001E+05 2.422E+00 1.190E+00 1.690E+00 1.784E-01 3.058E+00 5.480E+00 1.434E+05 12.6077 1.00000
  5.500E+05 5.501E+05 2.431E+00 1.320E+00 1.875E+00 1.967E-01 3.392E+00 5.823E+00 1.523E+05 12.7982 1.00000
  6.000E+05 6.001E+05 2.440E+00 1.452E+00 2.061E+00 2.151E-01 3.728E+00 6.167E+00 1.606E+05 12.9721 1.00000
  7.000E+05 7.001E+05 2.455E+00 1.717E+00 2.434E+00 2.522E-01 4.403E+00 6.858E+00 1.760E+05 13.2803 1.00000
  8.000E+05 8.001E+05 2.468E+00 1.985E+00 2.809E+00 2.897E-01 5.083E+00 7.551E+00 1.899E+05 13.5473 1.00000
  9.000E+05 9.001E+05 2.480E+00 2.254E+00 3.186E+00 3.276E-01 5.767E+00 8.247E+00 2.026E+05 13.7828 1.00000
  1.000E+06 1.000E+06 2.490E+00 2.525E+00 3.564E+00 3.658E-01 6.454E+00 8.944E+00 2.142E+05 13.9934 1.00000
  1.200E+06 1.200E+06 2.508E+00 3.070E+00 4.323E+00 4.432E-01 7.836E+00 1.034E+01 2.350E+05 14.3580 1.00000
  1.400E+06 1.400E+06 2.524E+00 3.619E+00 5.086E+00 5.217E-01 9.227E+00 1.175E+01 2.531E+05 14.6663 1.00000
  1.700E+06 1.700E+06 2.543E+00 4.448E+00 6.235E+00 6.413E-01 1.132E+01 1.387E+01 2.766E+05 15.0545 1.00000
  2.000E+06 2.000E+06 2.559E+00 5.283E+00 7.387E+00 7.628E-01 1.343E+01 1.599E+01 2.967E+05 15.3795 1.00000
  2.500E+06 2.500E+06 2.582E+00 6.683E+00 9.315E+00 9.692E-01 1.697E+01 1.955E+01 3.250E+05 15.8258 1.00000
  3.000E+06 3.000E+06 2.601E+00 8.090E+00 1.125E+01 1.180E+00 2.052E+01 2.312E+01 3.485E+05 16.1904 1.00000
  3.500E+06 3.500E+06 2.617E+00 9.504E+00 1.319E+01 1.394E+00 2.408E+01 2.670E+01 3.686E+05 16.4987 1.00000
  4.000E+06 4.000E+06 2.631E+00 1.092E+01 1.513E+01 1.611E+00 2.766E+01 3.029E+01 3.861E+05 16.7657 1.00000
  4.500E+06 4.500E+06 2.643E+00 1.234E+01 1.707E+01 1.831E+00 3.124E+01 3.389E+01 4.017E+05 17.0013 1.00000
  5.000E+06 5.000E+06 2.654E+00 1.377E+01 1.901E+01 2.053E+00 3.484E+01 3.749E+01 4.158E+05 17.2120 1.00000
  5.500E+06 5.500E+06 2.664E+00 1.520E+01 2.096E+01 2.278E+00 3.844E+01 4.110E+01 4.285E+05 17.4026 1.00000
  6.000E+06 6.000E+06 2.674E+00 1.663E+01 2.291E+01 2.504E+00 4.204E+01 4.471E+01 4.401E+05 17.5767 1.00000
  7.000E+06 7.000E+06 2.690E+00 1.949E+01 2.681E+01 2.964E+00 4.926E+01 5.195E+01 4.609E+05 17.8850 1.00000
  8.000E+06 8.000E+06 2.704E+00 2.236E+01 3.071E+01 3.431E+00 5.651E+01 5.921E+01 4.789E+05 18.1520 1.00000
  9.000E+06 9.000E+06 2.717E+00 2.523E+01 3.462E+01 3.904E+00 6.376E+01 6.648E+01 4.948E+05 18.3876 1.00000
  1.000E+07 1.000E+07 2.728E+00 2.811E+01 3.853E+01 4.382E+00 7.103E+01 7.375E+01 5.091E+05 18.5983 1.00000
  1.200E+07 1.200E+07 2.748E+00 3.388E+01 4.636E+01 5.355E+00 8.559E+01 8.834E+01 5.339E+05 18.9629 1.00000
  1.400E+07 1.400E+07 2.765E+00 3.965E+01 5.419E+01 6.345E+00 1.002E+02 1.029E+02 5.548E+05 19.2712 1.00000
  1.700E+07 1.700E+07 2.787E+00 4.832E+01 6.594E+01 7.860E+00 1.221E+02 1.249E+02 5.812E+05 19.6595 1.00000
  2.000E+07 2.000E+07 2.805E+00 5.701E+01 7.770E+01 9.405E+00 1.441E+02 1.469E+02 6.033E+05 19.9846 1.00000
  2.500E+07 2.500E+07 2.830E+00 7.150E+01 9.731E+01 1.204E+01 1.808E+02 1.837E+02 6.337E+05 20.4309 1.00000
  3.000E+07 3.000E+07 2.851E+00 8.600E+01 1.169E+02 1.473E+01 2.177E+02 2.205E+02 6.586E+05 20.7955 1.00000
  3.500E+07 3.500E+07 2.868E+00 1.005E+02 1.366E+02 1.747E+01 2.545E+02 2.574E+02 6.795E+05 21.1038 1.00000
  4.000E+07 4.000E+07 2.884E+00 1.150E+02 1.562E+02 2.026E+01 2.915E+02 2.944E+02 6.977E+05 21.3709 1.00000
  4.500E+07 4.500E+07 2.898E+00 1.296E+02 1.758E+02 2.309E+01 3.285E+02 3.314E+02 7.137E+05 21.6064 1.00000
  5.000E+07 5.000E+07 2.910E+00 1.441E+02 1.955E+02 2.595E+01 3.655E+02 3.684E+02 7.280E+05 21.8171 1.00000
  5.500E+07 5.500E+07 2.921E+00 1.586E+02 2.151E+02 2.885E+01 4.026E+02 4.055E+02 7.409E+05 22.0078 1.00000
  6.000E+07 6.000E+07 2.931E+00 1.732E+02 2.347E+02 3.178E+01 4.397E+02 4.426E+02 7.527E+05 22.1818 1.00000
  7.000E+07 7.000E+07 2.950E+00 2.023E+02 2.740E+02 3.772E+01 5.140E+02 5.170E+02 7.736E+05 22.4901 1.00000
  8.000E+07 8.000E+07 2.965E+00 2.314E+02 3.133E+02 4.376E+01 5.884E+02 5.914E+02 7.917E+05 22.7572 1.00000
  9.000E+07 9.000E+07 2.980E+00 2.605E+02 3.526E+02 4.989E+01 6.630E+02 6.660E+02 8.076E+05 22.9927 1.00000
  1.000E+08 1.000E+08 2.992E+00 2.896E+02 3.919E+02 5.610E+01 7.376E+02 7.406E+02 8.218E+05 23.2034 1.00000
  1.200E+08 1.200E+08 3.014E+00 3.478E+02 4.705E+02 6.874E+01 8.871E+02 8.901E+02 8.464E+05 23.5681 1.00000
  1.400E+08 1.400E+08 3.033E+00 4.060E+02 5.492E+02 8.163E+01 1.037E+03 1.040E+03 8.672E+05 23.8764 1.00000
  1.700E+08 1.700E+08 3.057E+00 4.934E+02 6.671E+02 1.014E+02 1.262E+03 1.265E+03 8.933E+05 24.2647 1.00000
  2.000E+08 2.000E+08 3.078E+00 5.808E+02 7.851E+02 1.215E+02 1.487E+03 1.490E+03 9.151E+05 24.5897 1.00000
  2.500E+08 2.500E+08 3.106E+00 7.264E+02 9.817E+02 1.559E+02 1.864E+03 1.867E+03 9.451E+05 25.0360 1.00000
  3.000E+08 3.000E+08 3.129E+00 8.721E+02 1.178E+03 1.911E+02 2.242E+03 2.245E+03 9.695E+05 25.4007 1.00000
  3.500E+08 3.500E+08 3.148E+00 1.018E+03 1.375E+03 2.271E+02 2.620E+03 2.623E+03 9.900E+05 25.7090 1.00000
  4.000E+08 4.000E+08 3.166E+00 1.163E+03 1.572E+03 2.637E+02 2.999E+03 3.002E+03 1.008E+06 25.9760 1.00000
  4.500E+08 4.500E+08 3.181E+00 1.309E+03 1.768E+03 3.008E+02 3.378E+03 3.381E+03 1.024E+06 26.2116 1.00000
  5.000E+08 5.000E+08 3.195E+00 1.455E+03 1.965E+03 3.384E+02 3.758E+03 3.761E+03 1.038E+06 26.4223 1.00000
  5.500E+08 5.500E+08 3.207E+00 1.601E+03 2.161E+03 3.766E+02 4.139E+03 4.142E+03 1.050E+06 26.6129 1.00000
  6.000E+08 6.000E+08 3.219E+00 1.746E+03 2.358E+03 4.151E+02 4.520E+03 4.523E+03 1.062E+06 26.7870 1.00000
  7.000E+08 7.000E+08 3.239E+00 2.038E+03 2.751E+03 4.933E+02 5.282E+03 5.286E+03 1.082E+06 27.0952 1.00000
  8.000E+08 8.000E+08 3.257E+00 2.329E+03 3.145E+03 5.729E+02 6.047E+03 6.050E+03 1.100E+06 27.3623 1.00000
  9.000E+08 9.000E+08 3.273E+00 2.621E+03 3.538E+03 6.538E+02 6.812E+03 6.816E+03 1.115E+06 27.5978 1.00000
  1.000E+09 1.000E+09 3.287E+00 2.912E+03 3.931E+03 7.358E+02 7.579E+03 7.582E+03 1.129E+06 27.8085 1.00000
  1.200E+09 1.200E+09 3.312E+00 3.495E+03 4.718E+03 9.027E+02 9.116E+03 9.119E+03 1.153E+06 28.1731 1.00000
  1.400E+09 1.400E+09 3.333E+00 4.078E+03 5.505E+03 1.073E+03 1.066E+04 1.066E+04 1.174E+06 28.4811 1.00000
  1.700E+09 1.700E+09 3.359E+00 4.952E+03 6.685E+03 1.335E+03 1.297E+04 1.297E+04 1.199E+06 28.8694 1.00000
  2.000E+09 2.000E+09 3.382E+00 5.826E+03 7.865E+03 1.602E+03 1.529E+04 1.530E+04 1.220E+06 29.1929 1.00000
  2.500E+09 2.500E+09 3.414E+00 7.284E+03 9.831E+03 2.058E+03 1.917E+04 1.918E+04 1.250E+06 29.6392 1.00000
  3.000E+09 3.000E+09 3.440E+00 8.741E+03 1.180E+04 2.526E+03 2.307E+04 2.307E+04 1.273E+06 29.9973 1.00000
  3.500E+09 3.500E+09 3.462E+00 1.020E+04 1.376E+04 3.005E+03 2.697E+04 2.697E+04 1.293E+06 30.3056 1.00000
  4.000E+09 4.000E+09 3.481E+00 1.166E+04 1.573E+04 3.492E+03 3.088E+04 3.088E+04 1.311E+06 30.5727 1.00000
  4.500E+09 4.500E+09 3.500E+00 1.311E+04 1.770E+04 3.987E+03 3.480E+04 3.480E+04 1.326E+06 30.7791 1.00000
  5.000E+09 5.000E+09 3.516E+00 1.457E+04 1.966E+04 4.489E+03 3.872E+04 3.873E+04 1.339E+06 30.9898 1.00000
  5.500E+09 5.500E+09 3.530E+00 1.603E+04 2.163E+04 4.998E+03 4.266E+04 4.266E+04 1.352E+06 31.1804 1.00000
  6.000E+09 6.000E+09 3.542E+00 1.748E+04 2.360E+04 5.512E+03 4.659E+04 4.660E+04 1.363E+06 31.3544 1.00000
  7.000E+09 7.000E+09 3.565E+00 2.040E+04 2.753E+04 6.558E+03 5.449E+04 5.449E+04 1.383E+06 31.6627 1.00000
  8.000E+09 8.000E+09 3.596E+00 2.331E+04 3.146E+04 7.623E+03 6.240E+04 6.241E+04 1.400E+06 31.7743 1.00000
  9.000E+09 9.000E+09 3.614E+00 2.623E+04 3.540E+04 8.706E+03 7.033E+04 7.034E+04 1.415E+06 32.0099 1.00000
  1.000E+10 1.000E+10 3.630E+00 2.914E+04 3.933E+04 9.805E+03 7.828E+04 7.828E+04 1.428E+06 32.2206 1.00000
  1.200E+10 1.200E+10 3.658E+00 3.497E+04 4.720E+04 1.204E+04 9.421E+04 9.422E+04 1.452E+06 32.5853 1.00000
  1.400E+10 1.400E+10 3.681E+00 4.080E+04 5.506E+04 1.433E+04 1.102E+05 1.102E+05 1.471E+06 32.8936 1.00000
  1.700E+10 1.700E+10 3.711E+00 4.954E+04 6.686E+04 1.785E+04 1.343E+05 1.343E+05 1.496E+06 33.2819 1.00000
  2.000E+10 2.000E+10 3.737E+00 5.829E+04 7.866E+04 2.145E+04 1.584E+05 1.584E+05 1.517E+06 33.6069 1.00000
  2.500E+10 2.500E+10 3.772E+00 7.286E+04 9.833E+04 2.760E+04 1.988E+05 1.988E+05 1.545E+06 34.0532 1.00000
  3.000E+10 3.000E+10 3.801E+00 8.743E+04 1.180E+05 3.393E+04 2.394E+05 2.394E+05 1.568E+06 34.4179 1.00000
  3.500E+10 3.500E+10 3.825E+00 1.020E+05 1.377E+05 4.039E+04 2.801E+05 2.801E+05 1.587E+06 34.7262 1.00000
  4.000E+10 4.000E+10 3.847E+00 1.166E+05 1.573E+05 4.699E+04 3.209E+05 3.209E+05 1.604E+06 34.9932 1.00000
  4.500E+10 4.500E+10 3.866E+00 1.311E+05 1.770E+05 5.370E+04 3.618E+05 3.618E+05 1.618E+06 35.2288 1.00000
  5.000E+10 5.000E+10 3.883E+00 1.457E+05 1.967E+05 6.050E+04 4.029E+05 4.029E+05 1.631E+06 35.4395 1.00000
  5.500E+10 5.500E+10 3.899E+00 1.603E+05 2.163E+05 6.741E+04 4.440E+05 4.440E+05 1.643E+06 35.6301 1.00000
  6.000E+10 6.000E+10 3.913E+00 1.749E+05 2.360E+05 7.440E+04 4.853E+05 4.853E+05 1.654E+06 35.8042 1.00000
  7.000E+10 7.000E+10 3.938E+00 2.040E+05 2.753E+05 8.861E+04 5.680E+05 5.680E+05 1.673E+06 36.1125 1.00000
  8.000E+10 8.000E+10 3.961E+00 2.332E+05 3.147E+05 1.031E+05 6.509E+05 6.509E+05 1.689E+06 36.3795 1.00000
  9.000E+10 9.000E+10 3.980E+00 2.623E+05 3.540E+05 1.179E+05 7.342E+05 7.342E+05 1.704E+06 36.6151 1.00000
  1.000E+11 1.000E+11 3.998E+00 2.914E+05 3.933E+05 1.328E+05 8.176E+05 8.176E+05 1.717E+06 36.8258 1.00000
  1.200E+11 1.200E+11 4.029E+00 3.497E+05 4.720E+05 1.634E+05 9.851E+05 9.851E+05 1.739E+06 37.1904 1.00000
  1.400E+11 1.400E+11 4.055E+00 4.080E+05 5.507E+05 1.947E+05 1.153E+06 1.153E+06 1.758E+06 37.4987 1.00000
  1.700E+11 1.700E+11 4.089E+00 4.955E+05 6.686E+05 2.428E+05 1.407E+06 1.407E+06 1.781E+06 37.8871 1.00000
  2.000E+11 2.000E+11 4.117E+00 5.829E+05 7.866E+05 2.921E+05 1.662E+06 1.662E+06 1.801E+06 38.2121 1.00000
  2.500E+11 2.500E+11 4.156E+00 7.286E+05 9.833E+05 3.766E+05 2.089E+06 2.089E+06 1.828E+06 38.6584 1.00000
  3.000E+11 3.000E+11 4.189E+00 8.743E+05 1.180E+06 4.636E+05 2.518E+06 2.518E+06 1.849E+06 39.0230 1.00000
  3.500E+11 3.500E+11 4.216E+00 1.020E+06 1.377E+06 5.526E+05 2.949E+06 2.949E+06 1.868E+06 39.3313 1.00000
  4.000E+11 4.000E+11 4.240E+00 1.166E+06 1.573E+06 6.435E+05 3.383E+06 3.383E+06 1.884E+06 39.5984 1.00000
  4.500E+11 4.500E+11 4.262E+00 1.312E+06 1.770E+06 7.361E+05 3.818E+06 3.818E+06 1.897E+06 39.8340 1.00000
  5.000E+11 5.000E+11 4.281E+00 1.457E+06 1.967E+06 8.302E+05 4.254E+06 4.254E+06 1.910E+06 40.0447 1.00000
  5.500E+11 5.500E+11 4.298E+00 1.603E+06 2.163E+06 9.256E+05 4.692E+06 4.692E+06 1.921E+06 40.2353 1.00000
  6.000E+11 6.000E+11 4.314E+00 1.749E+06 2.360E+06 1.022E+06 5.131E+06 5.131E+06 1.931E+06 40.4093 1.00000
  7.000E+11 7.000E+11 4.343E+00 2.040E+06 2.753E+06 1.219E+06 6.012E+06 6.012E+06 1.949E+06 40.7176 1.00000
  8.000E+11 8.000E+11 4.367E+00 2.332E+06 3.146E+06 1.420E+06 6.898E+06 6.898E+06 1.965E+06 40.9847 1.00000
  9.000E+11 9.000E+11 4.389E+00 2.623E+06 3.540E+06 1.625E+06 7.788E+06 7.788E+06 1.978E+06 41.2203 1.00000
  1.000E+12 1.000E+12 4.409E+00 2.914E+06 3.933E+06 1.833E+06 8.681E+06 8.681E+06 1.991E+06 41.4310 1.00000
