 Incident particle is a Muon with M = 105.65839 MeV
 Index = 0: Freon13i1
      Absorber with <Z/A> = 0.43898
 Sternheimer coef:  a     k=m_s   x_0    x_1    I[eV]   Cbar  delta0
                 0.0911  3.1658  0.2847  3.7280  293.5  5.8774 0.00

 *** Table generated with PUMAS v1.00 ***

      T         p     Ionization  brems     pair     photonuc  Radloss    dE/dx   CSDA Range  delta   beta
    [MeV]    [MeV/c]  -----------------------[MeV cm^2/g]------------------------  [g/cm^2]
  1.000E+00 1.457E+01 3.012E+01 2.851E-06 0.000E+00 0.000E+00 2.851E-06 3.012E+01 1.660E-02  0.0000 0.13661
  1.200E+00 1.597E+01 2.625E+01 3.276E-06 0.000E+00 0.000E+00 3.276E-06 2.625E+01 2.373E-02  0.0000 0.14944
  1.400E+00 1.726E+01 2.335E+01 3.678E-06 0.000E+00 0.000E+00 3.678E-06 2.335E+01 3.182E-02  0.0000 0.16119
  1.700E+00 1.903E+01 2.013E+01 4.248E-06 0.000E+00 0.000E+00 4.248E-06 2.013E+01 4.570E-02  0.0000 0.17725
  2.000E+00 2.066E+01 1.776E+01 4.785E-06 0.000E+00 0.000E+00 4.785E-06 1.776E+01 6.160E-02  0.0000 0.19186
  2.500E+00 2.312E+01 1.494E+01 5.618E-06 0.000E+00 0.000E+00 5.618E-06 1.494E+01 9.241E-02  0.0000 0.21376
  3.000E+00 2.536E+01 1.298E+01 6.390E-06 0.000E+00 0.000E+00 6.390E-06 1.298E+01 1.284E-01  0.0000 0.23336
  3.500E+00 2.742E+01 1.151E+01 7.113E-06 0.000E+00 0.000E+00 7.113E-06 1.151E+01 1.694E-01  0.0000 0.25120
  4.000E+00 2.935E+01 1.038E+01 7.794E-06 0.000E+00 0.000E+00 7.794E-06 1.038E+01 2.152E-01  0.0000 0.26763
  4.500E+00 3.116E+01 9.480E+00 8.440E-06 0.000E+00 0.000E+00 8.440E-06 9.480E+00 2.656E-01  0.0000 0.28290
  5.000E+00 3.289E+01 8.741E+00 9.055E-06 0.000E+00 0.000E+00 9.055E-06 8.741E+00 3.206E-01  0.0000 0.29720
  5.500E+00 3.453E+01 8.125E+00 9.643E-06 0.000E+00 0.000E+00 9.643E-06 8.125E+00 3.800E-01  0.0000 0.31066
  6.000E+00 3.611E+01 7.603E+00 1.021E-05 0.000E+00 0.000E+00 1.021E-05 7.603E+00 4.436E-01  0.0000 0.32339
  7.000E+00 3.909E+01 6.763E+00 1.127E-05 0.000E+00 0.000E+00 1.127E-05 6.763E+00 5.833E-01  0.0000 0.34700
  8.000E+00 4.189E+01 6.118E+00 1.227E-05 0.000E+00 0.000E+00 1.227E-05 6.118E+00 7.390E-01  0.0000 0.36854
  9.000E+00 4.453E+01 5.605E+00 1.321E-05 0.000E+00 0.000E+00 1.321E-05 5.605E+00 9.099E-01  0.0000 0.38836
  1.000E+01 4.704E+01 5.187E+00 1.411E-05 0.000E+00 0.000E+00 1.411E-05 5.187E+00 1.096E+00  0.0000 0.40675
  1.200E+01 5.177E+01 4.547E+00 1.577E-05 0.000E+00 0.000E+00 1.577E-05 4.547E+00 1.508E+00  0.0000 0.43998
  1.400E+01 5.616E+01 4.079E+00 1.731E-05 0.000E+00 0.000E+00 1.731E-05 4.079E+00 1.973E+00  0.0000 0.46937
  1.700E+01 6.230E+01 3.572E+00 1.945E-05 0.000E+00 0.000E+00 1.945E-05 3.572E+00 2.761E+00  0.0000 0.50792
  2.000E+01 6.802E+01 3.209E+00 2.143E-05 0.000E+00 0.000E+00 2.143E-05 3.209E+00 3.648E+00  0.0000 0.54129
  2.500E+01 7.686E+01 2.792E+00 2.450E-05 0.000E+00 0.000E+00 2.450E-05 2.792E+00 5.323E+00  0.0000 0.58827
  3.000E+01 8.509E+01 2.509E+00 2.737E-05 0.000E+00 0.000E+00 2.737E-05 2.509E+00 7.215E+00  0.0000 0.62720
  3.500E+01 9.285E+01 2.306E+00 3.012E-05 0.000E+00 0.000E+00 3.012E-05 2.306E+00 9.295E+00  0.0000 0.66011
  4.000E+01 1.003E+02 2.154E+00 3.280E-05 0.000E+00 0.000E+00 3.280E-05 2.154E+00 1.154E+01  0.0000 0.68834
  4.500E+01 1.074E+02 2.035E+00 3.542E-05 0.000E+00 0.000E+00 3.542E-05 2.036E+00 1.393E+01  0.0000 0.71286
  5.000E+01 1.143E+02 1.941E+00 3.802E-05 0.000E+00 0.000E+00 3.802E-05 1.942E+00 1.644E+01  0.0000 0.73434
  5.500E+01 1.210E+02 1.865E+00 4.060E-05 0.000E+00 0.000E+00 4.060E-05 1.865E+00 1.907E+01  0.0000 0.75332
  6.000E+01 1.276E+02 1.803E+00 4.318E-05 0.000E+00 0.000E+00 4.318E-05 1.803E+00 2.180E+01  0.0000 0.77019
  7.000E+01 1.403E+02 1.706E+00 4.836E-05 0.000E+00 0.000E+00 4.836E-05 1.706E+00 2.750E+01  0.0000 0.79887
  8.000E+01 1.527E+02 1.636E+00 5.361E-05 0.000E+00 0.000E+00 5.361E-05 1.636E+00 3.349E+01  0.0000 0.82227
  9.000E+01 1.647E+02 1.585E+00 5.893E-05 0.000E+00 0.000E+00 5.893E-05 1.585E+00 3.970E+01  0.0000 0.84166
  1.000E+02 1.764E+02 1.545E+00 6.436E-05 0.000E+00 0.000E+00 6.436E-05 1.545E+00 4.609E+01  0.0000 0.85794
  1.200E+02 1.994E+02 1.491E+00 7.552E-05 0.000E+00 0.000E+00 7.552E-05 1.491E+00 5.927E+01  0.0000 0.88361
  1.400E+02 2.218E+02 1.457E+00 8.714E-05 0.000E+00 0.000E+00 8.714E-05 1.457E+00 7.284E+01  0.0161 0.90278
  1.700E+02 2.546E+02 1.426E+00 1.054E-04 1.787E-14 0.000E+00 1.054E-04 1.426E+00 9.366E+01  0.0510 0.92363
  2.000E+02 2.868E+02 1.411E+00 1.246E-04 3.997E-12 0.000E+00 1.246E-04 1.411E+00 1.148E+02  0.0886 0.93835
  2.500E+02 3.396E+02 1.403E+00 1.588E-04 3.273E-08 0.000E+00 1.588E-04 1.403E+00 1.503E+02  0.1533 0.95485
  3.000E+02 3.917E+02 1.406E+00 1.953E-04 2.942E-07 0.000E+00 1.956E-04 1.406E+00 1.859E+02  0.2182 0.96548
  3.500E+02 4.432E+02 1.414E+00 2.339E-04 8.121E-07 0.000E+00 2.348E-04 1.414E+00 2.214E+02  0.2820 0.97274
  4.000E+02 4.945E+02 1.424E+00 2.746E-04 1.076E-05 0.000E+00 2.854E-04 1.424E+00 2.566E+02  0.3440 0.97793
  4.500E+02 5.455E+02 1.435E+00 3.171E-04 2.611E-05 0.000E+00 3.432E-04 1.435E+00 2.916E+02  0.4041 0.98176
  5.000E+02 5.964E+02 1.446E+00 3.613E-04 3.954E-05 0.000E+00 4.009E-04 1.446E+00 3.263E+02  0.4621 0.98467
  5.500E+02 6.471E+02 1.457E+00 4.072E-04 5.511E-05 0.000E+00 4.623E-04 1.458E+00 3.607E+02  0.5182 0.98693
  6.000E+02 6.977E+02 1.468E+00 4.545E-04 7.296E-05 0.000E+00 5.274E-04 1.469E+00 3.949E+02  0.5725 0.98873
  7.000E+02 7.987E+02 1.490E+00 5.533E-04 1.153E-04 0.000E+00 6.686E-04 1.490E+00 4.625E+02  0.6756 0.99136
  8.000E+02 8.995E+02 1.509E+00 6.571E-04 1.661E-04 0.000E+00 8.232E-04 1.510E+00 5.292E+02  0.7723 0.99317
  9.000E+02 1.000E+03 1.527E+00 7.655E-04 2.247E-04 0.000E+00 9.902E-04 1.528E+00 5.950E+02  0.8633 0.99447
  1.000E+03 1.101E+03 1.544E+00 8.782E-04 2.907E-04 0.000E+00 1.169E-03 1.545E+00 6.600E+02  0.9491 0.99542
  1.200E+03 1.301E+03 1.574E+00 1.115E-03 4.431E-04 2.249E-05 1.580E-03 1.576E+00 7.882E+02  1.1076 0.99672
  1.400E+03 1.502E+03 1.600E+00 1.365E-03 6.205E-04 6.123E-05 2.046E-03 1.602E+00 9.141E+02  1.2513 0.99753
  1.700E+03 1.803E+03 1.633E+00 1.761E-03 9.279E-04 1.303E-04 2.819E-03 1.635E+00 1.099E+03  1.4447 0.99829
  2.000E+03 2.103E+03 1.660E+00 2.180E-03 1.279E-03 2.111E-04 3.671E-03 1.664E+00 1.281E+03  1.6171 0.99874
  2.500E+03 2.604E+03 1.698E+00 2.921E-03 1.950E-03 3.661E-04 5.237E-03 1.703E+00 1.578E+03  1.8687 0.99918
  3.000E+03 3.104E+03 1.728E+00 3.706E-03 2.711E-03 5.277E-04 6.945E-03 1.735E+00 1.869E+03  2.0868 0.99942
  3.500E+03 3.604E+03 1.754E+00 4.530E-03 3.549E-03 6.978E-04 8.777E-03 1.763E+00 2.155E+03  2.2796 0.99957
  4.000E+03 4.104E+03 1.775E+00 5.386E-03 4.467E-03 8.789E-04 1.073E-02 1.786E+00 2.437E+03  2.4526 0.99967
  4.500E+03 4.604E+03 1.794E+00 6.271E-03 5.452E-03 1.067E-03 1.279E-02 1.807E+00 2.715E+03  2.6097 0.99974
  5.000E+03 5.105E+03 1.811E+00 7.181E-03 6.491E-03 1.246E-03 1.492E-02 1.826E+00 2.991E+03  2.7538 0.99979
  5.500E+03 5.605E+03 1.826E+00 8.115E-03 7.582E-03 1.440E-03 1.714E-02 1.843E+00 3.263E+03  2.8868 0.99982
  6.000E+03 6.105E+03 1.839E+00 9.071E-03 8.718E-03 1.620E-03 1.941E-02 1.859E+00 3.533E+03  3.0105 0.99985
  7.000E+03 7.105E+03 1.863E+00 1.104E-02 1.111E-02 2.000E-03 2.415E-02 1.887E+00 4.067E+03  3.2347 0.99989
  8.000E+03 8.105E+03 1.882E+00 1.307E-02 1.366E-02 2.378E-03 2.911E-02 1.911E+00 4.594E+03  3.4339 0.99992
  9.000E+03 9.105E+03 1.899E+00 1.517E-02 1.633E-02 2.731E-03 3.423E-02 1.934E+00 5.114E+03  3.6135 0.99993
  1.000E+04 1.011E+04 1.914E+00 1.732E-02 1.911E-02 3.096E-03 3.952E-02 1.954E+00 5.629E+03  3.7769 0.99995
  1.200E+04 1.211E+04 1.940E+00 2.175E-02 2.497E-02 3.833E-03 5.056E-02 1.990E+00 6.643E+03  4.0660 0.99996
  1.400E+04 1.411E+04 1.961E+00 2.634E-02 3.117E-02 4.571E-03 6.208E-02 2.023E+00 7.640E+03  4.3162 0.99997
  1.700E+04 1.711E+04 1.986E+00 3.347E-02 4.098E-02 5.661E-03 8.011E-02 2.066E+00 9.107E+03  4.6385 0.99998
  2.000E+04 2.011E+04 2.007E+00 4.085E-02 5.131E-02 6.729E-03 9.889E-02 2.105E+00 1.055E+04  4.9141 0.99999
  2.500E+04 2.511E+04 2.034E+00 5.359E-02 6.943E-02 8.479E-03 1.315E-01 2.165E+00 1.289E+04  5.3006 0.99999
  3.000E+04 3.011E+04 2.055E+00 6.679E-02 8.846E-02 1.019E-02 1.655E-01 2.221E+00 1.517E+04  5.6228 0.99999
  3.500E+04 3.511E+04 2.073E+00 8.037E-02 1.082E-01 1.192E-02 2.005E-01 2.273E+00 1.739E+04  5.8995 1.00000
  4.000E+04 4.011E+04 2.088E+00 9.426E-02 1.286E-01 1.363E-02 2.365E-01 2.324E+00 1.957E+04  6.1420 1.00000
  4.500E+04 4.511E+04 2.100E+00 1.084E-01 1.495E-01 1.532E-02 2.732E-01 2.374E+00 2.170E+04  6.3581 1.00000
  5.000E+04 5.011E+04 2.112E+00 1.228E-01 1.708E-01 1.700E-02 3.106E-01 2.422E+00 2.378E+04  6.5529 1.00000
  5.500E+04 5.511E+04 2.122E+00 1.374E-01 1.924E-01 1.869E-02 3.485E-01 2.470E+00 2.583E+04  6.7304 1.00000
  6.000E+04 6.011E+04 2.131E+00 1.522E-01 2.144E-01 2.037E-02 3.870E-01 2.518E+00 2.783E+04  6.8934 1.00000
  7.000E+04 7.011E+04 2.146E+00 1.823E-01 2.593E-01 2.369E-02 4.653E-01 2.612E+00 3.173E+04  7.1844 1.00000
  8.000E+04 8.011E+04 2.160E+00 2.129E-01 3.052E-01 2.702E-02 5.451E-01 2.705E+00 3.550E+04  7.4385 1.00000
  9.000E+04 9.011E+04 2.171E+00 2.441E-01 3.518E-01 3.036E-02 6.262E-01 2.797E+00 3.913E+04  7.6641 1.00000
  1.000E+05 1.001E+05 2.181E+00 2.756E-01 3.991E-01 3.362E-02 7.083E-01 2.890E+00 4.265E+04  7.8670 1.00000
  1.200E+05 1.201E+05 2.199E+00 3.398E-01 4.953E-01 4.027E-02 8.754E-01 3.074E+00 4.936E+04  8.2204 1.00000
  1.400E+05 1.401E+05 2.213E+00 4.052E-01 5.933E-01 4.691E-02 1.045E+00 3.259E+00 5.568E+04  8.5211 1.00000
  1.700E+05 1.701E+05 2.231E+00 5.051E-01 7.429E-01 5.687E-02 1.305E+00 3.536E+00 6.453E+04  8.9021 1.00000
  2.000E+05 2.001E+05 2.246E+00 6.068E-01 8.949E-01 6.688E-02 1.569E+00 3.815E+00 7.270E+04  9.2227 1.00000
  2.500E+05 2.501E+05 2.267E+00 7.792E-01 1.152E+00 8.361E-02 2.015E+00 4.282E+00 8.509E+04  9.6649 1.00000
  3.000E+05 3.001E+05 2.283E+00 9.546E-01 1.413E+00 1.005E-01 2.468E+00 4.751E+00 9.620E+04 10.0275 1.00000
  3.500E+05 3.501E+05 2.297E+00 1.132E+00 1.676E+00 1.175E-01 2.926E+00 5.223E+00 1.062E+05 10.3348 1.00000
  4.000E+05 4.001E+05 2.309E+00 1.312E+00 1.942E+00 1.346E-01 3.388E+00 5.697E+00 1.154E+05 10.6014 1.00000
  4.500E+05 4.501E+05 2.320E+00 1.493E+00 2.209E+00 1.518E-01 3.854E+00 6.174E+00 1.239E+05 10.8367 1.00000
  5.000E+05 5.001E+05 2.329E+00 1.675E+00 2.478E+00 1.692E-01 4.322E+00 6.651E+00 1.317E+05 11.0473 1.00000
  5.500E+05 5.501E+05 2.338E+00 1.859E+00 2.747E+00 1.864E-01 4.793E+00 7.131E+00 1.389E+05 11.2379 1.00000
  6.000E+05 6.001E+05 2.346E+00 2.044E+00 3.018E+00 2.037E-01 5.265E+00 7.611E+00 1.457E+05 11.4119 1.00000
  7.000E+05 7.001E+05 2.360E+00 2.415E+00 3.562E+00 2.387E-01 6.216E+00 8.576E+00 1.581E+05 11.7202 1.00000
  8.000E+05 8.001E+05 2.372E+00 2.790E+00 4.109E+00 2.740E-01 7.172E+00 9.544E+00 1.692E+05 11.9872 1.00000
  9.000E+05 9.001E+05 2.383E+00 3.167E+00 4.657E+00 3.096E-01 8.134E+00 1.052E+01 1.792E+05 12.2227 1.00000
  1.000E+06 1.000E+06 2.392E+00 3.546E+00 5.208E+00 3.456E-01 9.099E+00 1.149E+01 1.883E+05 12.4334 1.00000
  1.200E+06 1.200E+06 2.409E+00 4.308E+00 6.313E+00 4.183E-01 1.104E+01 1.345E+01 2.044E+05 12.7980 1.00000
  1.400E+06 1.400E+06 2.424E+00 5.075E+00 7.422E+00 4.921E-01 1.299E+01 1.541E+01 2.183E+05 13.1063 1.00000
  1.700E+06 1.700E+06 2.442E+00 6.234E+00 9.091E+00 6.046E-01 1.593E+01 1.837E+01 2.362E+05 13.4946 1.00000
  2.000E+06 2.000E+06 2.457E+00 7.399E+00 1.077E+01 7.188E-01 1.888E+01 2.134E+01 2.514E+05 13.8196 1.00000
  2.500E+06 2.500E+06 2.478E+00 9.352E+00 1.357E+01 9.126E-01 2.383E+01 2.631E+01 2.727E+05 14.2659 1.00000
  3.000E+06 3.000E+06 2.495E+00 1.132E+01 1.637E+01 1.110E+00 2.880E+01 3.129E+01 2.901E+05 14.6305 1.00000
  3.500E+06 3.500E+06 2.510E+00 1.329E+01 1.918E+01 1.311E+00 3.378E+01 3.629E+01 3.050E+05 14.9388 1.00000
  4.000E+06 4.000E+06 2.523E+00 1.526E+01 2.200E+01 1.515E+00 3.878E+01 4.130E+01 3.180E+05 15.2058 1.00000
  4.500E+06 4.500E+06 2.535E+00 1.724E+01 2.482E+01 1.721E+00 4.378E+01 4.632E+01 3.294E+05 15.4414 1.00000
  5.000E+06 5.000E+06 2.545E+00 1.923E+01 2.764E+01 1.929E+00 4.880E+01 5.134E+01 3.397E+05 15.6521 1.00000
  5.500E+06 5.500E+06 2.554E+00 2.122E+01 3.046E+01 2.140E+00 5.382E+01 5.637E+01 3.490E+05 15.8427 1.00000
  6.000E+06 6.000E+06 2.563E+00 2.321E+01 3.329E+01 2.352E+00 5.885E+01 6.141E+01 3.575E+05 16.0168 1.00000
  7.000E+06 7.000E+06 2.578E+00 2.719E+01 3.894E+01 2.783E+00 6.892E+01 7.150E+01 3.726E+05 16.3250 1.00000
  8.000E+06 8.000E+06 2.591E+00 3.119E+01 4.460E+01 3.219E+00 7.901E+01 8.160E+01 3.857E+05 16.5921 1.00000
  9.000E+06 9.000E+06 2.603E+00 3.519E+01 5.027E+01 3.662E+00 8.912E+01 9.172E+01 3.973E+05 16.8277 1.00000
  1.000E+07 1.000E+07 2.614E+00 3.920E+01 5.593E+01 4.110E+00 9.924E+01 1.018E+02 4.077E+05 17.0384 1.00000
  1.200E+07 1.200E+07 2.632E+00 4.722E+01 6.727E+01 5.019E+00 1.195E+02 1.221E+02 4.257E+05 17.4030 1.00000
  1.400E+07 1.400E+07 2.648E+00 5.525E+01 7.861E+01 5.944E+00 1.398E+02 1.425E+02 4.409E+05 17.7113 1.00000
  1.700E+07 1.700E+07 2.668E+00 6.731E+01 9.563E+01 7.358E+00 1.703E+02 1.730E+02 4.601E+05 18.0996 1.00000
  2.000E+07 2.000E+07 2.685E+00 7.939E+01 1.127E+02 8.800E+00 2.009E+02 2.035E+02 4.761E+05 18.4247 1.00000
  2.500E+07 2.500E+07 2.708E+00 9.953E+01 1.411E+02 1.125E+01 2.518E+02 2.546E+02 4.982E+05 18.8710 1.00000
  3.000E+07 3.000E+07 2.727E+00 1.197E+02 1.695E+02 1.376E+01 3.029E+02 3.057E+02 5.162E+05 19.2356 1.00000
  3.500E+07 3.500E+07 2.744E+00 1.399E+02 1.979E+02 1.632E+01 3.541E+02 3.568E+02 5.314E+05 19.5439 1.00000
  4.000E+07 4.000E+07 2.758E+00 1.601E+02 2.263E+02 1.891E+01 4.053E+02 4.080E+02 5.446E+05 19.8110 1.00000
  4.500E+07 4.500E+07 2.770E+00 1.803E+02 2.547E+02 2.154E+01 4.565E+02 4.593E+02 5.561E+05 20.0465 1.00000
  5.000E+07 5.000E+07 2.782E+00 2.005E+02 2.831E+02 2.421E+01 5.078E+02 5.106E+02 5.665E+05 20.2572 1.00000
  5.500E+07 5.500E+07 2.792E+00 2.207E+02 3.116E+02 2.690E+01 5.591E+02 5.619E+02 5.758E+05 20.4479 1.00000
  6.000E+07 6.000E+07 2.802E+00 2.409E+02 3.400E+02 2.962E+01 6.105E+02 6.133E+02 5.843E+05 20.6219 1.00000
  7.000E+07 7.000E+07 2.819E+00 2.813E+02 3.968E+02 3.514E+01 7.133E+02 7.161E+02 5.995E+05 20.9302 1.00000
  8.000E+07 8.000E+07 2.833E+00 3.217E+02 4.537E+02 4.074E+01 8.162E+02 8.190E+02 6.126E+05 21.1973 1.00000
  9.000E+07 9.000E+07 2.847E+00 3.622E+02 5.106E+02 4.643E+01 9.192E+02 9.220E+02 6.241E+05 21.4328 1.00000
  1.000E+08 1.000E+08 2.858E+00 4.026E+02 5.675E+02 5.219E+01 1.022E+03 1.025E+03 6.344E+05 21.6435 1.00000
  1.200E+08 1.200E+08 2.879E+00 4.836E+02 6.812E+02 6.389E+01 1.229E+03 1.232E+03 6.523E+05 22.0082 1.00000
  1.400E+08 1.400E+08 2.896E+00 5.645E+02 7.949E+02 7.582E+01 1.435E+03 1.438E+03 6.673E+05 22.3165 1.00000
  1.700E+08 1.700E+08 2.919E+00 6.859E+02 9.656E+02 9.408E+01 1.746E+03 1.748E+03 6.864E+05 22.7048 1.00000
  2.000E+08 2.000E+08 2.937E+00 8.073E+02 1.136E+03 1.127E+02 2.056E+03 2.059E+03 7.022E+05 23.0298 1.00000
  2.500E+08 2.500E+08 2.963E+00 1.010E+03 1.421E+03 1.445E+02 2.575E+03 2.578E+03 7.241E+05 23.4761 1.00000
  3.000E+08 3.000E+08 2.985E+00 1.212E+03 1.705E+03 1.770E+02 3.094E+03 3.097E+03 7.418E+05 23.8408 1.00000
  3.500E+08 3.500E+08 3.003E+00 1.415E+03 1.989E+03 2.101E+02 3.614E+03 3.617E+03 7.568E+05 24.1491 1.00000
  4.000E+08 4.000E+08 3.019E+00 1.617E+03 2.274E+03 2.438E+02 4.135E+03 4.138E+03 7.698E+05 24.4161 1.00000
  4.500E+08 4.500E+08 3.033E+00 1.820E+03 2.558E+03 2.780E+02 4.656E+03 4.659E+03 7.812E+05 24.6517 1.00000
  5.000E+08 5.000E+08 3.046E+00 2.022E+03 2.843E+03 3.126E+02 5.177E+03 5.180E+03 7.914E+05 24.8624 1.00000
  5.500E+08 5.500E+08 3.058E+00 2.224E+03 3.127E+03 3.476E+02 5.699E+03 5.702E+03 8.006E+05 25.0530 1.00000
  6.000E+08 6.000E+08 3.068E+00 2.427E+03 3.411E+03 3.831E+02 6.221E+03 6.224E+03 8.090E+05 25.2271 1.00000
  7.000E+08 7.000E+08 3.087E+00 2.832E+03 3.980E+03 4.549E+02 7.267E+03 7.270E+03 8.239E+05 25.5354 1.00000
  8.000E+08 8.000E+08 3.104E+00 3.237E+03 4.549E+03 5.280E+02 8.314E+03 8.317E+03 8.368E+05 25.8024 1.00000
  9.000E+08 9.000E+08 3.118E+00 3.642E+03 5.118E+03 6.022E+02 9.362E+03 9.365E+03 8.481E+05 26.0380 1.00000
  1.000E+09 1.000E+09 3.132E+00 4.047E+03 5.686E+03 6.773E+02 1.041E+04 1.041E+04 8.583E+05 26.2487 1.00000
