 Incident particle is a Muon with M = 105.65839 MeV
 Index = 0: GadoliniumSilicate
      Absorber with <Z/A> = 0.43069
 Density effect computed following Fano (1963)
 Models for Radloss: brems =  SSR, pair =  SSR, photonuc = DRSS

 *** Table generated with PUMAS v1.1 ***

      T         p     Ionization  brems     pair     photonuc  Radloss    dE/dx   CSDA Range  delta   beta
    [MeV]    [MeV/c]  -----------------------[MeV cm^2/g]------------------------  [g/cm^2]
  1.000E+00 1.457E+01 2.715E+01 0.000E+00 0.000E+00 0.000E+00 0.000E+00 2.715E+01 1.842E-02  0.0304 0.13661
  1.200E+00 1.597E+01 2.375E+01 0.000E+00 0.000E+00 0.000E+00 0.000E+00 2.375E+01 2.631E-02  0.0307 0.14944
  1.400E+00 1.726E+01 2.118E+01 0.000E+00 0.000E+00 0.000E+00 0.000E+00 2.118E+01 3.525E-02  0.0310 0.16119
  1.700E+00 1.903E+01 1.832E+01 0.000E+00 0.000E+00 0.000E+00 0.000E+00 1.832E+01 5.052E-02  0.0315 0.17725
  2.000E+00 2.066E+01 1.620E+01 0.000E+00 0.000E+00 0.000E+00 0.000E+00 1.620E+01 6.797E-02  0.0320 0.19186
  2.500E+00 2.312E+01 1.368E+01 0.000E+00 0.000E+00 0.000E+00 0.000E+00 1.368E+01 1.017E-01  0.0328 0.21376
  3.000E+00 2.536E+01 1.190E+01 0.000E+00 0.000E+00 0.000E+00 0.000E+00 1.190E+01 1.410E-01  0.0337 0.23336
  3.500E+00 2.742E+01 1.058E+01 0.000E+00 0.000E+00 0.000E+00 0.000E+00 1.058E+01 1.856E-01  0.0345 0.25120
  4.000E+00 2.935E+01 9.558E+00 0.000E+00 0.000E+00 0.000E+00 0.000E+00 9.558E+00 2.354E-01  0.0353 0.26763
  4.500E+00 3.116E+01 8.737E+00 0.000E+00 0.000E+00 0.000E+00 0.000E+00 8.737E+00 2.902E-01  0.0362 0.28290
  5.000E+00 3.289E+01 8.065E+00 0.000E+00 0.000E+00 0.000E+00 0.000E+00 8.065E+00 3.498E-01  0.0370 0.29720
  5.500E+00 3.453E+01 7.503E+00 0.000E+00 0.000E+00 0.000E+00 0.000E+00 7.503E+00 4.142E-01  0.0379 0.31066
  6.000E+00 3.611E+01 7.026E+00 0.000E+00 0.000E+00 0.000E+00 0.000E+00 7.026E+00 4.831E-01  0.0388 0.32339
  7.000E+00 3.909E+01 6.259E+00 0.000E+00 0.000E+00 0.000E+00 0.000E+00 6.259E+00 6.342E-01  0.0405 0.34700
  8.000E+00 4.189E+01 5.667E+00 0.000E+00 0.000E+00 0.000E+00 0.000E+00 5.667E+00 8.024E-01  0.0423 0.36854
  9.000E+00 4.453E+01 5.196E+00 0.000E+00 0.000E+00 0.000E+00 0.000E+00 5.196E+00 9.869E-01  0.0440 0.38836
  1.000E+01 4.704E+01 4.813E+00 0.000E+00 0.000E+00 0.000E+00 0.000E+00 4.813E+00 1.187E+00  0.0458 0.40675
  1.200E+01 5.177E+01 4.224E+00 0.000E+00 0.000E+00 0.000E+00 0.000E+00 4.224E+00 1.632E+00  0.0494 0.43998
  1.400E+01 5.616E+01 3.792E+00 0.000E+00 0.000E+00 0.000E+00 0.000E+00 3.792E+00 2.133E+00  0.0531 0.46937
  1.700E+01 6.230E+01 3.324E+00 0.000E+00 0.000E+00 0.000E+00 0.000E+00 3.324E+00 2.981E+00  0.0587 0.50792
  2.000E+01 6.802E+01 2.989E+00 0.000E+00 0.000E+00 0.000E+00 0.000E+00 2.989E+00 3.935E+00  0.0645 0.54129
  2.500E+01 7.686E+01 2.601E+00 0.000E+00 0.000E+00 0.000E+00 0.000E+00 2.601E+00 5.735E+00  0.0742 0.58827
  3.000E+01 8.509E+01 2.339E+00 0.000E+00 0.000E+00 0.000E+00 0.000E+00 2.339E+00 7.767E+00  0.0841 0.62720
  3.500E+01 9.285E+01 2.150E+00 0.000E+00 0.000E+00 0.000E+00 0.000E+00 2.150E+00 1.000E+01  0.0942 0.66011
  4.000E+01 1.003E+02 2.008E+00 0.000E+00 0.000E+00 0.000E+00 0.000E+00 2.008E+00 1.241E+01  0.1045 0.68834
  4.500E+01 1.074E+02 1.898E+00 0.000E+00 0.000E+00 0.000E+00 0.000E+00 1.898E+00 1.497E+01  0.1148 0.71286
  5.000E+01 1.143E+02 1.810E+00 0.000E+00 0.000E+00 0.000E+00 0.000E+00 1.810E+00 1.767E+01  0.1252 0.73434
  5.500E+01 1.210E+02 1.739E+00 0.000E+00 0.000E+00 0.000E+00 0.000E+00 1.739E+00 2.049E+01  0.1357 0.75332
  6.000E+01 1.276E+02 1.680E+00 0.000E+00 0.000E+00 0.000E+00 0.000E+00 1.680E+00 2.342E+01  0.1462 0.77019
  7.000E+01 1.403E+02 1.590E+00 0.000E+00 0.000E+00 0.000E+00 0.000E+00 1.590E+00 2.954E+01  0.1673 0.79887
  8.000E+01 1.527E+02 1.524E+00 0.000E+00 0.000E+00 0.000E+00 0.000E+00 1.524E+00 3.598E+01  0.1884 0.82227
  9.000E+01 1.647E+02 1.475E+00 0.000E+00 0.000E+00 0.000E+00 0.000E+00 1.475E+00 4.265E+01  0.2095 0.84166
  1.000E+02 1.764E+02 1.437E+00 0.000E+00 0.000E+00 0.000E+00 0.000E+00 1.437E+00 4.952E+01  0.2305 0.85794
  1.200E+02 1.994E+02 1.385E+00 0.000E+00 0.000E+00 0.000E+00 0.000E+00 1.385E+00 6.372E+01  0.2722 0.88361
  1.400E+02 2.218E+02 1.353E+00 0.000E+00 0.000E+00 0.000E+00 0.000E+00 1.353E+00 7.834E+01  0.3132 0.90278
  1.700E+02 2.546E+02 1.324E+00 1.845E-06 1.682E-10 0.000E+00 1.845E-06 1.324E+00 1.008E+02  0.3731 0.92363
  2.000E+02 2.868E+02 1.310E+00 3.874E-06 1.751E-09 0.000E+00 3.875E-06 1.310E+00 1.236E+02  0.4311 0.93835
  2.500E+02 3.396E+02 1.303E+00 8.616E-06 3.927E-08 0.000E+00 8.655E-06 1.303E+00 1.619E+02  0.5231 0.95485
  3.000E+02 3.917E+02 1.306E+00 1.226E-05 2.654E-07 0.000E+00 1.253E-05 1.306E+00 2.002E+02  0.6095 0.96548
  3.500E+02 4.432E+02 1.313E+00 1.557E-05 6.959E-07 0.000E+00 1.627E-05 1.313E+00 2.384E+02  0.6905 0.97274
  4.000E+02 4.945E+02 1.323E+00 1.886E-05 1.326E-06 0.000E+00 2.018E-05 1.323E+00 2.763E+02  0.7668 0.97793
  4.500E+02 5.455E+02 1.333E+00 1.245E-04 3.010E-05 0.000E+00 1.546E-04 1.334E+00 3.140E+02  0.8388 0.98176
  5.000E+02 5.964E+02 1.344E+00 2.237E-04 4.976E-05 0.000E+00 2.735E-04 1.345E+00 3.513E+02  0.9070 0.98467
  5.500E+02 6.471E+02 1.355E+00 3.034E-04 6.989E-05 1.479E-05 3.881E-04 1.356E+00 3.883E+02  0.9717 0.98693
  6.000E+02 6.977E+02 1.366E+00 3.750E-04 9.267E-05 4.942E-05 5.171E-04 1.366E+00 4.251E+02  1.0335 0.98873
  7.000E+02 7.987E+02 1.386E+00 5.085E-04 1.467E-04 1.182E-04 7.734E-04 1.387E+00 4.977E+02  1.1490 0.99136
  8.000E+02 8.995E+02 1.405E+00 6.390E-04 2.117E-04 1.829E-04 1.034E-03 1.406E+00 5.693E+02  1.2556 0.99317
  9.000E+02 1.000E+03 1.423E+00 7.709E-04 2.869E-04 2.446E-04 1.302E-03 1.424E+00 6.400E+02  1.3546 0.99447
  1.000E+03 1.101E+03 1.439E+00 9.061E-04 3.718E-04 3.042E-04 1.582E-03 1.440E+00 7.098E+02  1.4471 0.99542
  1.200E+03 1.301E+03 1.467E+00 1.188E-03 5.683E-04 4.191E-04 2.176E-03 1.470E+00 8.472E+02  1.6163 0.99672
  1.400E+03 1.502E+03 1.492E+00 1.487E-03 7.974E-04 5.300E-04 2.814E-03 1.495E+00 9.821E+02  1.7682 0.99753
  1.700E+03 1.803E+03 1.524E+00 1.963E-03 1.195E-03 6.910E-04 3.850E-03 1.528E+00 1.181E+03  1.9707 0.99829
  2.000E+03 2.103E+03 1.551E+00 2.471E-03 1.651E-03 8.472E-04 4.970E-03 1.556E+00 1.375E+03  2.1497 0.99874
  2.500E+03 2.604E+03 1.587E+00 3.378E-03 2.521E-03 1.099E-03 6.998E-03 1.594E+00 1.692E+03  2.4090 0.99918
  3.000E+03 3.104E+03 1.617E+00 4.348E-03 3.509E-03 1.343E-03 9.200E-03 1.626E+00 2.003E+03  2.6324 0.99942
  3.500E+03 3.604E+03 1.641E+00 5.373E-03 4.598E-03 1.580E-03 1.155E-02 1.653E+00 2.308E+03  2.8292 0.99957
  4.000E+03 4.104E+03 1.663E+00 6.443E-03 5.787E-03 1.812E-03 1.404E-02 1.677E+00 2.608E+03  3.0056 0.99967
  4.500E+03 4.604E+03 1.681E+00 7.555E-03 7.061E-03 2.038E-03 1.665E-02 1.698E+00 2.904E+03  3.1657 0.99974
  5.000E+03 5.105E+03 1.697E+00 8.704E-03 8.405E-03 2.261E-03 1.937E-02 1.716E+00 3.197E+03  3.3126 0.99979
  5.500E+03 5.605E+03 1.711E+00 9.886E-03 9.815E-03 2.480E-03 2.218E-02 1.734E+00 3.487E+03  3.4484 0.99982
  6.000E+03 6.105E+03 1.724E+00 1.110E-02 1.128E-02 2.696E-03 2.508E-02 1.750E+00 3.774E+03  3.5748 0.99985
  7.000E+03 7.105E+03 1.747E+00 1.360E-02 1.438E-02 3.119E-03 3.110E-02 1.778E+00 4.341E+03  3.8046 0.99989
  8.000E+03 8.105E+03 1.766E+00 1.620E-02 1.767E-02 3.533E-03 3.740E-02 1.803E+00 4.900E+03  4.0094 0.99992
  9.000E+03 9.105E+03 1.782E+00 1.888E-02 2.112E-02 3.939E-03 4.393E-02 1.826E+00 5.450E+03  4.1943 0.99993
  1.000E+04 1.011E+04 1.797E+00 2.163E-02 2.471E-02 4.338E-03 5.068E-02 1.847E+00 5.995E+03  4.3630 0.99995
  1.200E+04 1.211E+04 1.821E+00 2.732E-02 3.228E-02 5.118E-03 6.472E-02 1.886E+00 7.066E+03  4.6615 0.99996
  1.400E+04 1.411E+04 1.841E+00 3.323E-02 4.027E-02 5.881E-03 7.938E-02 1.920E+00 8.117E+03  4.9200 0.99997
  1.700E+04 1.711E+04 1.865E+00 4.243E-02 5.291E-02 6.997E-03 1.023E-01 1.967E+00 9.660E+03  5.2525 0.99998
  2.000E+04 2.011E+04 1.885E+00 5.196E-02 6.621E-02 8.089E-03 1.263E-01 2.011E+00 1.117E+04  5.5360 0.99999
  2.500E+04 2.511E+04 1.911E+00 6.845E-02 8.953E-02 9.868E-03 1.679E-01 2.079E+00 1.361E+04  5.9324 0.99999
  3.000E+04 3.011E+04 1.931E+00 8.556E-02 1.140E-01 1.161E-02 2.112E-01 2.143E+00 1.598E+04  6.2617 0.99999
  3.500E+04 3.511E+04 1.948E+00 1.032E-01 1.394E-01 1.332E-02 2.559E-01 2.204E+00 1.828E+04  6.5438 1.00000
  4.000E+04 4.011E+04 1.963E+00 1.212E-01 1.655E-01 1.502E-02 3.017E-01 2.264E+00 2.052E+04  6.7907 1.00000
  4.500E+04 4.511E+04 1.975E+00 1.396E-01 1.923E-01 1.669E-02 3.485E-01 2.323E+00 2.270E+04  7.0103 1.00000
  5.000E+04 5.011E+04 1.986E+00 1.583E-01 2.196E-01 1.836E-02 3.962E-01 2.382E+00 2.483E+04  7.2081 1.00000
  5.500E+04 5.511E+04 1.995E+00 1.773E-01 2.474E-01 2.002E-02 4.446E-01 2.440E+00 2.690E+04  7.3880 1.00000
  6.000E+04 6.011E+04 2.004E+00 1.965E-01 2.755E-01 2.166E-02 4.937E-01 2.498E+00 2.892E+04  7.5531 1.00000
  7.000E+04 7.011E+04 2.019E+00 2.356E-01 3.330E-01 2.494E-02 5.935E-01 2.613E+00 3.284E+04  7.8472 1.00000
  8.000E+04 8.011E+04 2.032E+00 2.755E-01 3.916E-01 2.820E-02 6.953E-01 2.727E+00 3.658E+04  8.1035 1.00000
  9.000E+04 9.011E+04 2.043E+00 3.160E-01 4.512E-01 3.145E-02 7.987E-01 2.842E+00 4.018E+04  8.3305 1.00000
  1.000E+05 1.001E+05 2.053E+00 3.571E-01 5.116E-01 3.469E-02 9.034E-01 2.957E+00 4.363E+04  8.5344 1.00000
  1.200E+05 1.201E+05 2.070E+00 4.407E-01 6.345E-01 4.117E-02 1.116E+00 3.187E+00 5.014E+04  8.8885 1.00000
  1.400E+05 1.401E+05 2.085E+00 5.258E-01 7.596E-01 4.764E-02 1.333E+00 3.418E+00 5.620E+04  9.1891 1.00000
  1.700E+05 1.701E+05 2.103E+00 6.559E-01 9.503E-01 5.735E-02 1.664E+00 3.766E+00 6.456E+04  9.5692 1.00000
  2.000E+05 2.001E+05 2.117E+00 7.883E-01 1.144E+00 6.710E-02 1.999E+00 4.117E+00 7.217E+04  9.8884 1.00000
  2.500E+05 2.501E+05 2.137E+00 1.013E+00 1.471E+00 8.343E-02 2.568E+00 4.705E+00 8.353E+04 10.3282 1.00000
  3.000E+05 3.001E+05 2.154E+00 1.241E+00 1.803E+00 9.987E-02 3.145E+00 5.298E+00 9.354E+04 10.6887 1.00000
  3.500E+05 3.501E+05 2.167E+00 1.473E+00 2.138E+00 1.164E-01 3.728E+00 5.895E+00 1.025E+05 10.9941 1.00000
  4.000E+05 4.001E+05 2.179E+00 1.707E+00 2.476E+00 1.331E-01 4.316E+00 6.496E+00 1.106E+05 11.2592 1.00000
  4.500E+05 4.501E+05 2.190E+00 1.943E+00 2.816E+00 1.499E-01 4.909E+00 7.099E+00 1.179E+05 11.4933 1.00000
  5.000E+05 5.001E+05 2.199E+00 2.181E+00 3.157E+00 1.668E-01 5.505E+00 7.704E+00 1.247E+05 11.7030 1.00000
  5.500E+05 5.501E+05 2.208E+00 2.420E+00 3.500E+00 1.839E-01 6.104E+00 8.312E+00 1.309E+05 11.8928 1.00000
  6.000E+05 6.001E+05 2.216E+00 2.660E+00 3.844E+00 2.010E-01 6.706E+00 8.921E+00 1.367E+05 12.0661 1.00000
  7.000E+05 7.001E+05 2.229E+00 3.145E+00 4.536E+00 2.355E-01 7.916E+00 1.015E+01 1.472E+05 12.3735 1.00000
  8.000E+05 8.001E+05 2.241E+00 3.633E+00 5.230E+00 2.704E-01 9.133E+00 1.137E+01 1.565E+05 12.6399 1.00000
  9.000E+05 9.001E+05 2.252E+00 4.123E+00 5.927E+00 3.057E-01 1.036E+01 1.261E+01 1.649E+05 12.8751 1.00000
  1.000E+06 1.000E+06 2.261E+00 4.617E+00 6.627E+00 3.412E-01 1.158E+01 1.385E+01 1.725E+05 13.0855 1.00000
  1.200E+06 1.200E+06 2.278E+00 5.610E+00 8.030E+00 4.132E-01 1.405E+01 1.633E+01 1.857E+05 13.4497 1.00000
  1.400E+06 1.400E+06 2.292E+00 6.609E+00 9.439E+00 4.862E-01 1.653E+01 1.883E+01 1.971E+05 13.7577 1.00000
  1.700E+06 1.700E+06 2.310E+00 8.118E+00 1.156E+01 5.974E-01 2.028E+01 2.258E+01 2.117E+05 14.1458 1.00000
  2.000E+06 2.000E+06 2.325E+00 9.635E+00 1.369E+01 7.105E-01 2.403E+01 2.636E+01 2.240E+05 14.4707 1.00000
  2.500E+06 2.500E+06 2.345E+00 1.218E+01 1.724E+01 9.024E-01 3.032E+01 3.267E+01 2.410E+05 14.9168 1.00000
  3.000E+06 3.000E+06 2.363E+00 1.473E+01 2.081E+01 1.098E+00 3.664E+01 3.900E+01 2.550E+05 15.2814 1.00000
  3.500E+06 3.500E+06 2.377E+00 1.730E+01 2.438E+01 1.297E+00 4.297E+01 4.535E+01 2.668E+05 15.5896 1.00000
  4.000E+06 4.000E+06 2.390E+00 1.987E+01 2.796E+01 1.499E+00 4.932E+01 5.171E+01 2.772E+05 15.8567 1.00000
  4.500E+06 4.500E+06 2.401E+00 2.245E+01 3.154E+01 1.703E+00 5.569E+01 5.809E+01 2.863E+05 16.0922 1.00000
  5.000E+06 5.000E+06 2.411E+00 2.503E+01 3.512E+01 1.910E+00 6.206E+01 6.447E+01 2.944E+05 16.3029 1.00000
  5.500E+06 5.500E+06 2.420E+00 2.761E+01 3.871E+01 2.119E+00 6.844E+01 7.086E+01 3.018E+05 16.4935 1.00000
  6.000E+06 6.000E+06 2.429E+00 3.020E+01 4.230E+01 2.330E+00 7.483E+01 7.726E+01 3.086E+05 16.6675 1.00000
  7.000E+06 7.000E+06 2.443E+00 3.539E+01 4.948E+01 2.757E+00 8.763E+01 9.007E+01 3.206E+05 16.9758 1.00000
  8.000E+06 8.000E+06 2.457E+00 4.059E+01 5.667E+01 3.190E+00 1.004E+02 1.029E+02 3.310E+05 17.2429 1.00000
  9.000E+06 9.000E+06 2.468E+00 4.579E+01 6.386E+01 3.630E+00 1.133E+02 1.157E+02 3.401E+05 17.4784 1.00000
  1.000E+07 1.000E+07 2.478E+00 5.100E+01 7.106E+01 4.075E+00 1.261E+02 1.286E+02 3.483E+05 17.6891 1.00000
  1.200E+07 1.200E+07 2.497E+00 6.142E+01 8.546E+01 4.978E+00 1.519E+02 1.544E+02 3.625E+05 18.0538 1.00000
  1.400E+07 1.400E+07 2.512E+00 7.187E+01 9.988E+01 5.899E+00 1.776E+02 1.802E+02 3.745E+05 18.3621 1.00000
  1.700E+07 1.700E+07 2.532E+00 8.755E+01 1.215E+02 7.306E+00 2.164E+02 2.189E+02 3.896E+05 18.7504 1.00000
  2.000E+07 2.000E+07 2.548E+00 1.032E+02 1.432E+02 8.742E+00 2.551E+02 2.577E+02 4.022E+05 19.0754 1.00000
  2.500E+07 2.500E+07 2.571E+00 1.294E+02 1.792E+02 1.119E+01 3.199E+02 3.224E+02 4.195E+05 19.5217 1.00000
  3.000E+07 3.000E+07 2.590E+00 1.556E+02 2.153E+02 1.369E+01 3.847E+02 3.873E+02 4.336E+05 19.8863 1.00000
  3.500E+07 3.500E+07 2.606E+00 1.819E+02 2.515E+02 1.624E+01 4.496E+02 4.522E+02 4.456E+05 20.1946 1.00000
  4.000E+07 4.000E+07 2.620E+00 2.081E+02 2.876E+02 1.883E+01 5.145E+02 5.171E+02 4.559E+05 20.4617 1.00000
  4.500E+07 4.500E+07 2.632E+00 2.343E+02 3.237E+02 2.146E+01 5.795E+02 5.821E+02 4.650E+05 20.6973 1.00000
  5.000E+07 5.000E+07 2.644E+00 2.606E+02 3.598E+02 2.412E+01 6.445E+02 6.472E+02 4.731E+05 20.9080 1.00000
  5.500E+07 5.500E+07 2.654E+00 2.869E+02 3.960E+02 2.681E+01 7.096E+02 7.123E+02 4.805E+05 21.0986 1.00000
  6.000E+07 6.000E+07 2.663E+00 3.131E+02 4.321E+02 2.953E+01 7.748E+02 7.774E+02 4.872E+05 21.2726 1.00000
  7.000E+07 7.000E+07 2.680E+00 3.657E+02 5.044E+02 3.506E+01 9.051E+02 9.078E+02 4.991E+05 21.5809 1.00000
  8.000E+07 8.000E+07 2.694E+00 4.182E+02 5.767E+02 4.067E+01 1.036E+03 1.038E+03 5.094E+05 21.8480 1.00000
  9.000E+07 9.000E+07 2.707E+00 4.708E+02 6.490E+02 4.637E+01 1.166E+03 1.169E+03 5.185E+05 22.0836 1.00000
  1.000E+08 1.000E+08 2.719E+00 5.233E+02 7.213E+02 5.214E+01 1.297E+03 1.299E+03 5.266E+05 22.2943 1.00000
  1.200E+08 1.200E+08 2.739E+00 6.285E+02 8.659E+02 6.388E+01 1.558E+03 1.561E+03 5.406E+05 22.6589 1.00000
  1.400E+08 1.400E+08 2.756E+00 7.336E+02 1.011E+03 7.585E+01 1.820E+03 1.823E+03 5.525E+05 22.9672 1.00000
  1.700E+08 1.700E+08 2.778E+00 8.914E+02 1.228E+03 9.419E+01 2.213E+03 2.216E+03 5.674E+05 23.3555 1.00000
  2.000E+08 2.000E+08 2.796E+00 1.049E+03 1.445E+03 1.129E+02 2.607E+03 2.609E+03 5.798E+05 23.6806 1.00000
  2.500E+08 2.500E+08 2.822E+00 1.312E+03 1.806E+03 1.449E+02 3.263E+03 3.266E+03 5.969E+05 24.1269 1.00000
  3.000E+08 3.000E+08 2.843E+00 1.575E+03 2.168E+03 1.776E+02 3.921E+03 3.923E+03 6.109E+05 24.4915 1.00000
  3.500E+08 3.500E+08 2.861E+00 1.838E+03 2.530E+03 2.110E+02 4.579E+03 4.582E+03 6.227E+05 24.7998 1.00000
  4.000E+08 4.000E+08 2.876E+00 2.101E+03 2.891E+03 2.450E+02 5.237E+03 5.240E+03 6.329E+05 25.0669 1.00000
  4.500E+08 4.500E+08 2.890E+00 2.364E+03 3.253E+03 2.795E+02 5.897E+03 5.900E+03 6.418E+05 25.3024 1.00000
  5.000E+08 5.000E+08 2.903E+00 2.627E+03 3.615E+03 3.145E+02 6.556E+03 6.559E+03 6.499E+05 25.5131 1.00000
  5.500E+08 5.500E+08 2.914E+00 2.890E+03 3.976E+03 3.499E+02 7.217E+03 7.220E+03 6.571E+05 25.7038 1.00000
  6.000E+08 6.000E+08 2.925E+00 3.153E+03 4.338E+03 3.857E+02 7.877E+03 7.880E+03 6.638E+05 25.8778 1.00000
  7.000E+08 7.000E+08 2.943E+00 3.680E+03 5.062E+03 4.584E+02 9.200E+03 9.202E+03 6.755E+05 26.1861 1.00000
  8.000E+08 8.000E+08 2.959E+00 4.206E+03 5.785E+03 5.324E+02 1.052E+04 1.053E+04 6.857E+05 26.4531 1.00000
  9.000E+08 9.000E+08 2.974E+00 4.732E+03 6.509E+03 6.075E+02 1.185E+04 1.185E+04 6.946E+05 26.6886 1.00000
  1.000E+09 1.000E+09 2.987E+00 5.258E+03 7.232E+03 6.837E+02 1.317E+04 1.318E+04 7.026E+05 26.8993 1.00000
  1.200E+09 1.200E+09 3.009E+00 6.310E+03 8.679E+03 8.388E+02 1.583E+04 1.583E+04 7.164E+05 27.2640 1.00000
  1.400E+09 1.400E+09 3.028E+00 7.362E+03 1.013E+04 9.972E+02 1.849E+04 1.849E+04 7.281E+05 27.5719 1.00000
  1.700E+09 1.700E+09 3.053E+00 8.941E+03 1.230E+04 1.240E+03 2.248E+04 2.248E+04 7.428E+05 27.9602 1.00000
  2.000E+09 2.000E+09 3.073E+00 1.052E+04 1.447E+04 1.488E+03 2.647E+04 2.648E+04 7.551E+05 28.2837 1.00000
  2.500E+09 2.500E+09 3.102E+00 1.315E+04 1.808E+04 1.912E+03 3.315E+04 3.315E+04 7.719E+05 28.7300 1.00000
  3.000E+09 3.000E+09 3.126E+00 1.578E+04 2.170E+04 2.348E+03 3.983E+04 3.983E+04 7.857E+05 29.0881 1.00000
  3.500E+09 3.500E+09 3.146E+00 1.841E+04 2.532E+04 2.792E+03 4.652E+04 4.653E+04 7.973E+05 29.3964 1.00000
  4.000E+09 4.000E+09 3.164E+00 2.104E+04 2.894E+04 3.245E+03 5.322E+04 5.323E+04 8.073E+05 29.6635 1.00000
  4.500E+09 4.500E+09 3.181E+00 2.367E+04 3.255E+04 3.705E+03 5.993E+04 5.994E+04 8.162E+05 29.8699 1.00000
  5.000E+09 5.000E+09 3.195E+00 2.630E+04 3.617E+04 4.171E+03 6.665E+04 6.665E+04 8.241E+05 30.0806 1.00000
  5.500E+09 5.500E+09 3.208E+00 2.893E+04 3.979E+04 4.644E+03 7.337E+04 7.337E+04 8.312E+05 30.2713 1.00000
  6.000E+09 6.000E+09 3.219E+00 3.157E+04 4.341E+04 5.122E+03 8.009E+04 8.010E+04 8.377E+05 30.4453 1.00000
  7.000E+09 7.000E+09 3.240E+00 3.683E+04 5.064E+04 6.094E+03 9.356E+04 9.357E+04 8.493E+05 30.7536 1.00000
  8.000E+09 8.000E+09 3.268E+00 4.209E+04 5.788E+04 7.084E+03 1.070E+05 1.071E+05 8.593E+05 30.8652 1.00000
  9.000E+09 9.000E+09 3.285E+00 4.735E+04 6.511E+04 8.090E+03 1.206E+05 1.206E+05 8.681E+05 31.1008 1.00000
  1.000E+10 1.000E+10 3.299E+00 5.261E+04 7.235E+04 9.111E+03 1.341E+05 1.341E+05 8.759E+05 31.3115 1.00000
  1.200E+10 1.200E+10 3.324E+00 6.313E+04 8.682E+04 1.119E+04 1.611E+05 1.611E+05 8.895E+05 31.6761 1.00000
  1.400E+10 1.400E+10 3.346E+00 7.366E+04 1.013E+05 1.332E+04 1.883E+05 1.883E+05 9.010E+05 31.9844 1.00000
  1.700E+10 1.700E+10 3.373E+00 8.944E+04 1.230E+05 1.659E+04 2.290E+05 2.290E+05 9.154E+05 32.3727 1.00000
  2.000E+10 2.000E+10 3.396E+00 1.052E+05 1.447E+05 1.993E+04 2.699E+05 2.699E+05 9.275E+05 32.6978 1.00000
  2.500E+10 2.500E+10 3.428E+00 1.315E+05 1.809E+05 2.565E+04 3.381E+05 3.381E+05 9.440E+05 33.1441 1.00000
  3.000E+10 3.000E+10 3.454E+00 1.578E+05 2.170E+05 3.152E+04 4.064E+05 4.064E+05 9.575E+05 33.5087 1.00000
  3.500E+10 3.500E+10 3.477E+00 1.841E+05 2.532E+05 3.753E+04 4.749E+05 4.749E+05 9.688E+05 33.8170 1.00000
  4.000E+10 4.000E+10 3.496E+00 2.105E+05 2.894E+05 4.366E+04 5.435E+05 5.435E+05 9.787E+05 34.0841 1.00000
  4.500E+10 4.500E+10 3.514E+00 2.368E+05 3.256E+05 4.989E+04 6.122E+05 6.122E+05 9.873E+05 34.3196 1.00000
  5.000E+10 5.000E+10 3.529E+00 2.631E+05 3.617E+05 5.622E+04 6.810E+05 6.810E+05 9.951E+05 34.5303 1.00000
  5.500E+10 5.500E+10 3.543E+00 2.894E+05 3.979E+05 6.263E+04 7.499E+05 7.499E+05 1.002E+06 34.7210 1.00000
  6.000E+10 6.000E+10 3.556E+00 3.157E+05 4.341E+05 6.913E+04 8.189E+05 8.189E+05 1.008E+06 34.8950 1.00000
  7.000E+10 7.000E+10 3.580E+00 3.683E+05 5.064E+05 8.234E+04 9.571E+05 9.571E+05 1.020E+06 35.2033 1.00000
  8.000E+10 8.000E+10 3.600E+00 4.209E+05 5.788E+05 9.581E+04 1.096E+06 1.096E+06 1.029E+06 35.4704 1.00000
  9.000E+10 9.000E+10 3.618E+00 4.735E+05 6.511E+05 1.095E+05 1.234E+06 1.234E+06 1.038E+06 35.7059 1.00000
  1.000E+11 1.000E+11 3.634E+00 5.261E+05 7.235E+05 1.234E+05 1.373E+06 1.373E+06 1.046E+06 35.9166 1.00000
  1.200E+11 1.200E+11 3.662E+00 6.314E+05 8.682E+05 1.518E+05 1.651E+06 1.651E+06 1.059E+06 36.2813 1.00000
  1.400E+11 1.400E+11 3.686E+00 7.366E+05 1.013E+06 1.809E+05 1.930E+06 1.930E+06 1.070E+06 36.5896 1.00000
  1.700E+11 1.700E+11 3.717E+00 8.944E+05 1.230E+06 2.256E+05 2.350E+06 2.350E+06 1.084E+06 36.9779 1.00000
  2.000E+11 2.000E+11 3.742E+00 1.052E+06 1.447E+06 2.714E+05 2.771E+06 2.771E+06 1.096E+06 37.3029 1.00000
  2.500E+11 2.500E+11 3.778E+00 1.315E+06 1.809E+06 3.500E+05 3.474E+06 3.474E+06 1.112E+06 37.7492 1.00000
  3.000E+11 3.000E+11 3.807E+00 1.578E+06 2.170E+06 4.308E+05 4.180E+06 4.180E+06 1.125E+06 38.1139 1.00000
  3.500E+11 3.500E+11 3.832E+00 1.842E+06 2.532E+06 5.135E+05 4.887E+06 4.887E+06 1.136E+06 38.4222 1.00000
  4.000E+11 4.000E+11 3.854E+00 2.105E+06 2.894E+06 5.980E+05 5.596E+06 5.596E+06 1.146E+06 38.6892 1.00000
  4.500E+11 4.500E+11 3.874E+00 2.368E+06 3.256E+06 6.840E+05 6.307E+06 6.307E+06 1.154E+06 38.9248 1.00000
  5.000E+11 5.000E+11 3.891E+00 2.631E+06 3.617E+06 7.714E+05 7.019E+06 7.019E+06 1.162E+06 39.1355 1.00000
  5.500E+11 5.500E+11 3.907E+00 2.894E+06 3.979E+06 8.601E+05 7.733E+06 7.733E+06 1.169E+06 39.3261 1.00000
  6.000E+11 6.000E+11 3.922E+00 3.157E+06 4.341E+06 9.499E+05 8.448E+06 8.448E+06 1.175E+06 39.5002 1.00000
  7.000E+11 7.000E+11 3.947E+00 3.683E+06 5.064E+06 1.133E+06 9.880E+06 9.880E+06 1.186E+06 39.8085 1.00000
  8.000E+11 8.000E+11 3.970E+00 4.209E+06 5.788E+06 1.320E+06 1.132E+07 1.132E+07 1.195E+06 40.0755 1.00000
  9.000E+11 9.000E+11 3.990E+00 4.735E+06 6.511E+06 1.510E+06 1.276E+07 1.276E+07 1.203E+06 40.3111 1.00000
  1.000E+12 1.000E+12 4.008E+00 5.261E+06 7.235E+06 1.703E+06 1.420E+07 1.420E+07 1.211E+06 40.5218 1.00000
