 Incident particle is a Muon with M = 105.65839 MeV
 Index = 0: Hassium
      Absorber with <Z/A> = 0.40129
 Sternheimer coef:  a     k=m_s   x_0    x_1    I[eV]   Cbar  delta0
                 0.2750  3.0000  0.6392  3.0000 1102.0  6.5619 0.00

 *** Table generated with PUMAS v1.00 ***

      T         p     Ionization  brems     pair     photonuc  Radloss    dE/dx   CSDA Range  delta   beta
    [MeV]    [MeV/c]  -----------------------[MeV cm^2/g]------------------------  [g/cm^2]
  1.000E+00 1.457E+01 1.879E+01 7.278E-06 0.000E+00 0.000E+00 7.278E-06 1.879E+01 2.660E-02  0.0000 0.13661
  1.200E+00 1.597E+01 1.670E+01 8.354E-06 0.000E+00 0.000E+00 8.354E-06 1.670E+01 3.791E-02  0.0000 0.14944
  1.400E+00 1.726E+01 1.507E+01 9.371E-06 0.000E+00 0.000E+00 9.371E-06 1.507E+01 5.054E-02  0.0000 0.16119
  1.700E+00 1.903E+01 1.321E+01 1.081E-05 0.000E+00 0.000E+00 1.081E-05 1.321E+01 7.185E-02  0.0000 0.17725
  2.000E+00 2.066E+01 1.180E+01 1.215E-05 0.000E+00 0.000E+00 1.215E-05 1.180E+01 9.591E-02  0.0000 0.19186
  2.500E+00 2.312E+01 1.009E+01 1.423E-05 0.000E+00 0.000E+00 1.423E-05 1.009E+01 1.419E-01  0.0000 0.21376
  3.000E+00 2.536E+01 8.867E+00 1.614E-05 0.000E+00 0.000E+00 1.614E-05 8.867E+00 1.948E-01  0.0000 0.23336
  3.500E+00 2.742E+01 7.941E+00 1.793E-05 0.000E+00 0.000E+00 1.793E-05 7.941E+00 2.545E-01  0.0000 0.25120
  4.000E+00 2.935E+01 7.215E+00 1.960E-05 0.000E+00 0.000E+00 1.960E-05 7.215E+00 3.206E-01  0.0000 0.26763
  4.500E+00 3.116E+01 6.629E+00 2.118E-05 0.000E+00 0.000E+00 2.118E-05 6.629E+00 3.930E-01  0.0000 0.28290
  5.000E+00 3.289E+01 6.145E+00 2.269E-05 0.000E+00 0.000E+00 2.269E-05 6.145E+00 4.714E-01  0.0000 0.29720
  5.500E+00 3.453E+01 5.738E+00 2.412E-05 0.000E+00 0.000E+00 2.412E-05 5.738E+00 5.556E-01  0.0000 0.31066
  6.000E+00 3.611E+01 5.391E+00 2.549E-05 0.000E+00 0.000E+00 2.549E-05 5.391E+00 6.456E-01  0.0000 0.32339
  7.000E+00 3.909E+01 4.829E+00 2.807E-05 0.000E+00 0.000E+00 2.807E-05 4.829E+00 8.419E-01  0.0000 0.34700
  8.000E+00 4.189E+01 4.392E+00 3.047E-05 0.000E+00 0.000E+00 3.047E-05 4.392E+00 1.059E+00  0.0000 0.36854
  9.000E+00 4.453E+01 4.043E+00 3.273E-05 0.000E+00 0.000E+00 3.273E-05 4.043E+00 1.297E+00  0.0000 0.38836
  1.000E+01 4.704E+01 3.756E+00 3.487E-05 0.000E+00 0.000E+00 3.487E-05 3.756E+00 1.554E+00  0.0000 0.40675
  1.200E+01 5.177E+01 3.314E+00 3.884E-05 0.000E+00 0.000E+00 3.884E-05 3.314E+00 2.121E+00  0.0000 0.43998
  1.400E+01 5.616E+01 2.988E+00 4.251E-05 0.000E+00 0.000E+00 4.251E-05 2.988E+00 2.758E+00  0.0000 0.46937
  1.700E+01 6.230E+01 2.633E+00 4.757E-05 0.000E+00 0.000E+00 4.757E-05 2.633E+00 3.829E+00  0.0000 0.50792
  2.000E+01 6.802E+01 2.377E+00 5.226E-05 0.000E+00 0.000E+00 5.226E-05 2.377E+00 5.030E+00  0.0000 0.54129
  2.500E+01 7.686E+01 2.081E+00 5.952E-05 0.000E+00 0.000E+00 5.952E-05 2.081E+00 7.283E+00  0.0000 0.58827
  3.000E+01 8.509E+01 1.879E+00 6.631E-05 0.000E+00 0.000E+00 6.631E-05 1.879E+00 9.814E+00  0.0000 0.62720
  3.500E+01 9.285E+01 1.734E+00 7.283E-05 0.000E+00 0.000E+00 7.283E-05 1.734E+00 1.259E+01  0.0000 0.66011
  4.000E+01 1.003E+02 1.625E+00 7.917E-05 0.000E+00 0.000E+00 7.917E-05 1.625E+00 1.557E+01  0.0000 0.68834
  4.500E+01 1.074E+02 1.540E+00 8.541E-05 0.000E+00 0.000E+00 8.541E-05 1.540E+00 1.873E+01  0.0000 0.71286
  5.000E+01 1.143E+02 1.472E+00 9.159E-05 0.000E+00 0.000E+00 9.159E-05 1.473E+00 2.205E+01  0.0000 0.73434
  5.500E+01 1.210E+02 1.418E+00 9.776E-05 0.000E+00 0.000E+00 9.776E-05 1.418E+00 2.551E+01  0.0000 0.75332
  6.000E+01 1.276E+02 1.373E+00 1.039E-04 0.000E+00 0.000E+00 1.039E-04 1.373E+00 2.909E+01  0.0000 0.77019
  7.000E+01 1.403E+02 1.304E+00 1.163E-04 0.000E+00 0.000E+00 1.163E-04 1.304E+00 3.657E+01  0.0000 0.79887
  8.000E+01 1.527E+02 1.255E+00 1.289E-04 0.000E+00 0.000E+00 1.289E-04 1.255E+00 4.439E+01  0.0000 0.82227
  9.000E+01 1.647E+02 1.218E+00 1.417E-04 0.000E+00 0.000E+00 1.417E-04 1.218E+00 5.247E+01  0.0000 0.84166
  1.000E+02 1.764E+02 1.191E+00 1.548E-04 0.000E+00 0.000E+00 1.548E-04 1.191E+00 6.078E+01  0.0000 0.85794
  1.200E+02 1.994E+02 1.154E+00 1.818E-04 0.000E+00 0.000E+00 1.818E-04 1.154E+00 7.783E+01  0.0000 0.88361
  1.400E+02 2.218E+02 1.133E+00 2.099E-04 0.000E+00 0.000E+00 2.099E-04 1.133E+00 9.532E+01  0.0000 0.90278
  1.700E+02 2.546E+02 1.116E+00 2.542E-04 0.000E+00 0.000E+00 2.542E-04 1.117E+00 1.220E+02  0.0000 0.92363
  2.000E+02 2.868E+02 1.111E+00 3.010E-04 0.000E+00 0.000E+00 3.010E-04 1.111E+00 1.489E+02  0.0000 0.93835
  2.500E+02 3.396E+02 1.114E+00 3.842E-04 0.000E+00 0.000E+00 3.842E-04 1.115E+00 1.938E+02  0.0000 0.95485
  3.000E+02 3.917E+02 1.125E+00 4.735E-04 0.000E+00 0.000E+00 4.735E-04 1.125E+00 2.385E+02  0.0000 0.96548
  3.500E+02 4.432E+02 1.138E+00 5.683E-04 0.000E+00 0.000E+00 5.683E-04 1.139E+00 2.827E+02  0.0000 0.97274
  4.000E+02 4.945E+02 1.153E+00 6.682E-04 0.000E+00 0.000E+00 6.682E-04 1.154E+00 3.263E+02  0.0022 0.97793
  4.500E+02 5.455E+02 1.167E+00 7.729E-04 0.000E+00 0.000E+00 7.729E-04 1.168E+00 3.694E+02  0.0111 0.98176
  5.000E+02 5.964E+02 1.181E+00 8.819E-04 0.000E+00 0.000E+00 8.819E-04 1.182E+00 4.119E+02  0.0251 0.98467
  5.500E+02 6.471E+02 1.195E+00 9.950E-04 1.269E-04 0.000E+00 1.122E-03 1.196E+00 4.540E+02  0.0428 0.98693
  6.000E+02 6.977E+02 1.208E+00 1.112E-03 1.901E-04 0.000E+00 1.302E-03 1.209E+00 4.955E+02  0.0632 0.98873
  7.000E+02 7.987E+02 1.231E+00 1.357E-03 3.072E-04 0.000E+00 1.664E-03 1.233E+00 5.774E+02  0.1095 0.99136
  8.000E+02 8.995E+02 1.253E+00 1.614E-03 4.444E-04 0.000E+00 2.059E-03 1.255E+00 6.578E+02  0.1602 0.99317
  9.000E+02 1.000E+03 1.272E+00 1.884E-03 6.029E-04 0.000E+00 2.487E-03 1.274E+00 7.369E+02  0.2131 0.99447
  1.000E+03 1.101E+03 1.290E+00 2.164E-03 7.816E-04 0.000E+00 2.946E-03 1.292E+00 8.148E+02  0.2669 0.99542
  1.200E+03 1.301E+03 1.320E+00 2.754E-03 1.195E-03 2.244E-05 3.971E-03 1.324E+00 9.677E+02  0.3747 0.99672
  1.400E+03 1.502E+03 1.346E+00 3.379E-03 1.675E-03 6.074E-05 5.115E-03 1.351E+00 1.117E+03  0.4802 0.99753
  1.700E+03 1.803E+03 1.379E+00 4.373E-03 2.509E-03 1.284E-04 7.011E-03 1.386E+00 1.336E+03  0.6314 0.99829
  2.000E+03 2.103E+03 1.406E+00 5.426E-03 3.462E-03 2.067E-04 9.095E-03 1.415E+00 1.551E+03  0.7735 0.99874
  2.500E+03 2.604E+03 1.443E+00 7.291E-03 5.281E-03 3.559E-04 1.293E-02 1.456E+00 1.899E+03  0.9910 0.99918
  3.000E+03 3.104E+03 1.472E+00 9.272E-03 7.345E-03 5.097E-04 1.713E-02 1.489E+00 2.239E+03  1.1873 0.99942
  3.500E+03 3.604E+03 1.496E+00 1.135E-02 9.619E-03 6.706E-04 2.164E-02 1.518E+00 2.571E+03  1.3657 0.99957
  4.000E+03 4.104E+03 1.517E+00 1.352E-02 1.209E-02 8.409E-04 2.644E-02 1.543E+00 2.898E+03  1.5292 0.99967
  4.500E+03 4.604E+03 1.534E+00 1.576E-02 1.472E-02 1.017E-03 3.150E-02 1.566E+00 3.219E+03  1.6801 0.99974
  5.000E+03 5.105E+03 1.550E+00 1.807E-02 1.750E-02 1.184E-03 3.675E-02 1.587E+00 3.537E+03  1.8201 0.99979
  5.500E+03 5.605E+03 1.564E+00 2.044E-02 2.042E-02 1.364E-03 4.222E-02 1.606E+00 3.850E+03  1.9508 0.99982
  6.000E+03 6.105E+03 1.576E+00 2.286E-02 2.345E-02 1.531E-03 4.785E-02 1.624E+00 4.160E+03  2.0734 0.99985
  7.000E+03 7.105E+03 1.597E+00 2.786E-02 2.985E-02 1.883E-03 5.959E-02 1.657E+00 4.769E+03  2.2979 0.99989
  8.000E+03 8.105E+03 1.615E+00 3.304E-02 3.662E-02 2.230E-03 7.189E-02 1.687E+00 5.367E+03  2.4995 0.99992
  9.000E+03 9.105E+03 1.631E+00 3.837E-02 4.373E-02 2.554E-03 8.465E-02 1.715E+00 5.955E+03  2.6827 0.99993
  1.000E+04 1.011E+04 1.644E+00 4.384E-02 5.113E-02 2.888E-03 9.785E-02 1.742E+00 6.534E+03  2.8506 0.99995
  1.200E+04 1.211E+04 1.667E+00 5.513E-02 6.668E-02 3.560E-03 1.254E-01 1.792E+00 7.666E+03  3.1495 0.99996
  1.400E+04 1.411E+04 1.685E+00 6.682E-02 8.310E-02 4.229E-03 1.542E-01 1.839E+00 8.768E+03  3.4102 0.99997
  1.700E+04 1.711E+04 1.707E+00 8.500E-02 1.090E-01 5.215E-03 1.993E-01 1.907E+00 1.037E+04  3.7480 0.99998
  2.000E+04 2.011E+04 1.725E+00 1.038E-01 1.363E-01 6.176E-03 2.463E-01 1.971E+00 1.192E+04  4.0381 0.99999
  2.500E+04 2.511E+04 1.749E+00 1.363E-01 1.840E-01 7.744E-03 3.280E-01 2.077E+00 1.439E+04  4.4462 0.99999
  3.000E+04 3.011E+04 1.767E+00 1.700E-01 2.339E-01 9.274E-03 4.132E-01 2.180E+00 1.674E+04  4.7872 0.99999
  3.500E+04 3.511E+04 1.782E+00 2.046E-01 2.857E-01 1.081E-02 5.011E-01 2.283E+00 1.898E+04  5.0800 1.00000
  4.000E+04 4.011E+04 1.795E+00 2.400E-01 3.389E-01 1.233E-02 5.912E-01 2.386E+00 2.112E+04  5.3367 1.00000
  4.500E+04 4.511E+04 1.806E+00 2.761E-01 3.933E-01 1.382E-02 6.833E-01 2.489E+00 2.318E+04  5.5651 1.00000
  5.000E+04 5.011E+04 1.815E+00 3.128E-01 4.488E-01 1.531E-02 7.769E-01 2.592E+00 2.514E+04  5.7708 1.00000
  5.500E+04 5.511E+04 1.824E+00 3.501E-01 5.052E-01 1.681E-02 8.720E-01 2.696E+00 2.704E+04  5.9579 1.00000
  6.000E+04 6.011E+04 1.832E+00 3.878E-01 5.624E-01 1.828E-02 9.684E-01 2.800E+00 2.886E+04  6.1294 1.00000
  7.000E+04 7.011E+04 1.845E+00 4.644E-01 6.787E-01 2.121E-02 1.164E+00 3.010E+00 3.230E+04  6.4347 1.00000
  8.000E+04 8.011E+04 1.857E+00 5.424E-01 7.974E-01 2.413E-02 1.364E+00 3.221E+00 3.552E+04  6.7004 1.00000
  9.000E+04 9.011E+04 1.867E+00 6.217E-01 9.179E-01 2.705E-02 1.567E+00 3.433E+00 3.853E+04  6.9352 1.00000
  1.000E+05 1.001E+05 1.876E+00 7.020E-01 1.040E+00 2.991E-02 1.772E+00 3.647E+00 4.135E+04  7.1456 1.00000
  1.200E+05 1.201E+05 1.891E+00 8.652E-01 1.288E+00 3.572E-02 2.189E+00 4.080E+00 4.655E+04  7.5099 1.00000
  1.400E+05 1.401E+05 1.904E+00 1.031E+00 1.540E+00 4.152E-02 2.613E+00 4.516E+00 5.121E+04  7.8180 1.00000
  1.700E+05 1.701E+05 1.920E+00 1.285E+00 1.924E+00 5.021E-02 3.259E+00 5.179E+00 5.743E+04  8.2060 1.00000
  2.000E+05 2.001E+05 1.933E+00 1.543E+00 2.313E+00 5.892E-02 3.915E+00 5.848E+00 6.289E+04  8.5309 1.00000
  2.500E+05 2.501E+05 1.951E+00 1.980E+00 2.970E+00 7.346E-02 5.023E+00 6.975E+00 7.075E+04  8.9770 1.00000
  3.000E+05 3.001E+05 1.966E+00 2.424E+00 3.635E+00 8.809E-02 6.147E+00 8.114E+00 7.742E+04  9.3415 1.00000
  3.500E+05 3.501E+05 1.979E+00 2.873E+00 4.307E+00 1.029E-01 7.283E+00 9.262E+00 8.320E+04  9.6497 1.00000
  4.000E+05 4.001E+05 1.990E+00 3.327E+00 4.982E+00 1.177E-01 8.427E+00 1.042E+01 8.830E+04  9.9166 1.00000
  4.500E+05 4.501E+05 2.000E+00 3.785E+00 5.662E+00 1.326E-01 9.579E+00 1.158E+01 9.285E+04 10.1522 1.00000
  5.000E+05 5.001E+05 2.008E+00 4.245E+00 6.344E+00 1.476E-01 1.074E+01 1.275E+01 9.697E+04 10.3628 1.00000
  5.500E+05 5.501E+05 2.016E+00 4.709E+00 7.029E+00 1.625E-01 1.190E+01 1.392E+01 1.007E+05 10.5534 1.00000
  6.000E+05 6.001E+05 2.024E+00 5.174E+00 7.717E+00 1.775E-01 1.307E+01 1.509E+01 1.042E+05 10.7274 1.00000
  7.000E+05 7.001E+05 2.036E+00 6.111E+00 9.096E+00 2.077E-01 1.541E+01 1.745E+01 1.104E+05 11.0357 1.00000
  8.000E+05 8.001E+05 2.047E+00 7.054E+00 1.048E+01 2.382E-01 1.777E+01 1.982E+01 1.158E+05 11.3027 1.00000
  9.000E+05 9.001E+05 2.057E+00 8.003E+00 1.187E+01 2.690E-01 2.014E+01 2.220E+01 1.205E+05 11.5382 1.00000
  1.000E+06 1.000E+06 2.066E+00 8.956E+00 1.326E+01 3.000E-01 2.252E+01 2.459E+01 1.248E+05 11.7489 1.00000
  1.200E+06 1.200E+06 2.082E+00 1.087E+01 1.606E+01 3.628E-01 2.730E+01 2.938E+01 1.323E+05 12.1135 1.00000
  1.400E+06 1.400E+06 2.095E+00 1.280E+01 1.887E+01 4.265E-01 3.209E+01 3.419E+01 1.386E+05 12.4218 1.00000
  1.700E+06 1.700E+06 2.111E+00 1.571E+01 2.308E+01 5.235E-01 3.932E+01 4.143E+01 1.466E+05 12.8101 1.00000
  2.000E+06 2.000E+06 2.125E+00 1.863E+01 2.731E+01 6.220E-01 4.657E+01 4.869E+01 1.533E+05 13.1351 1.00000
  2.500E+06 2.500E+06 2.144E+00 2.352E+01 3.438E+01 7.892E-01 5.869E+01 6.084E+01 1.626E+05 13.5814 1.00000
  3.000E+06 3.000E+06 2.160E+00 2.844E+01 4.146E+01 9.595E-01 7.086E+01 7.302E+01 1.701E+05 13.9460 1.00000
  3.500E+06 3.500E+06 2.174E+00 3.337E+01 4.856E+01 1.133E+00 8.306E+01 8.523E+01 1.765E+05 14.2543 1.00000
  4.000E+06 4.000E+06 2.186E+00 3.831E+01 5.566E+01 1.308E+00 9.528E+01 9.747E+01 1.820E+05 14.5213 1.00000
  4.500E+06 4.500E+06 2.196E+00 4.327E+01 6.277E+01 1.486E+00 1.075E+02 1.097E+02 1.868E+05 14.7569 1.00000
  5.000E+06 5.000E+06 2.205E+00 4.823E+01 6.988E+01 1.665E+00 1.198E+02 1.220E+02 1.911E+05 14.9676 1.00000
  5.500E+06 5.500E+06 2.214E+00 5.319E+01 7.700E+01 1.847E+00 1.320E+02 1.343E+02 1.950E+05 15.1582 1.00000
  6.000E+06 6.000E+06 2.222E+00 5.817E+01 8.412E+01 2.030E+00 1.443E+02 1.465E+02 1.986E+05 15.3323 1.00000
  7.000E+06 7.000E+06 2.236E+00 6.813E+01 9.837E+01 2.401E+00 1.689E+02 1.711E+02 2.049E+05 15.6405 1.00000
  8.000E+06 8.000E+06 2.248E+00 7.810E+01 1.126E+02 2.777E+00 1.935E+02 1.958E+02 2.104E+05 15.9076 1.00000
  9.000E+06 9.000E+06 2.259E+00 8.809E+01 1.269E+02 3.158E+00 2.181E+02 2.204E+02 2.152E+05 16.1432 1.00000
  1.000E+07 1.000E+07 2.268E+00 9.808E+01 1.412E+02 3.544E+00 2.428E+02 2.451E+02 2.195E+05 16.3539 1.00000
  1.200E+07 1.200E+07 2.285E+00 1.181E+02 1.697E+02 4.327E+00 2.921E+02 2.944E+02 2.270E+05 16.7185 1.00000
  1.400E+07 1.400E+07 2.300E+00 1.381E+02 1.983E+02 5.124E+00 3.415E+02 3.438E+02 2.333E+05 17.0268 1.00000
  1.700E+07 1.700E+07 2.318E+00 1.682E+02 2.412E+02 6.342E+00 4.157E+02 4.180E+02 2.413E+05 17.4151 1.00000
  2.000E+07 2.000E+07 2.333E+00 1.983E+02 2.840E+02 7.584E+00 4.899E+02 4.923E+02 2.479E+05 17.7402 1.00000
  2.500E+07 2.500E+07 2.355E+00 2.485E+02 3.555E+02 9.697E+00 6.138E+02 6.161E+02 2.571E+05 18.1865 1.00000
  3.000E+07 3.000E+07 2.372E+00 2.988E+02 4.271E+02 1.186E+01 7.377E+02 7.401E+02 2.645E+05 18.5511 1.00000
  3.500E+07 3.500E+07 2.387E+00 3.490E+02 4.986E+02 1.406E+01 8.617E+02 8.641E+02 2.708E+05 18.8594 1.00000
  4.000E+07 4.000E+07 2.400E+00 3.993E+02 5.701E+02 1.629E+01 9.857E+02 9.881E+02 2.762E+05 19.1265 1.00000
  4.500E+07 4.500E+07 2.412E+00 4.496E+02 6.417E+02 1.856E+01 1.110E+03 1.112E+03 2.810E+05 19.3620 1.00000
  5.000E+07 5.000E+07 2.422E+00 4.999E+02 7.132E+02 2.085E+01 1.234E+03 1.236E+03 2.852E+05 19.5727 1.00000
  5.500E+07 5.500E+07 2.432E+00 5.503E+02 7.848E+02 2.317E+01 1.358E+03 1.361E+03 2.891E+05 19.7634 1.00000
  6.000E+07 6.000E+07 2.440E+00 6.006E+02 8.564E+02 2.551E+01 1.482E+03 1.485E+03 2.926E+05 19.9374 1.00000
  7.000E+07 7.000E+07 2.456E+00 7.013E+02 9.995E+02 3.026E+01 1.731E+03 1.733E+03 2.989E+05 20.2457 1.00000
  8.000E+07 8.000E+07 2.469E+00 8.020E+02 1.143E+03 3.509E+01 1.980E+03 1.982E+03 3.043E+05 20.5128 1.00000
  9.000E+07 9.000E+07 2.481E+00 9.027E+02 1.286E+03 3.999E+01 2.228E+03 2.231E+03 3.090E+05 20.7483 1.00000
  1.000E+08 1.000E+08 2.492E+00 1.003E+03 1.429E+03 4.495E+01 2.477E+03 2.480E+03 3.133E+05 20.9590 1.00000
  1.200E+08 1.200E+08 2.511E+00 1.205E+03 1.715E+03 5.503E+01 2.975E+03 2.978E+03 3.207E+05 21.3237 1.00000
  1.400E+08 1.400E+08 2.527E+00 1.406E+03 2.002E+03 6.530E+01 3.473E+03 3.476E+03 3.269E+05 21.6320 1.00000
  1.700E+08 1.700E+08 2.547E+00 1.709E+03 2.431E+03 8.102E+01 4.221E+03 4.223E+03 3.348E+05 22.0203 1.00000
  2.000E+08 2.000E+08 2.564E+00 2.011E+03 2.861E+03 9.706E+01 4.969E+03 4.971E+03 3.414E+05 22.3453 1.00000
  2.500E+08 2.500E+08 2.588E+00 2.515E+03 3.576E+03 1.244E+02 6.216E+03 6.218E+03 3.504E+05 22.7916 1.00000
  3.000E+08 3.000E+08 2.608E+00 3.019E+03 4.292E+03 1.524E+02 7.463E+03 7.466E+03 3.578E+05 23.1563 1.00000
  3.500E+08 3.500E+08 2.625E+00 3.523E+03 5.008E+03 1.809E+02 8.712E+03 8.714E+03 3.640E+05 23.4646 1.00000
  4.000E+08 4.000E+08 2.639E+00 4.027E+03 5.724E+03 2.099E+02 9.960E+03 9.963E+03 3.694E+05 23.7316 1.00000
  4.500E+08 4.500E+08 2.652E+00 4.531E+03 6.440E+03 2.394E+02 1.121E+04 1.121E+04 3.741E+05 23.9672 1.00000
  5.000E+08 5.000E+08 2.664E+00 5.035E+03 7.156E+03 2.692E+02 1.246E+04 1.246E+04 3.783E+05 24.1779 1.00000
  5.500E+08 5.500E+08 2.674E+00 5.539E+03 7.871E+03 2.994E+02 1.371E+04 1.371E+04 3.822E+05 24.3685 1.00000
  6.000E+08 6.000E+08 2.684E+00 6.042E+03 8.587E+03 3.299E+02 1.496E+04 1.496E+04 3.857E+05 24.5426 1.00000
  7.000E+08 7.000E+08 2.701E+00 7.050E+03 1.002E+04 3.918E+02 1.746E+04 1.746E+04 3.919E+05 24.8509 1.00000
  8.000E+08 8.000E+08 2.716E+00 8.058E+03 1.145E+04 4.547E+02 1.996E+04 1.997E+04 3.972E+05 25.1179 1.00000
  9.000E+08 9.000E+08 2.730E+00 9.066E+03 1.288E+04 5.186E+02 2.247E+04 2.247E+04 4.020E+05 25.3535 1.00000
  1.000E+09 1.000E+09 2.742E+00 1.007E+04 1.431E+04 5.833E+02 2.497E+04 2.497E+04 4.062E+05 25.5642 1.00000
