 Incident particle is a Muon with M = 105.65839 MeV
 Index = 0: HeavymetInRochesterGammaStop
      Absorber with <Z/A> = 0.40915
 Sternheimer coef:  a     k=m_s   x_0    x_1    I[eV]   Cbar  delta0
                 0.1551  2.8447  0.2167  3.4960  727.0  5.4059 0.14

 *** Table generated with PUMAS v1.00 ***

      T         p     Ionization  brems     pair     photonuc  Radloss    dE/dx   CSDA Range  delta   beta
    [MeV]    [MeV/c]  -----------------------[MeV cm^2/g]------------------------  [g/cm^2]
  1.000E+00 1.457E+01 2.196E+01 4.888E-06 0.000E+00 0.000E+00 4.888E-06 2.196E+01 2.277E-02  0.0010 0.13661
  1.200E+00 1.597E+01 1.936E+01 5.614E-06 0.000E+00 0.000E+00 5.614E-06 1.936E+01 3.249E-02  0.0012 0.14944
  1.400E+00 1.726E+01 1.737E+01 6.302E-06 0.000E+00 0.000E+00 6.302E-06 1.737E+01 4.341E-02  0.0014 0.16119
  1.700E+00 1.903E+01 1.513E+01 7.273E-06 0.000E+00 0.000E+00 7.273E-06 1.513E+01 6.196E-02  0.0017 0.17725
  2.000E+00 2.066E+01 1.345E+01 8.186E-06 0.000E+00 0.000E+00 8.186E-06 1.345E+01 8.303E-02  0.0020 0.19186
  2.500E+00 2.312E+01 1.143E+01 9.599E-06 0.000E+00 0.000E+00 9.599E-06 1.143E+01 1.235E-01  0.0025 0.21376
  3.000E+00 2.536E+01 9.997E+00 1.091E-05 0.000E+00 0.000E+00 1.091E-05 9.997E+00 1.704E-01  0.0030 0.23336
  3.500E+00 2.742E+01 8.922E+00 1.212E-05 0.000E+00 0.000E+00 1.212E-05 8.922E+00 2.234E-01  0.0035 0.25120
  4.000E+00 2.935E+01 8.083E+00 1.327E-05 0.000E+00 0.000E+00 1.327E-05 8.083E+00 2.823E-01  0.0040 0.26763
  4.500E+00 3.116E+01 7.408E+00 1.436E-05 0.000E+00 0.000E+00 1.436E-05 7.408E+00 3.470E-01  0.0045 0.28290
  5.000E+00 3.289E+01 6.854E+00 1.539E-05 0.000E+00 0.000E+00 1.539E-05 6.854E+00 4.172E-01  0.0050 0.29720
  5.500E+00 3.453E+01 6.389E+00 1.637E-05 0.000E+00 0.000E+00 1.637E-05 6.389E+00 4.928E-01  0.0055 0.31066
  6.000E+00 3.611E+01 5.993E+00 1.732E-05 0.000E+00 0.000E+00 1.732E-05 5.993E+00 5.737E-01  0.0060 0.32339
  7.000E+00 3.909E+01 5.354E+00 1.910E-05 0.000E+00 0.000E+00 1.910E-05 5.354E+00 7.505E-01  0.0071 0.34700
  8.000E+00 4.189E+01 4.859E+00 2.076E-05 0.000E+00 0.000E+00 2.076E-05 4.859E+00 9.468E-01  0.0081 0.36854
  9.000E+00 4.453E+01 4.465E+00 2.232E-05 0.000E+00 0.000E+00 2.232E-05 4.465E+00 1.162E+00  0.0092 0.38836
  1.000E+01 4.704E+01 4.142E+00 2.380E-05 0.000E+00 0.000E+00 2.380E-05 4.142E+00 1.394E+00  0.0102 0.40675
  1.200E+01 5.177E+01 3.645E+00 2.656E-05 0.000E+00 0.000E+00 2.656E-05 3.645E+00 1.910E+00  0.0124 0.43998
  1.400E+01 5.616E+01 3.280E+00 2.911E-05 0.000E+00 0.000E+00 2.911E-05 3.280E+00 2.489E+00  0.0146 0.46937
  1.700E+01 6.230E+01 2.883E+00 3.264E-05 0.000E+00 0.000E+00 3.264E-05 2.883E+00 3.467E+00  0.0179 0.50792
  2.000E+01 6.802E+01 2.598E+00 3.590E-05 0.000E+00 0.000E+00 3.590E-05 2.598E+00 4.565E+00  0.0214 0.54129
  2.500E+01 7.686E+01 2.268E+00 4.096E-05 0.000E+00 0.000E+00 4.096E-05 2.268E+00 6.630E+00  0.0273 0.58827
  3.000E+01 8.509E+01 2.044E+00 4.569E-05 0.000E+00 0.000E+00 4.569E-05 2.044E+00 8.955E+00  0.0335 0.62720
  3.500E+01 9.285E+01 1.882E+00 5.023E-05 0.000E+00 0.000E+00 5.023E-05 1.882E+00 1.151E+01  0.0399 0.66011
  4.000E+01 1.003E+02 1.761E+00 5.464E-05 0.000E+00 0.000E+00 5.464E-05 1.761E+00 1.425E+01  0.0465 0.68834
  4.500E+01 1.074E+02 1.666E+00 5.897E-05 0.000E+00 0.000E+00 5.897E-05 1.666E+00 1.717E+01  0.0533 0.71286
  5.000E+01 1.143E+02 1.591E+00 6.326E-05 0.000E+00 0.000E+00 6.326E-05 1.591E+00 2.025E+01  0.0604 0.73434
  5.500E+01 1.210E+02 1.530E+00 6.754E-05 0.000E+00 0.000E+00 6.754E-05 1.530E+00 2.345E+01  0.0677 0.75332
  6.000E+01 1.276E+02 1.480E+00 7.181E-05 0.000E+00 0.000E+00 7.181E-05 1.480E+00 2.677E+01  0.0753 0.77019
  7.000E+01 1.403E+02 1.403E+00 8.041E-05 0.000E+00 0.000E+00 8.041E-05 1.403E+00 3.372E+01  0.0910 0.79887
  8.000E+01 1.527E+02 1.347E+00 8.911E-05 0.000E+00 0.000E+00 8.911E-05 1.347E+00 4.099E+01  0.1077 0.82227
  9.000E+01 1.647E+02 1.305E+00 9.796E-05 0.000E+00 0.000E+00 9.796E-05 1.305E+00 4.854E+01  0.1254 0.84166
  1.000E+02 1.764E+02 1.273E+00 1.070E-04 0.000E+00 0.000E+00 1.070E-04 1.273E+00 5.630E+01  0.1444 0.85794
  1.200E+02 1.994E+02 1.229E+00 1.256E-04 0.000E+00 0.000E+00 1.256E-04 1.229E+00 7.229E+01  0.1832 0.88361
  1.400E+02 2.218E+02 1.202E+00 1.450E-04 0.000E+00 0.000E+00 1.450E-04 1.202E+00 8.874E+01  0.2221 0.90278
  1.700E+02 2.546E+02 1.179E+00 1.755E-04 0.000E+00 0.000E+00 1.755E-04 1.179E+00 1.139E+02  0.2793 0.92363
  2.000E+02 2.868E+02 1.168E+00 2.076E-04 0.000E+00 0.000E+00 2.076E-04 1.168E+00 1.395E+02  0.3348 0.93835
  2.500E+02 3.396E+02 1.164E+00 2.648E-04 0.000E+00 0.000E+00 2.648E-04 1.165E+00 1.824E+02  0.4231 0.95485
  3.000E+02 3.917E+02 1.169E+00 3.260E-04 4.516E-08 0.000E+00 3.261E-04 1.169E+00 2.252E+02  0.5063 0.96548
  3.500E+02 4.432E+02 1.177E+00 3.910E-04 6.937E-07 0.000E+00 3.917E-04 1.177E+00 2.678E+02  0.5848 0.97274
  4.000E+02 4.945E+02 1.187E+00 4.594E-04 1.390E-06 0.000E+00 4.607E-04 1.187E+00 3.101E+02  0.6589 0.97793
  4.500E+02 5.455E+02 1.198E+00 5.309E-04 1.234E-05 0.000E+00 5.432E-04 1.198E+00 3.520E+02  0.7292 0.98176
  5.000E+02 5.964E+02 1.209E+00 6.054E-04 6.706E-05 0.000E+00 6.724E-04 1.209E+00 3.936E+02  0.7961 0.98467
  5.500E+02 6.471E+02 1.219E+00 6.826E-04 9.613E-05 0.000E+00 7.787E-04 1.220E+00 4.347E+02  0.8598 0.98693
  6.000E+02 6.977E+02 1.230E+00 7.624E-04 1.280E-04 0.000E+00 8.904E-04 1.231E+00 4.755E+02  0.9207 0.98873
  7.000E+02 7.987E+02 1.249E+00 9.292E-04 2.029E-04 0.000E+00 1.132E-03 1.251E+00 5.562E+02  1.0351 0.99136
  8.000E+02 8.995E+02 1.268E+00 1.105E-03 2.928E-04 0.000E+00 1.398E-03 1.269E+00 6.355E+02  1.1408 0.99317
  9.000E+02 1.000E+03 1.285E+00 1.288E-03 3.966E-04 0.000E+00 1.685E-03 1.286E+00 7.138E+02  1.2392 0.99447
  1.000E+03 1.101E+03 1.300E+00 1.479E-03 5.136E-04 0.000E+00 1.992E-03 1.302E+00 7.911E+02  1.3313 0.99542
  1.200E+03 1.301E+03 1.328E+00 1.880E-03 7.839E-04 2.246E-05 2.686E-03 1.330E+00 9.431E+02  1.4998 0.99672
  1.400E+03 1.502E+03 1.351E+00 2.304E-03 1.098E-03 6.090E-05 3.463E-03 1.355E+00 1.092E+03  1.6511 0.99753
  1.700E+03 1.803E+03 1.382E+00 2.978E-03 1.644E-03 1.290E-04 4.750E-03 1.386E+00 1.311E+03  1.8530 0.99829
  2.000E+03 2.103E+03 1.407E+00 3.690E-03 2.267E-03 2.082E-04 6.166E-03 1.413E+00 1.525E+03  2.0316 0.99874
  2.500E+03 2.604E+03 1.442E+00 4.952E-03 3.456E-03 3.592E-04 8.767E-03 1.451E+00 1.875E+03  2.2905 0.99918
  3.000E+03 3.104E+03 1.470E+00 6.290E-03 4.806E-03 5.156E-04 1.161E-02 1.482E+00 2.216E+03  2.5136 0.99942
  3.500E+03 3.604E+03 1.493E+00 7.695E-03 6.294E-03 6.795E-04 1.467E-02 1.508E+00 2.550E+03  2.7100 0.99957
  4.000E+03 4.104E+03 1.514E+00 9.156E-03 7.911E-03 8.533E-04 1.792E-02 1.531E+00 2.879E+03  2.8858 0.99967
  4.500E+03 4.604E+03 1.531E+00 1.067E-02 9.642E-03 1.033E-03 2.134E-02 1.552E+00 3.203E+03  3.0451 0.99974
  5.000E+03 5.105E+03 1.546E+00 1.222E-02 1.147E-02 1.204E-03 2.490E-02 1.571E+00 3.524E+03  3.1908 0.99979
  5.500E+03 5.605E+03 1.560E+00 1.382E-02 1.338E-02 1.389E-03 2.859E-02 1.589E+00 3.840E+03  3.3252 0.99982
  6.000E+03 6.105E+03 1.573E+00 1.545E-02 1.538E-02 1.560E-03 3.239E-02 1.605E+00 4.153E+03  3.4500 0.99985
  7.000E+03 7.105E+03 1.594E+00 1.882E-02 1.958E-02 1.921E-03 4.032E-02 1.635E+00 4.771E+03  3.6759 0.99989
  8.000E+03 8.105E+03 1.613E+00 2.230E-02 2.404E-02 2.278E-03 4.862E-02 1.661E+00 5.377E+03  3.8765 0.99992
  9.000E+03 9.105E+03 1.629E+00 2.589E-02 2.872E-02 2.611E-03 5.721E-02 1.686E+00 5.975E+03  4.0570 0.99993
  1.000E+04 1.011E+04 1.642E+00 2.956E-02 3.359E-02 2.955E-03 6.611E-02 1.709E+00 6.564E+03  4.2212 0.99995
  1.200E+04 1.211E+04 1.666E+00 3.715E-02 4.384E-02 3.648E-03 8.464E-02 1.751E+00 7.721E+03  4.5114 0.99996
  1.400E+04 1.411E+04 1.685E+00 4.501E-02 5.467E-02 4.339E-03 1.040E-01 1.789E+00 8.851E+03  4.7625 0.99997
  1.700E+04 1.711E+04 1.709E+00 5.722E-02 7.180E-02 5.358E-03 1.344E-01 1.843E+00 1.050E+04  5.0857 0.99998
  2.000E+04 2.011E+04 1.728E+00 6.985E-02 8.980E-02 6.353E-03 1.660E-01 1.894E+00 1.211E+04  5.3621 0.99999
  2.500E+04 2.511E+04 1.753E+00 9.168E-02 1.214E-01 7.979E-03 2.210E-01 1.974E+00 1.469E+04  5.7495 0.99999
  3.000E+04 3.011E+04 1.773E+00 1.143E-01 1.545E-01 9.568E-03 2.783E-01 2.052E+00 1.718E+04  6.0726 0.99999
  3.500E+04 3.511E+04 1.790E+00 1.375E-01 1.888E-01 1.117E-02 3.375E-01 2.127E+00 1.957E+04  6.3500 1.00000
  4.000E+04 4.011E+04 1.803E+00 1.613E-01 2.241E-01 1.275E-02 3.981E-01 2.202E+00 2.188E+04  6.5933 1.00000
  4.500E+04 4.511E+04 1.815E+00 1.855E-01 2.603E-01 1.430E-02 4.601E-01 2.275E+00 2.412E+04  6.8101 1.00000
  5.000E+04 5.011E+04 1.826E+00 2.102E-01 2.972E-01 1.585E-02 5.232E-01 2.349E+00 2.628E+04  7.0057 1.00000
  5.500E+04 5.511E+04 1.835E+00 2.351E-01 3.347E-01 1.741E-02 5.872E-01 2.422E+00 2.838E+04  7.1838 1.00000
  6.000E+04 6.011E+04 1.843E+00 2.605E-01 3.727E-01 1.895E-02 6.521E-01 2.496E+00 3.041E+04  7.3475 1.00000
  7.000E+04 7.011E+04 1.858E+00 3.119E-01 4.503E-01 2.200E-02 7.842E-01 2.642E+00 3.431E+04  7.6397 1.00000
  8.000E+04 8.011E+04 1.870E+00 3.643E-01 5.294E-01 2.505E-02 9.187E-01 2.789E+00 3.799E+04  7.8950 1.00000
  9.000E+04 9.011E+04 1.881E+00 4.176E-01 6.098E-01 2.810E-02 1.055E+00 2.936E+00 4.149E+04  8.1217 1.00000
  1.000E+05 1.001E+05 1.890E+00 4.715E-01 6.912E-01 3.109E-02 1.194E+00 3.084E+00 4.481E+04  8.3257 1.00000
  1.200E+05 1.201E+05 1.907E+00 5.812E-01 8.569E-01 3.717E-02 1.475E+00 3.382E+00 5.101E+04  8.6810 1.00000
  1.400E+05 1.401E+05 1.920E+00 6.929E-01 1.025E+00 4.323E-02 1.762E+00 3.682E+00 5.668E+04  8.9834 1.00000
  1.700E+05 1.701E+05 1.937E+00 8.634E-01 1.282E+00 5.232E-02 2.198E+00 4.135E+00 6.439E+04  9.3666 1.00000
  2.000E+05 2.001E+05 1.951E+00 1.037E+00 1.543E+00 6.145E-02 2.641E+00 4.592E+00 7.128E+04  9.6889 1.00000
  2.500E+05 2.501E+05 1.969E+00 1.331E+00 1.984E+00 7.669E-02 3.391E+00 5.361E+00 8.139E+04 10.1333 1.00000
  3.000E+05 3.001E+05 1.985E+00 1.630E+00 2.430E+00 9.202E-02 4.152E+00 6.137E+00 9.013E+04 10.4975 1.00000
  3.500E+05 3.501E+05 1.998E+00 1.932E+00 2.881E+00 1.075E-01 4.921E+00 6.918E+00 9.781E+04 10.8057 1.00000
  4.000E+05 4.001E+05 2.009E+00 2.238E+00 3.335E+00 1.231E-01 5.696E+00 7.705E+00 1.047E+05 11.0726 1.00000
  4.500E+05 4.501E+05 2.019E+00 2.546E+00 3.792E+00 1.387E-01 6.477E+00 8.495E+00 1.109E+05 11.3082 1.00000
  5.000E+05 5.001E+05 2.027E+00 2.857E+00 4.250E+00 1.545E-01 7.261E+00 9.289E+00 1.165E+05 11.5188 1.00000
  5.500E+05 5.501E+05 2.035E+00 3.169E+00 4.711E+00 1.701E-01 8.050E+00 1.009E+01 1.217E+05 11.7094 1.00000
  6.000E+05 6.001E+05 2.043E+00 3.483E+00 5.173E+00 1.858E-01 8.842E+00 1.088E+01 1.264E+05 11.8834 1.00000
  7.000E+05 7.001E+05 2.056E+00 4.115E+00 6.101E+00 2.175E-01 1.043E+01 1.249E+01 1.350E+05 12.1917 1.00000
  8.000E+05 8.001E+05 2.067E+00 4.751E+00 7.033E+00 2.495E-01 1.203E+01 1.410E+01 1.426E+05 12.4587 1.00000
  9.000E+05 9.001E+05 2.077E+00 5.391E+00 7.969E+00 2.819E-01 1.364E+01 1.572E+01 1.493E+05 12.6942 1.00000
  1.000E+06 1.000E+06 2.086E+00 6.034E+00 8.907E+00 3.145E-01 1.526E+01 1.734E+01 1.554E+05 12.9049 1.00000
  1.200E+06 1.200E+06 2.102E+00 7.328E+00 1.079E+01 3.804E-01 1.850E+01 2.060E+01 1.660E+05 13.2695 1.00000
  1.400E+06 1.400E+06 2.115E+00 8.630E+00 1.268E+01 4.473E-01 2.176E+01 2.387E+01 1.750E+05 13.5778 1.00000
  1.700E+06 1.700E+06 2.132E+00 1.059E+01 1.552E+01 5.492E-01 2.666E+01 2.880E+01 1.865E+05 13.9661 1.00000
  2.000E+06 2.000E+06 2.146E+00 1.257E+01 1.837E+01 6.527E-01 3.159E+01 3.374E+01 1.962E+05 14.2911 1.00000
  2.500E+06 2.500E+06 2.166E+00 1.588E+01 2.314E+01 8.283E-01 3.984E+01 4.201E+01 2.096E+05 14.7374 1.00000
  3.000E+06 3.000E+06 2.182E+00 1.920E+01 2.791E+01 1.007E+00 4.812E+01 5.030E+01 2.205E+05 15.1020 1.00000
  3.500E+06 3.500E+06 2.196E+00 2.254E+01 3.269E+01 1.189E+00 5.642E+01 5.861E+01 2.297E+05 15.4103 1.00000
  4.000E+06 4.000E+06 2.208E+00 2.588E+01 3.748E+01 1.373E+00 6.474E+01 6.694E+01 2.377E+05 15.6773 1.00000
  4.500E+06 4.500E+06 2.219E+00 2.923E+01 4.227E+01 1.560E+00 7.307E+01 7.529E+01 2.448E+05 15.9129 1.00000
  5.000E+06 5.000E+06 2.228E+00 3.259E+01 4.707E+01 1.749E+00 8.141E+01 8.364E+01 2.511E+05 16.1236 1.00000
  5.500E+06 5.500E+06 2.237E+00 3.595E+01 5.187E+01 1.940E+00 8.976E+01 9.200E+01 2.568E+05 16.3142 1.00000
  6.000E+06 6.000E+06 2.245E+00 3.932E+01 5.667E+01 2.132E+00 9.812E+01 1.004E+02 2.620E+05 16.4883 1.00000
  7.000E+06 7.000E+06 2.259E+00 4.606E+01 6.629E+01 2.522E+00 1.149E+02 1.171E+02 2.712E+05 16.7965 1.00000
  8.000E+06 8.000E+06 2.272E+00 5.281E+01 7.590E+01 2.917E+00 1.316E+02 1.339E+02 2.792E+05 17.0636 1.00000
  9.000E+06 9.000E+06 2.283E+00 5.957E+01 8.553E+01 3.318E+00 1.484E+02 1.507E+02 2.863E+05 17.2992 1.00000
  1.000E+07 1.000E+07 2.292E+00 6.634E+01 9.516E+01 3.723E+00 1.652E+02 1.675E+02 2.926E+05 17.5099 1.00000
  1.200E+07 1.200E+07 2.310E+00 7.989E+01 1.144E+02 4.546E+00 1.989E+02 2.012E+02 3.035E+05 17.8745 1.00000
  1.400E+07 1.400E+07 2.324E+00 9.346E+01 1.337E+02 5.384E+00 2.325E+02 2.349E+02 3.128E+05 18.1828 1.00000
  1.700E+07 1.700E+07 2.343E+00 1.138E+02 1.626E+02 6.664E+00 2.831E+02 2.855E+02 3.244E+05 18.5711 1.00000
  2.000E+07 2.000E+07 2.359E+00 1.342E+02 1.916E+02 7.969E+00 3.337E+02 3.361E+02 3.341E+05 18.8962 1.00000
  2.500E+07 2.500E+07 2.380E+00 1.682E+02 2.398E+02 1.019E+01 4.182E+02 4.206E+02 3.475E+05 19.3425 1.00000
  3.000E+07 3.000E+07 2.398E+00 2.023E+02 2.881E+02 1.246E+01 5.028E+02 5.052E+02 3.584E+05 19.7071 1.00000
  3.500E+07 3.500E+07 2.413E+00 2.363E+02 3.363E+02 1.477E+01 5.874E+02 5.899E+02 3.676E+05 20.0154 1.00000
  4.000E+07 4.000E+07 2.427E+00 2.704E+02 3.846E+02 1.712E+01 6.721E+02 6.746E+02 3.755E+05 20.2825 1.00000
  4.500E+07 4.500E+07 2.439E+00 3.045E+02 4.329E+02 1.950E+01 7.569E+02 7.593E+02 3.825E+05 20.5180 1.00000
  5.000E+07 5.000E+07 2.449E+00 3.386E+02 4.812E+02 2.191E+01 8.417E+02 8.441E+02 3.888E+05 20.7287 1.00000
  5.500E+07 5.500E+07 2.459E+00 3.727E+02 5.295E+02 2.435E+01 9.265E+02 9.290E+02 3.944E+05 20.9194 1.00000
  6.000E+07 6.000E+07 2.468E+00 4.068E+02 5.777E+02 2.681E+01 1.011E+03 1.014E+03 3.996E+05 21.0934 1.00000
  7.000E+07 7.000E+07 2.484E+00 4.750E+02 6.743E+02 3.181E+01 1.181E+03 1.184E+03 4.087E+05 21.4017 1.00000
  8.000E+07 8.000E+07 2.497E+00 5.433E+02 7.709E+02 3.688E+01 1.351E+03 1.354E+03 4.167E+05 21.6688 1.00000
  9.000E+07 9.000E+07 2.510E+00 6.115E+02 8.675E+02 4.203E+01 1.521E+03 1.524E+03 4.236E+05 21.9043 1.00000
  1.000E+08 1.000E+08 2.521E+00 6.798E+02 9.641E+02 4.724E+01 1.691E+03 1.694E+03 4.299E+05 22.1150 1.00000
  1.200E+08 1.200E+08 2.540E+00 8.163E+02 1.157E+03 5.783E+01 2.032E+03 2.034E+03 4.407E+05 22.4797 1.00000
  1.400E+08 1.400E+08 2.556E+00 9.529E+02 1.351E+03 6.863E+01 2.372E+03 2.375E+03 4.498E+05 22.7880 1.00000
  1.700E+08 1.700E+08 2.577E+00 1.158E+03 1.640E+03 8.515E+01 2.883E+03 2.886E+03 4.613E+05 23.1763 1.00000
  2.000E+08 2.000E+08 2.594E+00 1.363E+03 1.930E+03 1.020E+02 3.395E+03 3.398E+03 4.710E+05 23.5013 1.00000
  2.500E+08 2.500E+08 2.619E+00 1.704E+03 2.413E+03 1.308E+02 4.248E+03 4.251E+03 4.842E+05 23.9476 1.00000
  3.000E+08 3.000E+08 2.639E+00 2.046E+03 2.896E+03 1.602E+02 5.102E+03 5.105E+03 4.950E+05 24.3123 1.00000
  3.500E+08 3.500E+08 2.656E+00 2.387E+03 3.380E+03 1.902E+02 5.957E+03 5.960E+03 5.041E+05 24.6206 1.00000
  4.000E+08 4.000E+08 2.670E+00 2.729E+03 3.863E+03 2.207E+02 6.812E+03 6.815E+03 5.119E+05 24.8876 1.00000
  4.500E+08 4.500E+08 2.684E+00 3.070E+03 4.346E+03 2.516E+02 7.668E+03 7.670E+03 5.189E+05 25.1232 1.00000
  5.000E+08 5.000E+08 2.696E+00 3.412E+03 4.829E+03 2.829E+02 8.524E+03 8.526E+03 5.250E+05 25.3339 1.00000
  5.500E+08 5.500E+08 2.706E+00 3.754E+03 5.312E+03 3.147E+02 9.380E+03 9.383E+03 5.306E+05 25.5245 1.00000
  6.000E+08 6.000E+08 2.716E+00 4.095E+03 5.795E+03 3.467E+02 1.024E+04 1.024E+04 5.357E+05 25.6986 1.00000
  7.000E+08 7.000E+08 2.734E+00 4.778E+03 6.761E+03 4.118E+02 1.195E+04 1.195E+04 5.448E+05 26.0069 1.00000
  8.000E+08 8.000E+08 2.749E+00 5.461E+03 7.727E+03 4.779E+02 1.367E+04 1.367E+04 5.527E+05 26.2739 1.00000
  9.000E+08 9.000E+08 2.763E+00 6.145E+03 8.693E+03 5.450E+02 1.538E+04 1.539E+04 5.596E+05 26.5095 1.00000
  1.000E+09 1.000E+09 2.775E+00 6.828E+03 9.659E+03 6.131E+02 1.710E+04 1.710E+04 5.657E+05 26.7202 1.00000
