 Incident particle is a Muon with M = 105.65839 MeV
 Index = 0: HeliumGas
      Absorber with <Z/A> = 0.49968
 Density effect computed following Fano (1963)
 Models for Radloss: brems =  SSR, pair =  SSR, photonuc = DRSS

 *** Table generated with PUMAS v1.1 ***

      T         p     Ionization  brems     pair     photonuc  Radloss    dE/dx   CSDA Range  delta   beta
    [MeV]    [MeV/c]  -----------------------[MeV cm^2/g]------------------------  [g/cm^2]
  1.000E+00 1.457E+01 5.030E+01 0.000E+00 0.000E+00 0.000E+00 0.000E+00 5.030E+01 9.940E-03  0.0000 0.13661
  1.200E+00 1.597E+01 4.327E+01 0.000E+00 0.000E+00 0.000E+00 0.000E+00 4.327E+01 1.424E-02  0.0000 0.14944
  1.400E+00 1.726E+01 3.809E+01 0.000E+00 0.000E+00 0.000E+00 0.000E+00 3.809E+01 1.918E-02  0.0000 0.16119
  1.700E+00 1.903E+01 3.243E+01 0.000E+00 0.000E+00 0.000E+00 0.000E+00 3.243E+01 2.775E-02  0.0000 0.17725
  2.000E+00 2.066E+01 2.834E+01 0.000E+00 0.000E+00 0.000E+00 0.000E+00 2.834E+01 3.767E-02  0.0000 0.19186
  2.500E+00 2.312E+01 2.355E+01 0.000E+00 0.000E+00 0.000E+00 0.000E+00 2.355E+01 5.712E-02  0.0000 0.21376
  3.000E+00 2.536E+01 2.026E+01 0.000E+00 0.000E+00 0.000E+00 0.000E+00 2.026E+01 8.008E-02  0.0000 0.23336
  3.500E+00 2.742E+01 1.784E+01 0.000E+00 0.000E+00 0.000E+00 0.000E+00 1.784E+01 1.064E-01  0.0000 0.25120
  4.000E+00 2.935E+01 1.599E+01 0.000E+00 0.000E+00 0.000E+00 0.000E+00 1.599E+01 1.361E-01  0.0000 0.26763
  4.500E+00 3.116E+01 1.453E+01 0.000E+00 0.000E+00 0.000E+00 0.000E+00 1.453E+01 1.689E-01  0.0000 0.28290
  5.000E+00 3.289E+01 1.334E+01 0.000E+00 0.000E+00 0.000E+00 0.000E+00 1.334E+01 2.049E-01  0.0000 0.29720
  5.500E+00 3.453E+01 1.235E+01 0.000E+00 0.000E+00 0.000E+00 0.000E+00 1.235E+01 2.439E-01  0.0000 0.31066
  6.000E+00 3.611E+01 1.151E+01 0.000E+00 0.000E+00 0.000E+00 0.000E+00 1.151E+01 2.859E-01  0.0000 0.32339
  7.000E+00 3.909E+01 1.018E+01 0.000E+00 0.000E+00 0.000E+00 0.000E+00 1.018E+01 3.784E-01  0.0000 0.34700
  8.000E+00 4.189E+01 9.165E+00 0.000E+00 0.000E+00 0.000E+00 0.000E+00 9.165E+00 4.821E-01  0.0000 0.36854
  9.000E+00 4.453E+01 8.363E+00 0.000E+00 0.000E+00 0.000E+00 0.000E+00 8.363E+00 5.965E-01  0.0000 0.38836
  1.000E+01 4.704E+01 7.712E+00 0.000E+00 0.000E+00 0.000E+00 0.000E+00 7.712E+00 7.212E-01  0.0000 0.40675
  1.200E+01 5.177E+01 6.721E+00 0.000E+00 0.000E+00 0.000E+00 0.000E+00 6.721E+00 9.998E-01  0.0000 0.43998
  1.400E+01 5.616E+01 6.000E+00 0.000E+00 0.000E+00 0.000E+00 0.000E+00 6.000E+00 1.316E+00  0.0000 0.46937
  1.700E+01 6.230E+01 5.225E+00 0.000E+00 0.000E+00 0.000E+00 0.000E+00 5.225E+00 1.853E+00  0.0000 0.50792
  2.000E+01 6.802E+01 4.674E+00 0.000E+00 0.000E+00 0.000E+00 0.000E+00 4.674E+00 2.462E+00  0.0000 0.54129
  2.500E+01 7.686E+01 4.042E+00 0.000E+00 0.000E+00 0.000E+00 0.000E+00 4.042E+00 3.617E+00  0.0000 0.58827
  3.000E+01 8.509E+01 3.617E+00 0.000E+00 0.000E+00 0.000E+00 0.000E+00 3.617E+00 4.928E+00  0.0000 0.62720
  3.500E+01 9.285E+01 3.312E+00 0.000E+00 0.000E+00 0.000E+00 0.000E+00 3.312E+00 6.376E+00  0.0000 0.66011
  4.000E+01 1.003E+02 3.083E+00 0.000E+00 0.000E+00 0.000E+00 0.000E+00 3.083E+00 7.943E+00  0.0000 0.68834
  4.500E+01 1.074E+02 2.906E+00 0.000E+00 0.000E+00 0.000E+00 0.000E+00 2.906E+00 9.615E+00  0.0000 0.71286
  5.000E+01 1.143E+02 2.765E+00 0.000E+00 0.000E+00 0.000E+00 0.000E+00 2.765E+00 1.138E+01  0.0000 0.73434
  5.500E+01 1.210E+02 2.650E+00 0.000E+00 0.000E+00 0.000E+00 0.000E+00 2.650E+00 1.323E+01  0.0000 0.75332
  6.000E+01 1.276E+02 2.556E+00 3.625E-07 0.000E+00 0.000E+00 3.625E-07 2.556E+00 1.515E+01  0.0000 0.77019
  7.000E+01 1.403E+02 2.411E+00 1.667E-06 0.000E+00 0.000E+00 1.667E-06 2.411E+00 1.919E+01  0.0000 0.79887
  8.000E+01 1.527E+02 2.305E+00 2.163E-06 0.000E+00 0.000E+00 2.163E-06 2.305E+00 2.343E+01  0.0000 0.82227
  9.000E+01 1.647E+02 2.226E+00 2.415E-06 0.000E+00 0.000E+00 2.415E-06 2.226E+00 2.785E+01  0.0000 0.84166
  1.000E+02 1.764E+02 2.165E+00 2.655E-06 0.000E+00 0.000E+00 2.655E-06 2.165E+00 3.241E+01  0.0000 0.85794
  1.200E+02 1.994E+02 2.080E+00 3.168E-06 0.000E+00 0.000E+00 3.168E-06 2.080E+00 4.184E+01  0.0000 0.88361
  1.400E+02 2.218E+02 2.026E+00 3.720E-06 0.000E+00 0.000E+00 3.720E-06 2.026E+00 5.160E+01  0.0000 0.90278
  1.700E+02 2.546E+02 1.979E+00 4.621E-06 4.599E-10 0.000E+00 4.621E-06 1.979E+00 6.659E+01  0.0000 0.92363
  2.000E+02 2.868E+02 1.954E+00 5.607E-06 3.620E-09 0.000E+00 5.610E-06 1.954E+00 8.186E+01  0.0000 0.93835
  2.500E+02 3.396E+02 1.938E+00 7.429E-06 4.139E-08 0.000E+00 7.470E-06 1.938E+00 1.076E+02  0.0000 0.95485
  3.000E+02 3.917E+02 1.939E+00 9.465E-06 2.373E-07 0.000E+00 9.702E-06 1.939E+00 1.334E+02  0.0000 0.96548
  3.500E+02 4.432E+02 1.948E+00 1.170E-05 6.016E-07 0.000E+00 1.230E-05 1.948E+00 1.591E+02  0.0000 0.97274
  4.000E+02 4.945E+02 1.961E+00 1.413E-05 1.131E-06 0.000E+00 1.526E-05 1.961E+00 1.847E+02  0.0000 0.97793
  4.500E+02 5.455E+02 1.975E+00 1.674E-05 1.821E-06 0.000E+00 1.856E-05 1.975E+00 2.101E+02  0.0000 0.98176
  5.000E+02 5.964E+02 1.991E+00 1.952E-05 2.669E-06 0.000E+00 2.219E-05 1.991E+00 2.353E+02  0.0000 0.98467
  5.500E+02 6.471E+02 2.007E+00 2.247E-05 3.669E-06 1.584E-05 4.197E-05 2.007E+00 2.603E+02  0.0000 0.98693
  6.000E+02 6.977E+02 2.022E+00 2.557E-05 4.818E-06 5.239E-05 8.278E-05 2.022E+00 2.851E+02  0.0000 0.98873
  7.000E+02 7.987E+02 2.053E+00 3.222E-05 7.544E-06 1.251E-04 1.649E-04 2.053E+00 3.342E+02  0.0000 0.99136
  8.000E+02 8.995E+02 2.081E+00 3.942E-05 1.081E-05 1.940E-04 2.443E-04 2.082E+00 3.826E+02  0.0000 0.99317
  9.000E+02 1.000E+03 2.108E+00 4.714E-05 1.458E-05 2.602E-04 3.219E-04 2.108E+00 4.303E+02  0.0000 0.99447
  1.000E+03 1.101E+03 2.133E+00 5.533E-05 1.883E-05 3.245E-04 3.987E-04 2.133E+00 4.775E+02  0.0000 0.99542
  1.200E+03 1.301E+03 2.178E+00 7.303E-05 2.866E-05 4.496E-04 5.513E-04 2.179E+00 5.702E+02  0.0000 0.99672
  1.400E+03 1.502E+03 2.218E+00 9.231E-05 4.010E-05 5.715E-04 7.040E-04 2.219E+00 6.612E+02  0.0000 0.99753
  1.700E+03 1.803E+03 2.270E+00 1.239E-04 5.995E-05 7.504E-04 9.342E-04 2.271E+00 7.948E+02  0.0000 0.99829
  2.000E+03 2.103E+03 2.314E+00 1.582E-04 8.266E-05 9.255E-04 1.166E-03 2.315E+00 9.256E+02  0.0000 0.99874
  2.500E+03 2.604E+03 2.376E+00 2.206E-04 1.260E-04 1.211E-03 1.558E-03 2.377E+00 1.139E+03  0.0000 0.99918
  3.000E+03 3.104E+03 2.427E+00 2.887E-04 1.753E-04 1.490E-03 1.954E-03 2.429E+00 1.347E+03  0.0000 0.99942
  3.500E+03 3.604E+03 2.471E+00 3.617E-04 2.297E-04 1.764E-03 2.356E-03 2.473E+00 1.551E+03  0.0000 0.99957
  4.000E+03 4.104E+03 2.508E+00 4.388E-04 3.028E-04 2.034E-03 2.775E-03 2.511E+00 1.751E+03  0.0000 0.99967
  4.500E+03 4.604E+03 2.542E+00 5.196E-04 3.859E-04 2.299E-03 3.205E-03 2.545E+00 1.949E+03  0.0000 0.99974
  5.000E+03 5.105E+03 2.572E+00 6.038E-04 4.745E-04 2.561E-03 3.640E-03 2.576E+00 2.144E+03  0.0000 0.99979
  5.500E+03 5.605E+03 2.599E+00 6.910E-04 5.681E-04 2.821E-03 4.080E-03 2.603E+00 2.337E+03  0.0000 0.99982
  6.000E+03 6.105E+03 2.624E+00 7.810E-04 6.662E-04 3.077E-03 4.524E-03 2.628E+00 2.528E+03  0.0000 0.99985
  7.000E+03 7.105E+03 2.667E+00 9.684E-04 8.752E-04 3.583E-03 5.426E-03 2.673E+00 2.906E+03  0.0000 0.99989
  8.000E+03 8.105E+03 2.705E+00 1.165E-03 1.099E-03 4.080E-03 6.344E-03 2.712E+00 3.277E+03  0.0000 0.99992
  9.000E+03 9.105E+03 2.738E+00 1.369E-03 1.336E-03 4.571E-03 7.276E-03 2.746E+00 3.644E+03  0.0000 0.99993
  1.000E+04 1.011E+04 2.768E+00 1.580E-03 1.586E-03 5.056E-03 8.221E-03 2.776E+00 4.006E+03  0.0000 0.99995
  1.200E+04 1.211E+04 2.819E+00 2.019E-03 2.115E-03 6.011E-03 1.015E-02 2.829E+00 4.719E+03  0.0000 0.99996
  1.400E+04 1.411E+04 2.862E+00 2.480E-03 2.680E-03 6.951E-03 1.211E-02 2.874E+00 5.420E+03  0.0000 0.99997
  1.700E+04 1.711E+04 2.915E+00 3.203E-03 3.585E-03 8.337E-03 1.513E-02 2.931E+00 6.454E+03  0.0006 0.99998
  2.000E+04 2.011E+04 2.956E+00 3.958E-03 4.547E-03 9.703E-03 1.821E-02 2.974E+00 7.470E+03  0.0570 0.99999
  2.500E+04 2.511E+04 3.001E+00 5.279E-03 6.254E-03 1.195E-02 2.348E-02 3.025E+00 9.136E+03  0.2503 0.99999
  3.000E+04 3.011E+04 3.033E+00 6.660E-03 8.067E-03 1.416E-02 2.889E-02 3.062E+00 1.078E+04  0.4770 0.99999
  3.500E+04 3.511E+04 3.057E+00 8.090E-03 9.966E-03 1.635E-02 3.440E-02 3.092E+00 1.240E+04  0.7017 1.00000
  4.000E+04 4.011E+04 3.076E+00 9.561E-03 1.194E-02 1.852E-02 4.002E-02 3.116E+00 1.401E+04  0.9144 1.00000
  4.500E+04 4.511E+04 3.092E+00 1.107E-02 1.397E-02 2.069E-02 4.573E-02 3.138E+00 1.561E+04  1.1126 1.00000
  5.000E+04 5.011E+04 3.106E+00 1.262E-02 1.606E-02 2.284E-02 5.152E-02 3.157E+00 1.720E+04  1.2965 1.00000
  5.500E+04 5.511E+04 3.118E+00 1.419E-02 1.820E-02 2.499E-02 5.738E-02 3.175E+00 1.878E+04  1.4672 1.00000
  6.000E+04 6.011E+04 3.128E+00 1.579E-02 2.038E-02 2.714E-02 6.331E-02 3.192E+00 2.035E+04  1.6261 1.00000
  7.000E+04 7.011E+04 3.147E+00 1.906E-02 2.485E-02 3.142E-02 7.533E-02 3.222E+00 2.347E+04  1.9132 1.00000
  8.000E+04 8.011E+04 3.162E+00 2.241E-02 2.946E-02 3.569E-02 8.756E-02 3.249E+00 2.656E+04  2.1664 1.00000
  9.000E+04 9.011E+04 3.175E+00 2.583E-02 3.417E-02 3.996E-02 9.996E-02 3.275E+00 2.962E+04  2.3924 1.00000
  1.000E+05 1.001E+05 3.187E+00 2.931E-02 3.898E-02 4.423E-02 1.125E-01 3.299E+00 3.267E+04  2.5963 1.00000
  1.200E+05 1.201E+05 3.206E+00 3.642E-02 4.884E-02 5.279E-02 1.380E-01 3.344E+00 3.869E+04  2.9520 1.00000
  1.400E+05 1.401E+05 3.223E+00 4.372E-02 5.896E-02 6.136E-02 1.640E-01 3.387E+00 4.463E+04  3.2548 1.00000
  1.700E+05 1.701E+05 3.243E+00 5.492E-02 7.454E-02 7.429E-02 2.037E-01 3.447E+00 5.341E+04  3.6383 1.00000
  2.000E+05 2.001E+05 3.260E+00 6.639E-02 9.049E-02 8.728E-02 2.442E-01 3.504E+00 6.204E+04  3.9604 1.00000
  2.500E+05 2.501E+05 3.283E+00 8.600E-02 1.177E-01 1.091E-01 3.128E-01 3.596E+00 7.613E+04  4.4039 1.00000
  3.000E+05 3.001E+05 3.302E+00 1.061E-01 1.456E-01 1.312E-01 3.828E-01 3.684E+00 8.986E+04  4.7671 1.00000
  3.500E+05 3.501E+05 3.317E+00 1.266E-01 1.739E-01 1.534E-01 4.539E-01 3.771E+00 1.033E+05  5.0744 1.00000
  4.000E+05 4.001E+05 3.331E+00 1.474E-01 2.026E-01 1.758E-01 5.258E-01 3.857E+00 1.164E+05  5.3409 1.00000
  4.500E+05 4.501E+05 3.343E+00 1.685E-01 2.316E-01 1.985E-01 5.986E-01 3.942E+00 1.292E+05  5.5760 1.00000
  5.000E+05 5.001E+05 3.354E+00 1.898E-01 2.610E-01 2.213E-01 6.720E-01 4.026E+00 1.418E+05  5.7864 1.00000
  5.500E+05 5.501E+05 3.364E+00 2.113E-01 2.905E-01 2.442E-01 7.460E-01 4.110E+00 1.541E+05  5.9768 1.00000
  6.000E+05 6.001E+05 3.373E+00 2.329E-01 3.202E-01 2.673E-01 8.205E-01 4.193E+00 1.661E+05  6.1506 1.00000
  7.000E+05 7.001E+05 3.389E+00 2.768E-01 3.802E-01 3.140E-01 9.710E-01 4.360E+00 1.895E+05  6.4587 1.00000
  8.000E+05 8.001E+05 3.403E+00 3.212E-01 4.408E-01 3.611E-01 1.123E+00 4.526E+00 2.120E+05  6.7256 1.00000
  9.000E+05 9.001E+05 3.415E+00 3.660E-01 5.019E-01 4.088E-01 1.277E+00 4.692E+00 2.337E+05  6.9610 1.00000
  1.000E+06 1.000E+06 3.426E+00 4.112E-01 5.634E-01 4.569E-01 1.431E+00 4.857E+00 2.546E+05  7.1716 1.00000
  1.200E+06 1.200E+06 3.445E+00 5.026E-01 6.873E-01 5.543E-01 1.744E+00 5.189E+00 2.945E+05  7.5362 1.00000
  1.400E+06 1.400E+06 3.461E+00 5.950E-01 8.122E-01 6.532E-01 2.060E+00 5.522E+00 3.318E+05  7.8444 1.00000
  1.700E+06 1.700E+06 3.482E+00 7.352E-01 1.001E+00 8.040E-01 2.540E+00 6.022E+00 3.838E+05  8.2326 1.00000
  2.000E+06 2.000E+06 3.499E+00 8.769E-01 1.191E+00 9.573E-01 3.026E+00 6.525E+00 4.317E+05  8.5576 1.00000
  2.500E+06 2.500E+06 3.523E+00 1.116E+00 1.511E+00 1.218E+00 3.844E+00 7.367E+00 5.038E+05  9.0039 1.00000
  3.000E+06 3.000E+06 3.543E+00 1.357E+00 1.832E+00 1.483E+00 4.672E+00 8.215E+00 5.680E+05  9.3685 1.00000
  3.500E+06 3.500E+06 3.560E+00 1.599E+00 2.155E+00 1.753E+00 5.508E+00 9.068E+00 6.259E+05  9.6768 1.00000
  4.000E+06 4.000E+06 3.575E+00 1.844E+00 2.480E+00 2.027E+00 6.351E+00 9.925E+00 6.786E+05  9.9438 1.00000
  4.500E+06 4.500E+06 3.588E+00 2.089E+00 2.805E+00 2.305E+00 7.199E+00 1.079E+01 7.269E+05 10.1794 1.00000
  5.000E+06 5.000E+06 3.599E+00 2.336E+00 3.130E+00 2.586E+00 8.052E+00 1.165E+01 7.715E+05 10.3901 1.00000
  5.500E+06 5.500E+06 3.610E+00 2.583E+00 3.457E+00 2.869E+00 8.910E+00 1.252E+01 8.129E+05 10.5807 1.00000
  6.000E+06 6.000E+06 3.620E+00 2.832E+00 3.784E+00 3.156E+00 9.771E+00 1.339E+01 8.515E+05 10.7547 1.00000
  7.000E+06 7.000E+06 3.637E+00 3.330E+00 4.439E+00 3.736E+00 1.151E+01 1.514E+01 9.217E+05 11.0630 1.00000
  8.000E+06 8.000E+06 3.652E+00 3.831E+00 5.095E+00 4.326E+00 1.325E+01 1.690E+01 9.842E+05 11.3301 1.00000
  9.000E+06 9.000E+06 3.666E+00 4.333E+00 5.753E+00 4.923E+00 1.501E+01 1.867E+01 1.040E+06 11.5656 1.00000
  1.000E+07 1.000E+07 3.678E+00 4.836E+00 6.411E+00 5.528E+00 1.678E+01 2.045E+01 1.092E+06 11.7763 1.00000
  1.200E+07 1.200E+07 3.699E+00 5.847E+00 7.729E+00 6.757E+00 2.033E+01 2.403E+01 1.182E+06 12.1410 1.00000
  1.400E+07 1.400E+07 3.717E+00 6.861E+00 9.050E+00 8.008E+00 2.392E+01 2.764E+01 1.259E+06 12.4493 1.00000
  1.700E+07 1.700E+07 3.739E+00 8.388E+00 1.103E+01 9.922E+00 2.934E+01 3.308E+01 1.358E+06 12.8376 1.00000
  2.000E+07 2.000E+07 3.758E+00 9.919E+00 1.302E+01 1.187E+01 3.481E+01 3.857E+01 1.442E+06 13.1626 1.00000
  2.500E+07 2.500E+07 3.785E+00 1.248E+01 1.633E+01 1.520E+01 4.401E+01 4.779E+01 1.559E+06 13.6089 1.00000
  3.000E+07 3.000E+07 3.807E+00 1.505E+01 1.964E+01 1.860E+01 5.329E+01 5.710E+01 1.654E+06 13.9736 1.00000
  3.500E+07 3.500E+07 3.826E+00 1.762E+01 2.296E+01 2.207E+01 6.265E+01 6.647E+01 1.735E+06 14.2819 1.00000
  4.000E+07 4.000E+07 3.842E+00 2.019E+01 2.628E+01 2.559E+01 7.206E+01 7.590E+01 1.806E+06 14.5489 1.00000
  4.500E+07 4.500E+07 3.856E+00 2.277E+01 2.960E+01 2.917E+01 8.154E+01 8.539E+01 1.868E+06 14.7845 1.00000
  5.000E+07 5.000E+07 3.869E+00 2.535E+01 3.292E+01 3.279E+01 9.106E+01 9.493E+01 1.923E+06 14.9952 1.00000
  5.500E+07 5.500E+07 3.881E+00 2.794E+01 3.624E+01 3.645E+01 1.006E+02 1.045E+02 1.973E+06 15.1858 1.00000
  6.000E+07 6.000E+07 3.892E+00 3.052E+01 3.956E+01 4.016E+01 1.102E+02 1.141E+02 2.019E+06 15.3598 1.00000
  7.000E+07 7.000E+07 3.911E+00 3.569E+01 4.620E+01 4.767E+01 1.296E+02 1.335E+02 2.100E+06 15.6681 1.00000
  8.000E+07 8.000E+07 3.928E+00 4.087E+01 5.285E+01 5.530E+01 1.490E+02 1.530E+02 2.170E+06 15.9352 1.00000
  9.000E+07 9.000E+07 3.943E+00 4.606E+01 5.949E+01 6.305E+01 1.686E+02 1.725E+02 2.232E+06 16.1708 1.00000
  1.000E+08 1.000E+08 3.956E+00 5.124E+01 6.614E+01 7.090E+01 1.883E+02 1.922E+02 2.286E+06 16.3815 1.00000
  1.200E+08 1.200E+08 3.980E+00 6.162E+01 7.944E+01 8.688E+01 2.279E+02 2.319E+02 2.381E+06 16.7461 1.00000
  1.400E+08 1.400E+08 4.000E+00 7.201E+01 9.273E+01 1.032E+02 2.679E+02 2.719E+02 2.461E+06 17.0544 1.00000
  1.700E+08 1.700E+08 4.025E+00 8.760E+01 1.127E+02 1.281E+02 3.284E+02 3.324E+02 2.560E+06 17.4428 1.00000
  2.000E+08 2.000E+08 4.046E+00 1.032E+02 1.326E+02 1.536E+02 3.894E+02 3.935E+02 2.643E+06 17.7678 1.00000
  2.500E+08 2.500E+08 4.076E+00 1.292E+02 1.659E+02 1.971E+02 4.922E+02 4.962E+02 2.756E+06 18.2141 1.00000
  3.000E+08 3.000E+08 4.100E+00 1.552E+02 1.992E+02 2.416E+02 5.960E+02 6.001E+02 2.848E+06 18.5787 1.00000
  3.500E+08 3.500E+08 4.121E+00 1.813E+02 2.324E+02 2.870E+02 7.007E+02 7.048E+02 2.924E+06 18.8870 1.00000
  4.000E+08 4.000E+08 4.139E+00 2.073E+02 2.657E+02 3.333E+02 8.063E+02 8.104E+02 2.991E+06 19.1541 1.00000
  4.500E+08 4.500E+08 4.156E+00 2.333E+02 2.990E+02 3.802E+02 9.125E+02 9.167E+02 3.049E+06 19.3896 1.00000
  5.000E+08 5.000E+08 4.170E+00 2.594E+02 3.322E+02 4.278E+02 1.019E+03 1.024E+03 3.100E+06 19.6004 1.00000
  5.500E+08 5.500E+08 4.183E+00 2.854E+02 3.655E+02 4.760E+02 1.127E+03 1.131E+03 3.147E+06 19.7910 1.00000
  6.000E+08 6.000E+08 4.195E+00 3.115E+02 3.988E+02 5.247E+02 1.235E+03 1.239E+03 3.189E+06 19.9650 1.00000
  7.000E+08 7.000E+08 4.217E+00 3.636E+02 4.653E+02 6.236E+02 1.452E+03 1.457E+03 3.263E+06 20.2733 1.00000
  8.000E+08 8.000E+08 4.236E+00 4.157E+02 5.319E+02 7.242E+02 1.672E+03 1.676E+03 3.327E+06 20.5403 1.00000
  9.000E+08 9.000E+08 4.252E+00 4.678E+02 5.984E+02 8.264E+02 1.893E+03 1.897E+03 3.383E+06 20.7758 1.00000
  1.000E+09 1.000E+09 4.267E+00 5.199E+02 6.650E+02 9.300E+02 2.115E+03 2.119E+03 3.433E+06 20.9865 1.00000
  1.200E+09 1.200E+09 4.293E+00 6.241E+02 7.981E+02 1.141E+03 2.563E+03 2.568E+03 3.519E+06 21.3512 1.00000
  1.400E+09 1.400E+09 4.316E+00 7.284E+02 9.312E+02 1.357E+03 3.016E+03 3.020E+03 3.590E+06 21.6591 1.00000
  1.700E+09 1.700E+09 4.344E+00 8.848E+02 1.131E+03 1.687E+03 3.703E+03 3.707E+03 3.680E+06 22.0474 1.00000
  2.000E+09 2.000E+09 4.368E+00 1.041E+03 1.330E+03 2.025E+03 4.396E+03 4.401E+03 3.754E+06 22.3709 1.00000
  2.500E+09 2.500E+09 4.401E+00 1.302E+03 1.663E+03 2.602E+03 5.567E+03 5.571E+03 3.855E+06 22.8172 1.00000
  3.000E+09 3.000E+09 4.429E+00 1.563E+03 1.996E+03 3.194E+03 6.752E+03 6.757E+03 3.936E+06 23.1754 1.00000
  3.500E+09 3.500E+09 4.452E+00 1.823E+03 2.329E+03 3.798E+03 7.950E+03 7.955E+03 4.005E+06 23.4837 1.00000
  4.000E+09 4.000E+09 4.473E+00 2.084E+03 2.662E+03 4.414E+03 9.159E+03 9.164E+03 4.063E+06 23.7507 1.00000
  4.500E+09 4.500E+09 4.493E+00 2.345E+03 2.994E+03 5.040E+03 1.038E+04 1.038E+04 4.114E+06 23.9571 1.00000
  5.000E+09 5.000E+09 4.509E+00 2.605E+03 3.327E+03 5.674E+03 1.161E+04 1.161E+04 4.160E+06 24.1679 1.00000
  5.500E+09 5.500E+09 4.524E+00 2.866E+03 3.660E+03 6.317E+03 1.284E+04 1.285E+04 4.201E+06 24.3585 1.00000
  6.000E+09 6.000E+09 4.537E+00 3.127E+03 3.993E+03 6.968E+03 1.409E+04 1.409E+04 4.238E+06 24.5325 1.00000
  7.000E+09 7.000E+09 4.561E+00 3.648E+03 4.658E+03 8.290E+03 1.660E+04 1.660E+04 4.303E+06 24.8408 1.00000
  8.000E+09 8.000E+09 4.594E+00 4.170E+03 5.324E+03 9.637E+03 1.913E+04 1.913E+04 4.359E+06 24.9524 1.00000
  9.000E+09 9.000E+09 4.613E+00 4.691E+03 5.989E+03 1.101E+04 2.169E+04 2.169E+04 4.408E+06 25.1880 1.00000
  1.000E+10 1.000E+10 4.630E+00 5.212E+03 6.655E+03 1.239E+04 2.426E+04 2.427E+04 4.452E+06 25.3987 1.00000
  1.200E+10 1.200E+10 4.659E+00 6.255E+03 7.986E+03 1.523E+04 2.947E+04 2.947E+04 4.527E+06 25.7633 1.00000
  1.400E+10 1.400E+10 4.684E+00 7.298E+03 9.317E+03 1.812E+04 3.474E+04 3.474E+04 4.589E+06 26.0716 1.00000
  1.700E+10 1.700E+10 4.715E+00 8.862E+03 1.131E+04 2.256E+04 4.274E+04 4.274E+04 4.667E+06 26.4599 1.00000
  2.000E+10 2.000E+10 4.742E+00 1.043E+04 1.331E+04 2.711E+04 5.085E+04 5.085E+04 4.731E+06 26.7850 1.00000
  2.500E+10 2.500E+10 4.779E+00 1.303E+04 1.664E+04 3.489E+04 6.457E+04 6.457E+04 4.818E+06 27.2313 1.00000
  3.000E+10 3.000E+10 4.810E+00 1.564E+04 1.997E+04 4.289E+04 7.849E+04 7.850E+04 4.888E+06 27.5959 1.00000
  3.500E+10 3.500E+10 4.836E+00 1.825E+04 2.329E+04 5.106E+04 9.260E+04 9.261E+04 4.947E+06 27.9042 1.00000
  4.000E+10 4.000E+10 4.858E+00 2.086E+04 2.662E+04 5.940E+04 1.069E+05 1.069E+05 4.997E+06 28.1713 1.00000
  4.500E+10 4.500E+10 4.879E+00 2.346E+04 2.995E+04 6.788E+04 1.213E+05 1.213E+05 5.041E+06 28.4068 1.00000
  5.000E+10 5.000E+10 4.897E+00 2.607E+04 3.328E+04 7.648E+04 1.358E+05 1.358E+05 5.080E+06 28.6176 1.00000
  5.500E+10 5.500E+10 4.913E+00 2.868E+04 3.660E+04 8.521E+04 1.505E+05 1.505E+05 5.115E+06 28.8082 1.00000
  6.000E+10 6.000E+10 4.928E+00 3.128E+04 3.993E+04 9.404E+04 1.653E+05 1.653E+05 5.147E+06 28.9822 1.00000
  7.000E+10 7.000E+10 4.955E+00 3.650E+04 4.659E+04 1.120E+05 1.951E+05 1.951E+05 5.202E+06 29.2905 1.00000
  8.000E+10 8.000E+10 4.979E+00 4.171E+04 5.324E+04 1.303E+05 2.253E+05 2.253E+05 5.250E+06 29.5576 1.00000
  9.000E+10 9.000E+10 5.000E+00 4.693E+04 5.990E+04 1.490E+05 2.558E+05 2.558E+05 5.292E+06 29.7931 1.00000
  1.000E+11 1.000E+11 5.018E+00 5.214E+04 6.655E+04 1.679E+05 2.866E+05 2.866E+05 5.328E+06 30.0039 1.00000
  1.200E+11 1.200E+11 5.051E+00 6.257E+04 7.987E+04 2.066E+05 3.490E+05 3.490E+05 5.392E+06 30.3685 1.00000
  1.400E+11 1.400E+11 5.079E+00 7.300E+04 9.318E+04 2.461E+05 4.123E+05 4.123E+05 5.444E+06 30.6768 1.00000
  1.700E+11 1.700E+11 5.114E+00 8.864E+04 1.131E+05 3.069E+05 5.087E+05 5.087E+05 5.510E+06 31.0651 1.00000
  2.000E+11 2.000E+11 5.144E+00 1.043E+05 1.331E+05 3.693E+05 6.067E+05 6.067E+05 5.564E+06 31.3902 1.00000
  2.500E+11 2.500E+11 5.185E+00 1.304E+05 1.664E+05 4.761E+05 7.728E+05 7.728E+05 5.637E+06 31.8364 1.00000
  3.000E+11 3.000E+11 5.219E+00 1.564E+05 1.997E+05 5.860E+05 9.421E+05 9.421E+05 5.695E+06 32.2011 1.00000
  3.500E+11 3.500E+11 5.249E+00 1.825E+05 2.329E+05 6.986E+05 1.114E+06 1.114E+06 5.744E+06 32.5094 1.00000
  4.000E+11 4.000E+11 5.274E+00 2.086E+05 2.662E+05 8.135E+05 1.288E+06 1.288E+06 5.786E+06 32.7764 1.00000
  4.500E+11 4.500E+11 5.296E+00 2.346E+05 2.995E+05 9.305E+05 1.465E+06 1.465E+06 5.822E+06 33.0120 1.00000
  5.000E+11 5.000E+11 5.317E+00 2.607E+05 3.328E+05 1.049E+06 1.643E+06 1.643E+06 5.854E+06 33.2227 1.00000
  5.500E+11 5.500E+11 5.335E+00 2.868E+05 3.660E+05 1.170E+06 1.823E+06 1.823E+06 5.883E+06 33.4134 1.00000
  6.000E+11 6.000E+11 5.352E+00 3.129E+05 3.993E+05 1.292E+06 2.004E+06 2.004E+06 5.909E+06 33.5874 1.00000
  7.000E+11 7.000E+11 5.382E+00 3.650E+05 4.659E+05 1.541E+06 2.372E+06 2.372E+06 5.955E+06 33.8957 1.00000
  8.000E+11 8.000E+11 5.408E+00 4.171E+05 5.324E+05 1.795E+06 2.745E+06 2.745E+06 5.994E+06 34.1627 1.00000
  9.000E+11 9.000E+11 5.431E+00 4.693E+05 5.990E+05 2.054E+06 3.122E+06 3.122E+06 6.028E+06 34.3983 1.00000
  1.000E+12 1.000E+12 5.452E+00 5.214E+05 6.655E+05 2.317E+06 3.504E+06 3.504E+06 6.059E+06 34.6090 1.00000
