 Incident particle is a Muon with M = 105.65839 MeV
 Index = 0: HydrogenGas
      Absorber with <Z/A> = 0.99138
 Sternheimer coef:  a     k=m_s   x_0    x_1    I[eV]   Cbar  delta0
                 0.1409  5.7273  1.8639  3.2718   19.2  9.5834 0.00

 *** Table generated with PUMAS v1.00 ***

      T         p     Ionization  brems     pair     photonuc  Radloss    dE/dx   CSDA Range  delta   beta
    [MeV]    [MeV/c]  -----------------------[MeV cm^2/g]------------------------  [g/cm^2]
  1.000E+00 1.457E+01 1.125E+02 3.184E-07 0.000E+00 0.000E+00 3.184E-07 1.125E+02 4.445E-03  0.0000 0.13661
  1.200E+00 1.597E+01 9.645E+01 3.560E-07 0.000E+00 0.000E+00 3.560E-07 9.645E+01 6.370E-03  0.0000 0.14944
  1.400E+00 1.726E+01 8.468E+01 3.921E-07 0.000E+00 0.000E+00 3.921E-07 8.468E+01 8.588E-03  0.0000 0.16119
  1.700E+00 1.903E+01 7.187E+01 4.440E-07 0.000E+00 0.000E+00 4.440E-07 7.187E+01 1.245E-02  0.0000 0.17725
  2.000E+00 2.066E+01 6.266E+01 4.936E-07 0.000E+00 0.000E+00 4.936E-07 6.266E+01 1.693E-02  0.0000 0.19186
  2.500E+00 2.312E+01 5.192E+01 5.721E-07 0.000E+00 0.000E+00 5.721E-07 5.192E+01 2.573E-02  0.0000 0.21376
  3.000E+00 2.536E+01 4.455E+01 6.465E-07 0.000E+00 0.000E+00 6.465E-07 4.455E+01 3.616E-02  0.0000 0.23336
  3.500E+00 2.742E+01 3.916E+01 7.173E-07 0.000E+00 0.000E+00 7.173E-07 3.916E+01 4.816E-02  0.0000 0.25120
  4.000E+00 2.935E+01 3.504E+01 7.851E-07 0.000E+00 0.000E+00 7.851E-07 3.504E+01 6.168E-02  0.0000 0.26763
  4.500E+00 3.116E+01 3.178E+01 8.504E-07 0.000E+00 0.000E+00 8.504E-07 3.178E+01 7.668E-02  0.0000 0.28290
  5.000E+00 3.289E+01 2.914E+01 9.134E-07 0.000E+00 0.000E+00 9.134E-07 2.914E+01 9.312E-02  0.0000 0.29720
  5.500E+00 3.453E+01 2.695E+01 9.745E-07 0.000E+00 0.000E+00 9.745E-07 2.695E+01 1.110E-01  0.0000 0.31066
  6.000E+00 3.611E+01 2.511E+01 1.034E-06 0.000E+00 0.000E+00 1.034E-06 2.511E+01 1.302E-01  0.0000 0.32339
  7.000E+00 3.909E+01 2.217E+01 1.147E-06 0.000E+00 0.000E+00 1.147E-06 2.217E+01 1.727E-01  0.0000 0.34700
  8.000E+00 4.189E+01 1.993E+01 1.256E-06 0.000E+00 0.000E+00 1.256E-06 1.993E+01 2.203E-01  0.0000 0.36854
  9.000E+00 4.453E+01 1.816E+01 1.359E-06 0.000E+00 0.000E+00 1.359E-06 1.816E+01 2.729E-01  0.0000 0.38836
  1.000E+01 4.704E+01 1.673E+01 1.459E-06 0.000E+00 0.000E+00 1.459E-06 1.673E+01 3.304E-01  0.0000 0.40675
  1.200E+01 5.177E+01 1.456E+01 1.648E-06 0.000E+00 0.000E+00 1.648E-06 1.456E+01 4.588E-01  0.0000 0.43998
  1.400E+01 5.616E+01 1.298E+01 1.827E-06 0.000E+00 0.000E+00 1.827E-06 1.298E+01 6.046E-01  0.0000 0.46937
  1.700E+01 6.230E+01 1.128E+01 2.078E-06 0.000E+00 0.000E+00 2.078E-06 1.128E+01 8.531E-01  0.0000 0.50792
  2.000E+01 6.802E+01 1.008E+01 2.314E-06 0.000E+00 0.000E+00 2.314E-06 1.008E+01 1.135E+00  0.0000 0.54129
  2.500E+01 7.686E+01 8.704E+00 2.684E-06 0.000E+00 0.000E+00 2.684E-06 8.704E+00 1.670E+00  0.0000 0.58827
  3.000E+01 8.509E+01 7.777E+00 3.033E-06 0.000E+00 0.000E+00 3.033E-06 7.777E+00 2.279E+00  0.0000 0.62720
  3.500E+01 9.285E+01 7.113E+00 3.367E-06 0.000E+00 0.000E+00 3.367E-06 7.113E+00 2.952E+00  0.0000 0.66011
  4.000E+01 1.003E+02 6.616E+00 3.691E-06 0.000E+00 0.000E+00 3.691E-06 6.616E+00 3.681E+00  0.0000 0.68834
  4.500E+01 1.074E+02 6.231E+00 4.009E-06 0.000E+00 0.000E+00 4.009E-06 6.231E+00 4.460E+00  0.0000 0.71286
  5.000E+01 1.143E+02 5.924E+00 4.321E-06 0.000E+00 0.000E+00 4.321E-06 5.924E+00 5.283E+00  0.0000 0.73434
  5.500E+01 1.210E+02 5.675E+00 4.631E-06 0.000E+00 0.000E+00 4.631E-06 5.675E+00 6.146E+00  0.0000 0.75332
  6.000E+01 1.276E+02 5.470E+00 4.939E-06 0.000E+00 0.000E+00 4.939E-06 5.470E+00 7.043E+00  0.0000 0.77019
  7.000E+01 1.403E+02 5.154E+00 5.553E-06 0.000E+00 0.000E+00 5.553E-06 5.154E+00 8.927E+00  0.0000 0.79887
  8.000E+01 1.527E+02 4.923E+00 6.169E-06 0.000E+00 0.000E+00 6.169E-06 4.923E+00 1.091E+01  0.0000 0.82227
  9.000E+01 1.647E+02 4.750E+00 6.789E-06 0.000E+00 0.000E+00 6.789E-06 4.750E+00 1.298E+01  0.0000 0.84166
  1.000E+02 1.764E+02 4.617E+00 7.417E-06 0.000E+00 0.000E+00 7.417E-06 4.617E+00 1.512E+01  0.0000 0.85794
  1.200E+02 1.994E+02 4.431E+00 8.700E-06 0.000E+00 0.000E+00 8.700E-06 4.431E+00 1.954E+01  0.0000 0.88361
  1.400E+02 2.218E+02 4.311E+00 1.002E-05 0.000E+00 0.000E+00 1.002E-05 4.311E+00 2.412E+01  0.0000 0.90278
  1.700E+02 2.546E+02 4.203E+00 1.208E-05 1.534E-14 0.000E+00 1.208E-05 4.203E+00 3.116E+01  0.0000 0.92363
  2.000E+02 2.868E+02 4.145E+00 1.423E-05 3.406E-12 0.000E+00 1.423E-05 4.145E+00 3.835E+01  0.0000 0.93835
  2.500E+02 3.396E+02 4.105E+00 1.801E-05 2.742E-08 0.000E+00 1.803E-05 4.105E+00 5.047E+01  0.0000 0.95485
  3.000E+02 3.917E+02 4.101E+00 2.202E-05 2.242E-07 0.000E+00 2.224E-05 4.101E+00 6.266E+01  0.0000 0.96548
  3.500E+02 4.432E+02 4.115E+00 2.623E-05 6.033E-07 0.000E+00 2.684E-05 4.115E+00 7.483E+01  0.0000 0.97274
  4.000E+02 4.945E+02 4.138E+00 3.065E-05 1.155E-06 0.000E+00 3.180E-05 4.138E+00 8.695E+01  0.0000 0.97793
  4.500E+02 5.455E+02 4.165E+00 3.524E-05 1.872E-06 0.000E+00 3.711E-05 4.165E+00 9.899E+01  0.0000 0.98176
  5.000E+02 5.964E+02 4.194E+00 4.001E-05 2.749E-06 0.000E+00 4.276E-05 4.194E+00 1.110E+02  0.0000 0.98467
  5.500E+02 6.471E+02 4.224E+00 4.493E-05 3.780E-06 0.000E+00 4.871E-05 4.224E+00 1.228E+02  0.0000 0.98693
  6.000E+02 6.977E+02 4.255E+00 5.000E-05 4.960E-06 0.000E+00 5.496E-05 4.255E+00 1.346E+02  0.0000 0.98873
  7.000E+02 7.987E+02 4.313E+00 6.056E-05 7.746E-06 0.000E+00 6.831E-05 4.314E+00 1.580E+02  0.0000 0.99136
  8.000E+02 8.995E+02 4.369E+00 7.164E-05 1.107E-05 0.000E+00 8.271E-05 4.369E+00 1.810E+02  0.0000 0.99317
  9.000E+02 1.000E+03 4.422E+00 8.318E-05 1.490E-05 0.000E+00 9.808E-05 4.422E+00 2.038E+02  0.0000 0.99447
  1.000E+03 1.101E+03 4.471E+00 9.517E-05 1.920E-05 0.000E+00 1.144E-04 4.471E+00 2.262E+02  0.0000 0.99542
  1.200E+03 1.301E+03 4.560E+00 1.203E-04 2.911E-05 2.266E-05 1.721E-04 4.560E+00 2.705E+02  0.0000 0.99672
  1.400E+03 1.502E+03 4.639E+00 1.469E-04 4.062E-05 6.270E-05 2.503E-04 4.639E+00 3.140E+02  0.0000 0.99753
  1.700E+03 1.803E+03 4.741E+00 1.893E-04 6.056E-05 1.364E-04 3.862E-04 4.741E+00 3.780E+02  0.0000 0.99829
  2.000E+03 2.103E+03 4.828E+00 2.341E-04 8.335E-05 2.249E-04 5.423E-04 4.829E+00 4.407E+02  0.0000 0.99874
  2.500E+03 2.604E+03 4.951E+00 3.140E-04 1.268E-04 3.993E-04 8.401E-04 4.952E+00 5.430E+02  0.0000 0.99918
  3.000E+03 3.104E+03 5.052E+00 3.993E-04 1.762E-04 5.865E-04 1.162E-03 5.053E+00 6.429E+02  0.0000 0.99942
  3.500E+03 3.604E+03 5.139E+00 4.895E-04 2.306E-04 7.880E-04 1.508E-03 5.140E+00 7.410E+02  0.0000 0.99957
  4.000E+03 4.104E+03 5.214E+00 5.840E-04 3.178E-04 1.006E-03 1.908E-03 5.216E+00 8.376E+02  0.0000 0.99967
  4.500E+03 4.604E+03 5.280E+00 6.825E-04 4.214E-04 1.235E-03 2.338E-03 5.283E+00 9.328E+02  0.0000 0.99974
  5.000E+03 5.105E+03 5.340E+00 7.845E-04 5.323E-04 1.457E-03 2.773E-03 5.342E+00 1.027E+03  0.0000 0.99979
  5.500E+03 5.605E+03 5.393E+00 8.899E-04 6.498E-04 1.697E-03 3.237E-03 5.397E+00 1.120E+03  0.0000 0.99982
  6.000E+03 6.105E+03 5.442E+00 9.984E-04 7.737E-04 1.923E-03 3.695E-03 5.446E+00 1.212E+03  0.0000 0.99985
  7.000E+03 7.105E+03 5.529E+00 1.224E-03 1.039E-03 2.403E-03 4.666E-03 5.534E+00 1.394E+03  0.0000 0.99989
  8.000E+03 8.105E+03 5.602E+00 1.460E-03 1.324E-03 2.885E-03 5.669E-03 5.608E+00 1.574E+03  0.0140 0.99992
  9.000E+03 9.105E+03 5.659E+00 1.705E-03 1.628E-03 3.341E-03 6.674E-03 5.666E+00 1.751E+03  0.0710 0.99993
  1.000E+04 1.011E+04 5.706E+00 1.958E-03 1.948E-03 3.816E-03 7.722E-03 5.714E+00 1.927E+03  0.1467 0.99995
  1.200E+04 1.211E+04 5.781E+00 2.488E-03 2.632E-03 4.784E-03 9.904E-03 5.790E+00 2.275E+03  0.3242 0.99996
  1.400E+04 1.411E+04 5.837E+00 3.044E-03 3.366E-03 5.763E-03 1.217E-02 5.849E+00 2.619E+03  0.5128 0.99997
  1.700E+04 1.711E+04 5.901E+00 3.920E-03 4.547E-03 7.224E-03 1.569E-02 5.917E+00 3.128E+03  0.7899 0.99998
  2.000E+04 2.011E+04 5.950E+00 4.839E-03 5.809E-03 8.670E-03 1.932E-02 5.969E+00 3.633E+03  1.0485 0.99999
  2.500E+04 2.511E+04 6.012E+00 6.452E-03 8.059E-03 1.106E-02 2.558E-02 6.037E+00 4.466E+03  1.4329 0.99999
  3.000E+04 3.011E+04 6.059E+00 8.150E-03 1.046E-02 1.344E-02 3.205E-02 6.091E+00 5.291E+03  1.7654 0.99999
  3.500E+04 3.511E+04 6.096E+00 9.918E-03 1.299E-02 1.584E-02 3.875E-02 6.135E+00 6.109E+03  2.0556 1.00000
  4.000E+04 4.011E+04 6.128E+00 1.175E-02 1.562E-02 1.824E-02 4.561E-02 6.173E+00 6.921E+03  2.3119 1.00000
  4.500E+04 4.511E+04 6.155E+00 1.363E-02 1.835E-02 2.062E-02 5.260E-02 6.207E+00 7.729E+03  2.5408 1.00000
  5.000E+04 5.011E+04 6.178E+00 1.556E-02 2.116E-02 2.300E-02 5.972E-02 6.238E+00 8.532E+03  2.7472 1.00000
  5.500E+04 5.511E+04 6.199E+00 1.753E-02 2.404E-02 2.541E-02 6.697E-02 6.266E+00 9.332E+03  2.9350 1.00000
  6.000E+04 6.011E+04 6.218E+00 1.954E-02 2.698E-02 2.780E-02 7.432E-02 6.293E+00 1.013E+04  3.1071 1.00000
  7.000E+04 7.011E+04 6.251E+00 2.366E-02 3.304E-02 3.256E-02 8.925E-02 6.341E+00 1.171E+04  3.4131 1.00000
  8.000E+04 8.011E+04 6.280E+00 2.789E-02 3.930E-02 3.734E-02 1.045E-01 6.384E+00 1.328E+04  3.6790 1.00000
  9.000E+04 9.011E+04 6.305E+00 3.223E-02 4.572E-02 4.215E-02 1.201E-01 6.425E+00 1.484E+04  3.9139 1.00000
  1.000E+05 1.001E+05 6.326E+00 3.666E-02 5.230E-02 4.688E-02 1.358E-01 6.462E+00 1.640E+04  4.1243 1.00000
  1.200E+05 1.201E+05 6.364E+00 4.575E-02 6.581E-02 5.653E-02 1.681E-01 6.532E+00 1.947E+04  4.4885 1.00000
  1.400E+05 1.401E+05 6.396E+00 5.511E-02 7.975E-02 6.621E-02 2.011E-01 6.597E+00 2.252E+04  4.7965 1.00000
  1.700E+05 1.701E+05 6.436E+00 6.955E-02 1.013E-01 8.079E-02 2.516E-01 6.687E+00 2.704E+04  5.1845 1.00000
  2.000E+05 2.001E+05 6.469E+00 8.437E-02 1.234E-01 9.550E-02 3.033E-01 6.772E+00 3.150E+04  5.5094 1.00000
  2.500E+05 2.501E+05 6.514E+00 1.098E-01 1.613E-01 1.201E-01 3.913E-01 6.905E+00 3.881E+04  5.9555 1.00000
  3.000E+05 3.001E+05 6.551E+00 1.360E-01 2.002E-01 1.451E-01 4.813E-01 7.032E+00 4.598E+04  6.3200 1.00000
  3.500E+05 3.501E+05 6.582E+00 1.627E-01 2.399E-01 1.703E-01 5.729E-01 7.155E+00 5.303E+04  6.6282 1.00000
  4.000E+05 4.001E+05 6.609E+00 1.899E-01 2.802E-01 1.957E-01 6.659E-01 7.275E+00 5.996E+04  6.8951 1.00000
  4.500E+05 4.501E+05 6.633E+00 2.175E-01 3.211E-01 2.213E-01 7.598E-01 7.393E+00 6.678E+04  7.1307 1.00000
  5.000E+05 5.001E+05 6.655E+00 2.454E-01 3.624E-01 2.471E-01 8.549E-01 7.510E+00 7.349E+04  7.3413 1.00000
  5.500E+05 5.501E+05 6.674E+00 2.737E-01 4.040E-01 2.728E-01 9.505E-01 7.625E+00 8.010E+04  7.5319 1.00000
  6.000E+05 6.001E+05 6.692E+00 3.023E-01 4.460E-01 2.986E-01 1.047E+00 7.739E+00 8.661E+04  7.7059 1.00000
  7.000E+05 7.001E+05 6.724E+00 3.601E-01 5.307E-01 3.508E-01 1.242E+00 7.965E+00 9.935E+04  8.0142 1.00000
  8.000E+05 8.001E+05 6.751E+00 4.186E-01 6.164E-01 4.035E-01 1.439E+00 8.190E+00 1.117E+05  8.2812 1.00000
  9.000E+05 9.001E+05 6.775E+00 4.779E-01 7.028E-01 4.568E-01 1.637E+00 8.413E+00 1.238E+05  8.5167 1.00000
  1.000E+06 1.000E+06 6.797E+00 5.377E-01 7.897E-01 5.106E-01 1.838E+00 8.635E+00 1.355E+05  8.7274 1.00000
  1.200E+06 1.200E+06 6.835E+00 6.588E-01 9.652E-01 6.196E-01 2.244E+00 9.079E+00 1.581E+05  9.0920 1.00000
  1.400E+06 1.400E+06 6.868E+00 7.815E-01 1.142E+00 7.302E-01 2.654E+00 9.521E+00 1.796E+05  9.4003 1.00000
  1.700E+06 1.700E+06 6.908E+00 9.678E-01 1.410E+00 8.987E-01 3.276E+00 1.018E+01 2.101E+05  9.7886 1.00000
  2.000E+06 2.000E+06 6.943E+00 1.156E+00 1.680E+00 1.070E+00 3.906E+00 1.085E+01 2.387E+05 10.1136 1.00000
  2.500E+06 2.500E+06 6.991E+00 1.474E+00 2.132E+00 1.361E+00 4.967E+00 1.196E+01 2.826E+05 10.5599 1.00000
  3.000E+06 3.000E+06 7.030E+00 1.796E+00 2.588E+00 1.658E+00 6.042E+00 1.307E+01 3.226E+05 10.9245 1.00000
  3.500E+06 3.500E+06 7.063E+00 2.121E+00 3.046E+00 1.959E+00 7.125E+00 1.419E+01 3.594E+05 11.2328 1.00000
  4.000E+06 4.000E+06 7.092E+00 2.447E+00 3.505E+00 2.265E+00 8.217E+00 1.531E+01 3.933E+05 11.4998 1.00000
  4.500E+06 4.500E+06 7.118E+00 2.776E+00 3.965E+00 2.575E+00 9.316E+00 1.643E+01 4.249E+05 11.7354 1.00000
  5.000E+06 5.000E+06 7.141E+00 3.106E+00 4.427E+00 2.888E+00 1.042E+01 1.756E+01 4.543E+05 11.9461 1.00000
  5.500E+06 5.500E+06 7.162E+00 3.438E+00 4.889E+00 3.205E+00 1.153E+01 1.869E+01 4.819E+05 12.1367 1.00000
  6.000E+06 6.000E+06 7.182E+00 3.770E+00 5.352E+00 3.524E+00 1.265E+01 1.983E+01 5.079E+05 12.3108 1.00000
  7.000E+06 7.000E+06 7.216E+00 4.438E+00 6.280E+00 4.172E+00 1.489E+01 2.211E+01 5.557E+05 12.6190 1.00000
  8.000E+06 8.000E+06 7.246E+00 5.109E+00 7.210E+00 4.829E+00 1.715E+01 2.439E+01 5.989E+05 12.8861 1.00000
  9.000E+06 9.000E+06 7.273E+00 5.783E+00 8.141E+00 5.494E+00 1.942E+01 2.669E+01 6.381E+05 13.1217 1.00000
  1.000E+07 1.000E+07 7.297E+00 6.458E+00 9.074E+00 6.168E+00 2.170E+01 2.900E+01 6.741E+05 13.3324 1.00000
  1.200E+07 1.200E+07 7.338E+00 7.814E+00 1.094E+01 7.536E+00 2.629E+01 3.363E+01 7.383E+05 13.6970 1.00000
  1.400E+07 1.400E+07 7.374E+00 9.176E+00 1.281E+01 8.928E+00 3.092E+01 3.829E+01 7.941E+05 14.0053 1.00000
  1.700E+07 1.700E+07 7.419E+00 1.123E+01 1.562E+01 1.106E+01 3.790E+01 4.532E+01 8.664E+05 14.3936 1.00000
  2.000E+07 2.000E+07 7.457E+00 1.328E+01 1.843E+01 1.323E+01 4.494E+01 5.240E+01 9.281E+05 14.7187 1.00000
  2.500E+07 2.500E+07 7.510E+00 1.672E+01 2.312E+01 1.692E+01 5.676E+01 6.427E+01 1.015E+06 15.1650 1.00000
  3.000E+07 3.000E+07 7.553E+00 2.017E+01 2.782E+01 2.070E+01 6.868E+01 7.624E+01 1.086E+06 15.5296 1.00000
  3.500E+07 3.500E+07 7.590E+00 2.362E+01 3.252E+01 2.454E+01 8.068E+01 8.827E+01 1.148E+06 15.8379 1.00000
  4.000E+07 4.000E+07 7.622E+00 2.708E+01 3.722E+01 2.845E+01 9.275E+01 1.004E+02 1.201E+06 16.1050 1.00000
  4.500E+07 4.500E+07 7.651E+00 3.055E+01 4.192E+01 3.241E+01 1.049E+02 1.125E+02 1.248E+06 16.3405 1.00000
  5.000E+07 5.000E+07 7.677E+00 3.402E+01 4.663E+01 3.642E+01 1.171E+02 1.247E+02 1.290E+06 16.5512 1.00000
  5.500E+07 5.500E+07 7.700E+00 3.749E+01 5.134E+01 4.047E+01 1.293E+02 1.370E+02 1.328E+06 16.7419 1.00000
  6.000E+07 6.000E+07 7.722E+00 4.096E+01 5.604E+01 4.457E+01 1.416E+02 1.493E+02 1.363E+06 16.9159 1.00000
  7.000E+07 7.000E+07 7.760E+00 4.791E+01 6.546E+01 5.288E+01 1.662E+02 1.740E+02 1.426E+06 17.2242 1.00000
  8.000E+07 8.000E+07 7.793E+00 5.487E+01 7.488E+01 6.132E+01 1.911E+02 1.989E+02 1.480E+06 17.4913 1.00000
  9.000E+07 9.000E+07 7.823E+00 6.184E+01 8.430E+01 6.987E+01 2.160E+02 2.238E+02 1.527E+06 17.7268 1.00000
  1.000E+08 1.000E+08 7.850E+00 6.880E+01 9.372E+01 7.854E+01 2.411E+02 2.489E+02 1.569E+06 17.9375 1.00000
  1.200E+08 1.200E+08 7.896E+00 8.275E+01 1.126E+02 9.617E+01 2.915E+02 2.994E+02 1.643E+06 18.3022 1.00000
  1.400E+08 1.400E+08 7.936E+00 9.670E+01 1.314E+02 1.141E+02 3.422E+02 3.502E+02 1.705E+06 18.6105 1.00000
  1.700E+08 1.700E+08 7.986E+00 1.176E+02 1.597E+02 1.416E+02 4.189E+02 4.269E+02 1.783E+06 18.9988 1.00000
  2.000E+08 2.000E+08 8.028E+00 1.386E+02 1.880E+02 1.697E+02 4.962E+02 5.043E+02 1.848E+06 19.3238 1.00000
  2.500E+08 2.500E+08 8.087E+00 1.735E+02 2.351E+02 2.175E+02 6.261E+02 6.342E+02 1.937E+06 19.7701 1.00000
  3.000E+08 3.000E+08 8.135E+00 2.085E+02 2.822E+02 2.664E+02 7.571E+02 7.653E+02 2.009E+06 20.1348 1.00000
  3.500E+08 3.500E+08 8.177E+00 2.435E+02 3.294E+02 3.163E+02 8.891E+02 8.973E+02 2.069E+06 20.4431 1.00000
  4.000E+08 4.000E+08 8.213E+00 2.785E+02 3.765E+02 3.670E+02 1.022E+03 1.030E+03 2.122E+06 20.7101 1.00000
  4.500E+08 4.500E+08 8.245E+00 3.134E+02 4.237E+02 4.185E+02 1.156E+03 1.164E+03 2.167E+06 20.9457 1.00000
  5.000E+08 5.000E+08 8.273E+00 3.484E+02 4.708E+02 4.706E+02 1.290E+03 1.298E+03 2.208E+06 21.1564 1.00000
  5.500E+08 5.500E+08 8.300E+00 3.834E+02 5.180E+02 5.234E+02 1.425E+03 1.433E+03 2.245E+06 21.3470 1.00000
  6.000E+08 6.000E+08 8.324E+00 4.184E+02 5.651E+02 5.767E+02 1.560E+03 1.569E+03 2.278E+06 21.5211 1.00000
  7.000E+08 7.000E+08 8.366E+00 4.884E+02 6.594E+02 6.849E+02 1.833E+03 1.841E+03 2.337E+06 21.8294 1.00000
  8.000E+08 8.000E+08 8.404E+00 5.584E+02 7.537E+02 7.949E+02 2.107E+03 2.115E+03 2.388E+06 22.0964 1.00000
  9.000E+08 9.000E+08 8.437E+00 6.284E+02 8.480E+02 9.066E+02 2.383E+03 2.391E+03 2.433E+06 22.3320 1.00000
  1.000E+09 1.000E+09 8.466E+00 6.984E+02 9.423E+02 1.020E+03 2.660E+03 2.669E+03 2.472E+06 22.5427 1.00000
