 Incident particle is a Muon with M = 105.65839 MeV
 Index = 0: Iridium
      Absorber with <Z/A> = 0.40059
 Sternheimer coef:  a     k=m_s   x_0    x_1    I[eV]   Cbar  delta0
                 0.1269  2.9658  0.0819  3.5480  757.0  5.3418 0.10

 *** Table generated with PUMAS v1.00 ***

      T         p     Ionization  brems     pair     photonuc  Radloss    dE/dx   CSDA Range  delta   beta
    [MeV]    [MeV/c]  -----------------------[MeV cm^2/g]------------------------  [g/cm^2]
  1.000E+00 1.457E+01 2.123E+01 5.318E-06 0.000E+00 0.000E+00 5.318E-06 2.123E+01 2.355E-02  0.0013 0.13661
  1.200E+00 1.597E+01 1.873E+01 6.107E-06 0.000E+00 0.000E+00 6.107E-06 1.873E+01 3.360E-02  0.0016 0.14944
  1.400E+00 1.726E+01 1.682E+01 6.854E-06 0.000E+00 0.000E+00 6.854E-06 1.682E+01 4.488E-02  0.0018 0.16119
  1.700E+00 1.903E+01 1.465E+01 7.909E-06 0.000E+00 0.000E+00 7.909E-06 1.465E+01 6.404E-02  0.0022 0.17725
  2.000E+00 2.066E+01 1.303E+01 8.899E-06 0.000E+00 0.000E+00 8.899E-06 1.303E+01 8.578E-02  0.0026 0.19186
  2.500E+00 2.312E+01 1.108E+01 1.043E-05 0.000E+00 0.000E+00 1.043E-05 1.108E+01 1.275E-01  0.0033 0.21376
  3.000E+00 2.536E+01 9.696E+00 1.185E-05 0.000E+00 0.000E+00 1.185E-05 9.696E+00 1.759E-01  0.0039 0.23336
  3.500E+00 2.742E+01 8.655E+00 1.317E-05 0.000E+00 0.000E+00 1.317E-05 8.655E+00 2.305E-01  0.0046 0.25120
  4.000E+00 2.935E+01 7.843E+00 1.441E-05 0.000E+00 0.000E+00 1.441E-05 7.843E+00 2.913E-01  0.0053 0.26763
  4.500E+00 3.116E+01 7.190E+00 1.559E-05 0.000E+00 0.000E+00 1.559E-05 7.190E+00 3.579E-01  0.0060 0.28290
  5.000E+00 3.289E+01 6.653E+00 1.670E-05 0.000E+00 0.000E+00 1.670E-05 6.653E+00 4.303E-01  0.0066 0.29720
  5.500E+00 3.453E+01 6.202E+00 1.777E-05 0.000E+00 0.000E+00 1.777E-05 6.202E+00 5.082E-01  0.0073 0.31066
  6.000E+00 3.611E+01 5.819E+00 1.879E-05 0.000E+00 0.000E+00 1.879E-05 5.819E+00 5.914E-01  0.0080 0.32339
  7.000E+00 3.909E+01 5.199E+00 2.072E-05 0.000E+00 0.000E+00 2.072E-05 5.199E+00 7.735E-01  0.0094 0.34700
  8.000E+00 4.189E+01 4.720E+00 2.251E-05 0.000E+00 0.000E+00 2.251E-05 4.720E+00 9.757E-01  0.0108 0.36854
  9.000E+00 4.453E+01 4.337E+00 2.420E-05 0.000E+00 0.000E+00 2.420E-05 4.337E+00 1.197E+00  0.0122 0.38836
  1.000E+01 4.704E+01 4.024E+00 2.580E-05 0.000E+00 0.000E+00 2.580E-05 4.024E+00 1.436E+00  0.0136 0.40675
  1.200E+01 5.177E+01 3.542E+00 2.878E-05 0.000E+00 0.000E+00 2.878E-05 3.542E+00 1.967E+00  0.0165 0.43998
  1.400E+01 5.616E+01 3.187E+00 3.153E-05 0.000E+00 0.000E+00 3.153E-05 3.187E+00 2.563E+00  0.0194 0.46937
  1.700E+01 6.230E+01 2.802E+00 3.534E-05 0.000E+00 0.000E+00 3.534E-05 2.802E+00 3.569E+00  0.0238 0.50792
  2.000E+01 6.802E+01 2.525E+00 3.886E-05 0.000E+00 0.000E+00 3.886E-05 2.525E+00 4.699E+00  0.0284 0.54129
  2.500E+01 7.686E+01 2.204E+00 4.431E-05 0.000E+00 0.000E+00 4.431E-05 2.204E+00 6.823E+00  0.0363 0.58827
  3.000E+01 8.509E+01 1.987E+00 4.942E-05 0.000E+00 0.000E+00 4.942E-05 1.987E+00 9.215E+00  0.0445 0.62720
  3.500E+01 9.285E+01 1.830E+00 5.431E-05 0.000E+00 0.000E+00 5.431E-05 1.830E+00 1.184E+01  0.0530 0.66011
  4.000E+01 1.003E+02 1.711E+00 5.907E-05 0.000E+00 0.000E+00 5.907E-05 1.711E+00 1.467E+01  0.0618 0.68834
  4.500E+01 1.074E+02 1.620E+00 6.375E-05 0.000E+00 0.000E+00 6.375E-05 1.620E+00 1.767E+01  0.0709 0.71286
  5.000E+01 1.143E+02 1.546E+00 6.838E-05 0.000E+00 0.000E+00 6.838E-05 1.546E+00 2.083E+01  0.0803 0.73434
  5.500E+01 1.210E+02 1.487E+00 7.300E-05 0.000E+00 0.000E+00 7.300E-05 1.487E+00 2.413E+01  0.0900 0.75332
  6.000E+01 1.276E+02 1.438E+00 7.762E-05 0.000E+00 0.000E+00 7.762E-05 1.438E+00 2.755E+01  0.0997 0.77019
  7.000E+01 1.403E+02 1.363E+00 8.690E-05 0.000E+00 0.000E+00 8.690E-05 1.363E+00 3.469E+01  0.1130 0.79887
  8.000E+01 1.527E+02 1.309E+00 9.631E-05 0.000E+00 0.000E+00 9.631E-05 1.309E+00 4.218E+01  0.1283 0.82227
  9.000E+01 1.647E+02 1.269E+00 1.059E-04 0.000E+00 0.000E+00 1.059E-04 1.269E+00 4.994E+01  0.1448 0.84166
  1.000E+02 1.764E+02 1.238E+00 1.156E-04 0.000E+00 0.000E+00 1.156E-04 1.238E+00 5.792E+01  0.1620 0.85794
  1.200E+02 1.994E+02 1.196E+00 1.357E-04 0.000E+00 0.000E+00 1.357E-04 1.196E+00 7.435E+01  0.1978 0.88361
  1.400E+02 2.218E+02 1.170E+00 1.567E-04 0.000E+00 0.000E+00 1.567E-04 1.170E+00 9.126E+01  0.2342 0.90278
  1.700E+02 2.546E+02 1.148E+00 1.897E-04 0.000E+00 0.000E+00 1.897E-04 1.148E+00 1.172E+02  0.2888 0.92363
  2.000E+02 2.868E+02 1.138E+00 2.245E-04 0.000E+00 0.000E+00 2.245E-04 1.138E+00 1.434E+02  0.3424 0.93835
  2.500E+02 3.396E+02 1.134E+00 2.864E-04 0.000E+00 0.000E+00 2.864E-04 1.134E+00 1.874E+02  0.4286 0.95485
  3.000E+02 3.917E+02 1.139E+00 3.527E-04 0.000E+00 0.000E+00 3.527E-04 1.139E+00 2.314E+02  0.5105 0.96548
  3.500E+02 4.432E+02 1.147E+00 4.230E-04 0.000E+00 0.000E+00 4.230E-04 1.147E+00 2.751E+02  0.5881 0.97274
  4.000E+02 4.945E+02 1.157E+00 4.971E-04 0.000E+00 0.000E+00 4.971E-04 1.157E+00 3.185E+02  0.6617 0.97793
  4.500E+02 5.455E+02 1.167E+00 5.746E-04 0.000E+00 0.000E+00 5.746E-04 1.168E+00 3.615E+02  0.7318 0.98176
  5.000E+02 5.964E+02 1.178E+00 6.553E-04 7.199E-05 0.000E+00 7.273E-04 1.179E+00 4.041E+02  0.7985 0.98467
  5.500E+02 6.471E+02 1.188E+00 7.390E-04 1.047E-04 0.000E+00 8.438E-04 1.189E+00 4.464E+02  0.8623 0.98693
  6.000E+02 6.977E+02 1.199E+00 8.255E-04 1.397E-04 0.000E+00 9.653E-04 1.200E+00 4.882E+02  0.9234 0.98873
  7.000E+02 7.987E+02 1.218E+00 1.006E-03 2.218E-04 0.000E+00 1.228E-03 1.219E+00 5.709E+02  1.0382 0.99136
  8.000E+02 8.995E+02 1.236E+00 1.197E-03 3.201E-04 0.000E+00 1.517E-03 1.237E+00 6.523E+02  1.1445 0.99317
  9.000E+02 1.000E+03 1.252E+00 1.396E-03 4.338E-04 0.000E+00 1.830E-03 1.254E+00 7.326E+02  1.2436 0.99447
  1.000E+03 1.101E+03 1.268E+00 1.603E-03 5.618E-04 0.000E+00 2.164E-03 1.270E+00 8.119E+02  1.3365 0.99542
  1.200E+03 1.301E+03 1.294E+00 2.038E-03 8.576E-04 2.245E-05 2.918E-03 1.297E+00 9.677E+02  1.5065 0.99672
  1.400E+03 1.502E+03 1.318E+00 2.498E-03 1.202E-03 6.085E-05 3.761E-03 1.321E+00 1.120E+03  1.6594 0.99753
  1.700E+03 1.803E+03 1.347E+00 3.229E-03 1.799E-03 1.288E-04 5.157E-03 1.352E+00 1.345E+03  1.8635 0.99829
  2.000E+03 2.103E+03 1.372E+00 4.003E-03 2.482E-03 2.077E-04 6.693E-03 1.378E+00 1.565E+03  2.0442 0.99874
  2.500E+03 2.604E+03 1.406E+00 5.373E-03 3.783E-03 3.582E-04 9.515E-03 1.415E+00 1.923E+03  2.3064 0.99918
  3.000E+03 3.104E+03 1.433E+00 6.828E-03 5.261E-03 5.137E-04 1.260E-02 1.446E+00 2.272E+03  2.5323 0.99942
  3.500E+03 3.604E+03 1.456E+00 8.354E-03 6.890E-03 6.766E-04 1.592E-02 1.472E+00 2.615E+03  2.7312 0.99957
  4.000E+03 4.104E+03 1.475E+00 9.942E-03 8.659E-03 8.493E-04 1.945E-02 1.495E+00 2.952E+03  2.9092 0.99967
  4.500E+03 4.604E+03 1.492E+00 1.158E-02 1.055E-02 1.028E-03 2.316E-02 1.516E+00 3.284E+03  3.0705 0.99974
  5.000E+03 5.105E+03 1.507E+00 1.328E-02 1.255E-02 1.198E-03 2.702E-02 1.534E+00 3.612E+03  3.2180 0.99979
  5.500E+03 5.605E+03 1.521E+00 1.501E-02 1.464E-02 1.381E-03 3.103E-02 1.552E+00 3.936E+03  3.3541 0.99982
  6.000E+03 6.105E+03 1.533E+00 1.679E-02 1.682E-02 1.550E-03 3.516E-02 1.568E+00 4.257E+03  3.4804 0.99985
  7.000E+03 7.105E+03 1.554E+00 2.045E-02 2.142E-02 1.908E-03 4.377E-02 1.598E+00 4.889E+03  3.7091 0.99989
  8.000E+03 8.105E+03 1.572E+00 2.423E-02 2.629E-02 2.262E-03 5.279E-02 1.625E+00 5.509E+03  3.9120 0.99992
  9.000E+03 9.105E+03 1.587E+00 2.813E-02 3.140E-02 2.593E-03 6.213E-02 1.649E+00 6.120E+03  4.0945 0.99993
  1.000E+04 1.011E+04 1.601E+00 3.213E-02 3.673E-02 2.933E-03 7.179E-02 1.672E+00 6.722E+03  4.2605 0.99995
  1.200E+04 1.211E+04 1.624E+00 4.038E-02 4.793E-02 3.619E-03 9.194E-02 1.716E+00 7.903E+03  4.5538 0.99996
  1.400E+04 1.411E+04 1.642E+00 4.893E-02 5.976E-02 4.303E-03 1.130E-01 1.755E+00 9.056E+03  4.8073 0.99997
  1.700E+04 1.711E+04 1.665E+00 6.222E-02 7.847E-02 5.311E-03 1.460E-01 1.811E+00 1.074E+04  5.1335 0.99998
  2.000E+04 2.011E+04 1.684E+00 7.596E-02 9.813E-02 6.295E-03 1.804E-01 1.864E+00 1.237E+04  5.4122 0.99999
  2.500E+04 2.511E+04 1.708E+00 9.970E-02 1.326E-01 7.902E-03 2.402E-01 1.949E+00 1.500E+04  5.8027 0.99999
  3.000E+04 3.011E+04 1.728E+00 1.243E-01 1.687E-01 9.472E-03 3.025E-01 2.030E+00 1.751E+04  6.1280 0.99999
  3.500E+04 3.511E+04 1.744E+00 1.496E-01 2.062E-01 1.105E-02 3.668E-01 2.110E+00 1.993E+04  6.4072 1.00000
  4.000E+04 4.011E+04 1.757E+00 1.754E-01 2.447E-01 1.261E-02 4.328E-01 2.190E+00 2.225E+04  6.6518 1.00000
  4.500E+04 4.511E+04 1.769E+00 2.018E-01 2.842E-01 1.414E-02 5.001E-01 2.269E+00 2.450E+04  6.8697 1.00000
  5.000E+04 5.011E+04 1.779E+00 2.286E-01 3.244E-01 1.567E-02 5.687E-01 2.348E+00 2.666E+04  7.0661 1.00000
  5.500E+04 5.511E+04 1.788E+00 2.558E-01 3.653E-01 1.721E-02 6.383E-01 2.426E+00 2.876E+04  7.2450 1.00000
  6.000E+04 6.011E+04 1.796E+00 2.833E-01 4.068E-01 1.873E-02 7.089E-01 2.505E+00 3.079E+04  7.4093 1.00000
  7.000E+04 7.011E+04 1.810E+00 3.393E-01 4.913E-01 2.174E-02 8.524E-01 2.663E+00 3.466E+04  7.7024 1.00000
  8.000E+04 8.011E+04 1.822E+00 3.963E-01 5.776E-01 2.475E-02 9.986E-01 2.821E+00 3.831E+04  7.9584 1.00000
  9.000E+04 9.011E+04 1.833E+00 4.542E-01 6.652E-01 2.776E-02 1.147E+00 2.980E+00 4.176E+04  8.1856 1.00000
  1.000E+05 1.001E+05 1.842E+00 5.129E-01 7.540E-01 3.070E-02 1.298E+00 3.140E+00 4.503E+04  8.3899 1.00000
  1.200E+05 1.201E+05 1.858E+00 6.322E-01 9.345E-01 3.669E-02 1.603E+00 3.461E+00 5.111E+04  8.7455 1.00000
  1.400E+05 1.401E+05 1.871E+00 7.537E-01 1.118E+00 4.267E-02 1.914E+00 3.785E+00 5.664E+04  9.0481 1.00000
  1.700E+05 1.701E+05 1.887E+00 9.392E-01 1.398E+00 5.163E-02 2.389E+00 4.276E+00 6.411E+04  9.4314 1.00000
  2.000E+05 2.001E+05 1.901E+00 1.128E+00 1.682E+00 6.062E-02 2.870E+00 4.771E+00 7.076E+04  9.7536 1.00000
  2.500E+05 2.501E+05 1.919E+00 1.448E+00 2.162E+00 7.563E-02 3.685E+00 5.604E+00 8.046E+04 10.1978 1.00000
  3.000E+05 3.001E+05 1.934E+00 1.773E+00 2.648E+00 9.073E-02 4.511E+00 6.445E+00 8.880E+04 10.5617 1.00000
  3.500E+05 3.501E+05 1.947E+00 2.102E+00 3.138E+00 1.060E-01 5.346E+00 7.293E+00 9.611E+04 10.8698 1.00000
  4.000E+05 4.001E+05 1.958E+00 2.434E+00 3.632E+00 1.213E-01 6.188E+00 8.145E+00 1.026E+05 11.1367 1.00000
  4.500E+05 4.501E+05 1.967E+00 2.769E+00 4.129E+00 1.367E-01 7.035E+00 9.002E+00 1.085E+05 11.3723 1.00000
  5.000E+05 5.001E+05 1.976E+00 3.107E+00 4.628E+00 1.522E-01 7.887E+00 9.863E+00 1.138E+05 11.5829 1.00000
  5.500E+05 5.501E+05 1.984E+00 3.446E+00 5.130E+00 1.676E-01 8.743E+00 1.073E+01 1.186E+05 11.7735 1.00000
  6.000E+05 6.001E+05 1.991E+00 3.787E+00 5.632E+00 1.831E-01 9.603E+00 1.159E+01 1.231E+05 11.9475 1.00000
  7.000E+05 7.001E+05 2.004E+00 4.474E+00 6.642E+00 2.143E-01 1.133E+01 1.333E+01 1.312E+05 12.2558 1.00000
  8.000E+05 8.001E+05 2.015E+00 5.165E+00 7.656E+00 2.458E-01 1.307E+01 1.508E+01 1.382E+05 12.5228 1.00000
  9.000E+05 9.001E+05 2.025E+00 5.861E+00 8.674E+00 2.776E-01 1.481E+01 1.684E+01 1.445E+05 12.7583 1.00000
  1.000E+06 1.000E+06 2.034E+00 6.560E+00 9.694E+00 3.097E-01 1.656E+01 1.860E+01 1.502E+05 12.9690 1.00000
  1.200E+06 1.200E+06 2.049E+00 7.966E+00 1.174E+01 3.746E-01 2.008E+01 2.213E+01 1.601E+05 13.3336 1.00000
  1.400E+06 1.400E+06 2.062E+00 9.381E+00 1.380E+01 4.405E-01 2.362E+01 2.568E+01 1.685E+05 13.6419 1.00000
  1.700E+06 1.700E+06 2.079E+00 1.151E+01 1.689E+01 5.407E-01 2.894E+01 3.102E+01 1.792E+05 14.0302 1.00000
  2.000E+06 2.000E+06 2.093E+00 1.366E+01 1.999E+01 6.426E-01 3.429E+01 3.638E+01 1.881E+05 14.3552 1.00000
  2.500E+06 2.500E+06 2.112E+00 1.725E+01 2.517E+01 8.154E-01 4.324E+01 4.535E+01 2.005E+05 14.8015 1.00000
  3.000E+06 3.000E+06 2.128E+00 2.087E+01 3.036E+01 9.915E-01 5.222E+01 5.435E+01 2.106E+05 15.1661 1.00000
  3.500E+06 3.500E+06 2.141E+00 2.449E+01 3.556E+01 1.170E+00 6.122E+01 6.336E+01 2.192E+05 15.4744 1.00000
  4.000E+06 4.000E+06 2.153E+00 2.812E+01 4.077E+01 1.352E+00 7.024E+01 7.239E+01 2.266E+05 15.7414 1.00000
  4.500E+06 4.500E+06 2.163E+00 3.176E+01 4.598E+01 1.536E+00 7.928E+01 8.144E+01 2.331E+05 15.9770 1.00000
  5.000E+06 5.000E+06 2.173E+00 3.541E+01 5.120E+01 1.721E+00 8.832E+01 9.050E+01 2.389E+05 16.1877 1.00000
  5.500E+06 5.500E+06 2.181E+00 3.906E+01 5.642E+01 1.909E+00 9.738E+01 9.956E+01 2.442E+05 16.3783 1.00000
  6.000E+06 6.000E+06 2.189E+00 4.271E+01 6.164E+01 2.098E+00 1.065E+02 1.086E+02 2.490E+05 16.5524 1.00000
  7.000E+06 7.000E+06 2.203E+00 5.004E+01 7.209E+01 2.482E+00 1.246E+02 1.268E+02 2.576E+05 16.8606 1.00000
  8.000E+06 8.000E+06 2.215E+00 5.737E+01 8.255E+01 2.871E+00 1.428E+02 1.450E+02 2.649E+05 17.1277 1.00000
  9.000E+06 9.000E+06 2.226E+00 6.471E+01 9.301E+01 3.265E+00 1.610E+02 1.632E+02 2.715E+05 17.3633 1.00000
  1.000E+07 1.000E+07 2.236E+00 7.206E+01 1.035E+02 3.664E+00 1.792E+02 1.814E+02 2.773E+05 17.5740 1.00000
  1.200E+07 1.200E+07 2.252E+00 8.678E+01 1.244E+02 4.474E+00 2.157E+02 2.179E+02 2.874E+05 17.9386 1.00000
  1.400E+07 1.400E+07 2.267E+00 1.015E+02 1.454E+02 5.298E+00 2.522E+02 2.545E+02 2.959E+05 18.2469 1.00000
  1.700E+07 1.700E+07 2.285E+00 1.236E+02 1.768E+02 6.558E+00 3.070E+02 3.093E+02 3.066E+05 18.6352 1.00000
  2.000E+07 2.000E+07 2.300E+00 1.458E+02 2.083E+02 7.842E+00 3.619E+02 3.642E+02 3.156E+05 18.9603 1.00000
  2.500E+07 2.500E+07 2.322E+00 1.827E+02 2.607E+02 1.003E+01 4.535E+02 4.558E+02 3.280E+05 19.4066 1.00000
  3.000E+07 3.000E+07 2.339E+00 2.197E+02 3.132E+02 1.226E+01 5.451E+02 5.475E+02 3.380E+05 19.7712 1.00000
  3.500E+07 3.500E+07 2.354E+00 2.567E+02 3.657E+02 1.454E+01 6.369E+02 6.392E+02 3.465E+05 20.0795 1.00000
  4.000E+07 4.000E+07 2.367E+00 2.937E+02 4.182E+02 1.685E+01 7.287E+02 7.310E+02 3.538E+05 20.3466 1.00000
  4.500E+07 4.500E+07 2.379E+00 3.307E+02 4.707E+02 1.919E+01 8.205E+02 8.229E+02 3.603E+05 20.5821 1.00000
  5.000E+07 5.000E+07 2.389E+00 3.677E+02 5.232E+02 2.156E+01 9.124E+02 9.148E+02 3.660E+05 20.7928 1.00000
  5.500E+07 5.500E+07 2.399E+00 4.047E+02 5.756E+02 2.396E+01 1.004E+03 1.007E+03 3.713E+05 20.9835 1.00000
  6.000E+07 6.000E+07 2.407E+00 4.417E+02 6.282E+02 2.639E+01 1.096E+03 1.099E+03 3.760E+05 21.1575 1.00000
  7.000E+07 7.000E+07 2.423E+00 5.158E+02 7.332E+02 3.130E+01 1.280E+03 1.283E+03 3.845E+05 21.4658 1.00000
  8.000E+07 8.000E+07 2.436E+00 5.899E+02 8.382E+02 3.629E+01 1.464E+03 1.467E+03 3.918E+05 21.7329 1.00000
  9.000E+07 9.000E+07 2.448E+00 6.640E+02 9.432E+02 4.136E+01 1.649E+03 1.651E+03 3.982E+05 21.9684 1.00000
  1.000E+08 1.000E+08 2.459E+00 7.381E+02 1.048E+03 4.648E+01 1.833E+03 1.835E+03 4.040E+05 22.1791 1.00000
  1.200E+08 1.200E+08 2.478E+00 8.864E+02 1.258E+03 5.691E+01 2.202E+03 2.204E+03 4.140E+05 22.5438 1.00000
  1.400E+08 1.400E+08 2.494E+00 1.035E+03 1.468E+03 6.753E+01 2.571E+03 2.573E+03 4.224E+05 22.8521 1.00000
  1.700E+08 1.700E+08 2.514E+00 1.257E+03 1.783E+03 8.379E+01 3.124E+03 3.127E+03 4.330E+05 23.2404 1.00000
  2.000E+08 2.000E+08 2.531E+00 1.480E+03 2.099E+03 1.004E+02 3.679E+03 3.681E+03 4.419E+05 23.5654 1.00000
  2.500E+08 2.500E+08 2.555E+00 1.850E+03 2.624E+03 1.287E+02 4.603E+03 4.605E+03 4.541E+05 24.0117 1.00000
  3.000E+08 3.000E+08 2.574E+00 2.221E+03 3.149E+03 1.576E+02 5.528E+03 5.530E+03 4.640E+05 24.3764 1.00000
  3.500E+08 3.500E+08 2.591E+00 2.592E+03 3.674E+03 1.871E+02 6.453E+03 6.456E+03 4.724E+05 24.6847 1.00000
  4.000E+08 4.000E+08 2.606E+00 2.963E+03 4.199E+03 2.171E+02 7.379E+03 7.382E+03 4.797E+05 24.9517 1.00000
  4.500E+08 4.500E+08 2.619E+00 3.334E+03 4.725E+03 2.476E+02 8.306E+03 8.308E+03 4.861E+05 25.1873 1.00000
  5.000E+08 5.000E+08 2.630E+00 3.705E+03 5.250E+03 2.784E+02 9.233E+03 9.235E+03 4.918E+05 25.3980 1.00000
  5.500E+08 5.500E+08 2.641E+00 4.075E+03 5.775E+03 3.096E+02 1.016E+04 1.016E+04 4.970E+05 25.5886 1.00000
  6.000E+08 6.000E+08 2.650E+00 4.446E+03 6.300E+03 3.412E+02 1.109E+04 1.109E+04 5.017E+05 25.7627 1.00000
  7.000E+08 7.000E+08 2.668E+00 5.188E+03 7.350E+03 4.052E+02 1.294E+04 1.295E+04 5.101E+05 26.0710 1.00000
  8.000E+08 8.000E+08 2.683E+00 5.930E+03 8.401E+03 4.703E+02 1.480E+04 1.480E+04 5.173E+05 26.3380 1.00000
  9.000E+08 9.000E+08 2.696E+00 6.671E+03 9.451E+03 5.363E+02 1.666E+04 1.666E+04 5.237E+05 26.5736 1.00000
  1.000E+09 1.000E+09 2.708E+00 7.413E+03 1.050E+04 6.033E+02 1.852E+04 1.852E+04 5.294E+05 26.7843 1.00000
