 Incident particle is a Muon with M = 105.65839 MeV
 Index = 0: Iron
      Absorber with <Z/A> = 0.46557
 Density effect computed following Fano (1963)
 Models for Radloss: brems =  SSR, pair =  SSR, photonuc = DRSS

 *** Table generated with PUMAS v1.1 ***

      T         p     Ionization  brems     pair     photonuc  Radloss    dE/dx   CSDA Range  delta   beta
    [MeV]    [MeV/c]  -----------------------[MeV cm^2/g]------------------------  [g/cm^2]
  1.000E+00 1.457E+01 3.195E+01 0.000E+00 0.000E+00 0.000E+00 0.000E+00 3.195E+01 1.565E-02  0.0483 0.13661
  1.200E+00 1.597E+01 2.785E+01 0.000E+00 0.000E+00 0.000E+00 0.000E+00 2.785E+01 2.237E-02  0.0488 0.14944
  1.400E+00 1.726E+01 2.477E+01 0.000E+00 0.000E+00 0.000E+00 0.000E+00 2.477E+01 3.000E-02  0.0494 0.16119
  1.700E+00 1.903E+01 2.135E+01 0.000E+00 0.000E+00 0.000E+00 0.000E+00 2.135E+01 4.309E-02  0.0502 0.17725
  2.000E+00 2.066E+01 1.884E+01 0.000E+00 0.000E+00 0.000E+00 0.000E+00 1.884E+01 5.809E-02  0.0510 0.19186
  2.500E+00 2.312E+01 1.585E+01 0.000E+00 0.000E+00 0.000E+00 0.000E+00 1.585E+01 8.715E-02  0.0524 0.21376
  3.000E+00 2.536E+01 1.376E+01 0.000E+00 0.000E+00 0.000E+00 0.000E+00 1.376E+01 1.211E-01  0.0538 0.23336
  3.500E+00 2.742E+01 1.221E+01 0.000E+00 0.000E+00 0.000E+00 0.000E+00 1.221E+01 1.598E-01  0.0552 0.25120
  4.000E+00 2.935E+01 1.101E+01 0.000E+00 0.000E+00 0.000E+00 0.000E+00 1.101E+01 2.030E-01  0.0567 0.26763
  4.500E+00 3.116E+01 1.005E+01 0.000E+00 0.000E+00 0.000E+00 0.000E+00 1.005E+01 2.506E-01  0.0581 0.28290
  5.000E+00 3.289E+01 9.265E+00 0.000E+00 0.000E+00 0.000E+00 0.000E+00 9.265E+00 3.025E-01  0.0595 0.29720
  5.500E+00 3.453E+01 8.611E+00 0.000E+00 0.000E+00 0.000E+00 0.000E+00 8.611E+00 3.585E-01  0.0610 0.31066
  6.000E+00 3.611E+01 8.056E+00 0.000E+00 0.000E+00 0.000E+00 0.000E+00 8.056E+00 4.186E-01  0.0624 0.32339
  7.000E+00 3.909E+01 7.165E+00 0.000E+00 0.000E+00 0.000E+00 0.000E+00 7.165E+00 5.505E-01  0.0653 0.34700
  8.000E+00 4.189E+01 6.480E+00 0.000E+00 0.000E+00 0.000E+00 0.000E+00 6.480E+00 6.975E-01  0.0682 0.36854
  9.000E+00 4.453E+01 5.935E+00 0.000E+00 0.000E+00 0.000E+00 0.000E+00 5.935E+00 8.589E-01  0.0712 0.38836
  1.000E+01 4.704E+01 5.492E+00 0.000E+00 0.000E+00 0.000E+00 0.000E+00 5.492E+00 1.034E+00  0.0742 0.40675
  1.200E+01 5.177E+01 4.812E+00 0.000E+00 0.000E+00 0.000E+00 0.000E+00 4.812E+00 1.424E+00  0.0802 0.43998
  1.400E+01 5.616E+01 4.315E+00 0.000E+00 0.000E+00 0.000E+00 0.000E+00 4.315E+00 1.864E+00  0.0863 0.46937
  1.700E+01 6.230E+01 3.776E+00 0.000E+00 0.000E+00 0.000E+00 0.000E+00 3.776E+00 2.610E+00  0.0956 0.50792
  2.000E+01 6.802E+01 3.391E+00 0.000E+00 0.000E+00 0.000E+00 0.000E+00 3.391E+00 3.450E+00  0.1050 0.54129
  2.500E+01 7.686E+01 2.947E+00 0.000E+00 0.000E+00 0.000E+00 0.000E+00 2.947E+00 5.039E+00  0.1208 0.58827
  3.000E+01 8.509E+01 2.646E+00 0.000E+00 0.000E+00 0.000E+00 0.000E+00 2.646E+00 6.834E+00  0.1368 0.62720
  3.500E+01 9.285E+01 2.430E+00 0.000E+00 0.000E+00 0.000E+00 0.000E+00 2.430E+00 8.810E+00  0.1529 0.66011
  4.000E+01 1.003E+02 2.267E+00 0.000E+00 0.000E+00 0.000E+00 0.000E+00 2.267E+00 1.094E+01  0.1689 0.68834
  4.500E+01 1.074E+02 2.140E+00 0.000E+00 0.000E+00 0.000E+00 0.000E+00 2.140E+00 1.322E+01  0.1850 0.71286
  5.000E+01 1.143E+02 2.039E+00 0.000E+00 0.000E+00 0.000E+00 0.000E+00 2.039E+00 1.561E+01  0.2010 0.73434
  5.500E+01 1.210E+02 1.958E+00 0.000E+00 0.000E+00 0.000E+00 0.000E+00 1.958E+00 1.811E+01  0.2169 0.75332
  6.000E+01 1.276E+02 1.890E+00 0.000E+00 0.000E+00 0.000E+00 0.000E+00 1.890E+00 2.072E+01  0.2326 0.77019
  7.000E+01 1.403E+02 1.786E+00 0.000E+00 0.000E+00 0.000E+00 0.000E+00 1.786E+00 2.617E+01  0.2638 0.79887
  8.000E+01 1.527E+02 1.710E+00 0.000E+00 0.000E+00 0.000E+00 0.000E+00 1.710E+00 3.189E+01  0.2944 0.82227
  9.000E+01 1.647E+02 1.653E+00 0.000E+00 0.000E+00 0.000E+00 0.000E+00 1.653E+00 3.785E+01  0.3243 0.84166
  1.000E+02 1.764E+02 1.610E+00 0.000E+00 0.000E+00 0.000E+00 0.000E+00 1.610E+00 4.398E+01  0.3536 0.85794
  1.200E+02 1.994E+02 1.549E+00 0.000E+00 0.000E+00 0.000E+00 0.000E+00 1.549E+00 5.666E+01  0.4103 0.88361
  1.400E+02 2.218E+02 1.510E+00 0.000E+00 0.000E+00 0.000E+00 0.000E+00 1.510E+00 6.976E+01  0.4647 0.90278
  1.700E+02 2.546E+02 1.476E+00 0.000E+00 0.000E+00 0.000E+00 0.000E+00 1.476E+00 8.987E+01  0.5421 0.92363
  2.000E+02 2.868E+02 1.458E+00 0.000E+00 0.000E+00 0.000E+00 0.000E+00 1.458E+00 1.103E+02  0.6153 0.93835
  2.500E+02 3.396E+02 1.447E+00 0.000E+00 0.000E+00 0.000E+00 0.000E+00 1.447E+00 1.448E+02  0.7294 0.95485
  3.000E+02 3.917E+02 1.448E+00 3.902E-05 1.749E-06 0.000E+00 4.077E-05 1.448E+00 1.793E+02  0.8355 0.96548
  3.500E+02 4.432E+02 1.454E+00 9.836E-05 6.456E-06 0.000E+00 1.048E-04 1.454E+00 2.138E+02  0.9348 0.97274
  4.000E+02 4.945E+02 1.463E+00 1.423E-04 1.261E-05 0.000E+00 1.549E-04 1.463E+00 2.481E+02  1.0283 0.97793
  4.500E+02 5.455E+02 1.473E+00 1.813E-04 2.066E-05 0.000E+00 2.019E-04 1.473E+00 2.822E+02  1.1167 0.98176
  5.000E+02 5.964E+02 1.483E+00 2.185E-04 3.059E-05 0.000E+00 2.491E-04 1.483E+00 3.160E+02  1.2005 0.98467
  5.500E+02 6.471E+02 1.494E+00 2.552E-04 4.234E-05 1.497E-05 3.125E-04 1.494E+00 3.496E+02  1.2799 0.98693
  6.000E+02 6.977E+02 1.504E+00 2.921E-04 5.588E-05 4.997E-05 3.979E-04 1.504E+00 3.829E+02  1.3556 0.98873
  7.000E+02 7.987E+02 1.524E+00 3.675E-04 8.805E-05 1.195E-04 5.751E-04 1.525E+00 4.490E+02  1.4964 0.99136
  8.000E+02 8.995E+02 1.543E+00 4.460E-04 1.267E-04 1.851E-04 7.578E-04 1.544E+00 5.141E+02  1.6251 0.99317
  9.000E+02 1.000E+03 1.560E+00 5.279E-04 1.714E-04 2.476E-04 9.469E-04 1.561E+00 5.786E+02  1.7434 0.99447
  1.000E+03 1.101E+03 1.576E+00 6.130E-04 2.218E-04 3.081E-04 1.143E-03 1.577E+00 6.423E+02  1.8529 0.99542
  1.200E+03 1.301E+03 1.605E+00 7.929E-04 3.385E-04 4.247E-04 1.556E-03 1.607E+00 7.679E+02  2.0499 0.99672
  1.400E+03 1.502E+03 1.631E+00 9.843E-04 4.745E-04 5.374E-04 1.996E-03 1.633E+00 8.913E+02  2.2235 0.99753
  1.700E+03 1.803E+03 1.663E+00 1.291E-03 7.106E-04 7.013E-04 2.703E-03 1.666E+00 1.073E+03  2.4511 0.99829
  2.000E+03 2.103E+03 1.691E+00 1.617E-03 9.809E-04 8.604E-04 3.458E-03 1.694E+00 1.252E+03  2.6493 0.99874
  2.500E+03 2.604E+03 1.728E+00 2.199E-03 1.497E-03 1.117E-03 4.814E-03 1.733E+00 1.543E+03  2.9338 0.99918
  3.000E+03 3.104E+03 1.759E+00 2.821E-03 2.083E-03 1.366E-03 6.271E-03 1.765E+00 1.829E+03  3.1779 0.99942
  3.500E+03 3.604E+03 1.784E+00 3.477E-03 2.730E-03 1.609E-03 7.815E-03 1.792E+00 2.110E+03  3.3934 0.99957
  4.000E+03 4.104E+03 1.806E+00 4.161E-03 3.441E-03 1.846E-03 9.447E-03 1.815E+00 2.388E+03  3.5871 0.99967
  4.500E+03 4.604E+03 1.824E+00 4.870E-03 4.205E-03 2.078E-03 1.115E-02 1.835E+00 2.661E+03  3.7635 0.99974
  5.000E+03 5.105E+03 1.841E+00 5.602E-03 5.013E-03 2.306E-03 1.292E-02 1.853E+00 2.933E+03  3.9257 0.99979
  5.500E+03 5.605E+03 1.855E+00 6.354E-03 5.861E-03 2.531E-03 1.475E-02 1.870E+00 3.201E+03  4.0759 0.99982
  6.000E+03 6.105E+03 1.868E+00 7.125E-03 6.745E-03 2.752E-03 1.662E-02 1.885E+00 3.467E+03  4.2157 0.99985
  7.000E+03 7.105E+03 1.891E+00 8.715E-03 8.610E-03 3.186E-03 2.051E-02 1.911E+00 3.994E+03  4.4693 0.99989
  8.000E+03 8.105E+03 1.910E+00 1.036E-02 1.059E-02 3.612E-03 2.456E-02 1.935E+00 4.514E+03  4.6944 0.99992
  9.000E+03 9.105E+03 1.926E+00 1.206E-02 1.267E-02 4.029E-03 2.876E-02 1.955E+00 5.028E+03  4.8966 0.99993
  1.000E+04 1.011E+04 1.941E+00 1.381E-02 1.484E-02 4.439E-03 3.308E-02 1.974E+00 5.537E+03  5.0801 0.99995
  1.200E+04 1.211E+04 1.965E+00 1.741E-02 1.941E-02 5.243E-03 4.206E-02 2.008E+00 6.542E+03  5.4023 0.99996
  1.400E+04 1.411E+04 1.986E+00 2.114E-02 2.425E-02 6.029E-03 5.142E-02 2.037E+00 7.531E+03  5.6789 0.99997
  1.700E+04 1.711E+04 2.010E+00 2.695E-02 3.192E-02 7.181E-03 6.605E-02 2.076E+00 8.989E+03  6.0317 0.99998
  2.000E+04 2.011E+04 2.031E+00 3.297E-02 3.999E-02 8.309E-03 8.127E-02 2.112E+00 1.042E+04  6.3305 0.99999
  2.500E+04 2.511E+04 2.057E+00 4.337E-02 5.418E-02 1.015E-02 1.077E-01 2.165E+00 1.276E+04  6.7454 0.99999
  3.000E+04 3.011E+04 2.079E+00 5.416E-02 6.910E-02 1.195E-02 1.352E-01 2.214E+00 1.504E+04  7.0883 0.99999
  3.500E+04 3.511E+04 2.096E+00 6.525E-02 8.460E-02 1.373E-02 1.636E-01 2.260E+00 1.728E+04  7.3809 1.00000
  4.000E+04 4.011E+04 2.111E+00 7.661E-02 1.006E-01 1.548E-02 1.927E-01 2.304E+00 1.947E+04  7.6363 1.00000
  4.500E+04 4.511E+04 2.124E+00 8.820E-02 1.170E-01 1.722E-02 2.224E-01 2.346E+00 2.162E+04  7.8629 1.00000
  5.000E+04 5.011E+04 2.135E+00 9.998E-02 1.337E-01 1.895E-02 2.526E-01 2.388E+00 2.373E+04  8.0667 1.00000
  5.500E+04 5.511E+04 2.145E+00 1.119E-01 1.508E-01 2.067E-02 2.834E-01 2.429E+00 2.581E+04  8.2518 1.00000
  6.000E+04 6.011E+04 2.154E+00 1.241E-01 1.681E-01 2.238E-02 3.145E-01 2.469E+00 2.785E+04  8.4215 1.00000
  7.000E+04 7.011E+04 2.170E+00 1.487E-01 2.034E-01 2.579E-02 3.779E-01 2.548E+00 3.184E+04  8.7232 1.00000
  8.000E+04 8.011E+04 2.184E+00 1.738E-01 2.395E-01 2.918E-02 4.425E-01 2.626E+00 3.570E+04  8.9858 1.00000
  9.000E+04 9.011E+04 2.195E+00 1.994E-01 2.763E-01 3.256E-02 5.082E-01 2.704E+00 3.946E+04  9.2181 1.00000
  1.000E+05 1.001E+05 2.206E+00 2.253E-01 3.136E-01 3.593E-02 5.748E-01 2.781E+00 4.310E+04  9.4264 1.00000
  1.200E+05 1.201E+05 2.224E+00 2.779E-01 3.896E-01 4.267E-02 7.102E-01 2.934E+00 5.010E+04  9.7878 1.00000
  1.400E+05 1.401E+05 2.239E+00 3.317E-01 4.670E-01 4.941E-02 8.481E-01 3.087E+00 5.675E+04 10.0940 1.00000
  1.700E+05 1.701E+05 2.258E+00 4.137E-01 5.853E-01 5.953E-02 1.059E+00 3.316E+00 6.612E+04 10.4804 1.00000
  2.000E+05 2.001E+05 2.273E+00 4.973E-01 7.055E-01 6.969E-02 1.273E+00 3.546E+00 7.487E+04 10.8043 1.00000
  2.500E+05 2.501E+05 2.294E+00 6.392E-01 9.092E-01 8.671E-02 1.635E+00 3.930E+00 8.826E+04 11.2495 1.00000
  3.000E+05 3.001E+05 2.312E+00 7.836E-01 1.116E+00 1.039E-01 2.003E+00 4.315E+00 1.004E+05 11.6135 1.00000
  3.500E+05 3.501E+05 2.327E+00 9.299E-01 1.325E+00 1.211E-01 2.376E+00 4.702E+00 1.115E+05 11.9214 1.00000
  4.000E+05 4.001E+05 2.339E+00 1.078E+00 1.535E+00 1.386E-01 2.752E+00 5.091E+00 1.217E+05 12.1882 1.00000
  4.500E+05 4.501E+05 2.351E+00 1.227E+00 1.748E+00 1.561E-01 3.131E+00 5.482E+00 1.312E+05 12.4235 1.00000
  5.000E+05 5.001E+05 2.361E+00 1.378E+00 1.961E+00 1.737E-01 3.512E+00 5.873E+00 1.400E+05 12.6341 1.00000
  5.500E+05 5.501E+05 2.370E+00 1.529E+00 2.175E+00 1.915E-01 3.896E+00 6.266E+00 1.482E+05 12.8246 1.00000
  6.000E+05 6.001E+05 2.378E+00 1.682E+00 2.390E+00 2.094E-01 4.281E+00 6.659E+00 1.560E+05 12.9986 1.00000
  7.000E+05 7.001E+05 2.393E+00 1.988E+00 2.823E+00 2.455E-01 5.056E+00 7.450E+00 1.702E+05 13.3067 1.00000
  8.000E+05 8.001E+05 2.406E+00 2.298E+00 3.257E+00 2.819E-01 5.837E+00 8.243E+00 1.829E+05 13.5737 1.00000
  9.000E+05 9.001E+05 2.417E+00 2.609E+00 3.694E+00 3.187E-01 6.621E+00 9.039E+00 1.945E+05 13.8092 1.00000
  1.000E+06 1.000E+06 2.428E+00 2.922E+00 4.131E+00 3.558E-01 7.410E+00 9.837E+00 2.051E+05 14.0199 1.00000
  1.200E+06 1.200E+06 2.446E+00 3.553E+00 5.011E+00 4.310E-01 8.995E+00 1.144E+01 2.239E+05 14.3845 1.00000
  1.400E+06 1.400E+06 2.461E+00 4.188E+00 5.894E+00 5.073E-01 1.059E+01 1.305E+01 2.403E+05 14.6927 1.00000
  1.700E+06 1.700E+06 2.480E+00 5.147E+00 7.223E+00 6.235E-01 1.299E+01 1.547E+01 2.614E+05 15.0810 1.00000
  2.000E+06 2.000E+06 2.496E+00 6.111E+00 8.558E+00 7.416E-01 1.541E+01 1.791E+01 2.794E+05 15.4060 1.00000
  2.500E+06 2.500E+06 2.518E+00 7.729E+00 1.079E+01 9.421E-01 1.946E+01 2.198E+01 3.046E+05 15.8522 1.00000
  3.000E+06 3.000E+06 2.537E+00 9.355E+00 1.303E+01 1.147E+00 2.353E+01 2.606E+01 3.254E+05 16.2169 1.00000
  3.500E+06 3.500E+06 2.553E+00 1.099E+01 1.527E+01 1.354E+00 2.761E+01 3.016E+01 3.432E+05 16.5252 1.00000
  4.000E+06 4.000E+06 2.566E+00 1.263E+01 1.751E+01 1.565E+00 3.171E+01 3.427E+01 3.588E+05 16.7922 1.00000
  4.500E+06 4.500E+06 2.578E+00 1.427E+01 1.976E+01 1.779E+00 3.581E+01 3.839E+01 3.726E+05 17.0278 1.00000
  5.000E+06 5.000E+06 2.589E+00 1.592E+01 2.201E+01 1.995E+00 3.992E+01 4.251E+01 3.849E+05 17.2385 1.00000
  5.500E+06 5.500E+06 2.599E+00 1.756E+01 2.427E+01 2.213E+00 4.404E+01 4.664E+01 3.962E+05 17.4291 1.00000
  6.000E+06 6.000E+06 2.608E+00 1.921E+01 2.652E+01 2.433E+00 4.817E+01 5.078E+01 4.064E+05 17.6031 1.00000
  7.000E+06 7.000E+06 2.624E+00 2.252E+01 3.103E+01 2.880E+00 5.644E+01 5.906E+01 4.247E+05 17.9114 1.00000
  8.000E+06 8.000E+06 2.639E+00 2.584E+01 3.555E+01 3.333E+00 6.472E+01 6.736E+01 4.405E+05 18.1785 1.00000
  9.000E+06 9.000E+06 2.651E+00 2.916E+01 4.007E+01 3.792E+00 7.302E+01 7.567E+01 4.545E+05 18.4140 1.00000
  1.000E+07 1.000E+07 2.662E+00 3.248E+01 4.459E+01 4.257E+00 8.133E+01 8.399E+01 4.671E+05 18.6248 1.00000
  1.200E+07 1.200E+07 2.682E+00 3.914E+01 5.365E+01 5.202E+00 9.798E+01 1.007E+02 4.888E+05 18.9894 1.00000
  1.400E+07 1.400E+07 2.698E+00 4.580E+01 6.270E+01 6.164E+00 1.147E+02 1.174E+02 5.072E+05 19.2977 1.00000
  1.700E+07 1.700E+07 2.720E+00 5.581E+01 7.630E+01 7.635E+00 1.397E+02 1.425E+02 5.303E+05 19.6860 1.00000
  2.000E+07 2.000E+07 2.737E+00 6.584E+01 8.990E+01 9.135E+00 1.649E+02 1.676E+02 5.497E+05 20.0110 1.00000
  2.500E+07 2.500E+07 2.762E+00 8.256E+01 1.126E+02 1.169E+01 2.068E+02 2.096E+02 5.764E+05 20.4573 1.00000
  3.000E+07 3.000E+07 2.783E+00 9.931E+01 1.353E+02 1.431E+01 2.489E+02 2.517E+02 5.981E+05 20.8220 1.00000
  3.500E+07 3.500E+07 2.800E+00 1.161E+02 1.580E+02 1.697E+01 2.910E+02 2.938E+02 6.165E+05 21.1303 1.00000
  4.000E+07 4.000E+07 2.815E+00 1.328E+02 1.807E+02 1.968E+01 3.332E+02 3.360E+02 6.324E+05 21.3973 1.00000
  4.500E+07 4.500E+07 2.829E+00 1.496E+02 2.034E+02 2.242E+01 3.754E+02 3.783E+02 6.464E+05 21.6329 1.00000
  5.000E+07 5.000E+07 2.841E+00 1.664E+02 2.261E+02 2.521E+01 4.177E+02 4.205E+02 6.589E+05 21.8436 1.00000
  5.500E+07 5.500E+07 2.852E+00 1.831E+02 2.488E+02 2.802E+01 4.600E+02 4.629E+02 6.703E+05 22.0342 1.00000
  6.000E+07 6.000E+07 2.862E+00 1.999E+02 2.716E+02 3.087E+01 5.024E+02 5.052E+02 6.806E+05 22.2083 1.00000
  7.000E+07 7.000E+07 2.880E+00 2.335E+02 3.170E+02 3.664E+01 5.871E+02 5.900E+02 6.989E+05 22.5166 1.00000
  8.000E+07 8.000E+07 2.895E+00 2.671E+02 3.625E+02 4.251E+01 6.721E+02 6.749E+02 7.147E+05 22.7836 1.00000
  9.000E+07 9.000E+07 2.909E+00 3.007E+02 4.079E+02 4.846E+01 7.571E+02 7.600E+02 7.287E+05 23.0192 1.00000
  1.000E+08 1.000E+08 2.922E+00 3.342E+02 4.534E+02 5.449E+01 8.421E+02 8.451E+02 7.412E+05 23.2299 1.00000
  1.200E+08 1.200E+08 2.944E+00 4.014E+02 5.443E+02 6.676E+01 1.013E+03 1.015E+03 7.627E+05 23.5945 1.00000
  1.400E+08 1.400E+08 2.962E+00 4.687E+02 6.353E+02 7.928E+01 1.183E+03 1.186E+03 7.809E+05 23.9028 1.00000
  1.700E+08 1.700E+08 2.986E+00 5.695E+02 7.717E+02 9.845E+01 1.440E+03 1.443E+03 8.038E+05 24.2912 1.00000
  2.000E+08 2.000E+08 3.006E+00 6.703E+02 9.082E+02 1.180E+02 1.697E+03 1.700E+03 8.230E+05 24.6162 1.00000
  2.500E+08 2.500E+08 3.033E+00 8.384E+02 1.136E+03 1.514E+02 2.125E+03 2.128E+03 8.492E+05 25.0625 1.00000
  3.000E+08 3.000E+08 3.056E+00 1.007E+03 1.363E+03 1.856E+02 2.555E+03 2.558E+03 8.706E+05 25.4271 1.00000
  3.500E+08 3.500E+08 3.075E+00 1.175E+03 1.590E+03 2.206E+02 2.986E+03 2.989E+03 8.887E+05 25.7354 1.00000
  4.000E+08 4.000E+08 3.092E+00 1.343E+03 1.818E+03 2.561E+02 3.417E+03 3.420E+03 9.043E+05 26.0025 1.00000
  4.500E+08 4.500E+08 3.107E+00 1.511E+03 2.045E+03 2.921E+02 3.848E+03 3.852E+03 9.181E+05 26.2380 1.00000
  5.000E+08 5.000E+08 3.121E+00 1.679E+03 2.273E+03 3.287E+02 4.281E+03 4.284E+03 9.304E+05 26.4488 1.00000
  5.500E+08 5.500E+08 3.133E+00 1.847E+03 2.500E+03 3.657E+02 4.713E+03 4.716E+03 9.415E+05 26.6394 1.00000
  6.000E+08 6.000E+08 3.144E+00 2.015E+03 2.728E+03 4.031E+02 5.146E+03 5.149E+03 9.516E+05 26.8134 1.00000
  7.000E+08 7.000E+08 3.165E+00 2.352E+03 3.183E+03 4.791E+02 6.014E+03 6.017E+03 9.696E+05 27.1217 1.00000
  8.000E+08 8.000E+08 3.182E+00 2.688E+03 3.638E+03 5.564E+02 6.882E+03 6.885E+03 9.851E+05 27.3888 1.00000
  9.000E+08 9.000E+08 3.198E+00 3.024E+03 4.093E+03 6.350E+02 7.752E+03 7.755E+03 9.988E+05 27.6242 1.00000
  1.000E+09 1.000E+09 3.212E+00 3.361E+03 4.548E+03 7.146E+02 8.623E+03 8.626E+03 1.011E+06 27.8349 1.00000
  1.200E+09 1.200E+09 3.236E+00 4.033E+03 5.458E+03 8.767E+02 1.037E+04 1.037E+04 1.032E+06 28.1996 1.00000
  1.400E+09 1.400E+09 3.257E+00 4.706E+03 6.367E+03 1.042E+03 1.212E+04 1.212E+04 1.050E+06 28.5075 1.00000
  1.700E+09 1.700E+09 3.283E+00 5.715E+03 7.732E+03 1.296E+03 1.474E+04 1.475E+04 1.072E+06 28.8958 1.00000
  2.000E+09 2.000E+09 3.305E+00 6.724E+03 9.097E+03 1.556E+03 1.738E+04 1.738E+04 1.091E+06 29.2193 1.00000
  2.500E+09 2.500E+09 3.336E+00 8.406E+03 1.137E+04 1.999E+03 2.178E+04 2.178E+04 1.117E+06 29.6656 1.00000
  3.000E+09 3.000E+09 3.362E+00 1.009E+04 1.365E+04 2.454E+03 2.619E+04 2.619E+04 1.138E+06 30.0238 1.00000
  3.500E+09 3.500E+09 3.384E+00 1.177E+04 1.592E+04 2.918E+03 3.061E+04 3.061E+04 1.155E+06 30.3321 1.00000
  4.000E+09 4.000E+09 3.403E+00 1.345E+04 1.820E+04 3.391E+03 3.504E+04 3.504E+04 1.171E+06 30.5991 1.00000
  4.500E+09 4.500E+09 3.422E+00 1.513E+04 2.047E+04 3.872E+03 3.948E+04 3.948E+04 1.184E+06 30.8055 1.00000
  5.000E+09 5.000E+09 3.437E+00 1.681E+04 2.275E+04 4.360E+03 4.392E+04 4.392E+04 1.196E+06 31.0163 1.00000
  5.500E+09 5.500E+09 3.451E+00 1.850E+04 2.502E+04 4.854E+03 4.837E+04 4.837E+04 1.207E+06 31.2069 1.00000
  6.000E+09 6.000E+09 3.463E+00 2.018E+04 2.730E+04 5.354E+03 5.283E+04 5.283E+04 1.217E+06 31.3809 1.00000
  7.000E+09 7.000E+09 3.486E+00 2.354E+04 3.185E+04 6.369E+03 6.176E+04 6.176E+04 1.234E+06 31.6892 1.00000
  8.000E+09 8.000E+09 3.516E+00 2.690E+04 3.640E+04 7.404E+03 7.070E+04 7.071E+04 1.249E+06 31.8008 1.00000
  9.000E+09 9.000E+09 3.534E+00 3.027E+04 4.095E+04 8.456E+03 7.967E+04 7.967E+04 1.263E+06 32.0364 1.00000
  1.000E+10 1.000E+10 3.549E+00 3.363E+04 4.550E+04 9.523E+03 8.865E+04 8.865E+04 1.275E+06 32.2471 1.00000
  1.200E+10 1.200E+10 3.576E+00 4.036E+04 5.460E+04 1.170E+04 1.067E+05 1.067E+05 1.295E+06 32.6117 1.00000
  1.400E+10 1.400E+10 3.600E+00 4.708E+04 6.370E+04 1.392E+04 1.247E+05 1.247E+05 1.312E+06 32.9200 1.00000
  1.700E+10 1.700E+10 3.629E+00 5.717E+04 7.734E+04 1.734E+04 1.519E+05 1.519E+05 1.334E+06 33.3083 1.00000
  2.000E+10 2.000E+10 3.654E+00 6.726E+04 9.099E+04 2.083E+04 1.791E+05 1.791E+05 1.352E+06 33.6334 1.00000
  2.500E+10 2.500E+10 3.689E+00 8.408E+04 1.137E+05 2.681E+04 2.246E+05 2.246E+05 1.377E+06 34.0797 1.00000
  3.000E+10 3.000E+10 3.717E+00 1.009E+05 1.365E+05 3.295E+04 2.703E+05 2.703E+05 1.397E+06 34.4443 1.00000
  3.500E+10 3.500E+10 3.741E+00 1.177E+05 1.592E+05 3.923E+04 3.162E+05 3.162E+05 1.415E+06 34.7526 1.00000
  4.000E+10 4.000E+10 3.762E+00 1.345E+05 1.820E+05 4.564E+04 3.622E+05 3.622E+05 1.429E+06 35.0197 1.00000
  4.500E+10 4.500E+10 3.781E+00 1.513E+05 2.047E+05 5.215E+04 4.082E+05 4.082E+05 1.442E+06 35.2552 1.00000
  5.000E+10 5.000E+10 3.798E+00 1.682E+05 2.275E+05 5.876E+04 4.544E+05 4.544E+05 1.454E+06 35.4660 1.00000
  5.500E+10 5.500E+10 3.813E+00 1.850E+05 2.502E+05 6.547E+04 5.007E+05 5.007E+05 1.464E+06 35.6566 1.00000
  6.000E+10 6.000E+10 3.828E+00 2.018E+05 2.730E+05 7.225E+04 5.470E+05 5.470E+05 1.474E+06 35.8306 1.00000
  7.000E+10 7.000E+10 3.853E+00 2.354E+05 3.185E+05 8.606E+04 6.400E+05 6.400E+05 1.491E+06 36.1389 1.00000
  8.000E+10 8.000E+10 3.874E+00 2.691E+05 3.640E+05 1.001E+05 7.332E+05 7.332E+05 1.505E+06 36.4060 1.00000
  9.000E+10 9.000E+10 3.894E+00 3.027E+05 4.095E+05 1.145E+05 8.266E+05 8.266E+05 1.518E+06 36.6415 1.00000
  1.000E+11 1.000E+11 3.911E+00 3.363E+05 4.550E+05 1.290E+05 9.203E+05 9.203E+05 1.530E+06 36.8523 1.00000
  1.200E+11 1.200E+11 3.942E+00 4.036E+05 5.460E+05 1.587E+05 1.108E+06 1.108E+06 1.550E+06 37.2169 1.00000
  1.400E+11 1.400E+11 3.968E+00 4.709E+05 6.370E+05 1.891E+05 1.297E+06 1.297E+06 1.566E+06 37.5252 1.00000
  1.700E+11 1.700E+11 4.001E+00 5.718E+05 7.734E+05 2.358E+05 1.581E+06 1.581E+06 1.587E+06 37.9135 1.00000
  2.000E+11 2.000E+11 4.028E+00 6.727E+05 9.099E+05 2.837E+05 1.866E+06 1.866E+06 1.605E+06 38.2386 1.00000
  2.500E+11 2.500E+11 4.067E+00 8.408E+05 1.137E+06 3.658E+05 2.344E+06 2.344E+06 1.628E+06 38.6848 1.00000
  3.000E+11 3.000E+11 4.099E+00 1.009E+06 1.365E+06 4.502E+05 2.824E+06 2.824E+06 1.648E+06 39.0495 1.00000
  3.500E+11 3.500E+11 4.126E+00 1.177E+06 1.592E+06 5.367E+05 3.306E+06 3.306E+06 1.664E+06 39.3578 1.00000
  4.000E+11 4.000E+11 4.150E+00 1.345E+06 1.820E+06 6.250E+05 3.790E+06 3.790E+06 1.678E+06 39.6249 1.00000
  4.500E+11 4.500E+11 4.171E+00 1.513E+06 2.047E+06 7.149E+05 4.276E+06 4.276E+06 1.691E+06 39.8604 1.00000
  5.000E+11 5.000E+11 4.189E+00 1.682E+06 2.275E+06 8.063E+05 4.763E+06 4.763E+06 1.702E+06 40.0711 1.00000
  5.500E+11 5.500E+11 4.206E+00 1.850E+06 2.502E+06 8.989E+05 5.251E+06 5.251E+06 1.712E+06 40.2618 1.00000
  6.000E+11 6.000E+11 4.222E+00 2.018E+06 2.730E+06 9.929E+05 5.741E+06 5.741E+06 1.721E+06 40.4358 1.00000
  7.000E+11 7.000E+11 4.250E+00 2.354E+06 3.185E+06 1.184E+06 6.723E+06 6.723E+06 1.737E+06 40.7441 1.00000
  8.000E+11 8.000E+11 4.275E+00 2.691E+06 3.640E+06 1.379E+06 7.710E+06 7.710E+06 1.751E+06 41.0111 1.00000
  9.000E+11 9.000E+11 4.296E+00 3.027E+06 4.095E+06 1.578E+06 8.700E+06 8.700E+06 1.763E+06 41.2467 1.00000
  1.000E+12 1.000E+12 4.316E+00 3.363E+06 4.549E+06 1.780E+06 9.693E+06 9.693E+06 1.774E+06 41.4574 1.00000
