 Incident particle is a Muon with M = 105.65839 MeV
 Index = 0: KryptonGas
      Absorber with <Z/A> = 0.42960
 Density effect computed following Fano (1963)
 Models for Radloss: brems =  SSR, pair =  SSR, photonuc = DRSS

 *** Table generated with PUMAS v1.1 ***

      T         p     Ionization  brems     pair     photonuc  Radloss    dE/dx   CSDA Range  delta   beta
    [MeV]    [MeV/c]  -----------------------[MeV cm^2/g]------------------------  [g/cm^2]
  1.000E+00 1.457E+01 2.819E+01 0.000E+00 0.000E+00 0.000E+00 0.000E+00 2.819E+01 1.774E-02  0.0000 0.13661
  1.200E+00 1.597E+01 2.462E+01 0.000E+00 0.000E+00 0.000E+00 0.000E+00 2.462E+01 2.535E-02  0.0000 0.14944
  1.400E+00 1.726E+01 2.193E+01 0.000E+00 0.000E+00 0.000E+00 0.000E+00 2.193E+01 3.398E-02  0.0000 0.16119
  1.700E+00 1.903E+01 1.893E+01 0.000E+00 0.000E+00 0.000E+00 0.000E+00 1.893E+01 4.875E-02  0.0000 0.17725
  2.000E+00 2.066E+01 1.673E+01 0.000E+00 0.000E+00 0.000E+00 0.000E+00 1.673E+01 6.564E-02  0.0000 0.19186
  2.500E+00 2.312E+01 1.410E+01 0.000E+00 0.000E+00 0.000E+00 0.000E+00 1.410E+01 9.834E-02  0.0000 0.21376
  3.000E+00 2.536E+01 1.226E+01 0.000E+00 0.000E+00 0.000E+00 0.000E+00 1.226E+01 1.365E-01  0.0000 0.23336
  3.500E+00 2.742E+01 1.089E+01 0.000E+00 0.000E+00 0.000E+00 0.000E+00 1.089E+01 1.799E-01  0.0000 0.25120
  4.000E+00 2.935E+01 9.826E+00 0.000E+00 0.000E+00 0.000E+00 0.000E+00 9.826E+00 2.283E-01  0.0000 0.26763
  4.500E+00 3.116E+01 8.978E+00 0.000E+00 0.000E+00 0.000E+00 0.000E+00 8.978E+00 2.816E-01  0.0000 0.28290
  5.000E+00 3.289E+01 8.283E+00 0.000E+00 0.000E+00 0.000E+00 0.000E+00 8.283E+00 3.396E-01  0.0000 0.29720
  5.500E+00 3.453E+01 7.703E+00 0.000E+00 0.000E+00 0.000E+00 0.000E+00 7.703E+00 4.023E-01  0.0000 0.31066
  6.000E+00 3.611E+01 7.211E+00 0.000E+00 0.000E+00 0.000E+00 0.000E+00 7.211E+00 4.694E-01  0.0000 0.32339
  7.000E+00 3.909E+01 6.420E+00 0.000E+00 0.000E+00 0.000E+00 0.000E+00 6.420E+00 6.167E-01  0.0000 0.34700
  8.000E+00 4.189E+01 5.811E+00 0.000E+00 0.000E+00 0.000E+00 0.000E+00 5.811E+00 7.807E-01  0.0000 0.36854
  9.000E+00 4.453E+01 5.326E+00 0.000E+00 0.000E+00 0.000E+00 0.000E+00 5.326E+00 9.606E-01  0.0000 0.38836
  1.000E+01 4.704E+01 4.931E+00 0.000E+00 0.000E+00 0.000E+00 0.000E+00 4.931E+00 1.156E+00  0.0000 0.40675
  1.200E+01 5.177E+01 4.326E+00 0.000E+00 0.000E+00 0.000E+00 0.000E+00 4.326E+00 1.590E+00  0.0000 0.43998
  1.400E+01 5.616E+01 3.883E+00 0.000E+00 0.000E+00 0.000E+00 0.000E+00 3.883E+00 2.079E+00  0.0000 0.46937
  1.700E+01 6.230E+01 3.402E+00 0.000E+00 0.000E+00 0.000E+00 0.000E+00 3.402E+00 2.907E+00  0.0000 0.50792
  2.000E+01 6.802E+01 3.059E+00 0.000E+00 0.000E+00 0.000E+00 0.000E+00 3.059E+00 3.839E+00  0.0000 0.54129
  2.500E+01 7.686E+01 2.663E+00 0.000E+00 0.000E+00 0.000E+00 0.000E+00 2.663E+00 5.598E+00  0.0000 0.58827
  3.000E+01 8.509E+01 2.395E+00 0.000E+00 0.000E+00 0.000E+00 0.000E+00 2.395E+00 7.583E+00  0.0000 0.62720
  3.500E+01 9.285E+01 2.202E+00 0.000E+00 0.000E+00 0.000E+00 0.000E+00 2.202E+00 9.765E+00  0.0000 0.66011
  4.000E+01 1.003E+02 2.057E+00 0.000E+00 0.000E+00 0.000E+00 0.000E+00 2.057E+00 1.212E+01  0.0000 0.68834
  4.500E+01 1.074E+02 1.945E+00 0.000E+00 0.000E+00 0.000E+00 0.000E+00 1.945E+00 1.462E+01  0.0000 0.71286
  5.000E+01 1.143E+02 1.856E+00 0.000E+00 0.000E+00 0.000E+00 0.000E+00 1.856E+00 1.725E+01  0.0000 0.73434
  5.500E+01 1.210E+02 1.783E+00 0.000E+00 0.000E+00 0.000E+00 0.000E+00 1.783E+00 2.000E+01  0.0000 0.75332
  6.000E+01 1.276E+02 1.724E+00 0.000E+00 0.000E+00 0.000E+00 0.000E+00 1.724E+00 2.286E+01  0.0000 0.77019
  7.000E+01 1.403E+02 1.632E+00 0.000E+00 0.000E+00 0.000E+00 0.000E+00 1.632E+00 2.883E+01  0.0000 0.79887
  8.000E+01 1.527E+02 1.566E+00 0.000E+00 0.000E+00 0.000E+00 0.000E+00 1.566E+00 3.509E+01  0.0000 0.82227
  9.000E+01 1.647E+02 1.517E+00 0.000E+00 0.000E+00 0.000E+00 0.000E+00 1.517E+00 4.158E+01  0.0000 0.84166
  1.000E+02 1.764E+02 1.480E+00 0.000E+00 0.000E+00 0.000E+00 0.000E+00 1.480E+00 4.826E+01  0.0000 0.85794
  1.200E+02 1.994E+02 1.429E+00 0.000E+00 0.000E+00 0.000E+00 0.000E+00 1.429E+00 6.203E+01  0.0000 0.88361
  1.400E+02 2.218E+02 1.397E+00 0.000E+00 0.000E+00 0.000E+00 0.000E+00 1.397E+00 7.620E+01  0.0000 0.90278
  1.700E+02 2.546E+02 1.372E+00 0.000E+00 0.000E+00 0.000E+00 0.000E+00 1.372E+00 9.789E+01  0.0000 0.92363
  2.000E+02 2.868E+02 1.361E+00 0.000E+00 0.000E+00 0.000E+00 0.000E+00 1.361E+00 1.199E+02  0.0000 0.93835
  2.500E+02 3.396E+02 1.358E+00 0.000E+00 0.000E+00 0.000E+00 0.000E+00 1.358E+00 1.567E+02  0.0000 0.95485
  3.000E+02 3.917E+02 1.366E+00 0.000E+00 0.000E+00 0.000E+00 0.000E+00 1.366E+00 1.934E+02  0.0000 0.96548
  3.500E+02 4.432E+02 1.378E+00 6.203E-05 6.708E-06 0.000E+00 6.874E-05 1.378E+00 2.299E+02  0.0000 0.97274
  4.000E+02 4.945E+02 1.392E+00 1.373E-04 1.567E-05 0.000E+00 1.529E-04 1.392E+00 2.660E+02  0.0000 0.97793
  4.500E+02 5.455E+02 1.407E+00 1.948E-04 2.599E-05 0.000E+00 2.208E-04 1.407E+00 3.017E+02  0.0000 0.98176
  5.000E+02 5.964E+02 1.422E+00 2.460E-04 3.860E-05 0.000E+00 2.846E-04 1.422E+00 3.370E+02  0.0000 0.98467
  5.500E+02 6.471E+02 1.437E+00 2.946E-04 5.354E-05 1.481E-05 3.630E-04 1.437E+00 3.720E+02  0.0000 0.98693
  6.000E+02 6.977E+02 1.451E+00 3.423E-04 7.074E-05 4.947E-05 4.625E-04 1.452E+00 4.066E+02  0.0000 0.98873
  7.000E+02 7.987E+02 1.479E+00 4.377E-04 1.116E-04 1.183E-04 6.676E-04 1.479E+00 4.749E+02  0.0000 0.99136
  8.000E+02 8.995E+02 1.504E+00 5.356E-04 1.608E-04 1.830E-04 8.794E-04 1.505E+00 5.419E+02  0.0000 0.99317
  9.000E+02 1.000E+03 1.528E+00 6.370E-04 2.177E-04 2.448E-04 1.099E-03 1.529E+00 6.078E+02  0.0000 0.99447
  1.000E+03 1.101E+03 1.550E+00 7.420E-04 2.819E-04 3.044E-04 1.328E-03 1.552E+00 6.727E+02  0.0000 0.99542
  1.200E+03 1.301E+03 1.590E+00 9.633E-04 4.305E-04 4.195E-04 1.813E-03 1.592E+00 7.999E+02  0.0000 0.99672
  1.400E+03 1.502E+03 1.624E+00 1.199E-03 6.036E-04 5.305E-04 2.333E-03 1.627E+00 9.242E+02  0.0000 0.99753
  1.700E+03 1.803E+03 1.669E+00 1.575E-03 9.043E-04 6.918E-04 3.171E-03 1.672E+00 1.106E+03  0.0000 0.99829
  2.000E+03 2.103E+03 1.708E+00 1.976E-03 1.249E-03 8.482E-04 4.073E-03 1.712E+00 1.283E+03  0.0000 0.99874
  2.500E+03 2.604E+03 1.761E+00 2.691E-03 1.906E-03 1.101E-03 5.698E-03 1.767E+00 1.571E+03  0.0000 0.99918
  3.000E+03 3.104E+03 1.805E+00 3.456E-03 2.652E-03 1.345E-03 7.453E-03 1.813E+00 1.850E+03  0.0000 0.99942
  3.500E+03 3.604E+03 1.843E+00 4.262E-03 3.476E-03 1.582E-03 9.321E-03 1.852E+00 2.123E+03  0.0000 0.99957
  4.000E+03 4.104E+03 1.875E+00 5.105E-03 4.378E-03 1.814E-03 1.130E-02 1.887E+00 2.390E+03  0.0000 0.99967
  4.500E+03 4.604E+03 1.904E+00 5.979E-03 5.345E-03 2.042E-03 1.337E-02 1.918E+00 2.653E+03  0.0000 0.99974
  5.000E+03 5.105E+03 1.930E+00 6.881E-03 6.366E-03 2.265E-03 1.551E-02 1.946E+00 2.912E+03  0.0000 0.99979
  5.500E+03 5.605E+03 1.953E+00 7.808E-03 7.438E-03 2.485E-03 1.773E-02 1.971E+00 3.167E+03  0.0002 0.99982
  6.000E+03 6.105E+03 1.974E+00 8.759E-03 8.555E-03 2.701E-03 2.001E-02 1.994E+00 3.419E+03  0.0044 0.99985
  7.000E+03 7.105E+03 2.011E+00 1.072E-02 1.091E-02 3.125E-03 2.476E-02 2.035E+00 3.915E+03  0.0243 0.99989
  8.000E+03 8.105E+03 2.041E+00 1.275E-02 1.341E-02 3.540E-03 2.971E-02 2.071E+00 4.402E+03  0.0523 0.99992
  9.000E+03 9.105E+03 2.068E+00 1.485E-02 1.604E-02 3.947E-03 3.484E-02 2.103E+00 4.882E+03  0.0840 0.99993
  1.000E+04 1.011E+04 2.091E+00 1.700E-02 1.878E-02 4.347E-03 4.013E-02 2.131E+00 5.354E+03  0.1176 0.99995
  1.200E+04 1.211E+04 2.130E+00 2.145E-02 2.455E-02 5.129E-03 5.113E-02 2.181E+00 6.281E+03  0.1862 0.99996
  1.400E+04 1.411E+04 2.163E+00 2.607E-02 3.065E-02 5.894E-03 6.261E-02 2.225E+00 7.189E+03  0.2544 0.99997
  1.700E+04 1.711E+04 2.202E+00 3.325E-02 4.031E-02 7.014E-03 8.057E-02 2.283E+00 8.519E+03  0.3542 0.99998
  2.000E+04 2.011E+04 2.234E+00 4.069E-02 5.048E-02 8.108E-03 9.928E-02 2.333E+00 9.819E+03  0.4512 0.99999
  2.500E+04 2.511E+04 2.276E+00 5.356E-02 6.834E-02 9.892E-03 1.318E-01 2.408E+00 1.193E+04  0.6067 0.99999
  3.000E+04 3.011E+04 2.308E+00 6.690E-02 8.710E-02 1.164E-02 1.656E-01 2.474E+00 1.398E+04  0.7547 0.99999
  3.500E+04 3.511E+04 2.335E+00 8.063E-02 1.066E-01 1.336E-02 2.006E-01 2.535E+00 1.597E+04  0.8948 1.00000
  4.000E+04 4.011E+04 2.356E+00 9.468E-02 1.267E-01 1.506E-02 2.364E-01 2.593E+00 1.792E+04  1.0267 1.00000
  4.500E+04 4.511E+04 2.375E+00 1.090E-01 1.472E-01 1.674E-02 2.730E-01 2.648E+00 1.983E+04  1.1509 1.00000
  5.000E+04 5.011E+04 2.391E+00 1.236E-01 1.683E-01 1.841E-02 3.103E-01 2.701E+00 2.170E+04  1.2677 1.00000
  5.500E+04 5.511E+04 2.405E+00 1.384E-01 1.897E-01 2.007E-02 3.481E-01 2.754E+00 2.353E+04  1.3777 1.00000
  6.000E+04 6.011E+04 2.418E+00 1.534E-01 2.114E-01 2.173E-02 3.865E-01 2.805E+00 2.533E+04  1.4815 1.00000
  7.000E+04 7.011E+04 2.440E+00 1.839E-01 2.557E-01 2.502E-02 4.646E-01 2.905E+00 2.883E+04  1.6727 1.00000
  8.000E+04 8.011E+04 2.459E+00 2.150E-01 3.009E-01 2.829E-02 5.442E-01 3.003E+00 3.222E+04  1.8450 1.00000
  9.000E+04 9.011E+04 2.474E+00 2.466E-01 3.470E-01 3.155E-02 6.251E-01 3.100E+00 3.550E+04  2.0015 1.00000
  1.000E+05 1.001E+05 2.488E+00 2.786E-01 3.937E-01 3.480E-02 7.071E-01 3.196E+00 3.868E+04  2.1447 1.00000
  1.200E+05 1.201E+05 2.512E+00 3.438E-01 4.888E-01 4.130E-02 8.739E-01 3.386E+00 4.475E+04  2.3993 1.00000
  1.400E+05 1.401E+05 2.531E+00 4.102E-01 5.857E-01 4.779E-02 1.044E+00 3.575E+00 5.050E+04  2.6205 1.00000
  1.700E+05 1.701E+05 2.555E+00 5.118E-01 7.336E-01 5.754E-02 1.303E+00 3.858E+00 5.858E+04  2.9068 1.00000
  2.000E+05 2.001E+05 2.575E+00 6.151E-01 8.839E-01 6.732E-02 1.566E+00 4.141E+00 6.608E+04  3.1532 1.00000
  2.500E+05 2.501E+05 2.601E+00 7.905E-01 1.138E+00 8.370E-02 2.013E+00 4.613E+00 7.752E+04  3.5019 1.00000
  3.000E+05 3.001E+05 2.622E+00 9.691E-01 1.396E+00 1.002E-01 2.466E+00 5.087E+00 8.783E+04  3.7963 1.00000
  3.500E+05 3.501E+05 2.639E+00 1.150E+00 1.657E+00 1.168E-01 2.924E+00 5.562E+00 9.723E+04  4.0521 1.00000
  4.000E+05 4.001E+05 2.653E+00 1.333E+00 1.920E+00 1.336E-01 3.386E+00 6.039E+00 1.059E+05  4.2787 1.00000
  4.500E+05 4.501E+05 2.665E+00 1.517E+00 2.185E+00 1.504E-01 3.852E+00 6.518E+00 1.138E+05  4.4821 1.00000
  5.000E+05 5.001E+05 2.676E+00 1.703E+00 2.451E+00 1.674E-01 4.321E+00 6.998E+00 1.212E+05  4.6668 1.00000
  5.500E+05 5.501E+05 2.686E+00 1.890E+00 2.718E+00 1.845E-01 4.793E+00 7.479E+00 1.281E+05  4.8358 1.00000
  6.000E+05 6.001E+05 2.695E+00 2.079E+00 2.986E+00 2.017E-01 5.266E+00 7.962E+00 1.346E+05  4.9916 1.00000
  7.000E+05 7.001E+05 2.711E+00 2.458E+00 3.525E+00 2.363E-01 6.219E+00 8.930E+00 1.465E+05  5.2707 1.00000
  8.000E+05 8.001E+05 2.724E+00 2.840E+00 4.067E+00 2.714E-01 7.178E+00 9.902E+00 1.571E+05  5.5153 1.00000
  9.000E+05 9.001E+05 2.736E+00 3.224E+00 4.610E+00 3.067E-01 8.141E+00 1.088E+01 1.667E+05  5.7329 1.00000
  1.000E+06 1.000E+06 2.746E+00 3.611E+00 5.156E+00 3.424E-01 9.109E+00 1.186E+01 1.755E+05  5.9289 1.00000
  1.200E+06 1.200E+06 2.764E+00 4.389E+00 6.251E+00 4.147E-01 1.106E+01 1.382E+01 1.911E+05  6.2706 1.00000
  1.400E+06 1.400E+06 2.779E+00 5.173E+00 7.351E+00 4.879E-01 1.301E+01 1.579E+01 2.047E+05  6.5618 1.00000
  1.700E+06 1.700E+06 2.798E+00 6.356E+00 9.007E+00 5.996E-01 1.596E+01 1.876E+01 2.221E+05  6.9314 1.00000
  2.000E+06 2.000E+06 2.814E+00 7.546E+00 1.067E+01 7.130E-01 1.893E+01 2.174E+01 2.369E+05  7.2429 1.00000
  2.500E+06 2.500E+06 2.836E+00 9.541E+00 1.345E+01 9.056E-01 2.389E+01 2.673E+01 2.576E+05  7.6739 1.00000
  3.000E+06 3.000E+06 2.854E+00 1.155E+01 1.623E+01 1.102E+00 2.888E+01 3.173E+01 2.748E+05  8.0286 1.00000
  3.500E+06 3.500E+06 2.869E+00 1.356E+01 1.902E+01 1.302E+00 3.388E+01 3.675E+01 2.894E+05  8.3301 1.00000
  4.000E+06 4.000E+06 2.881E+00 1.558E+01 2.182E+01 1.504E+00 3.890E+01 4.178E+01 3.022E+05  8.5924 1.00000
  4.500E+06 4.500E+06 2.893E+00 1.760E+01 2.462E+01 1.709E+00 4.393E+01 4.682E+01 3.135E+05  8.8245 1.00000
  5.000E+06 5.000E+06 2.903E+00 1.963E+01 2.742E+01 1.917E+00 4.897E+01 5.187E+01 3.236E+05  9.0326 1.00000
  5.500E+06 5.500E+06 2.912E+00 2.166E+01 3.022E+01 2.126E+00 5.401E+01 5.693E+01 3.328E+05  9.2212 1.00000
  6.000E+06 6.000E+06 2.921E+00 2.370E+01 3.303E+01 2.338E+00 5.907E+01 6.199E+01 3.412E+05  9.3937 1.00000
  7.000E+06 7.000E+06 2.936E+00 2.778E+01 3.864E+01 2.767E+00 6.919E+01 7.212E+01 3.562E+05  9.6998 1.00000
  8.000E+06 8.000E+06 2.949E+00 3.186E+01 4.427E+01 3.202E+00 7.933E+01 8.228E+01 3.691E+05  9.9653 1.00000
  9.000E+06 9.000E+06 2.961E+00 3.595E+01 4.989E+01 3.643E+00 8.948E+01 9.244E+01 3.806E+05 10.1999 1.00000
  1.000E+07 1.000E+07 2.971E+00 4.004E+01 5.552E+01 4.089E+00 9.965E+01 1.026E+02 3.909E+05 10.4098 1.00000
  1.200E+07 1.200E+07 2.989E+00 4.824E+01 6.678E+01 4.996E+00 1.200E+02 1.230E+02 4.086E+05 10.7735 1.00000
  1.400E+07 1.400E+07 3.005E+00 5.645E+01 7.806E+01 5.920E+00 1.404E+02 1.434E+02 4.237E+05 11.0812 1.00000
  1.700E+07 1.700E+07 3.024E+00 6.879E+01 9.497E+01 7.333E+00 1.711E+02 1.741E+02 4.426E+05 11.4689 1.00000
  2.000E+07 2.000E+07 3.041E+00 8.113E+01 1.119E+02 8.774E+00 2.018E+02 2.048E+02 4.585E+05 11.7936 1.00000
  2.500E+07 2.500E+07 3.063E+00 1.017E+02 1.401E+02 1.123E+01 2.531E+02 2.561E+02 4.803E+05 12.2396 1.00000
  3.000E+07 3.000E+07 3.082E+00 1.223E+02 1.684E+02 1.374E+01 3.044E+02 3.075E+02 4.981E+05 12.6041 1.00000
  3.500E+07 3.500E+07 3.098E+00 1.430E+02 1.966E+02 1.630E+01 3.559E+02 3.590E+02 5.131E+05 12.9123 1.00000
  4.000E+07 4.000E+07 3.112E+00 1.636E+02 2.249E+02 1.890E+01 4.074E+02 4.105E+02 5.261E+05 13.1793 1.00000
  4.500E+07 4.500E+07 3.125E+00 1.843E+02 2.531E+02 2.154E+01 4.589E+02 4.621E+02 5.376E+05 13.4148 1.00000
  5.000E+07 5.000E+07 3.136E+00 2.049E+02 2.814E+02 2.421E+01 5.105E+02 5.137E+02 5.479E+05 13.6255 1.00000
  5.500E+07 5.500E+07 3.146E+00 2.256E+02 3.097E+02 2.691E+01 5.621E+02 5.653E+02 5.572E+05 13.8161 1.00000
  6.000E+07 6.000E+07 3.155E+00 2.462E+02 3.379E+02 2.964E+01 6.138E+02 6.170E+02 5.656E+05 13.9901 1.00000
  7.000E+07 7.000E+07 3.172E+00 2.876E+02 3.945E+02 3.518E+01 7.172E+02 7.204E+02 5.806E+05 14.2984 1.00000
  8.000E+07 8.000E+07 3.186E+00 3.289E+02 4.510E+02 4.082E+01 8.208E+02 8.240E+02 5.936E+05 14.5654 1.00000
  9.000E+07 9.000E+07 3.199E+00 3.703E+02 5.076E+02 4.653E+01 9.244E+02 9.276E+02 6.050E+05 14.8010 1.00000
  1.000E+08 1.000E+08 3.211E+00 4.116E+02 5.642E+02 5.233E+01 1.028E+03 1.031E+03 6.152E+05 15.0117 1.00000
  1.200E+08 1.200E+08 3.231E+00 4.944E+02 6.773E+02 6.411E+01 1.236E+03 1.239E+03 6.329E+05 15.3763 1.00000
  1.400E+08 1.400E+08 3.248E+00 5.771E+02 7.905E+02 7.613E+01 1.444E+03 1.447E+03 6.478E+05 15.6846 1.00000
  1.700E+08 1.700E+08 3.270E+00 7.012E+02 9.602E+02 9.454E+01 1.756E+03 1.759E+03 6.666E+05 16.0729 1.00000
  2.000E+08 2.000E+08 3.288E+00 8.254E+02 1.130E+03 1.133E+02 2.069E+03 2.072E+03 6.823E+05 16.3980 1.00000
  2.500E+08 2.500E+08 3.314E+00 1.032E+03 1.413E+03 1.454E+02 2.591E+03 2.594E+03 7.038E+05 16.8442 1.00000
  3.000E+08 3.000E+08 3.335E+00 1.239E+03 1.696E+03 1.783E+02 3.113E+03 3.117E+03 7.214E+05 17.2089 1.00000
  3.500E+08 3.500E+08 3.353E+00 1.446E+03 1.979E+03 2.118E+02 3.637E+03 3.640E+03 7.362E+05 17.5172 1.00000
  4.000E+08 4.000E+08 3.368E+00 1.653E+03 2.262E+03 2.459E+02 4.161E+03 4.164E+03 7.491E+05 17.7842 1.00000
  4.500E+08 4.500E+08 3.382E+00 1.860E+03 2.545E+03 2.805E+02 4.686E+03 4.689E+03 7.604E+05 18.0198 1.00000
  5.000E+08 5.000E+08 3.395E+00 2.067E+03 2.828E+03 3.156E+02 5.211E+03 5.214E+03 7.705E+05 18.2305 1.00000
  5.500E+08 5.500E+08 3.406E+00 2.274E+03 3.111E+03 3.512E+02 5.736E+03 5.740E+03 7.796E+05 18.4211 1.00000
  6.000E+08 6.000E+08 3.416E+00 2.481E+03 3.394E+03 3.871E+02 6.262E+03 6.266E+03 7.879E+05 18.5952 1.00000
  7.000E+08 7.000E+08 3.435E+00 2.895E+03 3.960E+03 4.601E+02 7.315E+03 7.319E+03 8.027E+05 18.9034 1.00000
  8.000E+08 8.000E+08 3.451E+00 3.309E+03 4.526E+03 5.343E+02 8.369E+03 8.373E+03 8.155E+05 19.1705 1.00000
  9.000E+08 9.000E+08 3.465E+00 3.723E+03 5.092E+03 6.097E+02 9.425E+03 9.428E+03 8.267E+05 19.4060 1.00000
  1.000E+09 1.000E+09 3.478E+00 4.137E+03 5.658E+03 6.862E+02 1.048E+04 1.048E+04 8.368E+05 19.6167 1.00000
  1.200E+09 1.200E+09 3.501E+00 4.965E+03 6.790E+03 8.418E+02 1.260E+04 1.260E+04 8.541E+05 19.9813 1.00000
  1.400E+09 1.400E+09 3.520E+00 5.794E+03 7.922E+03 1.001E+03 1.472E+04 1.472E+04 8.688E+05 20.2893 1.00000
  1.700E+09 1.700E+09 3.544E+00 7.036E+03 9.620E+03 1.245E+03 1.790E+04 1.790E+04 8.873E+05 20.6776 1.00000
  2.000E+09 2.000E+09 3.565E+00 8.278E+03 1.132E+04 1.494E+03 2.109E+04 2.109E+04 9.027E+05 21.0011 1.00000
  2.500E+09 2.500E+09 3.593E+00 1.035E+04 1.415E+04 1.919E+03 2.642E+04 2.642E+04 9.238E+05 21.4474 1.00000
  3.000E+09 3.000E+09 3.617E+00 1.242E+04 1.698E+04 2.356E+03 3.175E+04 3.176E+04 9.411E+05 21.8055 1.00000
  3.500E+09 3.500E+09 3.637E+00 1.449E+04 1.981E+04 2.802E+03 3.710E+04 3.710E+04 9.556E+05 22.1138 1.00000
  4.000E+09 4.000E+09 3.655E+00 1.656E+04 2.264E+04 3.256E+03 4.245E+04 4.246E+04 9.682E+05 22.3809 1.00000
  4.500E+09 4.500E+09 3.672E+00 1.863E+04 2.547E+04 3.718E+03 4.782E+04 4.782E+04 9.793E+05 22.5873 1.00000
  5.000E+09 5.000E+09 3.686E+00 2.070E+04 2.830E+04 4.186E+03 5.319E+04 5.319E+04 9.892E+05 22.7980 1.00000
  5.500E+09 5.500E+09 3.699E+00 2.277E+04 3.113E+04 4.661E+03 5.856E+04 5.856E+04 9.982E+05 22.9886 1.00000
  6.000E+09 6.000E+09 3.710E+00 2.484E+04 3.396E+04 5.141E+03 6.394E+04 6.394E+04 1.006E+06 23.1627 1.00000
  7.000E+09 7.000E+09 3.731E+00 2.898E+04 3.962E+04 6.116E+03 7.472E+04 7.472E+04 1.021E+06 23.4710 1.00000
  8.000E+09 8.000E+09 3.759E+00 3.312E+04 4.528E+04 7.109E+03 8.551E+04 8.551E+04 1.033E+06 23.5826 1.00000
  9.000E+09 9.000E+09 3.775E+00 3.726E+04 5.094E+04 8.119E+03 9.632E+04 9.633E+04 1.044E+06 23.8181 1.00000
  1.000E+10 1.000E+10 3.790E+00 4.140E+04 5.660E+04 9.144E+03 1.071E+05 1.072E+05 1.054E+06 24.0288 1.00000
  1.200E+10 1.200E+10 3.815E+00 4.968E+04 6.792E+04 1.123E+04 1.288E+05 1.288E+05 1.071E+06 24.3935 1.00000
  1.400E+10 1.400E+10 3.836E+00 5.796E+04 7.924E+04 1.337E+04 1.506E+05 1.506E+05 1.085E+06 24.7018 1.00000
  1.700E+10 1.700E+10 3.863E+00 7.038E+04 9.623E+04 1.665E+04 1.833E+05 1.833E+05 1.104E+06 25.0901 1.00000
  2.000E+10 2.000E+10 3.886E+00 8.281E+04 1.132E+05 2.000E+04 2.160E+05 2.160E+05 1.119E+06 25.4151 1.00000
  2.500E+10 2.500E+10 3.918E+00 1.035E+05 1.415E+05 2.574E+04 2.708E+05 2.708E+05 1.139E+06 25.8614 1.00000
  3.000E+10 3.000E+10 3.945E+00 1.242E+05 1.698E+05 3.164E+04 3.257E+05 3.257E+05 1.156E+06 26.2261 1.00000
  3.500E+10 3.500E+10 3.967E+00 1.449E+05 1.981E+05 3.767E+04 3.807E+05 3.807E+05 1.170E+06 26.5344 1.00000
  4.000E+10 4.000E+10 3.986E+00 1.656E+05 2.264E+05 4.382E+04 4.359E+05 4.359E+05 1.182E+06 26.8014 1.00000
  4.500E+10 4.500E+10 4.004E+00 1.863E+05 2.547E+05 5.008E+04 4.911E+05 4.911E+05 1.193E+06 27.0370 1.00000
  5.000E+10 5.000E+10 4.019E+00 2.070E+05 2.830E+05 5.643E+04 5.465E+05 5.465E+05 1.203E+06 27.2477 1.00000
  5.500E+10 5.500E+10 4.034E+00 2.277E+05 3.113E+05 6.286E+04 6.019E+05 6.019E+05 1.212E+06 27.4383 1.00000
  6.000E+10 6.000E+10 4.047E+00 2.484E+05 3.396E+05 6.938E+04 6.574E+05 6.574E+05 1.220E+06 27.6124 1.00000
  7.000E+10 7.000E+10 4.070E+00 2.898E+05 3.962E+05 8.264E+04 7.687E+05 7.687E+05 1.234E+06 27.9207 1.00000
  8.000E+10 8.000E+10 4.090E+00 3.312E+05 4.528E+05 9.616E+04 8.802E+05 8.802E+05 1.246E+06 28.1877 1.00000
  9.000E+10 9.000E+10 4.108E+00 3.726E+05 5.094E+05 1.099E+05 9.920E+05 9.920E+05 1.257E+06 28.4233 1.00000
  1.000E+11 1.000E+11 4.124E+00 4.140E+05 5.660E+05 1.239E+05 1.104E+06 1.104E+06 1.266E+06 28.6340 1.00000
  1.200E+11 1.200E+11 4.152E+00 4.969E+05 6.792E+05 1.524E+05 1.328E+06 1.328E+06 1.283E+06 28.9987 1.00000
  1.400E+11 1.400E+11 4.176E+00 5.797E+05 7.924E+05 1.816E+05 1.554E+06 1.554E+06 1.296E+06 29.3070 1.00000
  1.700E+11 1.700E+11 4.206E+00 7.039E+05 9.622E+05 2.264E+05 1.893E+06 1.893E+06 1.314E+06 29.6953 1.00000
  2.000E+11 2.000E+11 4.232E+00 8.281E+05 1.132E+06 2.724E+05 2.233E+06 2.233E+06 1.329E+06 30.0203 1.00000
  2.500E+11 2.500E+11 4.267E+00 1.035E+06 1.415E+06 3.512E+05 2.801E+06 2.801E+06 1.348E+06 30.4666 1.00000
  3.000E+11 3.000E+11 4.297E+00 1.242E+06 1.698E+06 4.323E+05 3.373E+06 3.373E+06 1.365E+06 30.8312 1.00000
  3.500E+11 3.500E+11 4.322E+00 1.449E+06 1.981E+06 5.154E+05 3.946E+06 3.946E+06 1.378E+06 31.1395 1.00000
  4.000E+11 4.000E+11 4.344E+00 1.656E+06 2.264E+06 6.002E+05 4.520E+06 4.520E+06 1.390E+06 31.4066 1.00000
  4.500E+11 4.500E+11 4.363E+00 1.863E+06 2.547E+06 6.865E+05 5.097E+06 5.097E+06 1.401E+06 31.6422 1.00000
  5.000E+11 5.000E+11 4.380E+00 2.070E+06 2.830E+06 7.742E+05 5.674E+06 5.674E+06 1.410E+06 31.8529 1.00000
  5.500E+11 5.500E+11 4.396E+00 2.277E+06 3.113E+06 8.632E+05 6.254E+06 6.254E+06 1.418E+06 32.0435 1.00000
  6.000E+11 6.000E+11 4.411E+00 2.484E+06 3.396E+06 9.534E+05 6.834E+06 6.834E+06 1.426E+06 32.2175 1.00000
  7.000E+11 7.000E+11 4.437E+00 2.898E+06 3.962E+06 1.137E+06 7.997E+06 7.997E+06 1.439E+06 32.5258 1.00000
  8.000E+11 8.000E+11 4.459E+00 3.312E+06 4.528E+06 1.324E+06 9.165E+06 9.165E+06 1.451E+06 32.7929 1.00000
  9.000E+11 9.000E+11 4.479E+00 3.726E+06 5.094E+06 1.515E+06 1.034E+07 1.034E+07 1.461E+06 33.0285 1.00000
  1.000E+12 1.000E+12 4.497E+00 4.140E+06 5.660E+06 1.710E+06 1.151E+07 1.151E+07 1.471E+06 33.2392 1.00000
