 Incident particle is a Muon with M = 105.65839 MeV
 Index = 0: LanthanumFluoride
      Absorber with <Z/A> = 0.42879
 Sternheimer coef:  a     k=m_s   x_0    x_1    I[eV]   Cbar  delta0
                 0.1852  3.0000  0.2000  3.0000  336.3  4.9860 0.00

 *** Table generated with PUMAS v1.00 ***

      T         p     Ionization  brems     pair     photonuc  Radloss    dE/dx   CSDA Range  delta   beta
    [MeV]    [MeV/c]  -----------------------[MeV cm^2/g]------------------------  [g/cm^2]
  1.000E+00 1.457E+01 2.846E+01 3.191E-06 0.000E+00 0.000E+00 3.191E-06 2.846E+01 1.757E-02  0.0000 0.13661
  1.200E+00 1.597E+01 2.484E+01 3.665E-06 0.000E+00 0.000E+00 3.665E-06 2.484E+01 2.511E-02  0.0000 0.14944
  1.400E+00 1.726E+01 2.212E+01 4.116E-06 0.000E+00 0.000E+00 4.116E-06 2.212E+01 3.366E-02  0.0000 0.16119
  1.700E+00 1.903E+01 1.909E+01 4.753E-06 0.000E+00 0.000E+00 4.753E-06 1.909E+01 4.830E-02  0.0000 0.17725
  2.000E+00 2.066E+01 1.686E+01 5.352E-06 0.000E+00 0.000E+00 5.352E-06 1.686E+01 6.505E-02  0.0000 0.19186
  2.500E+00 2.312E+01 1.421E+01 6.282E-06 0.000E+00 0.000E+00 6.282E-06 1.421E+01 9.748E-02  0.0000 0.21376
  3.000E+00 2.536E+01 1.234E+01 7.144E-06 0.000E+00 0.000E+00 7.144E-06 1.234E+01 1.353E-01  0.0000 0.23336
  3.500E+00 2.742E+01 1.096E+01 7.949E-06 0.000E+00 0.000E+00 7.949E-06 1.096E+01 1.784E-01  0.0000 0.25120
  4.000E+00 2.935E+01 9.892E+00 8.707E-06 0.000E+00 0.000E+00 8.707E-06 9.892E+00 2.265E-01  0.0000 0.26763
  4.500E+00 3.116E+01 9.036E+00 9.426E-06 0.000E+00 0.000E+00 9.426E-06 9.036E+00 2.794E-01  0.0000 0.28290
  5.000E+00 3.289E+01 8.336E+00 1.011E-05 0.000E+00 0.000E+00 1.011E-05 8.336E+00 3.371E-01  0.0000 0.29720
  5.500E+00 3.453E+01 7.751E+00 1.077E-05 0.000E+00 0.000E+00 1.077E-05 7.751E+00 3.993E-01  0.0000 0.31066
  6.000E+00 3.611E+01 7.255E+00 1.139E-05 0.000E+00 0.000E+00 1.139E-05 7.255E+00 4.660E-01  0.0000 0.32339
  7.000E+00 3.909E+01 6.457E+00 1.258E-05 0.000E+00 0.000E+00 1.258E-05 6.458E+00 6.124E-01  0.0000 0.34700
  8.000E+00 4.189E+01 5.844E+00 1.369E-05 0.000E+00 0.000E+00 1.369E-05 5.844E+00 7.754E-01  0.0000 0.36854
  9.000E+00 4.453E+01 5.356E+00 1.473E-05 0.000E+00 0.000E+00 1.473E-05 5.356E+00 9.543E-01  0.0000 0.38836
  1.000E+01 4.704E+01 4.958E+00 1.572E-05 0.000E+00 0.000E+00 1.572E-05 4.958E+00 1.148E+00  0.0000 0.40675
  1.200E+01 5.177E+01 4.349E+00 1.757E-05 0.000E+00 0.000E+00 1.757E-05 4.349E+00 1.580E+00  0.0000 0.43998
  1.400E+01 5.616E+01 3.902E+00 1.928E-05 0.000E+00 0.000E+00 1.928E-05 3.903E+00 2.066E+00  0.0000 0.46937
  1.700E+01 6.230E+01 3.419E+00 2.165E-05 0.000E+00 0.000E+00 2.165E-05 3.419E+00 2.889E+00  0.0000 0.50792
  2.000E+01 6.802E+01 3.074E+00 2.385E-05 0.000E+00 0.000E+00 2.385E-05 3.074E+00 3.816E+00  0.0000 0.54129
  2.500E+01 7.686E+01 2.675E+00 2.725E-05 0.000E+00 0.000E+00 2.725E-05 2.675E+00 5.564E+00  0.0000 0.58827
  3.000E+01 8.509E+01 2.405E+00 3.043E-05 0.000E+00 0.000E+00 3.043E-05 2.406E+00 7.538E+00  0.0000 0.62720
  3.500E+01 9.285E+01 2.212E+00 3.348E-05 0.000E+00 0.000E+00 3.348E-05 2.212E+00 9.707E+00  0.0000 0.66011
  4.000E+01 1.003E+02 2.066E+00 3.644E-05 0.000E+00 0.000E+00 3.644E-05 2.066E+00 1.205E+01  0.0000 0.68834
  4.500E+01 1.074E+02 1.953E+00 3.935E-05 0.000E+00 0.000E+00 3.935E-05 1.953E+00 1.454E+01  0.0000 0.71286
  5.000E+01 1.143E+02 1.863E+00 4.222E-05 0.000E+00 0.000E+00 4.222E-05 1.863E+00 1.716E+01  0.0000 0.73434
  5.500E+01 1.210E+02 1.790E+00 4.509E-05 0.000E+00 0.000E+00 4.509E-05 1.790E+00 1.990E+01  0.0000 0.75332
  6.000E+01 1.276E+02 1.731E+00 4.795E-05 0.000E+00 0.000E+00 4.795E-05 1.731E+00 2.274E+01  0.0000 0.77019
  7.000E+01 1.403E+02 1.638E+00 5.370E-05 0.000E+00 0.000E+00 5.370E-05 1.638E+00 2.868E+01  0.0000 0.79887
  8.000E+01 1.527E+02 1.572E+00 5.952E-05 0.000E+00 0.000E+00 5.952E-05 1.572E+00 3.491E+01  0.0000 0.82227
  9.000E+01 1.647E+02 1.522E+00 6.544E-05 0.000E+00 0.000E+00 6.544E-05 1.523E+00 4.138E+01  0.0000 0.84166
  1.000E+02 1.764E+02 1.484E+00 7.146E-05 0.000E+00 0.000E+00 7.146E-05 1.484E+00 4.803E+01  0.0070 0.85794
  1.200E+02 1.994E+02 1.431E+00 8.387E-05 0.000E+00 0.000E+00 8.387E-05 1.431E+00 6.175E+01  0.0283 0.88361
  1.400E+02 2.218E+02 1.398E+00 9.677E-05 0.000E+00 0.000E+00 9.677E-05 1.398E+00 7.589E+01  0.0538 0.90278
  1.700E+02 2.546E+02 1.369E+00 1.171E-04 1.547E-14 0.000E+00 1.171E-04 1.369E+00 9.758E+01  0.0963 0.92363
  2.000E+02 2.868E+02 1.354E+00 1.385E-04 3.462E-12 0.000E+00 1.385E-04 1.354E+00 1.196E+02  0.1414 0.93835
  2.500E+02 3.396E+02 1.346E+00 1.764E-04 2.831E-08 0.000E+00 1.765E-04 1.346E+00 1.566E+02  0.2184 0.95485
  3.000E+02 3.917E+02 1.349E+00 2.171E-04 2.554E-07 0.000E+00 2.173E-04 1.349E+00 1.937E+02  0.2950 0.96548
  3.500E+02 4.432E+02 1.356E+00 2.601E-04 7.057E-07 0.000E+00 2.608E-04 1.356E+00 2.307E+02  0.3699 0.97274
  4.000E+02 4.945E+02 1.365E+00 3.054E-04 1.370E-06 0.000E+00 3.068E-04 1.365E+00 2.675E+02  0.4425 0.97793
  4.500E+02 5.455E+02 1.375E+00 3.527E-04 2.884E-05 0.000E+00 3.816E-04 1.376E+00 3.039E+02  0.5127 0.98176
  5.000E+02 5.964E+02 1.386E+00 4.020E-04 4.443E-05 0.000E+00 4.464E-04 1.386E+00 3.402E+02  0.5803 0.98467
  5.500E+02 6.471E+02 1.396E+00 4.531E-04 6.204E-05 0.000E+00 5.151E-04 1.397E+00 3.761E+02  0.6456 0.98693
  6.000E+02 6.977E+02 1.407E+00 5.058E-04 8.218E-05 0.000E+00 5.880E-04 1.407E+00 4.117E+02  0.7085 0.98873
  7.000E+02 7.987E+02 1.427E+00 6.159E-04 1.300E-04 0.000E+00 7.459E-04 1.427E+00 4.823E+02  0.8280 0.99136
  8.000E+02 8.995E+02 1.445E+00 7.317E-04 1.873E-04 0.000E+00 9.190E-04 1.446E+00 5.519E+02  0.9397 0.99317
  9.000E+02 1.000E+03 1.462E+00 8.527E-04 2.534E-04 0.000E+00 1.106E-03 1.463E+00 6.207E+02  1.0445 0.99447
  1.000E+03 1.101E+03 1.477E+00 9.783E-04 3.279E-04 0.000E+00 1.306E-03 1.479E+00 6.887E+02  1.1434 0.99542
  1.200E+03 1.301E+03 1.505E+00 1.242E-03 5.001E-04 2.249E-05 1.765E-03 1.507E+00 8.227E+02  1.3254 0.99672
  1.400E+03 1.502E+03 1.529E+00 1.521E-03 7.003E-04 6.116E-05 2.283E-03 1.531E+00 9.543E+02  1.4900 0.99753
  1.700E+03 1.803E+03 1.559E+00 1.964E-03 1.048E-03 1.300E-04 3.142E-03 1.562E+00 1.148E+03  1.7110 0.99829
  2.000E+03 2.103E+03 1.585E+00 2.432E-03 1.444E-03 2.104E-04 4.087E-03 1.589E+00 1.339E+03  1.9074 0.99874
  2.500E+03 2.604E+03 1.619E+00 3.260E-03 2.201E-03 3.646E-04 5.826E-03 1.625E+00 1.650E+03  2.1933 0.99918
  3.000E+03 3.104E+03 1.647E+00 4.137E-03 3.061E-03 5.250E-04 7.723E-03 1.655E+00 1.955E+03  2.4403 0.99942
  3.500E+03 3.604E+03 1.670E+00 5.057E-03 4.008E-03 6.938E-04 9.759E-03 1.680E+00 2.255E+03  2.6581 0.99957
  4.000E+03 4.104E+03 1.690E+00 6.014E-03 5.042E-03 8.732E-04 1.193E-02 1.702E+00 2.551E+03  2.8530 0.99967
  4.500E+03 4.604E+03 1.707E+00 7.004E-03 6.151E-03 1.059E-03 1.421E-02 1.721E+00 2.843E+03  3.0297 0.99974
  5.000E+03 5.105E+03 1.722E+00 8.022E-03 7.322E-03 1.237E-03 1.658E-02 1.739E+00 3.132E+03  3.1914 0.99979
  5.500E+03 5.605E+03 1.736E+00 9.066E-03 8.550E-03 1.429E-03 1.905E-02 1.755E+00 3.418E+03  3.3405 0.99982
  6.000E+03 6.105E+03 1.748E+00 1.013E-02 9.829E-03 1.607E-03 2.157E-02 1.769E+00 3.702E+03  3.4788 0.99985
  7.000E+03 7.105E+03 1.769E+00 1.234E-02 1.253E-02 1.983E-03 2.685E-02 1.796E+00 4.263E+03  3.7291 0.99989
  8.000E+03 8.105E+03 1.787E+00 1.461E-02 1.539E-02 2.355E-03 3.236E-02 1.819E+00 4.816E+03  3.9509 0.99992
  9.000E+03 9.105E+03 1.802E+00 1.696E-02 1.839E-02 2.705E-03 3.806E-02 1.840E+00 5.363E+03  4.1502 0.99993
  1.000E+04 1.011E+04 1.816E+00 1.936E-02 2.153E-02 3.065E-03 4.395E-02 1.860E+00 5.903E+03  4.3313 0.99995
  1.200E+04 1.211E+04 1.838E+00 2.432E-02 2.812E-02 3.792E-03 5.623E-02 1.895E+00 6.969E+03  4.6506 0.99996
  1.400E+04 1.411E+04 1.857E+00 2.945E-02 3.509E-02 4.520E-03 6.906E-02 1.926E+00 8.016E+03  4.9261 0.99997
  1.700E+04 1.711E+04 1.880E+00 3.743E-02 4.612E-02 5.594E-03 8.915E-02 1.969E+00 9.557E+03  5.2794 0.99998
  2.000E+04 2.011E+04 1.898E+00 4.568E-02 5.773E-02 6.646E-03 1.101E-01 2.008E+00 1.107E+04  5.5804 0.99999
  2.500E+04 2.511E+04 1.923E+00 5.994E-02 7.809E-02 8.368E-03 1.464E-01 2.069E+00 1.352E+04  6.0003 0.99999
  3.000E+04 3.011E+04 1.942E+00 7.471E-02 9.948E-02 1.006E-02 1.842E-01 2.126E+00 1.590E+04  6.3485 0.99999
  3.500E+04 3.511E+04 1.958E+00 8.989E-02 1.217E-01 1.176E-02 2.233E-01 2.181E+00 1.823E+04  6.6461 1.00000
  4.000E+04 4.011E+04 1.971E+00 1.054E-01 1.445E-01 1.344E-02 2.634E-01 2.234E+00 2.049E+04  6.9059 1.00000
  4.500E+04 4.511E+04 1.982E+00 1.213E-01 1.680E-01 1.509E-02 3.043E-01 2.287E+00 2.270E+04  7.1365 1.00000
  5.000E+04 5.011E+04 1.993E+00 1.374E-01 1.919E-01 1.675E-02 3.460E-01 2.339E+00 2.486E+04  7.3437 1.00000
  5.500E+04 5.511E+04 2.002E+00 1.537E-01 2.162E-01 1.841E-02 3.883E-01 2.390E+00 2.698E+04  7.5318 1.00000
  6.000E+04 6.011E+04 2.010E+00 1.702E-01 2.409E-01 2.006E-02 4.312E-01 2.441E+00 2.905E+04  7.7040 1.00000
  7.000E+04 7.011E+04 2.024E+00 2.039E-01 2.912E-01 2.332E-02 5.184E-01 2.543E+00 3.306E+04  8.0101 1.00000
  8.000E+04 8.011E+04 2.036E+00 2.382E-01 3.426E-01 2.659E-02 6.073E-01 2.644E+00 3.692E+04  8.2761 1.00000
  9.000E+04 9.011E+04 2.047E+00 2.730E-01 3.949E-01 2.986E-02 6.977E-01 2.745E+00 4.064E+04  8.5111 1.00000
  1.000E+05 1.001E+05 2.057E+00 3.083E-01 4.479E-01 3.306E-02 7.892E-01 2.846E+00 4.421E+04  8.7215 1.00000
  1.200E+05 1.201E+05 2.073E+00 3.801E-01 5.557E-01 3.958E-02 9.753E-01 3.048E+00 5.101E+04  9.0858 1.00000
  1.400E+05 1.401E+05 2.087E+00 4.532E-01 6.655E-01 4.609E-02 1.165E+00 3.251E+00 5.736E+04  9.3939 1.00000
  1.700E+05 1.701E+05 2.104E+00 5.648E-01 8.330E-01 5.586E-02 1.454E+00 3.558E+00 6.619E+04  9.7819 1.00000
  2.000E+05 2.001E+05 2.118E+00 6.784E-01 1.003E+00 6.568E-02 1.747E+00 3.865E+00 7.429E+04 10.1068 1.00000
  2.500E+05 2.501E+05 2.138E+00 8.711E-01 1.291E+00 8.208E-02 2.244E+00 4.382E+00 8.646E+04 10.5529 1.00000
  3.000E+05 3.001E+05 2.154E+00 1.067E+00 1.583E+00 9.859E-02 2.749E+00 4.902E+00 9.727E+04 10.9174 1.00000
  3.500E+05 3.501E+05 2.167E+00 1.266E+00 1.878E+00 1.153E-01 3.258E+00 5.426E+00 1.070E+05 11.2256 1.00000
  4.000E+05 4.001E+05 2.179E+00 1.466E+00 2.175E+00 1.321E-01 3.773E+00 5.952E+00 1.158E+05 11.4925 1.00000
  4.500E+05 4.501E+05 2.189E+00 1.668E+00 2.473E+00 1.489E-01 4.291E+00 6.480E+00 1.238E+05 11.7281 1.00000
  5.000E+05 5.001E+05 2.199E+00 1.872E+00 2.774E+00 1.659E-01 4.812E+00 7.011E+00 1.313E+05 11.9387 1.00000
  5.500E+05 5.501E+05 2.207E+00 2.077E+00 3.076E+00 1.828E-01 5.336E+00 7.543E+00 1.381E+05 12.1293 1.00000
  6.000E+05 6.001E+05 2.215E+00 2.283E+00 3.378E+00 1.998E-01 5.861E+00 8.076E+00 1.446E+05 12.3033 1.00000
  7.000E+05 7.001E+05 2.228E+00 2.699E+00 3.986E+00 2.340E-01 6.919E+00 9.147E+00 1.562E+05 12.6116 1.00000
  8.000E+05 8.001E+05 2.240E+00 3.117E+00 4.597E+00 2.685E-01 7.983E+00 1.022E+01 1.666E+05 12.8786 1.00000
  9.000E+05 9.001E+05 2.251E+00 3.537E+00 5.211E+00 3.035E-01 9.052E+00 1.130E+01 1.759E+05 13.1141 1.00000
  1.000E+06 1.000E+06 2.260E+00 3.960E+00 5.826E+00 3.387E-01 1.013E+01 1.239E+01 1.843E+05 13.3248 1.00000
  1.200E+06 1.200E+06 2.277E+00 4.811E+00 7.061E+00 4.099E-01 1.228E+01 1.456E+01 1.993E+05 13.6894 1.00000
  1.400E+06 1.400E+06 2.291E+00 5.668E+00 8.301E+00 4.822E-01 1.445E+01 1.674E+01 2.121E+05 13.9977 1.00000
  1.700E+06 1.700E+06 2.308E+00 6.961E+00 1.017E+01 5.923E-01 1.772E+01 2.003E+01 2.286E+05 14.3860 1.00000
  2.000E+06 2.000E+06 2.323E+00 8.261E+00 1.204E+01 7.041E-01 2.100E+01 2.333E+01 2.425E+05 14.7110 1.00000
  2.500E+06 2.500E+06 2.344E+00 1.044E+01 1.517E+01 8.939E-01 2.650E+01 2.884E+01 2.619E+05 15.1573 1.00000
  3.000E+06 3.000E+06 2.361E+00 1.263E+01 1.830E+01 1.087E+00 3.202E+01 3.438E+01 2.778E+05 15.5219 1.00000
  3.500E+06 3.500E+06 2.375E+00 1.483E+01 2.144E+01 1.284E+00 3.755E+01 3.993E+01 2.914E+05 15.8302 1.00000
  4.000E+06 4.000E+06 2.388E+00 1.703E+01 2.459E+01 1.483E+00 4.310E+01 4.549E+01 3.031E+05 16.0972 1.00000
  4.500E+06 4.500E+06 2.399E+00 1.924E+01 2.774E+01 1.685E+00 4.866E+01 5.106E+01 3.135E+05 16.3328 1.00000
  5.000E+06 5.000E+06 2.409E+00 2.146E+01 3.089E+01 1.889E+00 5.423E+01 5.664E+01 3.228E+05 16.5435 1.00000
  5.500E+06 5.500E+06 2.418E+00 2.367E+01 3.404E+01 2.095E+00 5.981E+01 6.223E+01 3.312E+05 16.7341 1.00000
  6.000E+06 6.000E+06 2.427E+00 2.589E+01 3.720E+01 2.303E+00 6.539E+01 6.782E+01 3.389E+05 16.9082 1.00000
  7.000E+06 7.000E+06 2.441E+00 3.034E+01 4.351E+01 2.725E+00 7.658E+01 7.902E+01 3.526E+05 17.2164 1.00000
  8.000E+06 8.000E+06 2.454E+00 3.479E+01 4.984E+01 3.152E+00 8.778E+01 9.024E+01 3.645E+05 17.4835 1.00000
  9.000E+06 9.000E+06 2.466E+00 3.926E+01 5.616E+01 3.586E+00 9.900E+01 1.015E+02 3.750E+05 17.7191 1.00000
  1.000E+07 1.000E+07 2.476E+00 4.372E+01 6.249E+01 4.024E+00 1.102E+02 1.127E+02 3.843E+05 17.9298 1.00000
  1.200E+07 1.200E+07 2.494E+00 5.266E+01 7.515E+01 4.914E+00 1.327E+02 1.352E+02 4.006E+05 18.2944 1.00000
  1.400E+07 1.400E+07 2.510E+00 6.162E+01 8.782E+01 5.820E+00 1.553E+02 1.578E+02 4.143E+05 18.6027 1.00000
  1.700E+07 1.700E+07 2.529E+00 7.507E+01 1.068E+02 7.204E+00 1.891E+02 1.916E+02 4.317E+05 18.9910 1.00000
  2.000E+07 2.000E+07 2.546E+00 8.853E+01 1.259E+02 8.616E+00 2.230E+02 2.255E+02 4.462E+05 19.3161 1.00000
  2.500E+07 2.500E+07 2.568E+00 1.110E+02 1.576E+02 1.102E+01 2.796E+02 2.821E+02 4.661E+05 19.7624 1.00000
  3.000E+07 3.000E+07 2.587E+00 1.335E+02 1.893E+02 1.347E+01 3.362E+02 3.388E+02 4.823E+05 20.1270 1.00000
  3.500E+07 3.500E+07 2.603E+00 1.560E+02 2.210E+02 1.597E+01 3.930E+02 3.956E+02 4.960E+05 20.4353 1.00000
  4.000E+07 4.000E+07 2.617E+00 1.785E+02 2.528E+02 1.851E+01 4.497E+02 4.524E+02 5.079E+05 20.7024 1.00000
  4.500E+07 4.500E+07 2.630E+00 2.010E+02 2.845E+02 2.109E+01 5.066E+02 5.092E+02 5.183E+05 20.9379 1.00000
  5.000E+07 5.000E+07 2.641E+00 2.235E+02 3.162E+02 2.370E+01 5.634E+02 5.661E+02 5.277E+05 21.1486 1.00000
  5.500E+07 5.500E+07 2.651E+00 2.460E+02 3.480E+02 2.633E+01 6.203E+02 6.230E+02 5.361E+05 21.3393 1.00000
  6.000E+07 6.000E+07 2.660E+00 2.685E+02 3.797E+02 2.900E+01 6.773E+02 6.799E+02 5.438E+05 21.5133 1.00000
  7.000E+07 7.000E+07 2.677E+00 3.136E+02 4.432E+02 3.440E+01 7.912E+02 7.939E+02 5.574E+05 21.8216 1.00000
  8.000E+07 8.000E+07 2.691E+00 3.587E+02 5.067E+02 3.989E+01 9.053E+02 9.080E+02 5.692E+05 22.0887 1.00000
  9.000E+07 9.000E+07 2.704E+00 4.038E+02 5.702E+02 4.545E+01 1.019E+03 1.022E+03 5.796E+05 22.3242 1.00000
  1.000E+08 1.000E+08 2.715E+00 4.488E+02 6.338E+02 5.109E+01 1.134E+03 1.136E+03 5.889E+05 22.5349 1.00000
  1.200E+08 1.200E+08 2.736E+00 5.390E+02 7.608E+02 6.255E+01 1.362E+03 1.365E+03 6.050E+05 22.8996 1.00000
  1.400E+08 1.400E+08 2.753E+00 6.292E+02 8.878E+02 7.423E+01 1.591E+03 1.594E+03 6.186E+05 23.2079 1.00000
  1.700E+08 1.700E+08 2.774E+00 7.646E+02 1.078E+03 9.210E+01 1.935E+03 1.938E+03 6.358E+05 23.5962 1.00000
  2.000E+08 2.000E+08 2.793E+00 8.999E+02 1.269E+03 1.103E+02 2.279E+03 2.282E+03 6.501E+05 23.9212 1.00000
  2.500E+08 2.500E+08 2.818E+00 1.126E+03 1.587E+03 1.414E+02 2.853E+03 2.856E+03 6.698E+05 24.3675 1.00000
  3.000E+08 3.000E+08 2.839E+00 1.351E+03 1.904E+03 1.732E+02 3.429E+03 3.431E+03 6.859E+05 24.7322 1.00000
  3.500E+08 3.500E+08 2.857E+00 1.577E+03 2.222E+03 2.057E+02 4.004E+03 4.007E+03 6.994E+05 25.0405 1.00000
  4.000E+08 4.000E+08 2.873E+00 1.802E+03 2.539E+03 2.387E+02 4.580E+03 4.583E+03 7.111E+05 25.3075 1.00000
  4.500E+08 4.500E+08 2.886E+00 2.028E+03 2.857E+03 2.721E+02 5.157E+03 5.160E+03 7.214E+05 25.5431 1.00000
  5.000E+08 5.000E+08 2.899E+00 2.254E+03 3.175E+03 3.060E+02 5.734E+03 5.737E+03 7.306E+05 25.7538 1.00000
  5.500E+08 5.500E+08 2.910E+00 2.479E+03 3.492E+03 3.403E+02 6.312E+03 6.315E+03 7.389E+05 25.9444 1.00000
  6.000E+08 6.000E+08 2.920E+00 2.705E+03 3.810E+03 3.750E+02 6.890E+03 6.893E+03 7.465E+05 26.1185 1.00000
  7.000E+08 7.000E+08 2.939E+00 3.156E+03 4.445E+03 4.453E+02 8.047E+03 8.050E+03 7.599E+05 26.4268 1.00000
  8.000E+08 8.000E+08 2.955E+00 3.608E+03 5.080E+03 5.169E+02 9.205E+03 9.208E+03 7.716E+05 26.6938 1.00000
  9.000E+08 9.000E+08 2.969E+00 4.059E+03 5.715E+03 5.895E+02 1.036E+04 1.037E+04 7.818E+05 26.9294 1.00000
  1.000E+09 1.000E+09 2.982E+00 4.510E+03 6.350E+03 6.631E+02 1.152E+04 1.153E+04 7.910E+05 27.1401 1.00000
