 Incident particle is a Muon with M = 105.65839 MeV
 Index = 0: LeadTungstate
      Absorber with <Z/A> = 0.41306
 Density effect computed following Fano (1963)
 Models for Radloss: brems =  SSR, pair =  SSR, photonuc = DRSS

 *** Table generated with PUMAS v1.1 ***

      T         p     Ionization  brems     pair     photonuc  Radloss    dE/dx   CSDA Range  delta   beta
    [MeV]    [MeV/c]  -----------------------[MeV cm^2/g]------------------------  [g/cm^2]
  1.000E+00 1.457E+01 2.347E+01 0.000E+00 0.000E+00 0.000E+00 0.000E+00 2.347E+01 2.130E-02  0.0000 0.13661
  1.200E+00 1.597E+01 2.063E+01 0.000E+00 0.000E+00 0.000E+00 0.000E+00 2.063E+01 3.042E-02  0.0000 0.14944
  1.400E+00 1.726E+01 1.847E+01 0.000E+00 0.000E+00 0.000E+00 0.000E+00 1.847E+01 4.068E-02  0.0000 0.16119
  1.700E+00 1.903E+01 1.605E+01 0.000E+00 0.000E+00 0.000E+00 0.000E+00 1.605E+01 5.815E-02  0.0000 0.17725
  2.000E+00 2.066E+01 1.424E+01 0.000E+00 0.000E+00 0.000E+00 0.000E+00 1.424E+01 7.804E-02  0.0000 0.19186
  2.500E+00 2.312E+01 1.207E+01 0.000E+00 0.000E+00 0.000E+00 0.000E+00 1.207E+01 1.163E-01  0.0000 0.21376
  3.000E+00 2.536E+01 1.054E+01 0.000E+00 0.000E+00 0.000E+00 0.000E+00 1.054E+01 1.608E-01  0.0000 0.23336
  3.500E+00 2.742E+01 9.394E+00 0.000E+00 0.000E+00 0.000E+00 0.000E+00 9.394E+00 2.111E-01  0.0000 0.25120
  4.000E+00 2.935E+01 8.502E+00 0.000E+00 0.000E+00 0.000E+00 0.000E+00 8.502E+00 2.672E-01  0.0000 0.26763
  4.500E+00 3.116E+01 7.785E+00 0.000E+00 0.000E+00 0.000E+00 0.000E+00 7.785E+00 3.287E-01  0.0000 0.28290
  5.000E+00 3.289E+01 7.197E+00 0.000E+00 0.000E+00 0.000E+00 0.000E+00 7.197E+00 3.955E-01  0.0000 0.29720
  5.500E+00 3.453E+01 6.704E+00 0.000E+00 0.000E+00 0.000E+00 0.000E+00 6.704E+00 4.676E-01  0.0000 0.31066
  6.000E+00 3.611E+01 6.285E+00 0.000E+00 0.000E+00 0.000E+00 0.000E+00 6.285E+00 5.447E-01  0.0000 0.32339
  7.000E+00 3.909E+01 5.610E+00 0.000E+00 0.000E+00 0.000E+00 0.000E+00 5.610E+00 7.134E-01  0.0000 0.34700
  8.000E+00 4.189E+01 5.088E+00 0.000E+00 0.000E+00 0.000E+00 0.000E+00 5.088E+00 9.009E-01  0.0000 0.36854
  9.000E+00 4.453E+01 4.672E+00 0.000E+00 0.000E+00 0.000E+00 0.000E+00 4.672E+00 1.106E+00  0.0000 0.38836
  1.000E+01 4.704E+01 4.332E+00 0.000E+00 0.000E+00 0.000E+00 0.000E+00 4.332E+00 1.329E+00  0.0000 0.40675
  1.200E+01 5.177E+01 3.809E+00 0.000E+00 0.000E+00 0.000E+00 0.000E+00 3.809E+00 1.823E+00  0.0000 0.43998
  1.400E+01 5.616E+01 3.425E+00 0.000E+00 0.000E+00 0.000E+00 0.000E+00 3.425E+00 2.377E+00  0.0000 0.46937
  1.700E+01 6.230E+01 3.009E+00 0.000E+00 0.000E+00 0.000E+00 0.000E+00 3.009E+00 3.315E+00  0.0003 0.50792
  2.000E+01 6.802E+01 2.710E+00 0.000E+00 0.000E+00 0.000E+00 0.000E+00 2.710E+00 4.368E+00  0.0009 0.54129
  2.500E+01 7.686E+01 2.364E+00 0.000E+00 0.000E+00 0.000E+00 0.000E+00 2.364E+00 6.351E+00  0.0024 0.58827
  3.000E+01 8.509E+01 2.130E+00 0.000E+00 0.000E+00 0.000E+00 0.000E+00 2.130E+00 8.585E+00  0.0045 0.62720
  3.500E+01 9.285E+01 1.961E+00 0.000E+00 0.000E+00 0.000E+00 0.000E+00 1.961E+00 1.104E+01  0.0071 0.66011
  4.000E+01 1.003E+02 1.834E+00 0.000E+00 0.000E+00 0.000E+00 0.000E+00 1.834E+00 1.368E+01  0.0103 0.68834
  4.500E+01 1.074E+02 1.735E+00 0.000E+00 0.000E+00 0.000E+00 0.000E+00 1.735E+00 1.648E+01  0.0138 0.71286
  5.000E+01 1.143E+02 1.656E+00 0.000E+00 0.000E+00 0.000E+00 0.000E+00 1.656E+00 1.943E+01  0.0177 0.73434
  5.500E+01 1.210E+02 1.593E+00 0.000E+00 0.000E+00 0.000E+00 0.000E+00 1.593E+00 2.251E+01  0.0220 0.75332
  6.000E+01 1.276E+02 1.540E+00 0.000E+00 0.000E+00 0.000E+00 0.000E+00 1.540E+00 2.571E+01  0.0265 0.77019
  7.000E+01 1.403E+02 1.460E+00 0.000E+00 0.000E+00 0.000E+00 0.000E+00 1.460E+00 3.239E+01  0.0365 0.79887
  8.000E+01 1.527E+02 1.401E+00 0.000E+00 0.000E+00 0.000E+00 0.000E+00 1.401E+00 3.939E+01  0.0473 0.82227
  9.000E+01 1.647E+02 1.358E+00 0.000E+00 0.000E+00 0.000E+00 0.000E+00 1.358E+00 4.664E+01  0.0590 0.84166
  1.000E+02 1.764E+02 1.324E+00 0.000E+00 0.000E+00 0.000E+00 0.000E+00 1.324E+00 5.410E+01  0.0713 0.85794
  1.200E+02 1.994E+02 1.279E+00 0.000E+00 0.000E+00 0.000E+00 0.000E+00 1.279E+00 6.949E+01  0.0974 0.88361
  1.400E+02 2.218E+02 1.251E+00 0.000E+00 0.000E+00 0.000E+00 0.000E+00 1.251E+00 8.532E+01  0.1251 0.90278
  1.700E+02 2.546E+02 1.227E+00 1.369E-06 1.248E-10 0.000E+00 1.369E-06 1.227E+00 1.096E+02  0.1684 0.92363
  2.000E+02 2.868E+02 1.216E+00 2.874E-06 1.299E-09 0.000E+00 2.875E-06 1.216E+00 1.341E+02  0.2127 0.93835
  2.500E+02 3.396E+02 1.212E+00 4.568E-06 1.939E-08 0.000E+00 4.587E-06 1.212E+00 1.754E+02  0.2868 0.95485
  3.000E+02 3.917E+02 1.216E+00 6.012E-06 1.244E-07 0.000E+00 6.137E-06 1.216E+00 2.166E+02  0.3591 0.96548
  3.500E+02 4.432E+02 1.224E+00 7.425E-06 3.236E-07 0.000E+00 7.748E-06 1.224E+00 2.576E+02  0.4289 0.97274
  4.000E+02 4.945E+02 1.235E+00 8.871E-06 6.150E-07 0.000E+00 9.486E-06 1.235E+00 2.982E+02  0.4956 0.97793
  4.500E+02 5.455E+02 1.245E+00 2.955E-05 5.065E-06 0.000E+00 3.461E-05 1.246E+00 3.386E+02  0.5594 0.98176
  5.000E+02 5.964E+02 1.257E+00 1.960E-04 6.135E-05 0.000E+00 2.574E-04 1.257E+00 3.785E+02  0.6203 0.98467
  5.500E+02 6.471E+02 1.268E+00 3.238E-04 9.103E-05 1.465E-05 4.295E-04 1.268E+00 4.181E+02  0.6786 0.98693
  6.000E+02 6.977E+02 1.278E+00 4.296E-04 1.216E-04 4.900E-05 6.002E-04 1.279E+00 4.574E+02  0.7344 0.98873
  7.000E+02 7.987E+02 1.299E+00 6.160E-04 1.932E-04 1.172E-04 9.263E-04 1.300E+00 5.349E+02  0.8395 0.99136
  8.000E+02 8.995E+02 1.318E+00 7.912E-04 2.790E-04 1.812E-04 1.251E-03 1.319E+00 6.113E+02  0.9368 0.99317
  9.000E+02 1.000E+03 1.335E+00 9.651E-04 3.784E-04 2.423E-04 1.586E-03 1.337E+00 6.866E+02  1.0276 0.99447
  1.000E+03 1.101E+03 1.351E+00 1.141E-03 4.905E-04 3.012E-04 1.933E-03 1.353E+00 7.610E+02  1.1128 0.99542
  1.200E+03 1.301E+03 1.379E+00 1.507E-03 7.503E-04 4.148E-04 2.672E-03 1.382E+00 9.072E+02  1.2690 0.99672
  1.400E+03 1.502E+03 1.404E+00 1.893E-03 1.053E-03 5.242E-04 3.470E-03 1.407E+00 1.051E+03  1.4098 0.99753
  1.700E+03 1.803E+03 1.435E+00 2.507E-03 1.579E-03 6.829E-04 4.769E-03 1.440E+00 1.261E+03  1.5987 0.99829
  2.000E+03 2.103E+03 1.462E+00 3.161E-03 2.182E-03 8.367E-04 6.179E-03 1.468E+00 1.468E+03  1.7668 0.99874
  2.500E+03 2.604E+03 1.498E+00 4.329E-03 3.331E-03 1.084E-03 8.745E-03 1.506E+00 1.804E+03  2.0121 0.99918
  3.000E+03 3.104E+03 1.527E+00 5.580E-03 4.637E-03 1.324E-03 1.154E-02 1.538E+00 2.132E+03  2.2248 0.99942
  3.500E+03 3.604E+03 1.551E+00 6.901E-03 6.077E-03 1.556E-03 1.453E-02 1.565E+00 2.454E+03  2.4130 0.99957
  4.000E+03 4.104E+03 1.572E+00 8.283E-03 7.644E-03 1.783E-03 1.771E-02 1.589E+00 2.771E+03  2.5819 0.99967
  4.500E+03 4.604E+03 1.590E+00 9.718E-03 9.320E-03 2.005E-03 2.104E-02 1.611E+00 3.084E+03  2.7353 0.99974
  5.000E+03 5.105E+03 1.605E+00 1.120E-02 1.109E-02 2.223E-03 2.451E-02 1.630E+00 3.392E+03  2.8759 0.99979
  5.500E+03 5.605E+03 1.620E+00 1.273E-02 1.294E-02 2.437E-03 2.811E-02 1.648E+00 3.697E+03  3.0057 0.99982
  6.000E+03 6.105E+03 1.632E+00 1.429E-02 1.488E-02 2.648E-03 3.182E-02 1.664E+00 3.999E+03  3.1265 0.99985
  7.000E+03 7.105E+03 1.655E+00 1.753E-02 1.895E-02 3.062E-03 3.954E-02 1.694E+00 4.595E+03  3.3455 0.99989
  8.000E+03 8.105E+03 1.674E+00 2.089E-02 2.326E-02 3.465E-03 4.762E-02 1.721E+00 5.180E+03  3.5405 0.99992
  9.000E+03 9.105E+03 1.690E+00 2.435E-02 2.779E-02 3.861E-03 5.601E-02 1.746E+00 5.757E+03  3.7165 0.99993
  1.000E+04 1.011E+04 1.704E+00 2.791E-02 3.251E-02 4.250E-03 6.467E-02 1.769E+00 6.326E+03  3.8771 0.99995
  1.200E+04 1.211E+04 1.728E+00 3.528E-02 4.243E-02 5.010E-03 8.272E-02 1.811E+00 7.443E+03  4.1620 0.99996
  1.400E+04 1.411E+04 1.748E+00 4.293E-02 5.291E-02 5.751E-03 1.016E-01 1.850E+00 8.536E+03  4.4094 0.99997
  1.700E+04 1.711E+04 1.772E+00 5.483E-02 6.948E-02 6.836E-03 1.311E-01 1.903E+00 1.013E+04  4.7292 0.99998
  2.000E+04 2.011E+04 1.792E+00 6.718E-02 8.688E-02 7.895E-03 1.620E-01 1.954E+00 1.169E+04  5.0033 0.99999
  2.500E+04 2.511E+04 1.817E+00 8.853E-02 1.174E-01 9.619E-03 2.155E-01 2.033E+00 1.420E+04  5.3879 0.99999
  3.000E+04 3.011E+04 1.838E+00 1.107E-01 1.493E-01 1.131E-02 2.713E-01 2.109E+00 1.661E+04  5.7087 0.99999
  3.500E+04 3.511E+04 1.854E+00 1.335E-01 1.824E-01 1.296E-02 3.289E-01 2.183E+00 1.894E+04  5.9840 1.00000
  4.000E+04 4.011E+04 1.868E+00 1.568E-01 2.165E-01 1.460E-02 3.880E-01 2.256E+00 2.120E+04  6.2252 1.00000
  4.500E+04 4.511E+04 1.880E+00 1.806E-01 2.514E-01 1.622E-02 4.483E-01 2.329E+00 2.338E+04  6.4401 1.00000
  5.000E+04 5.011E+04 1.891E+00 2.048E-01 2.870E-01 1.783E-02 5.096E-01 2.401E+00 2.549E+04  6.6339 1.00000
  5.500E+04 5.511E+04 1.900E+00 2.294E-01 3.231E-01 1.943E-02 5.720E-01 2.472E+00 2.754E+04  6.8104 1.00000
  6.000E+04 6.011E+04 1.909E+00 2.543E-01 3.598E-01 2.102E-02 6.351E-01 2.544E+00 2.954E+04  6.9725 1.00000
  7.000E+04 7.011E+04 1.924E+00 3.050E-01 4.345E-01 2.418E-02 7.636E-01 2.688E+00 3.336E+04  7.2618 1.00000
  8.000E+04 8.011E+04 1.937E+00 3.566E-01 5.107E-01 2.732E-02 8.946E-01 2.831E+00 3.699E+04  7.5145 1.00000
  9.000E+04 9.011E+04 1.948E+00 4.090E-01 5.881E-01 3.046E-02 1.028E+00 2.975E+00 4.043E+04  7.7387 1.00000
  1.000E+05 1.001E+05 1.957E+00 4.622E-01 6.665E-01 3.358E-02 1.162E+00 3.119E+00 4.371E+04  7.9403 1.00000
  1.200E+05 1.201E+05 1.974E+00 5.703E-01 8.259E-01 3.981E-02 1.436E+00 3.410E+00 4.985E+04  8.2910 1.00000
  1.400E+05 1.401E+05 1.988E+00 6.804E-01 9.880E-01 4.604E-02 1.714E+00 3.702E+00 5.547E+04  8.5893 1.00000
  1.700E+05 1.701E+05 2.005E+00 8.487E-01 1.235E+00 5.538E-02 2.139E+00 4.144E+00 6.313E+04  8.9668 1.00000
  2.000E+05 2.001E+05 2.019E+00 1.020E+00 1.486E+00 6.476E-02 2.570E+00 4.589E+00 7.001E+04  9.2841 1.00000
  2.500E+05 2.501E+05 2.038E+00 1.310E+00 1.909E+00 8.045E-02 3.300E+00 5.338E+00 8.010E+04  9.7216 1.00000
  3.000E+05 3.001E+05 2.054E+00 1.605E+00 2.338E+00 9.625E-02 4.039E+00 6.094E+00 8.886E+04 10.0803 1.00000
  3.500E+05 3.501E+05 2.068E+00 1.904E+00 2.771E+00 1.122E-01 4.787E+00 6.855E+00 9.660E+04 10.3845 1.00000
  4.000E+05 4.001E+05 2.079E+00 2.206E+00 3.207E+00 1.282E-01 5.541E+00 7.620E+00 1.035E+05 10.6486 1.00000
  4.500E+05 4.501E+05 2.089E+00 2.511E+00 3.646E+00 1.443E-01 6.301E+00 8.390E+00 1.098E+05 10.8820 1.00000
  5.000E+05 5.001E+05 2.098E+00 2.817E+00 4.086E+00 1.605E-01 7.064E+00 9.162E+00 1.155E+05 11.0910 1.00000
  5.500E+05 5.501E+05 2.106E+00 3.126E+00 4.529E+00 1.769E-01 7.832E+00 9.938E+00 1.207E+05 11.2803 1.00000
  6.000E+05 6.001E+05 2.114E+00 3.436E+00 4.973E+00 1.933E-01 8.602E+00 1.072E+01 1.255E+05 11.4532 1.00000
  7.000E+05 7.001E+05 2.127E+00 4.060E+00 5.864E+00 2.265E-01 1.015E+01 1.228E+01 1.343E+05 11.7600 1.00000
  8.000E+05 8.001E+05 2.139E+00 4.689E+00 6.759E+00 2.600E-01 1.171E+01 1.385E+01 1.419E+05 12.0260 1.00000
  9.000E+05 9.001E+05 2.149E+00 5.322E+00 7.658E+00 2.938E-01 1.327E+01 1.542E+01 1.488E+05 12.2608 1.00000
  1.000E+06 1.000E+06 2.158E+00 5.958E+00 8.559E+00 3.279E-01 1.484E+01 1.700E+01 1.549E+05 12.4710 1.00000
  1.200E+06 1.200E+06 2.174E+00 7.237E+00 1.037E+01 3.969E-01 1.800E+01 2.018E+01 1.657E+05 12.8349 1.00000
  1.400E+06 1.400E+06 2.187E+00 8.524E+00 1.218E+01 4.670E-01 2.117E+01 2.336E+01 1.749E+05 13.1427 1.00000
  1.700E+06 1.700E+06 2.204E+00 1.047E+01 1.491E+01 5.737E-01 2.595E+01 2.816E+01 1.866E+05 13.5306 1.00000
  2.000E+06 2.000E+06 2.219E+00 1.242E+01 1.765E+01 6.821E-01 3.075E+01 3.297E+01 1.964E+05 13.8554 1.00000
  2.500E+06 2.500E+06 2.239E+00 1.569E+01 2.223E+01 8.661E-01 3.879E+01 4.102E+01 2.100E+05 14.3014 1.00000
  3.000E+06 3.000E+06 2.255E+00 1.898E+01 2.682E+01 1.054E+00 4.685E+01 4.910E+01 2.211E+05 14.6659 1.00000
  3.500E+06 3.500E+06 2.269E+00 2.227E+01 3.142E+01 1.245E+00 5.493E+01 5.720E+01 2.306E+05 14.9742 1.00000
  4.000E+06 4.000E+06 2.281E+00 2.558E+01 3.602E+01 1.438E+00 6.304E+01 6.532E+01 2.387E+05 15.2412 1.00000
  4.500E+06 4.500E+06 2.292E+00 2.889E+01 4.063E+01 1.634E+00 7.115E+01 7.344E+01 2.460E+05 15.4767 1.00000
  5.000E+06 5.000E+06 2.301E+00 3.221E+01 4.524E+01 1.832E+00 7.928E+01 8.158E+01 2.524E+05 15.6874 1.00000
  5.500E+06 5.500E+06 2.310E+00 3.553E+01 4.985E+01 2.032E+00 8.742E+01 8.973E+01 2.583E+05 15.8780 1.00000
  6.000E+06 6.000E+06 2.318E+00 3.886E+01 5.447E+01 2.235E+00 9.557E+01 9.788E+01 2.636E+05 16.0520 1.00000
  7.000E+06 7.000E+06 2.333E+00 4.553E+01 6.371E+01 2.644E+00 1.119E+02 1.142E+02 2.730E+05 16.3603 1.00000
  8.000E+06 8.000E+06 2.345E+00 5.220E+01 7.296E+01 3.060E+00 1.282E+02 1.306E+02 2.812E+05 16.6273 1.00000
  9.000E+06 9.000E+06 2.356E+00 5.888E+01 8.222E+01 3.481E+00 1.446E+02 1.469E+02 2.884E+05 16.8629 1.00000
  1.000E+07 1.000E+07 2.366E+00 6.557E+01 9.148E+01 3.908E+00 1.610E+02 1.633E+02 2.949E+05 17.0736 1.00000
  1.200E+07 1.200E+07 2.384E+00 7.897E+01 1.100E+02 4.774E+00 1.937E+02 1.961E+02 3.061E+05 17.4382 1.00000
  1.400E+07 1.400E+07 2.398E+00 9.238E+01 1.285E+02 5.657E+00 2.266E+02 2.290E+02 3.155E+05 17.7465 1.00000
  1.700E+07 1.700E+07 2.417E+00 1.125E+02 1.564E+02 7.006E+00 2.759E+02 2.783E+02 3.274E+05 18.1348 1.00000
  2.000E+07 2.000E+07 2.433E+00 1.327E+02 1.842E+02 8.382E+00 3.253E+02 3.277E+02 3.373E+05 18.4599 1.00000
  2.500E+07 2.500E+07 2.455E+00 1.663E+02 2.306E+02 1.073E+01 4.076E+02 4.101E+02 3.509E+05 18.9061 1.00000
  3.000E+07 3.000E+07 2.473E+00 1.999E+02 2.771E+02 1.312E+01 4.901E+02 4.926E+02 3.620E+05 19.2708 1.00000
  3.500E+07 3.500E+07 2.488E+00 2.336E+02 3.235E+02 1.557E+01 5.727E+02 5.752E+02 3.714E+05 19.5791 1.00000
  4.000E+07 4.000E+07 2.502E+00 2.673E+02 3.700E+02 1.805E+01 6.553E+02 6.578E+02 3.795E+05 19.8461 1.00000
  4.500E+07 4.500E+07 2.514E+00 3.010E+02 4.164E+02 2.057E+01 7.380E+02 7.405E+02 3.867E+05 20.0817 1.00000
  5.000E+07 5.000E+07 2.525E+00 3.347E+02 4.629E+02 2.312E+01 8.207E+02 8.232E+02 3.931E+05 20.2924 1.00000
  5.500E+07 5.500E+07 2.534E+00 3.684E+02 5.094E+02 2.571E+01 9.034E+02 9.060E+02 3.989E+05 20.4830 1.00000
  6.000E+07 6.000E+07 2.543E+00 4.021E+02 5.558E+02 2.832E+01 9.862E+02 9.888E+02 4.041E+05 20.6571 1.00000
  7.000E+07 7.000E+07 2.559E+00 4.695E+02 6.488E+02 3.361E+01 1.152E+03 1.154E+03 4.135E+05 20.9654 1.00000
  8.000E+07 8.000E+07 2.573E+00 5.370E+02 7.418E+02 3.899E+01 1.318E+03 1.320E+03 4.216E+05 21.2324 1.00000
  9.000E+07 9.000E+07 2.585E+00 6.044E+02 8.347E+02 4.445E+01 1.484E+03 1.486E+03 4.287E+05 21.4680 1.00000
  1.000E+08 1.000E+08 2.597E+00 6.719E+02 9.277E+02 4.998E+01 1.650E+03 1.652E+03 4.351E+05 21.6787 1.00000
  1.200E+08 1.200E+08 2.616E+00 8.068E+02 1.114E+03 6.124E+01 1.982E+03 1.984E+03 4.461E+05 22.0434 1.00000
  1.400E+08 1.400E+08 2.632E+00 9.418E+02 1.300E+03 7.272E+01 2.314E+03 2.317E+03 4.555E+05 22.3517 1.00000
  1.700E+08 1.700E+08 2.653E+00 1.144E+03 1.579E+03 9.030E+01 2.813E+03 2.816E+03 4.672E+05 22.7400 1.00000
  2.000E+08 2.000E+08 2.671E+00 1.347E+03 1.858E+03 1.083E+02 3.313E+03 3.315E+03 4.770E+05 23.0650 1.00000
  2.500E+08 2.500E+08 2.695E+00 1.684E+03 2.323E+03 1.389E+02 4.146E+03 4.149E+03 4.905E+05 23.5113 1.00000
  3.000E+08 3.000E+08 2.716E+00 2.022E+03 2.788E+03 1.703E+02 4.980E+03 4.983E+03 5.014E+05 23.8759 1.00000
  3.500E+08 3.500E+08 2.733E+00 2.359E+03 3.253E+03 2.023E+02 5.815E+03 5.818E+03 5.107E+05 24.1842 1.00000
  4.000E+08 4.000E+08 2.748E+00 2.697E+03 3.718E+03 2.349E+02 6.650E+03 6.653E+03 5.187E+05 24.4513 1.00000
  4.500E+08 4.500E+08 2.761E+00 3.035E+03 4.183E+03 2.680E+02 7.486E+03 7.489E+03 5.258E+05 24.6869 1.00000
  5.000E+08 5.000E+08 2.773E+00 3.372E+03 4.649E+03 3.015E+02 8.322E+03 8.325E+03 5.321E+05 24.8976 1.00000
  5.500E+08 5.500E+08 2.784E+00 3.710E+03 5.114E+03 3.354E+02 9.159E+03 9.162E+03 5.379E+05 25.0882 1.00000
  6.000E+08 6.000E+08 2.794E+00 4.047E+03 5.579E+03 3.698E+02 9.996E+03 9.999E+03 5.431E+05 25.2622 1.00000
  7.000E+08 7.000E+08 2.812E+00 4.723E+03 6.509E+03 4.394E+02 1.167E+04 1.167E+04 5.523E+05 25.5705 1.00000
  8.000E+08 8.000E+08 2.827E+00 5.398E+03 7.440E+03 5.104E+02 1.335E+04 1.335E+04 5.603E+05 25.8376 1.00000
  9.000E+08 9.000E+08 2.841E+00 6.073E+03 8.370E+03 5.824E+02 1.503E+04 1.503E+04 5.674E+05 26.0730 1.00000
  1.000E+09 1.000E+09 2.854E+00 6.748E+03 9.300E+03 6.554E+02 1.670E+04 1.671E+04 5.737E+05 26.2838 1.00000
  1.200E+09 1.200E+09 2.875E+00 8.099E+03 1.116E+04 8.041E+02 2.006E+04 2.007E+04 5.846E+05 26.6484 1.00000
  1.400E+09 1.400E+09 2.894E+00 9.449E+03 1.302E+04 9.560E+02 2.343E+04 2.343E+04 5.938E+05 26.9563 1.00000
  1.700E+09 1.700E+09 2.917E+00 1.147E+04 1.581E+04 1.189E+03 2.848E+04 2.848E+04 6.054E+05 27.3446 1.00000
  2.000E+09 2.000E+09 2.937E+00 1.350E+04 1.860E+04 1.427E+03 3.353E+04 3.353E+04 6.151E+05 27.6681 1.00000
  2.500E+09 2.500E+09 2.964E+00 1.688E+04 2.326E+04 1.833E+03 4.197E+04 4.197E+04 6.284E+05 28.1144 1.00000
  3.000E+09 3.000E+09 2.987E+00 2.025E+04 2.791E+04 2.250E+03 5.041E+04 5.041E+04 6.393E+05 28.4726 1.00000
  3.500E+09 3.500E+09 3.006E+00 2.363E+04 3.256E+04 2.677E+03 5.887E+04 5.887E+04 6.485E+05 28.7809 1.00000
  4.000E+09 4.000E+09 3.023E+00 2.700E+04 3.721E+04 3.110E+03 6.733E+04 6.733E+04 6.564E+05 29.0479 1.00000
  4.500E+09 4.500E+09 3.040E+00 3.038E+04 4.186E+04 3.551E+03 7.580E+04 7.580E+04 6.634E+05 29.2544 1.00000
  5.000E+09 5.000E+09 3.053E+00 3.376E+04 4.652E+04 3.999E+03 8.427E+04 8.427E+04 6.696E+05 29.4651 1.00000
  5.500E+09 5.500E+09 3.066E+00 3.713E+04 5.117E+04 4.452E+03 9.275E+04 9.276E+04 6.753E+05 29.6557 1.00000
  6.000E+09 6.000E+09 3.077E+00 4.051E+04 5.582E+04 4.910E+03 1.012E+05 1.012E+05 6.805E+05 29.8297 1.00000
  7.000E+09 7.000E+09 3.097E+00 4.726E+04 6.512E+04 5.842E+03 1.182E+05 1.182E+05 6.896E+05 30.1380 1.00000
  8.000E+09 8.000E+09 3.124E+00 5.401E+04 7.443E+04 6.791E+03 1.352E+05 1.352E+05 6.975E+05 30.2496 1.00000
  9.000E+09 9.000E+09 3.139E+00 6.077E+04 8.373E+04 7.755E+03 1.523E+05 1.523E+05 7.045E+05 30.4852 1.00000
  1.000E+10 1.000E+10 3.153E+00 6.752E+04 9.304E+04 8.734E+03 1.693E+05 1.693E+05 7.107E+05 30.6959 1.00000
  1.200E+10 1.200E+10 3.177E+00 8.102E+04 1.116E+05 1.073E+04 2.034E+05 2.034E+05 7.215E+05 31.0605 1.00000
  1.400E+10 1.400E+10 3.198E+00 9.453E+04 1.303E+05 1.277E+04 2.375E+05 2.376E+05 7.305E+05 31.3689 1.00000
  1.700E+10 1.700E+10 3.224E+00 1.148E+05 1.582E+05 1.590E+04 2.888E+05 2.888E+05 7.420E+05 31.7572 1.00000
  2.000E+10 2.000E+10 3.246E+00 1.350E+05 1.861E+05 1.911E+04 3.402E+05 3.402E+05 7.515E+05 32.0822 1.00000
  2.500E+10 2.500E+10 3.277E+00 1.688E+05 2.326E+05 2.459E+04 4.260E+05 4.260E+05 7.647E+05 32.5285 1.00000
  3.000E+10 3.000E+10 3.302E+00 2.026E+05 2.791E+05 3.022E+04 5.119E+05 5.119E+05 7.753E+05 32.8931 1.00000
  3.500E+10 3.500E+10 3.324E+00 2.363E+05 3.256E+05 3.598E+04 5.979E+05 5.979E+05 7.844E+05 33.2014 1.00000
  4.000E+10 4.000E+10 3.342E+00 2.701E+05 3.721E+05 4.186E+04 6.841E+05 6.841E+05 7.922E+05 33.4685 1.00000
  4.500E+10 4.500E+10 3.359E+00 3.038E+05 4.187E+05 4.783E+04 7.703E+05 7.703E+05 7.991E+05 33.7041 1.00000
  5.000E+10 5.000E+10 3.374E+00 3.376E+05 4.652E+05 5.390E+04 8.567E+05 8.567E+05 8.052E+05 33.9148 1.00000
  5.500E+10 5.500E+10 3.388E+00 3.714E+05 5.117E+05 6.005E+04 9.431E+05 9.431E+05 8.108E+05 34.1054 1.00000
  6.000E+10 6.000E+10 3.400E+00 4.051E+05 5.582E+05 6.627E+04 1.030E+06 1.030E+06 8.158E+05 34.2794 1.00000
  7.000E+10 7.000E+10 3.422E+00 4.727E+05 6.513E+05 7.893E+04 1.203E+06 1.203E+06 8.248E+05 34.5877 1.00000
  8.000E+10 8.000E+10 3.442E+00 5.402E+05 7.443E+05 9.185E+04 1.376E+06 1.376E+06 8.326E+05 34.8548 1.00000
  9.000E+10 9.000E+10 3.459E+00 6.077E+05 8.373E+05 1.050E+05 1.550E+06 1.550E+06 8.394E+05 35.0904 1.00000
  1.000E+11 1.000E+11 3.474E+00 6.752E+05 9.304E+05 1.183E+05 1.724E+06 1.724E+06 8.456E+05 35.3011 1.00000
  1.200E+11 1.200E+11 3.501E+00 8.103E+05 1.116E+06 1.456E+05 2.072E+06 2.072E+06 8.561E+05 35.6657 1.00000
  1.400E+11 1.400E+11 3.524E+00 9.453E+05 1.303E+06 1.734E+05 2.421E+06 2.421E+06 8.650E+05 35.9740 1.00000
  1.700E+11 1.700E+11 3.554E+00 1.148E+06 1.582E+06 2.163E+05 2.946E+06 2.946E+06 8.763E+05 36.3623 1.00000
  2.000E+11 2.000E+11 3.578E+00 1.350E+06 1.861E+06 2.602E+05 3.471E+06 3.471E+06 8.856E+05 36.6874 1.00000
  2.500E+11 2.500E+11 3.613E+00 1.688E+06 2.326E+06 3.355E+05 4.349E+06 4.349E+06 8.985E+05 37.1337 1.00000
  3.000E+11 3.000E+11 3.641E+00 2.026E+06 2.791E+06 4.129E+05 5.230E+06 5.230E+06 9.089E+05 37.4983 1.00000
  3.500E+11 3.500E+11 3.665E+00 2.363E+06 3.256E+06 4.923E+05 6.112E+06 6.112E+06 9.178E+05 37.8066 1.00000
  4.000E+11 4.000E+11 3.686E+00 2.701E+06 3.721E+06 5.733E+05 6.995E+06 6.995E+06 9.254E+05 38.0737 1.00000
  4.500E+11 4.500E+11 3.704E+00 3.039E+06 4.186E+06 6.557E+05 7.881E+06 7.881E+06 9.322E+05 38.3092 1.00000
  5.000E+11 5.000E+11 3.721E+00 3.376E+06 4.652E+06 7.395E+05 8.767E+06 8.767E+06 9.382E+05 38.5200 1.00000
  5.500E+11 5.500E+11 3.736E+00 3.714E+06 5.117E+06 8.245E+05 9.655E+06 9.655E+06 9.436E+05 38.7106 1.00000
  6.000E+11 6.000E+11 3.750E+00 4.051E+06 5.582E+06 9.107E+05 1.054E+07 1.054E+07 9.486E+05 38.8846 1.00000
  7.000E+11 7.000E+11 3.775E+00 4.727E+06 6.512E+06 1.086E+06 1.232E+07 1.232E+07 9.573E+05 39.1929 1.00000
  8.000E+11 8.000E+11 3.797E+00 5.402E+06 7.443E+06 1.265E+06 1.411E+07 1.411E+07 9.649E+05 39.4600 1.00000
  9.000E+11 9.000E+11 3.816E+00 6.077E+06 8.373E+06 1.448E+06 1.590E+07 1.590E+07 9.716E+05 39.6955 1.00000
  1.000E+12 1.000E+12 3.833E+00 6.752E+06 9.303E+06 1.633E+06 1.769E+07 1.769E+07 9.775E+05 39.9062 1.00000
