 Incident particle is a Muon with M = 105.65839 MeV
 Index = 0: LeadGlass
      Absorber with <Z/A> = 0.42101
 Density effect computed following Fano (1963)
 Models for Radloss: brems =  SSR, pair =  SSR, photonuc = DRSS

 *** Table generated with PUMAS v1.1 ***

      T         p     Ionization  brems     pair     photonuc  Radloss    dE/dx   CSDA Range  delta   beta
    [MeV]    [MeV/c]  -----------------------[MeV cm^2/g]------------------------  [g/cm^2]
  1.000E+00 1.457E+01 2.484E+01 0.000E+00 0.000E+00 0.000E+00 0.000E+00 2.484E+01 2.013E-02  0.0000 0.13661
  1.200E+00 1.597E+01 2.179E+01 0.000E+00 0.000E+00 0.000E+00 0.000E+00 2.179E+01 2.875E-02  0.0000 0.14944
  1.400E+00 1.726E+01 1.949E+01 0.000E+00 0.000E+00 0.000E+00 0.000E+00 1.949E+01 3.847E-02  0.0000 0.16119
  1.700E+00 1.903E+01 1.690E+01 0.000E+00 0.000E+00 0.000E+00 0.000E+00 1.690E+01 5.506E-02  0.0000 0.17725
  2.000E+00 2.066E+01 1.498E+01 0.000E+00 0.000E+00 0.000E+00 0.000E+00 1.498E+01 7.395E-02  0.0000 0.19186
  2.500E+00 2.312E+01 1.268E+01 0.000E+00 0.000E+00 0.000E+00 0.000E+00 1.268E+01 1.104E-01  0.0000 0.21376
  3.000E+00 2.536E+01 1.106E+01 0.000E+00 0.000E+00 0.000E+00 0.000E+00 1.106E+01 1.527E-01  0.0000 0.23336
  3.500E+00 2.742E+01 9.845E+00 0.000E+00 0.000E+00 0.000E+00 0.000E+00 9.845E+00 2.008E-01  0.0000 0.25120
  4.000E+00 2.935E+01 8.903E+00 0.000E+00 0.000E+00 0.000E+00 0.000E+00 8.903E+00 2.542E-01  0.0000 0.26763
  4.500E+00 3.116E+01 8.148E+00 0.000E+00 0.000E+00 0.000E+00 0.000E+00 8.148E+00 3.130E-01  0.0000 0.28290
  5.000E+00 3.289E+01 7.529E+00 0.000E+00 0.000E+00 0.000E+00 0.000E+00 7.529E+00 3.769E-01  0.0000 0.29720
  5.500E+00 3.453E+01 7.010E+00 0.000E+00 0.000E+00 0.000E+00 0.000E+00 7.010E+00 4.458E-01  0.0000 0.31066
  6.000E+00 3.611E+01 6.569E+00 0.000E+00 0.000E+00 0.000E+00 0.000E+00 6.569E+00 5.195E-01  0.0000 0.32339
  7.000E+00 3.909E+01 5.859E+00 0.000E+00 0.000E+00 0.000E+00 0.000E+00 5.859E+00 6.810E-01  0.0000 0.34700
  8.000E+00 4.189E+01 5.311E+00 0.000E+00 0.000E+00 0.000E+00 0.000E+00 5.311E+00 8.606E-01  0.0000 0.36854
  9.000E+00 4.453E+01 4.875E+00 0.000E+00 0.000E+00 0.000E+00 0.000E+00 4.875E+00 1.057E+00  0.0000 0.38836
  1.000E+01 4.704E+01 4.518E+00 0.000E+00 0.000E+00 0.000E+00 0.000E+00 4.518E+00 1.271E+00  0.0000 0.40675
  1.200E+01 5.177E+01 3.971E+00 0.000E+00 0.000E+00 0.000E+00 0.000E+00 3.971E+00 1.744E+00  0.0000 0.43998
  1.400E+01 5.616E+01 3.569E+00 0.000E+00 0.000E+00 0.000E+00 0.000E+00 3.569E+00 2.277E+00  0.0000 0.46937
  1.700E+01 6.230E+01 3.133E+00 0.000E+00 0.000E+00 0.000E+00 0.000E+00 3.133E+00 3.177E+00  0.0000 0.50792
  2.000E+01 6.802E+01 2.820E+00 0.000E+00 0.000E+00 0.000E+00 0.000E+00 2.820E+00 4.188E+00  0.0000 0.54129
  2.500E+01 7.686E+01 2.459E+00 0.000E+00 0.000E+00 0.000E+00 0.000E+00 2.459E+00 6.094E+00  0.0003 0.58827
  3.000E+01 8.509E+01 2.215E+00 0.000E+00 0.000E+00 0.000E+00 0.000E+00 2.215E+00 8.242E+00  0.0012 0.62720
  3.500E+01 9.285E+01 2.038E+00 0.000E+00 0.000E+00 0.000E+00 0.000E+00 2.038E+00 1.060E+01  0.0028 0.66011
  4.000E+01 1.003E+02 1.906E+00 0.000E+00 0.000E+00 0.000E+00 0.000E+00 1.906E+00 1.314E+01  0.0049 0.68834
  4.500E+01 1.074E+02 1.803E+00 0.000E+00 0.000E+00 0.000E+00 0.000E+00 1.803E+00 1.584E+01  0.0075 0.71286
  5.000E+01 1.143E+02 1.721E+00 0.000E+00 0.000E+00 0.000E+00 0.000E+00 1.721E+00 1.868E+01  0.0105 0.73434
  5.500E+01 1.210E+02 1.654E+00 0.000E+00 0.000E+00 0.000E+00 0.000E+00 1.654E+00 2.165E+01  0.0140 0.75332
  6.000E+01 1.276E+02 1.600E+00 0.000E+00 0.000E+00 0.000E+00 0.000E+00 1.600E+00 2.472E+01  0.0177 0.77019
  7.000E+01 1.403E+02 1.515E+00 0.000E+00 0.000E+00 0.000E+00 0.000E+00 1.515E+00 3.115E+01  0.0262 0.79887
  8.000E+01 1.527E+02 1.454E+00 0.000E+00 0.000E+00 0.000E+00 0.000E+00 1.454E+00 3.790E+01  0.0357 0.82227
  9.000E+01 1.647E+02 1.409E+00 0.000E+00 0.000E+00 0.000E+00 0.000E+00 1.409E+00 4.489E+01  0.0459 0.84166
  1.000E+02 1.764E+02 1.374E+00 0.000E+00 0.000E+00 0.000E+00 0.000E+00 1.374E+00 5.208E+01  0.0569 0.85794
  1.200E+02 1.994E+02 1.327E+00 0.000E+00 0.000E+00 0.000E+00 0.000E+00 1.327E+00 6.691E+01  0.0804 0.88361
  1.400E+02 2.218E+02 1.297E+00 0.000E+00 0.000E+00 0.000E+00 0.000E+00 1.297E+00 8.217E+01  0.1053 0.90278
  1.700E+02 2.546E+02 1.272E+00 1.525E-06 1.390E-10 0.000E+00 1.525E-06 1.272E+00 1.055E+02  0.1443 0.92363
  2.000E+02 2.868E+02 1.261E+00 3.201E-06 1.447E-09 0.000E+00 3.203E-06 1.261E+00 1.292E+02  0.1842 0.93835
  2.500E+02 3.396E+02 1.256E+00 8.080E-06 3.758E-08 0.000E+00 8.118E-06 1.256E+00 1.690E+02  0.2509 0.95485
  3.000E+02 3.917E+02 1.261E+00 1.220E-05 2.732E-07 0.000E+00 1.248E-05 1.261E+00 2.087E+02  0.3163 0.96548
  3.500E+02 4.432E+02 1.269E+00 1.603E-05 7.398E-07 0.000E+00 1.677E-05 1.269E+00 2.483E+02  0.3797 0.97274
  4.000E+02 4.945E+02 1.280E+00 1.970E-05 1.416E-06 0.000E+00 2.112E-05 1.280E+00 2.875E+02  0.4409 0.97793
  4.500E+02 5.455E+02 1.291E+00 2.339E-05 2.301E-06 0.000E+00 2.569E-05 1.291E+00 3.264E+02  0.4999 0.98176
  5.000E+02 5.964E+02 1.303E+00 1.729E-04 5.621E-05 0.000E+00 2.291E-04 1.303E+00 3.650E+02  0.5569 0.98467
  5.500E+02 6.471E+02 1.314E+00 2.973E-04 8.525E-05 1.471E-05 3.973E-04 1.314E+00 4.032E+02  0.6119 0.98693
  6.000E+02 6.977E+02 1.325E+00 3.987E-04 1.142E-04 4.918E-05 5.621E-04 1.326E+00 4.411E+02  0.6650 0.98873
  7.000E+02 7.987E+02 1.346E+00 5.758E-04 1.814E-04 1.176E-04 8.748E-04 1.347E+00 5.159E+02  0.7663 0.99136
  8.000E+02 8.995E+02 1.365E+00 7.413E-04 2.620E-04 1.819E-04 1.185E-03 1.366E+00 5.896E+02  0.8617 0.99317
  9.000E+02 1.000E+03 1.383E+00 9.052E-04 3.554E-04 2.433E-04 1.504E-03 1.384E+00 6.623E+02  0.9517 0.99447
  1.000E+03 1.101E+03 1.399E+00 1.071E-03 4.607E-04 3.025E-04 1.835E-03 1.401E+00 7.341E+02  1.0369 0.99542
  1.200E+03 1.301E+03 1.428E+00 1.415E-03 7.047E-04 4.167E-04 2.537E-03 1.430E+00 8.753E+02  1.1948 0.99672
  1.400E+03 1.502E+03 1.453E+00 1.778E-03 9.892E-04 5.267E-04 3.294E-03 1.456E+00 1.014E+03  1.3382 0.99753
  1.700E+03 1.803E+03 1.484E+00 2.355E-03 1.483E-03 6.864E-04 4.525E-03 1.489E+00 1.218E+03  1.5314 0.99829
  2.000E+03 2.103E+03 1.511E+00 2.971E-03 2.049E-03 8.412E-04 5.861E-03 1.517E+00 1.417E+03  1.7035 0.99874
  2.500E+03 2.604E+03 1.547E+00 4.069E-03 3.129E-03 1.091E-03 8.289E-03 1.555E+00 1.743E+03  1.9550 0.99918
  3.000E+03 3.104E+03 1.576E+00 5.245E-03 4.356E-03 1.332E-03 1.093E-02 1.587E+00 2.061E+03  2.1730 0.99942
  3.500E+03 3.604E+03 1.601E+00 6.487E-03 5.708E-03 1.567E-03 1.376E-02 1.615E+00 2.373E+03  2.3658 0.99957
  4.000E+03 4.104E+03 1.622E+00 7.787E-03 7.181E-03 1.796E-03 1.676E-02 1.638E+00 2.680E+03  2.5388 0.99967
  4.500E+03 4.604E+03 1.640E+00 9.137E-03 8.756E-03 2.020E-03 1.991E-02 1.660E+00 2.983E+03  2.6959 0.99974
  5.000E+03 5.105E+03 1.656E+00 1.053E-02 1.042E-02 2.240E-03 2.319E-02 1.679E+00 3.283E+03  2.8397 0.99979
  5.500E+03 5.605E+03 1.670E+00 1.197E-02 1.216E-02 2.456E-03 2.659E-02 1.697E+00 3.579E+03  2.9725 0.99982
  6.000E+03 6.105E+03 1.683E+00 1.344E-02 1.398E-02 2.669E-03 3.009E-02 1.713E+00 3.872E+03  3.0958 0.99985
  7.000E+03 7.105E+03 1.705E+00 1.648E-02 1.781E-02 3.087E-03 3.738E-02 1.743E+00 4.451E+03  3.3191 0.99989
  8.000E+03 8.105E+03 1.724E+00 1.964E-02 2.187E-02 3.495E-03 4.500E-02 1.769E+00 5.021E+03  3.5173 0.99992
  9.000E+03 9.105E+03 1.741E+00 2.290E-02 2.613E-02 3.894E-03 5.292E-02 1.794E+00 5.582E+03  3.6957 0.99993
  1.000E+04 1.011E+04 1.755E+00 2.625E-02 3.056E-02 4.287E-03 6.110E-02 1.816E+00 6.136E+03  3.8583 0.99995
  1.200E+04 1.211E+04 1.780E+00 3.318E-02 3.989E-02 5.056E-03 7.813E-02 1.858E+00 7.224E+03  4.1459 0.99996
  1.400E+04 1.411E+04 1.800E+00 4.037E-02 4.974E-02 5.807E-03 9.592E-02 1.896E+00 8.290E+03  4.3952 0.99997
  1.700E+04 1.711E+04 1.824E+00 5.158E-02 6.532E-02 6.905E-03 1.238E-01 1.948E+00 9.851E+03  4.7170 0.99998
  2.000E+04 2.011E+04 1.844E+00 6.319E-02 8.169E-02 7.978E-03 1.529E-01 1.997E+00 1.137E+04  4.9926 0.99999
  2.500E+04 2.511E+04 1.870E+00 8.328E-02 1.104E-01 9.726E-03 2.034E-01 2.073E+00 1.383E+04  5.3793 0.99999
  3.000E+04 3.011E+04 1.890E+00 1.041E-01 1.404E-01 1.144E-02 2.560E-01 2.146E+00 1.620E+04  5.7016 0.99999
  3.500E+04 3.511E+04 1.907E+00 1.256E-01 1.716E-01 1.312E-02 3.103E-01 2.218E+00 1.849E+04  5.9781 1.00000
  4.000E+04 4.011E+04 1.922E+00 1.475E-01 2.036E-01 1.478E-02 3.659E-01 2.287E+00 2.071E+04  6.2202 1.00000
  4.500E+04 4.511E+04 1.934E+00 1.699E-01 2.364E-01 1.643E-02 4.228E-01 2.357E+00 2.286E+04  6.4357 1.00000
  5.000E+04 5.011E+04 1.945E+00 1.927E-01 2.699E-01 1.806E-02 4.807E-01 2.425E+00 2.495E+04  6.6298 1.00000
  5.500E+04 5.511E+04 1.954E+00 2.158E-01 3.039E-01 1.968E-02 5.394E-01 2.494E+00 2.699E+04  6.8066 1.00000
  6.000E+04 6.011E+04 1.963E+00 2.393E-01 3.384E-01 2.130E-02 5.990E-01 2.562E+00 2.897E+04  6.9689 1.00000
  7.000E+04 7.011E+04 1.978E+00 2.869E-01 4.087E-01 2.451E-02 7.201E-01 2.698E+00 3.277E+04  7.2583 1.00000
  8.000E+04 8.011E+04 1.991E+00 3.355E-01 4.803E-01 2.770E-02 8.435E-01 2.835E+00 3.638E+04  7.5110 1.00000
  9.000E+04 9.011E+04 2.002E+00 3.849E-01 5.531E-01 3.088E-02 9.689E-01 2.971E+00 3.983E+04  7.7352 1.00000
  1.000E+05 1.001E+05 2.012E+00 4.349E-01 6.269E-01 3.406E-02 1.096E+00 3.108E+00 4.312E+04  7.9367 1.00000
  1.200E+05 1.201E+05 2.029E+00 5.366E-01 7.769E-01 4.039E-02 1.354E+00 3.383E+00 4.929E+04  8.2875 1.00000
  1.400E+05 1.401E+05 2.043E+00 6.403E-01 9.294E-01 4.673E-02 1.616E+00 3.660E+00 5.497E+04  8.5858 1.00000
  1.700E+05 1.701E+05 2.061E+00 7.986E-01 1.162E+00 5.623E-02 2.017E+00 4.077E+00 6.273E+04  8.9634 1.00000
  2.000E+05 2.001E+05 2.075E+00 9.597E-01 1.398E+00 6.576E-02 2.423E+00 4.498E+00 6.974E+04  9.2808 1.00000
  2.500E+05 2.501E+05 2.095E+00 1.233E+00 1.796E+00 8.173E-02 3.111E+00 5.206E+00 8.006E+04  9.7182 1.00000
  3.000E+05 3.001E+05 2.111E+00 1.511E+00 2.200E+00 9.781E-02 3.808E+00 5.919E+00 8.906E+04 10.0769 1.00000
  3.500E+05 3.501E+05 2.125E+00 1.792E+00 2.607E+00 1.140E-01 4.513E+00 6.638E+00 9.704E+04 10.3810 1.00000
  4.000E+05 4.001E+05 2.136E+00 2.076E+00 3.018E+00 1.303E-01 5.224E+00 7.361E+00 1.042E+05 10.6449 1.00000
  4.500E+05 4.501E+05 2.147E+00 2.363E+00 3.431E+00 1.467E-01 5.940E+00 8.087E+00 1.107E+05 10.8781 1.00000
  5.000E+05 5.001E+05 2.156E+00 2.652E+00 3.845E+00 1.633E-01 6.660E+00 8.816E+00 1.166E+05 11.0869 1.00000
  5.500E+05 5.501E+05 2.164E+00 2.942E+00 4.262E+00 1.799E-01 7.384E+00 9.548E+00 1.220E+05 11.2761 1.00000
  6.000E+05 6.001E+05 2.172E+00 3.234E+00 4.679E+00 1.966E-01 8.110E+00 1.028E+01 1.271E+05 11.4489 1.00000
  7.000E+05 7.001E+05 2.185E+00 3.822E+00 5.519E+00 2.304E-01 9.571E+00 1.176E+01 1.362E+05 11.7555 1.00000
  8.000E+05 8.001E+05 2.197E+00 4.414E+00 6.361E+00 2.645E-01 1.104E+01 1.324E+01 1.442E+05 12.0213 1.00000
  9.000E+05 9.001E+05 2.208E+00 5.010E+00 7.207E+00 2.989E-01 1.252E+01 1.472E+01 1.513E+05 12.2560 1.00000
  1.000E+06 1.000E+06 2.217E+00 5.608E+00 8.056E+00 3.336E-01 1.400E+01 1.621E+01 1.578E+05 12.4661 1.00000
  1.200E+06 1.200E+06 2.233E+00 6.813E+00 9.758E+00 4.039E-01 1.697E+01 1.921E+01 1.691E+05 12.8299 1.00000
  1.400E+06 1.400E+06 2.247E+00 8.025E+00 1.147E+01 4.753E-01 1.997E+01 2.221E+01 1.788E+05 13.1376 1.00000
  1.700E+06 1.700E+06 2.264E+00 9.853E+00 1.404E+01 5.839E-01 2.447E+01 2.674E+01 1.911E+05 13.5254 1.00000
  2.000E+06 2.000E+06 2.279E+00 1.169E+01 1.662E+01 6.943E-01 2.900E+01 3.128E+01 2.015E+05 13.8502 1.00000
  2.500E+06 2.500E+06 2.299E+00 1.477E+01 2.093E+01 8.817E-01 3.658E+01 3.888E+01 2.158E+05 14.2962 1.00000
  3.000E+06 3.000E+06 2.316E+00 1.787E+01 2.525E+01 1.073E+00 4.418E+01 4.650E+01 2.275E+05 14.6606 1.00000
  3.500E+06 3.500E+06 2.330E+00 2.097E+01 2.957E+01 1.267E+00 5.181E+01 5.414E+01 2.375E+05 14.9688 1.00000
  4.000E+06 4.000E+06 2.342E+00 2.408E+01 3.391E+01 1.464E+00 5.945E+01 6.180E+01 2.461E+05 15.2358 1.00000
  4.500E+06 4.500E+06 2.353E+00 2.720E+01 3.824E+01 1.664E+00 6.711E+01 6.947E+01 2.537E+05 15.4714 1.00000
  5.000E+06 5.000E+06 2.363E+00 3.033E+01 4.259E+01 1.866E+00 7.478E+01 7.714E+01 2.606E+05 15.6820 1.00000
  5.500E+06 5.500E+06 2.372E+00 3.346E+01 4.693E+01 2.070E+00 8.246E+01 8.483E+01 2.668E+05 15.8726 1.00000
  6.000E+06 6.000E+06 2.380E+00 3.659E+01 5.128E+01 2.276E+00 9.015E+01 9.253E+01 2.724E+05 16.0466 1.00000
  7.000E+06 7.000E+06 2.395E+00 4.287E+01 5.998E+01 2.693E+00 1.055E+02 1.079E+02 2.824E+05 16.3549 1.00000
  8.000E+06 8.000E+06 2.408E+00 4.916E+01 6.869E+01 3.116E+00 1.210E+02 1.234E+02 2.911E+05 16.6220 1.00000
  9.000E+06 9.000E+06 2.419E+00 5.545E+01 7.740E+01 3.545E+00 1.364E+02 1.388E+02 2.987E+05 16.8575 1.00000
  1.000E+07 1.000E+07 2.429E+00 6.175E+01 8.612E+01 3.980E+00 1.518E+02 1.543E+02 3.055E+05 17.0682 1.00000
  1.200E+07 1.200E+07 2.447E+00 7.436E+01 1.036E+02 4.862E+00 1.828E+02 1.852E+02 3.173E+05 17.4329 1.00000
  1.400E+07 1.400E+07 2.462E+00 8.700E+01 1.210E+02 5.761E+00 2.138E+02 2.162E+02 3.273E+05 17.7412 1.00000
  1.700E+07 1.700E+07 2.481E+00 1.060E+02 1.472E+02 7.136E+00 2.603E+02 2.628E+02 3.399E+05 18.1295 1.00000
  2.000E+07 2.000E+07 2.497E+00 1.249E+02 1.734E+02 8.537E+00 3.069E+02 3.094E+02 3.504E+05 18.4545 1.00000
  2.500E+07 2.500E+07 2.520E+00 1.566E+02 2.171E+02 1.092E+01 3.847E+02 3.872E+02 3.648E+05 18.9008 1.00000
  3.000E+07 3.000E+07 2.538E+00 1.883E+02 2.608E+02 1.337E+01 4.625E+02 4.650E+02 3.766E+05 19.2654 1.00000
  3.500E+07 3.500E+07 2.554E+00 2.200E+02 3.046E+02 1.586E+01 5.404E+02 5.430E+02 3.865E+05 19.5737 1.00000
  4.000E+07 4.000E+07 2.567E+00 2.517E+02 3.483E+02 1.839E+01 6.184E+02 6.210E+02 3.951E+05 19.8408 1.00000
  4.500E+07 4.500E+07 2.580E+00 2.835E+02 3.920E+02 2.095E+01 6.965E+02 6.990E+02 4.027E+05 20.0763 1.00000
  5.000E+07 5.000E+07 2.591E+00 3.152E+02 4.358E+02 2.355E+01 7.745E+02 7.771E+02 4.095E+05 20.2871 1.00000
  5.500E+07 5.500E+07 2.601E+00 3.469E+02 4.795E+02 2.618E+01 8.527E+02 8.553E+02 4.156E+05 20.4777 1.00000
  6.000E+07 6.000E+07 2.610E+00 3.787E+02 5.233E+02 2.884E+01 9.308E+02 9.334E+02 4.212E+05 20.6517 1.00000
  7.000E+07 7.000E+07 2.626E+00 4.422E+02 6.108E+02 3.423E+01 1.087E+03 1.090E+03 4.311E+05 20.9600 1.00000
  8.000E+07 8.000E+07 2.640E+00 5.057E+02 6.984E+02 3.971E+01 1.244E+03 1.246E+03 4.397E+05 21.2271 1.00000
  9.000E+07 9.000E+07 2.653E+00 5.693E+02 7.859E+02 4.528E+01 1.400E+03 1.403E+03 4.473E+05 21.4626 1.00000
  1.000E+08 1.000E+08 2.664E+00 6.328E+02 8.734E+02 5.091E+01 1.557E+03 1.560E+03 4.540E+05 21.6734 1.00000
  1.200E+08 1.200E+08 2.684E+00 7.599E+02 1.049E+03 6.238E+01 1.871E+03 1.874E+03 4.657E+05 22.0380 1.00000
  1.400E+08 1.400E+08 2.700E+00 8.871E+02 1.224E+03 7.407E+01 2.185E+03 2.187E+03 4.756E+05 22.3463 1.00000
  1.700E+08 1.700E+08 2.722E+00 1.078E+03 1.486E+03 9.198E+01 2.656E+03 2.659E+03 4.880E+05 22.7346 1.00000
  2.000E+08 2.000E+08 2.740E+00 1.268E+03 1.749E+03 1.103E+02 3.128E+03 3.131E+03 4.984E+05 23.0596 1.00000
  2.500E+08 2.500E+08 2.765E+00 1.586E+03 2.187E+03 1.415E+02 3.915E+03 3.918E+03 5.126E+05 23.5059 1.00000
  3.000E+08 3.000E+08 2.785E+00 1.904E+03 2.625E+03 1.734E+02 4.703E+03 4.705E+03 5.243E+05 23.8706 1.00000
  3.500E+08 3.500E+08 2.803E+00 2.222E+03 3.063E+03 2.061E+02 5.491E+03 5.494E+03 5.341E+05 24.1789 1.00000
  4.000E+08 4.000E+08 2.818E+00 2.540E+03 3.501E+03 2.392E+02 6.280E+03 6.283E+03 5.426E+05 24.4459 1.00000
  4.500E+08 4.500E+08 2.832E+00 2.858E+03 3.939E+03 2.729E+02 7.070E+03 7.073E+03 5.501E+05 24.6815 1.00000
  5.000E+08 5.000E+08 2.844E+00 3.176E+03 4.377E+03 3.071E+02 7.860E+03 7.863E+03 5.568E+05 24.8922 1.00000
  5.500E+08 5.500E+08 2.855E+00 3.494E+03 4.815E+03 3.417E+02 8.650E+03 8.653E+03 5.629E+05 25.0828 1.00000
  6.000E+08 6.000E+08 2.865E+00 3.812E+03 5.253E+03 3.766E+02 9.441E+03 9.444E+03 5.684E+05 25.2569 1.00000
  7.000E+08 7.000E+08 2.883E+00 4.448E+03 6.128E+03 4.476E+02 1.102E+04 1.103E+04 5.782E+05 25.5651 1.00000
  8.000E+08 8.000E+08 2.899E+00 5.084E+03 7.004E+03 5.198E+02 1.261E+04 1.261E+04 5.866E+05 25.8322 1.00000
  9.000E+08 9.000E+08 2.913E+00 5.720E+03 7.880E+03 5.932E+02 1.419E+04 1.420E+04 5.941E+05 26.0677 1.00000
  1.000E+09 1.000E+09 2.926E+00 6.356E+03 8.756E+03 6.676E+02 1.578E+04 1.578E+04 6.008E+05 26.2784 1.00000
  1.200E+09 1.200E+09 2.948E+00 7.628E+03 1.051E+04 8.191E+02 1.896E+04 1.896E+04 6.123E+05 26.6430 1.00000
  1.400E+09 1.400E+09 2.967E+00 8.900E+03 1.226E+04 9.737E+02 2.213E+04 2.214E+04 6.221E+05 26.9510 1.00000
  1.700E+09 1.700E+09 2.991E+00 1.081E+04 1.489E+04 1.211E+03 2.691E+04 2.691E+04 6.344E+05 27.3393 1.00000
  2.000E+09 2.000E+09 3.011E+00 1.272E+04 1.752E+04 1.453E+03 3.168E+04 3.169E+04 6.446E+05 27.6628 1.00000
  2.500E+09 2.500E+09 3.039E+00 1.590E+04 2.190E+04 1.867E+03 3.966E+04 3.966E+04 6.587E+05 28.1091 1.00000
  3.000E+09 3.000E+09 3.062E+00 1.908E+04 2.628E+04 2.292E+03 4.764E+04 4.765E+04 6.702E+05 28.4672 1.00000
  3.500E+09 3.500E+09 3.082E+00 2.226E+04 3.066E+04 2.726E+03 5.564E+04 5.564E+04 6.799E+05 28.7755 1.00000
  4.000E+09 4.000E+09 3.099E+00 2.544E+04 3.504E+04 3.168E+03 6.364E+04 6.364E+04 6.883E+05 29.0426 1.00000
  4.500E+09 4.500E+09 3.116E+00 2.862E+04 3.942E+04 3.617E+03 7.165E+04 7.165E+04 6.957E+05 29.2490 1.00000
  5.000E+09 5.000E+09 3.130E+00 3.180E+04 4.379E+04 4.073E+03 7.966E+04 7.967E+04 7.023E+05 29.4597 1.00000
  5.500E+09 5.500E+09 3.142E+00 3.498E+04 4.817E+04 4.535E+03 8.768E+04 8.769E+04 7.083E+05 29.6503 1.00000
  6.000E+09 6.000E+09 3.153E+00 3.816E+04 5.255E+04 5.002E+03 9.571E+04 9.571E+04 7.137E+05 29.8244 1.00000
  7.000E+09 7.000E+09 3.174E+00 4.452E+04 6.131E+04 5.950E+03 1.118E+05 1.118E+05 7.234E+05 30.1327 1.00000
  8.000E+09 8.000E+09 3.201E+00 5.088E+04 7.007E+04 6.917E+03 1.279E+05 1.279E+05 7.318E+05 30.2443 1.00000
  9.000E+09 9.000E+09 3.217E+00 5.724E+04 7.883E+04 7.900E+03 1.440E+05 1.440E+05 7.391E+05 30.4798 1.00000
  1.000E+10 1.000E+10 3.231E+00 6.360E+04 8.759E+04 8.896E+03 1.601E+05 1.601E+05 7.457E+05 30.6905 1.00000
  1.200E+10 1.200E+10 3.256E+00 7.632E+04 1.051E+05 1.093E+04 1.924E+05 1.924E+05 7.571E+05 31.0552 1.00000
  1.400E+10 1.400E+10 3.277E+00 8.904E+04 1.226E+05 1.301E+04 2.247E+05 2.247E+05 7.667E+05 31.3635 1.00000
  1.700E+10 1.700E+10 3.304E+00 1.081E+05 1.489E+05 1.620E+04 2.732E+05 2.732E+05 7.788E+05 31.7518 1.00000
  2.000E+10 2.000E+10 3.326E+00 1.272E+05 1.752E+05 1.946E+04 3.218E+05 3.218E+05 7.889E+05 32.0768 1.00000
  2.500E+10 2.500E+10 3.357E+00 1.590E+05 2.190E+05 2.505E+04 4.030E+05 4.030E+05 8.028E+05 32.5231 1.00000
  3.000E+10 3.000E+10 3.383E+00 1.908E+05 2.628E+05 3.078E+04 4.844E+05 4.844E+05 8.141E+05 32.8878 1.00000
  3.500E+10 3.500E+10 3.405E+00 2.226E+05 3.066E+05 3.665E+04 5.658E+05 5.658E+05 8.236E+05 33.1961 1.00000
  4.000E+10 4.000E+10 3.424E+00 2.544E+05 3.504E+05 4.263E+04 6.474E+05 6.474E+05 8.319E+05 33.4631 1.00000
  4.500E+10 4.500E+10 3.441E+00 2.862E+05 3.942E+05 4.872E+04 7.291E+05 7.291E+05 8.391E+05 33.6987 1.00000
  5.000E+10 5.000E+10 3.456E+00 3.180E+05 4.380E+05 5.490E+04 8.109E+05 8.109E+05 8.456E+05 33.9094 1.00000
  5.500E+10 5.500E+10 3.470E+00 3.498E+05 4.818E+05 6.116E+04 8.927E+05 8.927E+05 8.515E+05 34.1000 1.00000
  6.000E+10 6.000E+10 3.483E+00 3.816E+05 5.256E+05 6.750E+04 9.747E+05 9.747E+05 8.569E+05 34.2741 1.00000
  7.000E+10 7.000E+10 3.506E+00 4.452E+05 6.132E+05 8.040E+04 1.139E+06 1.139E+06 8.664E+05 34.5824 1.00000
  8.000E+10 8.000E+10 3.525E+00 5.088E+05 7.008E+05 9.355E+04 1.303E+06 1.303E+06 8.746E+05 34.8494 1.00000
  9.000E+10 9.000E+10 3.543E+00 5.724E+05 7.883E+05 1.069E+05 1.468E+06 1.468E+06 8.818E+05 35.0850 1.00000
  1.000E+11 1.000E+11 3.559E+00 6.360E+05 8.759E+05 1.205E+05 1.632E+06 1.632E+06 8.882E+05 35.2957 1.00000
  1.200E+11 1.200E+11 3.586E+00 7.632E+05 1.051E+06 1.483E+05 1.963E+06 1.963E+06 8.994E+05 35.6604 1.00000
  1.400E+11 1.400E+11 3.610E+00 8.904E+05 1.226E+06 1.767E+05 2.293E+06 2.293E+06 9.088E+05 35.9687 1.00000
  1.700E+11 1.700E+11 3.639E+00 1.081E+06 1.489E+06 2.203E+05 2.791E+06 2.791E+06 9.207E+05 36.3570 1.00000
  2.000E+11 2.000E+11 3.665E+00 1.272E+06 1.752E+06 2.651E+05 3.289E+06 3.289E+06 9.306E+05 36.6820 1.00000
  2.500E+11 2.500E+11 3.699E+00 1.590E+06 2.190E+06 3.417E+05 4.122E+06 4.122E+06 9.441E+05 37.1283 1.00000
  3.000E+11 3.000E+11 3.728E+00 1.908E+06 2.628E+06 4.206E+05 4.956E+06 4.956E+06 9.552E+05 37.4929 1.00000
  3.500E+11 3.500E+11 3.753E+00 2.226E+06 3.066E+06 5.014E+05 5.793E+06 5.793E+06 9.645E+05 37.8012 1.00000
  4.000E+11 4.000E+11 3.774E+00 2.544E+06 3.504E+06 5.839E+05 6.632E+06 6.632E+06 9.725E+05 38.0683 1.00000
  4.500E+11 4.500E+11 3.793E+00 2.862E+06 3.942E+06 6.679E+05 7.471E+06 7.471E+06 9.796E+05 38.3039 1.00000
  5.000E+11 5.000E+11 3.810E+00 3.180E+06 4.380E+06 7.532E+05 8.313E+06 8.313E+06 9.860E+05 38.5146 1.00000
  5.500E+11 5.500E+11 3.826E+00 3.498E+06 4.817E+06 8.398E+05 9.155E+06 9.155E+06 9.917E+05 38.7052 1.00000
  6.000E+11 6.000E+11 3.840E+00 3.816E+06 5.255E+06 9.276E+05 9.999E+06 9.999E+06 9.969E+05 38.8792 1.00000
  7.000E+11 7.000E+11 3.865E+00 4.452E+06 6.131E+06 1.106E+06 1.169E+07 1.169E+07 1.006E+06 39.1875 1.00000
  8.000E+11 8.000E+11 3.887E+00 5.088E+06 7.007E+06 1.289E+06 1.338E+07 1.338E+07 1.014E+06 39.4546 1.00000
  9.000E+11 9.000E+11 3.907E+00 5.724E+06 7.883E+06 1.474E+06 1.508E+07 1.508E+07 1.021E+06 39.6902 1.00000
  1.000E+12 1.000E+12 3.924E+00 6.360E+06 8.759E+06 1.663E+06 1.678E+07 1.678E+07 1.027E+06 39.9009 1.00000
