 Incident particle is a Muon with M = 105.65839 MeV
 Index = 0: LiquidArgon
      Absorber with <Z/A> = 0.45059
 Density effect computed following Fano (1963)
 Models for Radloss: brems =  SSR, pair =  SSR, photonuc = DRSS

 *** Table generated with PUMAS v1.1 ***

      T         p     Ionization  brems     pair     photonuc  Radloss    dE/dx   CSDA Range  delta   beta
    [MeV]    [MeV/c]  -----------------------[MeV cm^2/g]------------------------  [g/cm^2]
  1.000E+00 1.457E+01 3.421E+01 0.000E+00 0.000E+00 0.000E+00 0.000E+00 3.421E+01 1.461E-02  0.0000 0.13661
  1.200E+00 1.597E+01 2.970E+01 0.000E+00 0.000E+00 0.000E+00 0.000E+00 2.970E+01 2.091E-02  0.0000 0.14944
  1.400E+00 1.726E+01 2.634E+01 0.000E+00 0.000E+00 0.000E+00 0.000E+00 2.634E+01 2.807E-02  0.0000 0.16119
  1.700E+00 1.903E+01 2.262E+01 0.000E+00 0.000E+00 0.000E+00 0.000E+00 2.262E+01 4.040E-02  0.0000 0.17725
  2.000E+00 2.066E+01 1.990E+01 0.000E+00 0.000E+00 0.000E+00 0.000E+00 1.990E+01 5.458E-02  0.0000 0.19186
  2.500E+00 2.312E+01 1.669E+01 0.000E+00 0.000E+00 0.000E+00 0.000E+00 1.669E+01 8.214E-02  0.0000 0.21376
  3.000E+00 2.536E+01 1.445E+01 0.000E+00 0.000E+00 0.000E+00 0.000E+00 1.445E+01 1.144E-01  0.0000 0.23336
  3.500E+00 2.742E+01 1.279E+01 0.000E+00 0.000E+00 0.000E+00 0.000E+00 1.279E+01 1.513E-01  0.0000 0.25120
  4.000E+00 2.935E+01 1.152E+01 0.000E+00 0.000E+00 0.000E+00 0.000E+00 1.152E+01 1.925E-01  0.0000 0.26763
  4.500E+00 3.116E+01 1.050E+01 0.000E+00 0.000E+00 0.000E+00 0.000E+00 1.050E+01 2.381E-01  0.0000 0.28290
  5.000E+00 3.289E+01 9.670E+00 0.000E+00 0.000E+00 0.000E+00 0.000E+00 9.670E+00 2.877E-01  0.0000 0.29720
  5.500E+00 3.453E+01 8.979E+00 0.000E+00 0.000E+00 0.000E+00 0.000E+00 8.979E+00 3.414E-01  0.0000 0.31066
  6.000E+00 3.611E+01 8.393E+00 0.000E+00 0.000E+00 0.000E+00 0.000E+00 8.393E+00 3.991E-01  0.0000 0.32339
  7.000E+00 3.909E+01 7.454E+00 0.000E+00 0.000E+00 0.000E+00 0.000E+00 7.454E+00 5.258E-01  0.0000 0.34700
  8.000E+00 4.189E+01 6.733E+00 0.000E+00 0.000E+00 0.000E+00 0.000E+00 6.733E+00 6.672E-01  0.0000 0.36854
  9.000E+00 4.453E+01 6.162E+00 0.000E+00 0.000E+00 0.000E+00 0.000E+00 6.162E+00 8.226E-01  0.0000 0.38836
  1.000E+01 4.704E+01 5.697E+00 0.000E+00 0.000E+00 0.000E+00 0.000E+00 5.697E+00 9.916E-01  0.0000 0.40675
  1.200E+01 5.177E+01 4.986E+00 0.000E+00 0.000E+00 0.000E+00 0.000E+00 4.986E+00 1.368E+00  0.0000 0.43998
  1.400E+01 5.616E+01 4.466E+00 0.000E+00 0.000E+00 0.000E+00 0.000E+00 4.466E+00 1.793E+00  0.0000 0.46937
  1.700E+01 6.230E+01 3.905E+00 0.000E+00 0.000E+00 0.000E+00 0.000E+00 3.905E+00 2.513E+00  0.0000 0.50792
  2.000E+01 6.802E+01 3.505E+00 0.000E+00 0.000E+00 0.000E+00 0.000E+00 3.505E+00 3.326E+00  0.0000 0.54129
  2.500E+01 7.686E+01 3.044E+00 0.000E+00 0.000E+00 0.000E+00 0.000E+00 3.044E+00 4.863E+00  0.0000 0.58827
  3.000E+01 8.509E+01 2.732E+00 0.000E+00 0.000E+00 0.000E+00 0.000E+00 2.732E+00 6.602E+00  0.0000 0.62720
  3.500E+01 9.285E+01 2.509E+00 0.000E+00 0.000E+00 0.000E+00 0.000E+00 2.509E+00 8.515E+00  0.0000 0.66011
  4.000E+01 1.003E+02 2.341E+00 0.000E+00 0.000E+00 0.000E+00 0.000E+00 2.341E+00 1.058E+01  0.0000 0.68834
  4.500E+01 1.074E+02 2.211E+00 0.000E+00 0.000E+00 0.000E+00 0.000E+00 2.211E+00 1.278E+01  0.0000 0.71286
  5.000E+01 1.143E+02 2.107E+00 0.000E+00 0.000E+00 0.000E+00 0.000E+00 2.107E+00 1.510E+01  0.0000 0.73434
  5.500E+01 1.210E+02 2.023E+00 0.000E+00 0.000E+00 0.000E+00 0.000E+00 2.023E+00 1.752E+01  0.0000 0.75332
  6.000E+01 1.276E+02 1.954E+00 0.000E+00 0.000E+00 0.000E+00 0.000E+00 1.954E+00 2.004E+01  0.0000 0.77019
  7.000E+01 1.403E+02 1.848E+00 0.000E+00 0.000E+00 0.000E+00 0.000E+00 1.848E+00 2.531E+01  0.0000 0.79887
  8.000E+01 1.527E+02 1.771E+00 0.000E+00 0.000E+00 0.000E+00 0.000E+00 1.771E+00 3.084E+01  0.0000 0.82227
  9.000E+01 1.647E+02 1.714E+00 0.000E+00 0.000E+00 0.000E+00 0.000E+00 1.714E+00 3.659E+01  0.0000 0.84166
  1.000E+02 1.764E+02 1.670E+00 0.000E+00 0.000E+00 0.000E+00 0.000E+00 1.670E+00 4.250E+01  0.0000 0.85794
  1.200E+02 1.994E+02 1.609E+00 0.000E+00 0.000E+00 0.000E+00 0.000E+00 1.609E+00 5.472E+01  0.0031 0.88361
  1.400E+02 2.218E+02 1.571E+00 0.000E+00 0.000E+00 0.000E+00 0.000E+00 1.571E+00 6.731E+01  0.0161 0.90278
  1.700E+02 2.546E+02 1.537E+00 0.000E+00 0.000E+00 0.000E+00 0.000E+00 1.537E+00 8.664E+01  0.0474 0.92363
  2.000E+02 2.868E+02 1.519E+00 0.000E+00 0.000E+00 0.000E+00 0.000E+00 1.519E+00 1.063E+02  0.0869 0.93835
  2.500E+02 3.396E+02 1.507E+00 1.972E-05 1.013E-07 0.000E+00 1.982E-05 1.507E+00 1.394E+02  0.1606 0.95485
  3.000E+02 3.917E+02 1.508E+00 5.919E-05 1.650E-06 0.000E+00 6.084E-05 1.508E+00 1.725E+02  0.2371 0.96548
  3.500E+02 4.432E+02 1.514E+00 8.703E-05 4.461E-06 0.000E+00 9.149E-05 1.514E+00 2.056E+02  0.3126 0.97274
  4.000E+02 4.945E+02 1.523E+00 1.117E-04 8.593E-06 0.000E+00 1.203E-04 1.523E+00 2.386E+02  0.3855 0.97793
  4.500E+02 5.455E+02 1.533E+00 1.354E-04 1.402E-05 0.000E+00 1.494E-04 1.533E+00 2.713E+02  0.4552 0.98176
  5.000E+02 5.964E+02 1.544E+00 1.590E-04 2.071E-05 0.000E+00 1.797E-04 1.544E+00 3.038E+02  0.5217 0.98467
  5.500E+02 6.471E+02 1.554E+00 1.830E-04 2.863E-05 1.505E-05 2.267E-04 1.555E+00 3.361E+02  0.5850 0.98693
  6.000E+02 6.977E+02 1.565E+00 2.075E-04 3.774E-05 5.017E-05 2.954E-04 1.565E+00 3.681E+02  0.6453 0.98873
  7.000E+02 7.987E+02 1.586E+00 2.582E-04 5.941E-05 1.199E-04 4.376E-04 1.586E+00 4.316E+02  0.7578 0.99136
  8.000E+02 8.995E+02 1.606E+00 3.116E-04 8.541E-05 1.857E-04 5.827E-04 1.606E+00 4.942E+02  0.8611 0.99317
  9.000E+02 1.000E+03 1.624E+00 3.676E-04 1.155E-04 2.485E-04 7.316E-04 1.624E+00 5.561E+02  0.9565 0.99447
  1.000E+03 1.101E+03 1.641E+00 4.261E-04 1.494E-04 3.093E-04 8.848E-04 1.641E+00 6.174E+02  1.0454 0.99542
  1.200E+03 1.301E+03 1.671E+00 5.501E-04 2.279E-04 4.267E-04 1.205E-03 1.672E+00 7.381E+02  1.2078 0.99672
  1.400E+03 1.502E+03 1.697E+00 6.825E-04 3.194E-04 5.402E-04 1.542E-03 1.698E+00 8.567E+02  1.3542 0.99753
  1.700E+03 1.803E+03 1.730E+00 8.948E-04 4.781E-04 7.055E-04 2.078E-03 1.732E+00 1.032E+03  1.5525 0.99829
  2.000E+03 2.103E+03 1.758E+00 1.121E-03 6.599E-04 8.662E-04 2.647E-03 1.761E+00 1.203E+03  1.7320 0.99874
  2.500E+03 2.604E+03 1.795E+00 1.525E-03 1.007E-03 1.126E-03 3.658E-03 1.799E+00 1.484E+03  2.0012 0.99918
  3.000E+03 3.104E+03 1.825E+00 1.955E-03 1.401E-03 1.378E-03 4.735E-03 1.830E+00 1.760E+03  2.2414 0.99942
  3.500E+03 3.604E+03 1.849E+00 2.409E-03 1.836E-03 1.624E-03 5.869E-03 1.855E+00 2.031E+03  2.4581 0.99957
  4.000E+03 4.104E+03 1.870E+00 2.883E-03 2.318E-03 1.864E-03 7.066E-03 1.877E+00 2.299E+03  2.6549 0.99967
  4.500E+03 4.604E+03 1.888E+00 3.374E-03 2.838E-03 2.100E-03 8.313E-03 1.896E+00 2.564E+03  2.8348 0.99974
  5.000E+03 5.105E+03 1.903E+00 3.881E-03 3.388E-03 2.332E-03 9.602E-03 1.913E+00 2.826E+03  3.0001 0.99979
  5.500E+03 5.605E+03 1.917E+00 4.403E-03 3.965E-03 2.561E-03 1.093E-02 1.928E+00 3.087E+03  3.1527 0.99982
  6.000E+03 6.105E+03 1.930E+00 4.937E-03 4.567E-03 2.786E-03 1.229E-02 1.942E+00 3.345E+03  3.2944 0.99985
  7.000E+03 7.105E+03 1.952E+00 6.039E-03 5.838E-03 3.228E-03 1.510E-02 1.967E+00 3.857E+03  3.5501 0.99989
  8.000E+03 8.105E+03 1.970E+00 7.181E-03 7.188E-03 3.661E-03 1.803E-02 1.988E+00 4.362E+03  3.7757 0.99992
  9.000E+03 9.105E+03 1.986E+00 8.359E-03 8.608E-03 4.087E-03 2.105E-02 2.007E+00 4.863E+03  3.9776 0.99993
  1.000E+04 1.011E+04 2.000E+00 9.567E-03 1.009E-02 4.505E-03 2.416E-02 2.024E+00 5.359E+03  4.1600 0.99995
  1.200E+04 1.211E+04 2.024E+00 1.206E-02 1.321E-02 5.326E-03 3.060E-02 2.055E+00 6.339E+03  4.4798 0.99996
  1.400E+04 1.411E+04 2.044E+00 1.465E-02 1.652E-02 6.129E-03 3.730E-02 2.081E+00 7.306E+03  4.7537 0.99997
  1.700E+04 1.711E+04 2.068E+00 1.868E-02 2.177E-02 7.308E-03 4.776E-02 2.116E+00 8.736E+03  5.1033 0.99998
  2.000E+04 2.011E+04 2.088E+00 2.286E-02 2.730E-02 8.462E-03 5.862E-02 2.146E+00 1.014E+04  5.3998 0.99999
  2.500E+04 2.511E+04 2.114E+00 3.007E-02 3.703E-02 1.035E-02 7.744E-02 2.191E+00 1.245E+04  5.8129 0.99999
  3.000E+04 3.011E+04 2.134E+00 3.755E-02 4.727E-02 1.220E-02 9.701E-02 2.231E+00 1.471E+04  6.1554 0.99999
  3.500E+04 3.511E+04 2.151E+00 4.525E-02 5.792E-02 1.402E-02 1.172E-01 2.268E+00 1.693E+04  6.4484 1.00000
  4.000E+04 4.011E+04 2.165E+00 5.313E-02 6.891E-02 1.582E-02 1.379E-01 2.303E+00 1.912E+04  6.7044 1.00000
  4.500E+04 4.511E+04 2.178E+00 6.118E-02 8.019E-02 1.761E-02 1.590E-01 2.337E+00 2.127E+04  6.9318 1.00000
  5.000E+04 5.011E+04 2.189E+00 6.936E-02 9.172E-02 1.939E-02 1.805E-01 2.369E+00 2.340E+04  7.1364 1.00000
  5.500E+04 5.511E+04 2.198E+00 7.766E-02 1.035E-01 2.115E-02 2.023E-01 2.401E+00 2.550E+04  7.3222 1.00000
  6.000E+04 6.011E+04 2.207E+00 8.608E-02 1.154E-01 2.292E-02 2.244E-01 2.432E+00 2.756E+04  7.4925 1.00000
  7.000E+04 7.011E+04 2.222E+00 1.032E-01 1.398E-01 2.642E-02 2.694E-01 2.492E+00 3.163E+04  7.7953 1.00000
  8.000E+04 8.011E+04 2.236E+00 1.207E-01 1.647E-01 2.991E-02 3.153E-01 2.551E+00 3.559E+04  8.0587 1.00000
  9.000E+04 9.011E+04 2.247E+00 1.384E-01 1.901E-01 3.339E-02 3.619E-01 2.609E+00 3.947E+04  8.2916 1.00000
  1.000E+05 1.001E+05 2.257E+00 1.564E-01 2.159E-01 3.686E-02 4.092E-01 2.666E+00 4.326E+04  8.5004 1.00000
  1.200E+05 1.201E+05 2.274E+00 1.931E-01 2.685E-01 4.381E-02 5.054E-01 2.780E+00 5.061E+04  8.8625 1.00000
  1.400E+05 1.401E+05 2.289E+00 2.304E-01 3.221E-01 5.075E-02 6.033E-01 2.892E+00 5.766E+04  9.1691 1.00000
  1.700E+05 1.701E+05 2.307E+00 2.876E-01 4.041E-01 6.119E-02 7.529E-01 3.060E+00 6.774E+04  9.5559 1.00000
  2.000E+05 2.001E+05 2.322E+00 3.458E-01 4.875E-01 7.167E-02 9.050E-01 3.227E+00 7.729E+04  9.8801 1.00000
  2.500E+05 2.501E+05 2.343E+00 4.446E-01 6.289E-01 8.924E-02 1.163E+00 3.505E+00 9.215E+04 10.3255 1.00000
  3.000E+05 3.001E+05 2.359E+00 5.453E-01 7.725E-01 1.069E-01 1.425E+00 3.784E+00 1.059E+05 10.6896 1.00000
  3.500E+05 3.501E+05 2.374E+00 6.474E-01 9.178E-01 1.248E-01 1.690E+00 4.064E+00 1.186E+05 10.9976 1.00000
  4.000E+05 4.001E+05 2.386E+00 7.506E-01 1.064E+00 1.428E-01 1.958E+00 4.344E+00 1.305E+05 11.2644 1.00000
  4.500E+05 4.501E+05 2.397E+00 8.548E-01 1.212E+00 1.609E-01 2.228E+00 4.625E+00 1.417E+05 11.4998 1.00000
  5.000E+05 5.001E+05 2.407E+00 9.599E-01 1.361E+00 1.791E-01 2.500E+00 4.906E+00 1.522E+05 11.7104 1.00000
  5.500E+05 5.501E+05 2.416E+00 1.066E+00 1.510E+00 1.975E-01 2.773E+00 5.188E+00 1.621E+05 11.9009 1.00000
  6.000E+05 6.001E+05 2.424E+00 1.172E+00 1.660E+00 2.159E-01 3.048E+00 5.471E+00 1.715E+05 12.0749 1.00000
  7.000E+05 7.001E+05 2.438E+00 1.387E+00 1.961E+00 2.532E-01 3.601E+00 6.039E+00 1.889E+05 12.3831 1.00000
  8.000E+05 8.001E+05 2.450E+00 1.603E+00 2.264E+00 2.909E-01 4.158E+00 6.608E+00 2.047E+05 12.6501 1.00000
  9.000E+05 9.001E+05 2.462E+00 1.820E+00 2.568E+00 3.289E-01 4.718E+00 7.179E+00 2.192E+05 12.8856 1.00000
  1.000E+06 1.000E+06 2.471E+00 2.039E+00 2.874E+00 3.673E-01 5.280E+00 7.752E+00 2.326E+05 13.0963 1.00000
  1.200E+06 1.200E+06 2.489E+00 2.481E+00 3.487E+00 4.449E-01 6.413E+00 8.901E+00 2.567E+05 13.4609 1.00000
  1.400E+06 1.400E+06 2.503E+00 2.925E+00 4.104E+00 5.238E-01 7.552E+00 1.006E+01 2.778E+05 13.7691 1.00000
  1.700E+06 1.700E+06 2.522E+00 3.596E+00 5.032E+00 6.439E-01 9.272E+00 1.179E+01 3.053E+05 14.1574 1.00000
  2.000E+06 2.000E+06 2.538E+00 4.272E+00 5.963E+00 7.659E-01 1.100E+01 1.354E+01 3.290E+05 14.4824 1.00000
  2.500E+06 2.500E+06 2.559E+00 5.406E+00 7.522E+00 9.732E-01 1.390E+01 1.646E+01 3.625E+05 14.9287 1.00000
  3.000E+06 3.000E+06 2.577E+00 6.546E+00 9.085E+00 1.185E+00 1.682E+01 1.939E+01 3.904E+05 15.2933 1.00000
  3.500E+06 3.500E+06 2.592E+00 7.691E+00 1.065E+01 1.399E+00 1.974E+01 2.233E+01 4.145E+05 15.6016 1.00000
  4.000E+06 4.000E+06 2.606E+00 8.840E+00 1.222E+01 1.617E+00 2.268E+01 2.528E+01 4.355E+05 15.8686 1.00000
  4.500E+06 4.500E+06 2.617E+00 9.992E+00 1.379E+01 1.838E+00 2.562E+01 2.824E+01 4.542E+05 16.1042 1.00000
  5.000E+06 5.000E+06 2.628E+00 1.115E+01 1.537E+01 2.062E+00 2.857E+01 3.120E+01 4.710E+05 16.3149 1.00000
  5.500E+06 5.500E+06 2.637E+00 1.230E+01 1.694E+01 2.287E+00 3.153E+01 3.417E+01 4.863E+05 16.5055 1.00000
  6.000E+06 6.000E+06 2.646E+00 1.346E+01 1.852E+01 2.515E+00 3.449E+01 3.714E+01 5.004E+05 16.6795 1.00000
  7.000E+06 7.000E+06 2.662E+00 1.578E+01 2.167E+01 2.977E+00 4.043E+01 4.309E+01 5.253E+05 16.9878 1.00000
  8.000E+06 8.000E+06 2.676E+00 1.811E+01 2.483E+01 3.445E+00 4.638E+01 4.906E+01 5.471E+05 17.2549 1.00000
  9.000E+06 9.000E+06 2.688E+00 2.044E+01 2.799E+01 3.920E+00 5.235E+01 5.504E+01 5.663E+05 17.4905 1.00000
  1.000E+07 1.000E+07 2.698E+00 2.278E+01 3.115E+01 4.401E+00 5.833E+01 6.103E+01 5.836E+05 17.7012 1.00000
  1.200E+07 1.200E+07 2.717E+00 2.745E+01 3.748E+01 5.377E+00 7.031E+01 7.302E+01 6.135E+05 18.0658 1.00000
  1.400E+07 1.400E+07 2.734E+00 3.213E+01 4.381E+01 6.372E+00 8.232E+01 8.505E+01 6.388E+05 18.3741 1.00000
  1.700E+07 1.700E+07 2.754E+00 3.917E+01 5.332E+01 7.893E+00 1.004E+02 1.031E+02 6.708E+05 18.7624 1.00000
  2.000E+07 2.000E+07 2.771E+00 4.621E+01 6.283E+01 9.445E+00 1.185E+02 1.213E+02 6.976E+05 19.0875 1.00000
  2.500E+07 2.500E+07 2.795E+00 5.796E+01 7.870E+01 1.209E+01 1.487E+02 1.515E+02 7.345E+05 19.5337 1.00000
  3.000E+07 3.000E+07 2.815E+00 6.973E+01 9.457E+01 1.479E+01 1.791E+02 1.819E+02 7.645E+05 19.8984 1.00000
  3.500E+07 3.500E+07 2.832E+00 8.150E+01 1.104E+02 1.755E+01 2.095E+02 2.123E+02 7.899E+05 20.2067 1.00000
  4.000E+07 4.000E+07 2.847E+00 9.329E+01 1.263E+02 2.035E+01 2.400E+02 2.428E+02 8.119E+05 20.4737 1.00000
  4.500E+07 4.500E+07 2.860E+00 1.051E+02 1.422E+02 2.319E+01 2.705E+02 2.733E+02 8.313E+05 20.7093 1.00000
  5.000E+07 5.000E+07 2.871E+00 1.169E+02 1.581E+02 2.606E+01 3.010E+02 3.039E+02 8.487E+05 20.9200 1.00000
  5.500E+07 5.500E+07 2.882E+00 1.287E+02 1.740E+02 2.898E+01 3.316E+02 3.345E+02 8.644E+05 21.1107 1.00000
  6.000E+07 6.000E+07 2.892E+00 1.405E+02 1.899E+02 3.192E+01 3.623E+02 3.651E+02 8.787E+05 21.2847 1.00000
  7.000E+07 7.000E+07 2.909E+00 1.641E+02 2.217E+02 3.788E+01 4.236E+02 4.265E+02 9.040E+05 21.5930 1.00000
  8.000E+07 8.000E+07 2.924E+00 1.877E+02 2.535E+02 4.395E+01 4.851E+02 4.880E+02 9.259E+05 21.8600 1.00000
  9.000E+07 9.000E+07 2.938E+00 2.113E+02 2.853E+02 5.011E+01 5.466E+02 5.496E+02 9.452E+05 22.0956 1.00000
  1.000E+08 1.000E+08 2.950E+00 2.349E+02 3.171E+02 5.635E+01 6.083E+02 6.113E+02 9.624E+05 22.3063 1.00000
  1.200E+08 1.200E+08 2.971E+00 2.821E+02 3.807E+02 6.904E+01 7.318E+02 7.348E+02 9.922E+05 22.6710 1.00000
  1.400E+08 1.400E+08 2.989E+00 3.294E+02 4.443E+02 8.198E+01 8.557E+02 8.586E+02 1.017E+06 22.9793 1.00000
  1.700E+08 1.700E+08 3.012E+00 4.003E+02 5.397E+02 1.018E+02 1.042E+03 1.045E+03 1.049E+06 23.3676 1.00000
  2.000E+08 2.000E+08 3.031E+00 4.712E+02 6.351E+02 1.220E+02 1.228E+03 1.231E+03 1.075E+06 23.6926 1.00000
  2.500E+08 2.500E+08 3.058E+00 5.894E+02 7.942E+02 1.566E+02 1.540E+03 1.543E+03 1.112E+06 24.1389 1.00000
  3.000E+08 3.000E+08 3.080E+00 7.076E+02 9.533E+02 1.920E+02 1.853E+03 1.856E+03 1.141E+06 24.5035 1.00000
  3.500E+08 3.500E+08 3.098E+00 8.258E+02 1.112E+03 2.281E+02 2.166E+03 2.169E+03 1.166E+06 24.8118 1.00000
  4.000E+08 4.000E+08 3.115E+00 9.441E+02 1.271E+03 2.648E+02 2.480E+03 2.483E+03 1.188E+06 25.0789 1.00000
  4.500E+08 4.500E+08 3.129E+00 1.062E+03 1.431E+03 3.021E+02 2.795E+03 2.798E+03 1.207E+06 25.3145 1.00000
  5.000E+08 5.000E+08 3.142E+00 1.181E+03 1.590E+03 3.399E+02 3.110E+03 3.113E+03 1.223E+06 25.5252 1.00000
  5.500E+08 5.500E+08 3.154E+00 1.299E+03 1.749E+03 3.782E+02 3.426E+03 3.429E+03 1.239E+06 25.7158 1.00000
  6.000E+08 6.000E+08 3.165E+00 1.417E+03 1.908E+03 4.169E+02 3.742E+03 3.745E+03 1.253E+06 25.8898 1.00000
  7.000E+08 7.000E+08 3.185E+00 1.654E+03 2.226E+03 4.954E+02 4.375E+03 4.378E+03 1.277E+06 26.1981 1.00000
  8.000E+08 8.000E+08 3.202E+00 1.890E+03 2.544E+03 5.754E+02 5.010E+03 5.013E+03 1.299E+06 26.4652 1.00000
  9.000E+08 9.000E+08 3.217E+00 2.126E+03 2.863E+03 6.566E+02 5.646E+03 5.649E+03 1.318E+06 26.7006 1.00000
  1.000E+09 1.000E+09 3.230E+00 2.363E+03 3.181E+03 7.389E+02 6.283E+03 6.286E+03 1.334E+06 26.9114 1.00000
  1.200E+09 1.200E+09 3.254E+00 2.836E+03 3.817E+03 9.066E+02 7.560E+03 7.563E+03 1.363E+06 27.2760 1.00000
  1.400E+09 1.400E+09 3.274E+00 3.309E+03 4.454E+03 1.078E+03 8.841E+03 8.844E+03 1.388E+06 27.5839 1.00000
  1.700E+09 1.700E+09 3.299E+00 4.019E+03 5.408E+03 1.340E+03 1.077E+04 1.077E+04 1.418E+06 27.9722 1.00000
  2.000E+09 2.000E+09 3.321E+00 4.728E+03 6.363E+03 1.609E+03 1.270E+04 1.270E+04 1.444E+06 28.2957 1.00000
  2.500E+09 2.500E+09 3.351E+00 5.911E+03 7.954E+03 2.067E+03 1.593E+04 1.594E+04 1.479E+06 28.7420 1.00000
  3.000E+09 3.000E+09 3.376E+00 7.093E+03 9.546E+03 2.537E+03 1.918E+04 1.918E+04 1.508E+06 29.1002 1.00000
  3.500E+09 3.500E+09 3.397E+00 8.276E+03 1.114E+04 3.018E+03 2.243E+04 2.243E+04 1.532E+06 29.4085 1.00000
  4.000E+09 4.000E+09 3.415E+00 9.458E+03 1.273E+04 3.507E+03 2.569E+04 2.570E+04 1.553E+06 29.6755 1.00000
  4.500E+09 4.500E+09 3.433E+00 1.064E+04 1.432E+04 4.004E+03 2.896E+04 2.897E+04 1.571E+06 29.8820 1.00000
  5.000E+09 5.000E+09 3.448E+00 1.182E+04 1.591E+04 4.508E+03 3.224E+04 3.225E+04 1.587E+06 30.0927 1.00000
  5.500E+09 5.500E+09 3.461E+00 1.301E+04 1.750E+04 5.019E+03 3.553E+04 3.553E+04 1.602E+06 30.2833 1.00000
  6.000E+09 6.000E+09 3.474E+00 1.419E+04 1.909E+04 5.536E+03 3.882E+04 3.882E+04 1.615E+06 30.4573 1.00000
  7.000E+09 7.000E+09 3.495E+00 1.655E+04 2.228E+04 6.586E+03 4.542E+04 4.542E+04 1.639E+06 30.7656 1.00000
  8.000E+09 8.000E+09 3.525E+00 1.892E+04 2.546E+04 7.656E+03 5.203E+04 5.204E+04 1.660E+06 30.8772 1.00000
  9.000E+09 9.000E+09 3.542E+00 2.128E+04 2.864E+04 8.744E+03 5.867E+04 5.867E+04 1.678E+06 31.1128 1.00000
  1.000E+10 1.000E+10 3.557E+00 2.365E+04 3.182E+04 9.847E+03 6.532E+04 6.532E+04 1.694E+06 31.3235 1.00000
  1.200E+10 1.200E+10 3.583E+00 2.838E+04 3.819E+04 1.210E+04 7.866E+04 7.867E+04 1.722E+06 31.6882 1.00000
  1.400E+10 1.400E+10 3.606E+00 3.311E+04 4.455E+04 1.440E+04 9.206E+04 9.206E+04 1.745E+06 31.9965 1.00000
  1.700E+10 1.700E+10 3.634E+00 4.021E+04 5.410E+04 1.793E+04 1.122E+05 1.122E+05 1.775E+06 32.3848 1.00000
  2.000E+10 2.000E+10 3.658E+00 4.730E+04 6.365E+04 2.154E+04 1.325E+05 1.325E+05 1.799E+06 32.7098 1.00000
  2.500E+10 2.500E+10 3.692E+00 5.913E+04 7.956E+04 2.772E+04 1.664E+05 1.664E+05 1.833E+06 33.1561 1.00000
  3.000E+10 3.000E+10 3.719E+00 7.095E+04 9.547E+04 3.407E+04 2.005E+05 2.005E+05 1.860E+06 33.5207 1.00000
  3.500E+10 3.500E+10 3.743E+00 8.278E+04 1.114E+05 4.057E+04 2.347E+05 2.347E+05 1.883E+06 33.8290 1.00000
  4.000E+10 4.000E+10 3.763E+00 9.460E+04 1.273E+05 4.719E+04 2.691E+05 2.691E+05 1.903E+06 34.0961 1.00000
  4.500E+10 4.500E+10 3.781E+00 1.064E+05 1.432E+05 5.393E+04 3.036E+05 3.036E+05 1.921E+06 34.3317 1.00000
  5.000E+10 5.000E+10 3.798E+00 1.183E+05 1.591E+05 6.076E+04 3.381E+05 3.381E+05 1.936E+06 34.5424 1.00000
  5.500E+10 5.500E+10 3.813E+00 1.301E+05 1.750E+05 6.770E+04 3.728E+05 3.728E+05 1.950E+06 34.7330 1.00000
  6.000E+10 6.000E+10 3.826E+00 1.419E+05 1.909E+05 7.472E+04 4.076E+05 4.076E+05 1.963E+06 34.9070 1.00000
  7.000E+10 7.000E+10 3.851E+00 1.656E+05 2.228E+05 8.899E+04 4.773E+05 4.773E+05 1.986E+06 35.2153 1.00000
  8.000E+10 8.000E+10 3.872E+00 1.892E+05 2.546E+05 1.035E+05 5.474E+05 5.474E+05 2.005E+06 35.4824 1.00000
  9.000E+10 9.000E+10 3.890E+00 2.129E+05 2.864E+05 1.184E+05 6.176E+05 6.176E+05 2.023E+06 35.7180 1.00000
  1.000E+11 1.000E+11 3.907E+00 2.365E+05 3.182E+05 1.334E+05 6.882E+05 6.882E+05 2.038E+06 35.9287 1.00000
  1.200E+11 1.200E+11 3.937E+00 2.838E+05 3.819E+05 1.641E+05 8.298E+05 8.298E+05 2.064E+06 36.2933 1.00000
  1.400E+11 1.400E+11 3.962E+00 3.311E+05 4.455E+05 1.955E+05 9.722E+05 9.722E+05 2.087E+06 36.6016 1.00000
  1.700E+11 1.700E+11 3.994E+00 4.021E+05 5.410E+05 2.438E+05 1.187E+06 1.187E+06 2.115E+06 36.9899 1.00000
  2.000E+11 2.000E+11 4.021E+00 4.730E+05 6.365E+05 2.934E+05 1.403E+06 1.403E+06 2.138E+06 37.3150 1.00000
  2.500E+11 2.500E+11 4.058E+00 5.913E+05 7.956E+05 3.782E+05 1.765E+06 1.765E+06 2.169E+06 37.7613 1.00000
  3.000E+11 3.000E+11 4.089E+00 7.095E+05 9.547E+05 4.656E+05 2.130E+06 2.130E+06 2.195E+06 38.1259 1.00000
  3.500E+11 3.500E+11 4.115E+00 8.278E+05 1.114E+06 5.550E+05 2.497E+06 2.497E+06 2.217E+06 38.4342 1.00000
  4.000E+11 4.000E+11 4.138E+00 9.461E+05 1.273E+06 6.463E+05 2.865E+06 2.865E+06 2.236E+06 38.7013 1.00000
  4.500E+11 4.500E+11 4.158E+00 1.064E+06 1.432E+06 7.393E+05 3.236E+06 3.236E+06 2.252E+06 38.9368 1.00000
  5.000E+11 5.000E+11 4.176E+00 1.183E+06 1.591E+06 8.337E+05 3.607E+06 3.607E+06 2.267E+06 39.1476 1.00000
  5.500E+11 5.500E+11 4.193E+00 1.301E+06 1.750E+06 9.296E+05 3.981E+06 3.981E+06 2.280E+06 39.3382 1.00000
  6.000E+11 6.000E+11 4.208E+00 1.419E+06 1.909E+06 1.027E+06 4.355E+06 4.355E+06 2.292E+06 39.5122 1.00000
  7.000E+11 7.000E+11 4.235E+00 1.656E+06 2.228E+06 1.224E+06 5.108E+06 5.108E+06 2.313E+06 39.8205 1.00000
  8.000E+11 8.000E+11 4.259E+00 1.892E+06 2.546E+06 1.426E+06 5.864E+06 5.864E+06 2.331E+06 40.0876 1.00000
  9.000E+11 9.000E+11 4.280E+00 2.129E+06 2.864E+06 1.632E+06 6.625E+06 6.625E+06 2.347E+06 40.3231 1.00000
  1.000E+12 1.000E+12 4.299E+00 2.365E+06 3.182E+06 1.841E+06 7.388E+06 7.388E+06 2.362E+06 40.5339 1.00000
