 Incident particle is a Muon with M = 105.65839 MeV
 Index = 0: LiquidNitrogen
      Absorber with <Z/A> = 0.49974
 Sternheimer coef:  a     k=m_s   x_0    x_1    I[eV]   Cbar  delta0
                 0.5329  3.0000  0.3039  2.0000   82.0  3.9996 0.00

 *** Table generated with PUMAS v1.00 ***

      T         p     Ionization  brems     pair     photonuc  Radloss    dE/dx   CSDA Range  delta   beta
    [MeV]    [MeV/c]  -----------------------[MeV cm^2/g]------------------------  [g/cm^2]
  1.000E+00 1.457E+01 4.477E+01 7.534E-07 0.000E+00 0.000E+00 7.534E-07 4.477E+01 1.117E-02  0.0000 0.13661
  1.200E+00 1.597E+01 3.865E+01 8.638E-07 0.000E+00 0.000E+00 8.638E-07 3.865E+01 1.599E-02  0.0000 0.14944
  1.400E+00 1.726E+01 3.411E+01 9.692E-07 0.000E+00 0.000E+00 9.692E-07 3.411E+01 2.151E-02  0.0000 0.16119
  1.700E+00 1.903E+01 2.914E+01 1.120E-06 0.000E+00 0.000E+00 1.120E-06 2.914E+01 3.105E-02  0.0000 0.17725
  2.000E+00 2.066E+01 2.553E+01 1.262E-06 0.000E+00 0.000E+00 1.262E-06 2.553E+01 4.208E-02  0.0000 0.19186
  2.500E+00 2.312E+01 2.130E+01 1.486E-06 0.000E+00 0.000E+00 1.486E-06 2.130E+01 6.361E-02  0.0000 0.21376
  3.000E+00 2.536E+01 1.836E+01 1.695E-06 0.000E+00 0.000E+00 1.695E-06 1.836E+01 8.896E-02  0.0000 0.23336
  3.500E+00 2.742E+01 1.621E+01 1.892E-06 0.000E+00 0.000E+00 1.892E-06 1.621E+01 1.180E-01  0.0000 0.25120
  4.000E+00 2.935E+01 1.455E+01 2.080E-06 0.000E+00 0.000E+00 2.080E-06 1.455E+01 1.506E-01  0.0000 0.26763
  4.500E+00 3.116E+01 1.324E+01 2.259E-06 0.000E+00 0.000E+00 2.259E-06 1.324E+01 1.867E-01  0.0000 0.28290
  5.000E+00 3.289E+01 1.217E+01 2.431E-06 0.000E+00 0.000E+00 2.431E-06 1.217E+01 2.261E-01  0.0000 0.29720
  5.500E+00 3.453E+01 1.128E+01 2.596E-06 0.000E+00 0.000E+00 2.596E-06 1.128E+01 2.688E-01  0.0000 0.31066
  6.000E+00 3.611E+01 1.053E+01 2.755E-06 0.000E+00 0.000E+00 2.755E-06 1.053E+01 3.147E-01  0.0000 0.32339
  7.000E+00 3.909E+01 9.325E+00 3.059E-06 0.000E+00 0.000E+00 3.059E-06 9.325E+00 4.159E-01  0.0000 0.34700
  8.000E+00 4.189E+01 8.405E+00 3.345E-06 0.000E+00 0.000E+00 3.345E-06 8.405E+00 5.290E-01  0.0000 0.36854
  9.000E+00 4.453E+01 7.678E+00 3.617E-06 0.000E+00 0.000E+00 3.617E-06 7.678E+00 6.536E-01  0.0000 0.38836
  1.000E+01 4.704E+01 7.088E+00 3.876E-06 0.000E+00 0.000E+00 3.876E-06 7.088E+00 7.892E-01  0.0000 0.40675
  1.200E+01 5.177E+01 6.187E+00 4.363E-06 0.000E+00 0.000E+00 4.363E-06 6.187E+00 1.092E+00  0.0000 0.43998
  1.400E+01 5.616E+01 5.531E+00 4.817E-06 0.000E+00 0.000E+00 4.817E-06 5.531E+00 1.434E+00  0.0000 0.46937
  1.700E+01 6.230E+01 4.824E+00 5.451E-06 0.000E+00 0.000E+00 5.451E-06 4.824E+00 2.016E+00  0.0000 0.50792
  2.000E+01 6.802E+01 4.322E+00 6.042E-06 0.000E+00 0.000E+00 6.042E-06 4.322E+00 2.674E+00  0.0000 0.54129
  2.500E+01 7.686E+01 3.744E+00 6.959E-06 0.000E+00 0.000E+00 6.959E-06 3.744E+00 3.921E+00  0.0000 0.58827
  3.000E+01 8.509E+01 3.354E+00 7.819E-06 0.000E+00 0.000E+00 7.819E-06 3.354E+00 5.334E+00  0.0000 0.62720
  3.500E+01 9.285E+01 3.075E+00 8.640E-06 0.000E+00 0.000E+00 8.640E-06 3.075E+00 6.892E+00  0.0000 0.66011
  4.000E+01 1.003E+02 2.865E+00 9.437E-06 0.000E+00 0.000E+00 9.437E-06 2.865E+00 8.578E+00  0.0000 0.68834
  4.500E+01 1.074E+02 2.702E+00 1.022E-05 0.000E+00 0.000E+00 1.022E-05 2.702E+00 1.038E+01  0.0000 0.71286
  5.000E+01 1.143E+02 2.573E+00 1.099E-05 0.000E+00 0.000E+00 1.099E-05 2.573E+00 1.227E+01  0.0000 0.73434
  5.500E+01 1.210E+02 2.468E+00 1.175E-05 0.000E+00 0.000E+00 1.175E-05 2.468E+00 1.426E+01  0.0000 0.75332
  6.000E+01 1.276E+02 2.382E+00 1.251E-05 0.000E+00 0.000E+00 1.251E-05 2.382E+00 1.632E+01  0.0000 0.77019
  7.000E+01 1.403E+02 2.249E+00 1.403E-05 0.000E+00 0.000E+00 1.403E-05 2.249E+00 2.064E+01  0.0000 0.79887
  8.000E+01 1.527E+02 2.152E+00 1.556E-05 0.000E+00 0.000E+00 1.556E-05 2.152E+00 2.519E+01  0.0000 0.82227
  9.000E+01 1.647E+02 2.080E+00 1.711E-05 0.000E+00 0.000E+00 1.711E-05 2.080E+00 2.991E+01  0.0000 0.84166
  1.000E+02 1.764E+02 2.025E+00 1.868E-05 0.000E+00 0.000E+00 1.868E-05 2.025E+00 3.479E+01  0.0000 0.85794
  1.200E+02 1.994E+02 1.948E+00 2.191E-05 0.000E+00 0.000E+00 2.191E-05 1.948E+00 4.486E+01  0.0000 0.88361
  1.400E+02 2.218E+02 1.900E+00 2.524E-05 0.000E+00 0.000E+00 2.524E-05 1.900E+00 5.526E+01  0.0011 0.90278
  1.700E+02 2.546E+02 1.856E+00 3.046E-05 4.484E-14 0.000E+00 3.046E-05 1.856E+00 7.123E+01  0.0168 0.92363
  2.000E+02 2.868E+02 1.833E+00 3.594E-05 1.002E-11 0.000E+00 3.594E-05 1.833E+00 8.750E+01  0.0454 0.93835
  2.500E+02 3.396E+02 1.816E+00 4.559E-05 8.258E-08 0.000E+00 4.568E-05 1.816E+00 1.149E+02  0.1088 0.95485
  3.000E+02 3.917E+02 1.813E+00 5.587E-05 7.320E-07 0.000E+00 5.660E-05 1.814E+00 1.425E+02  0.1823 0.96548
  3.500E+02 4.432E+02 1.818E+00 6.671E-05 2.013E-06 0.000E+00 6.872E-05 1.818E+00 1.700E+02  0.2604 0.97274
  4.000E+02 4.945E+02 1.826E+00 7.806E-05 3.896E-06 0.000E+00 8.196E-05 1.826E+00 1.974E+02  0.3400 0.97793
  4.500E+02 5.455E+02 1.835E+00 8.989E-05 6.360E-06 0.000E+00 9.625E-05 1.835E+00 2.248E+02  0.4197 0.98176
  5.000E+02 5.964E+02 1.845E+00 1.022E-04 9.383E-06 0.000E+00 1.115E-04 1.845E+00 2.519E+02  0.4985 0.98467
  5.500E+02 6.471E+02 1.855E+00 1.148E-04 1.295E-05 0.000E+00 1.278E-04 1.855E+00 2.790E+02  0.5759 0.98693
  6.000E+02 6.977E+02 1.866E+00 1.279E-04 1.703E-05 0.000E+00 1.449E-04 1.866E+00 3.058E+02  0.6517 0.98873
  7.000E+02 7.987E+02 1.885E+00 1.551E-04 2.670E-05 0.000E+00 1.818E-04 1.886E+00 3.591E+02  0.7977 0.99136
  8.000E+02 8.995E+02 1.904E+00 1.836E-04 3.825E-05 0.000E+00 2.219E-04 1.904E+00 4.119E+02  0.9363 0.99317
  9.000E+02 1.000E+03 1.921E+00 2.133E-04 5.157E-05 0.000E+00 2.649E-04 1.921E+00 4.642E+02  1.0676 0.99447
  1.000E+03 1.101E+03 1.937E+00 2.440E-04 6.655E-05 0.000E+00 3.106E-04 1.937E+00 5.160E+02  1.1923 0.99542
  1.200E+03 1.301E+03 1.965E+00 3.084E-04 1.011E-04 2.255E-05 4.320E-04 1.965E+00 6.186E+02  1.4233 0.99672
  1.400E+03 1.502E+03 1.988E+00 3.762E-04 1.413E-04 6.174E-05 5.792E-04 1.989E+00 7.197E+02  1.6331 0.99753
  1.700E+03 1.803E+03 2.019E+00 4.833E-04 2.108E-04 1.324E-04 8.266E-04 2.020E+00 8.694E+02  1.9153 0.99829
  2.000E+03 2.103E+03 2.044E+00 5.963E-04 2.903E-04 2.158E-04 1.102E-03 2.045E+00 1.017E+03  2.1658 0.99874
  2.500E+03 2.604E+03 2.078E+00 7.953E-04 4.420E-04 3.773E-04 1.615E-03 2.080E+00 1.259E+03  2.5292 0.99918
  3.000E+03 3.104E+03 2.106E+00 1.006E-03 6.142E-04 5.472E-04 2.167E-03 2.108E+00 1.498E+03  2.8410 0.99942
  3.500E+03 3.604E+03 2.128E+00 1.226E-03 8.041E-04 7.276E-04 2.758E-03 2.131E+00 1.734E+03  3.1139 0.99957
  4.000E+03 4.104E+03 2.148E+00 1.455E-03 1.023E-03 9.206E-04 3.399E-03 2.151E+00 1.968E+03  3.3565 0.99967
  4.500E+03 4.604E+03 2.164E+00 1.692E-03 1.263E-03 1.122E-03 4.076E-03 2.168E+00 2.199E+03  3.5745 0.99974
  5.000E+03 5.105E+03 2.179E+00 1.935E-03 1.517E-03 1.315E-03 4.766E-03 2.184E+00 2.429E+03  3.7726 0.99979
  5.500E+03 5.605E+03 2.192E+00 2.184E-03 1.783E-03 1.524E-03 5.491E-03 2.198E+00 2.657E+03  3.9538 0.99982
  6.000E+03 6.105E+03 2.204E+00 2.439E-03 2.062E-03 1.718E-03 6.219E-03 2.211E+00 2.884E+03  4.1208 0.99985
  7.000E+03 7.105E+03 2.225E+00 2.965E-03 2.651E-03 2.131E-03 7.747E-03 2.233E+00 3.334E+03  4.4198 0.99989
  8.000E+03 8.105E+03 2.243E+00 3.508E-03 3.279E-03 2.541E-03 9.329E-03 2.252E+00 3.780E+03  4.6813 0.99992
  9.000E+03 9.105E+03 2.258E+00 4.068E-03 3.941E-03 2.928E-03 1.094E-02 2.269E+00 4.222E+03  4.9133 0.99993
  1.000E+04 1.011E+04 2.272E+00 4.641E-03 4.633E-03 3.327E-03 1.260E-02 2.285E+00 4.662E+03  5.1216 0.99995
  1.200E+04 1.211E+04 2.295E+00 5.826E-03 6.095E-03 4.138E-03 1.606E-02 2.311E+00 5.532E+03  5.4828 0.99996
  1.400E+04 1.411E+04 2.315E+00 7.054E-03 7.648E-03 4.952E-03 1.965E-02 2.334E+00 6.393E+03  5.7886 0.99997
  1.700E+04 1.711E+04 2.339E+00 8.964E-03 1.012E-02 6.160E-03 2.524E-02 2.364E+00 7.670E+03  6.1743 0.99998
  2.000E+04 2.011E+04 2.358E+00 1.094E-02 1.273E-02 7.347E-03 3.102E-02 2.389E+00 8.932E+03  6.4975 0.99999
  2.500E+04 2.511E+04 2.385E+00 1.437E-02 1.735E-02 9.301E-03 4.102E-02 2.426E+00 1.101E+04  6.9417 0.99999
  3.000E+04 3.011E+04 2.406E+00 1.792E-02 2.222E-02 1.122E-02 5.137E-02 2.458E+00 1.306E+04  7.3049 0.99999
  3.500E+04 3.511E+04 2.424E+00 2.158E-02 2.731E-02 1.317E-02 6.206E-02 2.486E+00 1.508E+04  7.6122 1.00000
  4.000E+04 4.011E+04 2.439E+00 2.533E-02 3.257E-02 1.509E-02 7.300E-02 2.512E+00 1.708E+04  7.8785 1.00000
  4.500E+04 4.511E+04 2.452E+00 2.916E-02 3.799E-02 1.699E-02 8.414E-02 2.536E+00 1.906E+04  8.1135 1.00000
  5.000E+04 5.011E+04 2.464E+00 3.306E-02 4.353E-02 1.890E-02 9.549E-02 2.559E+00 2.102E+04  8.3238 1.00000
  5.500E+04 5.511E+04 2.474E+00 3.702E-02 4.920E-02 2.082E-02 1.070E-01 2.581E+00 2.297E+04  8.5140 1.00000
  6.000E+04 6.011E+04 2.484E+00 4.104E-02 5.496E-02 2.272E-02 1.187E-01 2.602E+00 2.490E+04  8.6877 1.00000
  7.000E+04 7.011E+04 2.500E+00 4.922E-02 6.676E-02 2.649E-02 1.425E-01 2.643E+00 2.871E+04  8.9955 1.00000
  8.000E+04 8.011E+04 2.514E+00 5.758E-02 7.886E-02 3.028E-02 1.667E-01 2.681E+00 3.247E+04  9.2622 1.00000
  9.000E+04 9.011E+04 2.527E+00 6.608E-02 9.122E-02 3.407E-02 1.914E-01 2.718E+00 3.617E+04  9.4975 1.00000
  1.000E+05 1.001E+05 2.538E+00 7.471E-02 1.038E-01 3.779E-02 2.163E-01 2.754E+00 3.983E+04  9.7079 1.00000
  1.200E+05 1.201E+05 2.557E+00 9.230E-02 1.295E-01 4.538E-02 2.672E-01 2.824E+00 4.700E+04 10.0722 1.00000
  1.400E+05 1.401E+05 2.573E+00 1.103E-01 1.558E-01 5.297E-02 3.191E-01 2.892E+00 5.400E+04 10.3803 1.00000
  1.700E+05 1.701E+05 2.593E+00 1.378E-01 1.962E-01 6.438E-02 3.983E-01 2.991E+00 6.420E+04 10.7683 1.00000
  2.000E+05 2.001E+05 2.610E+00 1.658E-01 2.373E-01 7.586E-02 4.790E-01 3.089E+00 7.407E+04 11.0932 1.00000
  2.500E+05 2.501E+05 2.632E+00 2.136E-01 3.074E-01 9.506E-02 6.160E-01 3.248E+00 8.986E+04 11.5393 1.00000
  3.000E+05 3.001E+05 2.651E+00 2.623E-01 3.787E-01 1.144E-01 7.554E-01 3.406E+00 1.049E+05 11.9038 1.00000
  3.500E+05 3.501E+05 2.667E+00 3.118E-01 4.510E-01 1.340E-01 8.969E-01 3.564E+00 1.193E+05 12.2120 1.00000
  4.000E+05 4.001E+05 2.680E+00 3.619E-01 5.242E-01 1.537E-01 1.040E+00 3.720E+00 1.330E+05 12.4789 1.00000
  4.500E+05 4.501E+05 2.693E+00 4.125E-01 5.979E-01 1.736E-01 1.184E+00 3.877E+00 1.462E+05 12.7145 1.00000
  5.000E+05 5.001E+05 2.703E+00 4.637E-01 6.722E-01 1.936E-01 1.329E+00 4.033E+00 1.588E+05 12.9251 1.00000
  5.500E+05 5.501E+05 2.713E+00 5.152E-01 7.470E-01 2.134E-01 1.476E+00 4.189E+00 1.710E+05 13.1157 1.00000
  6.000E+05 6.001E+05 2.722E+00 5.670E-01 8.221E-01 2.334E-01 1.623E+00 4.345E+00 1.827E+05 13.2897 1.00000
  7.000E+05 7.001E+05 2.738E+00 6.717E-01 9.734E-01 2.737E-01 1.919E+00 4.657E+00 2.049E+05 13.5980 1.00000
  8.000E+05 8.001E+05 2.752E+00 7.773E-01 1.126E+00 3.144E-01 2.217E+00 4.969E+00 2.257E+05 13.8650 1.00000
  9.000E+05 9.001E+05 2.764E+00 8.838E-01 1.279E+00 3.556E-01 2.518E+00 5.282E+00 2.453E+05 14.1005 1.00000
  1.000E+06 1.000E+06 2.775E+00 9.910E-01 1.433E+00 3.971E-01 2.821E+00 5.596E+00 2.637E+05 14.3112 1.00000
  1.200E+06 1.200E+06 2.794E+00 1.207E+00 1.742E+00 4.811E-01 3.431E+00 6.225E+00 2.976E+05 14.6758 1.00000
  1.400E+06 1.400E+06 2.811E+00 1.425E+00 2.053E+00 5.664E-01 4.045E+00 6.856E+00 3.283E+05 14.9841 1.00000
  1.700E+06 1.700E+06 2.831E+00 1.755E+00 2.523E+00 6.963E-01 4.974E+00 7.805E+00 3.693E+05 15.3724 1.00000
  2.000E+06 2.000E+06 2.849E+00 2.088E+00 2.994E+00 8.283E-01 5.910E+00 8.759E+00 4.057E+05 15.6974 1.00000
  2.500E+06 2.500E+06 2.873E+00 2.647E+00 3.783E+00 1.052E+00 7.482E+00 1.035E+01 4.584E+05 16.1437 1.00000
  3.000E+06 3.000E+06 2.892E+00 3.210E+00 4.575E+00 1.281E+00 9.066E+00 1.196E+01 5.034E+05 16.5083 1.00000
  3.500E+06 3.500E+06 2.909E+00 3.776E+00 5.370E+00 1.513E+00 1.066E+01 1.357E+01 5.428E+05 16.8166 1.00000
  4.000E+06 4.000E+06 2.924E+00 4.344E+00 6.166E+00 1.748E+00 1.226E+01 1.518E+01 5.777E+05 17.0836 1.00000
  4.500E+06 4.500E+06 2.937E+00 4.915E+00 6.963E+00 1.987E+00 1.386E+01 1.680E+01 6.090E+05 17.3192 1.00000
  5.000E+06 5.000E+06 2.949E+00 5.487E+00 7.762E+00 2.228E+00 1.548E+01 1.843E+01 6.374E+05 17.5299 1.00000
  5.500E+06 5.500E+06 2.959E+00 6.060E+00 8.561E+00 2.471E+00 1.709E+01 2.005E+01 6.635E+05 17.7205 1.00000
  6.000E+06 6.000E+06 2.969E+00 6.635E+00 9.361E+00 2.717E+00 1.871E+01 2.168E+01 6.875E+05 17.8946 1.00000
  7.000E+06 7.000E+06 2.986E+00 7.788E+00 1.096E+01 3.215E+00 2.197E+01 2.495E+01 7.306E+05 18.2028 1.00000
  8.000E+06 8.000E+06 3.001E+00 8.943E+00 1.257E+01 3.720E+00 2.523E+01 2.823E+01 7.683E+05 18.4699 1.00000
  9.000E+06 9.000E+06 3.015E+00 1.010E+01 1.417E+01 4.232E+00 2.851E+01 3.152E+01 8.019E+05 18.7055 1.00000
  1.000E+07 1.000E+07 3.027E+00 1.126E+01 1.578E+01 4.750E+00 3.179E+01 3.482E+01 8.321E+05 18.9162 1.00000
  1.200E+07 1.200E+07 3.048E+00 1.359E+01 1.899E+01 5.802E+00 3.838E+01 4.143E+01 8.850E+05 19.2808 1.00000
  1.400E+07 1.400E+07 3.066E+00 1.592E+01 2.221E+01 6.873E+00 4.500E+01 4.807E+01 9.299E+05 19.5891 1.00000
  1.700E+07 1.700E+07 3.089E+00 1.942E+01 2.705E+01 8.510E+00 5.498E+01 5.807E+01 9.870E+05 19.9774 1.00000
  2.000E+07 2.000E+07 3.108E+00 2.293E+01 3.188E+01 1.018E+01 6.499E+01 6.810E+01 1.035E+06 20.3025 1.00000
  2.500E+07 2.500E+07 3.134E+00 2.879E+01 3.994E+01 1.302E+01 8.175E+01 8.489E+01 1.101E+06 20.7488 1.00000
  3.000E+07 3.000E+07 3.156E+00 3.466E+01 4.801E+01 1.592E+01 9.859E+01 1.017E+02 1.155E+06 21.1134 1.00000
  3.500E+07 3.500E+07 3.175E+00 4.054E+01 5.608E+01 1.888E+01 1.155E+02 1.187E+02 1.201E+06 21.4217 1.00000
  4.000E+07 4.000E+07 3.191E+00 4.642E+01 6.415E+01 2.188E+01 1.325E+02 1.356E+02 1.240E+06 21.6888 1.00000
  4.500E+07 4.500E+07 3.206E+00 5.230E+01 7.223E+01 2.492E+01 1.495E+02 1.527E+02 1.275E+06 21.9243 1.00000
  5.000E+07 5.000E+07 3.219E+00 5.819E+01 8.030E+01 2.801E+01 1.665E+02 1.697E+02 1.306E+06 22.1350 1.00000
  5.500E+07 5.500E+07 3.230E+00 6.408E+01 8.838E+01 3.112E+01 1.836E+02 1.868E+02 1.334E+06 22.3257 1.00000
  6.000E+07 6.000E+07 3.241E+00 6.998E+01 9.646E+01 3.427E+01 2.007E+02 2.039E+02 1.360E+06 22.4997 1.00000
  7.000E+07 7.000E+07 3.261E+00 8.177E+01 1.126E+02 4.066E+01 2.350E+02 2.383E+02 1.405E+06 22.8080 1.00000
  8.000E+07 8.000E+07 3.277E+00 9.356E+01 1.288E+02 4.714E+01 2.695E+02 2.728E+02 1.445E+06 23.0751 1.00000
  9.000E+07 9.000E+07 3.292E+00 1.054E+02 1.449E+02 5.372E+01 3.040E+02 3.073E+02 1.479E+06 23.3106 1.00000
  1.000E+08 1.000E+08 3.306E+00 1.172E+02 1.611E+02 6.039E+01 3.387E+02 3.420E+02 1.510E+06 23.5213 1.00000
  1.200E+08 1.200E+08 3.329E+00 1.408E+02 1.934E+02 7.393E+01 4.081E+02 4.115E+02 1.564E+06 23.8860 1.00000
  1.400E+08 1.400E+08 3.349E+00 1.644E+02 2.258E+02 8.774E+01 4.779E+02 4.812E+02 1.609E+06 24.1943 1.00000
  1.700E+08 1.700E+08 3.374E+00 1.999E+02 2.743E+02 1.089E+02 5.830E+02 5.863E+02 1.665E+06 24.5826 1.00000
  2.000E+08 2.000E+08 3.396E+00 2.353E+02 3.228E+02 1.304E+02 6.885E+02 6.919E+02 1.713E+06 24.9076 1.00000
  2.500E+08 2.500E+08 3.425E+00 2.944E+02 4.036E+02 1.672E+02 8.652E+02 8.686E+02 1.778E+06 25.3539 1.00000
  3.000E+08 3.000E+08 3.450E+00 3.535E+02 4.844E+02 2.048E+02 1.043E+03 1.046E+03 1.830E+06 25.7186 1.00000
  3.500E+08 3.500E+08 3.471E+00 4.127E+02 5.653E+02 2.431E+02 1.221E+03 1.225E+03 1.875E+06 26.0269 1.00000
  4.000E+08 4.000E+08 3.489E+00 4.718E+02 6.461E+02 2.821E+02 1.400E+03 1.404E+03 1.913E+06 26.2939 1.00000
  4.500E+08 4.500E+08 3.505E+00 5.309E+02 7.270E+02 3.217E+02 1.580E+03 1.583E+03 1.946E+06 26.5295 1.00000
  5.000E+08 5.000E+08 3.519E+00 5.901E+02 8.078E+02 3.618E+02 1.760E+03 1.763E+03 1.976E+06 26.7402 1.00000
  5.500E+08 5.500E+08 3.533E+00 6.492E+02 8.886E+02 4.023E+02 1.940E+03 1.944E+03 2.003E+06 26.9308 1.00000
  6.000E+08 6.000E+08 3.545E+00 7.084E+02 9.695E+02 4.433E+02 2.121E+03 2.125E+03 2.028E+06 27.1049 1.00000
  7.000E+08 7.000E+08 3.566E+00 8.267E+02 1.131E+03 5.265E+02 2.484E+03 2.488E+03 2.072E+06 27.4132 1.00000
  8.000E+08 8.000E+08 3.585E+00 9.450E+02 1.293E+03 6.110E+02 2.849E+03 2.852E+03 2.109E+06 27.6802 1.00000
  9.000E+08 9.000E+08 3.602E+00 1.063E+03 1.455E+03 6.969E+02 3.215E+03 3.218E+03 2.142E+06 27.9158 1.00000
  1.000E+09 1.000E+09 3.617E+00 1.182E+03 1.616E+03 7.839E+02 3.582E+03 3.585E+03 2.172E+06 28.1265 1.00000
