 Incident particle is a Muon with M = 105.65839 MeV
 Index = 0: LiquidHelium
      Absorber with <Z/A> = 0.49968
 Density effect computed following Fano (1963)
 Models for Radloss: brems =  SSR, pair =  SSR, photonuc = DRSS

 *** Table generated with PUMAS v1.1 ***

      T         p     Ionization  brems     pair     photonuc  Radloss    dE/dx   CSDA Range  delta   beta
    [MeV]    [MeV/c]  -----------------------[MeV cm^2/g]------------------------  [g/cm^2]
  1.000E+00 1.457E+01 5.030E+01 0.000E+00 0.000E+00 0.000E+00 0.000E+00 5.030E+01 9.940E-03  0.0000 0.13661
  1.200E+00 1.597E+01 4.327E+01 0.000E+00 0.000E+00 0.000E+00 0.000E+00 4.327E+01 1.424E-02  0.0000 0.14944
  1.400E+00 1.726E+01 3.809E+01 0.000E+00 0.000E+00 0.000E+00 0.000E+00 3.809E+01 1.918E-02  0.0000 0.16119
  1.700E+00 1.903E+01 3.243E+01 0.000E+00 0.000E+00 0.000E+00 0.000E+00 3.243E+01 2.775E-02  0.0000 0.17725
  2.000E+00 2.066E+01 2.834E+01 0.000E+00 0.000E+00 0.000E+00 0.000E+00 2.834E+01 3.767E-02  0.0000 0.19186
  2.500E+00 2.312E+01 2.355E+01 0.000E+00 0.000E+00 0.000E+00 0.000E+00 2.355E+01 5.712E-02  0.0000 0.21376
  3.000E+00 2.536E+01 2.026E+01 0.000E+00 0.000E+00 0.000E+00 0.000E+00 2.026E+01 8.008E-02  0.0000 0.23336
  3.500E+00 2.742E+01 1.784E+01 0.000E+00 0.000E+00 0.000E+00 0.000E+00 1.784E+01 1.064E-01  0.0000 0.25120
  4.000E+00 2.935E+01 1.599E+01 0.000E+00 0.000E+00 0.000E+00 0.000E+00 1.599E+01 1.361E-01  0.0000 0.26763
  4.500E+00 3.116E+01 1.453E+01 0.000E+00 0.000E+00 0.000E+00 0.000E+00 1.453E+01 1.689E-01  0.0000 0.28290
  5.000E+00 3.289E+01 1.334E+01 0.000E+00 0.000E+00 0.000E+00 0.000E+00 1.334E+01 2.049E-01  0.0000 0.29720
  5.500E+00 3.453E+01 1.235E+01 0.000E+00 0.000E+00 0.000E+00 0.000E+00 1.235E+01 2.439E-01  0.0000 0.31066
  6.000E+00 3.611E+01 1.151E+01 0.000E+00 0.000E+00 0.000E+00 0.000E+00 1.151E+01 2.859E-01  0.0000 0.32339
  7.000E+00 3.909E+01 1.018E+01 0.000E+00 0.000E+00 0.000E+00 0.000E+00 1.018E+01 3.784E-01  0.0000 0.34700
  8.000E+00 4.189E+01 9.165E+00 0.000E+00 0.000E+00 0.000E+00 0.000E+00 9.165E+00 4.821E-01  0.0000 0.36854
  9.000E+00 4.453E+01 8.363E+00 0.000E+00 0.000E+00 0.000E+00 0.000E+00 8.363E+00 5.965E-01  0.0000 0.38836
  1.000E+01 4.704E+01 7.712E+00 0.000E+00 0.000E+00 0.000E+00 0.000E+00 7.712E+00 7.212E-01  0.0000 0.40675
  1.200E+01 5.177E+01 6.721E+00 0.000E+00 0.000E+00 0.000E+00 0.000E+00 6.721E+00 9.998E-01  0.0000 0.43998
  1.400E+01 5.616E+01 6.000E+00 0.000E+00 0.000E+00 0.000E+00 0.000E+00 6.000E+00 1.316E+00  0.0000 0.46937
  1.700E+01 6.230E+01 5.225E+00 0.000E+00 0.000E+00 0.000E+00 0.000E+00 5.225E+00 1.853E+00  0.0000 0.50792
  2.000E+01 6.802E+01 4.674E+00 0.000E+00 0.000E+00 0.000E+00 0.000E+00 4.674E+00 2.462E+00  0.0000 0.54129
  2.500E+01 7.686E+01 4.042E+00 0.000E+00 0.000E+00 0.000E+00 0.000E+00 4.042E+00 3.617E+00  0.0000 0.58827
  3.000E+01 8.509E+01 3.617E+00 0.000E+00 0.000E+00 0.000E+00 0.000E+00 3.617E+00 4.928E+00  0.0000 0.62720
  3.500E+01 9.285E+01 3.312E+00 0.000E+00 0.000E+00 0.000E+00 0.000E+00 3.312E+00 6.376E+00  0.0000 0.66011
  4.000E+01 1.003E+02 3.083E+00 0.000E+00 0.000E+00 0.000E+00 0.000E+00 3.083E+00 7.943E+00  0.0000 0.68834
  4.500E+01 1.074E+02 2.906E+00 0.000E+00 0.000E+00 0.000E+00 0.000E+00 2.906E+00 9.615E+00  0.0000 0.71286
  5.000E+01 1.143E+02 2.765E+00 0.000E+00 0.000E+00 0.000E+00 0.000E+00 2.765E+00 1.138E+01  0.0000 0.73434
  5.500E+01 1.210E+02 2.650E+00 0.000E+00 0.000E+00 0.000E+00 0.000E+00 2.650E+00 1.323E+01  0.0000 0.75332
  6.000E+01 1.276E+02 2.556E+00 3.625E-07 0.000E+00 0.000E+00 3.625E-07 2.556E+00 1.515E+01  0.0000 0.77019
  7.000E+01 1.403E+02 2.411E+00 1.667E-06 0.000E+00 0.000E+00 1.667E-06 2.411E+00 1.919E+01  0.0000 0.79887
  8.000E+01 1.527E+02 2.305E+00 2.163E-06 0.000E+00 0.000E+00 2.163E-06 2.305E+00 2.343E+01  0.0000 0.82227
  9.000E+01 1.647E+02 2.226E+00 2.415E-06 0.000E+00 0.000E+00 2.415E-06 2.226E+00 2.785E+01  0.0000 0.84166
  1.000E+02 1.764E+02 2.165E+00 2.655E-06 0.000E+00 0.000E+00 2.655E-06 2.165E+00 3.241E+01  0.0000 0.85794
  1.200E+02 1.994E+02 2.080E+00 3.168E-06 0.000E+00 0.000E+00 3.168E-06 2.080E+00 4.184E+01  0.0000 0.88361
  1.400E+02 2.218E+02 2.026E+00 3.720E-06 0.000E+00 0.000E+00 3.720E-06 2.026E+00 5.160E+01  0.0000 0.90278
  1.700E+02 2.546E+02 1.979E+00 4.621E-06 4.599E-10 0.000E+00 4.621E-06 1.979E+00 6.659E+01  0.0000 0.92363
  2.000E+02 2.868E+02 1.954E+00 5.607E-06 3.620E-09 0.000E+00 5.610E-06 1.954E+00 8.186E+01  0.0000 0.93835
  2.500E+02 3.396E+02 1.938E+00 7.429E-06 4.139E-08 0.000E+00 7.470E-06 1.938E+00 1.076E+02  0.0000 0.95485
  3.000E+02 3.917E+02 1.939E+00 9.465E-06 2.373E-07 0.000E+00 9.702E-06 1.939E+00 1.334E+02  0.0000 0.96548
  3.500E+02 4.432E+02 1.948E+00 1.170E-05 6.016E-07 0.000E+00 1.230E-05 1.948E+00 1.591E+02  0.0000 0.97274
  4.000E+02 4.945E+02 1.961E+00 1.413E-05 1.131E-06 0.000E+00 1.526E-05 1.961E+00 1.847E+02  0.0000 0.97793
  4.500E+02 5.455E+02 1.975E+00 1.674E-05 1.821E-06 0.000E+00 1.856E-05 1.975E+00 2.101E+02  0.0000 0.98176
  5.000E+02 5.964E+02 1.991E+00 1.952E-05 2.669E-06 0.000E+00 2.219E-05 1.991E+00 2.353E+02  0.0000 0.98467
  5.500E+02 6.471E+02 2.006E+00 2.247E-05 3.669E-06 1.584E-05 4.197E-05 2.006E+00 2.603E+02  0.0085 0.98693
  6.000E+02 6.977E+02 2.020E+00 2.557E-05 4.818E-06 5.239E-05 8.278E-05 2.020E+00 2.852E+02  0.0358 0.98873
  7.000E+02 7.987E+02 2.043E+00 3.222E-05 7.544E-06 1.251E-04 1.649E-04 2.043E+00 3.344E+02  0.1248 0.99136
  8.000E+02 8.995E+02 2.063E+00 3.942E-05 1.081E-05 1.940E-04 2.443E-04 2.063E+00 3.831E+02  0.2378 0.99317
  9.000E+02 1.000E+03 2.080E+00 4.714E-05 1.458E-05 2.602E-04 3.219E-04 2.080E+00 4.314E+02  0.3606 0.99447
  1.000E+03 1.101E+03 2.095E+00 5.533E-05 1.883E-05 3.245E-04 3.987E-04 2.096E+00 4.792E+02  0.4859 0.99542
  1.200E+03 1.301E+03 2.122E+00 7.303E-05 2.866E-05 4.496E-04 5.513E-04 2.122E+00 5.741E+02  0.7313 0.99672
  1.400E+03 1.502E+03 2.144E+00 9.231E-05 4.010E-05 5.715E-04 7.040E-04 2.145E+00 6.678E+02  0.9616 0.99753
  1.700E+03 1.803E+03 2.172E+00 1.239E-04 5.995E-05 7.504E-04 9.342E-04 2.172E+00 8.067E+02  1.2744 0.99829
  2.000E+03 2.103E+03 2.195E+00 1.582E-04 8.266E-05 9.255E-04 1.166E-03 2.196E+00 9.441E+02  1.5513 0.99874
  2.500E+03 2.604E+03 2.226E+00 2.206E-04 1.260E-04 1.211E-03 1.558E-03 2.228E+00 1.170E+03  1.9479 0.99918
  3.000E+03 3.104E+03 2.252E+00 2.887E-04 1.753E-04 1.490E-03 1.954E-03 2.254E+00 1.393E+03  2.2826 0.99942
  3.500E+03 3.604E+03 2.273E+00 3.617E-04 2.297E-04 1.764E-03 2.356E-03 2.276E+00 1.614E+03  2.5711 0.99957
  4.000E+03 4.104E+03 2.292E+00 4.388E-04 3.028E-04 2.034E-03 2.775E-03 2.294E+00 1.833E+03  2.8242 0.99967
  4.500E+03 4.604E+03 2.308E+00 5.196E-04 3.859E-04 2.299E-03 3.205E-03 2.311E+00 2.050E+03  3.0494 0.99974
  5.000E+03 5.105E+03 2.322E+00 6.038E-04 4.745E-04 2.561E-03 3.640E-03 2.326E+00 2.266E+03  3.2523 0.99979
  5.500E+03 5.605E+03 2.335E+00 6.910E-04 5.681E-04 2.821E-03 4.080E-03 2.339E+00 2.480E+03  3.4366 0.99982
  6.000E+03 6.105E+03 2.347E+00 7.810E-04 6.662E-04 3.077E-03 4.524E-03 2.352E+00 2.693E+03  3.6056 0.99985
  7.000E+03 7.105E+03 2.368E+00 9.684E-04 8.752E-04 3.583E-03 5.426E-03 2.373E+00 3.116E+03  3.9064 0.99989
  8.000E+03 8.105E+03 2.385E+00 1.165E-03 1.099E-03 4.080E-03 6.344E-03 2.392E+00 3.536E+03  4.1680 0.99992
  9.000E+03 9.105E+03 2.401E+00 1.369E-03 1.336E-03 4.571E-03 7.276E-03 2.408E+00 3.953E+03  4.3994 0.99993
  1.000E+04 1.011E+04 2.415E+00 1.580E-03 1.586E-03 5.056E-03 8.221E-03 2.423E+00 4.367E+03  4.6070 0.99995
  1.200E+04 1.211E+04 2.438E+00 2.019E-03 2.115E-03 6.011E-03 1.015E-02 2.448E+00 5.188E+03  4.9670 0.99996
  1.400E+04 1.411E+04 2.457E+00 2.480E-03 2.680E-03 6.951E-03 1.211E-02 2.469E+00 6.001E+03  5.2722 0.99997
  1.700E+04 1.711E+04 2.481E+00 3.203E-03 3.585E-03 8.337E-03 1.513E-02 2.497E+00 7.209E+03  5.6572 0.99998
  2.000E+04 2.011E+04 2.501E+00 3.958E-03 4.547E-03 9.703E-03 1.821E-02 2.519E+00 8.405E+03  5.9801 0.99999
  2.500E+04 2.511E+04 2.528E+00 5.279E-03 6.254E-03 1.195E-02 2.348E-02 2.551E+00 1.038E+04  6.4239 0.99999
  3.000E+04 3.011E+04 2.549E+00 6.660E-03 8.067E-03 1.416E-02 2.889E-02 2.578E+00 1.233E+04  6.7870 0.99999
  3.500E+04 3.511E+04 2.567E+00 8.090E-03 9.966E-03 1.635E-02 3.440E-02 2.601E+00 1.426E+04  7.0941 1.00000
  4.000E+04 4.011E+04 2.582E+00 9.561E-03 1.194E-02 1.852E-02 4.002E-02 2.622E+00 1.617E+04  7.3604 1.00000
  4.500E+04 4.511E+04 2.595E+00 1.107E-02 1.397E-02 2.069E-02 4.573E-02 2.641E+00 1.807E+04  7.5953 1.00000
  5.000E+04 5.011E+04 2.607E+00 1.262E-02 1.606E-02 2.284E-02 5.152E-02 2.658E+00 1.996E+04  7.8055 1.00000
  5.500E+04 5.511E+04 2.617E+00 1.419E-02 1.820E-02 2.499E-02 5.738E-02 2.674E+00 2.183E+04  7.9957 1.00000
  6.000E+04 6.011E+04 2.626E+00 1.579E-02 2.038E-02 2.714E-02 6.331E-02 2.690E+00 2.370E+04  8.1694 1.00000
  7.000E+04 7.011E+04 2.643E+00 1.906E-02 2.485E-02 3.142E-02 7.533E-02 2.718E+00 2.740E+04  8.4772 1.00000
  8.000E+04 8.011E+04 2.657E+00 2.241E-02 2.946E-02 3.569E-02 8.756E-02 2.745E+00 3.106E+04  8.7439 1.00000
  9.000E+04 9.011E+04 2.670E+00 2.583E-02 3.417E-02 3.996E-02 9.996E-02 2.770E+00 3.468E+04  8.9791 1.00000
  1.000E+05 1.001E+05 2.681E+00 2.931E-02 3.898E-02 4.423E-02 1.125E-01 2.793E+00 3.828E+04  9.1896 1.00000
  1.200E+05 1.201E+05 2.700E+00 3.642E-02 4.884E-02 5.279E-02 1.380E-01 2.838E+00 4.538E+04  9.5539 1.00000
  1.400E+05 1.401E+05 2.716E+00 4.372E-02 5.896E-02 6.136E-02 1.640E-01 2.880E+00 5.238E+04  9.8619 1.00000
  1.700E+05 1.701E+05 2.736E+00 5.492E-02 7.454E-02 7.429E-02 2.037E-01 2.939E+00 6.269E+04 10.2500 1.00000
  2.000E+05 2.001E+05 2.752E+00 6.639E-02 9.049E-02 8.728E-02 2.442E-01 2.996E+00 7.280E+04 10.5748 1.00000
  2.500E+05 2.501E+05 2.775E+00 8.600E-02 1.177E-01 1.091E-01 3.128E-01 3.088E+00 8.923E+04 11.0209 1.00000
  3.000E+05 3.001E+05 2.794E+00 1.061E-01 1.456E-01 1.312E-01 3.828E-01 3.177E+00 1.052E+05 11.3854 1.00000
  3.500E+05 3.501E+05 2.810E+00 1.266E-01 1.739E-01 1.534E-01 4.539E-01 3.263E+00 1.207E+05 11.6936 1.00000
  4.000E+05 4.001E+05 2.823E+00 1.474E-01 2.026E-01 1.758E-01 5.258E-01 3.349E+00 1.358E+05 11.9606 1.00000
  4.500E+05 4.501E+05 2.835E+00 1.685E-01 2.316E-01 1.985E-01 5.986E-01 3.434E+00 1.506E+05 12.1961 1.00000
  5.000E+05 5.001E+05 2.846E+00 1.898E-01 2.610E-01 2.213E-01 6.720E-01 3.518E+00 1.650E+05 12.4068 1.00000
  5.500E+05 5.501E+05 2.856E+00 2.113E-01 2.905E-01 2.442E-01 7.460E-01 3.602E+00 1.790E+05 12.5973 1.00000
  6.000E+05 6.001E+05 2.865E+00 2.329E-01 3.202E-01 2.673E-01 8.205E-01 3.685E+00 1.927E+05 12.7713 1.00000
  7.000E+05 7.001E+05 2.881E+00 2.768E-01 3.802E-01 3.140E-01 9.710E-01 3.852E+00 2.193E+05 13.0796 1.00000
  8.000E+05 8.001E+05 2.895E+00 3.212E-01 4.408E-01 3.611E-01 1.123E+00 4.018E+00 2.447E+05 13.3466 1.00000
  9.000E+05 9.001E+05 2.907E+00 3.660E-01 5.019E-01 4.088E-01 1.277E+00 4.184E+00 2.691E+05 13.5821 1.00000
  1.000E+06 1.000E+06 2.918E+00 4.112E-01 5.634E-01 4.569E-01 1.431E+00 4.349E+00 2.925E+05 13.7928 1.00000
  1.200E+06 1.200E+06 2.937E+00 5.026E-01 6.873E-01 5.543E-01 1.744E+00 4.681E+00 3.368E+05 14.1574 1.00000
  1.400E+06 1.400E+06 2.953E+00 5.950E-01 8.122E-01 6.532E-01 2.060E+00 5.014E+00 3.781E+05 14.4657 1.00000
  1.700E+06 1.700E+06 2.974E+00 7.352E-01 1.001E+00 8.040E-01 2.540E+00 5.514E+00 4.352E+05 14.8540 1.00000
  2.000E+06 2.000E+06 2.991E+00 8.769E-01 1.191E+00 9.573E-01 3.026E+00 6.017E+00 4.872E+05 15.1790 1.00000
  2.500E+06 2.500E+06 3.015E+00 1.116E+00 1.511E+00 1.218E+00 3.844E+00 6.859E+00 5.650E+05 15.6253 1.00000
  3.000E+06 3.000E+06 3.035E+00 1.357E+00 1.832E+00 1.483E+00 4.672E+00 7.707E+00 6.337E+05 15.9899 1.00000
  3.500E+06 3.500E+06 3.052E+00 1.599E+00 2.155E+00 1.753E+00 5.508E+00 8.560E+00 6.953E+05 16.2982 1.00000
  4.000E+06 4.000E+06 3.067E+00 1.844E+00 2.480E+00 2.027E+00 6.351E+00 9.417E+00 7.509E+05 16.5653 1.00000
  4.500E+06 4.500E+06 3.080E+00 2.089E+00 2.805E+00 2.305E+00 7.199E+00 1.028E+01 8.018E+05 16.8008 1.00000
  5.000E+06 5.000E+06 3.091E+00 2.336E+00 3.130E+00 2.586E+00 8.052E+00 1.114E+01 8.485E+05 17.0115 1.00000
  5.500E+06 5.500E+06 3.102E+00 2.583E+00 3.457E+00 2.869E+00 8.910E+00 1.201E+01 8.917E+05 17.2022 1.00000
  6.000E+06 6.000E+06 3.112E+00 2.832E+00 3.784E+00 3.156E+00 9.771E+00 1.288E+01 9.318E+05 17.3762 1.00000
  7.000E+06 7.000E+06 3.129E+00 3.330E+00 4.439E+00 3.736E+00 1.151E+01 1.463E+01 1.005E+06 17.6845 1.00000
  8.000E+06 8.000E+06 3.144E+00 3.831E+00 5.095E+00 4.326E+00 1.325E+01 1.640E+01 1.069E+06 17.9515 1.00000
  9.000E+06 9.000E+06 3.158E+00 4.333E+00 5.753E+00 4.923E+00 1.501E+01 1.817E+01 1.127E+06 18.1871 1.00000
  1.000E+07 1.000E+07 3.170E+00 4.836E+00 6.411E+00 5.528E+00 1.678E+01 1.994E+01 1.180E+06 18.3978 1.00000
  1.200E+07 1.200E+07 3.191E+00 5.847E+00 7.729E+00 6.757E+00 2.033E+01 2.352E+01 1.272E+06 18.7625 1.00000
  1.400E+07 1.400E+07 3.209E+00 6.861E+00 9.050E+00 8.008E+00 2.392E+01 2.713E+01 1.351E+06 19.0708 1.00000
  1.700E+07 1.700E+07 3.231E+00 8.388E+00 1.103E+01 9.922E+00 2.934E+01 3.257E+01 1.452E+06 19.4591 1.00000
  2.000E+07 2.000E+07 3.250E+00 9.919E+00 1.302E+01 1.187E+01 3.481E+01 3.806E+01 1.537E+06 19.7841 1.00000
  2.500E+07 2.500E+07 3.277E+00 1.248E+01 1.633E+01 1.520E+01 4.401E+01 4.728E+01 1.655E+06 20.2304 1.00000
  3.000E+07 3.000E+07 3.299E+00 1.505E+01 1.964E+01 1.860E+01 5.329E+01 5.659E+01 1.751E+06 20.5950 1.00000
  3.500E+07 3.500E+07 3.318E+00 1.762E+01 2.296E+01 2.207E+01 6.265E+01 6.596E+01 1.833E+06 20.9033 1.00000
  4.000E+07 4.000E+07 3.334E+00 2.019E+01 2.628E+01 2.559E+01 7.206E+01 7.540E+01 1.904E+06 21.1704 1.00000
  4.500E+07 4.500E+07 3.348E+00 2.277E+01 2.960E+01 2.917E+01 8.154E+01 8.488E+01 1.966E+06 21.4060 1.00000
  5.000E+07 5.000E+07 3.361E+00 2.535E+01 3.292E+01 3.279E+01 9.106E+01 9.442E+01 2.022E+06 21.6167 1.00000
  5.500E+07 5.500E+07 3.373E+00 2.794E+01 3.624E+01 3.645E+01 1.006E+02 1.040E+02 2.073E+06 21.8073 1.00000
  6.000E+07 6.000E+07 3.384E+00 3.052E+01 3.956E+01 4.016E+01 1.102E+02 1.136E+02 2.118E+06 21.9813 1.00000
  7.000E+07 7.000E+07 3.403E+00 3.569E+01 4.620E+01 4.767E+01 1.296E+02 1.330E+02 2.200E+06 22.2896 1.00000
  8.000E+07 8.000E+07 3.420E+00 4.087E+01 5.285E+01 5.530E+01 1.490E+02 1.524E+02 2.270E+06 22.5567 1.00000
  9.000E+07 9.000E+07 3.435E+00 4.606E+01 5.949E+01 6.305E+01 1.686E+02 1.720E+02 2.332E+06 22.7923 1.00000
  1.000E+08 1.000E+08 3.448E+00 5.124E+01 6.614E+01 7.090E+01 1.883E+02 1.917E+02 2.387E+06 23.0030 1.00000
  1.200E+08 1.200E+08 3.472E+00 6.162E+01 7.944E+01 8.688E+01 2.279E+02 2.314E+02 2.482E+06 23.3676 1.00000
  1.400E+08 1.400E+08 3.492E+00 7.201E+01 9.273E+01 1.032E+02 2.679E+02 2.714E+02 2.561E+06 23.6759 1.00000
  1.700E+08 1.700E+08 3.517E+00 8.760E+01 1.127E+02 1.281E+02 3.284E+02 3.319E+02 2.661E+06 24.0642 1.00000
  2.000E+08 2.000E+08 3.538E+00 1.032E+02 1.326E+02 1.536E+02 3.894E+02 3.930E+02 2.744E+06 24.3893 1.00000
  2.500E+08 2.500E+08 3.568E+00 1.292E+02 1.659E+02 1.971E+02 4.922E+02 4.957E+02 2.857E+06 24.8356 1.00000
  3.000E+08 3.000E+08 3.592E+00 1.552E+02 1.992E+02 2.416E+02 5.960E+02 5.996E+02 2.949E+06 25.2002 1.00000
  3.500E+08 3.500E+08 3.613E+00 1.813E+02 2.324E+02 2.870E+02 7.007E+02 7.043E+02 3.026E+06 25.5085 1.00000
  4.000E+08 4.000E+08 3.631E+00 2.073E+02 2.657E+02 3.333E+02 8.063E+02 8.099E+02 3.092E+06 25.7756 1.00000
  4.500E+08 4.500E+08 3.648E+00 2.333E+02 2.990E+02 3.802E+02 9.125E+02 9.162E+02 3.150E+06 26.0111 1.00000
  5.000E+08 5.000E+08 3.662E+00 2.594E+02 3.322E+02 4.278E+02 1.019E+03 1.023E+03 3.201E+06 26.2218 1.00000
  5.500E+08 5.500E+08 3.675E+00 2.854E+02 3.655E+02 4.760E+02 1.127E+03 1.131E+03 3.248E+06 26.4125 1.00000
  6.000E+08 6.000E+08 3.687E+00 3.115E+02 3.988E+02 5.247E+02 1.235E+03 1.239E+03 3.290E+06 26.5865 1.00000
  7.000E+08 7.000E+08 3.709E+00 3.636E+02 4.653E+02 6.236E+02 1.452E+03 1.456E+03 3.365E+06 26.8948 1.00000
  8.000E+08 8.000E+08 3.728E+00 4.157E+02 5.319E+02 7.242E+02 1.672E+03 1.675E+03 3.429E+06 27.1618 1.00000
  9.000E+08 9.000E+08 3.744E+00 4.678E+02 5.984E+02 8.264E+02 1.893E+03 1.896E+03 3.485E+06 27.3973 1.00000
  1.000E+09 1.000E+09 3.759E+00 5.199E+02 6.650E+02 9.300E+02 2.115E+03 2.119E+03 3.534E+06 27.6080 1.00000
  1.200E+09 1.200E+09 3.785E+00 6.241E+02 7.981E+02 1.141E+03 2.563E+03 2.567E+03 3.620E+06 27.9727 1.00000
  1.400E+09 1.400E+09 3.808E+00 7.284E+02 9.312E+02 1.357E+03 3.016E+03 3.020E+03 3.692E+06 28.2806 1.00000
  1.700E+09 1.700E+09 3.836E+00 8.848E+02 1.131E+03 1.687E+03 3.703E+03 3.706E+03 3.781E+06 28.6689 1.00000
  2.000E+09 2.000E+09 3.860E+00 1.041E+03 1.330E+03 2.025E+03 4.396E+03 4.400E+03 3.856E+06 28.9924 1.00000
  2.500E+09 2.500E+09 3.893E+00 1.302E+03 1.663E+03 2.602E+03 5.567E+03 5.571E+03 3.957E+06 29.4387 1.00000
  3.000E+09 3.000E+09 3.921E+00 1.563E+03 1.996E+03 3.194E+03 6.752E+03 6.756E+03 4.038E+06 29.7968 1.00000
  3.500E+09 3.500E+09 3.944E+00 1.823E+03 2.329E+03 3.798E+03 7.950E+03 7.954E+03 4.106E+06 30.1051 1.00000
  4.000E+09 4.000E+09 3.965E+00 2.084E+03 2.662E+03 4.414E+03 9.159E+03 9.163E+03 4.165E+06 30.3722 1.00000
  4.500E+09 4.500E+09 3.985E+00 2.345E+03 2.994E+03 5.040E+03 1.038E+04 1.038E+04 4.216E+06 30.5786 1.00000
  5.000E+09 5.000E+09 4.001E+00 2.605E+03 3.327E+03 5.674E+03 1.161E+04 1.161E+04 4.261E+06 30.7893 1.00000
  5.500E+09 5.500E+09 4.016E+00 2.866E+03 3.660E+03 6.317E+03 1.284E+04 1.285E+04 4.302E+06 30.9800 1.00000
  6.000E+09 6.000E+09 4.029E+00 3.127E+03 3.993E+03 6.968E+03 1.409E+04 1.409E+04 4.339E+06 31.1540 1.00000
  7.000E+09 7.000E+09 4.053E+00 3.648E+03 4.658E+03 8.290E+03 1.660E+04 1.660E+04 4.405E+06 31.4623 1.00000
  8.000E+09 8.000E+09 4.086E+00 4.170E+03 5.324E+03 9.637E+03 1.913E+04 1.913E+04 4.461E+06 31.5739 1.00000
  9.000E+09 9.000E+09 4.105E+00 4.691E+03 5.989E+03 1.101E+04 2.169E+04 2.169E+04 4.510E+06 31.8094 1.00000
  1.000E+10 1.000E+10 4.122E+00 5.212E+03 6.655E+03 1.239E+04 2.426E+04 2.427E+04 4.553E+06 32.0202 1.00000
  1.200E+10 1.200E+10 4.151E+00 6.255E+03 7.986E+03 1.523E+04 2.947E+04 2.947E+04 4.628E+06 32.3848 1.00000
  1.400E+10 1.400E+10 4.176E+00 7.298E+03 9.317E+03 1.812E+04 3.474E+04 3.474E+04 4.691E+06 32.6931 1.00000
  1.700E+10 1.700E+10 4.207E+00 8.862E+03 1.131E+04 2.256E+04 4.274E+04 4.274E+04 4.768E+06 33.0814 1.00000
  2.000E+10 2.000E+10 4.234E+00 1.043E+04 1.331E+04 2.711E+04 5.085E+04 5.085E+04 4.833E+06 33.4065 1.00000
  2.500E+10 2.500E+10 4.271E+00 1.303E+04 1.664E+04 3.489E+04 6.457E+04 6.457E+04 4.920E+06 33.8527 1.00000
  3.000E+10 3.000E+10 4.302E+00 1.564E+04 1.997E+04 4.289E+04 7.849E+04 7.850E+04 4.990E+06 34.2174 1.00000
  3.500E+10 3.500E+10 4.328E+00 1.825E+04 2.329E+04 5.106E+04 9.260E+04 9.261E+04 5.048E+06 34.5257 1.00000
  4.000E+10 4.000E+10 4.350E+00 2.086E+04 2.662E+04 5.940E+04 1.069E+05 1.069E+05 5.099E+06 34.7928 1.00000
  4.500E+10 4.500E+10 4.371E+00 2.346E+04 2.995E+04 6.788E+04 1.213E+05 1.213E+05 5.143E+06 35.0283 1.00000
  5.000E+10 5.000E+10 4.389E+00 2.607E+04 3.328E+04 7.648E+04 1.358E+05 1.358E+05 5.181E+06 35.2390 1.00000
  5.500E+10 5.500E+10 4.405E+00 2.868E+04 3.660E+04 8.521E+04 1.505E+05 1.505E+05 5.216E+06 35.4297 1.00000
  6.000E+10 6.000E+10 4.420E+00 3.128E+04 3.993E+04 9.404E+04 1.653E+05 1.653E+05 5.248E+06 35.6037 1.00000
  7.000E+10 7.000E+10 4.447E+00 3.650E+04 4.659E+04 1.120E+05 1.951E+05 1.951E+05 5.304E+06 35.9120 1.00000
  8.000E+10 8.000E+10 4.471E+00 4.171E+04 5.324E+04 1.303E+05 2.253E+05 2.253E+05 5.351E+06 36.1790 1.00000
  9.000E+10 9.000E+10 4.492E+00 4.693E+04 5.990E+04 1.490E+05 2.558E+05 2.558E+05 5.393E+06 36.4146 1.00000
  1.000E+11 1.000E+11 4.510E+00 5.214E+04 6.655E+04 1.679E+05 2.866E+05 2.866E+05 5.430E+06 36.6253 1.00000
  1.200E+11 1.200E+11 4.543E+00 6.257E+04 7.987E+04 2.066E+05 3.490E+05 3.490E+05 5.493E+06 36.9900 1.00000
  1.400E+11 1.400E+11 4.571E+00 7.300E+04 9.318E+04 2.461E+05 4.123E+05 4.123E+05 5.546E+06 37.2983 1.00000
  1.700E+11 1.700E+11 4.606E+00 8.864E+04 1.131E+05 3.069E+05 5.087E+05 5.087E+05 5.611E+06 37.6866 1.00000
  2.000E+11 2.000E+11 4.636E+00 1.043E+05 1.331E+05 3.693E+05 6.067E+05 6.067E+05 5.665E+06 38.0116 1.00000
  2.500E+11 2.500E+11 4.677E+00 1.304E+05 1.664E+05 4.761E+05 7.728E+05 7.728E+05 5.738E+06 38.4579 1.00000
  3.000E+11 3.000E+11 4.712E+00 1.564E+05 1.997E+05 5.860E+05 9.421E+05 9.421E+05 5.797E+06 38.8226 1.00000
  3.500E+11 3.500E+11 4.741E+00 1.825E+05 2.329E+05 6.986E+05 1.114E+06 1.114E+06 5.845E+06 39.1309 1.00000
  4.000E+11 4.000E+11 4.766E+00 2.086E+05 2.662E+05 8.135E+05 1.288E+06 1.288E+06 5.887E+06 39.3979 1.00000
  4.500E+11 4.500E+11 4.788E+00 2.346E+05 2.995E+05 9.305E+05 1.465E+06 1.465E+06 5.923E+06 39.6335 1.00000
  5.000E+11 5.000E+11 4.809E+00 2.607E+05 3.328E+05 1.049E+06 1.643E+06 1.643E+06 5.956E+06 39.8442 1.00000
  5.500E+11 5.500E+11 4.827E+00 2.868E+05 3.660E+05 1.170E+06 1.823E+06 1.823E+06 5.985E+06 40.0348 1.00000
  6.000E+11 6.000E+11 4.844E+00 3.129E+05 3.993E+05 1.292E+06 2.004E+06 2.004E+06 6.011E+06 40.2089 1.00000
  7.000E+11 7.000E+11 4.874E+00 3.650E+05 4.659E+05 1.541E+06 2.372E+06 2.372E+06 6.057E+06 40.5172 1.00000
  8.000E+11 8.000E+11 4.900E+00 4.171E+05 5.324E+05 1.795E+06 2.745E+06 2.745E+06 6.096E+06 40.7842 1.00000
  9.000E+11 9.000E+11 4.923E+00 4.693E+05 5.990E+05 2.054E+06 3.122E+06 3.122E+06 6.130E+06 41.0198 1.00000
  1.000E+12 1.000E+12 4.944E+00 5.214E+05 6.655E+05 2.317E+06 3.504E+06 3.504E+06 6.160E+06 41.2305 1.00000
