 Incident particle is a Muon with M = 105.65839 MeV
 Index = 0: LithiumAmide
      Absorber with <Z/A> = 0.52257
 Density effect computed following Fano (1963)
 Models for Radloss: brems =  SSR, pair =  SSR, photonuc = DRSS

 *** Table generated with PUMAS v1.1 ***

      T         p     Ionization  brems     pair     photonuc  Radloss    dE/dx   CSDA Range  delta   beta
    [MeV]    [MeV/c]  -----------------------[MeV cm^2/g]------------------------  [g/cm^2]
  1.000E+00 1.457E+01 5.017E+01 0.000E+00 0.000E+00 0.000E+00 0.000E+00 5.017E+01 9.966E-03  0.0001 0.13661
  1.200E+00 1.597E+01 4.322E+01 0.000E+00 0.000E+00 0.000E+00 0.000E+00 4.322E+01 1.428E-02  0.0001 0.14944
  1.400E+00 1.726E+01 3.808E+01 0.000E+00 0.000E+00 0.000E+00 0.000E+00 3.808E+01 1.922E-02  0.0001 0.16119
  1.700E+00 1.903E+01 3.246E+01 0.000E+00 0.000E+00 0.000E+00 0.000E+00 3.246E+01 2.778E-02  0.0002 0.17725
  2.000E+00 2.066E+01 2.840E+01 0.000E+00 0.000E+00 0.000E+00 0.000E+00 2.840E+01 3.769E-02  0.0002 0.19186
  2.500E+00 2.312E+01 2.364E+01 0.000E+00 0.000E+00 0.000E+00 0.000E+00 2.364E+01 5.708E-02  0.0003 0.21376
  3.000E+00 2.536E+01 2.035E+01 0.000E+00 0.000E+00 0.000E+00 0.000E+00 2.035E+01 7.995E-02  0.0005 0.23336
  3.500E+00 2.742E+01 1.794E+01 0.000E+00 0.000E+00 0.000E+00 0.000E+00 1.794E+01 1.062E-01  0.0006 0.25120
  4.000E+00 2.935E+01 1.609E+01 0.000E+00 0.000E+00 0.000E+00 0.000E+00 1.609E+01 1.357E-01  0.0007 0.26763
  4.500E+00 3.116E+01 1.462E+01 0.000E+00 0.000E+00 0.000E+00 0.000E+00 1.462E+01 1.683E-01  0.0009 0.28290
  5.000E+00 3.289E+01 1.343E+01 0.000E+00 0.000E+00 0.000E+00 0.000E+00 1.343E+01 2.040E-01  0.0011 0.29720
  5.500E+00 3.453E+01 1.244E+01 0.000E+00 0.000E+00 0.000E+00 0.000E+00 1.244E+01 2.427E-01  0.0013 0.31066
  6.000E+00 3.611E+01 1.160E+01 0.000E+00 0.000E+00 0.000E+00 0.000E+00 1.160E+01 2.844E-01  0.0015 0.32339
  7.000E+00 3.909E+01 1.027E+01 0.000E+00 0.000E+00 0.000E+00 0.000E+00 1.027E+01 3.762E-01  0.0020 0.34700
  8.000E+00 4.189E+01 9.249E+00 0.000E+00 0.000E+00 0.000E+00 0.000E+00 9.249E+00 4.790E-01  0.0026 0.36854
  9.000E+00 4.453E+01 8.442E+00 0.000E+00 0.000E+00 0.000E+00 0.000E+00 8.442E+00 5.923E-01  0.0032 0.38836
  1.000E+01 4.704E+01 7.788E+00 0.000E+00 0.000E+00 0.000E+00 0.000E+00 7.788E+00 7.157E-01  0.0038 0.40675
  1.200E+01 5.177E+01 6.791E+00 0.000E+00 0.000E+00 0.000E+00 0.000E+00 6.791E+00 9.916E-01  0.0053 0.43998
  1.400E+01 5.616E+01 6.066E+00 0.000E+00 0.000E+00 0.000E+00 0.000E+00 6.066E+00 1.304E+00  0.0071 0.46937
  1.700E+01 6.230E+01 5.285E+00 0.000E+00 0.000E+00 0.000E+00 0.000E+00 5.285E+00 1.836E+00  0.0100 0.50792
  2.000E+01 6.802E+01 4.729E+00 0.000E+00 0.000E+00 0.000E+00 0.000E+00 4.729E+00 2.437E+00  0.0134 0.54129
  2.500E+01 7.686E+01 4.091E+00 5.747E-10 0.000E+00 0.000E+00 5.747E-10 4.091E+00 3.579E+00  0.0200 0.58827
  3.000E+01 8.509E+01 3.661E+00 8.423E-08 0.000E+00 0.000E+00 8.423E-08 3.661E+00 4.874E+00  0.0277 0.62720
  3.500E+01 9.285E+01 3.352E+00 9.838E-08 0.000E+00 0.000E+00 9.838E-08 3.352E+00 6.304E+00  0.0363 0.66011
  4.000E+01 1.003E+02 3.120E+00 1.053E-07 0.000E+00 0.000E+00 1.053E-07 3.120E+00 7.852E+00  0.0457 0.68834
  4.500E+01 1.074E+02 2.940E+00 1.125E-07 0.000E+00 0.000E+00 1.125E-07 2.940E+00 9.505E+00  0.0560 0.71286
  5.000E+01 1.143E+02 2.797E+00 1.200E-07 0.000E+00 0.000E+00 1.200E-07 2.797E+00 1.125E+01  0.0671 0.73434
  5.500E+01 1.210E+02 2.680E+00 1.276E-07 0.000E+00 0.000E+00 1.276E-07 2.680E+00 1.308E+01  0.0788 0.75332
  6.000E+01 1.276E+02 2.584E+00 1.355E-07 0.000E+00 0.000E+00 1.355E-07 2.584E+00 1.498E+01  0.0911 0.77019
  7.000E+01 1.403E+02 2.435E+00 1.519E-07 0.000E+00 0.000E+00 1.519E-07 2.435E+00 1.897E+01  0.1174 0.79887
  8.000E+01 1.527E+02 2.326E+00 1.692E-07 0.000E+00 0.000E+00 1.692E-07 2.326E+00 2.318E+01  0.1455 0.82227
  9.000E+01 1.647E+02 2.244E+00 7.347E-07 0.000E+00 0.000E+00 7.347E-07 2.244E+00 2.756E+01  0.1752 0.84166
  1.000E+02 1.764E+02 2.180E+00 1.120E-06 0.000E+00 0.000E+00 1.120E-06 2.180E+00 3.208E+01  0.2059 0.85794
  1.200E+02 1.994E+02 2.090E+00 1.561E-06 0.000E+00 0.000E+00 1.561E-06 2.090E+00 4.146E+01  0.2699 0.88361
  1.400E+02 2.218E+02 2.030E+00 1.852E-06 0.000E+00 0.000E+00 1.852E-06 2.030E+00 5.118E+01  0.3357 0.90278
  1.700E+02 2.546E+02 1.975E+00 9.861E-06 1.021E-09 0.000E+00 9.862E-06 1.975E+00 6.618E+01  0.4356 0.92363
  2.000E+02 2.868E+02 1.943E+00 1.495E-05 7.460E-09 0.000E+00 1.496E-05 1.943E+00 8.151E+01  0.5349 0.93835
  2.500E+02 3.396E+02 1.916E+00 2.157E-05 9.526E-08 0.000E+00 2.167E-05 1.916E+00 1.074E+02  0.6959 0.95485
  3.000E+02 3.917E+02 1.906E+00 2.771E-05 5.896E-07 0.000E+00 2.830E-05 1.906E+00 1.336E+02  0.8491 0.96548
  3.500E+02 4.432E+02 1.905E+00 3.396E-05 1.523E-06 0.000E+00 3.548E-05 1.905E+00 1.599E+02  0.9938 0.97274
  4.000E+02 4.945E+02 1.908E+00 4.060E-05 2.885E-06 0.000E+00 4.349E-05 1.908E+00 1.861E+02  1.1302 0.97793
  4.500E+02 5.455E+02 1.914E+00 4.767E-05 4.668E-06 0.000E+00 5.234E-05 1.914E+00 2.123E+02  1.2586 0.98176
  5.000E+02 5.964E+02 1.921E+00 5.513E-05 6.861E-06 0.000E+00 6.199E-05 1.921E+00 2.383E+02  1.3797 0.98467
  5.500E+02 6.471E+02 1.929E+00 6.295E-05 9.453E-06 1.560E-05 8.800E-05 1.929E+00 2.643E+02  1.4941 0.98693
  6.000E+02 6.977E+02 1.937E+00 7.113E-05 1.243E-05 5.180E-05 1.354E-04 1.937E+00 2.902E+02  1.6023 0.98873
  7.000E+02 7.987E+02 1.953E+00 8.846E-05 1.950E-05 1.239E-04 2.318E-04 1.954E+00 3.416E+02  1.8023 0.99136
  8.000E+02 8.995E+02 1.969E+00 1.070E-04 2.798E-05 1.920E-04 3.270E-04 1.970E+00 3.926E+02  1.9835 0.99317
  9.000E+02 1.000E+03 1.984E+00 1.266E-04 3.778E-05 2.574E-04 4.218E-04 1.985E+00 4.431E+02  2.1489 0.99447
  1.000E+03 1.101E+03 1.999E+00 1.472E-04 4.883E-05 3.208E-04 5.168E-04 1.999E+00 4.933E+02  2.3010 0.99542
  1.200E+03 1.301E+03 2.024E+00 1.912E-04 7.438E-05 4.436E-04 7.093E-04 2.025E+00 5.927E+02  2.5727 0.99672
  1.400E+03 1.502E+03 2.047E+00 2.385E-04 1.041E-04 5.631E-04 9.056E-04 2.048E+00 6.909E+02  2.8102 0.99753
  1.700E+03 1.803E+03 2.077E+00 3.146E-04 1.558E-04 7.377E-04 1.208E-03 2.078E+00 8.363E+02  3.1189 0.99829
  2.000E+03 2.103E+03 2.102E+00 3.962E-04 2.149E-04 9.082E-04 1.519E-03 2.104E+00 9.798E+02  3.3851 0.99874
  2.500E+03 2.604E+03 2.137E+00 5.426E-04 3.277E-04 1.185E-03 2.056E-03 2.139E+00 1.215E+03  3.7619 0.99918
  3.000E+03 3.104E+03 2.165E+00 6.997E-04 4.560E-04 1.456E-03 2.611E-03 2.168E+00 1.448E+03  4.0793 0.99942
  3.500E+03 3.604E+03 2.189E+00 8.664E-04 5.975E-04 1.720E-03 3.184E-03 2.192E+00 1.677E+03  4.3540 0.99957
  4.000E+03 4.104E+03 2.209E+00 1.041E-03 7.652E-04 1.979E-03 3.786E-03 2.213E+00 1.904E+03  4.5964 0.99967
  4.500E+03 4.604E+03 2.227E+00 1.222E-03 9.498E-04 2.235E-03 4.407E-03 2.231E+00 2.129E+03  4.8133 0.99974
  5.000E+03 5.105E+03 2.242E+00 1.410E-03 1.146E-03 2.486E-03 5.042E-03 2.247E+00 2.352E+03  5.0095 0.99979
  5.500E+03 5.605E+03 2.256E+00 1.603E-03 1.352E-03 2.735E-03 5.690E-03 2.262E+00 2.574E+03  5.1887 0.99982
  6.000E+03 6.105E+03 2.269E+00 1.802E-03 1.567E-03 2.980E-03 6.350E-03 2.275E+00 2.794E+03  5.3535 0.99985
  7.000E+03 7.105E+03 2.291E+00 2.214E-03 2.024E-03 3.464E-03 7.701E-03 2.299E+00 3.232E+03  5.6480 0.99989
  8.000E+03 8.105E+03 2.310E+00 2.641E-03 2.510E-03 3.939E-03 9.091E-03 2.319E+00 3.665E+03  5.9053 0.99992
  9.000E+03 9.105E+03 2.326E+00 3.083E-03 3.024E-03 4.406E-03 1.051E-02 2.337E+00 4.094E+03  6.1338 0.99993
  1.000E+04 1.011E+04 2.341E+00 3.537E-03 3.561E-03 4.868E-03 1.197E-02 2.353E+00 4.521E+03  6.3391 0.99995
  1.200E+04 1.211E+04 2.365E+00 4.478E-03 4.698E-03 5.776E-03 1.495E-02 2.380E+00 5.366E+03  6.6961 0.99996
  1.400E+04 1.411E+04 2.386E+00 5.458E-03 5.907E-03 6.667E-03 1.803E-02 2.404E+00 6.202E+03  6.9994 0.99997
  1.700E+04 1.711E+04 2.411E+00 6.989E-03 7.833E-03 7.979E-03 2.280E-02 2.434E+00 7.442E+03  7.3828 0.99998
  2.000E+04 2.011E+04 2.432E+00 8.579E-03 9.871E-03 9.269E-03 2.772E-02 2.460E+00 8.668E+03  7.7046 0.99999
  2.500E+04 2.511E+04 2.460E+00 1.134E-02 1.347E-02 1.138E-02 3.619E-02 2.496E+00 1.069E+04  8.1475 0.99999
  3.000E+04 3.011E+04 2.482E+00 1.420E-02 1.728E-02 1.346E-02 4.495E-02 2.527E+00 1.268E+04  8.5100 0.99999
  3.500E+04 3.511E+04 2.501E+00 1.716E-02 2.125E-02 1.552E-02 5.394E-02 2.555E+00 1.464E+04  8.8169 1.00000
  4.000E+04 4.011E+04 2.516E+00 2.020E-02 2.537E-02 1.756E-02 6.313E-02 2.580E+00 1.659E+04  9.0830 1.00000
  4.500E+04 4.511E+04 2.530E+00 2.330E-02 2.961E-02 1.959E-02 7.250E-02 2.603E+00 1.852E+04  9.3177 1.00000
  5.000E+04 5.011E+04 2.542E+00 2.646E-02 3.395E-02 2.161E-02 8.202E-02 2.624E+00 2.043E+04  9.5279 1.00000
  5.500E+04 5.511E+04 2.553E+00 2.967E-02 3.838E-02 2.362E-02 9.168E-02 2.645E+00 2.233E+04  9.7180 1.00000
  6.000E+04 6.011E+04 2.563E+00 3.293E-02 4.289E-02 2.563E-02 1.015E-01 2.665E+00 2.421E+04  9.8916 1.00000
  7.000E+04 7.011E+04 2.580E+00 3.958E-02 5.214E-02 2.963E-02 1.213E-01 2.702E+00 2.794E+04 10.1993 1.00000
  8.000E+04 8.011E+04 2.595E+00 4.637E-02 6.162E-02 3.362E-02 1.416E-01 2.737E+00 3.162E+04 10.4659 1.00000
  9.000E+04 9.011E+04 2.608E+00 5.328E-02 7.131E-02 3.760E-02 1.622E-01 2.771E+00 3.525E+04 10.7012 1.00000
  1.000E+05 1.001E+05 2.620E+00 6.031E-02 8.118E-02 4.158E-02 1.831E-01 2.803E+00 3.884E+04 10.9116 1.00000
  1.200E+05 1.201E+05 2.640E+00 7.464E-02 1.013E-01 4.955E-02 2.255E-01 2.865E+00 4.590E+04 11.2759 1.00000
  1.400E+05 1.401E+05 2.656E+00 8.928E-02 1.220E-01 5.754E-02 2.688E-01 2.925E+00 5.280E+04 11.5839 1.00000
  1.700E+05 1.701E+05 2.677E+00 1.117E-01 1.537E-01 6.956E-02 3.350E-01 3.012E+00 6.291E+04 11.9719 1.00000
  2.000E+05 2.001E+05 2.695E+00 1.346E-01 1.860E-01 8.164E-02 4.023E-01 3.097E+00 7.273E+04 12.2967 1.00000
  2.500E+05 2.501E+05 2.719E+00 1.737E-01 2.411E-01 1.019E-01 5.167E-01 3.235E+00 8.852E+04 12.7428 1.00000
  3.000E+05 3.001E+05 2.738E+00 2.135E-01 2.972E-01 1.224E-01 6.331E-01 3.371E+00 1.037E+05 13.1073 1.00000
  3.500E+05 3.501E+05 2.755E+00 2.540E-01 3.542E-01 1.430E-01 7.512E-01 3.506E+00 1.182E+05 13.4155 1.00000
  4.000E+05 4.001E+05 2.769E+00 2.950E-01 4.118E-01 1.638E-01 8.706E-01 3.640E+00 1.322E+05 13.6825 1.00000
  4.500E+05 4.501E+05 2.782E+00 3.365E-01 4.699E-01 1.848E-01 9.912E-01 3.773E+00 1.457E+05 13.9180 1.00000
  5.000E+05 5.001E+05 2.793E+00 3.784E-01 5.284E-01 2.060E-01 1.113E+00 3.906E+00 1.587E+05 14.1287 1.00000
  5.500E+05 5.501E+05 2.803E+00 4.206E-01 5.874E-01 2.272E-01 1.235E+00 4.038E+00 1.713E+05 14.3192 1.00000
  6.000E+05 6.001E+05 2.813E+00 4.632E-01 6.467E-01 2.487E-01 1.358E+00 4.171E+00 1.835E+05 14.4932 1.00000
  7.000E+05 7.001E+05 2.829E+00 5.490E-01 7.660E-01 2.919E-01 1.607E+00 4.436E+00 2.067E+05 14.8015 1.00000
  8.000E+05 8.001E+05 2.844E+00 6.357E-01 8.863E-01 3.356E-01 1.858E+00 4.701E+00 2.286E+05 15.0685 1.00000
  9.000E+05 9.001E+05 2.857E+00 7.231E-01 1.007E+00 3.797E-01 2.110E+00 4.967E+00 2.493E+05 15.3040 1.00000
  1.000E+06 1.000E+06 2.868E+00 8.112E-01 1.129E+00 4.243E-01 2.364E+00 5.232E+00 2.689E+05 15.5147 1.00000
  1.200E+06 1.200E+06 2.888E+00 9.888E-01 1.373E+00 5.145E-01 2.877E+00 5.765E+00 3.053E+05 15.8793 1.00000
  1.400E+06 1.400E+06 2.905E+00 1.168E+00 1.619E+00 6.061E-01 3.394E+00 6.299E+00 3.385E+05 16.1876 1.00000
  1.700E+06 1.700E+06 2.927E+00 1.440E+00 1.991E+00 7.457E-01 4.176E+00 7.103E+00 3.833E+05 16.5759 1.00000
  2.000E+06 2.000E+06 2.945E+00 1.713E+00 2.364E+00 8.876E-01 4.965E+00 7.909E+00 4.233E+05 16.9009 1.00000
  2.500E+06 2.500E+06 2.970E+00 2.173E+00 2.989E+00 1.129E+00 6.291E+00 9.261E+00 4.817E+05 17.3472 1.00000
  3.000E+06 3.000E+06 2.991E+00 2.637E+00 3.616E+00 1.374E+00 7.628E+00 1.062E+01 5.321E+05 17.7118 1.00000
  3.500E+06 3.500E+06 3.008E+00 3.103E+00 4.246E+00 1.624E+00 8.974E+00 1.198E+01 5.764E+05 18.0201 1.00000
  4.000E+06 4.000E+06 3.024E+00 3.572E+00 4.877E+00 1.878E+00 1.033E+01 1.335E+01 6.159E+05 18.2872 1.00000
  4.500E+06 4.500E+06 3.037E+00 4.042E+00 5.510E+00 2.135E+00 1.169E+01 1.472E+01 6.516E+05 18.5227 1.00000
  5.000E+06 5.000E+06 3.049E+00 4.514E+00 6.143E+00 2.395E+00 1.305E+01 1.610E+01 6.840E+05 18.7334 1.00000
  5.500E+06 5.500E+06 3.061E+00 4.987E+00 6.777E+00 2.657E+00 1.442E+01 1.748E+01 7.138E+05 18.9241 1.00000
  6.000E+06 6.000E+06 3.071E+00 5.461E+00 7.412E+00 2.922E+00 1.579E+01 1.887E+01 7.414E+05 19.0981 1.00000
  7.000E+06 7.000E+06 3.089E+00 6.411E+00 8.683E+00 3.459E+00 1.855E+01 2.164E+01 7.908E+05 19.4064 1.00000
  8.000E+06 8.000E+06 3.105E+00 7.365E+00 9.956E+00 4.005E+00 2.133E+01 2.443E+01 8.343E+05 19.6734 1.00000
  9.000E+06 9.000E+06 3.119E+00 8.321E+00 1.123E+01 4.558E+00 2.411E+01 2.723E+01 8.731E+05 19.9090 1.00000
  1.000E+07 1.000E+07 3.131E+00 9.278E+00 1.251E+01 5.117E+00 2.690E+01 3.003E+01 9.080E+05 20.1197 1.00000
  1.200E+07 1.200E+07 3.153E+00 1.120E+01 1.506E+01 6.254E+00 3.251E+01 3.566E+01 9.691E+05 20.4844 1.00000
  1.400E+07 1.400E+07 3.172E+00 1.312E+01 1.761E+01 7.412E+00 3.815E+01 4.132E+01 1.021E+06 20.7927 1.00000
  1.700E+07 1.700E+07 3.196E+00 1.602E+01 2.145E+01 9.183E+00 4.665E+01 4.985E+01 1.087E+06 21.1810 1.00000
  2.000E+07 2.000E+07 3.216E+00 1.892E+01 2.529E+01 1.099E+01 5.520E+01 5.841E+01 1.143E+06 21.5060 1.00000
  2.500E+07 2.500E+07 3.244E+00 2.376E+01 3.170E+01 1.407E+01 6.952E+01 7.276E+01 1.219E+06 21.9523 1.00000
  3.000E+07 3.000E+07 3.266E+00 2.861E+01 3.811E+01 1.721E+01 8.393E+01 8.719E+01 1.282E+06 22.3169 1.00000
  3.500E+07 3.500E+07 3.286E+00 3.346E+01 4.452E+01 2.042E+01 9.840E+01 1.017E+02 1.335E+06 22.6252 1.00000
  4.000E+07 4.000E+07 3.303E+00 3.832E+01 5.094E+01 2.368E+01 1.129E+02 1.162E+02 1.381E+06 22.8923 1.00000
  4.500E+07 4.500E+07 3.318E+00 4.319E+01 5.736E+01 2.699E+01 1.275E+02 1.308E+02 1.421E+06 23.1278 1.00000
  5.000E+07 5.000E+07 3.332E+00 4.805E+01 6.377E+01 3.034E+01 1.422E+02 1.455E+02 1.458E+06 23.3386 1.00000
  5.500E+07 5.500E+07 3.344E+00 5.292E+01 7.019E+01 3.373E+01 1.568E+02 1.602E+02 1.490E+06 23.5292 1.00000
  6.000E+07 6.000E+07 3.355E+00 5.779E+01 7.662E+01 3.715E+01 1.716E+02 1.749E+02 1.520E+06 23.7032 1.00000
  7.000E+07 7.000E+07 3.376E+00 6.754E+01 8.946E+01 4.410E+01 2.011E+02 2.045E+02 1.573E+06 24.0115 1.00000
  8.000E+07 8.000E+07 3.393E+00 7.729E+01 1.023E+02 5.116E+01 2.308E+02 2.342E+02 1.619E+06 24.2786 1.00000
  9.000E+07 9.000E+07 3.409E+00 8.705E+01 1.152E+02 5.833E+01 2.605E+02 2.639E+02 1.659E+06 24.5141 1.00000
  1.000E+08 1.000E+08 3.423E+00 9.681E+01 1.280E+02 6.560E+01 2.904E+02 2.938E+02 1.695E+06 24.7249 1.00000
  1.200E+08 1.200E+08 3.447E+00 1.163E+02 1.537E+02 8.037E+01 3.504E+02 3.539E+02 1.757E+06 25.0895 1.00000
  1.400E+08 1.400E+08 3.468E+00 1.359E+02 1.794E+02 9.544E+01 4.107E+02 4.142E+02 1.809E+06 25.3978 1.00000
  1.700E+08 1.700E+08 3.495E+00 1.652E+02 2.180E+02 1.185E+02 5.017E+02 5.052E+02 1.875E+06 25.7861 1.00000
  2.000E+08 2.000E+08 3.517E+00 1.945E+02 2.566E+02 1.421E+02 5.931E+02 5.967E+02 1.929E+06 26.1112 1.00000
  2.500E+08 2.500E+08 3.548E+00 2.434E+02 3.209E+02 1.823E+02 7.465E+02 7.501E+02 2.004E+06 26.5574 1.00000
  3.000E+08 3.000E+08 3.573E+00 2.923E+02 3.851E+02 2.235E+02 9.009E+02 9.045E+02 2.064E+06 26.9221 1.00000
  3.500E+08 3.500E+08 3.595E+00 3.412E+02 4.495E+02 2.655E+02 1.056E+03 1.060E+03 2.115E+06 27.2304 1.00000
  4.000E+08 4.000E+08 3.614E+00 3.901E+02 5.138E+02 3.083E+02 1.212E+03 1.216E+03 2.159E+06 27.4974 1.00000
  4.500E+08 4.500E+08 3.631E+00 4.390E+02 5.781E+02 3.517E+02 1.369E+03 1.372E+03 2.198E+06 27.7330 1.00000
  5.000E+08 5.000E+08 3.646E+00 4.879E+02 6.424E+02 3.958E+02 1.526E+03 1.530E+03 2.233E+06 27.9437 1.00000
  5.500E+08 5.500E+08 3.660E+00 5.368E+02 7.067E+02 4.403E+02 1.684E+03 1.687E+03 2.264E+06 28.1343 1.00000
  6.000E+08 6.000E+08 3.673E+00 5.857E+02 7.710E+02 4.854E+02 1.842E+03 1.846E+03 2.292E+06 28.3084 1.00000
  7.000E+08 7.000E+08 3.695E+00 6.835E+02 8.996E+02 5.768E+02 2.160E+03 2.164E+03 2.342E+06 28.6167 1.00000
  8.000E+08 8.000E+08 3.715E+00 7.814E+02 1.028E+03 6.699E+02 2.480E+03 2.483E+03 2.385E+06 28.8837 1.00000
  9.000E+08 9.000E+08 3.732E+00 8.792E+02 1.157E+03 7.645E+02 2.801E+03 2.804E+03 2.423E+06 29.1192 1.00000
  1.000E+09 1.000E+09 3.748E+00 9.771E+02 1.286E+03 8.603E+02 3.123E+03 3.127E+03 2.457E+06 29.3299 1.00000
  1.200E+09 1.200E+09 3.775E+00 1.173E+03 1.543E+03 1.056E+03 3.771E+03 3.775E+03 2.515E+06 29.6946 1.00000
  1.400E+09 1.400E+09 3.799E+00 1.368E+03 1.800E+03 1.255E+03 4.423E+03 4.427E+03 2.564E+06 30.0025 1.00000
  1.700E+09 1.700E+09 3.828E+00 1.662E+03 2.186E+03 1.560E+03 5.409E+03 5.412E+03 2.625E+06 30.3908 1.00000
  2.000E+09 2.000E+09 3.853E+00 1.956E+03 2.572E+03 1.873E+03 6.401E+03 6.404E+03 2.676E+06 30.7143 1.00000
  2.500E+09 2.500E+09 3.888E+00 2.445E+03 3.215E+03 2.407E+03 8.067E+03 8.071E+03 2.745E+06 31.1606 1.00000
  3.000E+09 3.000E+09 3.917E+00 2.934E+03 3.858E+03 2.954E+03 9.747E+03 9.751E+03 2.802E+06 31.5187 1.00000
  3.500E+09 3.500E+09 3.941E+00 3.424E+03 4.502E+03 3.514E+03 1.144E+04 1.144E+04 2.849E+06 31.8270 1.00000
  4.000E+09 4.000E+09 3.963E+00 3.913E+03 5.145E+03 4.083E+03 1.314E+04 1.314E+04 2.890E+06 32.0941 1.00000
  4.500E+09 4.500E+09 3.984E+00 4.402E+03 5.788E+03 4.662E+03 1.485E+04 1.486E+04 2.925E+06 32.3005 1.00000
  5.000E+09 5.000E+09 4.001E+00 4.891E+03 6.431E+03 5.249E+03 1.657E+04 1.658E+04 2.957E+06 32.5112 1.00000
  5.500E+09 5.500E+09 4.016E+00 5.381E+03 7.074E+03 5.844E+03 1.830E+04 1.830E+04 2.986E+06 32.7018 1.00000
  6.000E+09 6.000E+09 4.030E+00 5.870E+03 7.718E+03 6.446E+03 2.003E+04 2.004E+04 3.012E+06 32.8759 1.00000
  7.000E+09 7.000E+09 4.055E+00 6.849E+03 9.004E+03 7.669E+03 2.352E+04 2.353E+04 3.058E+06 33.1842 1.00000
  8.000E+09 8.000E+09 4.090E+00 7.827E+03 1.029E+04 8.914E+03 2.703E+04 2.704E+04 3.098E+06 33.2958 1.00000
  9.000E+09 9.000E+09 4.109E+00 8.806E+03 1.158E+04 1.018E+04 3.056E+04 3.057E+04 3.132E+06 33.5313 1.00000
  1.000E+10 1.000E+10 4.127E+00 9.785E+03 1.286E+04 1.147E+04 3.411E+04 3.412E+04 3.163E+06 33.7421 1.00000
  1.200E+10 1.200E+10 4.157E+00 1.174E+04 1.544E+04 1.408E+04 4.126E+04 4.127E+04 3.217E+06 34.1067 1.00000
  1.400E+10 1.400E+10 4.184E+00 1.370E+04 1.801E+04 1.676E+04 4.847E+04 4.847E+04 3.261E+06 34.4150 1.00000
  1.700E+10 1.700E+10 4.217E+00 1.664E+04 2.187E+04 2.087E+04 5.938E+04 5.938E+04 3.317E+06 34.8033 1.00000
  2.000E+10 2.000E+10 4.245E+00 1.957E+04 2.573E+04 2.508E+04 7.038E+04 7.038E+04 3.364E+06 35.1283 1.00000
  2.500E+10 2.500E+10 4.283E+00 2.446E+04 3.216E+04 3.228E+04 8.890E+04 8.891E+04 3.427E+06 35.5746 1.00000
  3.000E+10 3.000E+10 4.315E+00 2.936E+04 3.859E+04 3.967E+04 1.076E+05 1.076E+05 3.478E+06 35.9393 1.00000
  3.500E+10 3.500E+10 4.342E+00 3.425E+04 4.502E+04 4.724E+04 1.265E+05 1.265E+05 3.520E+06 36.2476 1.00000
  4.000E+10 4.000E+10 4.366E+00 3.914E+04 5.146E+04 5.495E+04 1.455E+05 1.456E+05 3.557E+06 36.5146 1.00000
  4.500E+10 4.500E+10 4.387E+00 4.404E+04 5.789E+04 6.279E+04 1.647E+05 1.647E+05 3.590E+06 36.7502 1.00000
  5.000E+10 5.000E+10 4.406E+00 4.893E+04 6.432E+04 7.075E+04 1.840E+05 1.840E+05 3.618E+06 36.9609 1.00000
  5.500E+10 5.500E+10 4.423E+00 5.382E+04 7.075E+04 7.882E+04 2.034E+05 2.034E+05 3.644E+06 37.1516 1.00000
  6.000E+10 6.000E+10 4.439E+00 5.872E+04 7.719E+04 8.700E+04 2.229E+05 2.229E+05 3.668E+06 37.3256 1.00000
  7.000E+10 7.000E+10 4.467E+00 6.850E+04 9.005E+04 1.036E+05 2.622E+05 2.622E+05 3.709E+06 37.6339 1.00000
  8.000E+10 8.000E+10 4.492E+00 7.829E+04 1.029E+05 1.206E+05 3.018E+05 3.018E+05 3.744E+06 37.9009 1.00000
  9.000E+10 9.000E+10 4.514E+00 8.808E+04 1.158E+05 1.378E+05 3.417E+05 3.417E+05 3.776E+06 38.1365 1.00000
  1.000E+11 1.000E+11 4.533E+00 9.786E+04 1.286E+05 1.553E+05 3.818E+05 3.818E+05 3.803E+06 38.3472 1.00000
  1.200E+11 1.200E+11 4.568E+00 1.174E+05 1.544E+05 1.911E+05 4.629E+05 4.629E+05 3.851E+06 38.7119 1.00000
  1.400E+11 1.400E+11 4.597E+00 1.370E+05 1.801E+05 2.277E+05 5.448E+05 5.448E+05 3.891E+06 39.0202 1.00000
  1.700E+11 1.700E+11 4.634E+00 1.664E+05 2.187E+05 2.839E+05 6.690E+05 6.690E+05 3.940E+06 39.4085 1.00000
  2.000E+11 2.000E+11 4.665E+00 1.957E+05 2.573E+05 3.416E+05 7.946E+05 7.946E+05 3.981E+06 39.7335 1.00000
  2.500E+11 2.500E+11 4.708E+00 2.447E+05 3.216E+05 4.404E+05 1.007E+06 1.007E+06 4.037E+06 40.1798 1.00000
  3.000E+11 3.000E+11 4.744E+00 2.936E+05 3.859E+05 5.421E+05 1.222E+06 1.222E+06 4.082E+06 40.5444 1.00000
  3.500E+11 3.500E+11 4.774E+00 3.425E+05 4.502E+05 6.462E+05 1.439E+06 1.439E+06 4.120E+06 40.8527 1.00000
  4.000E+11 4.000E+11 4.801E+00 3.915E+05 5.146E+05 7.525E+05 1.659E+06 1.659E+06 4.152E+06 41.1198 1.00000
  4.500E+11 4.500E+11 4.824E+00 4.404E+05 5.789E+05 8.608E+05 1.880E+06 1.880E+06 4.180E+06 41.3554 1.00000
  5.000E+11 5.000E+11 4.845E+00 4.893E+05 6.432E+05 9.708E+05 2.103E+06 2.103E+06 4.206E+06 41.5661 1.00000
  5.500E+11 5.500E+11 4.865E+00 5.383E+05 7.075E+05 1.082E+06 2.328E+06 2.328E+06 4.228E+06 41.7567 1.00000
  6.000E+11 6.000E+11 4.882E+00 5.872E+05 7.718E+05 1.195E+06 2.554E+06 2.554E+06 4.249E+06 41.9307 1.00000
  7.000E+11 7.000E+11 4.914E+00 6.851E+05 9.005E+05 1.426E+06 3.011E+06 3.011E+06 4.285E+06 42.2390 1.00000
  8.000E+11 8.000E+11 4.941E+00 7.829E+05 1.029E+06 1.661E+06 3.473E+06 3.473E+06 4.316E+06 42.5061 1.00000
  9.000E+11 9.000E+11 4.965E+00 8.808E+05 1.158E+06 1.900E+06 3.939E+06 3.939E+06 4.343E+06 42.7417 1.00000
  1.000E+12 1.000E+12 4.987E+00 9.787E+05 1.286E+06 2.144E+06 4.409E+06 4.409E+06 4.367E+06 42.9524 1.00000
