 Incident particle is a Muon with M = 105.65839 MeV
 Index = 0: LithiumFluoride
      Absorber with <Z/A> = 0.46263
 Density effect computed following Fano (1963)
 Models for Radloss: brems =  SSR, pair =  SSR, photonuc = DRSS

 *** Table generated with PUMAS v1.1 ***

      T         p     Ionization  brems     pair     photonuc  Radloss    dE/dx   CSDA Range  delta   beta
    [MeV]    [MeV/c]  -----------------------[MeV cm^2/g]------------------------  [g/cm^2]
  1.000E+00 1.457E+01 4.040E+01 0.000E+00 0.000E+00 0.000E+00 0.000E+00 4.040E+01 1.237E-02  0.0000 0.13661
  1.200E+00 1.597E+01 3.491E+01 0.000E+00 0.000E+00 0.000E+00 0.000E+00 3.491E+01 1.772E-02  0.0000 0.14944
  1.400E+00 1.726E+01 3.083E+01 0.000E+00 0.000E+00 0.000E+00 0.000E+00 3.083E+01 2.383E-02  0.0000 0.16119
  1.700E+00 1.903E+01 2.636E+01 0.000E+00 0.000E+00 0.000E+00 0.000E+00 2.636E+01 3.439E-02  0.0000 0.17725
  2.000E+00 2.066E+01 2.311E+01 0.000E+00 0.000E+00 0.000E+00 0.000E+00 2.311E+01 4.657E-02  0.0000 0.19186
  2.500E+00 2.312E+01 1.929E+01 0.000E+00 0.000E+00 0.000E+00 0.000E+00 1.929E+01 7.037E-02  0.0000 0.21376
  3.000E+00 2.536E+01 1.664E+01 0.000E+00 0.000E+00 0.000E+00 0.000E+00 1.664E+01 9.836E-02  0.0000 0.23336
  3.500E+00 2.742E+01 1.470E+01 0.000E+00 0.000E+00 0.000E+00 0.000E+00 1.470E+01 1.304E-01  0.0000 0.25120
  4.000E+00 2.935E+01 1.320E+01 0.000E+00 0.000E+00 0.000E+00 0.000E+00 1.320E+01 1.664E-01  0.0000 0.26763
  4.500E+00 3.116E+01 1.201E+01 0.000E+00 0.000E+00 0.000E+00 0.000E+00 1.201E+01 2.061E-01  0.0000 0.28290
  5.000E+00 3.289E+01 1.104E+01 0.000E+00 0.000E+00 0.000E+00 0.000E+00 1.104E+01 2.496E-01  0.0000 0.29720
  5.500E+00 3.453E+01 1.024E+01 0.000E+00 0.000E+00 0.000E+00 0.000E+00 1.024E+01 2.966E-01  0.0000 0.31066
  6.000E+00 3.611E+01 9.559E+00 0.000E+00 0.000E+00 0.000E+00 0.000E+00 9.559E+00 3.472E-01  0.0000 0.32339
  7.000E+00 3.909E+01 8.471E+00 0.000E+00 0.000E+00 0.000E+00 0.000E+00 8.471E+00 4.586E-01  0.0000 0.34700
  8.000E+00 4.189E+01 7.638E+00 0.000E+00 0.000E+00 0.000E+00 0.000E+00 7.638E+00 5.831E-01  0.0000 0.36854
  9.000E+00 4.453E+01 6.979E+00 0.000E+00 0.000E+00 0.000E+00 0.000E+00 6.979E+00 7.203E-01  0.0000 0.38836
  1.000E+01 4.704E+01 6.444E+00 0.000E+00 0.000E+00 0.000E+00 0.000E+00 6.444E+00 8.695E-01  0.0000 0.40675
  1.200E+01 5.177E+01 5.628E+00 0.000E+00 0.000E+00 0.000E+00 0.000E+00 5.628E+00 1.203E+00  0.0001 0.43998
  1.400E+01 5.616E+01 5.032E+00 0.000E+00 0.000E+00 0.000E+00 0.000E+00 5.032E+00 1.579E+00  0.0004 0.46937
  1.700E+01 6.230E+01 4.391E+00 0.000E+00 0.000E+00 0.000E+00 0.000E+00 4.391E+00 2.220E+00  0.0012 0.50792
  2.000E+01 6.802E+01 3.934E+00 0.000E+00 0.000E+00 0.000E+00 0.000E+00 3.934E+00 2.943E+00  0.0025 0.54129
  2.500E+01 7.686E+01 3.409E+00 0.000E+00 0.000E+00 0.000E+00 0.000E+00 3.409E+00 4.314E+00  0.0054 0.58827
  3.000E+01 8.509E+01 3.054E+00 0.000E+00 0.000E+00 0.000E+00 0.000E+00 3.054E+00 5.868E+00  0.0093 0.62720
  3.500E+01 9.285E+01 2.800E+00 0.000E+00 0.000E+00 0.000E+00 0.000E+00 2.800E+00 7.582E+00  0.0142 0.66011
  4.000E+01 1.003E+02 2.608E+00 0.000E+00 0.000E+00 0.000E+00 0.000E+00 2.608E+00 9.434E+00  0.0198 0.68834
  4.500E+01 1.074E+02 2.460E+00 0.000E+00 0.000E+00 0.000E+00 0.000E+00 2.460E+00 1.141E+01  0.0262 0.71286
  5.000E+01 1.143E+02 2.342E+00 0.000E+00 0.000E+00 0.000E+00 0.000E+00 2.342E+00 1.350E+01  0.0333 0.73434
  5.500E+01 1.210E+02 2.246E+00 0.000E+00 0.000E+00 0.000E+00 0.000E+00 2.246E+00 1.568E+01  0.0411 0.75332
  6.000E+01 1.276E+02 2.167E+00 0.000E+00 0.000E+00 0.000E+00 0.000E+00 2.167E+00 1.794E+01  0.0495 0.77019
  7.000E+01 1.403E+02 2.044E+00 0.000E+00 0.000E+00 0.000E+00 0.000E+00 2.044E+00 2.270E+01  0.0681 0.79887
  8.000E+01 1.527E+02 1.955E+00 0.000E+00 0.000E+00 0.000E+00 0.000E+00 1.955E+00 2.771E+01  0.0888 0.82227
  9.000E+01 1.647E+02 1.887E+00 4.845E-07 0.000E+00 0.000E+00 4.845E-07 1.887E+00 3.292E+01  0.1115 0.84166
  1.000E+02 1.764E+02 1.835E+00 8.089E-07 0.000E+00 0.000E+00 8.089E-07 1.835E+00 3.830E+01  0.1358 0.85794
  1.200E+02 1.994E+02 1.762E+00 1.163E-06 0.000E+00 0.000E+00 1.163E-06 1.762E+00 4.944E+01  0.1882 0.88361
  1.400E+02 2.218E+02 1.714E+00 1.382E-06 0.000E+00 0.000E+00 1.382E-06 1.714E+00 6.096E+01  0.2445 0.90278
  1.700E+02 2.546E+02 1.669E+00 4.592E-06 1.952E-10 0.000E+00 4.592E-06 1.669E+00 7.872E+01  0.3328 0.92363
  2.000E+02 2.868E+02 1.644E+00 1.577E-05 6.859E-09 0.000E+00 1.578E-05 1.644E+00 9.684E+01  0.4230 0.93835
  2.500E+02 3.396E+02 1.624E+00 2.691E-05 1.176E-07 0.000E+00 2.703E-05 1.624E+00 1.275E+02  0.5724 0.95485
  3.000E+02 3.917E+02 1.617E+00 3.610E-05 7.637E-07 0.000E+00 3.686E-05 1.617E+00 1.583E+02  0.7171 0.96548
  3.500E+02 4.432E+02 1.618E+00 4.496E-05 1.991E-06 0.000E+00 4.695E-05 1.618E+00 1.893E+02  0.8553 0.97274
  4.000E+02 4.945E+02 1.622E+00 5.397E-05 3.788E-06 0.000E+00 5.776E-05 1.622E+00 2.201E+02  0.9864 0.97793
  4.500E+02 5.455E+02 1.628E+00 6.330E-05 6.141E-06 0.000E+00 6.945E-05 1.628E+00 2.509E+02  1.1105 0.98176
  5.000E+02 5.964E+02 1.635E+00 7.310E-05 9.038E-06 0.000E+00 8.213E-05 1.635E+00 2.816E+02  1.2279 0.98467
  5.500E+02 6.471E+02 1.642E+00 8.336E-05 1.246E-05 1.538E-05 1.112E-04 1.642E+00 3.121E+02  1.3391 0.98693
  6.000E+02 6.977E+02 1.650E+00 9.405E-05 1.640E-05 5.108E-05 1.615E-04 1.650E+00 3.424E+02  1.4445 0.98873
  7.000E+02 7.987E+02 1.665E+00 1.167E-04 2.575E-05 1.220E-04 2.645E-04 1.665E+00 4.028E+02  1.6397 0.99136
  8.000E+02 8.995E+02 1.679E+00 1.408E-04 3.697E-05 1.890E-04 3.668E-04 1.680E+00 4.626E+02  1.8168 0.99317
  9.000E+02 1.000E+03 1.693E+00 1.663E-04 4.994E-05 2.532E-04 4.695E-04 1.694E+00 5.219E+02  1.9785 0.99447
  1.000E+03 1.101E+03 1.706E+00 1.931E-04 6.456E-05 3.154E-04 5.731E-04 1.707E+00 5.807E+02  2.1272 0.99542
  1.200E+03 1.301E+03 1.730E+00 2.500E-04 9.838E-05 4.360E-04 7.844E-04 1.731E+00 6.970E+02  2.3922 0.99672
  1.400E+03 1.502E+03 1.751E+00 3.110E-04 1.378E-04 5.530E-04 1.002E-03 1.752E+00 8.119E+02  2.6233 0.99753
  1.700E+03 1.803E+03 1.778E+00 4.090E-04 2.061E-04 7.239E-04 1.339E-03 1.779E+00 9.818E+02  2.9221 0.99829
  2.000E+03 2.103E+03 1.801E+00 5.136E-04 2.844E-04 8.906E-04 1.689E-03 1.802E+00 1.149E+03  3.1782 0.99874
  2.500E+03 2.604E+03 1.833E+00 7.009E-04 4.338E-04 1.161E-03 2.296E-03 1.835E+00 1.424E+03  3.5384 0.99918
  3.000E+03 3.104E+03 1.859E+00 9.014E-04 6.036E-04 1.425E-03 2.930E-03 1.862E+00 1.695E+03  3.8396 0.99942
  3.500E+03 3.604E+03 1.881E+00 1.113E-03 7.909E-04 1.682E-03 3.586E-03 1.884E+00 1.962E+03  4.0994 0.99957
  4.000E+03 4.104E+03 1.900E+00 1.334E-03 1.006E-03 1.935E-03 4.275E-03 1.904E+00 2.225E+03  4.3283 0.99967
  4.500E+03 4.604E+03 1.916E+00 1.564E-03 1.241E-03 2.183E-03 4.989E-03 1.921E+00 2.487E+03  4.5333 0.99974
  5.000E+03 5.105E+03 1.931E+00 1.802E-03 1.490E-03 2.427E-03 5.720E-03 1.936E+00 2.746E+03  4.7192 0.99979
  5.500E+03 5.605E+03 1.944E+00 2.047E-03 1.752E-03 2.669E-03 6.467E-03 1.950E+00 3.003E+03  4.8893 0.99982
  6.000E+03 6.105E+03 1.955E+00 2.298E-03 2.025E-03 2.907E-03 7.229E-03 1.963E+00 3.259E+03  5.0463 0.99985
  7.000E+03 7.105E+03 1.976E+00 2.816E-03 2.603E-03 3.376E-03 8.794E-03 1.985E+00 3.766E+03  5.3282 0.99989
  8.000E+03 8.105E+03 1.993E+00 3.353E-03 3.218E-03 3.836E-03 1.041E-02 2.004E+00 4.267E+03  5.5761 0.99992
  9.000E+03 9.105E+03 2.008E+00 3.908E-03 3.867E-03 4.288E-03 1.206E-02 2.020E+00 4.764E+03  5.7974 0.99993
  1.000E+04 1.011E+04 2.022E+00 4.477E-03 4.545E-03 4.735E-03 1.376E-02 2.035E+00 5.257E+03  5.9971 0.99995
  1.200E+04 1.211E+04 2.044E+00 5.657E-03 5.977E-03 5.612E-03 1.725E-02 2.061E+00 6.233E+03  6.3463 0.99996
  1.400E+04 1.411E+04 2.063E+00 6.884E-03 7.496E-03 6.472E-03 2.085E-02 2.083E+00 7.198E+03  6.6445 0.99997
  1.700E+04 1.711E+04 2.085E+00 8.794E-03 9.913E-03 7.737E-03 2.645E-02 2.112E+00 8.628E+03  7.0231 0.99998
  2.000E+04 2.011E+04 2.104E+00 1.078E-02 1.247E-02 8.980E-03 3.222E-02 2.136E+00 1.004E+04  7.3420 0.99999
  2.500E+04 2.511E+04 2.129E+00 1.421E-02 1.697E-02 1.101E-02 4.219E-02 2.171E+00 1.236E+04  7.7821 0.99999
  3.000E+04 3.011E+04 2.149E+00 1.777E-02 2.173E-02 1.301E-02 5.251E-02 2.201E+00 1.465E+04  8.1431 0.99999
  3.500E+04 3.511E+04 2.165E+00 2.144E-02 2.668E-02 1.499E-02 6.311E-02 2.228E+00 1.691E+04  8.4490 1.00000
  4.000E+04 4.011E+04 2.179E+00 2.520E-02 3.181E-02 1.695E-02 7.396E-02 2.253E+00 1.914E+04  8.7144 1.00000
  4.500E+04 4.511E+04 2.191E+00 2.904E-02 3.708E-02 1.890E-02 8.502E-02 2.276E+00 2.135E+04  8.9488 1.00000
  5.000E+04 5.011E+04 2.202E+00 3.295E-02 4.247E-02 2.083E-02 9.625E-02 2.298E+00 2.353E+04  9.1586 1.00000
  5.500E+04 5.511E+04 2.212E+00 3.693E-02 4.797E-02 2.276E-02 1.077E-01 2.319E+00 2.570E+04  9.3485 1.00000
  6.000E+04 6.011E+04 2.221E+00 4.096E-02 5.357E-02 2.468E-02 1.192E-01 2.340E+00 2.784E+04  9.5220 1.00000
  7.000E+04 7.011E+04 2.236E+00 4.917E-02 6.502E-02 2.851E-02 1.427E-01 2.379E+00 3.208E+04  9.8294 1.00000
  8.000E+04 8.011E+04 2.249E+00 5.754E-02 7.676E-02 3.232E-02 1.666E-01 2.416E+00 3.625E+04 10.0959 1.00000
  9.000E+04 9.011E+04 2.261E+00 6.607E-02 8.874E-02 3.613E-02 1.909E-01 2.452E+00 4.036E+04 10.3310 1.00000
  1.000E+05 1.001E+05 2.271E+00 7.472E-02 1.009E-01 3.994E-02 2.156E-01 2.486E+00 4.441E+04 10.5414 1.00000
  1.200E+05 1.201E+05 2.288E+00 9.236E-02 1.258E-01 4.755E-02 2.657E-01 2.554E+00 5.235E+04 10.9055 1.00000
  1.400E+05 1.401E+05 2.303E+00 1.104E-01 1.512E-01 5.518E-02 3.168E-01 2.620E+00 6.008E+04 11.2135 1.00000
  1.700E+05 1.701E+05 2.322E+00 1.379E-01 1.902E-01 6.665E-02 3.948E-01 2.717E+00 7.132E+04 11.6014 1.00000
  2.000E+05 2.001E+05 2.337E+00 1.660E-01 2.299E-01 7.818E-02 4.741E-01 2.811E+00 8.218E+04 11.9262 1.00000
  2.500E+05 2.501E+05 2.358E+00 2.139E-01 2.974E-01 9.753E-02 6.088E-01 2.967E+00 9.949E+04 12.3723 1.00000
  3.000E+05 3.001E+05 2.376E+00 2.627E-01 3.661E-01 1.170E-01 7.458E-01 3.121E+00 1.159E+05 12.7367 1.00000
  3.500E+05 3.501E+05 2.390E+00 3.122E-01 4.357E-01 1.367E-01 8.846E-01 3.275E+00 1.316E+05 13.0449 1.00000
  4.000E+05 4.001E+05 2.403E+00 3.623E-01 5.061E-01 1.566E-01 1.025E+00 3.428E+00 1.465E+05 13.3119 1.00000
  4.500E+05 4.501E+05 2.414E+00 4.130E-01 5.770E-01 1.765E-01 1.167E+00 3.581E+00 1.607E+05 13.5474 1.00000
  5.000E+05 5.001E+05 2.424E+00 4.641E-01 6.484E-01 1.967E-01 1.309E+00 3.733E+00 1.744E+05 13.7581 1.00000
  5.500E+05 5.501E+05 2.433E+00 5.157E-01 7.203E-01 2.170E-01 1.453E+00 3.886E+00 1.875E+05 13.9487 1.00000
  6.000E+05 6.001E+05 2.441E+00 5.675E-01 7.925E-01 2.374E-01 1.597E+00 4.039E+00 2.002E+05 14.1226 1.00000
  7.000E+05 7.001E+05 2.456E+00 6.721E-01 9.378E-01 2.785E-01 1.888E+00 4.345E+00 2.240E+05 14.4309 1.00000
  8.000E+05 8.001E+05 2.469E+00 7.777E-01 1.084E+00 3.201E-01 2.182E+00 4.651E+00 2.463E+05 14.6979 1.00000
  9.000E+05 9.001E+05 2.480E+00 8.841E-01 1.231E+00 3.622E-01 2.477E+00 4.958E+00 2.671E+05 14.9335 1.00000
  1.000E+06 1.000E+06 2.491E+00 9.912E-01 1.379E+00 4.046E-01 2.775E+00 5.265E+00 2.867E+05 15.1441 1.00000
  1.200E+06 1.200E+06 2.508E+00 1.207E+00 1.676E+00 4.905E-01 3.373E+00 5.882E+00 3.226E+05 15.5088 1.00000
  1.400E+06 1.400E+06 2.523E+00 1.425E+00 1.974E+00 5.777E-01 3.977E+00 6.500E+00 3.549E+05 15.8170 1.00000
  1.700E+06 1.700E+06 2.542E+00 1.754E+00 2.424E+00 7.106E-01 4.889E+00 7.432E+00 3.981E+05 16.2053 1.00000
  2.000E+06 2.000E+06 2.559E+00 2.086E+00 2.877E+00 8.456E-01 5.808E+00 8.367E+00 4.361E+05 16.5303 1.00000
  2.500E+06 2.500E+06 2.581E+00 2.644E+00 3.633E+00 1.075E+00 7.352E+00 9.933E+00 4.909E+05 16.9766 1.00000
  3.000E+06 3.000E+06 2.599E+00 3.205E+00 4.393E+00 1.309E+00 8.907E+00 1.151E+01 5.376E+05 17.3412 1.00000
  3.500E+06 3.500E+06 2.615E+00 3.770E+00 5.155E+00 1.547E+00 1.047E+01 1.309E+01 5.783E+05 17.6495 1.00000
  4.000E+06 4.000E+06 2.628E+00 4.336E+00 5.918E+00 1.788E+00 1.204E+01 1.467E+01 6.144E+05 17.9166 1.00000
  4.500E+06 4.500E+06 2.640E+00 4.905E+00 6.683E+00 2.033E+00 1.362E+01 1.626E+01 6.468E+05 18.1521 1.00000
  5.000E+06 5.000E+06 2.651E+00 5.475E+00 7.449E+00 2.280E+00 1.520E+01 1.785E+01 6.761E+05 18.3629 1.00000
  5.500E+06 5.500E+06 2.661E+00 6.047E+00 8.215E+00 2.530E+00 1.679E+01 1.945E+01 7.029E+05 18.5535 1.00000
  6.000E+06 6.000E+06 2.670E+00 6.619E+00 8.983E+00 2.782E+00 1.838E+01 2.105E+01 7.276E+05 18.7275 1.00000
  7.000E+06 7.000E+06 2.686E+00 7.767E+00 1.052E+01 3.293E+00 2.158E+01 2.427E+01 7.718E+05 19.0358 1.00000
  8.000E+06 8.000E+06 2.700E+00 8.918E+00 1.206E+01 3.812E+00 2.479E+01 2.749E+01 8.105E+05 19.3028 1.00000
  9.000E+06 9.000E+06 2.712E+00 1.007E+01 1.360E+01 4.338E+00 2.801E+01 3.072E+01 8.449E+05 19.5384 1.00000
  1.000E+07 1.000E+07 2.724E+00 1.123E+01 1.514E+01 4.870E+00 3.123E+01 3.396E+01 8.759E+05 19.7491 1.00000
  1.200E+07 1.200E+07 2.743E+00 1.354E+01 1.822E+01 5.952E+00 3.772E+01 4.046E+01 9.298E+05 20.1138 1.00000
  1.400E+07 1.400E+07 2.760E+00 1.586E+01 2.131E+01 7.053E+00 4.423E+01 4.699E+01 9.756E+05 20.4221 1.00000
  1.700E+07 1.700E+07 2.781E+00 1.935E+01 2.594E+01 8.738E+00 5.403E+01 5.681E+01 1.034E+06 20.8104 1.00000
  2.000E+07 2.000E+07 2.798E+00 2.284E+01 3.058E+01 1.046E+01 6.388E+01 6.668E+01 1.082E+06 21.1354 1.00000
  2.500E+07 2.500E+07 2.823E+00 2.868E+01 3.832E+01 1.338E+01 8.038E+01 8.320E+01 1.149E+06 21.5817 1.00000
  3.000E+07 3.000E+07 2.843E+00 3.452E+01 4.606E+01 1.638E+01 9.695E+01 9.979E+01 1.204E+06 21.9463 1.00000
  3.500E+07 3.500E+07 2.861E+00 4.036E+01 5.380E+01 1.943E+01 1.136E+02 1.165E+02 1.250E+06 22.2546 1.00000
  4.000E+07 4.000E+07 2.876E+00 4.621E+01 6.154E+01 2.253E+01 1.303E+02 1.332E+02 1.291E+06 22.5217 1.00000
  4.500E+07 4.500E+07 2.889E+00 5.207E+01 6.929E+01 2.568E+01 1.470E+02 1.499E+02 1.326E+06 22.7573 1.00000
  5.000E+07 5.000E+07 2.901E+00 5.793E+01 7.704E+01 2.886E+01 1.638E+02 1.667E+02 1.358E+06 22.9680 1.00000
  5.500E+07 5.500E+07 2.912E+00 6.379E+01 8.479E+01 3.209E+01 1.807E+02 1.836E+02 1.386E+06 23.1586 1.00000
  6.000E+07 6.000E+07 2.922E+00 6.965E+01 9.254E+01 3.535E+01 1.975E+02 2.005E+02 1.412E+06 23.3326 1.00000
  7.000E+07 7.000E+07 2.940E+00 8.138E+01 1.080E+02 4.196E+01 2.314E+02 2.343E+02 1.458E+06 23.6409 1.00000
  8.000E+07 8.000E+07 2.955E+00 9.311E+01 1.236E+02 4.868E+01 2.653E+02 2.683E+02 1.498E+06 23.9080 1.00000
  9.000E+07 9.000E+07 2.969E+00 1.049E+02 1.391E+02 5.550E+01 2.994E+02 3.024E+02 1.533E+06 24.1436 1.00000
  1.000E+08 1.000E+08 2.982E+00 1.166E+02 1.546E+02 6.241E+01 3.336E+02 3.366E+02 1.565E+06 24.3543 1.00000
  1.200E+08 1.200E+08 3.003E+00 1.401E+02 1.856E+02 7.646E+01 4.021E+02 4.052E+02 1.619E+06 24.7189 1.00000
  1.400E+08 1.400E+08 3.022E+00 1.636E+02 2.166E+02 9.080E+01 4.710E+02 4.740E+02 1.664E+06 25.0272 1.00000
  1.700E+08 1.700E+08 3.045E+00 1.988E+02 2.632E+02 1.128E+02 5.748E+02 5.778E+02 1.722E+06 25.4155 1.00000
  2.000E+08 2.000E+08 3.065E+00 2.341E+02 3.097E+02 1.352E+02 6.790E+02 6.821E+02 1.769E+06 25.7406 1.00000
  2.500E+08 2.500E+08 3.092E+00 2.929E+02 3.873E+02 1.734E+02 8.537E+02 8.568E+02 1.835E+06 26.1869 1.00000
  3.000E+08 3.000E+08 3.115E+00 3.517E+02 4.649E+02 2.126E+02 1.029E+03 1.032E+03 1.888E+06 26.5515 1.00000
  3.500E+08 3.500E+08 3.134E+00 4.105E+02 5.426E+02 2.526E+02 1.206E+03 1.209E+03 1.932E+06 26.8598 1.00000
  4.000E+08 4.000E+08 3.151E+00 4.693E+02 6.202E+02 2.933E+02 1.383E+03 1.386E+03 1.971E+06 27.1269 1.00000
  4.500E+08 4.500E+08 3.166E+00 5.281E+02 6.978E+02 3.346E+02 1.561E+03 1.564E+03 2.005E+06 27.3624 1.00000
  5.000E+08 5.000E+08 3.179E+00 5.869E+02 7.754E+02 3.765E+02 1.739E+03 1.742E+03 2.035E+06 27.5731 1.00000
  5.500E+08 5.500E+08 3.192E+00 6.458E+02 8.530E+02 4.189E+02 1.918E+03 1.921E+03 2.063E+06 27.7638 1.00000
  6.000E+08 6.000E+08 3.203E+00 7.046E+02 9.306E+02 4.617E+02 2.097E+03 2.100E+03 2.087E+06 27.9378 1.00000
  7.000E+08 7.000E+08 3.223E+00 8.222E+02 1.086E+03 5.488E+02 2.457E+03 2.460E+03 2.131E+06 28.2461 1.00000
  8.000E+08 8.000E+08 3.240E+00 9.399E+02 1.241E+03 6.373E+02 2.818E+03 2.822E+03 2.169E+06 28.5131 1.00000
  9.000E+08 9.000E+08 3.256E+00 1.058E+03 1.396E+03 7.273E+02 3.181E+03 3.184E+03 2.203E+06 28.7486 1.00000
  1.000E+09 1.000E+09 3.269E+00 1.175E+03 1.552E+03 8.185E+02 3.545E+03 3.549E+03 2.232E+06 28.9593 1.00000
  1.200E+09 1.200E+09 3.294E+00 1.411E+03 1.862E+03 1.004E+03 4.277E+03 4.280E+03 2.284E+06 29.3240 1.00000
  1.400E+09 1.400E+09 3.314E+00 1.646E+03 2.173E+03 1.194E+03 5.012E+03 5.016E+03 2.327E+06 29.6319 1.00000
  1.700E+09 1.700E+09 3.341E+00 1.999E+03 2.638E+03 1.485E+03 6.122E+03 6.125E+03 2.381E+06 30.0202 1.00000
  2.000E+09 2.000E+09 3.363E+00 2.352E+03 3.104E+03 1.782E+03 7.238E+03 7.241E+03 2.426E+06 30.3437 1.00000
  2.500E+09 2.500E+09 3.393E+00 2.940E+03 3.880E+03 2.290E+03 9.110E+03 9.114E+03 2.487E+06 30.7900 1.00000
  3.000E+09 3.000E+09 3.419E+00 3.529E+03 4.657E+03 2.810E+03 1.100E+04 1.100E+04 2.537E+06 31.1481 1.00000
  3.500E+09 3.500E+09 3.441E+00 4.117E+03 5.433E+03 3.343E+03 1.289E+04 1.290E+04 2.579E+06 31.4564 1.00000
  4.000E+09 4.000E+09 3.460E+00 4.705E+03 6.209E+03 3.885E+03 1.480E+04 1.480E+04 2.615E+06 31.7235 1.00000
  4.500E+09 4.500E+09 3.478E+00 5.294E+03 6.986E+03 4.435E+03 1.671E+04 1.672E+04 2.647E+06 31.9299 1.00000
  5.000E+09 5.000E+09 3.493E+00 5.882E+03 7.762E+03 4.994E+03 1.864E+04 1.864E+04 2.675E+06 32.1406 1.00000
  5.500E+09 5.500E+09 3.507E+00 6.471E+03 8.538E+03 5.560E+03 2.057E+04 2.057E+04 2.701E+06 32.3313 1.00000
  6.000E+09 6.000E+09 3.519E+00 7.059E+03 9.315E+03 6.132E+03 2.251E+04 2.251E+04 2.724E+06 32.5053 1.00000
  7.000E+09 7.000E+09 3.542E+00 8.236E+03 1.087E+04 7.295E+03 2.640E+04 2.640E+04 2.765E+06 32.8136 1.00000
  8.000E+09 8.000E+09 3.572E+00 9.412E+03 1.242E+04 8.481E+03 3.031E+04 3.032E+04 2.800E+06 32.9252 1.00000
  9.000E+09 9.000E+09 3.590E+00 1.059E+04 1.397E+04 9.685E+03 3.425E+04 3.425E+04 2.831E+06 33.1607 1.00000
  1.000E+10 1.000E+10 3.605E+00 1.177E+04 1.553E+04 1.091E+04 3.820E+04 3.820E+04 2.859E+06 33.3715 1.00000
  1.200E+10 1.200E+10 3.632E+00 1.412E+04 1.863E+04 1.340E+04 4.615E+04 4.615E+04 2.907E+06 33.7361 1.00000
  1.400E+10 1.400E+10 3.655E+00 1.647E+04 2.174E+04 1.595E+04 5.415E+04 5.416E+04 2.947E+06 34.0444 1.00000
  1.700E+10 1.700E+10 3.684E+00 2.000E+04 2.639E+04 1.986E+04 6.625E+04 6.626E+04 2.997E+06 34.4327 1.00000
  2.000E+10 2.000E+10 3.709E+00 2.353E+04 3.105E+04 2.386E+04 7.844E+04 7.845E+04 3.038E+06 34.7578 1.00000
  2.500E+10 2.500E+10 3.743E+00 2.942E+04 3.881E+04 3.071E+04 9.894E+04 9.894E+04 3.095E+06 35.2040 1.00000
  3.000E+10 3.000E+10 3.772E+00 3.530E+04 4.658E+04 3.774E+04 1.196E+05 1.196E+05 3.141E+06 35.5687 1.00000
  3.500E+10 3.500E+10 3.796E+00 4.119E+04 5.434E+04 4.494E+04 1.405E+05 1.405E+05 3.179E+06 35.8770 1.00000
  4.000E+10 4.000E+10 3.817E+00 4.707E+04 6.210E+04 5.227E+04 1.614E+05 1.614E+05 3.212E+06 36.1441 1.00000
  4.500E+10 4.500E+10 3.836E+00 5.295E+04 6.987E+04 5.973E+04 1.826E+05 1.826E+05 3.242E+06 36.3796 1.00000
  5.000E+10 5.000E+10 3.852E+00 5.884E+04 7.763E+04 6.731E+04 2.038E+05 2.038E+05 3.267E+06 36.5903 1.00000
  5.500E+10 5.500E+10 3.868E+00 6.472E+04 8.539E+04 7.499E+04 2.251E+05 2.251E+05 3.291E+06 36.7810 1.00000
  6.000E+10 6.000E+10 3.882E+00 7.060E+04 9.315E+04 8.276E+04 2.465E+05 2.465E+05 3.312E+06 36.9550 1.00000
  7.000E+10 7.000E+10 3.906E+00 8.237E+04 1.087E+05 9.857E+04 2.896E+05 2.896E+05 3.349E+06 37.2633 1.00000
  8.000E+10 8.000E+10 3.928E+00 9.414E+04 1.242E+05 1.147E+05 3.330E+05 3.331E+05 3.382E+06 37.5304 1.00000
  9.000E+10 9.000E+10 3.948E+00 1.059E+05 1.397E+05 1.311E+05 3.767E+05 3.768E+05 3.410E+06 37.7659 1.00000
  1.000E+11 1.000E+11 3.965E+00 1.177E+05 1.553E+05 1.478E+05 4.207E+05 4.207E+05 3.435E+06 37.9766 1.00000
  1.200E+11 1.200E+11 3.995E+00 1.412E+05 1.863E+05 1.818E+05 5.093E+05 5.093E+05 3.478E+06 38.3413 1.00000
  1.400E+11 1.400E+11 4.021E+00 1.647E+05 2.174E+05 2.166E+05 5.987E+05 5.987E+05 3.514E+06 38.6496 1.00000
  1.700E+11 1.700E+11 4.054E+00 2.001E+05 2.639E+05 2.701E+05 7.341E+05 7.341E+05 3.559E+06 39.0379 1.00000
  2.000E+11 2.000E+11 4.081E+00 2.354E+05 3.105E+05 3.250E+05 8.708E+05 8.708E+05 3.597E+06 39.3629 1.00000
  2.500E+11 2.500E+11 4.120E+00 2.942E+05 3.881E+05 4.190E+05 1.101E+06 1.101E+06 3.648E+06 39.8092 1.00000
  3.000E+11 3.000E+11 4.151E+00 3.530E+05 4.658E+05 5.157E+05 1.334E+06 1.334E+06 3.689E+06 40.1739 1.00000
  3.500E+11 3.500E+11 4.178E+00 4.119E+05 5.434E+05 6.148E+05 1.570E+06 1.570E+06 3.724E+06 40.4822 1.00000
  4.000E+11 4.000E+11 4.202E+00 4.707E+05 6.210E+05 7.159E+05 1.808E+06 1.808E+06 3.753E+06 40.7492 1.00000
  4.500E+11 4.500E+11 4.222E+00 5.295E+05 6.986E+05 8.189E+05 2.047E+06 2.047E+06 3.779E+06 40.9848 1.00000
  5.000E+11 5.000E+11 4.241E+00 5.884E+05 7.763E+05 9.235E+05 2.288E+06 2.288E+06 3.802E+06 41.1955 1.00000
  5.500E+11 5.500E+11 4.258E+00 6.472E+05 8.539E+05 1.030E+06 2.531E+06 2.531E+06 3.823E+06 41.3861 1.00000
  6.000E+11 6.000E+11 4.274E+00 7.061E+05 9.315E+05 1.137E+06 2.775E+06 2.775E+06 3.842E+06 41.5602 1.00000
  7.000E+11 7.000E+11 4.302E+00 8.237E+05 1.087E+06 1.356E+06 3.267E+06 3.267E+06 3.875E+06 41.8685 1.00000
  8.000E+11 8.000E+11 4.326E+00 9.414E+05 1.242E+06 1.580E+06 3.763E+06 3.763E+06 3.904E+06 42.1355 1.00000
  9.000E+11 9.000E+11 4.347E+00 1.059E+06 1.397E+06 1.808E+06 4.264E+06 4.264E+06 3.929E+06 42.3711 1.00000
  1.000E+12 1.000E+12 4.367E+00 1.177E+06 1.552E+06 2.039E+06 4.769E+06 4.769E+06 3.951E+06 42.5818 1.00000
