 Incident particle is a Muon with M = 105.65839 MeV
 Index = 0: LutetiumAluminumOxide2
      Absorber with <Z/A> = 0.43907
 Density effect computed following Fano (1963)
 Models for Radloss: brems =  SSR, pair =  SSR, photonuc = DRSS

 *** Table generated with PUMAS v1.1 ***

      T         p     Ionization  brems     pair     photonuc  Radloss    dE/dx   CSDA Range  delta   beta
    [MeV]    [MeV/c]  -----------------------[MeV cm^2/g]------------------------  [g/cm^2]
  1.000E+00 1.457E+01 2.853E+01 0.000E+00 0.000E+00 0.000E+00 0.000E+00 2.853E+01 1.753E-02  0.0000 0.13661
  1.200E+00 1.597E+01 2.492E+01 0.000E+00 0.000E+00 0.000E+00 0.000E+00 2.492E+01 2.505E-02  0.0000 0.14944
  1.400E+00 1.726E+01 2.221E+01 0.000E+00 0.000E+00 0.000E+00 0.000E+00 2.221E+01 3.356E-02  0.0001 0.16119
  1.700E+00 1.903E+01 1.918E+01 0.000E+00 0.000E+00 0.000E+00 0.000E+00 1.918E+01 4.814E-02  0.0001 0.17725
  2.000E+00 2.066E+01 1.695E+01 0.000E+00 0.000E+00 0.000E+00 0.000E+00 1.695E+01 6.482E-02  0.0001 0.19186
  2.500E+00 2.312E+01 1.430E+01 0.000E+00 0.000E+00 0.000E+00 0.000E+00 1.430E+01 9.707E-02  0.0002 0.21376
  3.000E+00 2.536E+01 1.243E+01 0.000E+00 0.000E+00 0.000E+00 0.000E+00 1.243E+01 1.347E-01  0.0003 0.23336
  3.500E+00 2.742E+01 1.104E+01 0.000E+00 0.000E+00 0.000E+00 0.000E+00 1.104E+01 1.774E-01  0.0004 0.25120
  4.000E+00 2.935E+01 9.970E+00 0.000E+00 0.000E+00 0.000E+00 0.000E+00 9.970E+00 2.252E-01  0.0005 0.26763
  4.500E+00 3.116E+01 9.110E+00 0.000E+00 0.000E+00 0.000E+00 0.000E+00 9.110E+00 2.777E-01  0.0006 0.28290
  5.000E+00 3.289E+01 8.406E+00 0.000E+00 0.000E+00 0.000E+00 0.000E+00 8.406E+00 3.349E-01  0.0008 0.29720
  5.500E+00 3.453E+01 7.818E+00 0.000E+00 0.000E+00 0.000E+00 0.000E+00 7.818E+00 3.966E-01  0.0009 0.31066
  6.000E+00 3.611E+01 7.319E+00 0.000E+00 0.000E+00 0.000E+00 0.000E+00 7.319E+00 4.628E-01  0.0011 0.32339
  7.000E+00 3.909E+01 6.517E+00 0.000E+00 0.000E+00 0.000E+00 0.000E+00 6.517E+00 6.079E-01  0.0015 0.34700
  8.000E+00 4.189E+01 5.899E+00 0.000E+00 0.000E+00 0.000E+00 0.000E+00 5.899E+00 7.694E-01  0.0020 0.36854
  9.000E+00 4.453E+01 5.408E+00 0.000E+00 0.000E+00 0.000E+00 0.000E+00 5.408E+00 9.467E-01  0.0025 0.38836
  1.000E+01 4.704E+01 5.007E+00 0.000E+00 0.000E+00 0.000E+00 0.000E+00 5.007E+00 1.139E+00  0.0030 0.40675
  1.200E+01 5.177E+01 4.393E+00 0.000E+00 0.000E+00 0.000E+00 0.000E+00 4.393E+00 1.567E+00  0.0043 0.43998
  1.400E+01 5.616E+01 3.943E+00 0.000E+00 0.000E+00 0.000E+00 0.000E+00 3.943E+00 2.048E+00  0.0058 0.46937
  1.700E+01 6.230E+01 3.455E+00 0.000E+00 0.000E+00 0.000E+00 0.000E+00 3.455E+00 2.864E+00  0.0083 0.50792
  2.000E+01 6.802E+01 3.106E+00 0.000E+00 0.000E+00 0.000E+00 0.000E+00 3.106E+00 3.782E+00  0.0112 0.54129
  2.500E+01 7.686E+01 2.703E+00 0.000E+00 0.000E+00 0.000E+00 0.000E+00 2.703E+00 5.514E+00  0.0168 0.58827
  3.000E+01 8.509E+01 2.430E+00 0.000E+00 0.000E+00 0.000E+00 0.000E+00 2.430E+00 7.470E+00  0.0233 0.62720
  3.500E+01 9.285E+01 2.234E+00 0.000E+00 0.000E+00 0.000E+00 0.000E+00 2.234E+00 9.620E+00  0.0304 0.66011
  4.000E+01 1.003E+02 2.086E+00 0.000E+00 0.000E+00 0.000E+00 0.000E+00 2.086E+00 1.194E+01  0.0382 0.68834
  4.500E+01 1.074E+02 1.971E+00 0.000E+00 0.000E+00 0.000E+00 0.000E+00 1.971E+00 1.441E+01  0.0465 0.71286
  5.000E+01 1.143E+02 1.880E+00 0.000E+00 0.000E+00 0.000E+00 0.000E+00 1.880E+00 1.701E+01  0.0553 0.73434
  5.500E+01 1.210E+02 1.806E+00 0.000E+00 0.000E+00 0.000E+00 0.000E+00 1.806E+00 1.972E+01  0.0645 0.75332
  6.000E+01 1.276E+02 1.745E+00 0.000E+00 0.000E+00 0.000E+00 0.000E+00 1.745E+00 2.254E+01  0.0740 0.77019
  7.000E+01 1.403E+02 1.650E+00 0.000E+00 0.000E+00 0.000E+00 0.000E+00 1.650E+00 2.844E+01  0.0938 0.79887
  8.000E+01 1.527E+02 1.581E+00 0.000E+00 0.000E+00 0.000E+00 0.000E+00 1.581E+00 3.464E+01  0.1145 0.82227
  9.000E+01 1.647E+02 1.530E+00 0.000E+00 0.000E+00 0.000E+00 0.000E+00 1.530E+00 4.107E+01  0.1357 0.84166
  1.000E+02 1.764E+02 1.491E+00 0.000E+00 0.000E+00 0.000E+00 0.000E+00 1.491E+00 4.770E+01  0.1573 0.85794
  1.200E+02 1.994E+02 1.436E+00 0.000E+00 0.000E+00 0.000E+00 0.000E+00 1.436E+00 6.138E+01  0.2010 0.88361
  1.400E+02 2.218E+02 1.402E+00 0.000E+00 0.000E+00 0.000E+00 0.000E+00 1.402E+00 7.549E+01  0.2450 0.90278
  1.700E+02 2.546E+02 1.371E+00 2.197E-06 2.003E-10 0.000E+00 2.197E-06 1.371E+00 9.716E+01  0.3105 0.92363
  2.000E+02 2.868E+02 1.356E+00 4.612E-06 2.085E-09 0.000E+00 4.614E-06 1.356E+00 1.192E+02  0.3746 0.93835
  2.500E+02 3.396E+02 1.347E+00 1.315E-05 6.013E-08 0.000E+00 1.321E-05 1.347E+00 1.562E+02  0.4773 0.95485
  3.000E+02 3.917E+02 1.349E+00 1.887E-05 4.098E-07 0.000E+00 1.928E-05 1.349E+00 1.933E+02  0.5744 0.96548
  3.500E+02 4.432E+02 1.355E+00 2.404E-05 1.076E-06 0.000E+00 2.512E-05 1.355E+00 2.303E+02  0.6661 0.97274
  4.000E+02 4.945E+02 1.364E+00 2.915E-05 2.053E-06 0.000E+00 3.120E-05 1.364E+00 2.671E+02  0.7526 0.97793
  4.500E+02 5.455E+02 1.374E+00 8.497E-05 2.049E-05 0.000E+00 1.055E-04 1.374E+00 3.036E+02  0.8344 0.98176
  5.000E+02 5.964E+02 1.384E+00 1.936E-04 4.669E-05 0.000E+00 2.403E-04 1.385E+00 3.398E+02  0.9119 0.98467
  5.500E+02 6.471E+02 1.395E+00 2.748E-04 6.637E-05 1.486E-05 3.560E-04 1.395E+00 3.758E+02  0.9854 0.98693
  6.000E+02 6.977E+02 1.405E+00 3.457E-04 8.818E-05 4.961E-05 4.835E-04 1.406E+00 4.115E+02  1.0554 0.98873
  7.000E+02 7.987E+02 1.425E+00 4.757E-04 1.397E-04 1.186E-04 7.341E-04 1.425E+00 4.822E+02  1.1859 0.99136
  8.000E+02 8.995E+02 1.443E+00 6.013E-04 2.016E-04 1.836E-04 9.865E-04 1.444E+00 5.519E+02  1.3055 0.99317
  9.000E+02 1.000E+03 1.460E+00 7.276E-04 2.732E-04 2.456E-04 1.246E-03 1.461E+00 6.207E+02  1.4159 0.99447
  1.000E+03 1.101E+03 1.476E+00 8.566E-04 3.541E-04 3.055E-04 1.516E-03 1.477E+00 6.887E+02  1.5185 0.99542
  1.200E+03 1.301E+03 1.504E+00 1.125E-03 5.414E-04 4.211E-04 2.088E-03 1.506E+00 8.228E+02  1.7046 0.99672
  1.400E+03 1.502E+03 1.528E+00 1.410E-03 7.597E-04 5.326E-04 2.702E-03 1.531E+00 9.545E+02  1.8700 0.99753
  1.700E+03 1.803E+03 1.560E+00 1.863E-03 1.139E-03 6.947E-04 3.697E-03 1.563E+00 1.148E+03  2.0888 0.99829
  2.000E+03 2.103E+03 1.586E+00 2.346E-03 1.573E-03 8.520E-04 4.771E-03 1.591E+00 1.339E+03  2.2807 0.99874
  2.500E+03 2.604E+03 1.622E+00 3.209E-03 2.402E-03 1.106E-03 6.716E-03 1.629E+00 1.649E+03  2.5569 0.99918
  3.000E+03 3.104E+03 1.651E+00 4.132E-03 3.343E-03 1.352E-03 8.827E-03 1.660E+00 1.953E+03  2.7931 0.99942
  3.500E+03 3.604E+03 1.676E+00 5.107E-03 4.381E-03 1.591E-03 1.108E-02 1.687E+00 2.252E+03  3.0001 0.99957
  4.000E+03 4.104E+03 1.697E+00 6.126E-03 5.515E-03 1.825E-03 1.347E-02 1.710E+00 2.546E+03  3.1846 0.99967
  4.500E+03 4.604E+03 1.715E+00 7.185E-03 6.729E-03 2.054E-03 1.597E-02 1.731E+00 2.837E+03  3.3513 0.99974
  5.000E+03 5.105E+03 1.731E+00 8.278E-03 8.011E-03 2.279E-03 1.857E-02 1.750E+00 3.124E+03  3.5035 0.99979
  5.500E+03 5.605E+03 1.745E+00 9.403E-03 9.356E-03 2.500E-03 2.126E-02 1.767E+00 3.408E+03  3.6437 0.99982
  6.000E+03 6.105E+03 1.758E+00 1.056E-02 1.076E-02 2.718E-03 2.403E-02 1.782E+00 3.690E+03  3.7736 0.99985
  7.000E+03 7.105E+03 1.781E+00 1.294E-02 1.371E-02 3.146E-03 2.980E-02 1.811E+00 4.247E+03  4.0086 0.99989
  8.000E+03 8.105E+03 1.800E+00 1.541E-02 1.684E-02 3.564E-03 3.582E-02 1.836E+00 4.795E+03  4.2171 0.99992
  9.000E+03 9.105E+03 1.817E+00 1.797E-02 2.013E-02 3.975E-03 4.207E-02 1.859E+00 5.336E+03  4.4046 0.99993
  1.000E+04 1.011E+04 1.831E+00 2.059E-02 2.356E-02 4.378E-03 4.853E-02 1.880E+00 5.871E+03  4.5753 0.99995
  1.200E+04 1.211E+04 1.856E+00 2.601E-02 3.077E-02 5.169E-03 6.195E-02 1.918E+00 6.924E+03  4.8768 0.99996
  1.400E+04 1.411E+04 1.876E+00 3.164E-02 3.839E-02 5.941E-03 7.597E-02 1.952E+00 7.958E+03  5.1376 0.99997
  1.700E+04 1.711E+04 1.900E+00 4.040E-02 5.045E-02 7.072E-03 9.793E-02 1.998E+00 9.477E+03  5.4730 0.99998
  2.000E+04 2.011E+04 1.920E+00 4.949E-02 6.313E-02 8.179E-03 1.208E-01 2.041E+00 1.096E+04  5.7589 0.99999
  2.500E+04 2.511E+04 1.947E+00 6.520E-02 8.536E-02 9.984E-03 1.605E-01 2.107E+00 1.337E+04  6.1583 0.99999
  3.000E+04 3.011E+04 1.967E+00 8.150E-02 1.087E-01 1.175E-02 2.019E-01 2.169E+00 1.571E+04  6.4896 0.99999
  3.500E+04 3.511E+04 1.985E+00 9.828E-02 1.329E-01 1.349E-02 2.446E-01 2.229E+00 1.798E+04  6.7729 1.00000
  4.000E+04 4.011E+04 1.999E+00 1.155E-01 1.578E-01 1.521E-02 2.885E-01 2.288E+00 2.020E+04  7.0205 1.00000
  4.500E+04 4.511E+04 2.012E+00 1.330E-01 1.833E-01 1.692E-02 3.332E-01 2.345E+00 2.236E+04  7.2404 1.00000
  5.000E+04 5.011E+04 2.023E+00 1.508E-01 2.093E-01 1.861E-02 3.787E-01 2.401E+00 2.446E+04  7.4384 1.00000
  5.500E+04 5.511E+04 2.033E+00 1.689E-01 2.358E-01 2.029E-02 4.250E-01 2.457E+00 2.652E+04  7.6184 1.00000
  6.000E+04 6.011E+04 2.041E+00 1.872E-01 2.627E-01 2.197E-02 4.719E-01 2.513E+00 2.853E+04  7.7834 1.00000
  7.000E+04 7.011E+04 2.057E+00 2.245E-01 3.174E-01 2.530E-02 5.672E-01 2.624E+00 3.243E+04  8.0775 1.00000
  8.000E+04 8.011E+04 2.070E+00 2.625E-01 3.733E-01 2.861E-02 6.644E-01 2.734E+00 3.616E+04  8.3337 1.00000
  9.000E+04 9.011E+04 2.082E+00 3.012E-01 4.301E-01 3.192E-02 7.631E-01 2.845E+00 3.975E+04  8.5607 1.00000
  1.000E+05 1.001E+05 2.092E+00 3.403E-01 4.876E-01 3.522E-02 8.632E-01 2.955E+00 4.319E+04  8.7646 1.00000
  1.200E+05 1.201E+05 2.109E+00 4.200E-01 6.047E-01 4.180E-02 1.067E+00 3.176E+00 4.972E+04  9.1188 1.00000
  1.400E+05 1.401E+05 2.124E+00 5.012E-01 7.239E-01 4.839E-02 1.273E+00 3.397E+00 5.581E+04  9.4195 1.00000
  1.700E+05 1.701E+05 2.142E+00 6.252E-01 9.056E-01 5.828E-02 1.589E+00 3.731E+00 6.424E+04  9.7996 1.00000
  2.000E+05 2.001E+05 2.157E+00 7.514E-01 1.090E+00 6.820E-02 1.910E+00 4.066E+00 7.193E+04 10.1189 1.00000
  2.500E+05 2.501E+05 2.177E+00 9.655E-01 1.402E+00 8.483E-02 2.452E+00 4.630E+00 8.345E+04 10.5584 1.00000
  3.000E+05 3.001E+05 2.194E+00 1.183E+00 1.718E+00 1.016E-01 3.003E+00 5.197E+00 9.364E+04 10.9186 1.00000
  3.500E+05 3.501E+05 2.208E+00 1.404E+00 2.038E+00 1.185E-01 3.560E+00 5.768E+00 1.028E+05 11.2238 1.00000
  4.000E+05 4.001E+05 2.220E+00 1.627E+00 2.359E+00 1.355E-01 4.122E+00 6.342E+00 1.110E+05 11.4885 1.00000
  4.500E+05 4.501E+05 2.231E+00 1.852E+00 2.683E+00 1.526E-01 4.688E+00 6.919E+00 1.186E+05 11.7224 1.00000
  5.000E+05 5.001E+05 2.240E+00 2.079E+00 3.009E+00 1.698E-01 5.257E+00 7.497E+00 1.255E+05 11.9318 1.00000
  5.500E+05 5.501E+05 2.249E+00 2.307E+00 3.335E+00 1.871E-01 5.829E+00 8.078E+00 1.319E+05 12.1214 1.00000
  6.000E+05 6.001E+05 2.257E+00 2.536E+00 3.663E+00 2.046E-01 6.404E+00 8.661E+00 1.379E+05 12.2946 1.00000
  7.000E+05 7.001E+05 2.271E+00 2.998E+00 4.322E+00 2.398E-01 7.559E+00 9.830E+00 1.488E+05 12.6017 1.00000
  8.000E+05 8.001E+05 2.283E+00 3.463E+00 4.983E+00 2.754E-01 8.721E+00 1.100E+01 1.584E+05 12.8680 1.00000
  9.000E+05 9.001E+05 2.294E+00 3.931E+00 5.648E+00 3.113E-01 9.889E+00 1.218E+01 1.670E+05 13.1030 1.00000
  1.000E+06 1.000E+06 2.304E+00 4.401E+00 6.314E+00 3.475E-01 1.106E+01 1.337E+01 1.748E+05 13.3132 1.00000
  1.200E+06 1.200E+06 2.321E+00 5.348E+00 7.651E+00 4.209E-01 1.342E+01 1.574E+01 1.886E+05 13.6773 1.00000
  1.400E+06 1.400E+06 2.335E+00 6.300E+00 8.993E+00 4.953E-01 1.579E+01 1.812E+01 2.004E+05 13.9853 1.00000
  1.700E+06 1.700E+06 2.353E+00 7.738E+00 1.101E+01 6.087E-01 1.936E+01 2.171E+01 2.155E+05 14.3732 1.00000
  2.000E+06 2.000E+06 2.368E+00 9.184E+00 1.304E+01 7.239E-01 2.295E+01 2.532E+01 2.283E+05 14.6981 1.00000
  2.500E+06 2.500E+06 2.390E+00 1.161E+01 1.643E+01 9.195E-01 2.896E+01 3.135E+01 2.461E+05 15.1442 1.00000
  3.000E+06 3.000E+06 2.407E+00 1.404E+01 1.982E+01 1.119E+00 3.499E+01 3.739E+01 2.606E+05 15.5087 1.00000
  3.500E+06 3.500E+06 2.422E+00 1.649E+01 2.323E+01 1.322E+00 4.104E+01 4.346E+01 2.730E+05 15.8170 1.00000
  4.000E+06 4.000E+06 2.435E+00 1.894E+01 2.664E+01 1.527E+00 4.710E+01 4.954E+01 2.838E+05 16.0840 1.00000
  4.500E+06 4.500E+06 2.446E+00 2.140E+01 3.005E+01 1.736E+00 5.318E+01 5.562E+01 2.933E+05 16.3195 1.00000
  5.000E+06 5.000E+06 2.456E+00 2.386E+01 3.346E+01 1.947E+00 5.927E+01 6.172E+01 3.018E+05 16.5302 1.00000
  5.500E+06 5.500E+06 2.466E+00 2.632E+01 3.688E+01 2.159E+00 6.536E+01 6.783E+01 3.096E+05 16.7208 1.00000
  6.000E+06 6.000E+06 2.474E+00 2.879E+01 4.030E+01 2.374E+00 7.146E+01 7.394E+01 3.166E+05 16.8948 1.00000
  7.000E+06 7.000E+06 2.490E+00 3.374E+01 4.714E+01 2.810E+00 8.369E+01 8.618E+01 3.291E+05 17.2031 1.00000
  8.000E+06 8.000E+06 2.503E+00 3.869E+01 5.399E+01 3.252E+00 9.593E+01 9.843E+01 3.400E+05 17.4702 1.00000
  9.000E+06 9.000E+06 2.515E+00 4.365E+01 6.085E+01 3.700E+00 1.082E+02 1.107E+02 3.496E+05 17.7057 1.00000
  1.000E+07 1.000E+07 2.525E+00 4.861E+01 6.770E+01 4.154E+00 1.205E+02 1.230E+02 3.581E+05 17.9164 1.00000
  1.200E+07 1.200E+07 2.544E+00 5.855E+01 8.143E+01 5.075E+00 1.451E+02 1.476E+02 3.730E+05 18.2811 1.00000
  1.400E+07 1.400E+07 2.559E+00 6.851E+01 9.516E+01 6.013E+00 1.697E+02 1.722E+02 3.855E+05 18.5894 1.00000
  1.700E+07 1.700E+07 2.579E+00 8.346E+01 1.158E+02 7.448E+00 2.067E+02 2.093E+02 4.013E+05 18.9777 1.00000
  2.000E+07 2.000E+07 2.596E+00 9.842E+01 1.364E+02 8.912E+00 2.437E+02 2.463E+02 4.145E+05 19.3027 1.00000
  2.500E+07 2.500E+07 2.620E+00 1.234E+02 1.708E+02 1.140E+01 3.056E+02 3.082E+02 4.326E+05 19.7490 1.00000
  3.000E+07 3.000E+07 2.639E+00 1.484E+02 2.052E+02 1.395E+01 3.675E+02 3.701E+02 4.474E+05 20.1136 1.00000
  3.500E+07 3.500E+07 2.655E+00 1.734E+02 2.396E+02 1.655E+01 4.295E+02 4.322E+02 4.599E+05 20.4219 1.00000
  4.000E+07 4.000E+07 2.669E+00 1.984E+02 2.740E+02 1.920E+01 4.916E+02 4.942E+02 4.707E+05 20.6890 1.00000
  4.500E+07 4.500E+07 2.682E+00 2.234E+02 3.084E+02 2.188E+01 5.537E+02 5.564E+02 4.802E+05 20.9246 1.00000
  5.000E+07 5.000E+07 2.694E+00 2.484E+02 3.428E+02 2.459E+01 6.158E+02 6.185E+02 4.887E+05 21.1353 1.00000
  5.500E+07 5.500E+07 2.704E+00 2.735E+02 3.773E+02 2.734E+01 6.781E+02 6.808E+02 4.964E+05 21.3259 1.00000
  6.000E+07 6.000E+07 2.713E+00 2.985E+02 4.117E+02 3.011E+01 7.403E+02 7.430E+02 5.035E+05 21.4999 1.00000
  7.000E+07 7.000E+07 2.730E+00 3.486E+02 4.806E+02 3.574E+01 8.649E+02 8.676E+02 5.159E+05 21.8082 1.00000
  8.000E+07 8.000E+07 2.745E+00 3.987E+02 5.494E+02 4.146E+01 9.896E+02 9.923E+02 5.267E+05 22.0753 1.00000
  9.000E+07 9.000E+07 2.758E+00 4.488E+02 6.183E+02 4.727E+01 1.114E+03 1.117E+03 5.362E+05 22.3108 1.00000
  1.000E+08 1.000E+08 2.770E+00 4.989E+02 6.872E+02 5.316E+01 1.239E+03 1.242E+03 5.447E+05 22.5216 1.00000
  1.200E+08 1.200E+08 2.791E+00 5.991E+02 8.250E+02 6.513E+01 1.489E+03 1.492E+03 5.593E+05 22.8862 1.00000
  1.400E+08 1.400E+08 2.808E+00 6.994E+02 9.628E+02 7.734E+01 1.740E+03 1.742E+03 5.717E+05 23.1945 1.00000
  1.700E+08 1.700E+08 2.830E+00 8.498E+02 1.170E+03 9.604E+01 2.115E+03 2.118E+03 5.873E+05 23.5828 1.00000
  2.000E+08 2.000E+08 2.849E+00 1.000E+03 1.376E+03 1.151E+02 2.492E+03 2.494E+03 6.003E+05 23.9079 1.00000
  2.500E+08 2.500E+08 2.875E+00 1.251E+03 1.721E+03 1.477E+02 3.119E+03 3.122E+03 6.182E+05 24.3541 1.00000
  3.000E+08 3.000E+08 2.897E+00 1.502E+03 2.065E+03 1.811E+02 3.748E+03 3.751E+03 6.328E+05 24.7188 1.00000
  3.500E+08 3.500E+08 2.915E+00 1.752E+03 2.410E+03 2.151E+02 4.378E+03 4.380E+03 6.452E+05 25.0271 1.00000
  4.000E+08 4.000E+08 2.931E+00 2.003E+03 2.755E+03 2.498E+02 5.008E+03 5.011E+03 6.558E+05 25.2942 1.00000
  4.500E+08 4.500E+08 2.945E+00 2.254E+03 3.099E+03 2.850E+02 5.638E+03 5.641E+03 6.652E+05 25.5297 1.00000
  5.000E+08 5.000E+08 2.958E+00 2.505E+03 3.444E+03 3.206E+02 6.269E+03 6.272E+03 6.736E+05 25.7404 1.00000
  5.500E+08 5.500E+08 2.969E+00 2.755E+03 3.789E+03 3.567E+02 6.901E+03 6.904E+03 6.812E+05 25.9311 1.00000
  6.000E+08 6.000E+08 2.980E+00 3.006E+03 4.133E+03 3.932E+02 7.533E+03 7.536E+03 6.881E+05 26.1051 1.00000
  7.000E+08 7.000E+08 2.999E+00 3.508E+03 4.822E+03 4.674E+02 8.798E+03 8.801E+03 7.004E+05 26.4134 1.00000
  8.000E+08 8.000E+08 3.015E+00 4.009E+03 5.512E+03 5.428E+02 1.006E+04 1.007E+04 7.110E+05 26.6804 1.00000
  9.000E+08 9.000E+08 3.030E+00 4.511E+03 6.201E+03 6.194E+02 1.133E+04 1.133E+04 7.204E+05 26.9159 1.00000
  1.000E+09 1.000E+09 3.043E+00 5.013E+03 6.890E+03 6.970E+02 1.260E+04 1.260E+04 7.287E+05 27.1266 1.00000
  1.200E+09 1.200E+09 3.066E+00 6.016E+03 8.269E+03 8.552E+02 1.514E+04 1.514E+04 7.432E+05 27.4913 1.00000
  1.400E+09 1.400E+09 3.086E+00 7.019E+03 9.648E+03 1.017E+03 1.768E+04 1.769E+04 7.554E+05 27.7992 1.00000
  1.700E+09 1.700E+09 3.111E+00 8.524E+03 1.172E+04 1.264E+03 2.150E+04 2.151E+04 7.708E+05 28.1875 1.00000
  2.000E+09 2.000E+09 3.132E+00 1.003E+04 1.378E+04 1.517E+03 2.533E+04 2.533E+04 7.836E+05 28.5110 1.00000
  2.500E+09 2.500E+09 3.161E+00 1.254E+04 1.723E+04 1.950E+03 3.172E+04 3.172E+04 8.012E+05 28.9573 1.00000
  3.000E+09 3.000E+09 3.185E+00 1.504E+04 2.068E+04 2.393E+03 3.811E+04 3.812E+04 8.156E+05 29.3154 1.00000
  3.500E+09 3.500E+09 3.206E+00 1.755E+04 2.412E+04 2.847E+03 4.452E+04 4.453E+04 8.277E+05 29.6237 1.00000
  4.000E+09 4.000E+09 3.224E+00 2.006E+04 2.757E+04 3.308E+03 5.094E+04 5.094E+04 8.382E+05 29.8908 1.00000
  4.500E+09 4.500E+09 3.241E+00 2.257E+04 3.102E+04 3.777E+03 5.736E+04 5.737E+04 8.474E+05 30.0972 1.00000
  5.000E+09 5.000E+09 3.256E+00 2.508E+04 3.446E+04 4.253E+03 6.379E+04 6.380E+04 8.557E+05 30.3079 1.00000
  5.500E+09 5.500E+09 3.269E+00 2.758E+04 3.791E+04 4.735E+03 7.023E+04 7.023E+04 8.632E+05 30.4985 1.00000
  6.000E+09 6.000E+09 3.281E+00 3.009E+04 4.136E+04 5.222E+03 7.667E+04 7.667E+04 8.700E+05 30.6726 1.00000
  7.000E+09 7.000E+09 3.302E+00 3.511E+04 4.825E+04 6.213E+03 8.957E+04 8.957E+04 8.820E+05 30.9809 1.00000
  8.000E+09 8.000E+09 3.331E+00 4.012E+04 5.514E+04 7.222E+03 1.025E+05 1.025E+05 8.925E+05 31.0925 1.00000
  9.000E+09 9.000E+09 3.347E+00 4.514E+04 6.204E+04 8.248E+03 1.154E+05 1.154E+05 9.017E+05 31.3280 1.00000
  1.000E+10 1.000E+10 3.362E+00 5.016E+04 6.893E+04 9.289E+03 1.284E+05 1.284E+05 9.099E+05 31.5388 1.00000
  1.200E+10 1.200E+10 3.387E+00 6.019E+04 8.272E+04 1.141E+04 1.543E+05 1.543E+05 9.241E+05 31.9034 1.00000
  1.400E+10 1.400E+10 3.409E+00 7.022E+04 9.650E+04 1.358E+04 1.803E+05 1.803E+05 9.360E+05 32.2117 1.00000
  1.700E+10 1.700E+10 3.437E+00 8.527E+04 1.172E+05 1.691E+04 2.194E+05 2.194E+05 9.511E+05 32.6000 1.00000
  2.000E+10 2.000E+10 3.461E+00 1.003E+05 1.379E+05 2.032E+04 2.585E+05 2.585E+05 9.637E+05 32.9251 1.00000
  2.500E+10 2.500E+10 3.493E+00 1.254E+05 1.723E+05 2.615E+04 3.239E+05 3.239E+05 9.809E+05 33.3713 1.00000
  3.000E+10 3.000E+10 3.520E+00 1.505E+05 2.068E+05 3.214E+04 3.894E+05 3.894E+05 9.950E+05 33.7360 1.00000
  3.500E+10 3.500E+10 3.543E+00 1.756E+05 2.413E+05 3.827E+04 4.551E+05 4.551E+05 1.007E+06 34.0443 1.00000
  4.000E+10 4.000E+10 3.563E+00 2.006E+05 2.757E+05 4.452E+04 5.209E+05 5.209E+05 1.017E+06 34.3113 1.00000
  4.500E+10 4.500E+10 3.580E+00 2.257E+05 3.102E+05 5.087E+04 5.868E+05 5.868E+05 1.026E+06 34.5469 1.00000
  5.000E+10 5.000E+10 3.596E+00 2.508E+05 3.447E+05 5.732E+04 6.528E+05 6.528E+05 1.034E+06 34.7576 1.00000
  5.500E+10 5.500E+10 3.611E+00 2.759E+05 3.791E+05 6.386E+04 7.189E+05 7.189E+05 1.042E+06 34.9483 1.00000
  6.000E+10 6.000E+10 3.624E+00 3.010E+05 4.136E+05 7.048E+04 7.850E+05 7.850E+05 1.048E+06 35.1223 1.00000
  7.000E+10 7.000E+10 3.648E+00 3.511E+05 4.825E+05 8.395E+04 9.176E+05 9.176E+05 1.060E+06 35.4306 1.00000
  8.000E+10 8.000E+10 3.668E+00 4.013E+05 5.514E+05 9.768E+04 1.050E+06 1.050E+06 1.070E+06 35.6976 1.00000
  9.000E+10 9.000E+10 3.687E+00 4.514E+05 6.204E+05 1.117E+05 1.183E+06 1.183E+06 1.079E+06 35.9332 1.00000
  1.000E+11 1.000E+11 3.703E+00 5.016E+05 6.893E+05 1.258E+05 1.317E+06 1.317E+06 1.087E+06 36.1439 1.00000
  1.200E+11 1.200E+11 3.732E+00 6.019E+05 8.272E+05 1.548E+05 1.584E+06 1.584E+06 1.101E+06 36.5086 1.00000
  1.400E+11 1.400E+11 3.756E+00 7.022E+05 9.650E+05 1.845E+05 1.852E+06 1.852E+06 1.113E+06 36.8169 1.00000
  1.700E+11 1.700E+11 3.787E+00 8.527E+05 1.172E+06 2.300E+05 2.255E+06 2.255E+06 1.127E+06 37.2052 1.00000
  2.000E+11 2.000E+11 3.814E+00 1.003E+06 1.379E+06 2.767E+05 2.659E+06 2.659E+06 1.140E+06 37.5302 1.00000
  2.500E+11 2.500E+11 3.850E+00 1.254E+06 1.723E+06 3.568E+05 3.334E+06 3.334E+06 1.156E+06 37.9765 1.00000
  3.000E+11 3.000E+11 3.880E+00 1.505E+06 2.068E+06 4.392E+05 4.012E+06 4.012E+06 1.170E+06 38.3412 1.00000
  3.500E+11 3.500E+11 3.906E+00 1.756E+06 2.413E+06 5.235E+05 4.692E+06 4.692E+06 1.181E+06 38.6495 1.00000
  4.000E+11 4.000E+11 3.928E+00 2.006E+06 2.757E+06 6.097E+05 5.373E+06 5.373E+06 1.191E+06 38.9165 1.00000
  4.500E+11 4.500E+11 3.948E+00 2.257E+06 3.102E+06 6.974E+05 6.056E+06 6.056E+06 1.200E+06 39.1521 1.00000
  5.000E+11 5.000E+11 3.965E+00 2.508E+06 3.446E+06 7.865E+05 6.741E+06 6.741E+06 1.208E+06 39.3628 1.00000
  5.500E+11 5.500E+11 3.982E+00 2.759E+06 3.791E+06 8.769E+05 7.427E+06 7.427E+06 1.215E+06 39.5534 1.00000
  6.000E+11 6.000E+11 3.996E+00 3.010E+06 4.136E+06 9.685E+05 8.114E+06 8.114E+06 1.221E+06 39.7274 1.00000
  7.000E+11 7.000E+11 4.023E+00 3.511E+06 4.825E+06 1.155E+06 9.491E+06 9.491E+06 1.233E+06 40.0357 1.00000
  8.000E+11 8.000E+11 4.046E+00 4.013E+06 5.514E+06 1.346E+06 1.087E+07 1.087E+07 1.243E+06 40.3028 1.00000
  9.000E+11 9.000E+11 4.066E+00 4.514E+06 6.203E+06 1.540E+06 1.226E+07 1.226E+07 1.251E+06 40.5384 1.00000
  1.000E+12 1.000E+12 4.085E+00 5.016E+06 6.893E+06 1.737E+06 1.365E+07 1.365E+07 1.259E+06 40.7491 1.00000
