 Incident particle is a Muon with M = 105.65839 MeV
 Index = 0: Manganese
      Absorber with <Z/A> = 0.45506
 Sternheimer coef:  a     k=m_s   x_0    x_1    I[eV]   Cbar  delta0
                 0.1497  2.9796  0.0447  3.1074  272.0  4.2702 0.14

 *** Table generated with PUMAS v1.00 ***

      T         p     Ionization  brems     pair     photonuc  Radloss    dE/dx   CSDA Range  delta   beta
    [MeV]    [MeV/c]  -----------------------[MeV cm^2/g]------------------------  [g/cm^2]
  1.000E+00 1.457E+01 3.178E+01 2.161E-06 0.000E+00 0.000E+00 2.161E-06 3.178E+01 1.573E-02  0.0022 0.13661
  1.200E+00 1.597E+01 2.768E+01 2.484E-06 0.000E+00 0.000E+00 2.484E-06 2.768E+01 2.249E-02  0.0026 0.14944
  1.400E+00 1.726E+01 2.461E+01 2.792E-06 0.000E+00 0.000E+00 2.792E-06 2.461E+01 3.017E-02  0.0030 0.16119
  1.700E+00 1.903E+01 2.119E+01 3.228E-06 0.000E+00 0.000E+00 3.228E-06 2.119E+01 4.334E-02  0.0037 0.17725
  2.000E+00 2.066E+01 1.869E+01 3.640E-06 0.000E+00 0.000E+00 3.640E-06 1.869E+01 5.845E-02  0.0044 0.19186
  2.500E+00 2.312E+01 1.572E+01 4.281E-06 0.000E+00 0.000E+00 4.281E-06 1.572E+01 8.773E-02  0.0055 0.21376
  3.000E+00 2.536E+01 1.364E+01 4.878E-06 0.000E+00 0.000E+00 4.878E-06 1.364E+01 1.220E-01  0.0066 0.23336
  3.500E+00 2.742E+01 1.210E+01 5.438E-06 0.000E+00 0.000E+00 5.438E-06 1.210E+01 1.610E-01  0.0077 0.25120
  4.000E+00 2.935E+01 1.090E+01 5.967E-06 0.000E+00 0.000E+00 5.967E-06 1.090E+01 2.046E-01  0.0088 0.26763
  4.500E+00 3.116E+01 9.952E+00 6.469E-06 0.000E+00 0.000E+00 6.469E-06 9.952E+00 2.526E-01  0.0099 0.28290
  5.000E+00 3.289E+01 9.173E+00 6.949E-06 0.000E+00 0.000E+00 6.949E-06 9.173E+00 3.050E-01  0.0110 0.29720
  5.500E+00 3.453E+01 8.524E+00 7.409E-06 0.000E+00 0.000E+00 7.409E-06 8.524E+00 3.616E-01  0.0122 0.31066
  6.000E+00 3.611E+01 7.974E+00 7.851E-06 0.000E+00 0.000E+00 7.851E-06 7.974E+00 4.223E-01  0.0133 0.32339
  7.000E+00 3.909E+01 7.090E+00 8.689E-06 0.000E+00 0.000E+00 8.689E-06 7.090E+00 5.555E-01  0.0156 0.34700
  8.000E+00 4.189E+01 6.411E+00 9.475E-06 0.000E+00 0.000E+00 9.475E-06 6.411E+00 7.040E-01  0.0179 0.36854
  9.000E+00 4.453E+01 5.871E+00 1.022E-05 0.000E+00 0.000E+00 1.022E-05 5.871E+00 8.671E-01  0.0202 0.38836
  1.000E+01 4.704E+01 5.432E+00 1.092E-05 0.000E+00 0.000E+00 1.092E-05 5.432E+00 1.044E+00  0.0226 0.40675
  1.200E+01 5.177E+01 4.758E+00 1.224E-05 0.000E+00 0.000E+00 1.224E-05 4.758E+00 1.439E+00  0.0274 0.43998
  1.400E+01 5.616E+01 4.266E+00 1.346E-05 0.000E+00 0.000E+00 1.346E-05 4.266E+00 1.883E+00  0.0322 0.46937
  1.700E+01 6.230E+01 3.733E+00 1.516E-05 0.000E+00 0.000E+00 1.516E-05 3.733E+00 2.637E+00  0.0396 0.50792
  2.000E+01 6.802E+01 3.352E+00 1.674E-05 0.000E+00 0.000E+00 1.674E-05 3.352E+00 3.486E+00  0.0472 0.54129
  2.500E+01 7.686E+01 2.913E+00 1.919E-05 0.000E+00 0.000E+00 1.919E-05 2.913E+00 5.090E+00  0.0603 0.58827
  3.000E+01 8.509E+01 2.615E+00 2.147E-05 0.000E+00 0.000E+00 2.147E-05 2.615E+00 6.904E+00  0.0739 0.62720
  3.500E+01 9.285E+01 2.401E+00 2.366E-05 0.000E+00 0.000E+00 2.366E-05 2.401E+00 8.902E+00  0.0880 0.66011
  4.000E+01 1.003E+02 2.240E+00 2.578E-05 0.000E+00 0.000E+00 2.578E-05 2.240E+00 1.106E+01  0.1026 0.68834
  4.500E+01 1.074E+02 2.115E+00 2.787E-05 0.000E+00 0.000E+00 2.787E-05 2.115E+00 1.336E+01  0.1177 0.71286
  5.000E+01 1.143E+02 2.015E+00 2.993E-05 0.000E+00 0.000E+00 2.993E-05 2.015E+00 1.578E+01  0.1334 0.73434
  5.500E+01 1.210E+02 1.934E+00 3.197E-05 0.000E+00 0.000E+00 3.197E-05 1.934E+00 1.831E+01  0.1469 0.75332
  6.000E+01 1.276E+02 1.868E+00 3.402E-05 0.000E+00 0.000E+00 3.402E-05 1.868E+00 2.094E+01  0.1602 0.77019
  7.000E+01 1.403E+02 1.765E+00 3.811E-05 0.000E+00 0.000E+00 3.811E-05 1.765E+00 2.645E+01  0.1878 0.79887
  8.000E+01 1.527E+02 1.690E+00 4.225E-05 0.000E+00 0.000E+00 4.225E-05 1.690E+00 3.225E+01  0.2159 0.82227
  9.000E+01 1.647E+02 1.634E+00 4.645E-05 0.000E+00 0.000E+00 4.645E-05 1.634E+00 3.827E+01  0.2441 0.84166
  1.000E+02 1.764E+02 1.590E+00 5.072E-05 0.000E+00 0.000E+00 5.072E-05 1.590E+00 4.447E+01  0.2721 0.85794
  1.200E+02 1.994E+02 1.530E+00 5.950E-05 0.000E+00 0.000E+00 5.950E-05 1.530E+00 5.729E+01  0.3272 0.88361
  1.400E+02 2.218E+02 1.492E+00 6.861E-05 0.000E+00 0.000E+00 6.861E-05 1.492E+00 7.053E+01  0.3808 0.90278
  1.700E+02 2.546E+02 1.458E+00 8.293E-05 0.000E+00 0.000E+00 8.293E-05 1.458E+00 9.088E+01  0.4581 0.92363
  2.000E+02 2.868E+02 1.440E+00 9.798E-05 0.000E+00 0.000E+00 9.798E-05 1.440E+00 1.116E+02  0.5315 0.93835
  2.500E+02 3.396E+02 1.429E+00 1.246E-04 0.000E+00 0.000E+00 1.246E-04 1.429E+00 1.464E+02  0.6462 0.95485
  3.000E+02 3.917E+02 1.429E+00 1.531E-04 1.819E-06 0.000E+00 1.549E-04 1.429E+00 1.814E+02  0.7526 0.96548
  3.500E+02 4.432E+02 1.435E+00 1.832E-04 6.048E-06 0.000E+00 1.892E-04 1.435E+00 2.164E+02  0.8516 0.97274
  4.000E+02 4.945E+02 1.443E+00 2.148E-04 1.198E-05 0.000E+00 2.268E-04 1.443E+00 2.511E+02  0.9445 0.97793
  4.500E+02 5.455E+02 1.453E+00 2.478E-04 1.977E-05 0.000E+00 2.676E-04 1.453E+00 2.856E+02  1.0318 0.98176
  5.000E+02 5.964E+02 1.463E+00 2.821E-04 2.938E-05 0.000E+00 3.115E-04 1.463E+00 3.199E+02  1.1144 0.98467
  5.500E+02 6.471E+02 1.473E+00 3.176E-04 4.074E-05 0.000E+00 3.584E-04 1.474E+00 3.540E+02  1.1927 0.98693
  6.000E+02 6.977E+02 1.483E+00 3.543E-04 5.378E-05 0.000E+00 4.081E-04 1.484E+00 3.878E+02  1.2671 0.98873
  7.000E+02 7.987E+02 1.503E+00 4.307E-04 8.469E-05 0.000E+00 5.154E-04 1.504E+00 4.547E+02  1.4062 0.99136
  8.000E+02 8.995E+02 1.521E+00 5.109E-04 1.217E-04 0.000E+00 6.326E-04 1.522E+00 5.208E+02  1.5339 0.99317
  9.000E+02 1.000E+03 1.538E+00 5.945E-04 1.644E-04 0.000E+00 7.589E-04 1.539E+00 5.862E+02  1.6521 0.99447
  1.000E+03 1.101E+03 1.554E+00 6.813E-04 2.125E-04 0.000E+00 8.938E-04 1.555E+00 6.508E+02  1.7622 0.99542
  1.200E+03 1.301E+03 1.582E+00 8.634E-04 3.234E-04 2.250E-05 1.209E-03 1.583E+00 7.783E+02  1.9625 0.99672
  1.400E+03 1.502E+03 1.607E+00 1.055E-03 4.525E-04 6.127E-05 1.569E-03 1.608E+00 9.036E+02  2.1412 0.99753
  1.700E+03 1.803E+03 1.638E+00 1.360E-03 6.761E-04 1.305E-04 2.166E-03 1.640E+00 1.088E+03  2.3782 0.99829
  2.000E+03 2.103E+03 1.664E+00 1.681E-03 9.318E-04 2.115E-04 2.824E-03 1.667E+00 1.270E+03  2.5864 0.99874
  2.500E+03 2.604E+03 1.699E+00 2.248E-03 1.419E-03 3.670E-04 4.034E-03 1.704E+00 1.567E+03  2.8864 0.99918
  3.000E+03 3.104E+03 1.728E+00 2.848E-03 1.973E-03 5.291E-04 5.349E-03 1.734E+00 1.858E+03  3.1432 0.99942
  3.500E+03 3.604E+03 1.753E+00 3.476E-03 2.583E-03 7.000E-04 6.759E-03 1.759E+00 2.144E+03  3.3680 0.99957
  4.000E+03 4.104E+03 1.773E+00 4.128E-03 3.255E-03 8.819E-04 8.265E-03 1.781E+00 2.426E+03  3.5682 0.99967
  4.500E+03 4.604E+03 1.791E+00 4.802E-03 3.977E-03 1.071E-03 9.850E-03 1.801E+00 2.705E+03  3.7489 0.99974
  5.000E+03 5.105E+03 1.807E+00 5.496E-03 4.740E-03 1.251E-03 1.149E-02 1.818E+00 2.982E+03  3.9137 0.99979
  5.500E+03 5.605E+03 1.821E+00 6.207E-03 5.540E-03 1.446E-03 1.319E-02 1.834E+00 3.256E+03  4.0653 0.99982
  6.000E+03 6.105E+03 1.834E+00 6.933E-03 6.375E-03 1.627E-03 1.493E-02 1.849E+00 3.527E+03  4.2056 0.99985
  7.000E+03 7.105E+03 1.856E+00 8.429E-03 8.136E-03 2.009E-03 1.858E-02 1.874E+00 4.064E+03  4.4586 0.99989
  8.000E+03 8.105E+03 1.875E+00 9.976E-03 1.001E-02 2.389E-03 2.237E-02 1.897E+00 4.595E+03  4.6823 0.99992
  9.000E+03 9.105E+03 1.891E+00 1.157E-02 1.197E-02 2.744E-03 2.628E-02 1.917E+00 5.119E+03  4.8828 0.99993
  1.000E+04 1.011E+04 1.905E+00 1.320E-02 1.402E-02 3.111E-03 3.033E-02 1.936E+00 5.638E+03  5.0646 0.99995
  1.200E+04 1.211E+04 1.929E+00 1.656E-02 1.834E-02 3.854E-03 3.876E-02 1.968E+00 6.663E+03  5.3845 0.99996
  1.400E+04 1.411E+04 1.949E+00 2.004E-02 2.292E-02 4.596E-03 4.756E-02 1.997E+00 7.672E+03  5.6598 0.99997
  1.700E+04 1.711E+04 1.973E+00 2.545E-02 3.017E-02 5.694E-03 6.131E-02 2.035E+00 9.160E+03  6.0124 0.99998
  2.000E+04 2.011E+04 1.993E+00 3.104E-02 3.781E-02 6.769E-03 7.562E-02 2.069E+00 1.062E+04  6.3122 0.99999
  2.500E+04 2.511E+04 2.019E+00 4.070E-02 5.124E-02 8.532E-03 1.005E-01 2.119E+00 1.301E+04  6.7300 0.99999
  3.000E+04 3.011E+04 2.040E+00 5.070E-02 6.537E-02 1.026E-02 1.263E-01 2.166E+00 1.534E+04  7.0763 0.99999
  3.500E+04 3.511E+04 2.056E+00 6.098E-02 8.006E-02 1.200E-02 1.530E-01 2.209E+00 1.763E+04  7.3720 1.00000
  4.000E+04 4.011E+04 2.071E+00 7.150E-02 9.522E-02 1.373E-02 1.804E-01 2.251E+00 1.987E+04  7.6303 1.00000
  4.500E+04 4.511E+04 2.083E+00 8.223E-02 1.108E-01 1.542E-02 2.084E-01 2.291E+00 2.207E+04  7.8594 1.00000
  5.000E+04 5.011E+04 2.094E+00 9.314E-02 1.267E-01 1.712E-02 2.369E-01 2.331E+00 2.424E+04  8.0654 1.00000
  5.500E+04 5.511E+04 2.104E+00 1.042E-01 1.428E-01 1.883E-02 2.659E-01 2.370E+00 2.637E+04  8.2524 1.00000
  6.000E+04 6.011E+04 2.112E+00 1.154E-01 1.593E-01 2.052E-02 2.952E-01 2.408E+00 2.846E+04  8.4238 1.00000
  7.000E+04 7.011E+04 2.128E+00 1.382E-01 1.928E-01 2.387E-02 3.549E-01 2.483E+00 3.255E+04  8.7285 1.00000
  8.000E+04 8.011E+04 2.141E+00 1.615E-01 2.271E-01 2.723E-02 4.158E-01 2.557E+00 3.652E+04  8.9934 1.00000
  9.000E+04 9.011E+04 2.152E+00 1.851E-01 2.621E-01 3.059E-02 4.777E-01 2.630E+00 4.038E+04  9.2277 1.00000
  1.000E+05 1.001E+05 2.162E+00 2.090E-01 2.976E-01 3.388E-02 5.404E-01 2.703E+00 4.413E+04  9.4377 1.00000
  1.200E+05 1.201E+05 2.180E+00 2.577E-01 3.698E-01 4.058E-02 6.681E-01 2.848E+00 5.134E+04  9.8017 1.00000
  1.400E+05 1.401E+05 2.194E+00 3.073E-01 4.435E-01 4.728E-02 7.982E-01 2.992E+00 5.819E+04 10.1097 1.00000
  1.700E+05 1.701E+05 2.212E+00 3.832E-01 5.562E-01 5.733E-02 9.967E-01 3.209E+00 6.788E+04 10.4977 1.00000
  2.000E+05 2.001E+05 2.228E+00 4.604E-01 6.707E-01 6.744E-02 1.198E+00 3.426E+00 7.693E+04 10.8226 1.00000
  2.500E+05 2.501E+05 2.248E+00 5.914E-01 8.647E-01 8.432E-02 1.540E+00 3.789E+00 9.083E+04 11.2687 1.00000
  3.000E+05 3.001E+05 2.265E+00 7.248E-01 1.062E+00 1.013E-01 1.888E+00 4.153E+00 1.034E+05 11.6332 1.00000
  3.500E+05 3.501E+05 2.280E+00 8.599E-01 1.261E+00 1.185E-01 2.239E+00 4.519E+00 1.150E+05 11.9414 1.00000
  4.000E+05 4.001E+05 2.292E+00 9.966E-01 1.462E+00 1.358E-01 2.594E+00 4.886E+00 1.256E+05 12.2083 1.00000
  4.500E+05 4.501E+05 2.303E+00 1.134E+00 1.664E+00 1.532E-01 2.952E+00 5.255E+00 1.355E+05 12.4439 1.00000
  5.000E+05 5.001E+05 2.313E+00 1.273E+00 1.867E+00 1.707E-01 3.312E+00 5.625E+00 1.447E+05 12.6545 1.00000
  5.500E+05 5.501E+05 2.322E+00 1.413E+00 2.072E+00 1.881E-01 3.673E+00 5.995E+00 1.533E+05 12.8451 1.00000
  6.000E+05 6.001E+05 2.330E+00 1.554E+00 2.277E+00 2.055E-01 4.037E+00 6.367E+00 1.614E+05 13.0191 1.00000
  7.000E+05 7.001E+05 2.345E+00 1.837E+00 2.689E+00 2.408E-01 4.768E+00 7.112E+00 1.763E+05 13.3274 1.00000
  8.000E+05 8.001E+05 2.357E+00 2.123E+00 3.104E+00 2.764E-01 5.503E+00 7.861E+00 1.897E+05 13.5944 1.00000
  9.000E+05 9.001E+05 2.368E+00 2.411E+00 3.520E+00 3.124E-01 6.243E+00 8.612E+00 2.019E+05 13.8299 1.00000
  1.000E+06 1.000E+06 2.378E+00 2.700E+00 3.938E+00 3.487E-01 6.986E+00 9.365E+00 2.130E+05 14.0406 1.00000
  1.200E+06 1.200E+06 2.396E+00 3.282E+00 4.777E+00 4.221E-01 8.481E+00 1.088E+01 2.329E+05 14.4052 1.00000
  1.400E+06 1.400E+06 2.411E+00 3.868E+00 5.619E+00 4.966E-01 9.984E+00 1.239E+01 2.502E+05 14.7135 1.00000
  1.700E+06 1.700E+06 2.429E+00 4.753E+00 6.888E+00 6.101E-01 1.225E+01 1.468E+01 2.725E+05 15.1018 1.00000
  2.000E+06 2.000E+06 2.445E+00 5.644E+00 8.160E+00 7.254E-01 1.453E+01 1.698E+01 2.915E+05 15.4268 1.00000
  2.500E+06 2.500E+06 2.467E+00 7.138E+00 1.029E+01 9.211E-01 1.835E+01 2.081E+01 3.183E+05 15.8731 1.00000
  3.000E+06 3.000E+06 2.485E+00 8.640E+00 1.242E+01 1.120E+00 2.218E+01 2.467E+01 3.404E+05 16.2377 1.00000
  3.500E+06 3.500E+06 2.500E+00 1.015E+01 1.456E+01 1.323E+00 2.603E+01 2.853E+01 3.593E+05 16.5460 1.00000
  4.000E+06 4.000E+06 2.514E+00 1.166E+01 1.670E+01 1.529E+00 2.989E+01 3.241E+01 3.758E+05 16.8130 1.00000
  4.500E+06 4.500E+06 2.526E+00 1.318E+01 1.885E+01 1.737E+00 3.376E+01 3.629E+01 3.904E+05 17.0486 1.00000
  5.000E+06 5.000E+06 2.536E+00 1.470E+01 2.099E+01 1.947E+00 3.764E+01 4.018E+01 4.035E+05 17.2593 1.00000
  5.500E+06 5.500E+06 2.546E+00 1.622E+01 2.314E+01 2.160E+00 4.152E+01 4.407E+01 4.154E+05 17.4499 1.00000
  6.000E+06 6.000E+06 2.555E+00 1.775E+01 2.529E+01 2.374E+00 4.541E+01 4.797E+01 4.263E+05 17.6240 1.00000
  7.000E+06 7.000E+06 2.571E+00 2.080E+01 2.959E+01 2.809E+00 5.321E+01 5.578E+01 4.457E+05 17.9322 1.00000
  8.000E+06 8.000E+06 2.584E+00 2.387E+01 3.390E+01 3.250E+00 6.102E+01 6.360E+01 4.625E+05 18.1993 1.00000
  9.000E+06 9.000E+06 2.597E+00 2.693E+01 3.821E+01 3.696E+00 6.884E+01 7.144E+01 4.774E+05 18.4349 1.00000
  1.000E+07 1.000E+07 2.608E+00 3.000E+01 4.252E+01 4.148E+00 7.667E+01 7.928E+01 4.907E+05 18.6456 1.00000
  1.200E+07 1.200E+07 2.627E+00 3.615E+01 5.115E+01 5.066E+00 9.237E+01 9.500E+01 5.138E+05 19.0102 1.00000
  1.400E+07 1.400E+07 2.643E+00 4.231E+01 5.978E+01 6.000E+00 1.081E+02 1.107E+02 5.334E+05 19.3185 1.00000
  1.700E+07 1.700E+07 2.664E+00 5.157E+01 7.274E+01 7.428E+00 1.317E+02 1.344E+02 5.581E+05 19.7068 1.00000
  2.000E+07 2.000E+07 2.681E+00 6.083E+01 8.571E+01 8.883E+00 1.554E+02 1.581E+02 5.787E+05 20.0319 1.00000
  2.500E+07 2.500E+07 2.705E+00 7.629E+01 1.073E+02 1.136E+01 1.950E+02 1.977E+02 6.072E+05 20.4782 1.00000
  3.000E+07 3.000E+07 2.725E+00 9.176E+01 1.290E+02 1.389E+01 2.346E+02 2.373E+02 6.303E+05 20.8428 1.00000
  3.500E+07 3.500E+07 2.742E+00 1.072E+02 1.506E+02 1.647E+01 2.743E+02 2.770E+02 6.499E+05 21.1511 1.00000
  4.000E+07 4.000E+07 2.757E+00 1.227E+02 1.722E+02 1.909E+01 3.140E+02 3.168E+02 6.668E+05 21.4182 1.00000
  4.500E+07 4.500E+07 2.770E+00 1.382E+02 1.939E+02 2.175E+01 3.538E+02 3.566E+02 6.817E+05 21.6537 1.00000
  5.000E+07 5.000E+07 2.782E+00 1.537E+02 2.155E+02 2.443E+01 3.937E+02 3.965E+02 6.950E+05 21.8644 1.00000
  5.500E+07 5.500E+07 2.793E+00 1.692E+02 2.371E+02 2.715E+01 4.335E+02 4.363E+02 7.071E+05 22.0551 1.00000
  6.000E+07 6.000E+07 2.803E+00 1.848E+02 2.588E+02 2.990E+01 4.734E+02 4.762E+02 7.181E+05 22.2291 1.00000
  7.000E+07 7.000E+07 2.820E+00 2.158E+02 3.021E+02 3.547E+01 5.533E+02 5.562E+02 7.375E+05 22.5374 1.00000
  8.000E+07 8.000E+07 2.836E+00 2.468E+02 3.454E+02 4.113E+01 6.333E+02 6.362E+02 7.544E+05 22.8045 1.00000
  9.000E+07 9.000E+07 2.849E+00 2.779E+02 3.887E+02 4.687E+01 7.134E+02 7.163E+02 7.692E+05 23.0400 1.00000
  1.000E+08 1.000E+08 2.861E+00 3.089E+02 4.320E+02 5.268E+01 7.936E+02 7.965E+02 7.825E+05 23.2507 1.00000
  1.200E+08 1.200E+08 2.883E+00 3.710E+02 5.186E+02 6.449E+01 9.541E+02 9.570E+02 8.055E+05 23.6154 1.00000
  1.400E+08 1.400E+08 2.901E+00 4.332E+02 6.052E+02 7.654E+01 1.115E+03 1.118E+03 8.249E+05 23.9237 1.00000
  1.700E+08 1.700E+08 2.924E+00 5.264E+02 7.352E+02 9.497E+01 1.356E+03 1.359E+03 8.493E+05 24.3120 1.00000
  2.000E+08 2.000E+08 2.943E+00 6.196E+02 8.651E+02 1.138E+02 1.598E+03 1.601E+03 8.697E+05 24.6370 1.00000
  2.500E+08 2.500E+08 2.970E+00 7.750E+02 1.082E+03 1.458E+02 2.002E+03 2.005E+03 8.978E+05 25.0833 1.00000
  3.000E+08 3.000E+08 2.993E+00 9.304E+02 1.298E+03 1.786E+02 2.407E+03 2.410E+03 9.207E+05 25.4480 1.00000
  3.500E+08 3.500E+08 3.012E+00 1.086E+03 1.515E+03 2.121E+02 2.813E+03 2.816E+03 9.399E+05 25.7563 1.00000
  4.000E+08 4.000E+08 3.028E+00 1.241E+03 1.731E+03 2.461E+02 3.219E+03 3.222E+03 9.566E+05 26.0233 1.00000
  4.500E+08 4.500E+08 3.043E+00 1.397E+03 1.948E+03 2.806E+02 3.625E+03 3.628E+03 9.712E+05 26.2589 1.00000
  5.000E+08 5.000E+08 3.056E+00 1.552E+03 2.164E+03 3.156E+02 4.032E+03 4.035E+03 9.843E+05 26.4696 1.00000
  5.500E+08 5.500E+08 3.068E+00 1.708E+03 2.381E+03 3.509E+02 4.440E+03 4.443E+03 9.961E+05 26.6602 1.00000
  6.000E+08 6.000E+08 3.079E+00 1.863E+03 2.598E+03 3.867E+02 4.847E+03 4.850E+03 1.007E+06 26.8343 1.00000
  7.000E+08 7.000E+08 3.099E+00 2.174E+03 3.031E+03 4.592E+02 5.664E+03 5.667E+03 1.026E+06 27.1426 1.00000
  8.000E+08 8.000E+08 3.116E+00 2.485E+03 3.464E+03 5.330E+02 6.482E+03 6.485E+03 1.043E+06 27.4096 1.00000
  9.000E+08 9.000E+08 3.131E+00 2.796E+03 3.897E+03 6.079E+02 7.300E+03 7.304E+03 1.057E+06 27.6452 1.00000
  1.000E+09 1.000E+09 3.145E+00 3.107E+03 4.330E+03 6.837E+02 8.120E+03 8.123E+03 1.070E+06 27.8559 1.00000
