 Incident particle is a Muon with M = 105.65839 MeV
 Index = 0: Methanol
      Absorber with <Z/A> = 0.56176
 Density effect computed following Fano (1963)
 Models for Radloss: brems =  SSR, pair =  SSR, photonuc = DRSS

 *** Table generated with PUMAS v1.1 ***

      T         p     Ionization  brems     pair     photonuc  Radloss    dE/dx   CSDA Range  delta   beta
    [MeV]    [MeV/c]  -----------------------[MeV cm^2/g]------------------------  [g/cm^2]
  1.000E+00 1.457E+01 5.211E+01 0.000E+00 0.000E+00 0.000E+00 0.000E+00 5.211E+01 9.595E-03  0.0000 0.13661
  1.200E+00 1.597E+01 4.493E+01 0.000E+00 0.000E+00 0.000E+00 0.000E+00 4.493E+01 1.374E-02  0.0000 0.14944
  1.400E+00 1.726E+01 3.963E+01 0.000E+00 0.000E+00 0.000E+00 0.000E+00 3.963E+01 1.849E-02  0.0000 0.16119
  1.700E+00 1.903E+01 3.382E+01 0.000E+00 0.000E+00 0.000E+00 0.000E+00 3.382E+01 2.672E-02  0.0000 0.17725
  2.000E+00 2.066E+01 2.961E+01 0.000E+00 0.000E+00 0.000E+00 0.000E+00 2.961E+01 3.622E-02  0.0000 0.19186
  2.500E+00 2.312E+01 2.467E+01 0.000E+00 0.000E+00 0.000E+00 0.000E+00 2.467E+01 5.481E-02  0.0000 0.21376
  3.000E+00 2.536E+01 2.126E+01 0.000E+00 0.000E+00 0.000E+00 0.000E+00 2.126E+01 7.672E-02  0.0000 0.23336
  3.500E+00 2.742E+01 1.875E+01 0.000E+00 0.000E+00 0.000E+00 0.000E+00 1.875E+01 1.018E-01  0.0000 0.25120
  4.000E+00 2.935E+01 1.682E+01 0.000E+00 0.000E+00 0.000E+00 0.000E+00 1.682E+01 1.300E-01  0.0000 0.26763
  4.500E+00 3.116E+01 1.530E+01 0.000E+00 0.000E+00 0.000E+00 0.000E+00 1.530E+01 1.612E-01  0.0000 0.28290
  5.000E+00 3.289E+01 1.405E+01 0.000E+00 0.000E+00 0.000E+00 0.000E+00 1.405E+01 1.954E-01  0.0000 0.29720
  5.500E+00 3.453E+01 1.302E+01 0.000E+00 0.000E+00 0.000E+00 0.000E+00 1.302E+01 2.324E-01  0.0000 0.31066
  6.000E+00 3.611E+01 1.215E+01 0.000E+00 0.000E+00 0.000E+00 0.000E+00 1.215E+01 2.721E-01  0.0000 0.32339
  7.000E+00 3.909E+01 1.076E+01 0.000E+00 0.000E+00 0.000E+00 0.000E+00 1.076E+01 3.598E-01  0.0000 0.34700
  8.000E+00 4.189E+01 9.694E+00 0.000E+00 0.000E+00 0.000E+00 0.000E+00 9.694E+00 4.579E-01  0.0000 0.36854
  9.000E+00 4.453E+01 8.852E+00 0.000E+00 0.000E+00 0.000E+00 0.000E+00 8.852E+00 5.660E-01  0.0000 0.38836
  1.000E+01 4.704E+01 8.169E+00 0.000E+00 0.000E+00 0.000E+00 0.000E+00 8.169E+00 6.837E-01  0.0000 0.40675
  1.200E+01 5.177E+01 7.127E+00 0.000E+00 0.000E+00 0.000E+00 0.000E+00 7.127E+00 9.466E-01  0.0000 0.43998
  1.400E+01 5.616E+01 6.369E+00 0.000E+00 0.000E+00 0.000E+00 0.000E+00 6.369E+00 1.244E+00  0.0000 0.46937
  1.700E+01 6.230E+01 5.552E+00 0.000E+00 0.000E+00 0.000E+00 0.000E+00 5.552E+00 1.750E+00  0.0000 0.50792
  2.000E+01 6.802E+01 4.972E+00 0.000E+00 0.000E+00 0.000E+00 0.000E+00 4.972E+00 2.323E+00  0.0000 0.54129
  2.500E+01 7.686E+01 4.305E+00 8.237E-10 0.000E+00 0.000E+00 8.237E-10 4.305E+00 3.408E+00  0.0000 0.58827
  3.000E+01 8.509E+01 3.855E+00 1.207E-07 0.000E+00 0.000E+00 1.207E-07 3.855E+00 4.639E+00  0.0000 0.62720
  3.500E+01 9.285E+01 3.533E+00 1.410E-07 0.000E+00 0.000E+00 1.410E-07 3.533E+00 5.996E+00  0.0000 0.66011
  4.000E+01 1.003E+02 3.291E+00 1.510E-07 0.000E+00 0.000E+00 1.510E-07 3.291E+00 7.465E+00  0.0000 0.68834
  4.500E+01 1.074E+02 3.103E+00 1.613E-07 0.000E+00 0.000E+00 1.613E-07 3.103E+00 9.031E+00  0.0000 0.71286
  5.000E+01 1.143E+02 2.954E+00 1.719E-07 0.000E+00 0.000E+00 1.719E-07 2.954E+00 1.068E+01  0.0000 0.73434
  5.500E+01 1.210E+02 2.834E+00 1.829E-07 0.000E+00 0.000E+00 1.829E-07 2.834E+00 1.241E+01  0.0000 0.75332
  6.000E+01 1.276E+02 2.734E+00 1.942E-07 0.000E+00 0.000E+00 1.942E-07 2.734E+00 1.421E+01  0.0000 0.77019
  7.000E+01 1.403E+02 2.580E+00 2.177E-07 0.000E+00 0.000E+00 2.177E-07 2.580E+00 1.798E+01  0.0000 0.79887
  8.000E+01 1.527E+02 2.469E+00 2.425E-07 0.000E+00 0.000E+00 2.425E-07 2.469E+00 2.195E+01  0.0002 0.82227
  9.000E+01 1.647E+02 2.385E+00 2.686E-07 0.000E+00 0.000E+00 2.686E-07 2.385E+00 2.607E+01  0.0048 0.84166
  1.000E+02 1.764E+02 2.320E+00 2.959E-07 0.000E+00 0.000E+00 2.959E-07 2.320E+00 3.032E+01  0.0146 0.85794
  1.200E+02 1.994E+02 2.228E+00 3.543E-07 0.000E+00 0.000E+00 3.543E-07 2.228E+00 3.913E+01  0.0457 0.88361
  1.400E+02 2.218E+02 2.167E+00 2.228E-06 0.000E+00 0.000E+00 2.228E-06 2.167E+00 4.825E+01  0.0869 0.90278
  1.700E+02 2.546E+02 2.111E+00 1.033E-05 9.688E-10 0.000E+00 1.033E-05 2.111E+00 6.229E+01  0.1599 0.92363
  2.000E+02 2.868E+02 2.079E+00 1.776E-05 8.521E-09 0.000E+00 1.777E-05 2.079E+00 7.662E+01  0.2397 0.93835
  2.500E+02 3.396E+02 2.052E+00 2.666E-05 1.158E-07 0.000E+00 2.677E-05 2.052E+00 1.008E+02  0.3772 0.95485
  3.000E+02 3.917E+02 2.044E+00 3.456E-05 7.269E-07 0.000E+00 3.529E-05 2.044E+00 1.253E+02  0.5131 0.96548
  3.500E+02 4.432E+02 2.044E+00 4.254E-05 1.883E-06 0.000E+00 4.442E-05 2.044E+00 1.497E+02  0.6440 0.97274
  4.000E+02 4.945E+02 2.048E+00 5.086E-05 3.572E-06 0.000E+00 5.443E-05 2.048E+00 1.742E+02  0.7685 0.97793
  4.500E+02 5.455E+02 2.056E+00 5.965E-05 5.783E-06 0.000E+00 6.543E-05 2.056E+00 1.985E+02  0.8866 0.98176
  5.000E+02 5.964E+02 2.064E+00 6.892E-05 8.503E-06 0.000E+00 7.742E-05 2.064E+00 2.228E+02  0.9982 0.98467
  5.500E+02 6.471E+02 2.073E+00 7.864E-05 1.172E-05 1.560E-05 1.060E-04 2.073E+00 2.470E+02  1.1039 0.98693
  6.000E+02 6.977E+02 2.083E+00 8.878E-05 1.541E-05 5.190E-05 1.561E-04 2.083E+00 2.711E+02  1.2041 0.98873
  7.000E+02 7.987E+02 2.101E+00 1.103E-04 2.419E-05 1.242E-04 2.587E-04 2.102E+00 3.189E+02  1.3894 0.99136
  8.000E+02 8.995E+02 2.120E+00 1.332E-04 3.471E-05 1.927E-04 3.606E-04 2.120E+00 3.662E+02  1.5574 0.99317
  9.000E+02 1.000E+03 2.137E+00 1.575E-04 4.687E-05 2.582E-04 4.625E-04 2.137E+00 4.132E+02  1.7109 0.99447
  1.000E+03 1.101E+03 2.153E+00 1.829E-04 6.058E-05 3.217E-04 5.652E-04 2.154E+00 4.598E+02  1.8520 0.99542
  1.200E+03 1.301E+03 2.183E+00 2.372E-04 9.229E-05 4.448E-04 7.743E-04 2.184E+00 5.520E+02  2.1040 0.99672
  1.400E+03 1.502E+03 2.209E+00 2.954E-04 1.292E-04 5.643E-04 9.889E-04 2.210E+00 6.431E+02  2.3242 0.99753
  1.700E+03 1.803E+03 2.243E+00 3.890E-04 1.933E-04 7.389E-04 1.321E-03 2.244E+00 7.778E+02  2.6100 0.99829
  2.000E+03 2.103E+03 2.271E+00 4.892E-04 2.667E-04 9.093E-04 1.665E-03 2.273E+00 9.106E+02  2.8564 0.99874
  2.500E+03 2.604E+03 2.311E+00 6.686E-04 4.067E-04 1.186E-03 2.261E-03 2.313E+00 1.129E+03  3.2053 0.99918
  3.000E+03 3.104E+03 2.343E+00 8.613E-04 5.659E-04 1.456E-03 2.883E-03 2.346E+00 1.343E+03  3.4995 0.99942
  3.500E+03 3.604E+03 2.370E+00 1.065E-03 7.415E-04 1.719E-03 3.526E-03 2.374E+00 1.555E+03  3.7549 0.99957
  4.000E+03 4.104E+03 2.394E+00 1.278E-03 9.472E-04 1.978E-03 4.203E-03 2.398E+00 1.764E+03  3.9812 0.99967
  4.500E+03 4.604E+03 2.414E+00 1.499E-03 1.173E-03 2.232E-03 4.905E-03 2.419E+00 1.972E+03  4.1845 0.99974
  5.000E+03 5.105E+03 2.431E+00 1.729E-03 1.412E-03 2.483E-03 5.624E-03 2.437E+00 2.178E+03  4.3694 0.99979
  5.500E+03 5.605E+03 2.447E+00 1.965E-03 1.663E-03 2.730E-03 6.358E-03 2.454E+00 2.382E+03  4.5390 0.99982
  6.000E+03 6.105E+03 2.462E+00 2.207E-03 1.926E-03 2.975E-03 7.108E-03 2.469E+00 2.586E+03  4.6957 0.99985
  7.000E+03 7.105E+03 2.487E+00 2.708E-03 2.483E-03 3.456E-03 8.647E-03 2.495E+00 2.988E+03  4.9775 0.99989
  8.000E+03 8.105E+03 2.508E+00 3.228E-03 3.076E-03 3.929E-03 1.023E-02 2.518E+00 3.387E+03  5.2254 0.99992
  9.000E+03 9.105E+03 2.526E+00 3.765E-03 3.702E-03 4.394E-03 1.186E-02 2.538E+00 3.783E+03  5.4468 0.99993
  1.000E+04 1.011E+04 2.542E+00 4.317E-03 4.356E-03 4.853E-03 1.353E-02 2.555E+00 4.176E+03  5.6466 0.99995
  1.200E+04 1.211E+04 2.569E+00 5.461E-03 5.740E-03 5.755E-03 1.696E-02 2.586E+00 4.953E+03  5.9961 0.99996
  1.400E+04 1.411E+04 2.592E+00 6.650E-03 7.211E-03 6.640E-03 2.050E-02 2.612E+00 5.723E+03  6.2945 0.99997
  1.700E+04 1.711E+04 2.619E+00 8.506E-03 9.552E-03 7.943E-03 2.600E-02 2.645E+00 6.864E+03  6.6733 0.99998
  2.000E+04 2.011E+04 2.642E+00 1.043E-02 1.203E-02 9.224E-03 3.169E-02 2.673E+00 7.992E+03  6.9924 0.99999
  2.500E+04 2.511E+04 2.672E+00 1.378E-02 1.640E-02 1.132E-02 4.150E-02 2.713E+00 9.848E+03  7.4326 0.99999
  3.000E+04 3.011E+04 2.696E+00 1.725E-02 2.102E-02 1.339E-02 5.166E-02 2.748E+00 1.168E+04  7.7936 0.99999
  3.500E+04 3.511E+04 2.716E+00 2.083E-02 2.584E-02 1.543E-02 6.210E-02 2.778E+00 1.349E+04  8.0996 1.00000
  4.000E+04 4.011E+04 2.733E+00 2.450E-02 3.083E-02 1.745E-02 7.279E-02 2.806E+00 1.528E+04  8.3650 1.00000
  4.500E+04 4.511E+04 2.748E+00 2.825E-02 3.597E-02 1.946E-02 8.368E-02 2.832E+00 1.705E+04  8.5994 1.00000
  5.000E+04 5.011E+04 2.761E+00 3.207E-02 4.123E-02 2.147E-02 9.476E-02 2.856E+00 1.881E+04  8.8092 1.00000
  5.500E+04 5.511E+04 2.773E+00 3.595E-02 4.660E-02 2.346E-02 1.060E-01 2.879E+00 2.056E+04  8.9991 1.00000
  6.000E+04 6.011E+04 2.783E+00 3.989E-02 5.206E-02 2.545E-02 1.174E-01 2.901E+00 2.229E+04  9.1726 1.00000
  7.000E+04 7.011E+04 2.802E+00 4.792E-02 6.325E-02 2.941E-02 1.406E-01 2.943E+00 2.571E+04  9.4801 1.00000
  8.000E+04 8.011E+04 2.818E+00 5.611E-02 7.473E-02 3.336E-02 1.642E-01 2.982E+00 2.908E+04  9.7465 1.00000
  9.000E+04 9.011E+04 2.832E+00 6.446E-02 8.645E-02 3.731E-02 1.882E-01 3.020E+00 3.242E+04  9.9816 1.00000
  1.000E+05 1.001E+05 2.844E+00 7.294E-02 9.838E-02 4.125E-02 2.126E-01 3.057E+00 3.571E+04 10.1920 1.00000
  1.200E+05 1.201E+05 2.866E+00 9.023E-02 1.228E-01 4.915E-02 2.621E-01 3.128E+00 4.217E+04 10.5562 1.00000
  1.400E+05 1.401E+05 2.884E+00 1.079E-01 1.477E-01 5.705E-02 3.127E-01 3.196E+00 4.850E+04 10.8641 1.00000
  1.700E+05 1.701E+05 2.906E+00 1.350E-01 1.860E-01 6.896E-02 3.899E-01 3.296E+00 5.774E+04 11.2521 1.00000
  2.000E+05 2.001E+05 2.925E+00 1.626E-01 2.250E-01 8.092E-02 4.685E-01 3.393E+00 6.671E+04 11.5769 1.00000
  2.500E+05 2.501E+05 2.951E+00 2.096E-01 2.915E-01 1.010E-01 6.020E-01 3.553E+00 8.111E+04 12.0229 1.00000
  3.000E+05 3.001E+05 2.972E+00 2.575E-01 3.592E-01 1.213E-01 7.380E-01 3.710E+00 9.488E+04 12.3874 1.00000
  3.500E+05 3.501E+05 2.989E+00 3.063E-01 4.278E-01 1.417E-01 8.758E-01 3.865E+00 1.081E+05 12.6956 1.00000
  4.000E+05 4.001E+05 3.005E+00 3.557E-01 4.972E-01 1.623E-01 1.015E+00 4.020E+00 1.208E+05 12.9626 1.00000
  4.500E+05 4.501E+05 3.018E+00 4.056E-01 5.673E-01 1.831E-01 1.156E+00 4.174E+00 1.330E+05 13.1981 1.00000
  5.000E+05 5.001E+05 3.030E+00 4.559E-01 6.378E-01 2.040E-01 1.298E+00 4.328E+00 1.447E+05 13.4088 1.00000
  5.500E+05 5.501E+05 3.041E+00 5.067E-01 7.088E-01 2.250E-01 1.441E+00 4.482E+00 1.561E+05 13.5993 1.00000
  6.000E+05 6.001E+05 3.052E+00 5.578E-01 7.802E-01 2.462E-01 1.584E+00 4.636E+00 1.671E+05 13.7733 1.00000
  7.000E+05 7.001E+05 3.069E+00 6.610E-01 9.238E-01 2.890E-01 1.874E+00 4.943E+00 1.879E+05 14.0816 1.00000
  8.000E+05 8.001E+05 3.085E+00 7.652E-01 1.069E+00 3.322E-01 2.166E+00 5.251E+00 2.076E+05 14.3486 1.00000
  9.000E+05 9.001E+05 3.099E+00 8.702E-01 1.214E+00 3.759E-01 2.460E+00 5.559E+00 2.261E+05 14.5841 1.00000
  1.000E+06 1.000E+06 3.111E+00 9.760E-01 1.360E+00 4.200E-01 2.756E+00 5.868E+00 2.436E+05 14.7948 1.00000
  1.200E+06 1.200E+06 3.133E+00 1.189E+00 1.654E+00 5.093E-01 3.353E+00 6.486E+00 2.760E+05 15.1594 1.00000
  1.400E+06 1.400E+06 3.151E+00 1.405E+00 1.950E+00 5.999E-01 3.955E+00 7.106E+00 3.054E+05 15.4677 1.00000
  1.700E+06 1.700E+06 3.174E+00 1.730E+00 2.396E+00 7.380E-01 4.865E+00 8.039E+00 3.451E+05 15.8560 1.00000
  2.000E+06 2.000E+06 3.194E+00 2.059E+00 2.845E+00 8.784E-01 5.782E+00 8.976E+00 3.804E+05 16.1810 1.00000
  2.500E+06 2.500E+06 3.221E+00 2.610E+00 3.596E+00 1.117E+00 7.323E+00 1.054E+01 4.318E+05 16.6273 1.00000
  3.000E+06 3.000E+06 3.243E+00 3.166E+00 4.349E+00 1.360E+00 8.876E+00 1.212E+01 4.760E+05 16.9919 1.00000
  3.500E+06 3.500E+06 3.262E+00 3.725E+00 5.105E+00 1.607E+00 1.044E+01 1.370E+01 5.148E+05 17.3002 1.00000
  4.000E+06 4.000E+06 3.278E+00 4.287E+00 5.863E+00 1.858E+00 1.201E+01 1.529E+01 5.493E+05 17.5673 1.00000
  4.500E+06 4.500E+06 3.293E+00 4.850E+00 6.622E+00 2.112E+00 1.359E+01 1.688E+01 5.804E+05 17.8028 1.00000
  5.000E+06 5.000E+06 3.306E+00 5.416E+00 7.383E+00 2.369E+00 1.517E+01 1.847E+01 6.087E+05 18.0135 1.00000
  5.500E+06 5.500E+06 3.318E+00 5.982E+00 8.144E+00 2.629E+00 1.676E+01 2.007E+01 6.347E+05 18.2041 1.00000
  6.000E+06 6.000E+06 3.329E+00 6.550E+00 8.906E+00 2.891E+00 1.835E+01 2.168E+01 6.586E+05 18.3782 1.00000
  7.000E+06 7.000E+06 3.349E+00 7.689E+00 1.043E+01 3.423E+00 2.154E+01 2.489E+01 7.017E+05 18.6865 1.00000
  8.000E+06 8.000E+06 3.366E+00 8.830E+00 1.196E+01 3.962E+00 2.475E+01 2.812E+01 7.394E+05 18.9535 1.00000
  9.000E+06 9.000E+06 3.381E+00 9.975E+00 1.349E+01 4.509E+00 2.797E+01 3.135E+01 7.731E+05 19.1891 1.00000
  1.000E+07 1.000E+07 3.394E+00 1.112E+01 1.502E+01 5.063E+00 3.120E+01 3.460E+01 8.034E+05 19.3998 1.00000
  1.200E+07 1.200E+07 3.418E+00 1.342E+01 1.808E+01 6.187E+00 3.769E+01 4.111E+01 8.564E+05 19.7644 1.00000
  1.400E+07 1.400E+07 3.438E+00 1.572E+01 2.115E+01 7.333E+00 4.421E+01 4.764E+01 9.016E+05 20.0727 1.00000
  1.700E+07 1.700E+07 3.463E+00 1.919E+01 2.575E+01 9.084E+00 5.402E+01 5.749E+01 9.589E+05 20.4611 1.00000
  2.000E+07 2.000E+07 3.485E+00 2.265E+01 3.036E+01 1.087E+01 6.389E+01 6.737E+01 1.007E+06 20.7861 1.00000
  2.500E+07 2.500E+07 3.515E+00 2.845E+01 3.805E+01 1.391E+01 8.041E+01 8.393E+01 1.073E+06 21.2324 1.00000
  3.000E+07 3.000E+07 3.539E+00 3.425E+01 4.574E+01 1.703E+01 9.702E+01 1.006E+02 1.128E+06 21.5970 1.00000
  3.500E+07 3.500E+07 3.560E+00 4.006E+01 5.343E+01 2.020E+01 1.137E+02 1.173E+02 1.174E+06 21.9053 1.00000
  4.000E+07 4.000E+07 3.579E+00 4.587E+01 6.113E+01 2.343E+01 1.304E+02 1.340E+02 1.214E+06 22.1724 1.00000
  4.500E+07 4.500E+07 3.595E+00 5.169E+01 6.883E+01 2.670E+01 1.472E+02 1.508E+02 1.249E+06 22.4079 1.00000
  5.000E+07 5.000E+07 3.610E+00 5.751E+01 7.653E+01 3.001E+01 1.641E+02 1.677E+02 1.280E+06 22.6187 1.00000
  5.500E+07 5.500E+07 3.623E+00 6.333E+01 8.423E+01 3.337E+01 1.809E+02 1.846E+02 1.309E+06 22.8093 1.00000
  6.000E+07 6.000E+07 3.635E+00 6.916E+01 9.194E+01 3.675E+01 1.978E+02 2.015E+02 1.335E+06 22.9833 1.00000
  7.000E+07 7.000E+07 3.657E+00 8.081E+01 1.073E+02 4.363E+01 2.318E+02 2.354E+02 1.380E+06 23.2916 1.00000
  8.000E+07 8.000E+07 3.676E+00 9.247E+01 1.228E+02 5.061E+01 2.658E+02 2.695E+02 1.420E+06 23.5587 1.00000
  9.000E+07 9.000E+07 3.692E+00 1.041E+02 1.382E+02 5.771E+01 3.000E+02 3.037E+02 1.455E+06 23.7942 1.00000
  1.000E+08 1.000E+08 3.708E+00 1.158E+02 1.536E+02 6.489E+01 3.343E+02 3.380E+02 1.486E+06 24.0050 1.00000
  1.200E+08 1.200E+08 3.734E+00 1.392E+02 1.844E+02 7.951E+01 4.031E+02 4.068E+02 1.540E+06 24.3696 1.00000
  1.400E+08 1.400E+08 3.756E+00 1.625E+02 2.153E+02 9.442E+01 4.722E+02 4.760E+02 1.585E+06 24.6779 1.00000
  1.700E+08 1.700E+08 3.785E+00 1.976E+02 2.615E+02 1.172E+02 5.763E+02 5.801E+02 1.643E+06 25.0662 1.00000
  2.000E+08 2.000E+08 3.809E+00 2.326E+02 3.078E+02 1.406E+02 6.810E+02 6.848E+02 1.690E+06 25.3912 1.00000
  2.500E+08 2.500E+08 3.842E+00 2.910E+02 3.849E+02 1.803E+02 8.563E+02 8.602E+02 1.755E+06 25.8375 1.00000
  3.000E+08 3.000E+08 3.869E+00 3.495E+02 4.621E+02 2.211E+02 1.033E+03 1.037E+03 1.808E+06 26.2022 1.00000
  3.500E+08 3.500E+08 3.893E+00 4.079E+02 5.392E+02 2.627E+02 1.210E+03 1.214E+03 1.853E+06 26.5105 1.00000
  4.000E+08 4.000E+08 3.913E+00 4.664E+02 6.164E+02 3.050E+02 1.388E+03 1.392E+03 1.891E+06 26.7775 1.00000
  4.500E+08 4.500E+08 3.931E+00 5.249E+02 6.935E+02 3.479E+02 1.566E+03 1.570E+03 1.925E+06 27.0131 1.00000
  5.000E+08 5.000E+08 3.948E+00 5.833E+02 7.707E+02 3.915E+02 1.745E+03 1.749E+03 1.955E+06 27.2238 1.00000
  5.500E+08 5.500E+08 3.963E+00 6.418E+02 8.478E+02 4.356E+02 1.925E+03 1.929E+03 1.982E+06 27.4144 1.00000
  6.000E+08 6.000E+08 3.976E+00 7.003E+02 9.250E+02 4.801E+02 2.105E+03 2.109E+03 2.007E+06 27.5885 1.00000
  7.000E+08 7.000E+08 4.000E+00 8.172E+02 1.079E+03 5.706E+02 2.467E+03 2.471E+03 2.051E+06 27.8967 1.00000
  8.000E+08 8.000E+08 4.021E+00 9.342E+02 1.234E+03 6.627E+02 2.831E+03 2.835E+03 2.088E+06 28.1638 1.00000
  9.000E+08 9.000E+08 4.040E+00 1.051E+03 1.388E+03 7.563E+02 3.195E+03 3.199E+03 2.122E+06 28.3993 1.00000
  1.000E+09 1.000E+09 4.057E+00 1.168E+03 1.542E+03 8.511E+02 3.561E+03 3.565E+03 2.151E+06 28.6100 1.00000
  1.200E+09 1.200E+09 4.086E+00 1.402E+03 1.851E+03 1.044E+03 4.297E+03 4.301E+03 2.202E+06 28.9746 1.00000
  1.400E+09 1.400E+09 4.111E+00 1.636E+03 2.160E+03 1.241E+03 5.037E+03 5.041E+03 2.245E+06 29.2826 1.00000
  1.700E+09 1.700E+09 4.143E+00 1.987E+03 2.623E+03 1.544E+03 6.153E+03 6.157E+03 2.299E+06 29.6709 1.00000
  2.000E+09 2.000E+09 4.170E+00 2.338E+03 3.085E+03 1.853E+03 7.276E+03 7.280E+03 2.344E+06 29.9944 1.00000
  2.500E+09 2.500E+09 4.208E+00 2.923E+03 3.857E+03 2.381E+03 9.161E+03 9.165E+03 2.405E+06 30.4407 1.00000
  3.000E+09 3.000E+09 4.239E+00 3.508E+03 4.629E+03 2.922E+03 1.106E+04 1.106E+04 2.454E+06 30.7988 1.00000
  3.500E+09 3.500E+09 4.265E+00 4.093E+03 5.400E+03 3.476E+03 1.297E+04 1.297E+04 2.496E+06 31.1071 1.00000
  4.000E+09 4.000E+09 4.288E+00 4.677E+03 6.172E+03 4.039E+03 1.489E+04 1.489E+04 2.532E+06 31.3742 1.00000
  4.500E+09 4.500E+09 4.311E+00 5.262E+03 6.944E+03 4.612E+03 1.682E+04 1.682E+04 2.564E+06 31.5806 1.00000
  5.000E+09 5.000E+09 4.329E+00 5.847E+03 7.715E+03 5.193E+03 1.876E+04 1.876E+04 2.592E+06 31.7913 1.00000
  5.500E+09 5.500E+09 4.345E+00 6.432E+03 8.487E+03 5.781E+03 2.070E+04 2.070E+04 2.617E+06 31.9819 1.00000
  6.000E+09 6.000E+09 4.361E+00 7.017E+03 9.259E+03 6.376E+03 2.265E+04 2.266E+04 2.640E+06 32.1560 1.00000
  7.000E+09 7.000E+09 4.388E+00 8.187E+03 1.080E+04 7.586E+03 2.658E+04 2.658E+04 2.681E+06 32.4643 1.00000
  8.000E+09 8.000E+09 4.425E+00 9.357E+03 1.235E+04 8.818E+03 3.052E+04 3.053E+04 2.716E+06 32.5759 1.00000
  9.000E+09 9.000E+09 4.446E+00 1.053E+04 1.389E+04 1.007E+04 3.449E+04 3.449E+04 2.747E+06 32.8114 1.00000
  1.000E+10 1.000E+10 4.464E+00 1.170E+04 1.543E+04 1.134E+04 3.847E+04 3.847E+04 2.774E+06 33.0221 1.00000
  1.200E+10 1.200E+10 4.497E+00 1.404E+04 1.852E+04 1.393E+04 4.649E+04 4.649E+04 2.821E+06 33.3868 1.00000
  1.400E+10 1.400E+10 4.525E+00 1.638E+04 2.161E+04 1.658E+04 5.456E+04 5.457E+04 2.861E+06 33.6951 1.00000
  1.700E+10 1.700E+10 4.561E+00 1.989E+04 2.624E+04 2.065E+04 6.677E+04 6.677E+04 2.911E+06 34.0834 1.00000
  2.000E+10 2.000E+10 4.591E+00 2.339E+04 3.087E+04 2.481E+04 7.907E+04 7.907E+04 2.952E+06 34.4084 1.00000
  2.500E+10 2.500E+10 4.633E+00 2.924E+04 3.858E+04 3.193E+04 9.976E+04 9.976E+04 3.008E+06 34.8547 1.00000
  3.000E+10 3.000E+10 4.667E+00 3.509E+04 4.630E+04 3.925E+04 1.206E+05 1.206E+05 3.054E+06 35.2194 1.00000
  3.500E+10 3.500E+10 4.696E+00 4.094E+04 5.401E+04 4.673E+04 1.417E+05 1.417E+05 3.092E+06 35.5277 1.00000
  4.000E+10 4.000E+10 4.722E+00 4.679E+04 6.173E+04 5.435E+04 1.629E+05 1.629E+05 3.125E+06 35.7947 1.00000
  4.500E+10 4.500E+10 4.744E+00 5.264E+04 6.945E+04 6.211E+04 1.842E+05 1.842E+05 3.154E+06 36.0303 1.00000
  5.000E+10 5.000E+10 4.765E+00 5.849E+04 7.716E+04 6.999E+04 2.056E+05 2.056E+05 3.179E+06 36.2410 1.00000
  5.500E+10 5.500E+10 4.783E+00 6.434E+04 8.488E+04 7.797E+04 2.272E+05 2.272E+05 3.202E+06 36.4316 1.00000
  6.000E+10 6.000E+10 4.800E+00 7.019E+04 9.260E+04 8.606E+04 2.488E+05 2.488E+05 3.223E+06 36.6057 1.00000
  7.000E+10 7.000E+10 4.831E+00 8.189E+04 1.080E+05 1.025E+05 2.924E+05 2.924E+05 3.261E+06 36.9140 1.00000
  8.000E+10 8.000E+10 4.857E+00 9.359E+04 1.235E+05 1.193E+05 3.363E+05 3.363E+05 3.292E+06 37.1810 1.00000
  9.000E+10 9.000E+10 4.880E+00 1.053E+05 1.389E+05 1.363E+05 3.805E+05 3.805E+05 3.320E+06 37.4166 1.00000
  1.000E+11 1.000E+11 4.901E+00 1.170E+05 1.543E+05 1.537E+05 4.250E+05 4.250E+05 3.345E+06 37.6273 1.00000
  1.200E+11 1.200E+11 4.938E+00 1.404E+05 1.852E+05 1.890E+05 5.146E+05 5.146E+05 3.388E+06 37.9920 1.00000
  1.400E+11 1.400E+11 4.969E+00 1.638E+05 2.161E+05 2.252E+05 6.051E+05 6.051E+05 3.424E+06 38.3003 1.00000
  1.700E+11 1.700E+11 5.009E+00 1.989E+05 2.624E+05 2.809E+05 7.421E+05 7.421E+05 3.468E+06 38.6886 1.00000
  2.000E+11 2.000E+11 5.043E+00 2.340E+05 3.087E+05 3.379E+05 8.805E+05 8.805E+05 3.505E+06 39.0136 1.00000
  2.500E+11 2.500E+11 5.089E+00 2.925E+05 3.858E+05 4.357E+05 1.114E+06 1.114E+06 3.556E+06 39.4599 1.00000
  3.000E+11 3.000E+11 5.128E+00 3.510E+05 4.630E+05 5.362E+05 1.350E+06 1.350E+06 3.597E+06 39.8245 1.00000
  3.500E+11 3.500E+11 5.160E+00 4.094E+05 5.401E+05 6.393E+05 1.589E+06 1.589E+06 3.631E+06 40.1328 1.00000
  4.000E+11 4.000E+11 5.189E+00 4.679E+05 6.173E+05 7.444E+05 1.830E+06 1.830E+06 3.660E+06 40.3999 1.00000
  4.500E+11 4.500E+11 5.214E+00 5.264E+05 6.945E+05 8.515E+05 2.072E+06 2.072E+06 3.686E+06 40.6355 1.00000
  5.000E+11 5.000E+11 5.237E+00 5.849E+05 7.716E+05 9.603E+05 2.317E+06 2.317E+06 3.708E+06 40.8462 1.00000
  5.500E+11 5.500E+11 5.258E+00 6.434E+05 8.488E+05 1.071E+06 2.563E+06 2.563E+06 3.729E+06 41.0368 1.00000
  6.000E+11 6.000E+11 5.276E+00 7.019E+05 9.259E+05 1.183E+06 2.810E+06 2.810E+06 3.748E+06 41.2108 1.00000
  7.000E+11 7.000E+11 5.310E+00 8.189E+05 1.080E+06 1.410E+06 3.309E+06 3.309E+06 3.780E+06 41.5191 1.00000
  8.000E+11 8.000E+11 5.340E+00 9.359E+05 1.235E+06 1.643E+06 3.813E+06 3.813E+06 3.809E+06 41.7862 1.00000
  9.000E+11 9.000E+11 5.366E+00 1.053E+06 1.389E+06 1.880E+06 4.322E+06 4.322E+06 3.833E+06 42.0218 1.00000
  1.000E+12 1.000E+12 5.389E+00 1.170E+06 1.543E+06 2.121E+06 4.834E+06 4.834E+06 3.855E+06 42.2325 1.00000
