 Incident particle is a Muon with M = 105.65839 MeV
 Index = 0: MuscleEquivalentLiquidWithSucrose
      Absorber with <Z/A> = 0.54828
 Density effect computed following Fano (1963)
 Models for Radloss: brems =  SSR, pair =  SSR, photonuc = DRSS

 *** Table generated with PUMAS v1.1 ***

      T         p     Ionization  brems     pair     photonuc  Radloss    dE/dx   CSDA Range  delta   beta
    [MeV]    [MeV/c]  -----------------------[MeV cm^2/g]------------------------  [g/cm^2]
  1.000E+00 1.457E+01 5.001E+01 0.000E+00 0.000E+00 0.000E+00 0.000E+00 5.001E+01 9.999E-03  0.0000 0.13661
  1.200E+00 1.597E+01 4.314E+01 0.000E+00 0.000E+00 0.000E+00 0.000E+00 4.314E+01 1.432E-02  0.0000 0.14944
  1.400E+00 1.726E+01 3.806E+01 0.000E+00 0.000E+00 0.000E+00 0.000E+00 3.806E+01 1.926E-02  0.0000 0.16119
  1.700E+00 1.903E+01 3.250E+01 0.000E+00 0.000E+00 0.000E+00 0.000E+00 3.250E+01 2.782E-02  0.0000 0.17725
  2.000E+00 2.066E+01 2.846E+01 0.000E+00 0.000E+00 0.000E+00 0.000E+00 2.846E+01 3.771E-02  0.0000 0.19186
  2.500E+00 2.312E+01 2.373E+01 0.000E+00 0.000E+00 0.000E+00 0.000E+00 2.373E+01 5.705E-02  0.0000 0.21376
  3.000E+00 2.536E+01 2.045E+01 0.000E+00 0.000E+00 0.000E+00 0.000E+00 2.045E+01 7.982E-02  0.0000 0.23336
  3.500E+00 2.742E+01 1.805E+01 0.000E+00 0.000E+00 0.000E+00 0.000E+00 1.805E+01 1.059E-01  0.0000 0.25120
  4.000E+00 2.935E+01 1.620E+01 0.000E+00 0.000E+00 0.000E+00 0.000E+00 1.620E+01 1.352E-01  0.0000 0.26763
  4.500E+00 3.116E+01 1.473E+01 0.000E+00 0.000E+00 0.000E+00 0.000E+00 1.473E+01 1.676E-01  0.0000 0.28290
  5.000E+00 3.289E+01 1.354E+01 0.000E+00 0.000E+00 0.000E+00 0.000E+00 1.354E+01 2.031E-01  0.0000 0.29720
  5.500E+00 3.453E+01 1.254E+01 0.000E+00 0.000E+00 0.000E+00 0.000E+00 1.254E+01 2.415E-01  0.0000 0.31066
  6.000E+00 3.611E+01 1.171E+01 0.000E+00 0.000E+00 0.000E+00 0.000E+00 1.171E+01 2.827E-01  0.0000 0.32339
  7.000E+00 3.909E+01 1.037E+01 0.000E+00 0.000E+00 0.000E+00 0.000E+00 1.037E+01 3.737E-01  0.0000 0.34700
  8.000E+00 4.189E+01 9.344E+00 0.000E+00 0.000E+00 0.000E+00 0.000E+00 9.344E+00 4.755E-01  0.0000 0.36854
  9.000E+00 4.453E+01 8.534E+00 0.000E+00 0.000E+00 0.000E+00 0.000E+00 8.534E+00 5.876E-01  0.0000 0.38836
  1.000E+01 4.704E+01 7.877E+00 0.000E+00 0.000E+00 0.000E+00 0.000E+00 7.877E+00 7.097E-01  0.0000 0.40675
  1.200E+01 5.177E+01 6.874E+00 0.000E+00 0.000E+00 0.000E+00 0.000E+00 6.874E+00 9.824E-01  0.0000 0.43998
  1.400E+01 5.616E+01 6.144E+00 0.000E+00 0.000E+00 0.000E+00 0.000E+00 6.144E+00 1.291E+00  0.0000 0.46937
  1.700E+01 6.230E+01 5.358E+00 0.000E+00 0.000E+00 0.000E+00 0.000E+00 5.358E+00 1.815E+00  0.0000 0.50792
  2.000E+01 6.802E+01 4.798E+00 0.000E+00 0.000E+00 0.000E+00 0.000E+00 4.798E+00 2.409E+00  0.0000 0.54129
  2.500E+01 7.686E+01 4.155E+00 6.431E-10 0.000E+00 0.000E+00 6.431E-10 4.155E+00 3.533E+00  0.0000 0.58827
  3.000E+01 8.509E+01 3.722E+00 9.426E-08 0.000E+00 0.000E+00 9.426E-08 3.722E+00 4.808E+00  0.0000 0.62720
  3.500E+01 9.285E+01 3.411E+00 1.101E-07 0.000E+00 0.000E+00 1.101E-07 3.411E+00 6.214E+00  0.0000 0.66011
  4.000E+01 1.003E+02 3.178E+00 1.179E-07 0.000E+00 0.000E+00 1.179E-07 3.178E+00 7.734E+00  0.0000 0.68834
  4.500E+01 1.074E+02 2.998E+00 1.259E-07 0.000E+00 0.000E+00 1.259E-07 2.998E+00 9.356E+00  0.0000 0.71286
  5.000E+01 1.143E+02 2.854E+00 1.342E-07 0.000E+00 0.000E+00 1.342E-07 2.854E+00 1.107E+01  0.0000 0.73434
  5.500E+01 1.210E+02 2.737E+00 1.428E-07 0.000E+00 0.000E+00 1.428E-07 2.737E+00 1.286E+01  0.0000 0.75332
  6.000E+01 1.276E+02 2.641E+00 1.516E-07 0.000E+00 0.000E+00 1.516E-07 2.641E+00 1.472E+01  0.0000 0.77019
  7.000E+01 1.403E+02 2.493E+00 1.700E-07 0.000E+00 0.000E+00 1.700E-07 2.493E+00 1.862E+01  0.0035 0.79887
  8.000E+01 1.527E+02 2.384E+00 1.893E-07 0.000E+00 0.000E+00 1.893E-07 2.384E+00 2.272E+01  0.0130 0.82227
  9.000E+01 1.647E+02 2.302E+00 2.097E-07 0.000E+00 0.000E+00 2.097E-07 2.302E+00 2.700E+01  0.0271 0.84166
  1.000E+02 1.764E+02 2.239E+00 2.310E-07 0.000E+00 0.000E+00 2.310E-07 2.239E+00 3.140E+01  0.0448 0.85794
  1.200E+02 1.994E+02 2.149E+00 2.766E-07 0.000E+00 0.000E+00 2.766E-07 2.149E+00 4.053E+01  0.0878 0.88361
  1.400E+02 2.218E+02 2.091E+00 1.081E-06 0.000E+00 0.000E+00 1.081E-06 2.091E+00 4.998E+01  0.1376 0.90278
  1.700E+02 2.546E+02 2.036E+00 9.826E-06 9.204E-10 0.000E+00 9.827E-06 2.036E+00 6.453E+01  0.2194 0.92363
  2.000E+02 2.868E+02 2.005E+00 1.861E-05 8.724E-09 0.000E+00 1.862E-05 2.005E+00 7.939E+01  0.3051 0.93835
  2.500E+02 3.396E+02 1.979E+00 2.879E-05 1.241E-07 0.000E+00 2.891E-05 1.979E+00 1.045E+02  0.4491 0.95485
  3.000E+02 3.917E+02 1.971E+00 3.763E-05 7.865E-07 0.000E+00 3.841E-05 1.971E+00 1.299E+02  0.5895 0.96548
  3.500E+02 4.432E+02 1.971E+00 4.640E-05 2.041E-06 0.000E+00 4.844E-05 1.971E+00 1.552E+02  0.7237 0.97274
  4.000E+02 4.945E+02 1.975E+00 5.546E-05 3.875E-06 0.000E+00 5.933E-05 1.975E+00 1.806E+02  0.8511 0.97793
  4.500E+02 5.455E+02 1.982E+00 6.501E-05 6.277E-06 0.000E+00 7.129E-05 1.982E+00 2.058E+02  0.9715 0.98176
  5.000E+02 5.964E+02 1.990E+00 7.508E-05 9.232E-06 0.000E+00 8.432E-05 1.991E+00 2.310E+02  1.0853 0.98467
  5.500E+02 6.471E+02 1.999E+00 8.565E-05 1.273E-05 1.554E-05 1.139E-04 1.999E+00 2.561E+02  1.1928 0.98693
  6.000E+02 6.977E+02 2.008E+00 9.666E-05 1.674E-05 5.171E-05 1.651E-04 2.009E+00 2.810E+02  1.2945 0.98873
  7.000E+02 7.987E+02 2.027E+00 1.200E-04 2.628E-05 1.238E-04 2.700E-04 2.027E+00 3.306E+02  1.4825 0.99136
  8.000E+02 8.995E+02 2.045E+00 1.448E-04 3.771E-05 1.919E-04 3.744E-04 2.045E+00 3.797E+02  1.6528 0.99317
  9.000E+02 1.000E+03 2.061E+00 1.711E-04 5.093E-05 2.571E-04 4.792E-04 2.062E+00 4.284E+02  1.8080 0.99447
  1.000E+03 1.101E+03 2.077E+00 1.987E-04 6.583E-05 3.203E-04 5.849E-04 2.078E+00 4.767E+02  1.9506 0.99542
  1.200E+03 1.301E+03 2.106E+00 2.574E-04 1.003E-04 4.428E-04 8.005E-04 2.107E+00 5.723E+02  2.2050 0.99672
  1.400E+03 1.502E+03 2.131E+00 3.203E-04 1.404E-04 5.617E-04 1.022E-03 2.132E+00 6.666E+02  2.4270 0.99753
  1.700E+03 1.803E+03 2.164E+00 4.214E-04 2.101E-04 7.353E-04 1.367E-03 2.165E+00 8.062E+02  2.7149 0.99829
  2.000E+03 2.103E+03 2.192E+00 5.296E-04 2.898E-04 9.047E-04 1.724E-03 2.194E+00 9.439E+02  2.9629 0.99874
  2.500E+03 2.604E+03 2.230E+00 7.231E-04 4.421E-04 1.180E-03 2.345E-03 2.233E+00 1.170E+03  3.3136 0.99918
  3.000E+03 3.104E+03 2.262E+00 9.307E-04 6.151E-04 1.447E-03 2.993E-03 2.265E+00 1.392E+03  3.6094 0.99942
  3.500E+03 3.604E+03 2.288E+00 1.150E-03 8.060E-04 1.709E-03 3.665E-03 2.292E+00 1.611E+03  3.8660 0.99957
  4.000E+03 4.104E+03 2.311E+00 1.379E-03 1.028E-03 1.966E-03 4.373E-03 2.315E+00 1.828E+03  4.0933 0.99967
  4.500E+03 4.604E+03 2.330E+00 1.617E-03 1.270E-03 2.218E-03 5.106E-03 2.335E+00 2.043E+03  4.2977 0.99974
  5.000E+03 5.105E+03 2.348E+00 1.864E-03 1.527E-03 2.467E-03 5.858E-03 2.353E+00 2.257E+03  4.4835 0.99979
  5.500E+03 5.605E+03 2.363E+00 2.117E-03 1.798E-03 2.712E-03 6.627E-03 2.370E+00 2.468E+03  4.6540 0.99982
  6.000E+03 6.105E+03 2.377E+00 2.377E-03 2.080E-03 2.955E-03 7.413E-03 2.384E+00 2.679E+03  4.8115 0.99985
  7.000E+03 7.105E+03 2.401E+00 2.915E-03 2.678E-03 3.432E-03 9.026E-03 2.410E+00 3.096E+03  5.0946 0.99989
  8.000E+03 8.105E+03 2.422E+00 3.474E-03 3.315E-03 3.900E-03 1.069E-02 2.432E+00 3.509E+03  5.3437 0.99992
  9.000E+03 9.105E+03 2.439E+00 4.050E-03 3.987E-03 4.361E-03 1.240E-02 2.452E+00 3.918E+03  5.5661 0.99993
  1.000E+04 1.011E+04 2.455E+00 4.642E-03 4.689E-03 4.816E-03 1.415E-02 2.469E+00 4.325E+03  5.7668 0.99995
  1.200E+04 1.211E+04 2.481E+00 5.868E-03 6.173E-03 5.709E-03 1.775E-02 2.499E+00 5.130E+03  6.1175 0.99996
  1.400E+04 1.411E+04 2.503E+00 7.143E-03 7.750E-03 6.586E-03 2.148E-02 2.525E+00 5.926E+03  6.4167 0.99997
  1.700E+04 1.711E+04 2.530E+00 9.131E-03 1.026E-02 7.876E-03 2.727E-02 2.557E+00 7.106E+03  6.7963 0.99998
  2.000E+04 2.011E+04 2.552E+00 1.119E-02 1.291E-02 9.144E-03 3.325E-02 2.585E+00 8.273E+03  7.1159 0.99999
  2.500E+04 2.511E+04 2.582E+00 1.477E-02 1.759E-02 1.122E-02 4.358E-02 2.625E+00 1.019E+04  7.5566 0.99999
  3.000E+04 3.011E+04 2.605E+00 1.848E-02 2.254E-02 1.326E-02 5.428E-02 2.659E+00 1.208E+04  7.9179 0.99999
  3.500E+04 3.511E+04 2.624E+00 2.231E-02 2.770E-02 1.528E-02 6.529E-02 2.690E+00 1.395E+04  8.2241 1.00000
  4.000E+04 4.011E+04 2.641E+00 2.623E-02 3.304E-02 1.728E-02 7.655E-02 2.718E+00 1.580E+04  8.4896 1.00000
  4.500E+04 4.511E+04 2.655E+00 3.024E-02 3.852E-02 1.927E-02 8.804E-02 2.744E+00 1.763E+04  8.7241 1.00000
  5.000E+04 5.011E+04 2.668E+00 3.432E-02 4.415E-02 2.125E-02 9.972E-02 2.768E+00 1.945E+04  8.9340 1.00000
  5.500E+04 5.511E+04 2.680E+00 3.847E-02 4.989E-02 2.322E-02 1.116E-01 2.791E+00 2.125E+04  9.1239 1.00000
  6.000E+04 6.011E+04 2.690E+00 4.267E-02 5.573E-02 2.518E-02 1.236E-01 2.814E+00 2.303E+04  9.2974 1.00000
  7.000E+04 7.011E+04 2.708E+00 5.125E-02 6.768E-02 2.909E-02 1.480E-01 2.856E+00 2.656E+04  9.6049 1.00000
  8.000E+04 8.011E+04 2.724E+00 6.000E-02 7.994E-02 3.300E-02 1.729E-01 2.897E+00 3.003E+04  9.8714 1.00000
  9.000E+04 9.011E+04 2.738E+00 6.891E-02 9.245E-02 3.689E-02 1.983E-01 2.936E+00 3.346E+04 10.1066 1.00000
  1.000E+05 1.001E+05 2.750E+00 7.796E-02 1.052E-01 4.079E-02 2.239E-01 2.974E+00 3.685E+04 10.3170 1.00000
  1.200E+05 1.201E+05 2.771E+00 9.640E-02 1.312E-01 4.858E-02 2.762E-01 3.047E+00 4.349E+04 10.6811 1.00000
  1.400E+05 1.401E+05 2.788E+00 1.152E-01 1.578E-01 5.639E-02 3.294E-01 3.118E+00 4.998E+04 10.9891 1.00000
  1.700E+05 1.701E+05 2.810E+00 1.441E-01 1.986E-01 6.813E-02 4.108E-01 3.221E+00 5.945E+04 11.3771 1.00000
  2.000E+05 2.001E+05 2.828E+00 1.735E-01 2.402E-01 7.994E-02 4.937E-01 3.322E+00 6.862E+04 11.7019 1.00000
  2.500E+05 2.501E+05 2.853E+00 2.236E-01 3.110E-01 9.975E-02 6.344E-01 3.488E+00 8.330E+04 12.1480 1.00000
  3.000E+05 3.001E+05 2.874E+00 2.747E-01 3.831E-01 1.197E-01 7.775E-01 3.651E+00 9.731E+04 12.5124 1.00000
  3.500E+05 3.501E+05 2.891E+00 3.266E-01 4.562E-01 1.399E-01 9.227E-01 3.814E+00 1.107E+05 12.8206 1.00000
  4.000E+05 4.001E+05 2.906E+00 3.792E-01 5.301E-01 1.602E-01 1.069E+00 3.976E+00 1.235E+05 13.0876 1.00000
  4.500E+05 4.501E+05 2.919E+00 4.323E-01 6.046E-01 1.807E-01 1.218E+00 4.137E+00 1.359E+05 13.3231 1.00000
  5.000E+05 5.001E+05 2.931E+00 4.859E-01 6.797E-01 2.013E-01 1.367E+00 4.298E+00 1.477E+05 13.5338 1.00000
  5.500E+05 5.501E+05 2.942E+00 5.400E-01 7.552E-01 2.221E-01 1.517E+00 4.459E+00 1.592E+05 13.7244 1.00000
  6.000E+05 6.001E+05 2.952E+00 5.944E-01 8.311E-01 2.430E-01 1.668E+00 4.620E+00 1.702E+05 13.8983 1.00000
  7.000E+05 7.001E+05 2.969E+00 7.041E-01 9.839E-01 2.852E-01 1.973E+00 4.943E+00 1.911E+05 14.2066 1.00000
  8.000E+05 8.001E+05 2.985E+00 8.150E-01 1.138E+00 3.279E-01 2.281E+00 5.265E+00 2.107E+05 14.4736 1.00000
  9.000E+05 9.001E+05 2.998E+00 9.267E-01 1.292E+00 3.709E-01 2.590E+00 5.588E+00 2.291E+05 14.7091 1.00000
  1.000E+06 1.000E+06 3.010E+00 1.039E+00 1.448E+00 4.144E-01 2.902E+00 5.912E+00 2.465E+05 14.9198 1.00000
  1.200E+06 1.200E+06 3.031E+00 1.266E+00 1.761E+00 5.025E-01 3.529E+00 6.560E+00 2.786E+05 15.2845 1.00000
  1.400E+06 1.400E+06 3.049E+00 1.495E+00 2.075E+00 5.918E-01 4.162E+00 7.211E+00 3.077E+05 15.5927 1.00000
  1.700E+06 1.700E+06 3.072E+00 1.841E+00 2.549E+00 7.280E-01 5.118E+00 8.190E+00 3.467E+05 15.9810 1.00000
  2.000E+06 2.000E+06 3.091E+00 2.190E+00 3.025E+00 8.665E-01 6.082E+00 9.172E+00 3.813E+05 16.3060 1.00000
  2.500E+06 2.500E+06 3.117E+00 2.776E+00 3.823E+00 1.102E+00 7.700E+00 1.082E+01 4.315E+05 16.7523 1.00000
  3.000E+06 3.000E+06 3.139E+00 3.367E+00 4.623E+00 1.341E+00 9.331E+00 1.247E+01 4.745E+05 17.1169 1.00000
  3.500E+06 3.500E+06 3.157E+00 3.960E+00 5.426E+00 1.585E+00 1.097E+01 1.413E+01 5.121E+05 17.4252 1.00000
  4.000E+06 4.000E+06 3.173E+00 4.557E+00 6.230E+00 1.833E+00 1.262E+01 1.579E+01 5.456E+05 17.6923 1.00000
  4.500E+06 4.500E+06 3.188E+00 5.155E+00 7.036E+00 2.083E+00 1.427E+01 1.746E+01 5.757E+05 17.9278 1.00000
  5.000E+06 5.000E+06 3.200E+00 5.755E+00 7.844E+00 2.337E+00 1.594E+01 1.914E+01 6.030E+05 18.1385 1.00000
  5.500E+06 5.500E+06 3.212E+00 6.357E+00 8.652E+00 2.593E+00 1.760E+01 2.081E+01 6.281E+05 18.3292 1.00000
  6.000E+06 6.000E+06 3.223E+00 6.960E+00 9.460E+00 2.851E+00 1.927E+01 2.249E+01 6.512E+05 18.5032 1.00000
  7.000E+06 7.000E+06 3.242E+00 8.168E+00 1.108E+01 3.375E+00 2.262E+01 2.587E+01 6.926E+05 18.8115 1.00000
  8.000E+06 8.000E+06 3.258E+00 9.380E+00 1.270E+01 3.907E+00 2.599E+01 2.925E+01 7.289E+05 19.0785 1.00000
  9.000E+06 9.000E+06 3.273E+00 1.059E+01 1.432E+01 4.447E+00 2.937E+01 3.264E+01 7.613E+05 19.3141 1.00000
  1.000E+07 1.000E+07 3.286E+00 1.181E+01 1.595E+01 4.992E+00 3.275E+01 3.604E+01 7.904E+05 19.5248 1.00000
  1.200E+07 1.200E+07 3.309E+00 1.425E+01 1.920E+01 6.101E+00 3.955E+01 4.286E+01 8.413E+05 19.8895 1.00000
  1.400E+07 1.400E+07 3.329E+00 1.669E+01 2.246E+01 7.231E+00 4.638E+01 4.971E+01 8.846E+05 20.1978 1.00000
  1.700E+07 1.700E+07 3.354E+00 2.037E+01 2.734E+01 8.958E+00 5.667E+01 6.002E+01 9.394E+05 20.5861 1.00000
  2.000E+07 2.000E+07 3.375E+00 2.405E+01 3.223E+01 1.072E+01 6.700E+01 7.038E+01 9.855E+05 20.9111 1.00000
  2.500E+07 2.500E+07 3.404E+00 3.019E+01 4.039E+01 1.372E+01 8.431E+01 8.771E+01 1.049E+06 21.3574 1.00000
  3.000E+07 3.000E+07 3.428E+00 3.635E+01 4.855E+01 1.679E+01 1.017E+02 1.051E+02 1.101E+06 21.7220 1.00000
  3.500E+07 3.500E+07 3.449E+00 4.251E+01 5.672E+01 1.992E+01 1.191E+02 1.226E+02 1.145E+06 22.0303 1.00000
  4.000E+07 4.000E+07 3.466E+00 4.867E+01 6.489E+01 2.310E+01 1.367E+02 1.401E+02 1.183E+06 22.2974 1.00000
  4.500E+07 4.500E+07 3.482E+00 5.484E+01 7.306E+01 2.633E+01 1.542E+02 1.577E+02 1.217E+06 22.5330 1.00000
  5.000E+07 5.000E+07 3.497E+00 6.102E+01 8.123E+01 2.959E+01 1.718E+02 1.753E+02 1.247E+06 22.7437 1.00000
  5.500E+07 5.500E+07 3.510E+00 6.719E+01 8.941E+01 3.290E+01 1.895E+02 1.930E+02 1.274E+06 22.9343 1.00000
  6.000E+07 6.000E+07 3.521E+00 7.337E+01 9.758E+01 3.624E+01 2.072E+02 2.107E+02 1.299E+06 23.1083 1.00000
  7.000E+07 7.000E+07 3.543E+00 8.573E+01 1.139E+02 4.302E+01 2.427E+02 2.462E+02 1.343E+06 23.4166 1.00000
  8.000E+07 8.000E+07 3.561E+00 9.810E+01 1.303E+02 4.991E+01 2.783E+02 2.819E+02 1.381E+06 23.6837 1.00000
  9.000E+07 9.000E+07 3.577E+00 1.105E+02 1.466E+02 5.690E+01 3.140E+02 3.176E+02 1.414E+06 23.9193 1.00000
  1.000E+08 1.000E+08 3.592E+00 1.228E+02 1.630E+02 6.398E+01 3.498E+02 3.534E+02 1.444E+06 24.1300 1.00000
  1.200E+08 1.200E+08 3.618E+00 1.476E+02 1.957E+02 7.840E+01 4.217E+02 4.254E+02 1.495E+06 24.4946 1.00000
  1.400E+08 1.400E+08 3.640E+00 1.724E+02 2.285E+02 9.310E+01 4.939E+02 4.976E+02 1.539E+06 24.8029 1.00000
  1.700E+08 1.700E+08 3.667E+00 2.095E+02 2.776E+02 1.156E+02 6.027E+02 6.064E+02 1.593E+06 25.1912 1.00000
  2.000E+08 2.000E+08 3.691E+00 2.467E+02 3.267E+02 1.386E+02 7.120E+02 7.157E+02 1.639E+06 25.5163 1.00000
  2.500E+08 2.500E+08 3.723E+00 3.087E+02 4.085E+02 1.778E+02 8.950E+02 8.987E+02 1.701E+06 25.9626 1.00000
  3.000E+08 3.000E+08 3.750E+00 3.706E+02 4.904E+02 2.180E+02 1.079E+03 1.083E+03 1.752E+06 26.3272 1.00000
  3.500E+08 3.500E+08 3.773E+00 4.326E+02 5.722E+02 2.590E+02 1.264E+03 1.268E+03 1.794E+06 26.6355 1.00000
  4.000E+08 4.000E+08 3.793E+00 4.946E+02 6.541E+02 3.007E+02 1.449E+03 1.453E+03 1.831E+06 26.9026 1.00000
  4.500E+08 4.500E+08 3.811E+00 5.566E+02 7.360E+02 3.431E+02 1.636E+03 1.639E+03 1.864E+06 27.1381 1.00000
  5.000E+08 5.000E+08 3.827E+00 6.186E+02 8.178E+02 3.860E+02 1.822E+03 1.826E+03 1.892E+06 27.3488 1.00000
  5.500E+08 5.500E+08 3.841E+00 6.806E+02 8.997E+02 4.295E+02 2.010E+03 2.014E+03 1.918E+06 27.5395 1.00000
  6.000E+08 6.000E+08 3.854E+00 7.426E+02 9.816E+02 4.734E+02 2.198E+03 2.201E+03 1.942E+06 27.7135 1.00000
  7.000E+08 7.000E+08 3.878E+00 8.666E+02 1.145E+03 5.627E+02 2.575E+03 2.578E+03 1.984E+06 28.0218 1.00000
  8.000E+08 8.000E+08 3.899E+00 9.906E+02 1.309E+03 6.535E+02 2.953E+03 2.957E+03 2.020E+06 28.2888 1.00000
  9.000E+08 9.000E+08 3.917E+00 1.115E+03 1.473E+03 7.457E+02 3.333E+03 3.337E+03 2.052E+06 28.5243 1.00000
  1.000E+09 1.000E+09 3.933E+00 1.239E+03 1.637E+03 8.392E+02 3.714E+03 3.718E+03 2.081E+06 28.7350 1.00000
  1.200E+09 1.200E+09 3.962E+00 1.487E+03 1.964E+03 1.030E+03 4.480E+03 4.484E+03 2.129E+06 29.0997 1.00000
  1.400E+09 1.400E+09 3.986E+00 1.735E+03 2.292E+03 1.224E+03 5.250E+03 5.254E+03 2.171E+06 29.4076 1.00000
  1.700E+09 1.700E+09 4.017E+00 2.107E+03 2.783E+03 1.522E+03 6.412E+03 6.416E+03 2.222E+06 29.7959 1.00000
  2.000E+09 2.000E+09 4.044E+00 2.479E+03 3.274E+03 1.827E+03 7.580E+03 7.584E+03 2.265E+06 30.1194 1.00000
  2.500E+09 2.500E+09 4.080E+00 3.099E+03 4.093E+03 2.348E+03 9.540E+03 9.544E+03 2.324E+06 30.5657 1.00000
  3.000E+09 3.000E+09 4.111E+00 3.719E+03 4.912E+03 2.882E+03 1.151E+04 1.152E+04 2.371E+06 30.9238 1.00000
  3.500E+09 3.500E+09 4.136E+00 4.340E+03 5.731E+03 3.427E+03 1.350E+04 1.350E+04 2.412E+06 31.2321 1.00000
  4.000E+09 4.000E+09 4.158E+00 4.960E+03 6.550E+03 3.983E+03 1.549E+04 1.550E+04 2.446E+06 31.4992 1.00000
  4.500E+09 4.500E+09 4.181E+00 5.580E+03 7.369E+03 4.547E+03 1.750E+04 1.750E+04 2.476E+06 31.7056 1.00000
  5.000E+09 5.000E+09 4.198E+00 6.200E+03 8.187E+03 5.120E+03 1.951E+04 1.951E+04 2.503E+06 31.9163 1.00000
  5.500E+09 5.500E+09 4.215E+00 6.820E+03 9.006E+03 5.700E+03 2.153E+04 2.153E+04 2.528E+06 32.1070 1.00000
  6.000E+09 6.000E+09 4.229E+00 7.441E+03 9.825E+03 6.287E+03 2.355E+04 2.356E+04 2.550E+06 32.2810 1.00000
  7.000E+09 7.000E+09 4.256E+00 8.681E+03 1.146E+04 7.480E+03 2.762E+04 2.763E+04 2.589E+06 32.5893 1.00000
  8.000E+09 8.000E+09 4.292E+00 9.922E+03 1.310E+04 8.695E+03 3.172E+04 3.172E+04 2.623E+06 32.7009 1.00000
  9.000E+09 9.000E+09 4.313E+00 1.116E+04 1.474E+04 9.930E+03 3.583E+04 3.583E+04 2.653E+06 32.9364 1.00000
  1.000E+10 1.000E+10 4.331E+00 1.240E+04 1.638E+04 1.118E+04 3.996E+04 3.997E+04 2.679E+06 33.1472 1.00000
  1.200E+10 1.200E+10 4.363E+00 1.488E+04 1.965E+04 1.374E+04 4.827E+04 4.828E+04 2.725E+06 33.5118 1.00000
  1.400E+10 1.400E+10 4.390E+00 1.736E+04 2.293E+04 1.635E+04 5.664E+04 5.664E+04 2.763E+06 33.8201 1.00000
  1.700E+10 1.700E+10 4.425E+00 2.109E+04 2.784E+04 2.036E+04 6.928E+04 6.929E+04 2.811E+06 34.2084 1.00000
  2.000E+10 2.000E+10 4.454E+00 2.481E+04 3.275E+04 2.446E+04 8.202E+04 8.203E+04 2.850E+06 34.5335 1.00000
  2.500E+10 2.500E+10 4.495E+00 3.101E+04 4.094E+04 3.148E+04 1.034E+05 1.034E+05 2.904E+06 34.9797 1.00000
  3.000E+10 3.000E+10 4.528E+00 3.721E+04 4.913E+04 3.870E+04 1.250E+05 1.250E+05 2.948E+06 35.3444 1.00000
  3.500E+10 3.500E+10 4.557E+00 4.341E+04 5.732E+04 4.607E+04 1.468E+05 1.468E+05 2.985E+06 35.6527 1.00000
  4.000E+10 4.000E+10 4.582E+00 4.962E+04 6.551E+04 5.359E+04 1.687E+05 1.687E+05 3.017E+06 35.9198 1.00000
  4.500E+10 4.500E+10 4.604E+00 5.582E+04 7.370E+04 6.124E+04 1.908E+05 1.908E+05 3.045E+06 36.1553 1.00000
  5.000E+10 5.000E+10 4.624E+00 6.202E+04 8.188E+04 6.901E+04 2.129E+05 2.129E+05 3.070E+06 36.3660 1.00000
  5.500E+10 5.500E+10 4.642E+00 6.822E+04 9.007E+04 7.688E+04 2.352E+05 2.352E+05 3.092E+06 36.5567 1.00000
  6.000E+10 6.000E+10 4.659E+00 7.442E+04 9.826E+04 8.486E+04 2.575E+05 2.575E+05 3.112E+06 36.7307 1.00000
  7.000E+10 7.000E+10 4.688E+00 8.683E+04 1.146E+05 1.011E+05 3.025E+05 3.025E+05 3.148E+06 37.0390 1.00000
  8.000E+10 8.000E+10 4.714E+00 9.923E+04 1.310E+05 1.176E+05 3.478E+05 3.479E+05 3.179E+06 37.3060 1.00000
  9.000E+10 9.000E+10 4.737E+00 1.116E+05 1.474E+05 1.344E+05 3.935E+05 3.935E+05 3.206E+06 37.5416 1.00000
  1.000E+11 1.000E+11 4.757E+00 1.240E+05 1.638E+05 1.515E+05 4.393E+05 4.393E+05 3.230E+06 37.7523 1.00000
  1.200E+11 1.200E+11 4.793E+00 1.488E+05 1.965E+05 1.864E+05 5.317E+05 5.318E+05 3.271E+06 38.1170 1.00000
  1.400E+11 1.400E+11 4.824E+00 1.737E+05 2.293E+05 2.221E+05 6.250E+05 6.250E+05 3.306E+06 38.4253 1.00000
  1.700E+11 1.700E+11 4.863E+00 2.109E+05 2.784E+05 2.769E+05 7.662E+05 7.662E+05 3.349E+06 38.8136 1.00000
  2.000E+11 2.000E+11 4.895E+00 2.481E+05 3.275E+05 3.332E+05 9.088E+05 9.088E+05 3.385E+06 39.1386 1.00000
  2.500E+11 2.500E+11 4.941E+00 3.101E+05 4.094E+05 4.296E+05 1.149E+06 1.149E+06 3.434E+06 39.5849 1.00000
  3.000E+11 3.000E+11 4.978E+00 3.721E+05 4.913E+05 5.287E+05 1.392E+06 1.392E+06 3.473E+06 39.9496 1.00000
  3.500E+11 3.500E+11 5.010E+00 4.341E+05 5.732E+05 6.303E+05 1.638E+06 1.638E+06 3.507E+06 40.2579 1.00000
  4.000E+11 4.000E+11 5.038E+00 4.962E+05 6.551E+05 7.340E+05 1.885E+06 1.885E+06 3.535E+06 40.5249 1.00000
  4.500E+11 4.500E+11 5.063E+00 5.582E+05 7.369E+05 8.396E+05 2.135E+06 2.135E+06 3.560E+06 40.7605 1.00000
  5.000E+11 5.000E+11 5.085E+00 6.202E+05 8.188E+05 9.469E+05 2.386E+06 2.386E+06 3.582E+06 40.9712 1.00000
  5.500E+11 5.500E+11 5.105E+00 6.822E+05 9.007E+05 1.056E+06 2.639E+06 2.639E+06 3.602E+06 41.1618 1.00000
  6.000E+11 6.000E+11 5.123E+00 7.443E+05 9.826E+05 1.166E+06 2.893E+06 2.893E+06 3.620E+06 41.3359 1.00000
  7.000E+11 7.000E+11 5.156E+00 8.683E+05 1.146E+06 1.391E+06 3.405E+06 3.405E+06 3.652E+06 41.6442 1.00000
  8.000E+11 8.000E+11 5.185E+00 9.923E+05 1.310E+06 1.620E+06 3.922E+06 3.922E+06 3.679E+06 41.9112 1.00000
  9.000E+11 9.000E+11 5.211E+00 1.116E+06 1.474E+06 1.853E+06 4.444E+06 4.444E+06 3.703E+06 42.1468 1.00000
  1.000E+12 1.000E+12 5.234E+00 1.240E+06 1.638E+06 2.091E+06 4.969E+06 4.969E+06 3.724E+06 42.3575 1.00000
