 Incident particle is a Muon with M = 105.65839 MeV
 Index = 0: NPentane
      Absorber with <Z/A> = 0.58212
 Density effect computed following Fano (1963)
 Models for Radloss: brems =  SSR, pair =  SSR, photonuc = DRSS

 *** Table generated with PUMAS v1.1 ***

      T         p     Ionization  brems     pair     photonuc  Radloss    dE/dx   CSDA Range  delta   beta
    [MeV]    [MeV/c]  -----------------------[MeV cm^2/g]------------------------  [g/cm^2]
  1.000E+00 1.457E+01 5.622E+01 0.000E+00 0.000E+00 0.000E+00 0.000E+00 5.622E+01 8.894E-03  0.0000 0.13661
  1.200E+00 1.597E+01 4.842E+01 0.000E+00 0.000E+00 0.000E+00 0.000E+00 4.842E+01 1.274E-02  0.0000 0.14944
  1.400E+00 1.726E+01 4.266E+01 0.000E+00 0.000E+00 0.000E+00 0.000E+00 4.266E+01 1.715E-02  0.0000 0.16119
  1.700E+00 1.903E+01 3.636E+01 0.000E+00 0.000E+00 0.000E+00 0.000E+00 3.636E+01 2.479E-02  0.0000 0.17725
  2.000E+00 2.066E+01 3.181E+01 0.000E+00 0.000E+00 0.000E+00 0.000E+00 3.181E+01 3.364E-02  0.0000 0.19186
  2.500E+00 2.312E+01 2.647E+01 0.000E+00 0.000E+00 0.000E+00 0.000E+00 2.647E+01 5.095E-02  0.0000 0.21376
  3.000E+00 2.536E+01 2.279E+01 0.000E+00 0.000E+00 0.000E+00 0.000E+00 2.279E+01 7.138E-02  0.0000 0.23336
  3.500E+00 2.742E+01 2.008E+01 0.000E+00 0.000E+00 0.000E+00 0.000E+00 2.008E+01 9.481E-02  0.0000 0.25120
  4.000E+00 2.935E+01 1.801E+01 0.000E+00 0.000E+00 0.000E+00 0.000E+00 1.801E+01 1.211E-01  0.0000 0.26763
  4.500E+00 3.116E+01 1.637E+01 0.000E+00 0.000E+00 0.000E+00 0.000E+00 1.637E+01 1.503E-01  0.0000 0.28290
  5.000E+00 3.289E+01 1.503E+01 0.000E+00 0.000E+00 0.000E+00 0.000E+00 1.503E+01 1.822E-01  0.0000 0.29720
  5.500E+00 3.453E+01 1.392E+01 0.000E+00 0.000E+00 0.000E+00 0.000E+00 1.392E+01 2.168E-01  0.0000 0.31066
  6.000E+00 3.611E+01 1.299E+01 0.000E+00 0.000E+00 0.000E+00 0.000E+00 1.299E+01 2.540E-01  0.0000 0.32339
  7.000E+00 3.909E+01 1.149E+01 0.000E+00 0.000E+00 0.000E+00 0.000E+00 1.149E+01 3.360E-01  0.0000 0.34700
  8.000E+00 4.189E+01 1.035E+01 0.000E+00 0.000E+00 0.000E+00 0.000E+00 1.035E+01 4.279E-01  0.0000 0.36854
  9.000E+00 4.453E+01 9.448E+00 0.000E+00 0.000E+00 0.000E+00 0.000E+00 9.448E+00 5.291E-01  0.0000 0.38836
  1.000E+01 4.704E+01 8.716E+00 0.000E+00 0.000E+00 0.000E+00 0.000E+00 8.716E+00 6.395E-01  0.0000 0.40675
  1.200E+01 5.177E+01 7.600E+00 0.000E+00 0.000E+00 0.000E+00 0.000E+00 7.600E+00 8.860E-01  0.0000 0.43998
  1.400E+01 5.616E+01 6.788E+00 0.000E+00 0.000E+00 0.000E+00 0.000E+00 6.788E+00 1.165E+00  0.0000 0.46937
  1.700E+01 6.230E+01 5.914E+00 0.000E+00 0.000E+00 0.000E+00 0.000E+00 5.914E+00 1.640E+00  0.0000 0.50792
  2.000E+01 6.802E+01 5.293E+00 0.000E+00 0.000E+00 0.000E+00 0.000E+00 5.293E+00 2.178E+00  0.0000 0.54129
  2.500E+01 7.686E+01 4.580E+00 1.097E-09 0.000E+00 0.000E+00 1.097E-09 4.580E+00 3.197E+00  0.0000 0.58827
  3.000E+01 8.509E+01 4.100E+00 1.609E-07 0.000E+00 0.000E+00 1.609E-07 4.100E+00 4.354E+00  0.0000 0.62720
  3.500E+01 9.285E+01 3.756E+00 1.879E-07 0.000E+00 0.000E+00 1.879E-07 3.756E+00 5.631E+00  0.0000 0.66011
  4.000E+01 1.003E+02 3.498E+00 2.012E-07 0.000E+00 0.000E+00 2.012E-07 3.498E+00 7.012E+00  0.0000 0.68834
  4.500E+01 1.074E+02 3.297E+00 2.149E-07 0.000E+00 0.000E+00 2.149E-07 3.297E+00 8.486E+00  0.0000 0.71286
  5.000E+01 1.143E+02 3.138E+00 2.291E-07 0.000E+00 0.000E+00 2.291E-07 3.138E+00 1.004E+01  0.0000 0.73434
  5.500E+01 1.210E+02 3.009E+00 2.437E-07 0.000E+00 0.000E+00 2.437E-07 3.009E+00 1.167E+01  0.0000 0.75332
  6.000E+01 1.276E+02 2.903E+00 2.587E-07 0.000E+00 0.000E+00 2.587E-07 2.903E+00 1.336E+01  0.0000 0.77019
  7.000E+01 1.403E+02 2.739E+00 2.901E-07 0.000E+00 0.000E+00 2.901E-07 2.739E+00 1.691E+01  0.0000 0.79887
  8.000E+01 1.527E+02 2.619E+00 3.231E-07 0.000E+00 0.000E+00 3.231E-07 2.619E+00 2.065E+01  0.0036 0.82227
  9.000E+01 1.647E+02 2.529E+00 3.579E-07 0.000E+00 0.000E+00 3.579E-07 2.529E+00 2.454E+01  0.0143 0.84166
  1.000E+02 1.764E+02 2.458E+00 3.942E-07 0.000E+00 0.000E+00 3.942E-07 2.458E+00 2.855E+01  0.0304 0.85794
  1.200E+02 1.994E+02 2.358E+00 4.720E-07 0.000E+00 0.000E+00 4.720E-07 2.358E+00 3.687E+01  0.0743 0.88361
  1.400E+02 2.218E+02 2.292E+00 4.577E-06 0.000E+00 0.000E+00 4.577E-06 2.292E+00 4.548E+01  0.1284 0.90278
  1.700E+02 2.546E+02 2.230E+00 1.166E-05 1.108E-09 0.000E+00 1.166E-05 2.230E+00 5.877E+01  0.2195 0.92363
  2.000E+02 2.868E+02 2.194E+00 1.619E-05 8.191E-09 0.000E+00 1.619E-05 2.194E+00 7.234E+01  0.3156 0.93835
  2.500E+02 3.396E+02 2.163E+00 2.238E-05 9.890E-08 0.000E+00 2.248E-05 2.163E+00 9.532E+01  0.4764 0.95485
  3.000E+02 3.917E+02 2.151E+00 2.831E-05 6.046E-07 0.000E+00 2.892E-05 2.151E+00 1.185E+02  0.6309 0.96548
  3.500E+02 4.432E+02 2.149E+00 3.464E-05 1.557E-06 0.000E+00 3.620E-05 2.149E+00 1.418E+02  0.7765 0.97274
  4.000E+02 4.945E+02 2.153E+00 4.144E-05 2.948E-06 0.000E+00 4.438E-05 2.153E+00 1.650E+02  0.9127 0.97793
  4.500E+02 5.455E+02 2.159E+00 4.865E-05 4.767E-06 0.000E+00 5.342E-05 2.159E+00 1.882E+02  1.0400 0.98176
  5.000E+02 5.964E+02 2.167E+00 5.629E-05 7.004E-06 0.000E+00 6.329E-05 2.167E+00 2.113E+02  1.1591 0.98467
  5.500E+02 6.471E+02 2.176E+00 6.430E-05 9.648E-06 1.570E-05 8.964E-05 2.176E+00 2.344E+02  1.2706 0.98693
  6.000E+02 6.977E+02 2.185E+00 7.266E-05 1.269E-05 5.222E-05 1.376E-04 2.185E+00 2.573E+02  1.3755 0.98873
  7.000E+02 7.987E+02 2.204E+00 9.040E-05 1.990E-05 1.250E-04 2.353E-04 2.204E+00 3.029E+02  1.5678 0.99136
  8.000E+02 8.995E+02 2.222E+00 1.094E-04 2.854E-05 1.939E-04 3.319E-04 2.222E+00 3.481E+02  1.7405 0.99317
  9.000E+02 1.000E+03 2.239E+00 1.295E-04 3.854E-05 2.600E-04 4.280E-04 2.240E+00 3.929E+02  1.8971 0.99447
  1.000E+03 1.101E+03 2.256E+00 1.506E-04 4.980E-05 3.240E-04 5.245E-04 2.257E+00 4.374E+02  2.0405 0.99542
  1.200E+03 1.301E+03 2.286E+00 1.958E-04 7.584E-05 4.482E-04 7.198E-04 2.287E+00 5.254E+02  2.2952 0.99672
  1.400E+03 1.502E+03 2.313E+00 2.442E-04 1.062E-04 5.688E-04 9.192E-04 2.314E+00 6.123E+02  2.5171 0.99753
  1.700E+03 1.803E+03 2.348E+00 3.224E-04 1.588E-04 7.451E-04 1.226E-03 2.349E+00 7.409E+02  2.8048 0.99829
  2.000E+03 2.103E+03 2.378E+00 4.063E-04 2.191E-04 9.174E-04 1.543E-03 2.379E+00 8.678E+02  3.0530 0.99874
  2.500E+03 2.604E+03 2.418E+00 5.568E-04 3.341E-04 1.197E-03 2.088E-03 2.420E+00 1.076E+03  3.4054 0.99918
  3.000E+03 3.104E+03 2.451E+00 7.187E-04 4.649E-04 1.470E-03 2.654E-03 2.454E+00 1.281E+03  3.7041 0.99942
  3.500E+03 3.604E+03 2.479E+00 8.899E-04 6.092E-04 1.737E-03 3.236E-03 2.482E+00 1.484E+03  3.9643 0.99957
  4.000E+03 4.104E+03 2.503E+00 1.070E-03 7.816E-04 1.999E-03 3.851E-03 2.506E+00 1.684E+03  4.1955 0.99967
  4.500E+03 4.604E+03 2.523E+00 1.257E-03 9.719E-04 2.257E-03 4.486E-03 2.528E+00 1.883E+03  4.4036 0.99974
  5.000E+03 5.105E+03 2.541E+00 1.451E-03 1.174E-03 2.512E-03 5.136E-03 2.546E+00 2.080E+03  4.5929 0.99979
  5.500E+03 5.605E+03 2.557E+00 1.650E-03 1.386E-03 2.763E-03 5.799E-03 2.563E+00 2.276E+03  4.7666 0.99982
  6.000E+03 6.105E+03 2.572E+00 1.855E-03 1.608E-03 3.011E-03 6.474E-03 2.578E+00 2.470E+03  4.9270 0.99985
  7.000E+03 7.105E+03 2.597E+00 2.279E-03 2.080E-03 3.499E-03 7.858E-03 2.605E+00 2.856E+03  5.2149 0.99989
  8.000E+03 8.105E+03 2.618E+00 2.721E-03 2.582E-03 3.979E-03 9.283E-03 2.628E+00 3.238E+03  5.4677 0.99992
  9.000E+03 9.105E+03 2.637E+00 3.178E-03 3.113E-03 4.452E-03 1.074E-02 2.648E+00 3.617E+03  5.6929 0.99993
  1.000E+04 1.011E+04 2.653E+00 3.647E-03 3.668E-03 4.918E-03 1.223E-02 2.665E+00 3.994E+03  5.8958 0.99995
  1.200E+04 1.211E+04 2.681E+00 4.621E-03 4.843E-03 5.836E-03 1.530E-02 2.696E+00 4.740E+03  6.2496 0.99996
  1.400E+04 1.411E+04 2.704E+00 5.633E-03 6.093E-03 6.737E-03 1.846E-02 2.723E+00 5.478E+03  6.5509 0.99997
  1.700E+04 1.711E+04 2.732E+00 7.216E-03 8.085E-03 8.064E-03 2.336E-02 2.756E+00 6.573E+03  6.9324 0.99998
  2.000E+04 2.011E+04 2.756E+00 8.862E-03 1.019E-02 9.369E-03 2.843E-02 2.784E+00 7.656E+03  7.2532 0.99999
  2.500E+04 2.511E+04 2.787E+00 1.172E-02 1.392E-02 1.151E-02 3.715E-02 2.824E+00 9.438E+03  7.6950 0.99999
  3.000E+04 3.011E+04 2.812E+00 1.469E-02 1.787E-02 1.361E-02 4.617E-02 2.858E+00 1.120E+04  8.0570 0.99999
  3.500E+04 3.511E+04 2.832E+00 1.776E-02 2.199E-02 1.570E-02 5.545E-02 2.888E+00 1.294E+04  8.3635 1.00000
  4.000E+04 4.011E+04 2.850E+00 2.090E-02 2.626E-02 1.776E-02 6.493E-02 2.915E+00 1.466E+04  8.6294 1.00000
  4.500E+04 4.511E+04 2.865E+00 2.412E-02 3.065E-02 1.982E-02 7.459E-02 2.940E+00 1.637E+04  8.8640 1.00000
  5.000E+04 5.011E+04 2.879E+00 2.740E-02 3.516E-02 2.186E-02 8.442E-02 2.963E+00 1.806E+04  9.0740 1.00000
  5.500E+04 5.511E+04 2.891E+00 3.073E-02 3.976E-02 2.390E-02 9.439E-02 2.985E+00 1.974E+04  9.2641 1.00000
  6.000E+04 6.011E+04 2.902E+00 3.412E-02 4.445E-02 2.593E-02 1.045E-01 3.006E+00 2.141E+04  9.4376 1.00000
  7.000E+04 7.011E+04 2.921E+00 4.101E-02 5.405E-02 2.998E-02 1.250E-01 3.046E+00 2.472E+04  9.7452 1.00000
  8.000E+04 8.011E+04 2.938E+00 4.805E-02 6.390E-02 3.402E-02 1.460E-01 3.084E+00 2.798E+04 10.0118 1.00000
  9.000E+04 9.011E+04 2.952E+00 5.523E-02 7.397E-02 3.806E-02 1.673E-01 3.120E+00 3.120E+04 10.2470 1.00000
  1.000E+05 1.001E+05 2.965E+00 6.253E-02 8.423E-02 4.209E-02 1.889E-01 3.154E+00 3.439E+04 10.4574 1.00000
  1.200E+05 1.201E+05 2.987E+00 7.742E-02 1.052E-01 5.017E-02 2.328E-01 3.220E+00 4.067E+04 10.8216 1.00000
  1.400E+05 1.401E+05 3.006E+00 9.264E-02 1.267E-01 5.826E-02 2.776E-01 3.284E+00 4.682E+04 11.1296 1.00000
  1.700E+05 1.701E+05 3.029E+00 1.160E-01 1.597E-01 7.044E-02 3.461E-01 3.375E+00 5.583E+04 11.5176 1.00000
  2.000E+05 2.001E+05 3.049E+00 1.398E-01 1.934E-01 8.269E-02 4.159E-01 3.465E+00 6.460E+04 11.8424 1.00000
  2.500E+05 2.501E+05 3.075E+00 1.804E-01 2.508E-01 1.032E-01 5.344E-01 3.610E+00 7.874E+04 12.2885 1.00000
  3.000E+05 3.001E+05 3.097E+00 2.218E-01 3.093E-01 1.240E-01 6.551E-01 3.752E+00 9.232E+04 12.6530 1.00000
  3.500E+05 3.501E+05 3.115E+00 2.640E-01 3.687E-01 1.449E-01 7.776E-01 3.893E+00 1.054E+05 12.9612 1.00000
  4.000E+05 4.001E+05 3.131E+00 3.067E-01 4.288E-01 1.660E-01 9.015E-01 4.033E+00 1.180E+05 13.2282 1.00000
  4.500E+05 4.501E+05 3.145E+00 3.499E-01 4.894E-01 1.873E-01 1.027E+00 4.172E+00 1.302E+05 13.4637 1.00000
  5.000E+05 5.001E+05 3.158E+00 3.935E-01 5.506E-01 2.087E-01 1.153E+00 4.311E+00 1.420E+05 13.6743 1.00000
  5.500E+05 5.501E+05 3.169E+00 4.374E-01 6.121E-01 2.303E-01 1.280E+00 4.449E+00 1.534E+05 13.8649 1.00000
  6.000E+05 6.001E+05 3.180E+00 4.817E-01 6.740E-01 2.520E-01 1.408E+00 4.588E+00 1.645E+05 14.0389 1.00000
  7.000E+05 7.001E+05 3.198E+00 5.711E-01 7.986E-01 2.959E-01 1.666E+00 4.864E+00 1.856E+05 14.3471 1.00000
  8.000E+05 8.001E+05 3.215E+00 6.614E-01 9.243E-01 3.402E-01 1.926E+00 5.140E+00 2.056E+05 14.6142 1.00000
  9.000E+05 9.001E+05 3.229E+00 7.525E-01 1.051E+00 3.850E-01 2.188E+00 5.417E+00 2.246E+05 14.8497 1.00000
  1.000E+06 1.000E+06 3.242E+00 8.443E-01 1.178E+00 4.302E-01 2.452E+00 5.694E+00 2.426E+05 15.0604 1.00000
  1.200E+06 1.200E+06 3.264E+00 1.029E+00 1.433E+00 5.217E-01 2.984E+00 6.248E+00 2.761E+05 15.4250 1.00000
  1.400E+06 1.400E+06 3.283E+00 1.216E+00 1.690E+00 6.146E-01 3.521E+00 6.804E+00 3.068E+05 15.7333 1.00000
  1.700E+06 1.700E+06 3.307E+00 1.499E+00 2.078E+00 7.561E-01 4.334E+00 7.641E+00 3.484E+05 16.1216 1.00000
  2.000E+06 2.000E+06 3.327E+00 1.785E+00 2.469E+00 9.001E-01 5.153E+00 8.481E+00 3.856E+05 16.4466 1.00000
  2.500E+06 2.500E+06 3.355E+00 2.265E+00 3.122E+00 1.144E+00 6.531E+00 9.886E+00 4.402E+05 16.8929 1.00000
  3.000E+06 3.000E+06 3.378E+00 2.748E+00 3.778E+00 1.394E+00 7.920E+00 1.130E+01 4.875E+05 17.2575 1.00000
  3.500E+06 3.500E+06 3.398E+00 3.235E+00 4.437E+00 1.647E+00 9.319E+00 1.272E+01 5.292E+05 17.5658 1.00000
  4.000E+06 4.000E+06 3.415E+00 3.724E+00 5.097E+00 1.904E+00 1.072E+01 1.414E+01 5.664E+05 17.8328 1.00000
  4.500E+06 4.500E+06 3.430E+00 4.214E+00 5.758E+00 2.165E+00 1.214E+01 1.557E+01 6.001E+05 18.0684 1.00000
  5.000E+06 5.000E+06 3.444E+00 4.707E+00 6.420E+00 2.429E+00 1.356E+01 1.700E+01 6.308E+05 18.2791 1.00000
  5.500E+06 5.500E+06 3.456E+00 5.200E+00 7.084E+00 2.695E+00 1.498E+01 1.843E+01 6.591E+05 18.4697 1.00000
  6.000E+06 6.000E+06 3.467E+00 5.695E+00 7.748E+00 2.964E+00 1.641E+01 1.987E+01 6.852E+05 18.6437 1.00000
  7.000E+06 7.000E+06 3.488E+00 6.687E+00 9.077E+00 3.509E+00 1.927E+01 2.276E+01 7.322E+05 18.9520 1.00000
  8.000E+06 8.000E+06 3.505E+00 7.683E+00 1.041E+01 4.062E+00 2.215E+01 2.566E+01 7.735E+05 19.2191 1.00000
  9.000E+06 9.000E+06 3.521E+00 8.680E+00 1.174E+01 4.622E+00 2.504E+01 2.857E+01 8.105E+05 19.4547 1.00000
  1.000E+07 1.000E+07 3.535E+00 9.680E+00 1.308E+01 5.190E+00 2.795E+01 3.148E+01 8.438E+05 19.6654 1.00000
  1.200E+07 1.200E+07 3.559E+00 1.168E+01 1.575E+01 6.343E+00 3.377E+01 3.733E+01 9.021E+05 20.0300 1.00000
  1.400E+07 1.400E+07 3.580E+00 1.369E+01 1.842E+01 7.517E+00 3.963E+01 4.321E+01 9.518E+05 20.3383 1.00000
  1.700E+07 1.700E+07 3.607E+00 1.672E+01 2.244E+01 9.314E+00 4.846E+01 5.207E+01 1.015E+06 20.7266 1.00000
  2.000E+07 2.000E+07 3.629E+00 1.974E+01 2.645E+01 1.115E+01 5.734E+01 6.097E+01 1.068E+06 21.0517 1.00000
  2.500E+07 2.500E+07 3.660E+00 2.480E+01 3.316E+01 1.427E+01 7.222E+01 7.588E+01 1.142E+06 21.4980 1.00000
  3.000E+07 3.000E+07 3.685E+00 2.986E+01 3.986E+01 1.746E+01 8.718E+01 9.087E+01 1.202E+06 21.8626 1.00000
  3.500E+07 3.500E+07 3.707E+00 3.493E+01 4.657E+01 2.071E+01 1.022E+02 1.059E+02 1.253E+06 22.1709 1.00000
  4.000E+07 4.000E+07 3.726E+00 4.001E+01 5.328E+01 2.402E+01 1.173E+02 1.210E+02 1.297E+06 22.4380 1.00000
  4.500E+07 4.500E+07 3.743E+00 4.509E+01 6.000E+01 2.737E+01 1.325E+02 1.362E+02 1.336E+06 22.6735 1.00000
  5.000E+07 5.000E+07 3.758E+00 5.017E+01 6.671E+01 3.077E+01 1.477E+02 1.514E+02 1.370E+06 22.8842 1.00000
  5.500E+07 5.500E+07 3.772E+00 5.526E+01 7.343E+01 3.421E+01 1.629E+02 1.667E+02 1.402E+06 23.0749 1.00000
  6.000E+07 6.000E+07 3.785E+00 6.035E+01 8.015E+01 3.768E+01 1.782E+02 1.820E+02 1.431E+06 23.2489 1.00000
  7.000E+07 7.000E+07 3.807E+00 7.053E+01 9.359E+01 4.473E+01 2.088E+02 2.127E+02 1.481E+06 23.5572 1.00000
  8.000E+07 8.000E+07 3.827E+00 8.071E+01 1.070E+02 5.190E+01 2.396E+02 2.435E+02 1.525E+06 23.8242 1.00000
  9.000E+07 9.000E+07 3.844E+00 9.090E+01 1.205E+02 5.917E+01 2.705E+02 2.744E+02 1.564E+06 24.0598 1.00000
  1.000E+08 1.000E+08 3.860E+00 1.011E+02 1.339E+02 6.653E+01 3.016E+02 3.054E+02 1.599E+06 24.2705 1.00000
  1.200E+08 1.200E+08 3.887E+00 1.215E+02 1.608E+02 8.152E+01 3.638E+02 3.677E+02 1.658E+06 24.6352 1.00000
  1.400E+08 1.400E+08 3.910E+00 1.419E+02 1.877E+02 9.681E+01 4.264E+02 4.303E+02 1.708E+06 24.9435 1.00000
  1.700E+08 1.700E+08 3.940E+00 1.725E+02 2.281E+02 1.202E+02 5.208E+02 5.247E+02 1.771E+06 25.3318 1.00000
  2.000E+08 2.000E+08 3.964E+00 2.031E+02 2.684E+02 1.441E+02 6.157E+02 6.197E+02 1.824E+06 25.6568 1.00000
  2.500E+08 2.500E+08 3.999E+00 2.542E+02 3.357E+02 1.849E+02 7.748E+02 7.788E+02 1.896E+06 26.1031 1.00000
  3.000E+08 3.000E+08 4.027E+00 3.053E+02 4.030E+02 2.267E+02 9.349E+02 9.390E+02 1.954E+06 26.4678 1.00000
  3.500E+08 3.500E+08 4.052E+00 3.563E+02 4.703E+02 2.693E+02 1.096E+03 1.100E+03 2.003E+06 26.7761 1.00000
  4.000E+08 4.000E+08 4.073E+00 4.074E+02 5.376E+02 3.127E+02 1.258E+03 1.262E+03 2.046E+06 27.0431 1.00000
  4.500E+08 4.500E+08 4.092E+00 4.585E+02 6.048E+02 3.568E+02 1.420E+03 1.424E+03 2.083E+06 27.2787 1.00000
  5.000E+08 5.000E+08 4.108E+00 5.096E+02 6.721E+02 4.014E+02 1.583E+03 1.587E+03 2.116E+06 27.4894 1.00000
  5.500E+08 5.500E+08 4.124E+00 5.607E+02 7.394E+02 4.466E+02 1.747E+03 1.751E+03 2.146E+06 27.6800 1.00000
  6.000E+08 6.000E+08 4.138E+00 6.118E+02 8.067E+02 4.923E+02 1.911E+03 1.915E+03 2.174E+06 27.8540 1.00000
  7.000E+08 7.000E+08 4.163E+00 7.140E+02 9.413E+02 5.851E+02 2.240E+03 2.245E+03 2.222E+06 28.1623 1.00000
  8.000E+08 8.000E+08 4.185E+00 8.162E+02 1.076E+03 6.795E+02 2.572E+03 2.576E+03 2.263E+06 28.4294 1.00000
  9.000E+08 9.000E+08 4.204E+00 9.184E+02 1.211E+03 7.754E+02 2.904E+03 2.909E+03 2.300E+06 28.6649 1.00000
  1.000E+09 1.000E+09 4.222E+00 1.021E+03 1.345E+03 8.727E+02 3.238E+03 3.243E+03 2.332E+06 28.8756 1.00000
  1.200E+09 1.200E+09 4.252E+00 1.225E+03 1.614E+03 1.071E+03 3.910E+03 3.914E+03 2.389E+06 29.2402 1.00000
  1.400E+09 1.400E+09 4.278E+00 1.429E+03 1.884E+03 1.273E+03 4.586E+03 4.590E+03 2.436E+06 29.5481 1.00000
  1.700E+09 1.700E+09 4.311E+00 1.736E+03 2.287E+03 1.583E+03 5.606E+03 5.611E+03 2.495E+06 29.9365 1.00000
  2.000E+09 2.000E+09 4.339E+00 2.043E+03 2.691E+03 1.900E+03 6.634E+03 6.638E+03 2.544E+06 30.2600 1.00000
  2.500E+09 2.500E+09 4.378E+00 2.554E+03 3.364E+03 2.441E+03 8.359E+03 8.364E+03 2.611E+06 30.7062 1.00000
  3.000E+09 3.000E+09 4.410E+00 3.065E+03 4.037E+03 2.997E+03 1.010E+04 1.010E+04 2.665E+06 31.0644 1.00000
  3.500E+09 3.500E+09 4.437E+00 3.576E+03 4.710E+03 3.564E+03 1.185E+04 1.185E+04 2.711E+06 31.3727 1.00000
  4.000E+09 4.000E+09 4.461E+00 4.087E+03 5.383E+03 4.142E+03 1.361E+04 1.362E+04 2.750E+06 31.6398 1.00000
  4.500E+09 4.500E+09 4.485E+00 4.598E+03 6.056E+03 4.729E+03 1.538E+04 1.539E+04 2.785E+06 31.8462 1.00000
  5.000E+09 5.000E+09 4.503E+00 5.110E+03 6.729E+03 5.324E+03 1.716E+04 1.717E+04 2.815E+06 32.0569 1.00000
  5.500E+09 5.500E+09 4.521E+00 5.621E+03 7.403E+03 5.928E+03 1.895E+04 1.896E+04 2.843E+06 32.2475 1.00000
  6.000E+09 6.000E+09 4.536E+00 6.132E+03 8.076E+03 6.538E+03 2.075E+04 2.075E+04 2.868E+06 32.4215 1.00000
  7.000E+09 7.000E+09 4.564E+00 7.154E+03 9.422E+03 7.779E+03 2.435E+04 2.436E+04 2.913E+06 32.7298 1.00000
  8.000E+09 8.000E+09 4.603E+00 8.176E+03 1.077E+04 9.042E+03 2.799E+04 2.799E+04 2.951E+06 32.8414 1.00000
  9.000E+09 9.000E+09 4.624E+00 9.199E+03 1.211E+04 1.033E+04 3.164E+04 3.164E+04 2.985E+06 33.0770 1.00000
  1.000E+10 1.000E+10 4.644E+00 1.022E+04 1.346E+04 1.163E+04 3.531E+04 3.532E+04 3.014E+06 33.2877 1.00000
  1.200E+10 1.200E+10 4.678E+00 1.227E+04 1.615E+04 1.429E+04 4.270E+04 4.271E+04 3.066E+06 33.6524 1.00000
  1.400E+10 1.400E+10 4.707E+00 1.431E+04 1.884E+04 1.700E+04 5.016E+04 5.016E+04 3.109E+06 33.9607 1.00000
  1.700E+10 1.700E+10 4.744E+00 1.738E+04 2.288E+04 2.117E+04 6.143E+04 6.144E+04 3.163E+06 34.3490 1.00000
  2.000E+10 2.000E+10 4.775E+00 2.044E+04 2.692E+04 2.544E+04 7.280E+04 7.281E+04 3.208E+06 34.6740 1.00000
  2.500E+10 2.500E+10 4.818E+00 2.556E+04 3.365E+04 3.274E+04 9.195E+04 9.195E+04 3.269E+06 35.1203 1.00000
  3.000E+10 3.000E+10 4.854E+00 3.067E+04 4.038E+04 4.024E+04 1.113E+05 1.113E+05 3.318E+06 35.4849 1.00000
  3.500E+10 3.500E+10 4.884E+00 3.578E+04 4.711E+04 4.791E+04 1.308E+05 1.308E+05 3.360E+06 35.7933 1.00000
  4.000E+10 4.000E+10 4.911E+00 4.089E+04 5.384E+04 5.573E+04 1.505E+05 1.505E+05 3.395E+06 36.0603 1.00000
  4.500E+10 4.500E+10 4.934E+00 4.600E+04 6.057E+04 6.369E+04 1.703E+05 1.703E+05 3.426E+06 36.2959 1.00000
  5.000E+10 5.000E+10 4.955E+00 5.111E+04 6.730E+04 7.177E+04 1.902E+05 1.902E+05 3.454E+06 36.5066 1.00000
  5.500E+10 5.500E+10 4.974E+00 5.622E+04 7.404E+04 7.995E+04 2.102E+05 2.102E+05 3.479E+06 36.6972 1.00000
  6.000E+10 6.000E+10 4.992E+00 6.134E+04 8.077E+04 8.824E+04 2.303E+05 2.303E+05 3.502E+06 36.8712 1.00000
  7.000E+10 7.000E+10 5.023E+00 7.156E+04 9.423E+04 1.051E+05 2.709E+05 2.709E+05 3.542E+06 37.1795 1.00000
  8.000E+10 8.000E+10 5.051E+00 8.178E+04 1.077E+05 1.223E+05 3.118E+05 3.118E+05 3.576E+06 37.4466 1.00000
  9.000E+10 9.000E+10 5.075E+00 9.200E+04 1.211E+05 1.398E+05 3.529E+05 3.529E+05 3.606E+06 37.6822 1.00000
  1.000E+11 1.000E+11 5.097E+00 1.022E+05 1.346E+05 1.576E+05 3.944E+05 3.944E+05 3.633E+06 37.8929 1.00000
  1.200E+11 1.200E+11 5.135E+00 1.227E+05 1.615E+05 1.938E+05 4.780E+05 4.780E+05 3.679E+06 38.2575 1.00000
  1.400E+11 1.400E+11 5.167E+00 1.431E+05 1.885E+05 2.309E+05 5.625E+05 5.625E+05 3.718E+06 38.5658 1.00000
  1.700E+11 1.700E+11 5.208E+00 1.738E+05 2.288E+05 2.880E+05 6.906E+05 6.906E+05 3.766E+06 38.9542 1.00000
  2.000E+11 2.000E+11 5.243E+00 2.045E+05 2.692E+05 3.465E+05 8.202E+05 8.202E+05 3.806E+06 39.2792 1.00000
  2.500E+11 2.500E+11 5.291E+00 2.556E+05 3.365E+05 4.467E+05 1.039E+06 1.039E+06 3.860E+06 39.7255 1.00000
  3.000E+11 3.000E+11 5.331E+00 3.067E+05 4.038E+05 5.499E+05 1.260E+06 1.260E+06 3.903E+06 40.0901 1.00000
  3.500E+11 3.500E+11 5.365E+00 3.578E+05 4.711E+05 6.555E+05 1.484E+06 1.484E+06 3.940E+06 40.3984 1.00000
  4.000E+11 4.000E+11 5.395E+00 4.089E+05 5.384E+05 7.633E+05 1.711E+06 1.711E+06 3.971E+06 40.6655 1.00000
  4.500E+11 4.500E+11 5.421E+00 4.600E+05 6.057E+05 8.731E+05 1.939E+06 1.939E+06 3.999E+06 40.9011 1.00000
  5.000E+11 5.000E+11 5.444E+00 5.111E+05 6.730E+05 9.847E+05 2.169E+06 2.169E+06 4.023E+06 41.1118 1.00000
  5.500E+11 5.500E+11 5.466E+00 5.623E+05 7.403E+05 1.098E+06 2.400E+06 2.400E+06 4.045E+06 41.3024 1.00000
  6.000E+11 6.000E+11 5.485E+00 6.134E+05 8.076E+05 1.213E+06 2.634E+06 2.634E+06 4.065E+06 41.4764 1.00000
  7.000E+11 7.000E+11 5.520E+00 7.156E+05 9.422E+05 1.446E+06 3.104E+06 3.104E+06 4.100E+06 41.7847 1.00000
  8.000E+11 8.000E+11 5.551E+00 8.178E+05 1.077E+06 1.685E+06 3.579E+06 3.579E+06 4.130E+06 42.0518 1.00000
  9.000E+11 9.000E+11 5.578E+00 9.201E+05 1.211E+06 1.927E+06 4.059E+06 4.059E+06 4.156E+06 42.2873 1.00000
  1.000E+12 1.000E+12 5.602E+00 1.022E+06 1.346E+06 2.174E+06 4.543E+06 4.543E+06 4.179E+06 42.4981 1.00000
