 Incident particle is a Muon with M = 105.65839 MeV
 Index = 0: Naphtalene
      Absorber with <Z/A> = 0.53054
 Density effect computed following Fano (1963)
 Models for Radloss: brems =  SSR, pair =  SSR, photonuc = DRSS

 *** Table generated with PUMAS v1.1 ***

      T         p     Ionization  brems     pair     photonuc  Radloss    dE/dx   CSDA Range  delta   beta
    [MeV]    [MeV/c]  -----------------------[MeV cm^2/g]------------------------  [g/cm^2]
  1.000E+00 1.457E+01 4.911E+01 0.000E+00 0.000E+00 0.000E+00 0.000E+00 4.911E+01 1.018E-02  0.0000 0.13661
  1.200E+00 1.597E+01 4.235E+01 0.000E+00 0.000E+00 0.000E+00 0.000E+00 4.235E+01 1.458E-02  0.0000 0.14944
  1.400E+00 1.726E+01 3.735E+01 0.000E+00 0.000E+00 0.000E+00 0.000E+00 3.735E+01 1.962E-02  0.0000 0.16119
  1.700E+00 1.903E+01 3.187E+01 0.000E+00 0.000E+00 0.000E+00 0.000E+00 3.187E+01 2.835E-02  0.0000 0.17725
  2.000E+00 2.066E+01 2.791E+01 0.000E+00 0.000E+00 0.000E+00 0.000E+00 2.791E+01 3.843E-02  0.0000 0.19186
  2.500E+00 2.312E+01 2.325E+01 0.000E+00 0.000E+00 0.000E+00 0.000E+00 2.325E+01 5.815E-02  0.0000 0.21376
  3.000E+00 2.536E+01 2.004E+01 0.000E+00 0.000E+00 0.000E+00 0.000E+00 2.004E+01 8.139E-02  0.0000 0.23336
  3.500E+00 2.742E+01 1.768E+01 0.000E+00 0.000E+00 0.000E+00 0.000E+00 1.768E+01 1.080E-01  0.0000 0.25120
  4.000E+00 2.935E+01 1.586E+01 0.000E+00 0.000E+00 0.000E+00 0.000E+00 1.586E+01 1.379E-01  0.0000 0.26763
  4.500E+00 3.116E+01 1.442E+01 0.000E+00 0.000E+00 0.000E+00 0.000E+00 1.442E+01 1.710E-01  0.0000 0.28290
  5.000E+00 3.289E+01 1.325E+01 0.000E+00 0.000E+00 0.000E+00 0.000E+00 1.325E+01 2.072E-01  0.0000 0.29720
  5.500E+00 3.453E+01 1.228E+01 0.000E+00 0.000E+00 0.000E+00 0.000E+00 1.228E+01 2.465E-01  0.0000 0.31066
  6.000E+00 3.611E+01 1.146E+01 0.000E+00 0.000E+00 0.000E+00 0.000E+00 1.146E+01 2.887E-01  0.0000 0.32339
  7.000E+00 3.909E+01 1.014E+01 0.000E+00 0.000E+00 0.000E+00 0.000E+00 1.014E+01 3.816E-01  0.0000 0.34700
  8.000E+00 4.189E+01 9.141E+00 0.000E+00 0.000E+00 0.000E+00 0.000E+00 9.141E+00 4.856E-01  0.0000 0.36854
  9.000E+00 4.453E+01 8.347E+00 0.000E+00 0.000E+00 0.000E+00 0.000E+00 8.347E+00 6.003E-01  0.0000 0.38836
  1.000E+01 4.704E+01 7.703E+00 0.000E+00 0.000E+00 0.000E+00 0.000E+00 7.703E+00 7.251E-01  0.0000 0.40675
  1.200E+01 5.177E+01 6.721E+00 0.000E+00 0.000E+00 0.000E+00 0.000E+00 6.721E+00 1.004E+00  0.0000 0.43998
  1.400E+01 5.616E+01 6.006E+00 0.000E+00 0.000E+00 0.000E+00 0.000E+00 6.006E+00 1.319E+00  0.0000 0.46937
  1.700E+01 6.230E+01 5.236E+00 0.000E+00 0.000E+00 0.000E+00 0.000E+00 5.236E+00 1.856E+00  0.0000 0.50792
  2.000E+01 6.802E+01 4.689E+00 0.000E+00 0.000E+00 0.000E+00 0.000E+00 4.689E+00 2.463E+00  0.0000 0.54129
  2.500E+01 7.686E+01 4.060E+00 4.118E-10 0.000E+00 0.000E+00 4.118E-10 4.060E+00 3.614E+00  0.0000 0.58827
  3.000E+01 8.509E+01 3.636E+00 6.036E-08 0.000E+00 0.000E+00 6.036E-08 3.636E+00 4.919E+00  0.0000 0.62720
  3.500E+01 9.285E+01 3.332E+00 7.050E-08 0.000E+00 0.000E+00 7.050E-08 3.332E+00 6.358E+00  0.0000 0.66011
  4.000E+01 1.003E+02 3.104E+00 7.549E-08 0.000E+00 0.000E+00 7.549E-08 3.104E+00 7.915E+00  0.0000 0.68834
  4.500E+01 1.074E+02 2.927E+00 8.065E-08 0.000E+00 0.000E+00 8.065E-08 2.927E+00 9.576E+00  0.0000 0.71286
  5.000E+01 1.143E+02 2.786E+00 8.597E-08 0.000E+00 0.000E+00 8.597E-08 2.786E+00 1.133E+01  0.0009 0.73434
  5.500E+01 1.210E+02 2.672E+00 9.145E-08 0.000E+00 0.000E+00 9.145E-08 2.672E+00 1.316E+01  0.0041 0.75332
  6.000E+01 1.276E+02 2.577E+00 9.709E-08 0.000E+00 0.000E+00 9.709E-08 2.577E+00 1.507E+01  0.0095 0.77019
  7.000E+01 1.403E+02 2.431E+00 1.089E-07 0.000E+00 0.000E+00 1.089E-07 2.431E+00 1.907E+01  0.0254 0.79887
  8.000E+01 1.527E+02 2.323E+00 1.213E-07 0.000E+00 0.000E+00 1.213E-07 2.323E+00 2.328E+01  0.0467 0.82227
  9.000E+01 1.647E+02 2.242E+00 1.343E-07 0.000E+00 0.000E+00 1.343E-07 2.242E+00 2.767E+01  0.0720 0.84166
  1.000E+02 1.764E+02 2.179E+00 1.479E-07 0.000E+00 0.000E+00 1.479E-07 2.179E+00 3.219E+01  0.1003 0.85794
  1.200E+02 1.994E+02 2.089E+00 1.771E-07 0.000E+00 0.000E+00 1.771E-07 2.089E+00 4.158E+01  0.1627 0.88361
  1.400E+02 2.218E+02 2.030E+00 4.735E-06 0.000E+00 0.000E+00 4.735E-06 2.030E+00 5.130E+01  0.2296 0.90278
  1.700E+02 2.546E+02 1.975E+00 1.260E-05 1.182E-09 0.000E+00 1.260E-05 1.975E+00 6.630E+01  0.3329 0.92363
  2.000E+02 2.868E+02 1.943E+00 1.759E-05 8.689E-09 0.000E+00 1.759E-05 1.943E+00 8.163E+01  0.4358 0.93835
  2.500E+02 3.396E+02 1.916E+00 2.435E-05 1.056E-07 0.000E+00 2.445E-05 1.916E+00 1.076E+02  0.6007 0.95485
  3.000E+02 3.917E+02 1.907E+00 3.078E-05 6.495E-07 0.000E+00 3.143E-05 1.907E+00 1.337E+02  0.7546 0.96548
  3.500E+02 4.432E+02 1.906E+00 3.764E-05 1.676E-06 0.000E+00 3.932E-05 1.906E+00 1.600E+02  0.8971 0.97274
  4.000E+02 4.945E+02 1.910E+00 4.500E-05 3.174E-06 0.000E+00 4.817E-05 1.910E+00 1.862E+02  1.0290 0.97793
  4.500E+02 5.455E+02 1.917E+00 5.281E-05 5.135E-06 0.000E+00 5.794E-05 1.917E+00 2.123E+02  1.1514 0.98176
  5.000E+02 5.964E+02 1.925E+00 6.106E-05 7.546E-06 0.000E+00 6.861E-05 1.925E+00 2.383E+02  1.2653 0.98467
  5.500E+02 6.471E+02 1.934E+00 6.971E-05 1.040E-05 1.556E-05 9.567E-05 1.934E+00 2.642E+02  1.3716 0.98693
  6.000E+02 6.977E+02 1.943E+00 7.874E-05 1.367E-05 5.172E-05 1.441E-04 1.943E+00 2.900E+02  1.4714 0.98873
  7.000E+02 7.987E+02 1.961E+00 9.788E-05 2.144E-05 1.237E-04 2.430E-04 1.961E+00 3.413E+02  1.6540 0.99136
  8.000E+02 8.995E+02 1.978E+00 1.183E-04 3.077E-05 1.918E-04 3.409E-04 1.979E+00 3.920E+02  1.8178 0.99317
  9.000E+02 1.000E+03 1.995E+00 1.400E-04 4.154E-05 2.570E-04 4.385E-04 1.996E+00 4.424E+02  1.9664 0.99447
  1.000E+03 1.101E+03 2.011E+00 1.627E-04 5.369E-05 3.203E-04 5.367E-04 2.012E+00 4.923E+02  2.1025 0.99542
  1.200E+03 1.301E+03 2.040E+00 2.112E-04 8.177E-05 4.428E-04 7.358E-04 2.040E+00 5.910E+02  2.3451 0.99672
  1.400E+03 1.502E+03 2.065E+00 2.632E-04 1.145E-04 5.619E-04 9.395E-04 2.066E+00 6.884E+02  2.5573 0.99753
  1.700E+03 1.803E+03 2.098E+00 3.469E-04 1.713E-04 7.358E-04 1.254E-03 2.099E+00 8.324E+02  2.8344 0.99829
  2.000E+03 2.103E+03 2.125E+00 4.366E-04 2.362E-04 9.056E-04 1.578E-03 2.127E+00 9.744E+02  3.0755 0.99874
  2.500E+03 2.604E+03 2.163E+00 5.973E-04 3.603E-04 1.181E-03 2.139E-03 2.165E+00 1.207E+03  3.4212 0.99918
  3.000E+03 3.104E+03 2.193E+00 7.699E-04 5.013E-04 1.450E-03 2.721E-03 2.196E+00 1.437E+03  3.7170 0.99942
  3.500E+03 3.604E+03 2.219E+00 9.521E-04 6.569E-04 1.713E-03 3.322E-03 2.222E+00 1.663E+03  3.9766 0.99957
  4.000E+03 4.104E+03 2.240E+00 1.144E-03 8.401E-04 1.971E-03 3.954E-03 2.244E+00 1.887E+03  4.2080 0.99967
  4.500E+03 4.604E+03 2.259E+00 1.342E-03 1.041E-03 2.224E-03 4.608E-03 2.263E+00 2.109E+03  4.4168 0.99974
  5.000E+03 5.105E+03 2.275E+00 1.548E-03 1.255E-03 2.474E-03 5.277E-03 2.280E+00 2.329E+03  4.6070 0.99979
  5.500E+03 5.605E+03 2.290E+00 1.759E-03 1.479E-03 2.721E-03 5.959E-03 2.296E+00 2.547E+03  4.7816 0.99982
  6.000E+03 6.105E+03 2.303E+00 1.976E-03 1.714E-03 2.964E-03 6.654E-03 2.309E+00 2.764E+03  4.9427 0.99985
  7.000E+03 7.105E+03 2.326E+00 2.426E-03 2.211E-03 3.444E-03 8.081E-03 2.334E+00 3.195E+03  5.2320 0.99989
  8.000E+03 8.105E+03 2.345E+00 2.893E-03 2.741E-03 3.915E-03 9.549E-03 2.355E+00 3.622E+03  5.4859 0.99992
  9.000E+03 9.105E+03 2.362E+00 3.376E-03 3.300E-03 4.379E-03 1.105E-02 2.373E+00 4.045E+03  5.7120 0.99993
  1.000E+04 1.011E+04 2.377E+00 3.872E-03 3.884E-03 4.836E-03 1.259E-02 2.389E+00 4.464E+03  5.9155 0.99995
  1.200E+04 1.211E+04 2.402E+00 4.899E-03 5.121E-03 5.736E-03 1.576E-02 2.418E+00 5.296E+03  6.2702 0.99996
  1.400E+04 1.411E+04 2.423E+00 5.966E-03 6.436E-03 6.618E-03 1.902E-02 2.442E+00 6.119E+03  6.5721 0.99997
  1.700E+04 1.711E+04 2.449E+00 7.633E-03 8.531E-03 7.918E-03 2.408E-02 2.473E+00 7.340E+03  6.9542 0.99998
  2.000E+04 2.011E+04 2.470E+00 9.366E-03 1.075E-02 9.195E-03 2.931E-02 2.499E+00 8.547E+03  7.2753 0.99999
  2.500E+04 2.511E+04 2.498E+00 1.237E-02 1.466E-02 1.129E-02 3.832E-02 2.537E+00 1.053E+04  7.7175 0.99999
  3.000E+04 3.011E+04 2.521E+00 1.549E-02 1.880E-02 1.335E-02 4.764E-02 2.569E+00 1.249E+04  8.0797 0.99999
  3.500E+04 3.511E+04 2.540E+00 1.871E-02 2.312E-02 1.538E-02 5.721E-02 2.597E+00 1.443E+04  8.3863 1.00000
  4.000E+04 4.011E+04 2.556E+00 2.201E-02 2.760E-02 1.740E-02 6.701E-02 2.623E+00 1.634E+04  8.6522 1.00000
  4.500E+04 4.511E+04 2.570E+00 2.539E-02 3.220E-02 1.940E-02 7.699E-02 2.647E+00 1.824E+04  8.8869 1.00000
  5.000E+04 5.011E+04 2.582E+00 2.883E-02 3.692E-02 2.140E-02 8.714E-02 2.669E+00 2.012E+04  9.0969 1.00000
  5.500E+04 5.511E+04 2.593E+00 3.232E-02 4.174E-02 2.338E-02 9.744E-02 2.691E+00 2.199E+04  9.2870 1.00000
  6.000E+04 6.011E+04 2.603E+00 3.586E-02 4.664E-02 2.537E-02 1.079E-01 2.711E+00 2.384E+04  9.4606 1.00000
  7.000E+04 7.011E+04 2.621E+00 4.308E-02 5.669E-02 2.932E-02 1.291E-01 2.750E+00 2.750E+04  9.7682 1.00000
  8.000E+04 8.011E+04 2.636E+00 5.045E-02 6.700E-02 3.325E-02 1.507E-01 2.787E+00 3.111E+04 10.0348 1.00000
  9.000E+04 9.011E+04 2.649E+00 5.797E-02 7.753E-02 3.719E-02 1.727E-01 2.822E+00 3.468E+04 10.2700 1.00000
  1.000E+05 1.001E+05 2.661E+00 6.560E-02 8.825E-02 4.112E-02 1.950E-01 2.856E+00 3.820E+04 10.4804 1.00000
  1.200E+05 1.201E+05 2.681E+00 8.117E-02 1.102E-01 4.899E-02 2.403E-01 2.921E+00 4.512E+04 10.8446 1.00000
  1.400E+05 1.401E+05 2.698E+00 9.707E-02 1.326E-01 5.687E-02 2.866E-01 2.985E+00 5.190E+04 11.1527 1.00000
  1.700E+05 1.701E+05 2.719E+00 1.214E-01 1.671E-01 6.873E-02 3.572E-01 3.076E+00 6.180E+04 11.5407 1.00000
  2.000E+05 2.001E+05 2.737E+00 1.463E-01 2.022E-01 8.065E-02 4.292E-01 3.166E+00 7.141E+04 11.8655 1.00000
  2.500E+05 2.501E+05 2.761E+00 1.887E-01 2.621E-01 1.007E-01 5.514E-01 3.313E+00 8.684E+04 12.3115 1.00000
  3.000E+05 3.001E+05 2.781E+00 2.319E-01 3.230E-01 1.208E-01 6.758E-01 3.457E+00 1.016E+05 12.6760 1.00000
  3.500E+05 3.501E+05 2.798E+00 2.759E-01 3.849E-01 1.412E-01 8.020E-01 3.600E+00 1.158E+05 12.9842 1.00000
  4.000E+05 4.001E+05 2.812E+00 3.204E-01 4.475E-01 1.617E-01 9.296E-01 3.742E+00 1.294E+05 13.2512 1.00000
  4.500E+05 4.501E+05 2.825E+00 3.654E-01 5.107E-01 1.824E-01 1.059E+00 3.884E+00 1.425E+05 13.4867 1.00000
  5.000E+05 5.001E+05 2.837E+00 4.108E-01 5.743E-01 2.033E-01 1.188E+00 4.025E+00 1.552E+05 13.6974 1.00000
  5.500E+05 5.501E+05 2.847E+00 4.566E-01 6.384E-01 2.243E-01 1.319E+00 4.166E+00 1.674E+05 13.8880 1.00000
  6.000E+05 6.001E+05 2.857E+00 5.028E-01 7.028E-01 2.454E-01 1.451E+00 4.307E+00 1.792E+05 14.0620 1.00000
  7.000E+05 7.001E+05 2.873E+00 5.958E-01 8.325E-01 2.880E-01 1.716E+00 4.590E+00 2.017E+05 14.3702 1.00000
  8.000E+05 8.001E+05 2.888E+00 6.899E-01 9.631E-01 3.311E-01 1.984E+00 4.872E+00 2.228E+05 14.6372 1.00000
  9.000E+05 9.001E+05 2.901E+00 7.847E-01 1.095E+00 3.746E-01 2.254E+00 5.155E+00 2.428E+05 14.8728 1.00000
  1.000E+06 1.000E+06 2.913E+00 8.802E-01 1.227E+00 4.186E-01 2.525E+00 5.438E+00 2.617E+05 15.0835 1.00000
  1.200E+06 1.200E+06 2.933E+00 1.073E+00 1.492E+00 5.075E-01 3.073E+00 6.006E+00 2.966E+05 15.4481 1.00000
  1.400E+06 1.400E+06 2.950E+00 1.267E+00 1.760E+00 5.978E-01 3.625E+00 6.575E+00 3.285E+05 15.7564 1.00000
  1.700E+06 1.700E+06 2.972E+00 1.562E+00 2.163E+00 7.354E-01 4.460E+00 7.432E+00 3.713E+05 16.1446 1.00000
  2.000E+06 2.000E+06 2.991E+00 1.858E+00 2.568E+00 8.754E-01 5.302E+00 8.292E+00 4.095E+05 16.4697 1.00000
  2.500E+06 2.500E+06 3.016E+00 2.357E+00 3.247E+00 1.113E+00 6.717E+00 9.733E+00 4.652E+05 16.9159 1.00000
  3.000E+06 3.000E+06 3.037E+00 2.859E+00 3.928E+00 1.355E+00 8.143E+00 1.118E+01 5.131E+05 17.2806 1.00000
  3.500E+06 3.500E+06 3.055E+00 3.365E+00 4.612E+00 1.602E+00 9.579E+00 1.263E+01 5.551E+05 17.5888 1.00000
  4.000E+06 4.000E+06 3.071E+00 3.873E+00 5.298E+00 1.852E+00 1.102E+01 1.409E+01 5.925E+05 17.8559 1.00000
  4.500E+06 4.500E+06 3.085E+00 4.382E+00 5.984E+00 2.105E+00 1.247E+01 1.556E+01 6.263E+05 18.0915 1.00000
  5.000E+06 5.000E+06 3.097E+00 4.894E+00 6.672E+00 2.361E+00 1.393E+01 1.702E+01 6.570E+05 18.3022 1.00000
  5.500E+06 5.500E+06 3.108E+00 5.406E+00 7.360E+00 2.620E+00 1.539E+01 1.849E+01 6.852E+05 18.4928 1.00000
  6.000E+06 6.000E+06 3.119E+00 5.920E+00 8.050E+00 2.881E+00 1.685E+01 1.997E+01 7.112E+05 18.6668 1.00000
  7.000E+06 7.000E+06 3.137E+00 6.950E+00 9.430E+00 3.411E+00 1.979E+01 2.293E+01 7.579E+05 18.9751 1.00000
  8.000E+06 8.000E+06 3.153E+00 7.983E+00 1.081E+01 3.948E+00 2.274E+01 2.590E+01 7.989E+05 19.2422 1.00000
  9.000E+06 9.000E+06 3.167E+00 9.019E+00 1.220E+01 4.493E+00 2.571E+01 2.887E+01 8.355E+05 19.4777 1.00000
  1.000E+07 1.000E+07 3.180E+00 1.006E+01 1.358E+01 5.045E+00 2.868E+01 3.186E+01 8.684E+05 19.6884 1.00000
  1.200E+07 1.200E+07 3.202E+00 1.214E+01 1.635E+01 6.165E+00 3.465E+01 3.786E+01 9.260E+05 20.0531 1.00000
  1.400E+07 1.400E+07 3.221E+00 1.422E+01 1.913E+01 7.307E+00 4.065E+01 4.388E+01 9.750E+05 20.3614 1.00000
  1.700E+07 1.700E+07 3.246E+00 1.736E+01 2.329E+01 9.052E+00 4.970E+01 5.295E+01 1.037E+06 20.7497 1.00000
  2.000E+07 2.000E+07 3.266E+00 2.050E+01 2.746E+01 1.083E+01 5.879E+01 6.206E+01 1.089E+06 21.0747 1.00000
  2.500E+07 2.500E+07 3.294E+00 2.574E+01 3.442E+01 1.387E+01 7.402E+01 7.732E+01 1.162E+06 21.5210 1.00000
  3.000E+07 3.000E+07 3.317E+00 3.099E+01 4.138E+01 1.697E+01 8.934E+01 9.266E+01 1.221E+06 21.8857 1.00000
  3.500E+07 3.500E+07 3.337E+00 3.625E+01 4.834E+01 2.013E+01 1.047E+02 1.081E+02 1.270E+06 22.1940 1.00000
  4.000E+07 4.000E+07 3.354E+00 4.152E+01 5.530E+01 2.334E+01 1.202E+02 1.235E+02 1.314E+06 22.4610 1.00000
  4.500E+07 4.500E+07 3.370E+00 4.679E+01 6.227E+01 2.660E+01 1.357E+02 1.390E+02 1.352E+06 22.6966 1.00000
  5.000E+07 5.000E+07 3.384E+00 5.206E+01 6.924E+01 2.991E+01 1.512E+02 1.546E+02 1.386E+06 22.9073 1.00000
  5.500E+07 5.500E+07 3.396E+00 5.733E+01 7.621E+01 3.325E+01 1.668E+02 1.702E+02 1.417E+06 23.0979 1.00000
  6.000E+07 6.000E+07 3.408E+00 6.261E+01 8.318E+01 3.662E+01 1.824E+02 1.858E+02 1.445E+06 23.2719 1.00000
  7.000E+07 7.000E+07 3.428E+00 7.316E+01 9.712E+01 4.347E+01 2.138E+02 2.172E+02 1.495E+06 23.5802 1.00000
  8.000E+07 8.000E+07 3.446E+00 8.372E+01 1.111E+02 5.043E+01 2.452E+02 2.487E+02 1.538E+06 23.8473 1.00000
  9.000E+07 9.000E+07 3.462E+00 9.429E+01 1.250E+02 5.750E+01 2.768E+02 2.803E+02 1.575E+06 24.0829 1.00000
  1.000E+08 1.000E+08 3.476E+00 1.049E+02 1.390E+02 6.466E+01 3.085E+02 3.120E+02 1.609E+06 24.2936 1.00000
  1.200E+08 1.200E+08 3.501E+00 1.260E+02 1.669E+02 7.922E+01 3.721E+02 3.756E+02 1.668E+06 24.6582 1.00000
  1.400E+08 1.400E+08 3.522E+00 1.472E+02 1.948E+02 9.408E+01 4.360E+02 4.395E+02 1.717E+06 24.9665 1.00000
  1.700E+08 1.700E+08 3.549E+00 1.789E+02 2.367E+02 1.168E+02 5.324E+02 5.359E+02 1.779E+06 25.3549 1.00000
  2.000E+08 2.000E+08 3.572E+00 2.107E+02 2.785E+02 1.401E+02 6.292E+02 6.328E+02 1.830E+06 25.6799 1.00000
  2.500E+08 2.500E+08 3.603E+00 2.636E+02 3.483E+02 1.797E+02 7.916E+02 7.952E+02 1.900E+06 26.1262 1.00000
  3.000E+08 3.000E+08 3.629E+00 3.165E+02 4.181E+02 2.203E+02 9.550E+02 9.586E+02 1.958E+06 26.4908 1.00000
  3.500E+08 3.500E+08 3.651E+00 3.695E+02 4.879E+02 2.617E+02 1.119E+03 1.123E+03 2.006E+06 26.7991 1.00000
  4.000E+08 4.000E+08 3.670E+00 4.224E+02 5.578E+02 3.039E+02 1.284E+03 1.288E+03 2.047E+06 27.0662 1.00000
  4.500E+08 4.500E+08 3.687E+00 4.754E+02 6.276E+02 3.467E+02 1.450E+03 1.453E+03 2.084E+06 27.3017 1.00000
  5.000E+08 5.000E+08 3.703E+00 5.284E+02 6.974E+02 3.901E+02 1.616E+03 1.620E+03 2.116E+06 27.5125 1.00000
  5.500E+08 5.500E+08 3.717E+00 5.813E+02 7.672E+02 4.340E+02 1.783E+03 1.786E+03 2.146E+06 27.7031 1.00000
  6.000E+08 6.000E+08 3.730E+00 6.343E+02 8.370E+02 4.784E+02 1.950E+03 1.953E+03 2.172E+06 27.8771 1.00000
  7.000E+08 7.000E+08 3.753E+00 7.402E+02 9.767E+02 5.686E+02 2.285E+03 2.289E+03 2.220E+06 28.1854 1.00000
  8.000E+08 8.000E+08 3.772E+00 8.462E+02 1.116E+03 6.604E+02 2.623E+03 2.627E+03 2.260E+06 28.4524 1.00000
  9.000E+08 9.000E+08 3.790E+00 9.521E+02 1.256E+03 7.536E+02 2.962E+03 2.965E+03 2.296E+06 28.6879 1.00000
  1.000E+09 1.000E+09 3.806E+00 1.058E+03 1.396E+03 8.480E+02 3.302E+03 3.306E+03 2.328E+06 28.8986 1.00000
  1.200E+09 1.200E+09 3.834E+00 1.270E+03 1.675E+03 1.040E+03 3.985E+03 3.989E+03 2.383E+06 29.2633 1.00000
  1.400E+09 1.400E+09 3.858E+00 1.482E+03 1.954E+03 1.237E+03 4.673E+03 4.677E+03 2.429E+06 29.5712 1.00000
  1.700E+09 1.700E+09 3.888E+00 1.800E+03 2.373E+03 1.538E+03 5.711E+03 5.715E+03 2.487E+06 29.9595 1.00000
  2.000E+09 2.000E+09 3.913E+00 2.118E+03 2.792E+03 1.846E+03 6.756E+03 6.760E+03 2.536E+06 30.2830 1.00000
  2.500E+09 2.500E+09 3.948E+00 2.648E+03 3.490E+03 2.372E+03 8.510E+03 8.514E+03 2.601E+06 30.7293 1.00000
  3.000E+09 3.000E+09 3.978E+00 3.177E+03 4.189E+03 2.912E+03 1.028E+04 1.028E+04 2.655E+06 31.0875 1.00000
  3.500E+09 3.500E+09 4.002E+00 3.707E+03 4.887E+03 3.463E+03 1.206E+04 1.206E+04 2.700E+06 31.3958 1.00000
  4.000E+09 4.000E+09 4.024E+00 4.237E+03 5.585E+03 4.025E+03 1.385E+04 1.385E+04 2.738E+06 31.6628 1.00000
  4.500E+09 4.500E+09 4.046E+00 4.767E+03 6.284E+03 4.595E+03 1.565E+04 1.565E+04 2.772E+06 31.8692 1.00000
  5.000E+09 5.000E+09 4.063E+00 5.297E+03 6.982E+03 5.174E+03 1.745E+04 1.746E+04 2.803E+06 32.0800 1.00000
  5.500E+09 5.500E+09 4.078E+00 5.827E+03 7.680E+03 5.761E+03 1.927E+04 1.927E+04 2.830E+06 32.2706 1.00000
  6.000E+09 6.000E+09 4.093E+00 6.357E+03 8.379E+03 6.354E+03 2.109E+04 2.109E+04 2.855E+06 32.4446 1.00000
  7.000E+09 7.000E+09 4.118E+00 7.416E+03 9.775E+03 7.559E+03 2.475E+04 2.475E+04 2.898E+06 32.7529 1.00000
  8.000E+09 8.000E+09 4.153E+00 8.476E+03 1.117E+04 8.787E+03 2.843E+04 2.844E+04 2.936E+06 32.8645 1.00000
  9.000E+09 9.000E+09 4.173E+00 9.536E+03 1.257E+04 1.004E+04 3.214E+04 3.214E+04 2.969E+06 33.1001 1.00000
  1.000E+10 1.000E+10 4.191E+00 1.060E+04 1.396E+04 1.130E+04 3.586E+04 3.587E+04 2.998E+06 33.3108 1.00000
  1.200E+10 1.200E+10 4.222E+00 1.272E+04 1.676E+04 1.388E+04 4.336E+04 4.336E+04 3.049E+06 33.6754 1.00000
  1.400E+10 1.400E+10 4.248E+00 1.483E+04 1.955E+04 1.652E+04 5.091E+04 5.091E+04 3.092E+06 33.9837 1.00000
  1.700E+10 1.700E+10 4.282E+00 1.801E+04 2.374E+04 2.057E+04 6.233E+04 6.233E+04 3.145E+06 34.3720 1.00000
  2.000E+10 2.000E+10 4.310E+00 2.119E+04 2.793E+04 2.472E+04 7.385E+04 7.385E+04 3.189E+06 34.6971 1.00000
  2.500E+10 2.500E+10 4.350E+00 2.649E+04 3.491E+04 3.182E+04 9.322E+04 9.323E+04 3.249E+06 35.1434 1.00000
  3.000E+10 3.000E+10 4.382E+00 3.179E+04 4.190E+04 3.911E+04 1.128E+05 1.128E+05 3.298E+06 35.5080 1.00000
  3.500E+10 3.500E+10 4.410E+00 3.709E+04 4.888E+04 4.656E+04 1.325E+05 1.325E+05 3.339E+06 35.8163 1.00000
  4.000E+10 4.000E+10 4.434E+00 4.239E+04 5.586E+04 5.416E+04 1.524E+05 1.524E+05 3.374E+06 36.0834 1.00000
  4.500E+10 4.500E+10 4.455E+00 4.769E+04 6.285E+04 6.189E+04 1.724E+05 1.724E+05 3.405E+06 36.3189 1.00000
  5.000E+10 5.000E+10 4.474E+00 5.299E+04 6.983E+04 6.974E+04 1.926E+05 1.926E+05 3.432E+06 36.5297 1.00000
  5.500E+10 5.500E+10 4.492E+00 5.828E+04 7.681E+04 7.770E+04 2.128E+05 2.128E+05 3.457E+06 36.7203 1.00000
  6.000E+10 6.000E+10 4.508E+00 6.358E+04 8.379E+04 8.575E+04 2.331E+05 2.331E+05 3.479E+06 36.8943 1.00000
  7.000E+10 7.000E+10 4.537E+00 7.418E+04 9.776E+04 1.021E+05 2.741E+05 2.741E+05 3.519E+06 37.2026 1.00000
  8.000E+10 8.000E+10 4.562E+00 8.478E+04 1.117E+05 1.188E+05 3.154E+05 3.154E+05 3.553E+06 37.4697 1.00000
  9.000E+10 9.000E+10 4.584E+00 9.538E+04 1.257E+05 1.358E+05 3.569E+05 3.569E+05 3.583E+06 37.7052 1.00000
  1.000E+11 1.000E+11 4.604E+00 1.060E+05 1.397E+05 1.531E+05 3.987E+05 3.987E+05 3.609E+06 37.9160 1.00000
  1.200E+11 1.200E+11 4.638E+00 1.272E+05 1.676E+05 1.883E+05 4.831E+05 4.831E+05 3.655E+06 38.2806 1.00000
  1.400E+11 1.400E+11 4.668E+00 1.484E+05 1.955E+05 2.244E+05 5.683E+05 5.683E+05 3.693E+06 38.5889 1.00000
  1.700E+11 1.700E+11 4.705E+00 1.802E+05 2.374E+05 2.799E+05 6.974E+05 6.974E+05 3.740E+06 38.9772 1.00000
  2.000E+11 2.000E+11 4.737E+00 2.119E+05 2.793E+05 3.367E+05 8.280E+05 8.280E+05 3.780E+06 39.3023 1.00000
  2.500E+11 2.500E+11 4.781E+00 2.649E+05 3.491E+05 4.341E+05 1.048E+06 1.048E+06 3.833E+06 39.7485 1.00000
  3.000E+11 3.000E+11 4.817E+00 3.179E+05 4.190E+05 5.343E+05 1.271E+06 1.271E+06 3.877E+06 40.1132 1.00000
  3.500E+11 3.500E+11 4.848E+00 3.709E+05 4.888E+05 6.370E+05 1.497E+06 1.497E+06 3.913E+06 40.4215 1.00000
  4.000E+11 4.000E+11 4.875E+00 4.239E+05 5.586E+05 7.418E+05 1.724E+06 1.724E+06 3.944E+06 40.6885 1.00000
  4.500E+11 4.500E+11 4.899E+00 4.769E+05 6.284E+05 8.485E+05 1.954E+06 1.954E+06 3.971E+06 40.9241 1.00000
  5.000E+11 5.000E+11 4.920E+00 5.299E+05 6.983E+05 9.569E+05 2.185E+06 2.185E+06 3.995E+06 41.1348 1.00000
  5.500E+11 5.500E+11 4.940E+00 5.829E+05 7.681E+05 1.067E+06 2.418E+06 2.418E+06 4.017E+06 41.3255 1.00000
  6.000E+11 6.000E+11 4.958E+00 6.359E+05 8.379E+05 1.178E+06 2.652E+06 2.652E+06 4.037E+06 41.4995 1.00000
  7.000E+11 7.000E+11 4.990E+00 7.418E+05 9.776E+05 1.405E+06 3.125E+06 3.125E+06 4.071E+06 41.8078 1.00000
  8.000E+11 8.000E+11 5.018E+00 8.478E+05 1.117E+06 1.637E+06 3.602E+06 3.602E+06 4.101E+06 42.0748 1.00000
  9.000E+11 9.000E+11 5.042E+00 9.538E+05 1.257E+06 1.873E+06 4.084E+06 4.084E+06 4.127E+06 42.3104 1.00000
  1.000E+12 1.000E+12 5.064E+00 1.060E+06 1.396E+06 2.113E+06 4.569E+06 4.569E+06 4.150E+06 42.5211 1.00000
