 Incident particle is a Muon with M = 105.65839 MeV
 Index = 0: NeonGas
      Absorber with <Z/A> = 0.49555
 Density effect computed following Fano (1963)
 Models for Radloss: brems =  SSR, pair =  SSR, photonuc = DRSS

 *** Table generated with PUMAS v1.1 ***

      T         p     Ionization  brems     pair     photonuc  Radloss    dE/dx   CSDA Range  delta   beta
    [MeV]    [MeV/c]  -----------------------[MeV cm^2/g]------------------------  [g/cm^2]
  1.000E+00 1.457E+01 4.021E+01 0.000E+00 0.000E+00 0.000E+00 0.000E+00 4.021E+01 1.244E-02  0.0000 0.13661
  1.200E+00 1.597E+01 3.482E+01 0.000E+00 0.000E+00 0.000E+00 0.000E+00 3.482E+01 1.780E-02  0.0000 0.14944
  1.400E+00 1.726E+01 3.082E+01 0.000E+00 0.000E+00 0.000E+00 0.000E+00 3.082E+01 2.391E-02  0.0000 0.16119
  1.700E+00 1.903E+01 2.641E+01 0.000E+00 0.000E+00 0.000E+00 0.000E+00 2.641E+01 3.447E-02  0.0000 0.17725
  2.000E+00 2.066E+01 2.320E+01 0.000E+00 0.000E+00 0.000E+00 0.000E+00 2.320E+01 4.662E-02  0.0000 0.19186
  2.500E+00 2.312E+01 1.941E+01 0.000E+00 0.000E+00 0.000E+00 0.000E+00 1.941E+01 7.029E-02  0.0000 0.21376
  3.000E+00 2.536E+01 1.678E+01 0.000E+00 0.000E+00 0.000E+00 0.000E+00 1.678E+01 9.809E-02  0.0000 0.23336
  3.500E+00 2.742E+01 1.483E+01 0.000E+00 0.000E+00 0.000E+00 0.000E+00 1.483E+01 1.299E-01  0.0000 0.25120
  4.000E+00 2.935E+01 1.334E+01 0.000E+00 0.000E+00 0.000E+00 0.000E+00 1.334E+01 1.655E-01  0.0000 0.26763
  4.500E+00 3.116E+01 1.215E+01 0.000E+00 0.000E+00 0.000E+00 0.000E+00 1.215E+01 2.048E-01  0.0000 0.28290
  5.000E+00 3.289E+01 1.118E+01 0.000E+00 0.000E+00 0.000E+00 0.000E+00 1.118E+01 2.477E-01  0.0000 0.29720
  5.500E+00 3.453E+01 1.037E+01 0.000E+00 0.000E+00 0.000E+00 0.000E+00 1.037E+01 2.942E-01  0.0000 0.31066
  6.000E+00 3.611E+01 9.691E+00 0.000E+00 0.000E+00 0.000E+00 0.000E+00 9.691E+00 3.441E-01  0.0000 0.32339
  7.000E+00 3.909E+01 8.598E+00 0.000E+00 0.000E+00 0.000E+00 0.000E+00 8.598E+00 4.539E-01  0.0000 0.34700
  8.000E+00 4.189E+01 7.760E+00 0.000E+00 0.000E+00 0.000E+00 0.000E+00 7.760E+00 5.765E-01  0.0000 0.36854
  9.000E+00 4.453E+01 7.096E+00 0.000E+00 0.000E+00 0.000E+00 0.000E+00 7.096E+00 7.115E-01  0.0000 0.38836
  1.000E+01 4.704E+01 6.556E+00 0.000E+00 0.000E+00 0.000E+00 0.000E+00 6.556E+00 8.582E-01  0.0000 0.40675
  1.200E+01 5.177E+01 5.732E+00 0.000E+00 0.000E+00 0.000E+00 0.000E+00 5.732E+00 1.185E+00  0.0000 0.43998
  1.400E+01 5.616E+01 5.130E+00 0.000E+00 0.000E+00 0.000E+00 0.000E+00 5.130E+00 1.555E+00  0.0000 0.46937
  1.700E+01 6.230E+01 4.481E+00 0.000E+00 0.000E+00 0.000E+00 0.000E+00 4.481E+00 2.183E+00  0.0000 0.50792
  2.000E+01 6.802E+01 4.019E+00 0.000E+00 0.000E+00 0.000E+00 0.000E+00 4.019E+00 2.891E+00  0.0000 0.54129
  2.500E+01 7.686E+01 3.487E+00 0.000E+00 0.000E+00 0.000E+00 0.000E+00 3.487E+00 4.233E+00  0.0000 0.58827
  3.000E+01 8.509E+01 3.128E+00 0.000E+00 0.000E+00 0.000E+00 0.000E+00 3.128E+00 5.751E+00  0.0000 0.62720
  3.500E+01 9.285E+01 2.870E+00 0.000E+00 0.000E+00 0.000E+00 0.000E+00 2.870E+00 7.423E+00  0.0000 0.66011
  4.000E+01 1.003E+02 2.676E+00 0.000E+00 0.000E+00 0.000E+00 0.000E+00 2.676E+00 9.230E+00  0.0000 0.68834
  4.500E+01 1.074E+02 2.526E+00 0.000E+00 0.000E+00 0.000E+00 0.000E+00 2.526E+00 1.115E+01  0.0000 0.71286
  5.000E+01 1.143E+02 2.407E+00 0.000E+00 0.000E+00 0.000E+00 0.000E+00 2.407E+00 1.318E+01  0.0000 0.73434
  5.500E+01 1.210E+02 2.310E+00 0.000E+00 0.000E+00 0.000E+00 0.000E+00 2.310E+00 1.531E+01  0.0000 0.75332
  6.000E+01 1.276E+02 2.230E+00 0.000E+00 0.000E+00 0.000E+00 0.000E+00 2.230E+00 1.751E+01  0.0000 0.77019
  7.000E+01 1.403E+02 2.108E+00 0.000E+00 0.000E+00 0.000E+00 0.000E+00 2.108E+00 2.213E+01  0.0000 0.79887
  8.000E+01 1.527E+02 2.019E+00 0.000E+00 0.000E+00 0.000E+00 0.000E+00 2.019E+00 2.698E+01  0.0000 0.82227
  9.000E+01 1.647E+02 1.952E+00 0.000E+00 0.000E+00 0.000E+00 0.000E+00 1.952E+00 3.202E+01  0.0000 0.84166
  1.000E+02 1.764E+02 1.902E+00 0.000E+00 0.000E+00 0.000E+00 0.000E+00 1.902E+00 3.721E+01  0.0000 0.85794
  1.200E+02 1.994E+02 1.832E+00 0.000E+00 0.000E+00 0.000E+00 0.000E+00 1.832E+00 4.794E+01  0.0000 0.88361
  1.400E+02 2.218E+02 1.788E+00 0.000E+00 0.000E+00 0.000E+00 0.000E+00 1.788E+00 5.901E+01  0.0000 0.90278
  1.700E+02 2.546E+02 1.751E+00 0.000E+00 0.000E+00 0.000E+00 0.000E+00 1.751E+00 7.598E+01  0.0000 0.92363
  2.000E+02 2.868E+02 1.732E+00 1.769E-05 6.354E-09 0.000E+00 1.770E-05 1.732E+00 9.322E+01  0.0000 0.93835
  2.500E+02 3.396E+02 1.724E+00 3.653E-05 1.606E-07 0.000E+00 3.669E-05 1.724E+00 1.222E+02  0.0000 0.95485
  3.000E+02 3.917E+02 1.729E+00 5.083E-05 1.077E-06 0.000E+00 5.191E-05 1.729E+00 1.511E+02  0.0000 0.96548
  3.500E+02 4.432E+02 1.741E+00 6.413E-05 2.822E-06 0.000E+00 6.696E-05 1.741E+00 1.800E+02  0.0000 0.97274
  4.000E+02 4.945E+02 1.756E+00 7.741E-05 5.379E-06 0.000E+00 8.278E-05 1.756E+00 2.086E+02  0.0000 0.97793
  4.500E+02 5.455E+02 1.772E+00 9.100E-05 8.730E-06 0.000E+00 9.973E-05 1.772E+00 2.369E+02  0.0000 0.98176
  5.000E+02 5.964E+02 1.788E+00 1.050E-04 1.286E-05 0.000E+00 1.179E-04 1.788E+00 2.650E+02  0.0000 0.98467
  5.500E+02 6.471E+02 1.805E+00 1.197E-04 1.774E-05 1.531E-05 1.527E-04 1.805E+00 2.928E+02  0.0000 0.98693
  6.000E+02 6.977E+02 1.821E+00 1.349E-04 2.335E-05 5.096E-05 2.092E-04 1.821E+00 3.204E+02  0.0000 0.98873
  7.000E+02 7.987E+02 1.852E+00 1.671E-04 3.667E-05 1.219E-04 3.257E-04 1.852E+00 3.749E+02  0.0000 0.99136
  8.000E+02 8.995E+02 1.881E+00 2.014E-04 5.266E-05 1.888E-04 4.428E-04 1.881E+00 4.284E+02  0.0000 0.99317
  9.000E+02 1.000E+03 1.908E+00 2.375E-04 7.115E-05 2.529E-04 5.615E-04 1.909E+00 4.812E+02  0.0000 0.99447
  1.000E+03 1.101E+03 1.933E+00 2.754E-04 9.199E-05 3.149E-04 6.823E-04 1.934E+00 5.332E+02  0.0000 0.99542
  1.200E+03 1.301E+03 1.978E+00 3.559E-04 1.402E-04 4.349E-04 9.310E-04 1.979E+00 6.354E+02  0.0000 0.99672
  1.400E+03 1.502E+03 2.018E+00 4.418E-04 1.964E-04 5.512E-04 1.189E-03 2.019E+00 7.354E+02  0.0000 0.99753
  1.700E+03 1.803E+03 2.070E+00 5.797E-04 2.938E-04 7.208E-04 1.594E-03 2.071E+00 8.821E+02  0.0000 0.99829
  2.000E+03 2.103E+03 2.114E+00 7.270E-04 4.054E-04 8.860E-04 2.018E-03 2.116E+00 1.025E+03  0.0000 0.99874
  2.500E+03 2.604E+03 2.175E+00 9.896E-04 6.183E-04 1.154E-03 2.762E-03 2.178E+00 1.258E+03  0.0000 0.99918
  3.000E+03 3.104E+03 2.226E+00 1.270E-03 8.603E-04 1.414E-03 3.544E-03 2.230E+00 1.485E+03  0.0000 0.99942
  3.500E+03 3.604E+03 2.269E+00 1.566E-03 1.127E-03 1.668E-03 4.361E-03 2.274E+00 1.707E+03  0.0000 0.99957
  4.000E+03 4.104E+03 2.307E+00 1.875E-03 1.430E-03 1.917E-03 5.222E-03 2.312E+00 1.925E+03  0.0000 0.99967
  4.500E+03 4.604E+03 2.340E+00 2.196E-03 1.758E-03 2.161E-03 6.115E-03 2.346E+00 2.140E+03  0.0000 0.99974
  5.000E+03 5.105E+03 2.370E+00 2.527E-03 2.105E-03 2.402E-03 7.034E-03 2.377E+00 2.351E+03  0.0000 0.99979
  5.500E+03 5.605E+03 2.397E+00 2.868E-03 2.470E-03 2.639E-03 7.977E-03 2.405E+00 2.560E+03  0.0000 0.99982
  6.000E+03 6.105E+03 2.421E+00 3.216E-03 2.851E-03 2.874E-03 8.941E-03 2.430E+00 2.767E+03  0.0000 0.99985
  7.000E+03 7.105E+03 2.465E+00 3.936E-03 3.656E-03 3.334E-03 1.093E-02 2.476E+00 3.175E+03  0.0000 0.99989
  8.000E+03 8.105E+03 2.502E+00 4.682E-03 4.512E-03 3.786E-03 1.298E-02 2.515E+00 3.576E+03  0.0000 0.99992
  9.000E+03 9.105E+03 2.535E+00 5.451E-03 5.414E-03 4.230E-03 1.509E-02 2.550E+00 3.970E+03  0.0000 0.99993
  1.000E+04 1.011E+04 2.564E+00 6.242E-03 6.355E-03 4.667E-03 1.726E-02 2.582E+00 4.360E+03  0.0000 0.99995
  1.200E+04 1.211E+04 2.615E+00 7.878E-03 8.343E-03 5.526E-03 2.175E-02 2.637E+00 5.126E+03  0.0000 0.99996
  1.400E+04 1.411E+04 2.656E+00 9.574E-03 1.045E-02 6.367E-03 2.639E-02 2.683E+00 5.878E+03  0.0178 0.99997
  1.700E+04 1.711E+04 2.702E+00 1.222E-02 1.380E-02 7.604E-03 3.362E-02 2.736E+00 6.985E+03  0.1098 0.99998
  2.000E+04 2.011E+04 2.737E+00 1.495E-02 1.734E-02 8.818E-03 4.111E-02 2.778E+00 8.073E+03  0.2327 0.99999
  2.500E+04 2.511E+04 2.781E+00 1.969E-02 2.356E-02 1.080E-02 5.405E-02 2.835E+00 9.854E+03  0.4516 0.99999
  3.000E+04 3.011E+04 2.813E+00 2.460E-02 3.013E-02 1.275E-02 6.748E-02 2.881E+00 1.160E+04  0.6629 0.99999
  3.500E+04 3.511E+04 2.839E+00 2.965E-02 3.697E-02 1.468E-02 8.130E-02 2.921E+00 1.333E+04  0.8586 1.00000
  4.000E+04 4.011E+04 2.861E+00 3.483E-02 4.404E-02 1.658E-02 9.545E-02 2.956E+00 1.503E+04  1.0382 1.00000
  4.500E+04 4.511E+04 2.879E+00 4.011E-02 5.130E-02 1.848E-02 1.099E-01 2.989E+00 1.671E+04  1.2028 1.00000
  5.000E+04 5.011E+04 2.895E+00 4.549E-02 5.873E-02 2.036E-02 1.246E-01 3.020E+00 1.837E+04  1.3541 1.00000
  5.500E+04 5.511E+04 2.909E+00 5.096E-02 6.630E-02 2.223E-02 1.395E-01 3.049E+00 2.002E+04  1.4938 1.00000
  6.000E+04 6.011E+04 2.922E+00 5.650E-02 7.400E-02 2.410E-02 1.546E-01 3.077E+00 2.165E+04  1.6233 1.00000
  7.000E+04 7.011E+04 2.944E+00 6.777E-02 8.975E-02 2.782E-02 1.853E-01 3.130E+00 2.488E+04  1.8567 1.00000
  8.000E+04 8.011E+04 2.963E+00 7.927E-02 1.059E-01 3.152E-02 2.167E-01 3.180E+00 2.805E+04  2.0622 1.00000
  9.000E+04 9.011E+04 2.979E+00 9.097E-02 1.223E-01 3.522E-02 2.485E-01 3.228E+00 3.117E+04  2.2456 1.00000
  1.000E+05 1.001E+05 2.994E+00 1.028E-01 1.390E-01 3.891E-02 2.808E-01 3.274E+00 3.424E+04  2.4112 1.00000
  1.200E+05 1.201E+05 3.018E+00 1.270E-01 1.731E-01 4.630E-02 3.464E-01 3.365E+00 4.027E+04  2.7008 1.00000
  1.400E+05 1.401E+05 3.039E+00 1.517E-01 2.079E-01 5.369E-02 4.133E-01 3.452E+00 4.614E+04  2.9484 1.00000
  1.700E+05 1.701E+05 3.064E+00 1.894E-01 2.613E-01 6.481E-02 5.155E-01 3.579E+00 5.467E+04  3.2640 1.00000
  2.000E+05 2.001E+05 3.085E+00 2.279E-01 3.156E-01 7.599E-02 6.194E-01 3.704E+00 6.291E+04  3.5316 1.00000
  2.500E+05 2.501E+05 3.113E+00 2.933E-01 4.077E-01 9.472E-02 7.957E-01 3.909E+00 7.605E+04  3.9051 1.00000
  3.000E+05 3.001E+05 3.136E+00 3.599E-01 5.015E-01 1.136E-01 9.750E-01 4.111E+00 8.852E+04  4.2165 1.00000
  3.500E+05 3.501E+05 3.154E+00 4.275E-01 5.964E-01 1.327E-01 1.157E+00 4.311E+00 1.004E+05  4.4847 1.00000
  4.000E+05 4.001E+05 3.170E+00 4.960E-01 6.923E-01 1.519E-01 1.340E+00 4.510E+00 1.117E+05  4.7211 1.00000
  4.500E+05 4.501E+05 3.184E+00 5.651E-01 7.889E-01 1.712E-01 1.525E+00 4.709E+00 1.226E+05  4.9328 1.00000
  5.000E+05 5.001E+05 3.196E+00 6.348E-01 8.861E-01 1.907E-01 1.712E+00 4.908E+00 1.330E+05  5.1247 1.00000
  5.500E+05 5.501E+05 3.207E+00 7.050E-01 9.839E-01 2.103E-01 1.899E+00 5.106E+00 1.430E+05  5.3003 1.00000
  6.000E+05 6.001E+05 3.217E+00 7.757E-01 1.082E+00 2.300E-01 2.088E+00 5.305E+00 1.526E+05  5.4622 1.00000
  7.000E+05 7.001E+05 3.234E+00 9.181E-01 1.280E+00 2.699E-01 2.468E+00 5.702E+00 1.708E+05  5.7523 1.00000
  8.000E+05 8.001E+05 3.249E+00 1.062E+00 1.478E+00 3.101E-01 2.850E+00 6.099E+00 1.877E+05  6.0068 1.00000
  9.000E+05 9.001E+05 3.261E+00 1.207E+00 1.678E+00 3.508E-01 3.236E+00 6.497E+00 2.036E+05  6.2333 1.00000
  1.000E+06 1.000E+06 3.273E+00 1.352E+00 1.879E+00 3.918E-01 3.623E+00 6.896E+00 2.185E+05  6.4374 1.00000
  1.200E+06 1.200E+06 3.293E+00 1.646E+00 2.282E+00 4.749E-01 4.403E+00 7.695E+00 2.460E+05  6.7930 1.00000
  1.400E+06 1.400E+06 3.309E+00 1.942E+00 2.687E+00 5.592E-01 5.188E+00 8.497E+00 2.707E+05  7.0957 1.00000
  1.700E+06 1.700E+06 3.330E+00 2.390E+00 3.297E+00 6.877E-01 6.375E+00 9.705E+00 3.037E+05  7.4789 1.00000
  2.000E+06 2.000E+06 3.347E+00 2.840E+00 3.910E+00 8.183E-01 7.569E+00 1.092E+01 3.328E+05  7.8009 1.00000
  2.500E+06 2.500E+06 3.371E+00 3.597E+00 4.936E+00 1.040E+00 9.573E+00 1.294E+01 3.749E+05  8.2443 1.00000
  3.000E+06 3.000E+06 3.391E+00 4.358E+00 5.965E+00 1.266E+00 1.159E+01 1.498E+01 4.107E+05  8.6074 1.00000
  3.500E+06 3.500E+06 3.408E+00 5.123E+00 6.997E+00 1.496E+00 1.362E+01 1.702E+01 4.420E+05  8.9147 1.00000
  4.000E+06 4.000E+06 3.423E+00 5.892E+00 8.031E+00 1.730E+00 1.565E+01 1.907E+01 4.698E+05  9.1812 1.00000
  4.500E+06 4.500E+06 3.435E+00 6.662E+00 9.066E+00 1.966E+00 1.769E+01 2.113E+01 4.947E+05  9.4163 1.00000
  5.000E+06 5.000E+06 3.447E+00 7.434E+00 1.010E+01 2.205E+00 1.974E+01 2.319E+01 5.172E+05  9.6267 1.00000
  5.500E+06 5.500E+06 3.458E+00 8.208E+00 1.114E+01 2.446E+00 2.179E+01 2.525E+01 5.379E+05  9.8171 1.00000
  6.000E+06 6.000E+06 3.467E+00 8.984E+00 1.218E+01 2.690E+00 2.385E+01 2.732E+01 5.569E+05  9.9910 1.00000
  7.000E+06 7.000E+06 3.485E+00 1.054E+01 1.426E+01 3.184E+00 2.798E+01 3.146E+01 5.910E+05 10.2990 1.00000
  8.000E+06 8.000E+06 3.500E+00 1.210E+01 1.634E+01 3.686E+00 3.212E+01 3.562E+01 6.209E+05 10.5659 1.00000
  9.000E+06 9.000E+06 3.513E+00 1.366E+01 1.842E+01 4.194E+00 3.627E+01 3.979E+01 6.474E+05 10.8014 1.00000
  1.000E+07 1.000E+07 3.525E+00 1.522E+01 2.051E+01 4.709E+00 4.044E+01 4.396E+01 6.713E+05 11.0120 1.00000
  1.200E+07 1.200E+07 3.546E+00 1.835E+01 2.468E+01 5.754E+00 4.879E+01 5.233E+01 7.130E+05 11.3766 1.00000
  1.400E+07 1.400E+07 3.563E+00 2.149E+01 2.886E+01 6.819E+00 5.716E+01 6.073E+01 7.484E+05 11.6848 1.00000
  1.700E+07 1.700E+07 3.586E+00 2.621E+01 3.512E+01 8.448E+00 6.978E+01 7.336E+01 7.933E+05 12.0731 1.00000
  2.000E+07 2.000E+07 3.605E+00 3.093E+01 4.140E+01 1.011E+01 8.243E+01 8.604E+01 8.310E+05 12.3981 1.00000
  2.500E+07 2.500E+07 3.631E+00 3.881E+01 5.186E+01 1.294E+01 1.036E+02 1.072E+02 8.830E+05 12.8443 1.00000
  3.000E+07 3.000E+07 3.653E+00 4.670E+01 6.233E+01 1.583E+01 1.249E+02 1.285E+02 9.255E+05 13.2089 1.00000
  3.500E+07 3.500E+07 3.672E+00 5.460E+01 7.280E+01 1.878E+01 1.462E+02 1.499E+02 9.615E+05 13.5172 1.00000
  4.000E+07 4.000E+07 3.688E+00 6.251E+01 8.327E+01 2.178E+01 1.676E+02 1.712E+02 9.927E+05 13.7843 1.00000
  4.500E+07 4.500E+07 3.702E+00 7.042E+01 9.375E+01 2.482E+01 1.890E+02 1.927E+02 1.020E+06 14.0199 1.00000
  5.000E+07 5.000E+07 3.715E+00 7.833E+01 1.042E+02 2.790E+01 2.105E+02 2.142E+02 1.045E+06 14.2306 1.00000
  5.500E+07 5.500E+07 3.727E+00 8.624E+01 1.147E+02 3.102E+01 2.320E+02 2.357E+02 1.067E+06 14.4212 1.00000
  6.000E+07 6.000E+07 3.737E+00 9.416E+01 1.252E+02 3.417E+01 2.535E+02 2.573E+02 1.087E+06 14.5952 1.00000
  7.000E+07 7.000E+07 3.756E+00 1.100E+02 1.462E+02 4.056E+01 2.967E+02 3.005E+02 1.123E+06 14.9035 1.00000
  8.000E+07 8.000E+07 3.773E+00 1.259E+02 1.671E+02 4.705E+01 3.400E+02 3.438E+02 1.154E+06 15.1706 1.00000
  9.000E+07 9.000E+07 3.788E+00 1.417E+02 1.881E+02 5.364E+01 3.834E+02 3.872E+02 1.182E+06 15.4061 1.00000
  1.000E+08 1.000E+08 3.801E+00 1.576E+02 2.091E+02 6.032E+01 4.270E+02 4.308E+02 1.206E+06 15.6169 1.00000
  1.200E+08 1.200E+08 3.824E+00 1.893E+02 2.510E+02 7.391E+01 5.142E+02 5.180E+02 1.249E+06 15.9815 1.00000
  1.400E+08 1.400E+08 3.844E+00 2.210E+02 2.930E+02 8.777E+01 6.018E+02 6.056E+02 1.284E+06 16.2898 1.00000
  1.700E+08 1.700E+08 3.869E+00 2.686E+02 3.559E+02 1.090E+02 7.335E+02 7.374E+02 1.329E+06 16.6781 1.00000
  2.000E+08 2.000E+08 3.890E+00 3.162E+02 4.189E+02 1.307E+02 8.658E+02 8.697E+02 1.366E+06 17.0031 1.00000
  2.500E+08 2.500E+08 3.920E+00 3.956E+02 5.238E+02 1.676E+02 1.087E+03 1.091E+03 1.418E+06 17.4494 1.00000
  3.000E+08 3.000E+08 3.944E+00 4.750E+02 6.287E+02 2.055E+02 1.309E+03 1.313E+03 1.459E+06 17.8141 1.00000
  3.500E+08 3.500E+08 3.965E+00 5.543E+02 7.337E+02 2.442E+02 1.532E+03 1.536E+03 1.495E+06 18.1224 1.00000
  4.000E+08 4.000E+08 3.983E+00 6.337E+02 8.386E+02 2.835E+02 1.756E+03 1.760E+03 1.525E+06 18.3894 1.00000
  4.500E+08 4.500E+08 3.999E+00 7.131E+02 9.436E+02 3.234E+02 1.980E+03 1.984E+03 1.552E+06 18.6250 1.00000
  5.000E+08 5.000E+08 4.013E+00 7.925E+02 1.049E+03 3.639E+02 2.205E+03 2.209E+03 1.576E+06 18.8357 1.00000
  5.500E+08 5.500E+08 4.026E+00 8.719E+02 1.153E+03 4.049E+02 2.430E+03 2.434E+03 1.597E+06 19.0263 1.00000
  6.000E+08 6.000E+08 4.038E+00 9.513E+02 1.258E+03 4.463E+02 2.656E+03 2.660E+03 1.617E+06 19.2004 1.00000
  7.000E+08 7.000E+08 4.060E+00 1.110E+03 1.468E+03 5.304E+02 3.109E+03 3.113E+03 1.652E+06 19.5086 1.00000
  8.000E+08 8.000E+08 4.078E+00 1.269E+03 1.678E+03 6.160E+02 3.563E+03 3.567E+03 1.682E+06 19.7757 1.00000
  9.000E+08 9.000E+08 4.095E+00 1.428E+03 1.888E+03 7.030E+02 4.019E+03 4.023E+03 1.708E+06 20.0112 1.00000
  1.000E+09 1.000E+09 4.110E+00 1.587E+03 2.098E+03 7.911E+02 4.476E+03 4.480E+03 1.731E+06 20.2219 1.00000
  1.200E+09 1.200E+09 4.135E+00 1.904E+03 2.518E+03 9.706E+02 5.393E+03 5.397E+03 1.772E+06 20.5865 1.00000
  1.400E+09 1.400E+09 4.158E+00 2.222E+03 2.938E+03 1.154E+03 6.314E+03 6.318E+03 1.806E+06 20.8945 1.00000
  1.700E+09 1.700E+09 4.186E+00 2.698E+03 3.568E+03 1.435E+03 7.701E+03 7.705E+03 1.849E+06 21.2828 1.00000
  2.000E+09 2.000E+09 4.209E+00 3.175E+03 4.197E+03 1.722E+03 9.095E+03 9.099E+03 1.885E+06 21.6063 1.00000
  2.500E+09 2.500E+09 4.242E+00 3.969E+03 5.247E+03 2.213E+03 1.143E+04 1.143E+04 1.934E+06 22.0526 1.00000
  3.000E+09 3.000E+09 4.270E+00 4.763E+03 6.297E+03 2.717E+03 1.378E+04 1.378E+04 1.974E+06 22.4107 1.00000
  3.500E+09 3.500E+09 4.293E+00 5.557E+03 7.346E+03 3.231E+03 1.613E+04 1.614E+04 2.007E+06 22.7190 1.00000
  4.000E+09 4.000E+09 4.313E+00 6.352E+03 8.396E+03 3.755E+03 1.850E+04 1.851E+04 2.036E+06 22.9861 1.00000
  4.500E+09 4.500E+09 4.333E+00 7.146E+03 9.446E+03 4.287E+03 2.088E+04 2.088E+04 2.062E+06 23.1925 1.00000
  5.000E+09 5.000E+09 4.349E+00 7.940E+03 1.050E+04 4.827E+03 2.326E+04 2.327E+04 2.084E+06 23.4032 1.00000
  5.500E+09 5.500E+09 4.364E+00 8.734E+03 1.155E+04 5.374E+03 2.565E+04 2.566E+04 2.105E+06 23.5938 1.00000
  6.000E+09 6.000E+09 4.377E+00 9.528E+03 1.259E+04 5.927E+03 2.805E+04 2.805E+04 2.123E+06 23.7679 1.00000
  7.000E+09 7.000E+09 4.401E+00 1.112E+04 1.469E+04 7.052E+03 3.286E+04 3.287E+04 2.156E+06 24.0762 1.00000
  8.000E+09 8.000E+09 4.434E+00 1.271E+04 1.679E+04 8.197E+03 3.770E+04 3.770E+04 2.185E+06 24.1878 1.00000
  9.000E+09 9.000E+09 4.452E+00 1.429E+04 1.889E+04 9.362E+03 4.255E+04 4.255E+04 2.210E+06 24.4233 1.00000
  1.000E+10 1.000E+10 4.469E+00 1.588E+04 2.099E+04 1.054E+04 4.742E+04 4.742E+04 2.232E+06 24.6340 1.00000
  1.200E+10 1.200E+10 4.498E+00 1.906E+04 2.519E+04 1.295E+04 5.720E+04 5.721E+04 2.270E+06 24.9987 1.00000
  1.400E+10 1.400E+10 4.523E+00 2.224E+04 2.939E+04 1.541E+04 6.704E+04 6.704E+04 2.302E+06 25.3070 1.00000
  1.700E+10 1.700E+10 4.554E+00 2.700E+04 3.569E+04 1.919E+04 8.188E+04 8.189E+04 2.343E+06 25.6953 1.00000
  2.000E+10 2.000E+10 4.581E+00 3.177E+04 4.199E+04 2.306E+04 9.681E+04 9.682E+04 2.377E+06 26.0203 1.00000
  2.500E+10 2.500E+10 4.617E+00 3.971E+04 5.248E+04 2.968E+04 1.219E+05 1.219E+05 2.423E+06 26.4666 1.00000
  3.000E+10 3.000E+10 4.648E+00 4.765E+04 6.298E+04 3.648E+04 1.471E+05 1.471E+05 2.460E+06 26.8313 1.00000
  3.500E+10 3.500E+10 4.673E+00 5.559E+04 7.348E+04 4.344E+04 1.725E+05 1.725E+05 2.491E+06 27.1396 1.00000
  4.000E+10 4.000E+10 4.696E+00 6.353E+04 8.397E+04 5.053E+04 1.980E+05 1.980E+05 2.518E+06 27.4066 1.00000
  4.500E+10 4.500E+10 4.716E+00 7.148E+04 9.447E+04 5.774E+04 2.237E+05 2.237E+05 2.542E+06 27.6422 1.00000
  5.000E+10 5.000E+10 4.734E+00 7.942E+04 1.050E+05 6.506E+04 2.494E+05 2.494E+05 2.563E+06 27.8529 1.00000
  5.500E+10 5.500E+10 4.750E+00 8.736E+04 1.155E+05 7.248E+04 2.753E+05 2.753E+05 2.582E+06 28.0435 1.00000
  6.000E+10 6.000E+10 4.765E+00 9.530E+04 1.260E+05 8.000E+04 3.013E+05 3.013E+05 2.600E+06 28.2176 1.00000
  7.000E+10 7.000E+10 4.792E+00 1.112E+05 1.470E+05 9.528E+04 3.534E+05 3.534E+05 2.630E+06 28.5259 1.00000
  8.000E+10 8.000E+10 4.815E+00 1.271E+05 1.679E+05 1.109E+05 4.059E+05 4.059E+05 2.657E+06 28.7929 1.00000
  9.000E+10 9.000E+10 4.836E+00 1.430E+05 1.889E+05 1.267E+05 4.586E+05 4.586E+05 2.680E+06 29.0285 1.00000
  1.000E+11 1.000E+11 4.854E+00 1.588E+05 2.099E+05 1.428E+05 5.116E+05 5.116E+05 2.700E+06 29.2392 1.00000
  1.200E+11 1.200E+11 4.887E+00 1.906E+05 2.519E+05 1.757E+05 6.182E+05 6.182E+05 2.736E+06 29.6039 1.00000
  1.400E+11 1.400E+11 4.914E+00 2.224E+05 2.939E+05 2.094E+05 7.256E+05 7.256E+05 2.766E+06 29.9122 1.00000
  1.700E+11 1.700E+11 4.949E+00 2.700E+05 3.569E+05 2.611E+05 8.880E+05 8.880E+05 2.803E+06 30.3005 1.00000
  2.000E+11 2.000E+11 4.979E+00 3.177E+05 4.199E+05 3.141E+05 1.052E+06 1.052E+06 2.834E+06 30.6255 1.00000
  2.500E+11 2.500E+11 5.020E+00 3.971E+05 5.248E+05 4.050E+05 1.327E+06 1.327E+06 2.876E+06 31.0718 1.00000
  3.000E+11 3.000E+11 5.054E+00 4.765E+05 6.298E+05 4.985E+05 1.605E+06 1.605E+06 2.911E+06 31.4364 1.00000
  3.500E+11 3.500E+11 5.083E+00 5.559E+05 7.347E+05 5.942E+05 1.885E+06 1.885E+06 2.939E+06 31.7447 1.00000
  4.000E+11 4.000E+11 5.108E+00 6.354E+05 8.397E+05 6.920E+05 2.167E+06 2.167E+06 2.964E+06 32.0118 1.00000
  4.500E+11 4.500E+11 5.130E+00 7.148E+05 9.446E+05 7.915E+05 2.451E+06 2.451E+06 2.986E+06 32.2474 1.00000
  5.000E+11 5.000E+11 5.150E+00 7.942E+05 1.050E+06 8.927E+05 2.736E+06 2.736E+06 3.005E+06 32.4581 1.00000
  5.500E+11 5.500E+11 5.169E+00 8.736E+05 1.155E+06 9.953E+05 3.023E+06 3.023E+06 3.022E+06 32.6487 1.00000
  6.000E+11 6.000E+11 5.185E+00 9.530E+05 1.260E+06 1.099E+06 3.312E+06 3.312E+06 3.038E+06 32.8227 1.00000
  7.000E+11 7.000E+11 5.215E+00 1.112E+06 1.469E+06 1.311E+06 3.892E+06 3.892E+06 3.066E+06 33.1310 1.00000
  8.000E+11 8.000E+11 5.241E+00 1.271E+06 1.679E+06 1.527E+06 4.477E+06 4.477E+06 3.090E+06 33.3981 1.00000
  9.000E+11 9.000E+11 5.264E+00 1.430E+06 1.889E+06 1.747E+06 5.066E+06 5.066E+06 3.111E+06 33.6337 1.00000
  1.000E+12 1.000E+12 5.285E+00 1.588E+06 2.099E+06 1.971E+06 5.659E+06 5.659E+06 3.130E+06 33.8444 1.00000
