 Incident particle is a Muon with M = 105.65839 MeV
 Index = 0: NylonType666
      Absorber with <Z/A> = 0.54790
 Density effect computed following Fano (1963)
 Models for Radloss: brems =  SSR, pair =  SSR, photonuc = DRSS

 *** Table generated with PUMAS v1.1 ***

      T         p     Ionization  brems     pair     photonuc  Radloss    dE/dx   CSDA Range  delta   beta
    [MeV]    [MeV/c]  -----------------------[MeV cm^2/g]------------------------  [g/cm^2]
  1.000E+00 1.457E+01 5.133E+01 0.000E+00 0.000E+00 0.000E+00 0.000E+00 5.133E+01 9.741E-03  0.0000 0.13661
  1.200E+00 1.597E+01 4.425E+01 0.000E+00 0.000E+00 0.000E+00 0.000E+00 4.425E+01 1.395E-02  0.0000 0.14944
  1.400E+00 1.726E+01 3.901E+01 0.000E+00 0.000E+00 0.000E+00 0.000E+00 3.901E+01 1.877E-02  0.0000 0.16119
  1.700E+00 1.903E+01 3.328E+01 0.000E+00 0.000E+00 0.000E+00 0.000E+00 3.328E+01 2.713E-02  0.0000 0.17725
  2.000E+00 2.066E+01 2.913E+01 0.000E+00 0.000E+00 0.000E+00 0.000E+00 2.913E+01 3.679E-02  0.0000 0.19186
  2.500E+00 2.312E+01 2.427E+01 0.000E+00 0.000E+00 0.000E+00 0.000E+00 2.427E+01 5.568E-02  0.0000 0.21376
  3.000E+00 2.536E+01 2.090E+01 0.000E+00 0.000E+00 0.000E+00 0.000E+00 2.090E+01 7.796E-02  0.0000 0.23336
  3.500E+00 2.742E+01 1.844E+01 0.000E+00 0.000E+00 0.000E+00 0.000E+00 1.844E+01 1.035E-01  0.0000 0.25120
  4.000E+00 2.935E+01 1.654E+01 0.000E+00 0.000E+00 0.000E+00 0.000E+00 1.654E+01 1.322E-01  0.0000 0.26763
  4.500E+00 3.116E+01 1.504E+01 0.000E+00 0.000E+00 0.000E+00 0.000E+00 1.504E+01 1.639E-01  0.0000 0.28290
  5.000E+00 3.289E+01 1.381E+01 0.000E+00 0.000E+00 0.000E+00 0.000E+00 1.381E+01 1.986E-01  0.0000 0.29720
  5.500E+00 3.453E+01 1.280E+01 0.000E+00 0.000E+00 0.000E+00 0.000E+00 1.280E+01 2.363E-01  0.0000 0.31066
  6.000E+00 3.611E+01 1.194E+01 0.000E+00 0.000E+00 0.000E+00 0.000E+00 1.194E+01 2.768E-01  0.0000 0.32339
  7.000E+00 3.909E+01 1.057E+01 0.000E+00 0.000E+00 0.000E+00 0.000E+00 1.057E+01 3.660E-01  0.0000 0.34700
  8.000E+00 4.189E+01 9.524E+00 0.000E+00 0.000E+00 0.000E+00 0.000E+00 9.524E+00 4.658E-01  0.0000 0.36854
  9.000E+00 4.453E+01 8.696E+00 0.000E+00 0.000E+00 0.000E+00 0.000E+00 8.696E+00 5.758E-01  0.0000 0.38836
  1.000E+01 4.704E+01 8.025E+00 0.000E+00 0.000E+00 0.000E+00 0.000E+00 8.025E+00 6.956E-01  0.0000 0.40675
  1.200E+01 5.177E+01 7.000E+00 0.000E+00 0.000E+00 0.000E+00 0.000E+00 7.000E+00 9.633E-01  0.0000 0.43998
  1.400E+01 5.616E+01 6.255E+00 0.000E+00 0.000E+00 0.000E+00 0.000E+00 6.255E+00 1.266E+00  0.0000 0.46937
  1.700E+01 6.230E+01 5.452E+00 0.000E+00 0.000E+00 0.000E+00 0.000E+00 5.452E+00 1.782E+00  0.0000 0.50792
  2.000E+01 6.802E+01 4.881E+00 0.000E+00 0.000E+00 0.000E+00 0.000E+00 4.881E+00 2.365E+00  0.0000 0.54129
  2.500E+01 7.686E+01 4.226E+00 6.414E-10 0.000E+00 0.000E+00 6.414E-10 4.226E+00 3.470E+00  0.0000 0.58827
  3.000E+01 8.509E+01 3.784E+00 9.401E-08 0.000E+00 0.000E+00 9.401E-08 3.784E+00 4.724E+00  0.0000 0.62720
  3.500E+01 9.285E+01 3.467E+00 1.098E-07 0.000E+00 0.000E+00 1.098E-07 3.467E+00 6.107E+00  0.0000 0.66011
  4.000E+01 1.003E+02 3.229E+00 1.176E-07 0.000E+00 0.000E+00 1.176E-07 3.229E+00 7.603E+00  0.0011 0.68834
  4.500E+01 1.074E+02 3.045E+00 1.256E-07 0.000E+00 0.000E+00 1.256E-07 3.045E+00 9.199E+00  0.0048 0.71286
  5.000E+01 1.143E+02 2.897E+00 1.339E-07 0.000E+00 0.000E+00 1.339E-07 2.897E+00 1.088E+01  0.0108 0.73434
  5.500E+01 1.210E+02 2.778E+00 1.424E-07 0.000E+00 0.000E+00 1.424E-07 2.778E+00 1.265E+01  0.0187 0.75332
  6.000E+01 1.276E+02 2.678E+00 1.512E-07 0.000E+00 0.000E+00 1.512E-07 2.678E+00 1.448E+01  0.0283 0.77019
  7.000E+01 1.403E+02 2.525E+00 1.695E-07 0.000E+00 0.000E+00 1.695E-07 2.525E+00 1.833E+01  0.0515 0.79887
  8.000E+01 1.527E+02 2.412E+00 1.888E-07 0.000E+00 0.000E+00 1.888E-07 2.412E+00 2.239E+01  0.0788 0.82227
  9.000E+01 1.647E+02 2.327E+00 2.092E-07 0.000E+00 0.000E+00 2.092E-07 2.327E+00 2.661E+01  0.1092 0.84166
  1.000E+02 1.764E+02 2.261E+00 2.304E-07 0.000E+00 0.000E+00 2.304E-07 2.261E+00 3.098E+01  0.1417 0.85794
  1.200E+02 1.994E+02 2.167E+00 2.759E-07 0.000E+00 0.000E+00 2.759E-07 2.167E+00 4.002E+01  0.2108 0.88361
  1.400E+02 2.218E+02 2.105E+00 3.401E-06 0.000E+00 0.000E+00 3.401E-06 2.105E+00 4.940E+01  0.2828 0.90278
  1.700E+02 2.546E+02 2.047E+00 1.171E-05 1.121E-09 0.000E+00 1.171E-05 2.047E+00 6.386E+01  0.3918 0.92363
  2.000E+02 2.868E+02 2.014E+00 1.759E-05 8.618E-09 0.000E+00 1.760E-05 2.014E+00 7.865E+01  0.4991 0.93835
  2.500E+02 3.396E+02 1.985E+00 2.515E-05 1.092E-07 0.000E+00 2.526E-05 1.985E+00 1.037E+02  0.6697 0.95485
  3.000E+02 3.917E+02 1.975E+00 3.213E-05 6.770E-07 0.000E+00 3.280E-05 1.975E+00 1.289E+02  0.8283 0.96548
  3.500E+02 4.432E+02 1.974E+00 3.938E-05 1.749E-06 0.000E+00 4.113E-05 1.974E+00 1.543E+02  0.9753 0.97274
  4.000E+02 4.945E+02 1.978E+00 4.707E-05 3.316E-06 0.000E+00 5.038E-05 1.978E+00 1.796E+02  1.1114 0.97793
  4.500E+02 5.455E+02 1.984E+00 5.523E-05 5.366E-06 0.000E+00 6.059E-05 1.984E+00 2.048E+02  1.2378 0.98176
  5.000E+02 5.964E+02 1.992E+00 6.384E-05 7.887E-06 0.000E+00 7.173E-05 1.992E+00 2.300E+02  1.3556 0.98467
  5.500E+02 6.471E+02 2.000E+00 7.287E-05 1.087E-05 1.559E-05 9.932E-05 2.001E+00 2.550E+02  1.4658 0.98693
  6.000E+02 6.977E+02 2.009E+00 8.229E-05 1.429E-05 5.184E-05 1.484E-04 2.010E+00 2.800E+02  1.5693 0.98873
  7.000E+02 7.987E+02 2.028E+00 1.023E-04 2.242E-05 1.240E-04 2.487E-04 2.028E+00 3.295E+02  1.7589 0.99136
  8.000E+02 8.995E+02 2.045E+00 1.236E-04 3.217E-05 1.923E-04 3.481E-04 2.046E+00 3.786E+02  1.9293 0.99317
  9.000E+02 1.000E+03 2.062E+00 1.462E-04 4.344E-05 2.577E-04 4.474E-04 2.063E+00 4.273E+02  2.0840 0.99447
  1.000E+03 1.101E+03 2.078E+00 1.699E-04 5.614E-05 3.212E-04 5.472E-04 2.078E+00 4.756E+02  2.2258 0.99542
  1.200E+03 1.301E+03 2.107E+00 2.204E-04 8.552E-05 4.441E-04 7.500E-04 2.107E+00 5.711E+02  2.4787 0.99672
  1.400E+03 1.502E+03 2.132E+00 2.746E-04 1.197E-04 5.635E-04 9.578E-04 2.133E+00 6.654E+02  2.6997 0.99753
  1.700E+03 1.803E+03 2.165E+00 3.619E-04 1.791E-04 7.379E-04 1.279E-03 2.166E+00 8.050E+02  2.9879 0.99829
  2.000E+03 2.103E+03 2.193E+00 4.553E-04 2.471E-04 9.081E-04 1.611E-03 2.194E+00 9.426E+02  3.2379 0.99874
  2.500E+03 2.604E+03 2.231E+00 6.227E-04 3.768E-04 1.185E-03 2.184E-03 2.233E+00 1.168E+03  3.5946 0.99918
  3.000E+03 3.104E+03 2.261E+00 8.025E-04 5.243E-04 1.454E-03 2.781E-03 2.264E+00 1.391E+03  3.8980 0.99942
  3.500E+03 3.604E+03 2.287E+00 9.925E-04 6.871E-04 1.718E-03 3.397E-03 2.290E+00 1.610E+03  4.1625 0.99957
  4.000E+03 4.104E+03 2.309E+00 1.192E-03 8.784E-04 1.976E-03 4.046E-03 2.313E+00 1.827E+03  4.3974 0.99967
  4.500E+03 4.604E+03 2.328E+00 1.399E-03 1.089E-03 2.230E-03 4.718E-03 2.333E+00 2.043E+03  4.6086 0.99974
  5.000E+03 5.105E+03 2.345E+00 1.613E-03 1.311E-03 2.481E-03 5.405E-03 2.350E+00 2.256E+03  4.8004 0.99979
  5.500E+03 5.605E+03 2.360E+00 1.833E-03 1.546E-03 2.728E-03 6.107E-03 2.366E+00 2.468E+03  4.9761 0.99982
  6.000E+03 6.105E+03 2.373E+00 2.059E-03 1.791E-03 2.973E-03 6.823E-03 2.380E+00 2.679E+03  5.1382 0.99985
  7.000E+03 7.105E+03 2.397E+00 2.528E-03 2.310E-03 3.454E-03 8.291E-03 2.405E+00 3.097E+03  5.4285 0.99989
  8.000E+03 8.105E+03 2.417E+00 3.014E-03 2.863E-03 3.926E-03 9.803E-03 2.427E+00 3.511E+03  5.6830 0.99992
  9.000E+03 9.105E+03 2.434E+00 3.517E-03 3.447E-03 4.391E-03 1.135E-02 2.445E+00 3.921E+03  5.9094 0.99993
  1.000E+04 1.011E+04 2.449E+00 4.033E-03 4.057E-03 4.850E-03 1.294E-02 2.462E+00 4.329E+03  6.1132 0.99995
  1.200E+04 1.211E+04 2.476E+00 5.103E-03 5.348E-03 5.752E-03 1.620E-02 2.492E+00 5.136E+03  6.4683 0.99996
  1.400E+04 1.411E+04 2.497E+00 6.215E-03 6.721E-03 6.637E-03 1.957E-02 2.517E+00 5.935E+03  6.7703 0.99997
  1.700E+04 1.711E+04 2.524E+00 7.952E-03 8.906E-03 7.941E-03 2.480E-02 2.549E+00 7.119E+03  7.1525 0.99998
  2.000E+04 2.011E+04 2.546E+00 9.756E-03 1.122E-02 9.222E-03 3.020E-02 2.576E+00 8.290E+03  7.4736 0.99999
  2.500E+04 2.511E+04 2.575E+00 1.288E-02 1.530E-02 1.132E-02 3.951E-02 2.614E+00 1.022E+04  7.9159 0.99999
  3.000E+04 3.011E+04 2.598E+00 1.614E-02 1.962E-02 1.339E-02 4.914E-02 2.647E+00 1.212E+04  8.2780 0.99999
  3.500E+04 3.511E+04 2.618E+00 1.949E-02 2.413E-02 1.543E-02 5.905E-02 2.677E+00 1.399E+04  8.5847 1.00000
  4.000E+04 4.011E+04 2.634E+00 2.293E-02 2.879E-02 1.745E-02 6.917E-02 2.703E+00 1.585E+04  8.8506 1.00000
  4.500E+04 4.511E+04 2.649E+00 2.644E-02 3.360E-02 1.946E-02 7.950E-02 2.728E+00 1.769E+04  9.0853 1.00000
  5.000E+04 5.011E+04 2.661E+00 3.002E-02 3.852E-02 2.147E-02 9.000E-02 2.751E+00 1.952E+04  9.2953 1.00000
  5.500E+04 5.511E+04 2.673E+00 3.366E-02 4.354E-02 2.346E-02 1.007E-01 2.773E+00 2.133E+04  9.4854 1.00000
  6.000E+04 6.011E+04 2.683E+00 3.735E-02 4.866E-02 2.545E-02 1.114E-01 2.795E+00 2.312E+04  9.6590 1.00000
  7.000E+04 7.011E+04 2.701E+00 4.486E-02 5.913E-02 2.941E-02 1.334E-01 2.835E+00 2.668E+04  9.9666 1.00000
  8.000E+04 8.011E+04 2.717E+00 5.255E-02 6.987E-02 3.336E-02 1.558E-01 2.873E+00 3.018E+04 10.2332 1.00000
  9.000E+04 9.011E+04 2.731E+00 6.037E-02 8.085E-02 3.731E-02 1.785E-01 2.909E+00 3.364E+04 10.4684 1.00000
  1.000E+05 1.001E+05 2.743E+00 6.832E-02 9.202E-02 4.126E-02 2.016E-01 2.944E+00 3.706E+04 10.6788 1.00000
  1.200E+05 1.201E+05 2.764E+00 8.452E-02 1.149E-01 4.915E-02 2.485E-01 3.012E+00 4.377E+04 11.0431 1.00000
  1.400E+05 1.401E+05 2.781E+00 1.011E-01 1.382E-01 5.706E-02 2.964E-01 3.077E+00 5.034E+04 11.3511 1.00000
  1.700E+05 1.701E+05 2.803E+00 1.265E-01 1.741E-01 6.897E-02 3.695E-01 3.173E+00 5.994E+04 11.7391 1.00000
  2.000E+05 2.001E+05 2.821E+00 1.524E-01 2.107E-01 8.093E-02 4.440E-01 3.265E+00 6.926E+04 12.0639 1.00000
  2.500E+05 2.501E+05 2.846E+00 1.964E-01 2.730E-01 1.010E-01 5.705E-01 3.417E+00 8.423E+04 12.5100 1.00000
  3.000E+05 3.001E+05 2.867E+00 2.415E-01 3.366E-01 1.213E-01 6.993E-01 3.566E+00 9.855E+04 12.8745 1.00000
  3.500E+05 3.501E+05 2.884E+00 2.872E-01 4.010E-01 1.417E-01 8.299E-01 3.714E+00 1.123E+05 13.1827 1.00000
  4.000E+05 4.001E+05 2.899E+00 3.335E-01 4.661E-01 1.623E-01 9.620E-01 3.861E+00 1.255E+05 13.4496 1.00000
  4.500E+05 4.501E+05 2.912E+00 3.804E-01 5.319E-01 1.831E-01 1.095E+00 4.008E+00 1.382E+05 13.6851 1.00000
  5.000E+05 5.001E+05 2.924E+00 4.277E-01 5.981E-01 2.040E-01 1.230E+00 4.154E+00 1.505E+05 13.8958 1.00000
  5.500E+05 5.501E+05 2.935E+00 4.753E-01 6.648E-01 2.251E-01 1.365E+00 4.300E+00 1.623E+05 14.0864 1.00000
  6.000E+05 6.001E+05 2.945E+00 5.233E-01 7.318E-01 2.463E-01 1.501E+00 4.446E+00 1.737E+05 14.2604 1.00000
  7.000E+05 7.001E+05 2.962E+00 6.202E-01 8.667E-01 2.891E-01 1.776E+00 4.738E+00 1.955E+05 14.5686 1.00000
  8.000E+05 8.001E+05 2.977E+00 7.180E-01 1.003E+00 3.323E-01 2.053E+00 5.030E+00 2.160E+05 14.8357 1.00000
  9.000E+05 9.001E+05 2.991E+00 8.167E-01 1.139E+00 3.760E-01 2.332E+00 5.323E+00 2.353E+05 15.0712 1.00000
  1.000E+06 1.000E+06 3.003E+00 9.160E-01 1.277E+00 4.201E-01 2.613E+00 5.616E+00 2.536E+05 15.2819 1.00000
  1.200E+06 1.200E+06 3.024E+00 1.116E+00 1.553E+00 5.095E-01 3.179E+00 6.203E+00 2.875E+05 15.6465 1.00000
  1.400E+06 1.400E+06 3.042E+00 1.319E+00 1.831E+00 6.001E-01 3.750E+00 6.792E+00 3.183E+05 15.9548 1.00000
  1.700E+06 1.700E+06 3.064E+00 1.625E+00 2.251E+00 7.383E-01 4.614E+00 7.678E+00 3.598E+05 16.3431 1.00000
  2.000E+06 2.000E+06 3.083E+00 1.933E+00 2.672E+00 8.787E-01 5.484E+00 8.568E+00 3.968E+05 16.6681 1.00000
  2.500E+06 2.500E+06 3.110E+00 2.452E+00 3.378E+00 1.117E+00 6.947E+00 1.006E+01 4.506E+05 17.1143 1.00000
  3.000E+06 3.000E+06 3.131E+00 2.975E+00 4.087E+00 1.360E+00 8.422E+00 1.155E+01 4.969E+05 17.4790 1.00000
  3.500E+06 3.500E+06 3.150E+00 3.500E+00 4.798E+00 1.608E+00 9.906E+00 1.306E+01 5.376E+05 17.7873 1.00000
  4.000E+06 4.000E+06 3.166E+00 4.028E+00 5.511E+00 1.859E+00 1.140E+01 1.456E+01 5.739E+05 18.0543 1.00000
  4.500E+06 4.500E+06 3.180E+00 4.558E+00 6.225E+00 2.113E+00 1.290E+01 1.608E+01 6.065E+05 18.2899 1.00000
  5.000E+06 5.000E+06 3.193E+00 5.090E+00 6.940E+00 2.370E+00 1.440E+01 1.759E+01 6.362E+05 18.5006 1.00000
  5.500E+06 5.500E+06 3.205E+00 5.623E+00 7.656E+00 2.630E+00 1.591E+01 1.911E+01 6.635E+05 18.6912 1.00000
  6.000E+06 6.000E+06 3.215E+00 6.157E+00 8.372E+00 2.892E+00 1.742E+01 2.064E+01 6.887E+05 18.8652 1.00000
  7.000E+06 7.000E+06 3.234E+00 7.228E+00 9.808E+00 3.424E+00 2.046E+01 2.369E+01 7.339E+05 19.1735 1.00000
  8.000E+06 8.000E+06 3.251E+00 8.302E+00 1.124E+01 3.964E+00 2.351E+01 2.676E+01 7.736E+05 19.4406 1.00000
  9.000E+06 9.000E+06 3.266E+00 9.378E+00 1.268E+01 4.511E+00 2.657E+01 2.984E+01 8.089E+05 19.6761 1.00000
  1.000E+07 1.000E+07 3.279E+00 1.046E+01 1.412E+01 5.064E+00 2.964E+01 3.292E+01 8.408E+05 19.8869 1.00000
  1.200E+07 1.200E+07 3.302E+00 1.262E+01 1.701E+01 6.189E+00 3.581E+01 3.912E+01 8.965E+05 20.2515 1.00000
  1.400E+07 1.400E+07 3.322E+00 1.479E+01 1.989E+01 7.335E+00 4.201E+01 4.533E+01 9.440E+05 20.5598 1.00000
  1.700E+07 1.700E+07 3.347E+00 1.805E+01 2.422E+01 9.088E+00 5.136E+01 5.470E+01 1.004E+06 20.9481 1.00000
  2.000E+07 2.000E+07 3.368E+00 2.131E+01 2.856E+01 1.087E+01 6.074E+01 6.411E+01 1.055E+06 21.2731 1.00000
  2.500E+07 2.500E+07 3.397E+00 2.676E+01 3.579E+01 1.392E+01 7.647E+01 7.987E+01 1.125E+06 21.7194 1.00000
  3.000E+07 3.000E+07 3.421E+00 3.222E+01 4.302E+01 1.703E+01 9.228E+01 9.570E+01 1.182E+06 22.0841 1.00000
  3.500E+07 3.500E+07 3.441E+00 3.769E+01 5.026E+01 2.021E+01 1.082E+02 1.116E+02 1.230E+06 22.3924 1.00000
  4.000E+07 4.000E+07 3.459E+00 4.316E+01 5.751E+01 2.343E+01 1.241E+02 1.276E+02 1.272E+06 22.6594 1.00000
  4.500E+07 4.500E+07 3.475E+00 4.863E+01 6.475E+01 2.671E+01 1.401E+02 1.436E+02 1.309E+06 22.8950 1.00000
  5.000E+07 5.000E+07 3.489E+00 5.411E+01 7.199E+01 3.002E+01 1.561E+02 1.596E+02 1.342E+06 23.1057 1.00000
  5.500E+07 5.500E+07 3.502E+00 5.959E+01 7.924E+01 3.338E+01 1.722E+02 1.757E+02 1.372E+06 23.2963 1.00000
  6.000E+07 6.000E+07 3.514E+00 6.508E+01 8.649E+01 3.677E+01 1.883E+02 1.918E+02 1.399E+06 23.4704 1.00000
  7.000E+07 7.000E+07 3.535E+00 7.605E+01 1.010E+02 4.364E+01 2.207E+02 2.242E+02 1.447E+06 23.7787 1.00000
  8.000E+07 8.000E+07 3.553E+00 8.703E+01 1.155E+02 5.063E+01 2.531E+02 2.567E+02 1.489E+06 24.0457 1.00000
  9.000E+07 9.000E+07 3.570E+00 9.801E+01 1.300E+02 5.773E+01 2.857E+02 2.893E+02 1.525E+06 24.2813 1.00000
  1.000E+08 1.000E+08 3.585E+00 1.090E+02 1.445E+02 6.491E+01 3.184E+02 3.220E+02 1.558E+06 24.4920 1.00000
  1.200E+08 1.200E+08 3.610E+00 1.310E+02 1.735E+02 7.954E+01 3.840E+02 3.876E+02 1.615E+06 24.8567 1.00000
  1.400E+08 1.400E+08 3.632E+00 1.530E+02 2.025E+02 9.445E+01 4.499E+02 4.536E+02 1.662E+06 25.1650 1.00000
  1.700E+08 1.700E+08 3.660E+00 1.859E+02 2.461E+02 1.173E+02 5.493E+02 5.530E+02 1.722E+06 25.5533 1.00000
  2.000E+08 2.000E+08 3.683E+00 2.189E+02 2.896E+02 1.406E+02 6.492E+02 6.528E+02 1.772E+06 25.8783 1.00000
  2.500E+08 2.500E+08 3.716E+00 2.739E+02 3.622E+02 1.804E+02 8.165E+02 8.202E+02 1.840E+06 26.3246 1.00000
  3.000E+08 3.000E+08 3.742E+00 3.290E+02 4.347E+02 2.212E+02 9.849E+02 9.886E+02 1.896E+06 26.6892 1.00000
  3.500E+08 3.500E+08 3.765E+00 3.840E+02 5.073E+02 2.628E+02 1.154E+03 1.158E+03 1.942E+06 26.9975 1.00000
  4.000E+08 4.000E+08 3.785E+00 4.390E+02 5.799E+02 3.051E+02 1.324E+03 1.328E+03 1.983E+06 27.2646 1.00000
  4.500E+08 4.500E+08 3.803E+00 4.941E+02 6.525E+02 3.481E+02 1.495E+03 1.498E+03 2.018E+06 27.5002 1.00000
  5.000E+08 5.000E+08 3.819E+00 5.491E+02 7.251E+02 3.916E+02 1.666E+03 1.670E+03 2.050E+06 27.7109 1.00000
  5.500E+08 5.500E+08 3.833E+00 6.042E+02 7.977E+02 4.357E+02 1.838E+03 1.841E+03 2.078E+06 27.9015 1.00000
  6.000E+08 6.000E+08 3.846E+00 6.592E+02 8.703E+02 4.803E+02 2.010E+03 2.014E+03 2.104E+06 28.0755 1.00000
  7.000E+08 7.000E+08 3.870E+00 7.693E+02 1.015E+03 5.708E+02 2.356E+03 2.359E+03 2.150E+06 28.3838 1.00000
  8.000E+08 8.000E+08 3.891E+00 8.794E+02 1.161E+03 6.630E+02 2.703E+03 2.707E+03 2.190E+06 28.6509 1.00000
  9.000E+08 9.000E+08 3.909E+00 9.895E+02 1.306E+03 7.565E+02 3.052E+03 3.056E+03 2.224E+06 28.8863 1.00000
  1.000E+09 1.000E+09 3.925E+00 1.100E+03 1.451E+03 8.514E+02 3.402E+03 3.406E+03 2.255E+06 29.0971 1.00000
  1.200E+09 1.200E+09 3.954E+00 1.320E+03 1.741E+03 1.045E+03 4.106E+03 4.110E+03 2.309E+06 29.4617 1.00000
  1.400E+09 1.400E+09 3.979E+00 1.540E+03 2.032E+03 1.242E+03 4.814E+03 4.818E+03 2.354E+06 29.7696 1.00000
  1.700E+09 1.700E+09 4.010E+00 1.871E+03 2.467E+03 1.544E+03 5.882E+03 5.886E+03 2.410E+06 30.1579 1.00000
  2.000E+09 2.000E+09 4.036E+00 2.201E+03 2.903E+03 1.853E+03 6.957E+03 6.961E+03 2.457E+06 30.4814 1.00000
  2.500E+09 2.500E+09 4.072E+00 2.752E+03 3.629E+03 2.382E+03 8.762E+03 8.766E+03 2.521E+06 30.9277 1.00000
  3.000E+09 3.000E+09 4.103E+00 3.302E+03 4.355E+03 2.924E+03 1.058E+04 1.058E+04 2.572E+06 31.2859 1.00000
  3.500E+09 3.500E+09 4.128E+00 3.853E+03 5.081E+03 3.477E+03 1.241E+04 1.242E+04 2.616E+06 31.5942 1.00000
  4.000E+09 4.000E+09 4.150E+00 4.404E+03 5.807E+03 4.041E+03 1.425E+04 1.426E+04 2.654E+06 31.8612 1.00000
  4.500E+09 4.500E+09 4.173E+00 4.954E+03 6.533E+03 4.614E+03 1.610E+04 1.611E+04 2.686E+06 32.0677 1.00000
  5.000E+09 5.000E+09 4.190E+00 5.505E+03 7.259E+03 5.195E+03 1.796E+04 1.796E+04 2.716E+06 32.2784 1.00000
  5.500E+09 5.500E+09 4.207E+00 6.055E+03 7.985E+03 5.783E+03 1.982E+04 1.983E+04 2.742E+06 32.4690 1.00000
  6.000E+09 6.000E+09 4.221E+00 6.606E+03 8.711E+03 6.379E+03 2.170E+04 2.170E+04 2.766E+06 32.6430 1.00000
  7.000E+09 7.000E+09 4.248E+00 7.707E+03 1.016E+04 7.589E+03 2.546E+04 2.546E+04 2.809E+06 32.9513 1.00000
  8.000E+09 8.000E+09 4.284E+00 8.809E+03 1.162E+04 8.822E+03 2.925E+04 2.925E+04 2.846E+06 33.0629 1.00000
  9.000E+09 9.000E+09 4.304E+00 9.910E+03 1.307E+04 1.007E+04 3.305E+04 3.306E+04 2.878E+06 33.2985 1.00000
  1.000E+10 1.000E+10 4.323E+00 1.101E+04 1.452E+04 1.135E+04 3.688E+04 3.688E+04 2.906E+06 33.5092 1.00000
  1.200E+10 1.200E+10 4.355E+00 1.321E+04 1.742E+04 1.394E+04 4.458E+04 4.458E+04 2.956E+06 33.8739 1.00000
  1.400E+10 1.400E+10 4.382E+00 1.542E+04 2.033E+04 1.659E+04 5.233E+04 5.234E+04 2.997E+06 34.1822 1.00000
  1.700E+10 1.700E+10 4.417E+00 1.872E+04 2.468E+04 2.065E+04 6.406E+04 6.406E+04 3.049E+06 34.5705 1.00000
  2.000E+10 2.000E+10 4.446E+00 2.202E+04 2.904E+04 2.482E+04 7.588E+04 7.589E+04 3.092E+06 34.8955 1.00000
  2.500E+10 2.500E+10 4.487E+00 2.753E+04 3.630E+04 3.194E+04 9.577E+04 9.578E+04 3.150E+06 35.3418 1.00000
  3.000E+10 3.000E+10 4.520E+00 3.304E+04 4.356E+04 3.926E+04 1.159E+05 1.159E+05 3.198E+06 35.7064 1.00000
  3.500E+10 3.500E+10 4.549E+00 3.854E+04 5.082E+04 4.674E+04 1.361E+05 1.361E+05 3.237E+06 36.0147 1.00000
  4.000E+10 4.000E+10 4.574E+00 4.405E+04 5.808E+04 5.437E+04 1.565E+05 1.565E+05 3.272E+06 36.2818 1.00000
  4.500E+10 4.500E+10 4.596E+00 4.956E+04 6.534E+04 6.214E+04 1.770E+05 1.770E+05 3.302E+06 36.5174 1.00000
  5.000E+10 5.000E+10 4.616E+00 5.506E+04 7.260E+04 7.002E+04 1.977E+05 1.977E+05 3.328E+06 36.7281 1.00000
  5.500E+10 5.500E+10 4.634E+00 6.057E+04 7.986E+04 7.800E+04 2.184E+05 2.184E+05 3.352E+06 36.9187 1.00000
  6.000E+10 6.000E+10 4.650E+00 6.608E+04 8.712E+04 8.609E+04 2.393E+05 2.393E+05 3.374E+06 37.0927 1.00000
  7.000E+10 7.000E+10 4.680E+00 7.709E+04 1.016E+05 1.025E+05 2.813E+05 2.813E+05 3.413E+06 37.4010 1.00000
  8.000E+10 8.000E+10 4.706E+00 8.811E+04 1.162E+05 1.193E+05 3.236E+05 3.236E+05 3.446E+06 37.6681 1.00000
  9.000E+10 9.000E+10 4.728E+00 9.912E+04 1.307E+05 1.364E+05 3.662E+05 3.662E+05 3.475E+06 37.9037 1.00000
  1.000E+11 1.000E+11 4.749E+00 1.101E+05 1.452E+05 1.537E+05 4.091E+05 4.091E+05 3.501E+06 38.1144 1.00000
  1.200E+11 1.200E+11 4.785E+00 1.322E+05 1.742E+05 1.891E+05 4.955E+05 4.955E+05 3.545E+06 38.4790 1.00000
  1.400E+11 1.400E+11 4.815E+00 1.542E+05 2.033E+05 2.253E+05 5.828E+05 5.828E+05 3.582E+06 38.7873 1.00000
  1.700E+11 1.700E+11 4.854E+00 1.872E+05 2.468E+05 2.810E+05 7.150E+05 7.150E+05 3.629E+06 39.1756 1.00000
  2.000E+11 2.000E+11 4.887E+00 2.203E+05 2.904E+05 3.380E+05 8.487E+05 8.487E+05 3.667E+06 39.5007 1.00000
  2.500E+11 2.500E+11 4.932E+00 2.753E+05 3.630E+05 4.358E+05 1.074E+06 1.074E+06 3.720E+06 39.9470 1.00000
  3.000E+11 3.000E+11 4.970E+00 3.304E+05 4.356E+05 5.364E+05 1.302E+06 1.302E+06 3.762E+06 40.3116 1.00000
  3.500E+11 3.500E+11 5.001E+00 3.855E+05 5.082E+05 6.395E+05 1.533E+06 1.533E+06 3.797E+06 40.6199 1.00000
  4.000E+11 4.000E+11 5.029E+00 4.405E+05 5.808E+05 7.447E+05 1.766E+06 1.766E+06 3.827E+06 40.8870 1.00000
  4.500E+11 4.500E+11 5.054E+00 4.956E+05 6.534E+05 8.518E+05 2.001E+06 2.001E+06 3.854E+06 41.1225 1.00000
  5.000E+11 5.000E+11 5.076E+00 5.507E+05 7.260E+05 9.607E+05 2.237E+06 2.237E+06 3.878E+06 41.3333 1.00000
  5.500E+11 5.500E+11 5.096E+00 6.057E+05 7.986E+05 1.071E+06 2.475E+06 2.475E+06 3.899E+06 41.5239 1.00000
  6.000E+11 6.000E+11 5.115E+00 6.608E+05 8.712E+05 1.183E+06 2.715E+06 2.715E+06 3.918E+06 41.6979 1.00000
  7.000E+11 7.000E+11 5.148E+00 7.709E+05 1.016E+06 1.411E+06 3.198E+06 3.198E+06 3.952E+06 42.0062 1.00000
  8.000E+11 8.000E+11 5.176E+00 8.811E+05 1.162E+06 1.643E+06 3.686E+06 3.686E+06 3.981E+06 42.2733 1.00000
  9.000E+11 9.000E+11 5.202E+00 9.912E+05 1.307E+06 1.880E+06 4.178E+06 4.178E+06 4.007E+06 42.5088 1.00000
  1.000E+12 1.000E+12 5.225E+00 1.101E+06 1.452E+06 2.121E+06 4.675E+06 4.675E+06 4.029E+06 42.7195 1.00000
