 Incident particle is a Muon with M = 105.65839 MeV
 Index = 0: NylonDuPontElvamide
      Absorber with <Z/A> = 0.55062
 Density effect computed following Fano (1963)
 Models for Radloss: brems =  SSR, pair =  SSR, photonuc = DRSS

 *** Table generated with PUMAS v1.1 ***

      T         p     Ionization  brems     pair     photonuc  Radloss    dE/dx   CSDA Range  delta   beta
    [MeV]    [MeV/c]  -----------------------[MeV cm^2/g]------------------------  [g/cm^2]
  1.000E+00 1.457E+01 5.153E+01 0.000E+00 0.000E+00 0.000E+00 0.000E+00 5.153E+01 9.703E-03  0.0000 0.13661
  1.200E+00 1.597E+01 4.442E+01 0.000E+00 0.000E+00 0.000E+00 0.000E+00 4.442E+01 1.390E-02  0.0000 0.14944
  1.400E+00 1.726E+01 3.917E+01 0.000E+00 0.000E+00 0.000E+00 0.000E+00 3.917E+01 1.870E-02  0.0000 0.16119
  1.700E+00 1.903E+01 3.341E+01 0.000E+00 0.000E+00 0.000E+00 0.000E+00 3.341E+01 2.702E-02  0.0000 0.17725
  2.000E+00 2.066E+01 2.925E+01 0.000E+00 0.000E+00 0.000E+00 0.000E+00 2.925E+01 3.665E-02  0.0000 0.19186
  2.500E+00 2.312E+01 2.436E+01 0.000E+00 0.000E+00 0.000E+00 0.000E+00 2.436E+01 5.547E-02  0.0000 0.21376
  3.000E+00 2.536E+01 2.099E+01 0.000E+00 0.000E+00 0.000E+00 0.000E+00 2.099E+01 7.765E-02  0.0000 0.23336
  3.500E+00 2.742E+01 1.851E+01 0.000E+00 0.000E+00 0.000E+00 0.000E+00 1.851E+01 1.031E-01  0.0000 0.25120
  4.000E+00 2.935E+01 1.661E+01 0.000E+00 0.000E+00 0.000E+00 0.000E+00 1.661E+01 1.316E-01  0.0000 0.26763
  4.500E+00 3.116E+01 1.510E+01 0.000E+00 0.000E+00 0.000E+00 0.000E+00 1.510E+01 1.633E-01  0.0000 0.28290
  5.000E+00 3.289E+01 1.387E+01 0.000E+00 0.000E+00 0.000E+00 0.000E+00 1.387E+01 1.978E-01  0.0000 0.29720
  5.500E+00 3.453E+01 1.285E+01 0.000E+00 0.000E+00 0.000E+00 0.000E+00 1.285E+01 2.353E-01  0.0000 0.31066
  6.000E+00 3.611E+01 1.199E+01 0.000E+00 0.000E+00 0.000E+00 0.000E+00 1.199E+01 2.756E-01  0.0000 0.32339
  7.000E+00 3.909E+01 1.062E+01 0.000E+00 0.000E+00 0.000E+00 0.000E+00 1.062E+01 3.645E-01  0.0000 0.34700
  8.000E+00 4.189E+01 9.564E+00 0.000E+00 0.000E+00 0.000E+00 0.000E+00 9.564E+00 4.639E-01  0.0000 0.36854
  9.000E+00 4.453E+01 8.732E+00 0.000E+00 0.000E+00 0.000E+00 0.000E+00 8.732E+00 5.735E-01  0.0000 0.38836
  1.000E+01 4.704E+01 8.058E+00 0.000E+00 0.000E+00 0.000E+00 0.000E+00 8.058E+00 6.928E-01  0.0000 0.40675
  1.200E+01 5.177E+01 7.030E+00 0.000E+00 0.000E+00 0.000E+00 0.000E+00 7.030E+00 9.593E-01  0.0000 0.43998
  1.400E+01 5.616E+01 6.281E+00 0.000E+00 0.000E+00 0.000E+00 0.000E+00 6.281E+00 1.261E+00  0.0000 0.46937
  1.700E+01 6.230E+01 5.475E+00 0.000E+00 0.000E+00 0.000E+00 0.000E+00 5.475E+00 1.774E+00  0.0000 0.50792
  2.000E+01 6.802E+01 4.902E+00 0.000E+00 0.000E+00 0.000E+00 0.000E+00 4.902E+00 2.355E+00  0.0000 0.54129
  2.500E+01 7.686E+01 4.244E+00 6.776E-10 0.000E+00 0.000E+00 6.776E-10 4.244E+00 3.456E+00  0.0000 0.58827
  3.000E+01 8.509E+01 3.800E+00 9.932E-08 0.000E+00 0.000E+00 9.932E-08 3.800E+00 4.704E+00  0.0000 0.62720
  3.500E+01 9.285E+01 3.482E+00 1.160E-07 0.000E+00 0.000E+00 1.160E-07 3.482E+00 6.081E+00  0.0000 0.66011
  4.000E+01 1.003E+02 3.243E+00 1.242E-07 0.000E+00 0.000E+00 1.242E-07 3.243E+00 7.571E+00  0.0000 0.68834
  4.500E+01 1.074E+02 3.059E+00 1.327E-07 0.000E+00 0.000E+00 1.327E-07 3.059E+00 9.160E+00  0.0001 0.71286
  5.000E+01 1.143E+02 2.911E+00 1.414E-07 0.000E+00 0.000E+00 1.414E-07 2.911E+00 1.084E+01  0.0020 0.73434
  5.500E+01 1.210E+02 2.791E+00 1.505E-07 0.000E+00 0.000E+00 1.505E-07 2.791E+00 1.259E+01  0.0062 0.75332
  6.000E+01 1.276E+02 2.692E+00 1.597E-07 0.000E+00 0.000E+00 1.597E-07 2.692E+00 1.442E+01  0.0124 0.77019
  7.000E+01 1.403E+02 2.539E+00 1.791E-07 0.000E+00 0.000E+00 1.791E-07 2.539E+00 1.825E+01  0.0296 0.79887
  8.000E+01 1.527E+02 2.426E+00 1.995E-07 0.000E+00 0.000E+00 1.995E-07 2.426E+00 2.228E+01  0.0518 0.82227
  9.000E+01 1.647E+02 2.341E+00 2.210E-07 0.000E+00 0.000E+00 2.210E-07 2.341E+00 2.648E+01  0.0778 0.84166
  1.000E+02 1.764E+02 2.275E+00 2.434E-07 0.000E+00 0.000E+00 2.434E-07 2.275E+00 3.082E+01  0.1065 0.85794
  1.200E+02 1.994E+02 2.181E+00 2.914E-07 0.000E+00 0.000E+00 2.914E-07 2.181E+00 3.981E+01  0.1695 0.88361
  1.400E+02 2.218E+02 2.119E+00 3.476E-06 0.000E+00 0.000E+00 3.476E-06 2.119E+00 4.912E+01  0.2367 0.90278
  1.700E+02 2.546E+02 2.061E+00 1.165E-05 1.112E-09 0.000E+00 1.165E-05 2.061E+00 6.349E+01  0.3404 0.92363
  2.000E+02 2.868E+02 2.028E+00 1.750E-05 8.582E-09 0.000E+00 1.751E-05 2.028E+00 7.818E+01  0.4438 0.93835
  2.500E+02 3.396E+02 1.999E+00 2.500E-05 1.087E-07 0.000E+00 2.511E-05 1.999E+00 1.030E+02  0.6099 0.95485
  3.000E+02 3.917E+02 1.989E+00 3.194E-05 6.736E-07 0.000E+00 3.261E-05 1.989E+00 1.281E+02  0.7656 0.96548
  3.500E+02 4.432E+02 1.988E+00 3.915E-05 1.740E-06 0.000E+00 4.089E-05 1.988E+00 1.533E+02  0.9105 0.97274
  4.000E+02 4.945E+02 1.992E+00 4.680E-05 3.298E-06 0.000E+00 5.010E-05 1.992E+00 1.784E+02  1.0451 0.97793
  4.500E+02 5.455E+02 1.999E+00 5.491E-05 5.338E-06 0.000E+00 6.025E-05 1.999E+00 2.034E+02  1.1704 0.98176
  5.000E+02 5.964E+02 2.007E+00 6.348E-05 7.845E-06 0.000E+00 7.132E-05 2.007E+00 2.284E+02  1.2873 0.98467
  5.500E+02 6.471E+02 2.015E+00 7.246E-05 1.081E-05 1.559E-05 9.886E-05 2.015E+00 2.533E+02  1.3968 0.98693
  6.000E+02 6.977E+02 2.024E+00 8.183E-05 1.422E-05 5.187E-05 1.479E-04 2.024E+00 2.780E+02  1.4997 0.98873
  7.000E+02 7.987E+02 2.043E+00 1.017E-04 2.230E-05 1.241E-04 2.481E-04 2.043E+00 3.272E+02  1.6885 0.99136
  8.000E+02 8.995E+02 2.060E+00 1.229E-04 3.200E-05 1.925E-04 3.474E-04 2.061E+00 3.759E+02  1.8581 0.99317
  9.000E+02 1.000E+03 2.077E+00 1.454E-04 4.321E-05 2.579E-04 4.465E-04 2.078E+00 4.243E+02  2.0123 0.99447
  1.000E+03 1.101E+03 2.093E+00 1.690E-04 5.585E-05 3.214E-04 5.462E-04 2.094E+00 4.722E+02  2.1536 0.99542
  1.200E+03 1.301E+03 2.122E+00 2.192E-04 8.507E-05 4.444E-04 7.487E-04 2.123E+00 5.670E+02  2.4054 0.99672
  1.400E+03 1.502E+03 2.148E+00 2.732E-04 1.191E-04 5.639E-04 9.561E-04 2.149E+00 6.607E+02  2.6254 0.99753
  1.700E+03 1.803E+03 2.181E+00 3.600E-04 1.782E-04 7.384E-04 1.277E-03 2.182E+00 7.992E+02  2.9120 0.99829
  2.000E+03 2.103E+03 2.209E+00 4.530E-04 2.458E-04 9.088E-04 1.608E-03 2.211E+00 9.357E+02  3.1604 0.99874
  2.500E+03 2.604E+03 2.247E+00 6.196E-04 3.748E-04 1.186E-03 2.180E-03 2.250E+00 1.160E+03  3.5145 0.99918
  3.000E+03 3.104E+03 2.279E+00 7.986E-04 5.215E-04 1.455E-03 2.775E-03 2.281E+00 1.381E+03  3.8154 0.99942
  3.500E+03 3.604E+03 2.305E+00 9.877E-04 6.834E-04 1.719E-03 3.390E-03 2.308E+00 1.598E+03  4.0780 0.99957
  4.000E+03 4.104E+03 2.327E+00 1.186E-03 8.739E-04 1.978E-03 4.038E-03 2.331E+00 1.814E+03  4.3112 0.99967
  4.500E+03 4.604E+03 2.346E+00 1.392E-03 1.083E-03 2.232E-03 4.708E-03 2.351E+00 2.028E+03  4.5210 0.99974
  5.000E+03 5.105E+03 2.363E+00 1.605E-03 1.305E-03 2.483E-03 5.393E-03 2.368E+00 2.239E+03  4.7117 0.99979
  5.500E+03 5.605E+03 2.378E+00 1.825E-03 1.538E-03 2.731E-03 6.094E-03 2.384E+00 2.450E+03  4.8864 0.99982
  6.000E+03 6.105E+03 2.392E+00 2.050E-03 1.782E-03 2.975E-03 6.808E-03 2.398E+00 2.659E+03  5.0477 0.99985
  7.000E+03 7.105E+03 2.415E+00 2.516E-03 2.299E-03 3.457E-03 8.272E-03 2.424E+00 3.074E+03  5.3368 0.99989
  8.000E+03 8.105E+03 2.435E+00 3.001E-03 2.850E-03 3.930E-03 9.781E-03 2.445E+00 3.484E+03  5.5905 0.99992
  9.000E+03 9.105E+03 2.453E+00 3.501E-03 3.432E-03 4.395E-03 1.133E-02 2.464E+00 3.892E+03  5.8162 0.99993
  1.000E+04 1.011E+04 2.468E+00 4.016E-03 4.039E-03 4.855E-03 1.291E-02 2.481E+00 4.296E+03  6.0195 0.99995
  1.200E+04 1.211E+04 2.495E+00 5.081E-03 5.326E-03 5.758E-03 1.616E-02 2.511E+00 5.097E+03  6.3739 0.99996
  1.400E+04 1.411E+04 2.516E+00 6.189E-03 6.693E-03 6.644E-03 1.953E-02 2.536E+00 5.890E+03  6.6755 0.99997
  1.700E+04 1.711E+04 2.543E+00 7.918E-03 8.870E-03 7.949E-03 2.474E-02 2.568E+00 7.065E+03  7.0573 0.99998
  2.000E+04 2.011E+04 2.565E+00 9.716E-03 1.117E-02 9.232E-03 3.012E-02 2.595E+00 8.227E+03  7.3782 0.99999
  2.500E+04 2.511E+04 2.595E+00 1.283E-02 1.524E-02 1.133E-02 3.941E-02 2.634E+00 1.014E+04  7.8202 0.99999
  3.000E+04 3.011E+04 2.618E+00 1.607E-02 1.954E-02 1.340E-02 4.902E-02 2.667E+00 1.202E+04  8.1823 0.99999
  3.500E+04 3.511E+04 2.638E+00 1.941E-02 2.403E-02 1.545E-02 5.889E-02 2.697E+00 1.389E+04  8.4888 1.00000
  4.000E+04 4.011E+04 2.654E+00 2.284E-02 2.868E-02 1.747E-02 6.899E-02 2.723E+00 1.573E+04  8.7547 1.00000
  4.500E+04 4.511E+04 2.669E+00 2.634E-02 3.347E-02 1.949E-02 7.929E-02 2.748E+00 1.756E+04  8.9893 1.00000
  5.000E+04 5.011E+04 2.682E+00 2.990E-02 3.837E-02 2.149E-02 8.977E-02 2.771E+00 1.937E+04  9.1993 1.00000
  5.500E+04 5.511E+04 2.693E+00 3.353E-02 4.337E-02 2.349E-02 1.004E-01 2.794E+00 2.117E+04  9.3894 1.00000
  6.000E+04 6.011E+04 2.704E+00 3.720E-02 4.847E-02 2.548E-02 1.112E-01 2.815E+00 2.295E+04  9.5630 1.00000
  7.000E+04 7.011E+04 2.722E+00 4.469E-02 5.890E-02 2.945E-02 1.330E-01 2.855E+00 2.648E+04  9.8706 1.00000
  8.000E+04 8.011E+04 2.738E+00 5.235E-02 6.961E-02 3.341E-02 1.554E-01 2.893E+00 2.996E+04 10.1372 1.00000
  9.000E+04 9.011E+04 2.751E+00 6.014E-02 8.055E-02 3.736E-02 1.781E-01 2.929E+00 3.340E+04 10.3724 1.00000
  1.000E+05 1.001E+05 2.763E+00 6.806E-02 9.168E-02 4.131E-02 2.011E-01 2.964E+00 3.679E+04 10.5828 1.00000
  1.200E+05 1.201E+05 2.784E+00 8.421E-02 1.144E-01 4.922E-02 2.479E-01 3.032E+00 4.346E+04 10.9470 1.00000
  1.400E+05 1.401E+05 2.802E+00 1.007E-01 1.377E-01 5.714E-02 2.956E-01 3.098E+00 4.998E+04 11.2550 1.00000
  1.700E+05 1.701E+05 2.824E+00 1.260E-01 1.735E-01 6.907E-02 3.686E-01 3.193E+00 5.952E+04 11.6430 1.00000
  2.000E+05 2.001E+05 2.842E+00 1.518E-01 2.100E-01 8.105E-02 4.428E-01 3.285E+00 6.879E+04 11.9678 1.00000
  2.500E+05 2.501E+05 2.868E+00 1.957E-01 2.721E-01 1.012E-01 5.690E-01 3.437E+00 8.366E+04 12.4139 1.00000
  3.000E+05 3.001E+05 2.888E+00 2.406E-01 3.354E-01 1.215E-01 6.974E-01 3.586E+00 9.791E+04 12.7784 1.00000
  3.500E+05 3.501E+05 2.905E+00 2.862E-01 3.996E-01 1.419E-01 8.277E-01 3.733E+00 1.116E+05 13.0866 1.00000
  4.000E+05 4.001E+05 2.921E+00 3.324E-01 4.645E-01 1.626E-01 9.595E-01 3.880E+00 1.247E+05 13.3536 1.00000
  4.500E+05 4.501E+05 2.934E+00 3.791E-01 5.300E-01 1.834E-01 1.092E+00 4.026E+00 1.374E+05 13.5891 1.00000
  5.000E+05 5.001E+05 2.946E+00 4.262E-01 5.961E-01 2.043E-01 1.227E+00 4.172E+00 1.496E+05 13.7997 1.00000
  5.500E+05 5.501E+05 2.957E+00 4.737E-01 6.625E-01 2.254E-01 1.362E+00 4.318E+00 1.613E+05 13.9903 1.00000
  6.000E+05 6.001E+05 2.966E+00 5.215E-01 7.293E-01 2.467E-01 1.498E+00 4.464E+00 1.727E+05 14.1643 1.00000
  7.000E+05 7.001E+05 2.984E+00 6.181E-01 8.638E-01 2.895E-01 1.771E+00 4.755E+00 1.944E+05 14.4726 1.00000
  8.000E+05 8.001E+05 2.999E+00 7.156E-01 9.993E-01 3.329E-01 2.048E+00 5.047E+00 2.148E+05 14.7396 1.00000
  9.000E+05 9.001E+05 3.013E+00 8.139E-01 1.136E+00 3.766E-01 2.326E+00 5.339E+00 2.341E+05 14.9751 1.00000
  1.000E+06 1.000E+06 3.025E+00 9.129E-01 1.273E+00 4.208E-01 2.606E+00 5.631E+00 2.523E+05 15.1858 1.00000
  1.200E+06 1.200E+06 3.046E+00 1.113E+00 1.548E+00 5.103E-01 3.171E+00 6.217E+00 2.861E+05 15.5504 1.00000
  1.400E+06 1.400E+06 3.064E+00 1.314E+00 1.825E+00 6.011E-01 3.741E+00 6.805E+00 3.169E+05 15.8587 1.00000
  1.700E+06 1.700E+06 3.087E+00 1.619E+00 2.243E+00 7.395E-01 4.602E+00 7.689E+00 3.583E+05 16.2470 1.00000
  2.000E+06 2.000E+06 3.106E+00 1.927E+00 2.664E+00 8.802E-01 5.471E+00 8.577E+00 3.952E+05 16.5720 1.00000
  2.500E+06 2.500E+06 3.132E+00 2.444E+00 3.367E+00 1.119E+00 6.930E+00 1.006E+01 4.490E+05 17.0183 1.00000
  3.000E+06 3.000E+06 3.154E+00 2.965E+00 4.074E+00 1.363E+00 8.402E+00 1.156E+01 4.954E+05 17.3829 1.00000
  3.500E+06 3.500E+06 3.173E+00 3.489E+00 4.783E+00 1.611E+00 9.882E+00 1.305E+01 5.360E+05 17.6912 1.00000
  4.000E+06 4.000E+06 3.189E+00 4.015E+00 5.493E+00 1.862E+00 1.137E+01 1.456E+01 5.723E+05 17.9582 1.00000
  4.500E+06 4.500E+06 3.203E+00 4.544E+00 6.205E+00 2.117E+00 1.287E+01 1.607E+01 6.050E+05 18.1938 1.00000
  5.000E+06 5.000E+06 3.216E+00 5.074E+00 6.918E+00 2.374E+00 1.437E+01 1.758E+01 6.347E+05 18.4045 1.00000
  5.500E+06 5.500E+06 3.228E+00 5.605E+00 7.631E+00 2.634E+00 1.587E+01 1.910E+01 6.620E+05 18.5951 1.00000
  6.000E+06 6.000E+06 3.238E+00 6.137E+00 8.346E+00 2.897E+00 1.738E+01 2.062E+01 6.872E+05 18.7692 1.00000
  7.000E+06 7.000E+06 3.258E+00 7.205E+00 9.776E+00 3.430E+00 2.041E+01 2.367E+01 7.324E+05 19.0774 1.00000
  8.000E+06 8.000E+06 3.274E+00 8.276E+00 1.121E+01 3.970E+00 2.345E+01 2.673E+01 7.722E+05 19.3445 1.00000
  9.000E+06 9.000E+06 3.289E+00 9.349E+00 1.264E+01 4.518E+00 2.651E+01 2.980E+01 8.076E+05 19.5801 1.00000
  1.000E+07 1.000E+07 3.302E+00 1.042E+01 1.408E+01 5.073E+00 2.958E+01 3.288E+01 8.395E+05 19.7908 1.00000
  1.200E+07 1.200E+07 3.325E+00 1.258E+01 1.695E+01 6.200E+00 3.573E+01 3.906E+01 8.953E+05 20.1554 1.00000
  1.400E+07 1.400E+07 3.345E+00 1.474E+01 1.983E+01 7.348E+00 4.192E+01 4.526E+01 9.428E+05 20.4637 1.00000
  1.700E+07 1.700E+07 3.370E+00 1.799E+01 2.415E+01 9.103E+00 5.124E+01 5.461E+01 1.003E+06 20.8520 1.00000
  2.000E+07 2.000E+07 3.391E+00 2.124E+01 2.847E+01 1.089E+01 6.061E+01 6.400E+01 1.054E+06 21.1771 1.00000
  2.500E+07 2.500E+07 3.421E+00 2.668E+01 3.568E+01 1.394E+01 7.630E+01 7.972E+01 1.124E+06 21.6234 1.00000
  3.000E+07 3.000E+07 3.445E+00 3.212E+01 4.289E+01 1.706E+01 9.207E+01 9.552E+01 1.181E+06 21.9880 1.00000
  3.500E+07 3.500E+07 3.465E+00 3.757E+01 5.011E+01 2.024E+01 1.079E+02 1.114E+02 1.229E+06 22.2963 1.00000
  4.000E+07 4.000E+07 3.483E+00 4.303E+01 5.733E+01 2.347E+01 1.238E+02 1.273E+02 1.271E+06 22.5634 1.00000
  4.500E+07 4.500E+07 3.499E+00 4.848E+01 6.455E+01 2.675E+01 1.398E+02 1.433E+02 1.308E+06 22.7989 1.00000
  5.000E+07 5.000E+07 3.513E+00 5.395E+01 7.177E+01 3.007E+01 1.558E+02 1.593E+02 1.341E+06 23.0096 1.00000
  5.500E+07 5.500E+07 3.526E+00 5.941E+01 7.899E+01 3.343E+01 1.718E+02 1.754E+02 1.371E+06 23.2003 1.00000
  6.000E+07 6.000E+07 3.538E+00 6.488E+01 8.622E+01 3.683E+01 1.879E+02 1.915E+02 1.399E+06 23.3743 1.00000
  7.000E+07 7.000E+07 3.560E+00 7.582E+01 1.007E+02 4.372E+01 2.202E+02 2.238E+02 1.447E+06 23.6826 1.00000
  8.000E+07 8.000E+07 3.578E+00 8.676E+01 1.151E+02 5.072E+01 2.526E+02 2.562E+02 1.489E+06 23.9497 1.00000
  9.000E+07 9.000E+07 3.595E+00 9.771E+01 1.296E+02 5.782E+01 2.851E+02 2.887E+02 1.525E+06 24.1852 1.00000
  1.000E+08 1.000E+08 3.609E+00 1.087E+02 1.440E+02 6.502E+01 3.177E+02 3.213E+02 1.558E+06 24.3959 1.00000
  1.200E+08 1.200E+08 3.635E+00 1.306E+02 1.730E+02 7.967E+01 3.832E+02 3.868E+02 1.615E+06 24.7606 1.00000
  1.400E+08 1.400E+08 3.657E+00 1.525E+02 2.019E+02 9.461E+01 4.490E+02 4.527E+02 1.663E+06 25.0689 1.00000
  1.700E+08 1.700E+08 3.685E+00 1.854E+02 2.453E+02 1.175E+02 5.482E+02 5.518E+02 1.722E+06 25.4572 1.00000
  2.000E+08 2.000E+08 3.709E+00 2.183E+02 2.887E+02 1.409E+02 6.478E+02 6.515E+02 1.772E+06 25.7822 1.00000
  2.500E+08 2.500E+08 3.741E+00 2.731E+02 3.610E+02 1.807E+02 8.149E+02 8.186E+02 1.841E+06 26.2285 1.00000
  3.000E+08 3.000E+08 3.768E+00 3.280E+02 4.334E+02 2.216E+02 9.829E+02 9.867E+02 1.896E+06 26.5932 1.00000
  3.500E+08 3.500E+08 3.791E+00 3.828E+02 5.058E+02 2.632E+02 1.152E+03 1.156E+03 1.943E+06 26.9015 1.00000
  4.000E+08 4.000E+08 3.811E+00 4.377E+02 5.781E+02 3.056E+02 1.321E+03 1.325E+03 1.984E+06 27.1685 1.00000
  4.500E+08 4.500E+08 3.829E+00 4.926E+02 6.505E+02 3.487E+02 1.492E+03 1.496E+03 2.019E+06 27.4041 1.00000
  5.000E+08 5.000E+08 3.845E+00 5.475E+02 7.228E+02 3.923E+02 1.663E+03 1.666E+03 2.051E+06 27.6148 1.00000
  5.500E+08 5.500E+08 3.859E+00 6.023E+02 7.952E+02 4.365E+02 1.834E+03 1.838E+03 2.079E+06 27.8054 1.00000
  6.000E+08 6.000E+08 3.873E+00 6.572E+02 8.676E+02 4.811E+02 2.006E+03 2.010E+03 2.105E+06 27.9795 1.00000
  7.000E+08 7.000E+08 3.896E+00 7.670E+02 1.012E+03 5.718E+02 2.351E+03 2.355E+03 2.151E+06 28.2877 1.00000
  8.000E+08 8.000E+08 3.917E+00 8.768E+02 1.157E+03 6.641E+02 2.698E+03 2.702E+03 2.191E+06 28.5548 1.00000
  9.000E+08 9.000E+08 3.935E+00 9.865E+02 1.302E+03 7.578E+02 3.046E+03 3.050E+03 2.226E+06 28.7903 1.00000
  1.000E+09 1.000E+09 3.952E+00 1.096E+03 1.447E+03 8.528E+02 3.396E+03 3.400E+03 2.257E+06 29.0010 1.00000
  1.200E+09 1.200E+09 3.981E+00 1.316E+03 1.736E+03 1.046E+03 4.098E+03 4.102E+03 2.310E+06 29.3656 1.00000
  1.400E+09 1.400E+09 4.005E+00 1.535E+03 2.026E+03 1.244E+03 4.805E+03 4.809E+03 2.355E+06 29.6736 1.00000
  1.700E+09 1.700E+09 4.037E+00 1.865E+03 2.460E+03 1.547E+03 5.871E+03 5.876E+03 2.411E+06 30.0619 1.00000
  2.000E+09 2.000E+09 4.063E+00 2.194E+03 2.894E+03 1.857E+03 6.945E+03 6.949E+03 2.458E+06 30.3854 1.00000
  2.500E+09 2.500E+09 4.099E+00 2.743E+03 3.618E+03 2.386E+03 8.747E+03 8.751E+03 2.522E+06 30.8317 1.00000
  3.000E+09 3.000E+09 4.130E+00 3.292E+03 4.342E+03 2.928E+03 1.056E+04 1.057E+04 2.574E+06 31.1898 1.00000
  3.500E+09 3.500E+09 4.156E+00 3.841E+03 5.065E+03 3.483E+03 1.239E+04 1.239E+04 2.618E+06 31.4981 1.00000
  4.000E+09 4.000E+09 4.178E+00 4.390E+03 5.789E+03 4.048E+03 1.423E+04 1.423E+04 2.656E+06 31.7652 1.00000
  4.500E+09 4.500E+09 4.201E+00 4.939E+03 6.513E+03 4.621E+03 1.607E+04 1.608E+04 2.689E+06 31.9716 1.00000
  5.000E+09 5.000E+09 4.218E+00 5.488E+03 7.237E+03 5.203E+03 1.793E+04 1.793E+04 2.718E+06 32.1823 1.00000
  5.500E+09 5.500E+09 4.235E+00 6.037E+03 7.961E+03 5.793E+03 1.979E+04 1.979E+04 2.745E+06 32.3729 1.00000
  6.000E+09 6.000E+09 4.250E+00 6.586E+03 8.684E+03 6.390E+03 2.166E+04 2.166E+04 2.769E+06 32.5469 1.00000
  7.000E+09 7.000E+09 4.276E+00 7.684E+03 1.013E+04 7.602E+03 2.542E+04 2.542E+04 2.811E+06 32.8552 1.00000
  8.000E+09 8.000E+09 4.312E+00 8.782E+03 1.158E+04 8.837E+03 2.920E+04 2.920E+04 2.848E+06 32.9668 1.00000
  9.000E+09 9.000E+09 4.333E+00 9.880E+03 1.303E+04 1.009E+04 3.300E+04 3.300E+04 2.880E+06 33.2024 1.00000
  1.000E+10 1.000E+10 4.351E+00 1.098E+04 1.447E+04 1.137E+04 3.682E+04 3.682E+04 2.909E+06 33.4131 1.00000
  1.200E+10 1.200E+10 4.384E+00 1.317E+04 1.737E+04 1.396E+04 4.451E+04 4.451E+04 2.958E+06 33.7778 1.00000
  1.400E+10 1.400E+10 4.411E+00 1.537E+04 2.026E+04 1.662E+04 5.225E+04 5.226E+04 3.000E+06 34.0861 1.00000
  1.700E+10 1.700E+10 4.446E+00 1.866E+04 2.461E+04 2.069E+04 6.396E+04 6.397E+04 3.051E+06 34.4744 1.00000
  2.000E+10 2.000E+10 4.475E+00 2.196E+04 2.895E+04 2.486E+04 7.577E+04 7.577E+04 3.094E+06 34.7994 1.00000
  2.500E+10 2.500E+10 4.516E+00 2.745E+04 3.619E+04 3.200E+04 9.563E+04 9.564E+04 3.153E+06 35.2457 1.00000
  3.000E+10 3.000E+10 4.550E+00 3.294E+04 4.343E+04 3.933E+04 1.157E+05 1.157E+05 3.201E+06 35.6104 1.00000
  3.500E+10 3.500E+10 4.578E+00 3.843E+04 5.066E+04 4.682E+04 1.359E+05 1.359E+05 3.240E+06 35.9187 1.00000
  4.000E+10 4.000E+10 4.603E+00 4.392E+04 5.790E+04 5.447E+04 1.563E+05 1.563E+05 3.275E+06 36.1857 1.00000
  4.500E+10 4.500E+10 4.626E+00 4.941E+04 6.514E+04 6.224E+04 1.768E+05 1.768E+05 3.305E+06 36.4213 1.00000
  5.000E+10 5.000E+10 4.646E+00 5.490E+04 7.238E+04 7.013E+04 1.974E+05 1.974E+05 3.332E+06 36.6320 1.00000
  5.500E+10 5.500E+10 4.664E+00 6.039E+04 7.961E+04 7.813E+04 2.181E+05 2.181E+05 3.356E+06 36.8226 1.00000
  6.000E+10 6.000E+10 4.680E+00 6.588E+04 8.685E+04 8.624E+04 2.390E+05 2.390E+05 3.378E+06 36.9967 1.00000
  7.000E+10 7.000E+10 4.710E+00 7.686E+04 1.013E+05 1.027E+05 2.809E+05 2.809E+05 3.416E+06 37.3050 1.00000
  8.000E+10 8.000E+10 4.736E+00 8.784E+04 1.158E+05 1.195E+05 3.232E+05 3.232E+05 3.449E+06 37.5720 1.00000
  9.000E+10 9.000E+10 4.759E+00 9.882E+04 1.303E+05 1.366E+05 3.657E+05 3.657E+05 3.478E+06 37.8076 1.00000
  1.000E+11 1.000E+11 4.780E+00 1.098E+05 1.448E+05 1.540E+05 4.085E+05 4.085E+05 3.504E+06 38.0183 1.00000
  1.200E+11 1.200E+11 4.816E+00 1.318E+05 1.737E+05 1.894E+05 4.949E+05 4.949E+05 3.549E+06 38.3829 1.00000
  1.400E+11 1.400E+11 4.846E+00 1.537E+05 2.027E+05 2.257E+05 5.821E+05 5.821E+05 3.586E+06 38.6912 1.00000
  1.700E+11 1.700E+11 4.885E+00 1.867E+05 2.461E+05 2.814E+05 7.142E+05 7.142E+05 3.632E+06 39.0796 1.00000
  2.000E+11 2.000E+11 4.918E+00 2.196E+05 2.895E+05 3.386E+05 8.477E+05 8.477E+05 3.671E+06 39.4046 1.00000
  2.500E+11 2.500E+11 4.964E+00 2.745E+05 3.619E+05 4.366E+05 1.073E+06 1.073E+06 3.723E+06 39.8509 1.00000
  3.000E+11 3.000E+11 5.001E+00 3.294E+05 4.343E+05 5.374E+05 1.301E+06 1.301E+06 3.765E+06 40.2155 1.00000
  3.500E+11 3.500E+11 5.033E+00 3.843E+05 5.066E+05 6.406E+05 1.532E+06 1.532E+06 3.801E+06 40.5238 1.00000
  4.000E+11 4.000E+11 5.061E+00 4.392E+05 5.790E+05 7.460E+05 1.764E+06 1.764E+06 3.831E+06 40.7909 1.00000
  4.500E+11 4.500E+11 5.086E+00 4.941E+05 6.514E+05 8.532E+05 1.999E+06 1.999E+06 3.858E+06 41.0265 1.00000
  5.000E+11 5.000E+11 5.108E+00 5.490E+05 7.237E+05 9.623E+05 2.235E+06 2.235E+06 3.881E+06 41.2372 1.00000
  5.500E+11 5.500E+11 5.129E+00 6.039E+05 7.961E+05 1.073E+06 2.473E+06 2.473E+06 3.903E+06 41.4278 1.00000
  6.000E+11 6.000E+11 5.147E+00 6.588E+05 8.685E+05 1.185E+06 2.712E+06 2.712E+06 3.922E+06 41.6018 1.00000
  7.000E+11 7.000E+11 5.180E+00 7.686E+05 1.013E+06 1.413E+06 3.195E+06 3.195E+06 3.956E+06 41.9101 1.00000
  8.000E+11 8.000E+11 5.209E+00 8.784E+05 1.158E+06 1.646E+06 3.683E+06 3.683E+06 3.985E+06 42.1772 1.00000
  9.000E+11 9.000E+11 5.235E+00 9.882E+05 1.303E+06 1.884E+06 4.175E+06 4.175E+06 4.011E+06 42.4128 1.00000
  1.000E+12 1.000E+12 5.258E+00 1.098E+06 1.447E+06 2.125E+06 4.670E+06 4.670E+06 4.033E+06 42.6235 1.00000
