 Incident particle is a Muon with M = 105.65839 MeV
 Index = 0: NylonType11Rilsan
      Absorber with <Z/A> = 0.55648
 Density effect computed following Fano (1963)
 Models for Radloss: brems =  SSR, pair =  SSR, photonuc = DRSS

 *** Table generated with PUMAS v1.1 ***

      T         p     Ionization  brems     pair     photonuc  Radloss    dE/dx   CSDA Range  delta   beta
    [MeV]    [MeV/c]  -----------------------[MeV cm^2/g]------------------------  [g/cm^2]
  1.000E+00 1.457E+01 5.247E+01 0.000E+00 0.000E+00 0.000E+00 0.000E+00 5.247E+01 9.529E-03  0.0000 0.13661
  1.200E+00 1.597E+01 4.522E+01 0.000E+00 0.000E+00 0.000E+00 0.000E+00 4.522E+01 1.365E-02  0.0000 0.14944
  1.400E+00 1.726E+01 3.987E+01 0.000E+00 0.000E+00 0.000E+00 0.000E+00 3.987E+01 1.837E-02  0.0000 0.16119
  1.700E+00 1.903E+01 3.400E+01 0.000E+00 0.000E+00 0.000E+00 0.000E+00 3.400E+01 2.655E-02  0.0000 0.17725
  2.000E+00 2.066E+01 2.976E+01 0.000E+00 0.000E+00 0.000E+00 0.000E+00 2.976E+01 3.600E-02  0.0000 0.19186
  2.500E+00 2.312E+01 2.478E+01 0.000E+00 0.000E+00 0.000E+00 0.000E+00 2.478E+01 5.450E-02  0.0000 0.21376
  3.000E+00 2.536E+01 2.135E+01 0.000E+00 0.000E+00 0.000E+00 0.000E+00 2.135E+01 7.631E-02  0.0000 0.23336
  3.500E+00 2.742E+01 1.882E+01 0.000E+00 0.000E+00 0.000E+00 0.000E+00 1.882E+01 1.013E-01  0.0000 0.25120
  4.000E+00 2.935E+01 1.689E+01 0.000E+00 0.000E+00 0.000E+00 0.000E+00 1.689E+01 1.294E-01  0.0000 0.26763
  4.500E+00 3.116E+01 1.535E+01 0.000E+00 0.000E+00 0.000E+00 0.000E+00 1.535E+01 1.605E-01  0.0000 0.28290
  5.000E+00 3.289E+01 1.410E+01 0.000E+00 0.000E+00 0.000E+00 0.000E+00 1.410E+01 1.945E-01  0.0000 0.29720
  5.500E+00 3.453E+01 1.306E+01 0.000E+00 0.000E+00 0.000E+00 0.000E+00 1.306E+01 2.314E-01  0.0000 0.31066
  6.000E+00 3.611E+01 1.219E+01 0.000E+00 0.000E+00 0.000E+00 0.000E+00 1.219E+01 2.710E-01  0.0000 0.32339
  7.000E+00 3.909E+01 1.079E+01 0.000E+00 0.000E+00 0.000E+00 0.000E+00 1.079E+01 3.584E-01  0.0000 0.34700
  8.000E+00 4.189E+01 9.720E+00 0.000E+00 0.000E+00 0.000E+00 0.000E+00 9.720E+00 4.563E-01  0.0000 0.36854
  9.000E+00 4.453E+01 8.874E+00 0.000E+00 0.000E+00 0.000E+00 0.000E+00 8.874E+00 5.641E-01  0.0000 0.38836
  1.000E+01 4.704E+01 8.188E+00 0.000E+00 0.000E+00 0.000E+00 0.000E+00 8.188E+00 6.815E-01  0.0000 0.40675
  1.200E+01 5.177E+01 7.142E+00 0.000E+00 0.000E+00 0.000E+00 0.000E+00 7.142E+00 9.438E-01  0.0000 0.43998
  1.400E+01 5.616E+01 6.381E+00 0.000E+00 0.000E+00 0.000E+00 0.000E+00 6.381E+00 1.241E+00  0.0000 0.46937
  1.700E+01 6.230E+01 5.562E+00 0.000E+00 0.000E+00 0.000E+00 0.000E+00 5.562E+00 1.746E+00  0.0000 0.50792
  2.000E+01 6.802E+01 4.979E+00 0.000E+00 0.000E+00 0.000E+00 0.000E+00 4.979E+00 2.318E+00  0.0000 0.54129
  2.500E+01 7.686E+01 4.310E+00 7.560E-10 0.000E+00 0.000E+00 7.560E-10 4.310E+00 3.401E+00  0.0011 0.58827
  3.000E+01 8.509E+01 3.858E+00 1.108E-07 0.000E+00 0.000E+00 1.108E-07 3.858E+00 4.631E+00  0.0057 0.62720
  3.500E+01 9.285E+01 3.533E+00 1.294E-07 0.000E+00 0.000E+00 1.294E-07 3.533E+00 5.988E+00  0.0131 0.66011
  4.000E+01 1.003E+02 3.289E+00 1.386E-07 0.000E+00 0.000E+00 1.386E-07 3.289E+00 7.456E+00  0.0229 0.68834
  4.500E+01 1.074E+02 3.100E+00 1.480E-07 0.000E+00 0.000E+00 1.480E-07 3.100E+00 9.024E+00  0.0347 0.71286
  5.000E+01 1.143E+02 2.948E+00 1.578E-07 0.000E+00 0.000E+00 1.578E-07 2.948E+00 1.068E+01  0.0483 0.73434
  5.500E+01 1.210E+02 2.825E+00 1.679E-07 0.000E+00 0.000E+00 1.679E-07 2.825E+00 1.241E+01  0.0633 0.75332
  6.000E+01 1.276E+02 2.724E+00 1.782E-07 0.000E+00 0.000E+00 1.782E-07 2.724E+00 1.422E+01  0.0794 0.77019
  7.000E+01 1.403E+02 2.566E+00 1.998E-07 0.000E+00 0.000E+00 1.998E-07 2.566E+00 1.800E+01  0.1145 0.79887
  8.000E+01 1.527E+02 2.450E+00 2.226E-07 0.000E+00 0.000E+00 2.226E-07 2.450E+00 2.200E+01  0.1524 0.82227
  9.000E+01 1.647E+02 2.362E+00 2.465E-07 0.000E+00 0.000E+00 2.465E-07 2.362E+00 2.616E+01  0.1921 0.84166
  1.000E+02 1.764E+02 2.294E+00 2.716E-07 0.000E+00 0.000E+00 2.716E-07 2.294E+00 3.046E+01  0.2330 0.85794
  1.200E+02 1.994E+02 2.197E+00 3.251E-07 0.000E+00 0.000E+00 3.251E-07 2.197E+00 3.938E+01  0.3165 0.88361
  1.400E+02 2.218E+02 2.134E+00 3.865E-06 0.000E+00 0.000E+00 3.865E-06 2.134E+00 4.862E+01  0.4002 0.90278
  1.700E+02 2.546E+02 2.074E+00 1.177E-05 1.122E-09 0.000E+00 1.177E-05 2.074E+00 6.290E+01  0.5234 0.92363
  2.000E+02 2.868E+02 2.038E+00 1.718E-05 8.498E-09 0.000E+00 1.719E-05 2.038E+00 7.750E+01  0.6417 0.93835
  2.500E+02 3.396E+02 2.008E+00 2.426E-05 1.058E-07 0.000E+00 2.437E-05 2.009E+00 1.022E+02  0.8262 0.95485
  3.000E+02 3.917E+02 1.997E+00 3.088E-05 6.532E-07 0.000E+00 3.154E-05 1.997E+00 1.272E+02  0.9950 0.96548
  3.500E+02 4.432E+02 1.996E+00 3.783E-05 1.686E-06 0.000E+00 3.951E-05 1.996E+00 1.523E+02  1.1496 0.97274
  4.000E+02 4.945E+02 1.999E+00 4.522E-05 3.195E-06 0.000E+00 4.842E-05 1.999E+00 1.773E+02  1.2917 0.97793
  4.500E+02 5.455E+02 2.005E+00 5.307E-05 5.169E-06 0.000E+00 5.824E-05 2.005E+00 2.023E+02  1.4229 0.98176
  5.000E+02 5.964E+02 2.013E+00 6.137E-05 7.597E-06 0.000E+00 6.896E-05 2.013E+00 2.272E+02  1.5447 0.98467
  5.500E+02 6.471E+02 2.021E+00 7.006E-05 1.047E-05 1.562E-05 9.615E-05 2.021E+00 2.520E+02  1.6582 0.98693
  6.000E+02 6.977E+02 2.030E+00 7.914E-05 1.376E-05 5.194E-05 1.448E-04 2.030E+00 2.766E+02  1.7645 0.98873
  7.000E+02 7.987E+02 2.048E+00 9.838E-05 2.159E-05 1.243E-04 2.443E-04 2.049E+00 3.257E+02  1.9589 0.99136
  8.000E+02 8.995E+02 2.066E+00 1.189E-04 3.098E-05 1.928E-04 3.427E-04 2.066E+00 3.743E+02  2.1331 0.99317
  9.000E+02 1.000E+03 2.083E+00 1.407E-04 4.183E-05 2.583E-04 4.409E-04 2.083E+00 4.225E+02  2.2911 0.99447
  1.000E+03 1.101E+03 2.099E+00 1.636E-04 5.406E-05 3.219E-04 5.396E-04 2.099E+00 4.703E+02  2.4358 0.99542
  1.200E+03 1.301E+03 2.128E+00 2.123E-04 8.234E-05 4.452E-04 7.399E-04 2.128E+00 5.649E+02  2.6937 0.99672
  1.400E+03 1.502E+03 2.153E+00 2.646E-04 1.153E-04 5.649E-04 9.448E-04 2.154E+00 6.583E+02  2.9192 0.99753
  1.700E+03 1.803E+03 2.186E+00 3.489E-04 1.724E-04 7.398E-04 1.261E-03 2.187E+00 7.965E+02  3.2135 0.99829
  2.000E+03 2.103E+03 2.213E+00 4.392E-04 2.379E-04 9.106E-04 1.588E-03 2.215E+00 9.328E+02  3.4689 0.99874
  2.500E+03 2.604E+03 2.251E+00 6.010E-04 3.628E-04 1.188E-03 2.152E-03 2.254E+00 1.156E+03  3.8336 0.99918
  3.000E+03 3.104E+03 2.282E+00 7.749E-04 5.048E-04 1.458E-03 2.738E-03 2.285E+00 1.377E+03  4.1434 0.99942
  3.500E+03 3.604E+03 2.308E+00 9.587E-04 6.614E-04 1.723E-03 3.343E-03 2.311E+00 1.594E+03  4.4133 0.99957
  4.000E+03 4.104E+03 2.330E+00 1.152E-03 8.465E-04 1.983E-03 3.981E-03 2.334E+00 1.810E+03  4.6524 0.99967
  4.500E+03 4.604E+03 2.349E+00 1.352E-03 1.050E-03 2.238E-03 4.640E-03 2.353E+00 2.023E+03  4.8670 0.99974
  5.000E+03 5.105E+03 2.365E+00 1.559E-03 1.266E-03 2.489E-03 5.315E-03 2.371E+00 2.235E+03  5.0616 0.99979
  5.500E+03 5.605E+03 2.380E+00 1.773E-03 1.493E-03 2.738E-03 6.003E-03 2.386E+00 2.445E+03  5.2395 0.99982
  6.000E+03 6.105E+03 2.394E+00 1.992E-03 1.730E-03 2.983E-03 6.705E-03 2.401E+00 2.654E+03  5.4034 0.99985
  7.000E+03 7.105E+03 2.418E+00 2.445E-03 2.233E-03 3.466E-03 8.145E-03 2.426E+00 3.068E+03  5.6965 0.99989
  8.000E+03 8.105E+03 2.438E+00 2.917E-03 2.769E-03 3.941E-03 9.627E-03 2.447E+00 3.478E+03  5.9530 0.99992
  9.000E+03 9.105E+03 2.455E+00 3.404E-03 3.335E-03 4.408E-03 1.115E-02 2.466E+00 3.885E+03  6.1808 0.99993
  1.000E+04 1.011E+04 2.471E+00 3.905E-03 3.927E-03 4.869E-03 1.270E-02 2.483E+00 4.289E+03  6.3857 0.99995
  1.200E+04 1.211E+04 2.497E+00 4.943E-03 5.179E-03 5.775E-03 1.590E-02 2.513E+00 5.090E+03  6.7422 0.99996
  1.400E+04 1.411E+04 2.519E+00 6.021E-03 6.511E-03 6.665E-03 1.920E-02 2.538E+00 5.882E+03  7.0451 0.99997
  1.700E+04 1.711E+04 2.546E+00 7.707E-03 8.631E-03 7.975E-03 2.431E-02 2.570E+00 7.056E+03  7.4281 0.99998
  2.000E+04 2.011E+04 2.568E+00 9.458E-03 1.088E-02 9.263E-03 2.960E-02 2.598E+00 8.217E+03  7.7498 0.99999
  2.500E+04 2.511E+04 2.598E+00 1.250E-02 1.484E-02 1.137E-02 3.871E-02 2.637E+00 1.013E+04  8.1925 0.99999
  3.000E+04 3.011E+04 2.622E+00 1.565E-02 1.903E-02 1.345E-02 4.814E-02 2.670E+00 1.201E+04  8.5549 0.99999
  3.500E+04 3.511E+04 2.641E+00 1.891E-02 2.341E-02 1.550E-02 5.782E-02 2.699E+00 1.387E+04  8.8618 1.00000
  4.000E+04 4.011E+04 2.658E+00 2.225E-02 2.794E-02 1.754E-02 6.773E-02 2.726E+00 1.572E+04  9.1278 1.00000
  4.500E+04 4.511E+04 2.673E+00 2.566E-02 3.261E-02 1.956E-02 7.783E-02 2.751E+00 1.754E+04  9.3625 1.00000
  5.000E+04 5.011E+04 2.686E+00 2.914E-02 3.739E-02 2.158E-02 8.810E-02 2.774E+00 1.935E+04  9.5726 1.00000
  5.500E+04 5.511E+04 2.697E+00 3.268E-02 4.227E-02 2.358E-02 9.853E-02 2.796E+00 2.115E+04  9.7627 1.00000
  6.000E+04 6.011E+04 2.708E+00 3.626E-02 4.724E-02 2.558E-02 1.091E-01 2.817E+00 2.293E+04  9.9364 1.00000
  7.000E+04 7.011E+04 2.726E+00 4.357E-02 5.741E-02 2.957E-02 1.306E-01 2.857E+00 2.646E+04 10.2440 1.00000
  8.000E+04 8.011E+04 2.742E+00 5.104E-02 6.786E-02 3.355E-02 1.524E-01 2.895E+00 2.993E+04 10.5106 1.00000
  9.000E+04 9.011E+04 2.756E+00 5.864E-02 7.853E-02 3.752E-02 1.747E-01 2.931E+00 3.337E+04 10.7459 1.00000
  1.000E+05 1.001E+05 2.768E+00 6.637E-02 8.939E-02 4.149E-02 1.973E-01 2.966E+00 3.676E+04 10.9563 1.00000
  1.200E+05 1.201E+05 2.789E+00 8.213E-02 1.116E-01 4.944E-02 2.432E-01 3.033E+00 4.343E+04 11.3205 1.00000
  1.400E+05 1.401E+05 2.807E+00 9.824E-02 1.343E-01 5.740E-02 2.900E-01 3.097E+00 4.995E+04 11.6286 1.00000
  1.700E+05 1.701E+05 2.829E+00 1.229E-01 1.692E-01 6.938E-02 3.615E-01 3.191E+00 5.949E+04 12.0166 1.00000
  2.000E+05 2.001E+05 2.848E+00 1.481E-01 2.049E-01 8.143E-02 4.344E-01 3.282E+00 6.876E+04 12.3414 1.00000
  2.500E+05 2.501E+05 2.873E+00 1.910E-01 2.655E-01 1.016E-01 5.582E-01 3.432E+00 8.366E+04 12.7875 1.00000
  3.000E+05 3.001E+05 2.894E+00 2.348E-01 3.273E-01 1.220E-01 6.842E-01 3.578E+00 9.792E+04 13.1520 1.00000
  3.500E+05 3.501E+05 2.912E+00 2.793E-01 3.900E-01 1.426E-01 8.120E-01 3.724E+00 1.116E+05 13.4602 1.00000
  4.000E+05 4.001E+05 2.927E+00 3.244E-01 4.535E-01 1.634E-01 9.413E-01 3.868E+00 1.248E+05 13.7271 1.00000
  4.500E+05 4.501E+05 2.940E+00 3.701E-01 5.175E-01 1.843E-01 1.072E+00 4.012E+00 1.375E+05 13.9627 1.00000
  5.000E+05 5.001E+05 2.953E+00 4.161E-01 5.820E-01 2.053E-01 1.203E+00 4.156E+00 1.497E+05 14.1733 1.00000
  5.500E+05 5.501E+05 2.963E+00 4.625E-01 6.469E-01 2.266E-01 1.336E+00 4.299E+00 1.616E+05 14.3639 1.00000
  6.000E+05 6.001E+05 2.973E+00 5.092E-01 7.122E-01 2.479E-01 1.469E+00 4.443E+00 1.730E+05 14.5379 1.00000
  7.000E+05 7.001E+05 2.991E+00 6.036E-01 8.436E-01 2.910E-01 1.738E+00 4.729E+00 1.948E+05 14.8461 1.00000
  8.000E+05 8.001E+05 3.007E+00 6.989E-01 9.761E-01 3.345E-01 2.009E+00 5.016E+00 2.153E+05 15.1132 1.00000
  9.000E+05 9.001E+05 3.020E+00 7.949E-01 1.109E+00 3.786E-01 2.283E+00 5.303E+00 2.347E+05 15.3487 1.00000
  1.000E+06 1.000E+06 3.033E+00 8.917E-01 1.243E+00 4.230E-01 2.558E+00 5.590E+00 2.531E+05 15.5594 1.00000
  1.200E+06 1.200E+06 3.054E+00 1.087E+00 1.512E+00 5.129E-01 3.112E+00 6.166E+00 2.871E+05 15.9240 1.00000
  1.400E+06 1.400E+06 3.072E+00 1.284E+00 1.783E+00 6.042E-01 3.672E+00 6.744E+00 3.181E+05 16.2323 1.00000
  1.700E+06 1.700E+06 3.095E+00 1.582E+00 2.192E+00 7.433E-01 4.518E+00 7.613E+00 3.600E+05 16.6206 1.00000
  2.000E+06 2.000E+06 3.114E+00 1.883E+00 2.603E+00 8.847E-01 5.371E+00 8.485E+00 3.973E+05 16.9456 1.00000
  2.500E+06 2.500E+06 3.141E+00 2.388E+00 3.291E+00 1.125E+00 6.804E+00 9.945E+00 4.517E+05 17.3919 1.00000
  3.000E+06 3.000E+06 3.163E+00 2.898E+00 3.982E+00 1.370E+00 8.250E+00 1.141E+01 4.986E+05 17.7565 1.00000
  3.500E+06 3.500E+06 3.182E+00 3.410E+00 4.675E+00 1.619E+00 9.704E+00 1.289E+01 5.398E+05 18.0648 1.00000
  4.000E+06 4.000E+06 3.198E+00 3.925E+00 5.370E+00 1.872E+00 1.117E+01 1.436E+01 5.765E+05 18.3318 1.00000
  4.500E+06 4.500E+06 3.213E+00 4.441E+00 6.066E+00 2.128E+00 1.264E+01 1.585E+01 6.097E+05 18.5674 1.00000
  5.000E+06 5.000E+06 3.226E+00 4.960E+00 6.763E+00 2.387E+00 1.411E+01 1.733E+01 6.398E+05 18.7781 1.00000
  5.500E+06 5.500E+06 3.238E+00 5.479E+00 7.461E+00 2.648E+00 1.559E+01 1.883E+01 6.675E+05 18.9687 1.00000
  6.000E+06 6.000E+06 3.248E+00 6.000E+00 8.160E+00 2.913E+00 1.707E+01 2.032E+01 6.930E+05 19.1427 1.00000
  7.000E+06 7.000E+06 3.268E+00 7.044E+00 9.559E+00 3.448E+00 2.005E+01 2.332E+01 7.390E+05 19.4510 1.00000
  8.000E+06 8.000E+06 3.285E+00 8.091E+00 1.096E+01 3.991E+00 2.304E+01 2.633E+01 7.793E+05 19.7181 1.00000
  9.000E+06 9.000E+06 3.299E+00 9.141E+00 1.236E+01 4.542E+00 2.605E+01 2.935E+01 8.153E+05 19.9537 1.00000
  1.000E+07 1.000E+07 3.313E+00 1.019E+01 1.377E+01 5.100E+00 2.906E+01 3.237E+01 8.477E+05 20.1644 1.00000
  1.200E+07 1.200E+07 3.336E+00 1.230E+01 1.658E+01 6.233E+00 3.511E+01 3.845E+01 9.043E+05 20.5290 1.00000
  1.400E+07 1.400E+07 3.356E+00 1.441E+01 1.939E+01 7.387E+00 4.119E+01 4.455E+01 9.526E+05 20.8373 1.00000
  1.700E+07 1.700E+07 3.381E+00 1.759E+01 2.361E+01 9.151E+00 5.036E+01 5.374E+01 1.014E+06 21.2256 1.00000
  2.000E+07 2.000E+07 3.403E+00 2.078E+01 2.784E+01 1.095E+01 5.957E+01 6.297E+01 1.065E+06 21.5507 1.00000
  2.500E+07 2.500E+07 3.432E+00 2.609E+01 3.489E+01 1.402E+01 7.500E+01 7.843E+01 1.136E+06 21.9970 1.00000
  3.000E+07 3.000E+07 3.457E+00 3.142E+01 4.195E+01 1.715E+01 9.052E+01 9.398E+01 1.195E+06 22.3616 1.00000
  3.500E+07 3.500E+07 3.478E+00 3.675E+01 4.901E+01 2.035E+01 1.061E+02 1.096E+02 1.244E+06 22.6699 1.00000
  4.000E+07 4.000E+07 3.496E+00 4.209E+01 5.607E+01 2.360E+01 1.218E+02 1.252E+02 1.286E+06 22.9370 1.00000
  4.500E+07 4.500E+07 3.512E+00 4.743E+01 6.313E+01 2.690E+01 1.375E+02 1.410E+02 1.324E+06 23.1725 1.00000
  5.000E+07 5.000E+07 3.526E+00 5.277E+01 7.019E+01 3.023E+01 1.532E+02 1.567E+02 1.358E+06 23.3832 1.00000
  5.500E+07 5.500E+07 3.539E+00 5.812E+01 7.726E+01 3.361E+01 1.690E+02 1.725E+02 1.388E+06 23.5739 1.00000
  6.000E+07 6.000E+07 3.551E+00 6.346E+01 8.433E+01 3.703E+01 1.848E+02 1.884E+02 1.416E+06 23.7479 1.00000
  7.000E+07 7.000E+07 3.573E+00 7.417E+01 9.847E+01 4.395E+01 2.166E+02 2.202E+02 1.465E+06 24.0562 1.00000
  8.000E+07 8.000E+07 3.592E+00 8.487E+01 1.126E+02 5.099E+01 2.485E+02 2.521E+02 1.507E+06 24.3232 1.00000
  9.000E+07 9.000E+07 3.608E+00 9.558E+01 1.267E+02 5.813E+01 2.805E+02 2.841E+02 1.545E+06 24.5588 1.00000
  1.000E+08 1.000E+08 3.623E+00 1.063E+02 1.409E+02 6.537E+01 3.126E+02 3.162E+02 1.578E+06 24.7695 1.00000
  1.200E+08 1.200E+08 3.649E+00 1.277E+02 1.692E+02 8.010E+01 3.770E+02 3.807E+02 1.636E+06 25.1342 1.00000
  1.400E+08 1.400E+08 3.671E+00 1.492E+02 1.975E+02 9.511E+01 4.418E+02 4.454E+02 1.684E+06 25.4425 1.00000
  1.700E+08 1.700E+08 3.700E+00 1.814E+02 2.399E+02 1.181E+02 5.394E+02 5.431E+02 1.745E+06 25.8308 1.00000
  2.000E+08 2.000E+08 3.723E+00 2.135E+02 2.824E+02 1.416E+02 6.375E+02 6.413E+02 1.796E+06 26.1558 1.00000
  2.500E+08 2.500E+08 3.756E+00 2.672E+02 3.531E+02 1.817E+02 8.020E+02 8.058E+02 1.865E+06 26.6021 1.00000
  3.000E+08 3.000E+08 3.784E+00 3.209E+02 4.239E+02 2.227E+02 9.675E+02 9.713E+02 1.922E+06 26.9668 1.00000
  3.500E+08 3.500E+08 3.807E+00 3.746E+02 4.947E+02 2.646E+02 1.134E+03 1.138E+03 1.969E+06 27.2751 1.00000
  4.000E+08 4.000E+08 3.827E+00 4.283E+02 5.655E+02 3.072E+02 1.301E+03 1.305E+03 2.010E+06 27.5421 1.00000
  4.500E+08 4.500E+08 3.845E+00 4.819E+02 6.362E+02 3.505E+02 1.469E+03 1.473E+03 2.046E+06 27.7777 1.00000
  5.000E+08 5.000E+08 3.861E+00 5.356E+02 7.070E+02 3.944E+02 1.637E+03 1.641E+03 2.078E+06 27.9884 1.00000
  5.500E+08 5.500E+08 3.876E+00 5.893E+02 7.778E+02 4.388E+02 1.806E+03 1.810E+03 2.107E+06 28.1790 1.00000
  6.000E+08 6.000E+08 3.889E+00 6.430E+02 8.486E+02 4.837E+02 1.975E+03 1.979E+03 2.134E+06 28.3530 1.00000
  7.000E+08 7.000E+08 3.913E+00 7.504E+02 9.902E+02 5.749E+02 2.315E+03 2.319E+03 2.180E+06 28.6613 1.00000
  8.000E+08 8.000E+08 3.934E+00 8.579E+02 1.132E+03 6.676E+02 2.657E+03 2.661E+03 2.221E+06 28.9284 1.00000
  9.000E+08 9.000E+08 3.953E+00 9.653E+02 1.273E+03 7.619E+02 3.000E+03 3.004E+03 2.256E+06 29.1639 1.00000
  1.000E+09 1.000E+09 3.969E+00 1.073E+03 1.415E+03 8.574E+02 3.345E+03 3.349E+03 2.288E+06 29.3746 1.00000
  1.200E+09 1.200E+09 3.999E+00 1.288E+03 1.698E+03 1.052E+03 4.038E+03 4.042E+03 2.342E+06 29.7392 1.00000
  1.400E+09 1.400E+09 4.023E+00 1.502E+03 1.981E+03 1.251E+03 4.734E+03 4.738E+03 2.388E+06 30.0471 1.00000
  1.700E+09 1.700E+09 4.055E+00 1.825E+03 2.406E+03 1.555E+03 5.786E+03 5.790E+03 2.445E+06 30.4355 1.00000
  2.000E+09 2.000E+09 4.082E+00 2.147E+03 2.831E+03 1.867E+03 6.844E+03 6.848E+03 2.492E+06 30.7590 1.00000
  2.500E+09 2.500E+09 4.119E+00 2.684E+03 3.539E+03 2.398E+03 8.621E+03 8.625E+03 2.557E+06 31.2052 1.00000
  3.000E+09 3.000E+09 4.150E+00 3.221E+03 4.247E+03 2.944E+03 1.041E+04 1.042E+04 2.610E+06 31.5634 1.00000
  3.500E+09 3.500E+09 4.175E+00 3.758E+03 4.955E+03 3.501E+03 1.221E+04 1.222E+04 2.654E+06 31.8717 1.00000
  4.000E+09 4.000E+09 4.198E+00 4.296E+03 5.663E+03 4.069E+03 1.403E+04 1.403E+04 2.692E+06 32.1388 1.00000
  4.500E+09 4.500E+09 4.221E+00 4.833E+03 6.371E+03 4.646E+03 1.585E+04 1.585E+04 2.726E+06 32.3452 1.00000
  5.000E+09 5.000E+09 4.239E+00 5.370E+03 7.079E+03 5.231E+03 1.768E+04 1.768E+04 2.756E+06 32.5559 1.00000
  5.500E+09 5.500E+09 4.255E+00 5.907E+03 7.787E+03 5.824E+03 1.952E+04 1.952E+04 2.783E+06 32.7465 1.00000
  6.000E+09 6.000E+09 4.270E+00 6.444E+03 8.495E+03 6.424E+03 2.136E+04 2.137E+04 2.807E+06 32.9205 1.00000
  7.000E+09 7.000E+09 4.297E+00 7.519E+03 9.910E+03 7.642E+03 2.507E+04 2.508E+04 2.850E+06 33.2288 1.00000
  8.000E+09 8.000E+09 4.334E+00 8.593E+03 1.133E+04 8.884E+03 2.880E+04 2.881E+04 2.887E+06 33.3404 1.00000
  9.000E+09 9.000E+09 4.354E+00 9.667E+03 1.274E+04 1.015E+04 3.256E+04 3.256E+04 2.920E+06 33.5760 1.00000
  1.000E+10 1.000E+10 4.373E+00 1.074E+04 1.416E+04 1.143E+04 3.633E+04 3.633E+04 2.949E+06 33.7867 1.00000
  1.200E+10 1.200E+10 4.406E+00 1.289E+04 1.699E+04 1.404E+04 4.392E+04 4.392E+04 2.999E+06 34.1514 1.00000
  1.400E+10 1.400E+10 4.433E+00 1.504E+04 1.982E+04 1.670E+04 5.157E+04 5.157E+04 3.041E+06 34.4597 1.00000
  1.700E+10 1.700E+10 4.469E+00 1.826E+04 2.407E+04 2.080E+04 6.313E+04 6.314E+04 3.094E+06 34.8480 1.00000
  2.000E+10 2.000E+10 4.498E+00 2.149E+04 2.832E+04 2.499E+04 7.480E+04 7.480E+04 3.137E+06 35.1730 1.00000
  2.500E+10 2.500E+10 4.540E+00 2.686E+04 3.540E+04 3.217E+04 9.442E+04 9.443E+04 3.197E+06 35.6193 1.00000
  3.000E+10 3.000E+10 4.574E+00 3.223E+04 4.248E+04 3.954E+04 1.142E+05 1.142E+05 3.245E+06 35.9840 1.00000
  3.500E+10 3.500E+10 4.603E+00 3.760E+04 4.956E+04 4.707E+04 1.342E+05 1.342E+05 3.285E+06 36.2923 1.00000
  4.000E+10 4.000E+10 4.628E+00 4.297E+04 5.664E+04 5.476E+04 1.544E+05 1.544E+05 3.320E+06 36.5593 1.00000
  4.500E+10 4.500E+10 4.650E+00 4.834E+04 6.372E+04 6.257E+04 1.746E+05 1.746E+05 3.350E+06 36.7949 1.00000
  5.000E+10 5.000E+10 4.671E+00 5.372E+04 7.080E+04 7.051E+04 1.950E+05 1.950E+05 3.377E+06 37.0056 1.00000
  5.500E+10 5.500E+10 4.689E+00 5.909E+04 7.787E+04 7.855E+04 2.155E+05 2.155E+05 3.402E+06 37.1962 1.00000
  6.000E+10 6.000E+10 4.706E+00 6.446E+04 8.495E+04 8.670E+04 2.361E+05 2.361E+05 3.424E+06 37.3702 1.00000
  7.000E+10 7.000E+10 4.736E+00 7.520E+04 9.911E+04 1.033E+05 2.776E+05 2.776E+05 3.463E+06 37.6785 1.00000
  8.000E+10 8.000E+10 4.762E+00 8.595E+04 1.133E+05 1.202E+05 3.194E+05 3.194E+05 3.496E+06 37.9456 1.00000
  9.000E+10 9.000E+10 4.785E+00 9.669E+04 1.274E+05 1.373E+05 3.615E+05 3.615E+05 3.526E+06 38.1812 1.00000
  1.000E+11 1.000E+11 4.806E+00 1.074E+05 1.416E+05 1.548E+05 4.038E+05 4.038E+05 3.552E+06 38.3919 1.00000
  1.200E+11 1.200E+11 4.842E+00 1.289E+05 1.699E+05 1.904E+05 4.893E+05 4.893E+05 3.597E+06 38.7565 1.00000
  1.400E+11 1.400E+11 4.873E+00 1.504E+05 1.982E+05 2.269E+05 5.755E+05 5.755E+05 3.635E+06 39.0648 1.00000
  1.700E+11 1.700E+11 4.913E+00 1.826E+05 2.407E+05 2.829E+05 7.063E+05 7.063E+05 3.682E+06 39.4532 1.00000
  2.000E+11 2.000E+11 4.946E+00 2.149E+05 2.832E+05 3.404E+05 8.385E+05 8.385E+05 3.721E+06 39.7782 1.00000
  2.500E+11 2.500E+11 4.992E+00 2.686E+05 3.540E+05 4.389E+05 1.061E+06 1.061E+06 3.773E+06 40.2245 1.00000
  3.000E+11 3.000E+11 5.030E+00 3.223E+05 4.248E+05 5.402E+05 1.287E+06 1.287E+06 3.816E+06 40.5891 1.00000
  3.500E+11 3.500E+11 5.062E+00 3.760E+05 4.956E+05 6.440E+05 1.516E+06 1.516E+06 3.852E+06 40.8974 1.00000
  4.000E+11 4.000E+11 5.091E+00 4.297E+05 5.663E+05 7.499E+05 1.746E+06 1.746E+06 3.883E+06 41.1645 1.00000
  4.500E+11 4.500E+11 5.116E+00 4.835E+05 6.371E+05 8.578E+05 1.978E+06 1.978E+06 3.910E+06 41.4001 1.00000
  5.000E+11 5.000E+11 5.138E+00 5.372E+05 7.079E+05 9.674E+05 2.213E+06 2.213E+06 3.933E+06 41.6108 1.00000
  5.500E+11 5.500E+11 5.159E+00 5.909E+05 7.787E+05 1.079E+06 2.448E+06 2.448E+06 3.955E+06 41.8014 1.00000
  6.000E+11 6.000E+11 5.177E+00 6.446E+05 8.495E+05 1.191E+06 2.685E+06 2.685E+06 3.974E+06 41.9754 1.00000
  7.000E+11 7.000E+11 5.211E+00 7.521E+05 9.911E+05 1.421E+06 3.164E+06 3.164E+06 4.009E+06 42.2837 1.00000
  8.000E+11 8.000E+11 5.240E+00 8.595E+05 1.133E+06 1.655E+06 3.647E+06 3.647E+06 4.038E+06 42.5508 1.00000
  9.000E+11 9.000E+11 5.266E+00 9.669E+05 1.274E+06 1.894E+06 4.135E+06 4.135E+06 4.064E+06 42.7863 1.00000
  1.000E+12 1.000E+12 5.289E+00 1.074E+06 1.416E+06 2.136E+06 4.626E+06 4.626E+06 4.087E+06 42.9971 1.00000
