 Incident particle is a Muon with M = 105.65839 MeV
 Index = 0: Octane
      Absorber with <Z/A> = 0.57778
 Density effect computed following Fano (1963)
 Models for Radloss: brems =  SSR, pair =  SSR, photonuc = DRSS

 *** Table generated with PUMAS v1.1 ***

      T         p     Ionization  brems     pair     photonuc  Radloss    dE/dx   CSDA Range  delta   beta
    [MeV]    [MeV/c]  -----------------------[MeV cm^2/g]------------------------  [g/cm^2]
  1.000E+00 1.457E+01 5.561E+01 0.000E+00 0.000E+00 0.000E+00 0.000E+00 5.561E+01 8.992E-03  0.0000 0.13661
  1.200E+00 1.597E+01 4.790E+01 0.000E+00 0.000E+00 0.000E+00 0.000E+00 4.790E+01 1.288E-02  0.0000 0.14944
  1.400E+00 1.726E+01 4.220E+01 0.000E+00 0.000E+00 0.000E+00 0.000E+00 4.220E+01 1.734E-02  0.0000 0.16119
  1.700E+00 1.903E+01 3.597E+01 0.000E+00 0.000E+00 0.000E+00 0.000E+00 3.597E+01 2.506E-02  0.0000 0.17725
  2.000E+00 2.066E+01 3.147E+01 0.000E+00 0.000E+00 0.000E+00 0.000E+00 3.147E+01 3.400E-02  0.0000 0.19186
  2.500E+00 2.312E+01 2.619E+01 0.000E+00 0.000E+00 0.000E+00 0.000E+00 2.619E+01 5.150E-02  0.0000 0.21376
  3.000E+00 2.536E+01 2.255E+01 0.000E+00 0.000E+00 0.000E+00 0.000E+00 2.255E+01 7.214E-02  0.0000 0.23336
  3.500E+00 2.742E+01 1.988E+01 0.000E+00 0.000E+00 0.000E+00 0.000E+00 1.988E+01 9.581E-02  0.0000 0.25120
  4.000E+00 2.935E+01 1.783E+01 0.000E+00 0.000E+00 0.000E+00 0.000E+00 1.783E+01 1.224E-01  0.0000 0.26763
  4.500E+00 3.116E+01 1.620E+01 0.000E+00 0.000E+00 0.000E+00 0.000E+00 1.620E+01 1.519E-01  0.0000 0.28290
  5.000E+00 3.289E+01 1.488E+01 0.000E+00 0.000E+00 0.000E+00 0.000E+00 1.488E+01 1.841E-01  0.0000 0.29720
  5.500E+00 3.453E+01 1.378E+01 0.000E+00 0.000E+00 0.000E+00 0.000E+00 1.378E+01 2.191E-01  0.0000 0.31066
  6.000E+00 3.611E+01 1.286E+01 0.000E+00 0.000E+00 0.000E+00 0.000E+00 1.286E+01 2.567E-01  0.0000 0.32339
  7.000E+00 3.909E+01 1.138E+01 0.000E+00 0.000E+00 0.000E+00 0.000E+00 1.138E+01 3.395E-01  0.0000 0.34700
  8.000E+00 4.189E+01 1.025E+01 0.000E+00 0.000E+00 0.000E+00 0.000E+00 1.025E+01 4.323E-01  0.0000 0.36854
  9.000E+00 4.453E+01 9.353E+00 0.000E+00 0.000E+00 0.000E+00 0.000E+00 9.353E+00 5.346E-01  0.0000 0.38836
  1.000E+01 4.704E+01 8.629E+00 0.000E+00 0.000E+00 0.000E+00 0.000E+00 8.629E+00 6.460E-01  0.0000 0.40675
  1.200E+01 5.177E+01 7.524E+00 0.000E+00 0.000E+00 0.000E+00 0.000E+00 7.524E+00 8.950E-01  0.0000 0.43998
  1.400E+01 5.616E+01 6.721E+00 0.000E+00 0.000E+00 0.000E+00 0.000E+00 6.721E+00 1.177E+00  0.0000 0.46937
  1.700E+01 6.230E+01 5.856E+00 0.000E+00 0.000E+00 0.000E+00 0.000E+00 5.856E+00 1.657E+00  0.0000 0.50792
  2.000E+01 6.802E+01 5.242E+00 0.000E+00 0.000E+00 0.000E+00 0.000E+00 5.242E+00 2.199E+00  0.0000 0.54129
  2.500E+01 7.686E+01 4.536E+00 1.040E-09 0.000E+00 0.000E+00 1.040E-09 4.536E+00 3.229E+00  0.0000 0.58827
  3.000E+01 8.509E+01 4.061E+00 1.524E-07 0.000E+00 0.000E+00 1.524E-07 4.061E+00 4.398E+00  0.0000 0.62720
  3.500E+01 9.285E+01 3.720E+00 1.780E-07 0.000E+00 0.000E+00 1.780E-07 3.720E+00 5.687E+00  0.0000 0.66011
  4.000E+01 1.003E+02 3.464E+00 1.906E-07 0.000E+00 0.000E+00 1.906E-07 3.464E+00 7.081E+00  0.0000 0.68834
  4.500E+01 1.074E+02 3.266E+00 2.036E-07 0.000E+00 0.000E+00 2.036E-07 3.266E+00 8.570E+00  0.0000 0.71286
  5.000E+01 1.143E+02 3.108E+00 2.170E-07 0.000E+00 0.000E+00 2.170E-07 3.108E+00 1.014E+01  0.0000 0.73434
  5.500E+01 1.210E+02 2.980E+00 2.309E-07 0.000E+00 0.000E+00 2.309E-07 2.980E+00 1.178E+01  0.0000 0.75332
  6.000E+01 1.276E+02 2.875E+00 2.451E-07 0.000E+00 0.000E+00 2.451E-07 2.875E+00 1.349E+01  0.0000 0.77019
  7.000E+01 1.403E+02 2.712E+00 2.748E-07 0.000E+00 0.000E+00 2.748E-07 2.712E+00 1.708E+01  0.0022 0.79887
  8.000E+01 1.527E+02 2.593E+00 3.061E-07 0.000E+00 0.000E+00 3.061E-07 2.593E+00 2.085E+01  0.0121 0.82227
  9.000E+01 1.647E+02 2.503E+00 3.390E-07 0.000E+00 0.000E+00 3.390E-07 2.503E+00 2.478E+01  0.0282 0.84166
  1.000E+02 1.764E+02 2.433E+00 3.735E-07 0.000E+00 0.000E+00 3.735E-07 2.433E+00 2.884E+01  0.0489 0.85794
  1.200E+02 1.994E+02 2.333E+00 4.472E-07 0.000E+00 0.000E+00 4.472E-07 2.333E+00 3.724E+01  0.1003 0.88361
  1.400E+02 2.218E+02 2.267E+00 4.590E-06 0.000E+00 0.000E+00 4.590E-06 2.267E+00 4.595E+01  0.1601 0.90278
  1.700E+02 2.546E+02 2.205E+00 1.174E-05 1.114E-09 0.000E+00 1.174E-05 2.205E+00 5.938E+01  0.2575 0.92363
  2.000E+02 2.868E+02 2.169E+00 1.630E-05 8.233E-09 0.000E+00 1.631E-05 2.169E+00 7.311E+01  0.3581 0.93835
  2.500E+02 3.396E+02 2.138E+00 2.255E-05 9.946E-08 0.000E+00 2.265E-05 2.138E+00 9.635E+01  0.5237 0.95485
  3.000E+02 3.917E+02 2.126E+00 2.852E-05 6.084E-07 0.000E+00 2.913E-05 2.126E+00 1.198E+02  0.6812 0.96548
  3.500E+02 4.432E+02 2.124E+00 3.490E-05 1.567E-06 0.000E+00 3.646E-05 2.124E+00 1.433E+02  0.8287 0.97274
  4.000E+02 4.945E+02 2.128E+00 4.174E-05 2.967E-06 0.000E+00 4.470E-05 2.128E+00 1.669E+02  0.9661 0.97793
  4.500E+02 5.455E+02 2.134E+00 4.900E-05 4.798E-06 0.000E+00 5.380E-05 2.134E+00 1.903E+02  1.0942 0.98176
  5.000E+02 5.964E+02 2.142E+00 5.669E-05 7.050E-06 0.000E+00 6.374E-05 2.142E+00 2.137E+02  1.2138 0.98467
  5.500E+02 6.471E+02 2.151E+00 6.475E-05 9.711E-06 1.569E-05 9.015E-05 2.151E+00 2.370E+02  1.3257 0.98693
  6.000E+02 6.977E+02 2.160E+00 7.317E-05 1.277E-05 5.218E-05 1.381E-04 2.160E+00 2.602E+02  1.4308 0.98873
  7.000E+02 7.987E+02 2.178E+00 9.103E-05 2.003E-05 1.249E-04 2.360E-04 2.179E+00 3.063E+02  1.6232 0.99136
  8.000E+02 8.995E+02 2.197E+00 1.101E-04 2.873E-05 1.938E-04 3.326E-04 2.197E+00 3.520E+02  1.7959 0.99317
  9.000E+02 1.000E+03 2.214E+00 1.304E-04 3.879E-05 2.597E-04 4.289E-04 2.215E+00 3.973E+02  1.9525 0.99447
  1.000E+03 1.101E+03 2.231E+00 1.517E-04 5.012E-05 3.237E-04 5.255E-04 2.231E+00 4.423E+02  2.0958 0.99542
  1.200E+03 1.301E+03 2.261E+00 1.971E-04 7.634E-05 4.477E-04 7.211E-04 2.262E+00 5.314E+02  2.3504 0.99672
  1.400E+03 1.502E+03 2.287E+00 2.458E-04 1.069E-04 5.682E-04 9.209E-04 2.288E+00 6.193E+02  2.5722 0.99753
  1.700E+03 1.803E+03 2.322E+00 3.245E-04 1.599E-04 7.444E-04 1.229E-03 2.323E+00 7.493E+02  2.8601 0.99829
  2.000E+03 2.103E+03 2.351E+00 4.088E-04 2.205E-04 9.164E-04 1.546E-03 2.353E+00 8.776E+02  3.1087 0.99874
  2.500E+03 2.604E+03 2.392E+00 5.602E-04 3.363E-04 1.196E-03 2.092E-03 2.394E+00 1.088E+03  3.4621 0.99918
  3.000E+03 3.104E+03 2.424E+00 7.230E-04 4.679E-04 1.468E-03 2.659E-03 2.427E+00 1.296E+03  3.7618 0.99942
  3.500E+03 3.604E+03 2.452E+00 8.952E-04 6.132E-04 1.735E-03 3.244E-03 2.455E+00 1.500E+03  4.0232 0.99957
  4.000E+03 4.104E+03 2.475E+00 1.076E-03 7.865E-04 1.997E-03 3.860E-03 2.479E+00 1.703E+03  4.2554 0.99967
  4.500E+03 4.604E+03 2.495E+00 1.264E-03 9.777E-04 2.255E-03 4.497E-03 2.500E+00 1.904E+03  4.4645 0.99974
  5.000E+03 5.105E+03 2.513E+00 1.459E-03 1.181E-03 2.508E-03 5.148E-03 2.518E+00 2.103E+03  4.6546 0.99979
  5.500E+03 5.605E+03 2.529E+00 1.659E-03 1.394E-03 2.759E-03 5.812E-03 2.535E+00 2.301E+03  4.8289 0.99982
  6.000E+03 6.105E+03 2.543E+00 1.865E-03 1.617E-03 3.007E-03 6.489E-03 2.550E+00 2.498E+03  4.9899 0.99985
  7.000E+03 7.105E+03 2.568E+00 2.292E-03 2.091E-03 3.495E-03 7.877E-03 2.576E+00 2.888E+03  5.2787 0.99989
  8.000E+03 8.105E+03 2.589E+00 2.736E-03 2.596E-03 3.974E-03 9.305E-03 2.599E+00 3.274E+03  5.5321 0.99992
  9.000E+03 9.105E+03 2.608E+00 3.194E-03 3.128E-03 4.446E-03 1.077E-02 2.619E+00 3.658E+03  5.7578 0.99993
  1.000E+04 1.011E+04 2.624E+00 3.666E-03 3.686E-03 4.911E-03 1.226E-02 2.636E+00 4.038E+03  5.9610 0.99995
  1.200E+04 1.211E+04 2.652E+00 4.644E-03 4.866E-03 5.828E-03 1.534E-02 2.667E+00 4.792E+03  6.3154 0.99996
  1.400E+04 1.411E+04 2.674E+00 5.661E-03 6.122E-03 6.727E-03 1.851E-02 2.693E+00 5.539E+03  6.6169 0.99997
  1.700E+04 1.711E+04 2.703E+00 7.251E-03 8.123E-03 8.052E-03 2.343E-02 2.726E+00 6.646E+03  6.9988 0.99998
  2.000E+04 2.011E+04 2.726E+00 8.904E-03 1.024E-02 9.355E-03 2.850E-02 2.754E+00 7.740E+03  7.3197 0.99999
  2.500E+04 2.511E+04 2.757E+00 1.177E-02 1.399E-02 1.149E-02 3.725E-02 2.794E+00 9.542E+03  7.7617 0.99999
  3.000E+04 3.011E+04 2.781E+00 1.476E-02 1.795E-02 1.359E-02 4.630E-02 2.827E+00 1.132E+04  8.1238 0.99999
  3.500E+04 3.511E+04 2.802E+00 1.784E-02 2.209E-02 1.567E-02 5.559E-02 2.857E+00 1.308E+04  8.4304 1.00000
  4.000E+04 4.011E+04 2.819E+00 2.100E-02 2.637E-02 1.773E-02 6.510E-02 2.884E+00 1.482E+04  8.6962 1.00000
  4.500E+04 4.511E+04 2.834E+00 2.423E-02 3.078E-02 1.978E-02 7.480E-02 2.909E+00 1.655E+04  8.9309 1.00000
  5.000E+04 5.011E+04 2.848E+00 2.752E-02 3.531E-02 2.182E-02 8.465E-02 2.932E+00 1.826E+04  9.1409 1.00000
  5.500E+04 5.511E+04 2.860E+00 3.087E-02 3.993E-02 2.386E-02 9.465E-02 2.954E+00 1.996E+04  9.3310 1.00000
  6.000E+04 6.011E+04 2.871E+00 3.426E-02 4.463E-02 2.588E-02 1.048E-01 2.976E+00 2.164E+04  9.5046 1.00000
  7.000E+04 7.011E+04 2.890E+00 4.118E-02 5.427E-02 2.992E-02 1.254E-01 3.015E+00 2.498E+04  9.8122 1.00000
  8.000E+04 8.011E+04 2.906E+00 4.825E-02 6.416E-02 3.396E-02 1.464E-01 3.053E+00 2.828E+04 10.0788 1.00000
  9.000E+04 9.011E+04 2.921E+00 5.546E-02 7.427E-02 3.798E-02 1.677E-01 3.089E+00 3.154E+04 10.3140 1.00000
  1.000E+05 1.001E+05 2.934E+00 6.279E-02 8.457E-02 4.201E-02 1.894E-01 3.123E+00 3.475E+04 10.5244 1.00000
  1.200E+05 1.201E+05 2.956E+00 7.774E-02 1.056E-01 5.007E-02 2.334E-01 3.189E+00 4.109E+04 10.8886 1.00000
  1.400E+05 1.401E+05 2.974E+00 9.301E-02 1.272E-01 5.814E-02 2.784E-01 3.252E+00 4.730E+04 11.1966 1.00000
  1.700E+05 1.701E+05 2.997E+00 1.164E-01 1.603E-01 7.030E-02 3.470E-01 3.344E+00 5.640E+04 11.5846 1.00000
  2.000E+05 2.001E+05 3.016E+00 1.403E-01 1.941E-01 8.252E-02 4.170E-01 3.433E+00 6.525E+04 11.9094 1.00000
  2.500E+05 2.501E+05 3.043E+00 1.811E-01 2.517E-01 1.030E-01 5.358E-01 3.579E+00 7.951E+04 12.3555 1.00000
  3.000E+05 3.001E+05 3.064E+00 2.227E-01 3.105E-01 1.237E-01 6.569E-01 3.721E+00 9.321E+04 12.7200 1.00000
  3.500E+05 3.501E+05 3.083E+00 2.650E-01 3.701E-01 1.446E-01 7.796E-01 3.862E+00 1.064E+05 13.0282 1.00000
  4.000E+05 4.001E+05 3.098E+00 3.078E-01 4.304E-01 1.657E-01 9.039E-01 4.002E+00 1.191E+05 13.2952 1.00000
  4.500E+05 4.501E+05 3.112E+00 3.512E-01 4.912E-01 1.869E-01 1.029E+00 4.142E+00 1.314E+05 13.5307 1.00000
  5.000E+05 5.001E+05 3.125E+00 3.949E-01 5.526E-01 2.083E-01 1.156E+00 4.281E+00 1.433E+05 13.7413 1.00000
  5.500E+05 5.501E+05 3.136E+00 4.390E-01 6.143E-01 2.298E-01 1.283E+00 4.419E+00 1.548E+05 13.9319 1.00000
  6.000E+05 6.001E+05 3.147E+00 4.835E-01 6.764E-01 2.515E-01 1.411E+00 4.558E+00 1.659E+05 14.1059 1.00000
  7.000E+05 7.001E+05 3.165E+00 5.732E-01 8.015E-01 2.952E-01 1.670E+00 4.835E+00 1.872E+05 14.4142 1.00000
  8.000E+05 8.001E+05 3.181E+00 6.638E-01 9.275E-01 3.394E-01 1.931E+00 5.112E+00 2.073E+05 14.6812 1.00000
  9.000E+05 9.001E+05 3.195E+00 7.552E-01 1.054E+00 3.841E-01 2.194E+00 5.389E+00 2.264E+05 14.9167 1.00000
  1.000E+06 1.000E+06 3.208E+00 8.473E-01 1.182E+00 4.292E-01 2.458E+00 5.666E+00 2.445E+05 15.1274 1.00000
  1.200E+06 1.200E+06 3.230E+00 1.033E+00 1.438E+00 5.205E-01 2.992E+00 6.222E+00 2.781E+05 15.4920 1.00000
  1.400E+06 1.400E+06 3.249E+00 1.221E+00 1.696E+00 6.131E-01 3.530E+00 6.779E+00 3.089E+05 15.8003 1.00000
  1.700E+06 1.700E+06 3.273E+00 1.505E+00 2.086E+00 7.544E-01 4.345E+00 7.617E+00 3.507E+05 16.1886 1.00000
  2.000E+06 2.000E+06 3.293E+00 1.791E+00 2.477E+00 8.980E-01 5.166E+00 8.459E+00 3.880E+05 16.5136 1.00000
  2.500E+06 2.500E+06 3.321E+00 2.272E+00 3.132E+00 1.142E+00 6.547E+00 9.867E+00 4.427E+05 16.9599 1.00000
  3.000E+06 3.000E+06 3.343E+00 2.758E+00 3.791E+00 1.391E+00 7.939E+00 1.128E+01 4.901E+05 17.3245 1.00000
  3.500E+06 3.500E+06 3.363E+00 3.246E+00 4.451E+00 1.643E+00 9.341E+00 1.270E+01 5.318E+05 17.6328 1.00000
  4.000E+06 4.000E+06 3.380E+00 3.736E+00 5.114E+00 1.900E+00 1.075E+01 1.413E+01 5.691E+05 17.8998 1.00000
  4.500E+06 4.500E+06 3.395E+00 4.229E+00 5.777E+00 2.160E+00 1.217E+01 1.556E+01 6.028E+05 18.1354 1.00000
  5.000E+06 5.000E+06 3.408E+00 4.722E+00 6.442E+00 2.423E+00 1.359E+01 1.700E+01 6.335E+05 18.3461 1.00000
  5.500E+06 5.500E+06 3.421E+00 5.218E+00 7.107E+00 2.689E+00 1.501E+01 1.843E+01 6.618E+05 18.5367 1.00000
  6.000E+06 6.000E+06 3.432E+00 5.714E+00 7.773E+00 2.957E+00 1.644E+01 1.988E+01 6.879E+05 18.7107 1.00000
  7.000E+06 7.000E+06 3.452E+00 6.709E+00 9.107E+00 3.500E+00 1.932E+01 2.277E+01 7.349E+05 19.0190 1.00000
  8.000E+06 8.000E+06 3.470E+00 7.708E+00 1.044E+01 4.052E+00 2.220E+01 2.567E+01 7.762E+05 19.2861 1.00000
  9.000E+06 9.000E+06 3.485E+00 8.709E+00 1.178E+01 4.612E+00 2.510E+01 2.859E+01 8.131E+05 19.5217 1.00000
  1.000E+07 1.000E+07 3.499E+00 9.712E+00 1.312E+01 5.178E+00 2.801E+01 3.151E+01 8.464E+05 19.7324 1.00000
  1.200E+07 1.200E+07 3.523E+00 1.172E+01 1.580E+01 6.328E+00 3.385E+01 3.737E+01 9.047E+05 20.0970 1.00000
  1.400E+07 1.400E+07 3.544E+00 1.374E+01 1.848E+01 7.500E+00 3.972E+01 4.326E+01 9.544E+05 20.4053 1.00000
  1.700E+07 1.700E+07 3.570E+00 1.677E+01 2.251E+01 9.292E+00 4.857E+01 5.214E+01 1.017E+06 20.7936 1.00000
  2.000E+07 2.000E+07 3.592E+00 1.981E+01 2.654E+01 1.112E+01 5.746E+01 6.106E+01 1.071E+06 21.1187 1.00000
  2.500E+07 2.500E+07 3.623E+00 2.488E+01 3.326E+01 1.423E+01 7.237E+01 7.600E+01 1.144E+06 21.5650 1.00000
  3.000E+07 3.000E+07 3.648E+00 2.996E+01 3.999E+01 1.742E+01 8.737E+01 9.101E+01 1.204E+06 21.9296 1.00000
  3.500E+07 3.500E+07 3.670E+00 3.505E+01 4.672E+01 2.066E+01 1.024E+02 1.061E+02 1.255E+06 22.2379 1.00000
  4.000E+07 4.000E+07 3.689E+00 4.014E+01 5.345E+01 2.396E+01 1.176E+02 1.212E+02 1.299E+06 22.5050 1.00000
  4.500E+07 4.500E+07 3.706E+00 4.523E+01 6.019E+01 2.731E+01 1.327E+02 1.364E+02 1.338E+06 22.7405 1.00000
  5.000E+07 5.000E+07 3.721E+00 5.033E+01 6.693E+01 3.070E+01 1.480E+02 1.517E+02 1.372E+06 22.9512 1.00000
  5.500E+07 5.500E+07 3.734E+00 5.543E+01 7.367E+01 3.413E+01 1.632E+02 1.670E+02 1.404E+06 23.1419 1.00000
  6.000E+07 6.000E+07 3.747E+00 6.054E+01 8.040E+01 3.759E+01 1.785E+02 1.823E+02 1.432E+06 23.3159 1.00000
  7.000E+07 7.000E+07 3.769E+00 7.075E+01 9.389E+01 4.463E+01 2.093E+02 2.130E+02 1.483E+06 23.6242 1.00000
  8.000E+07 8.000E+07 3.788E+00 8.097E+01 1.074E+02 5.177E+01 2.401E+02 2.439E+02 1.527E+06 23.8913 1.00000
  9.000E+07 9.000E+07 3.806E+00 9.119E+01 1.209E+02 5.903E+01 2.711E+02 2.749E+02 1.566E+06 24.1268 1.00000
  1.000E+08 1.000E+08 3.821E+00 1.014E+02 1.343E+02 6.638E+01 3.021E+02 3.060E+02 1.600E+06 24.3375 1.00000
  1.200E+08 1.200E+08 3.848E+00 1.219E+02 1.613E+02 8.133E+01 3.645E+02 3.684E+02 1.660E+06 24.7022 1.00000
  1.400E+08 1.400E+08 3.871E+00 1.423E+02 1.883E+02 9.658E+01 4.272E+02 4.311E+02 1.710E+06 25.0105 1.00000
  1.700E+08 1.700E+08 3.901E+00 1.730E+02 2.288E+02 1.199E+02 5.218E+02 5.257E+02 1.773E+06 25.3988 1.00000
  2.000E+08 2.000E+08 3.925E+00 2.038E+02 2.693E+02 1.438E+02 6.168E+02 6.208E+02 1.825E+06 25.7238 1.00000
  2.500E+08 2.500E+08 3.960E+00 2.550E+02 3.368E+02 1.845E+02 7.762E+02 7.802E+02 1.897E+06 26.1701 1.00000
  3.000E+08 3.000E+08 3.988E+00 3.062E+02 4.043E+02 2.262E+02 9.366E+02 9.406E+02 1.955E+06 26.5348 1.00000
  3.500E+08 3.500E+08 4.012E+00 3.574E+02 4.718E+02 2.687E+02 1.098E+03 1.102E+03 2.004E+06 26.8431 1.00000
  4.000E+08 4.000E+08 4.033E+00 4.087E+02 5.393E+02 3.120E+02 1.260E+03 1.264E+03 2.047E+06 27.1101 1.00000
  4.500E+08 4.500E+08 4.052E+00 4.599E+02 6.068E+02 3.559E+02 1.423E+03 1.427E+03 2.084E+06 27.3457 1.00000
  5.000E+08 5.000E+08 4.068E+00 5.112E+02 6.743E+02 4.005E+02 1.586E+03 1.590E+03 2.117E+06 27.5564 1.00000
  5.500E+08 5.500E+08 4.084E+00 5.624E+02 7.418E+02 4.456E+02 1.750E+03 1.754E+03 2.147E+06 27.7470 1.00000
  6.000E+08 6.000E+08 4.098E+00 6.137E+02 8.093E+02 4.912E+02 1.914E+03 1.918E+03 2.174E+06 27.9210 1.00000
  7.000E+08 7.000E+08 4.122E+00 7.162E+02 9.443E+02 5.837E+02 2.244E+03 2.248E+03 2.222E+06 28.2293 1.00000
  8.000E+08 8.000E+08 4.144E+00 8.187E+02 1.079E+03 6.779E+02 2.576E+03 2.580E+03 2.264E+06 28.4964 1.00000
  9.000E+08 9.000E+08 4.163E+00 9.212E+02 1.214E+03 7.736E+02 2.909E+03 2.913E+03 2.300E+06 28.7319 1.00000
  1.000E+09 1.000E+09 4.181E+00 1.024E+03 1.349E+03 8.706E+02 3.244E+03 3.248E+03 2.333E+06 28.9426 1.00000
  1.200E+09 1.200E+09 4.211E+00 1.229E+03 1.619E+03 1.068E+03 3.916E+03 3.921E+03 2.389E+06 29.3072 1.00000
  1.400E+09 1.400E+09 4.237E+00 1.434E+03 1.889E+03 1.270E+03 4.593E+03 4.597E+03 2.436E+06 29.6152 1.00000
  1.700E+09 1.700E+09 4.269E+00 1.741E+03 2.295E+03 1.579E+03 5.615E+03 5.619E+03 2.495E+06 30.0035 1.00000
  2.000E+09 2.000E+09 4.297E+00 2.049E+03 2.700E+03 1.895E+03 6.644E+03 6.648E+03 2.544E+06 30.3270 1.00000
  2.500E+09 2.500E+09 4.336E+00 2.562E+03 3.375E+03 2.435E+03 8.372E+03 8.376E+03 2.611E+06 30.7732 1.00000
  3.000E+09 3.000E+09 4.368E+00 3.074E+03 4.050E+03 2.989E+03 1.011E+04 1.012E+04 2.665E+06 31.1314 1.00000
  3.500E+09 3.500E+09 4.395E+00 3.587E+03 4.725E+03 3.555E+03 1.187E+04 1.187E+04 2.710E+06 31.4397 1.00000
  4.000E+09 4.000E+09 4.418E+00 4.100E+03 5.400E+03 4.132E+03 1.363E+04 1.364E+04 2.750E+06 31.7068 1.00000
  4.500E+09 4.500E+09 4.442E+00 4.613E+03 6.076E+03 4.718E+03 1.541E+04 1.541E+04 2.784E+06 31.9132 1.00000
  5.000E+09 5.000E+09 4.460E+00 5.125E+03 6.751E+03 5.312E+03 1.719E+04 1.719E+04 2.815E+06 32.1239 1.00000
  5.500E+09 5.500E+09 4.477E+00 5.638E+03 7.426E+03 5.914E+03 1.898E+04 1.898E+04 2.843E+06 32.3145 1.00000
  6.000E+09 6.000E+09 4.493E+00 6.151E+03 8.101E+03 6.523E+03 2.077E+04 2.078E+04 2.868E+06 32.4885 1.00000
  7.000E+09 7.000E+09 4.521E+00 7.176E+03 9.451E+03 7.760E+03 2.439E+04 2.439E+04 2.912E+06 32.7968 1.00000
  8.000E+09 8.000E+09 4.559E+00 8.202E+03 1.080E+04 9.021E+03 2.802E+04 2.803E+04 2.950E+06 32.9084 1.00000
  9.000E+09 9.000E+09 4.580E+00 9.227E+03 1.215E+04 1.030E+04 3.168E+04 3.169E+04 2.984E+06 33.1440 1.00000
  1.000E+10 1.000E+10 4.600E+00 1.025E+04 1.350E+04 1.160E+04 3.536E+04 3.536E+04 3.014E+06 33.3547 1.00000
  1.200E+10 1.200E+10 4.634E+00 1.230E+04 1.620E+04 1.425E+04 4.276E+04 4.276E+04 3.065E+06 33.7194 1.00000
  1.400E+10 1.400E+10 4.662E+00 1.435E+04 1.890E+04 1.696E+04 5.022E+04 5.022E+04 3.108E+06 34.0277 1.00000
  1.700E+10 1.700E+10 4.699E+00 1.743E+04 2.296E+04 2.112E+04 6.151E+04 6.151E+04 3.162E+06 34.4160 1.00000
  2.000E+10 2.000E+10 4.730E+00 2.051E+04 2.701E+04 2.538E+04 7.289E+04 7.290E+04 3.207E+06 34.7410 1.00000
  2.500E+10 2.500E+10 4.773E+00 2.563E+04 3.376E+04 3.266E+04 9.206E+04 9.206E+04 3.268E+06 35.1873 1.00000
  3.000E+10 3.000E+10 4.808E+00 3.076E+04 4.051E+04 4.015E+04 1.114E+05 1.114E+05 3.317E+06 35.5520 1.00000
  3.500E+10 3.500E+10 4.838E+00 3.589E+04 4.726E+04 4.780E+04 1.309E+05 1.310E+05 3.358E+06 35.8603 1.00000
  4.000E+10 4.000E+10 4.864E+00 4.102E+04 5.401E+04 5.560E+04 1.506E+05 1.506E+05 3.394E+06 36.1273 1.00000
  4.500E+10 4.500E+10 4.888E+00 4.614E+04 6.077E+04 6.354E+04 1.704E+05 1.705E+05 3.425E+06 36.3629 1.00000
  5.000E+10 5.000E+10 4.909E+00 5.127E+04 6.752E+04 7.159E+04 1.904E+05 1.904E+05 3.453E+06 36.5736 1.00000
  5.500E+10 5.500E+10 4.928E+00 5.640E+04 7.427E+04 7.976E+04 2.104E+05 2.104E+05 3.478E+06 36.7642 1.00000
  6.000E+10 6.000E+10 4.945E+00 6.152E+04 8.102E+04 8.803E+04 2.306E+05 2.306E+05 3.501E+06 36.9382 1.00000
  7.000E+10 7.000E+10 4.976E+00 7.178E+04 9.452E+04 1.049E+05 2.712E+05 2.712E+05 3.541E+06 37.2465 1.00000
  8.000E+10 8.000E+10 5.003E+00 8.203E+04 1.080E+05 1.220E+05 3.121E+05 3.121E+05 3.575E+06 37.5136 1.00000
  9.000E+10 9.000E+10 5.028E+00 9.229E+04 1.215E+05 1.395E+05 3.533E+05 3.533E+05 3.605E+06 37.7492 1.00000
  1.000E+11 1.000E+11 5.049E+00 1.025E+05 1.350E+05 1.572E+05 3.948E+05 3.948E+05 3.632E+06 37.9599 1.00000
  1.200E+11 1.200E+11 5.087E+00 1.231E+05 1.620E+05 1.934E+05 4.784E+05 4.785E+05 3.678E+06 38.3245 1.00000
  1.400E+11 1.400E+11 5.119E+00 1.436E+05 1.890E+05 2.304E+05 5.630E+05 5.630E+05 3.716E+06 38.6328 1.00000
  1.700E+11 1.700E+11 5.160E+00 1.743E+05 2.296E+05 2.873E+05 6.912E+05 6.912E+05 3.764E+06 39.0212 1.00000
  2.000E+11 2.000E+11 5.195E+00 2.051E+05 2.701E+05 3.457E+05 8.208E+05 8.208E+05 3.804E+06 39.3462 1.00000
  2.500E+11 2.500E+11 5.242E+00 2.564E+05 3.376E+05 4.457E+05 1.040E+06 1.040E+06 3.858E+06 39.7925 1.00000
  3.000E+11 3.000E+11 5.282E+00 3.076E+05 4.051E+05 5.485E+05 1.261E+06 1.261E+06 3.902E+06 40.1571 1.00000
  3.500E+11 3.500E+11 5.315E+00 3.589E+05 4.726E+05 6.539E+05 1.485E+06 1.485E+06 3.938E+06 40.4654 1.00000
  4.000E+11 4.000E+11 5.345E+00 4.102E+05 5.401E+05 7.615E+05 1.712E+06 1.712E+06 3.970E+06 40.7325 1.00000
  4.500E+11 4.500E+11 5.371E+00 4.614E+05 6.076E+05 8.710E+05 1.940E+06 1.940E+06 3.997E+06 40.9681 1.00000
  5.000E+11 5.000E+11 5.394E+00 5.127E+05 6.751E+05 9.823E+05 2.170E+06 2.170E+06 4.021E+06 41.1788 1.00000
  5.500E+11 5.500E+11 5.415E+00 5.640E+05 7.427E+05 1.095E+06 2.402E+06 2.402E+06 4.043E+06 41.3694 1.00000
  6.000E+11 6.000E+11 5.435E+00 6.153E+05 8.102E+05 1.210E+06 2.635E+06 2.635E+06 4.063E+06 41.5434 1.00000
  7.000E+11 7.000E+11 5.470E+00 7.178E+05 9.452E+05 1.443E+06 3.106E+06 3.106E+06 4.098E+06 41.8517 1.00000
  8.000E+11 8.000E+11 5.500E+00 8.204E+05 1.080E+06 1.681E+06 3.581E+06 3.581E+06 4.128E+06 42.1188 1.00000
  9.000E+11 9.000E+11 5.527E+00 9.229E+05 1.215E+06 1.923E+06 4.061E+06 4.061E+06 4.154E+06 42.3543 1.00000
  1.000E+12 1.000E+12 5.551E+00 1.025E+06 1.350E+06 2.169E+06 4.545E+06 4.545E+06 4.177E+06 42.5651 1.00000
