 Incident particle is a Muon with M = 105.65839 MeV
 Index = 0: Palladium
      Absorber with <Z/A> = 0.43225
 Density effect computed following Fano (1963)
 Models for Radloss: brems =  SSR, pair =  SSR, photonuc = DRSS

 *** Table generated with PUMAS v1.1 ***

      T         p     Ionization  brems     pair     photonuc  Radloss    dE/dx   CSDA Range  delta   beta
    [MeV]    [MeV/c]  -----------------------[MeV cm^2/g]------------------------  [g/cm^2]
  1.000E+00 1.457E+01 2.592E+01 0.000E+00 0.000E+00 0.000E+00 0.000E+00 2.592E+01 1.929E-02  0.1080 0.13661
  1.200E+00 1.597E+01 2.273E+01 0.000E+00 0.000E+00 0.000E+00 0.000E+00 2.273E+01 2.755E-02  0.1086 0.14944
  1.400E+00 1.726E+01 2.031E+01 0.000E+00 0.000E+00 0.000E+00 0.000E+00 2.031E+01 3.688E-02  0.1092 0.16119
  1.700E+00 1.903E+01 1.759E+01 0.000E+00 0.000E+00 0.000E+00 0.000E+00 1.759E+01 5.280E-02  0.1101 0.17725
  2.000E+00 2.066E+01 1.559E+01 0.000E+00 0.000E+00 0.000E+00 0.000E+00 1.559E+01 7.095E-02  0.1110 0.19186
  2.500E+00 2.312E+01 1.318E+01 0.000E+00 0.000E+00 0.000E+00 0.000E+00 1.318E+01 1.060E-01  0.1124 0.21376
  3.000E+00 2.536E+01 1.149E+01 0.000E+00 0.000E+00 0.000E+00 0.000E+00 1.149E+01 1.467E-01  0.1139 0.23336
  3.500E+00 2.742E+01 1.023E+01 0.000E+00 0.000E+00 0.000E+00 0.000E+00 1.023E+01 1.929E-01  0.1154 0.25120
  4.000E+00 2.935E+01 9.243E+00 0.000E+00 0.000E+00 0.000E+00 0.000E+00 9.243E+00 2.445E-01  0.1169 0.26763
  4.500E+00 3.116E+01 8.456E+00 0.000E+00 0.000E+00 0.000E+00 0.000E+00 8.456E+00 3.011E-01  0.1184 0.28290
  5.000E+00 3.289E+01 7.810E+00 0.000E+00 0.000E+00 0.000E+00 0.000E+00 7.810E+00 3.627E-01  0.1198 0.29720
  5.500E+00 3.453E+01 7.270E+00 0.000E+00 0.000E+00 0.000E+00 0.000E+00 7.270E+00 4.291E-01  0.1213 0.31066
  6.000E+00 3.611E+01 6.811E+00 0.000E+00 0.000E+00 0.000E+00 0.000E+00 6.811E+00 5.002E-01  0.1228 0.32339
  7.000E+00 3.909E+01 6.071E+00 0.000E+00 0.000E+00 0.000E+00 0.000E+00 6.071E+00 6.560E-01  0.1258 0.34700
  8.000E+00 4.189E+01 5.501E+00 0.000E+00 0.000E+00 0.000E+00 0.000E+00 5.501E+00 8.293E-01  0.1287 0.36854
  9.000E+00 4.453E+01 5.047E+00 0.000E+00 0.000E+00 0.000E+00 0.000E+00 5.047E+00 1.019E+00  0.1317 0.38836
  1.000E+01 4.704E+01 4.676E+00 0.000E+00 0.000E+00 0.000E+00 0.000E+00 4.676E+00 1.225E+00  0.1346 0.40675
  1.200E+01 5.177E+01 4.106E+00 0.000E+00 0.000E+00 0.000E+00 0.000E+00 4.106E+00 1.683E+00  0.1405 0.43998
  1.400E+01 5.616E+01 3.688E+00 0.000E+00 0.000E+00 0.000E+00 0.000E+00 3.688E+00 2.198E+00  0.1463 0.46937
  1.700E+01 6.230E+01 3.235E+00 0.000E+00 0.000E+00 0.000E+00 0.000E+00 3.235E+00 3.069E+00  0.1551 0.50792
  2.000E+01 6.802E+01 2.910E+00 0.000E+00 0.000E+00 0.000E+00 0.000E+00 2.910E+00 4.050E+00  0.1637 0.54129
  2.500E+01 7.686E+01 2.534E+00 0.000E+00 0.000E+00 0.000E+00 0.000E+00 2.534E+00 5.898E+00  0.1780 0.58827
  3.000E+01 8.509E+01 2.280E+00 0.000E+00 0.000E+00 0.000E+00 0.000E+00 2.280E+00 7.984E+00  0.1922 0.62720
  3.500E+01 9.285E+01 2.096E+00 0.000E+00 0.000E+00 0.000E+00 0.000E+00 2.096E+00 1.028E+01  0.2061 0.66011
  4.000E+01 1.003E+02 1.958E+00 0.000E+00 0.000E+00 0.000E+00 0.000E+00 1.958E+00 1.275E+01  0.2198 0.68834
  4.500E+01 1.074E+02 1.851E+00 0.000E+00 0.000E+00 0.000E+00 0.000E+00 1.851E+00 1.538E+01  0.2333 0.71286
  5.000E+01 1.143E+02 1.766E+00 0.000E+00 0.000E+00 0.000E+00 0.000E+00 1.766E+00 1.814E+01  0.2466 0.73434
  5.500E+01 1.210E+02 1.696E+00 0.000E+00 0.000E+00 0.000E+00 0.000E+00 1.696E+00 2.103E+01  0.2597 0.75332
  6.000E+01 1.276E+02 1.639E+00 0.000E+00 0.000E+00 0.000E+00 0.000E+00 1.639E+00 2.403E+01  0.2726 0.77019
  7.000E+01 1.403E+02 1.551E+00 0.000E+00 0.000E+00 0.000E+00 0.000E+00 1.551E+00 3.031E+01  0.2978 0.79887
  8.000E+01 1.527E+02 1.487E+00 0.000E+00 0.000E+00 0.000E+00 0.000E+00 1.487E+00 3.690E+01  0.3222 0.82227
  9.000E+01 1.647E+02 1.440E+00 0.000E+00 0.000E+00 0.000E+00 0.000E+00 1.440E+00 4.374E+01  0.3459 0.84166
  1.000E+02 1.764E+02 1.403E+00 0.000E+00 0.000E+00 0.000E+00 0.000E+00 1.403E+00 5.078E+01  0.3690 0.85794
  1.200E+02 1.994E+02 1.353E+00 0.000E+00 0.000E+00 0.000E+00 0.000E+00 1.353E+00 6.531E+01  0.4132 0.88361
  1.400E+02 2.218E+02 1.322E+00 0.000E+00 0.000E+00 0.000E+00 0.000E+00 1.322E+00 8.028E+01  0.4552 0.90278
  1.700E+02 2.546E+02 1.295E+00 0.000E+00 0.000E+00 0.000E+00 0.000E+00 1.295E+00 1.032E+02  0.5148 0.92363
  2.000E+02 2.868E+02 1.282E+00 0.000E+00 0.000E+00 0.000E+00 0.000E+00 1.282E+00 1.265E+02  0.5708 0.93835
  2.500E+02 3.396E+02 1.277E+00 0.000E+00 0.000E+00 0.000E+00 0.000E+00 1.277E+00 1.656E+02  0.6576 0.95485
  3.000E+02 3.917E+02 1.280E+00 0.000E+00 0.000E+00 0.000E+00 0.000E+00 1.280E+00 2.048E+02  0.7378 0.96548
  3.500E+02 4.432E+02 1.289E+00 0.000E+00 0.000E+00 0.000E+00 0.000E+00 1.289E+00 2.437E+02  0.8125 0.97274
  4.000E+02 4.945E+02 1.299E+00 1.123E-04 1.846E-05 0.000E+00 1.307E-04 1.299E+00 2.823E+02  0.8826 0.97793
  4.500E+02 5.455E+02 1.310E+00 2.036E-04 3.282E-05 0.000E+00 2.364E-04 1.311E+00 3.207E+02  0.9486 0.98176
  5.000E+02 5.964E+02 1.322E+00 2.775E-04 4.912E-05 0.000E+00 3.266E-04 1.322E+00 3.586E+02  1.0110 0.98467
  5.500E+02 6.471E+02 1.333E+00 3.442E-04 6.826E-05 1.474E-05 4.272E-04 1.334E+00 3.963E+02  1.0704 0.98693
  6.000E+02 6.977E+02 1.344E+00 4.078E-04 9.028E-05 4.929E-05 5.474E-04 1.345E+00 4.336E+02  1.1270 0.98873
  7.000E+02 7.987E+02 1.366E+00 5.321E-04 1.427E-04 1.179E-04 7.927E-04 1.366E+00 5.074E+02  1.2330 0.99136
  8.000E+02 8.995E+02 1.385E+00 6.574E-04 2.056E-04 1.824E-04 1.045E-03 1.386E+00 5.800E+02  1.3312 0.99317
  9.000E+02 1.000E+03 1.403E+00 7.860E-04 2.785E-04 2.439E-04 1.308E-03 1.405E+00 6.517E+02  1.4229 0.99447
  1.000E+03 1.101E+03 1.420E+00 9.188E-04 3.608E-04 3.033E-04 1.583E-03 1.422E+00 7.225E+02  1.5093 0.99542
  1.200E+03 1.301E+03 1.449E+00 1.197E-03 5.512E-04 4.177E-04 2.166E-03 1.452E+00 8.616E+02  1.6693 0.99672
  1.400E+03 1.502E+03 1.475E+00 1.493E-03 7.731E-04 5.281E-04 2.794E-03 1.478E+00 9.982E+02  1.8159 0.99753
  1.700E+03 1.803E+03 1.507E+00 1.965E-03 1.158E-03 6.883E-04 3.812E-03 1.511E+00 1.199E+03  2.0165 0.99829
  2.000E+03 2.103E+03 1.533E+00 2.469E-03 1.600E-03 8.435E-04 4.912E-03 1.538E+00 1.396E+03  2.1984 0.99874
  2.500E+03 2.604E+03 1.569E+00 3.367E-03 2.442E-03 1.094E-03 6.902E-03 1.576E+00 1.717E+03  2.4683 0.99918
  3.000E+03 3.104E+03 1.598E+00 4.327E-03 3.399E-03 1.336E-03 9.062E-03 1.607E+00 2.031E+03  2.7049 0.99942
  3.500E+03 3.604E+03 1.622E+00 5.340E-03 4.454E-03 1.571E-03 1.136E-02 1.633E+00 2.339E+03  2.9150 0.99957
  4.000E+03 4.104E+03 1.642E+00 6.398E-03 5.606E-03 1.800E-03 1.380E-02 1.656E+00 2.643E+03  3.1036 0.99967
  4.500E+03 4.604E+03 1.660E+00 7.496E-03 6.840E-03 2.025E-03 1.636E-02 1.677E+00 2.943E+03  3.2745 0.99974
  5.000E+03 5.105E+03 1.676E+00 8.630E-03 8.144E-03 2.246E-03 1.902E-02 1.695E+00 3.240E+03  3.4307 0.99979
  5.500E+03 5.605E+03 1.690E+00 9.795E-03 9.511E-03 2.463E-03 2.177E-02 1.711E+00 3.533E+03  3.5747 0.99982
  6.000E+03 6.105E+03 1.702E+00 1.099E-02 1.094E-02 2.676E-03 2.460E-02 1.727E+00 3.824E+03  3.7081 0.99985
  7.000E+03 7.105E+03 1.724E+00 1.346E-02 1.394E-02 3.095E-03 3.049E-02 1.755E+00 4.398E+03  3.9492 0.99989
  8.000E+03 8.105E+03 1.743E+00 1.602E-02 1.713E-02 3.504E-03 3.665E-02 1.779E+00 4.964E+03  4.1627 0.99992
  9.000E+03 9.105E+03 1.759E+00 1.865E-02 2.047E-02 3.906E-03 4.303E-02 1.802E+00 5.523E+03  4.3546 0.99993
  1.000E+04 1.011E+04 1.773E+00 2.136E-02 2.396E-02 4.300E-03 4.963E-02 1.822E+00 6.075E+03  4.5291 0.99995
  1.200E+04 1.211E+04 1.796E+00 2.697E-02 3.131E-02 5.071E-03 6.334E-02 1.860E+00 7.161E+03  4.8373 0.99996
  1.400E+04 1.411E+04 1.816E+00 3.278E-02 3.907E-02 5.824E-03 7.767E-02 1.893E+00 8.227E+03  5.1039 0.99997
  1.700E+04 1.711E+04 1.839E+00 4.182E-02 5.136E-02 6.926E-03 1.001E-01 1.939E+00 9.792E+03  5.4468 0.99998
  2.000E+04 2.011E+04 1.858E+00 5.119E-02 6.428E-02 8.002E-03 1.235E-01 1.982E+00 1.132E+04  5.7394 0.99999
  2.500E+04 2.511E+04 1.884E+00 6.739E-02 8.696E-02 9.756E-03 1.641E-01 2.048E+00 1.380E+04  6.1481 0.99999
  3.000E+04 3.011E+04 1.904E+00 8.419E-02 1.108E-01 1.147E-02 2.064E-01 2.110E+00 1.621E+04  6.4869 0.99999
  3.500E+04 3.511E+04 1.920E+00 1.015E-01 1.355E-01 1.316E-02 2.501E-01 2.170E+00 1.854E+04  6.7763 1.00000
  4.000E+04 4.011E+04 1.934E+00 1.192E-01 1.609E-01 1.483E-02 2.949E-01 2.229E+00 2.082E+04  7.0288 1.00000
  4.500E+04 4.511E+04 1.946E+00 1.372E-01 1.870E-01 1.648E-02 3.407E-01 2.287E+00 2.303E+04  7.2527 1.00000
  5.000E+04 5.011E+04 1.957E+00 1.556E-01 2.137E-01 1.812E-02 3.874E-01 2.344E+00 2.519E+04  7.4539 1.00000
  5.500E+04 5.511E+04 1.966E+00 1.742E-01 2.407E-01 1.974E-02 4.347E-01 2.401E+00 2.730E+04  7.6367 1.00000
  6.000E+04 6.011E+04 1.975E+00 1.931E-01 2.682E-01 2.137E-02 4.827E-01 2.458E+00 2.936E+04  7.8040 1.00000
  7.000E+04 7.011E+04 1.990E+00 2.315E-01 3.243E-01 2.459E-02 5.804E-01 2.570E+00 3.333E+04  8.1018 1.00000
  8.000E+04 8.011E+04 2.003E+00 2.706E-01 3.815E-01 2.779E-02 6.799E-01 2.683E+00 3.714E+04  8.3610 1.00000
  9.000E+04 9.011E+04 2.014E+00 3.104E-01 4.397E-01 3.099E-02 7.811E-01 2.795E+00 4.079E+04  8.5905 1.00000
  1.000E+05 1.001E+05 2.024E+00 3.507E-01 4.987E-01 3.417E-02 8.836E-01 2.907E+00 4.430E+04  8.7965 1.00000
  1.200E+05 1.201E+05 2.041E+00 4.327E-01 6.188E-01 4.053E-02 1.092E+00 3.133E+00 5.093E+04  9.1544 1.00000
  1.400E+05 1.401E+05 2.055E+00 5.163E-01 7.411E-01 4.688E-02 1.304E+00 3.359E+00 5.709E+04  9.4581 1.00000
  1.700E+05 1.701E+05 2.072E+00 6.440E-01 9.277E-01 5.642E-02 1.628E+00 3.701E+00 6.560E+04  9.8421 1.00000
  2.000E+05 2.001E+05 2.087E+00 7.740E-01 1.117E+00 6.599E-02 1.957E+00 4.044E+00 7.335E+04 10.1643 1.00000
  2.500E+05 2.501E+05 2.107E+00 9.946E-01 1.438E+00 8.201E-02 2.514E+00 4.621E+00 8.491E+04 10.6079 1.00000
  3.000E+05 3.001E+05 2.123E+00 1.219E+00 1.763E+00 9.814E-02 3.080E+00 5.203E+00 9.510E+04 10.9710 1.00000
  3.500E+05 3.501E+05 2.137E+00 1.446E+00 2.091E+00 1.144E-01 3.652E+00 5.788E+00 1.042E+05 11.2783 1.00000
  4.000E+05 4.001E+05 2.149E+00 1.676E+00 2.422E+00 1.308E-01 4.229E+00 6.377E+00 1.124E+05 11.5447 1.00000
  4.500E+05 4.501E+05 2.159E+00 1.908E+00 2.755E+00 1.472E-01 4.810E+00 6.969E+00 1.199E+05 11.7798 1.00000
  5.000E+05 5.001E+05 2.169E+00 2.141E+00 3.089E+00 1.638E-01 5.395E+00 7.563E+00 1.268E+05 11.9902 1.00000
  5.500E+05 5.501E+05 2.177E+00 2.376E+00 3.425E+00 1.805E-01 5.982E+00 8.159E+00 1.332E+05 12.1806 1.00000
  6.000E+05 6.001E+05 2.185E+00 2.613E+00 3.763E+00 1.973E-01 6.573E+00 8.757E+00 1.391E+05 12.3544 1.00000
  7.000E+05 7.001E+05 2.199E+00 3.089E+00 4.440E+00 2.312E-01 7.760E+00 9.959E+00 1.498E+05 12.6624 1.00000
  8.000E+05 8.001E+05 2.211E+00 3.568E+00 5.121E+00 2.654E-01 8.955E+00 1.117E+01 1.593E+05 12.9293 1.00000
  9.000E+05 9.001E+05 2.221E+00 4.051E+00 5.805E+00 2.999E-01 1.016E+01 1.238E+01 1.678E+05 13.1647 1.00000
  1.000E+06 1.000E+06 2.231E+00 4.536E+00 6.490E+00 3.348E-01 1.136E+01 1.359E+01 1.755E+05 13.3753 1.00000
  1.200E+06 1.200E+06 2.247E+00 5.512E+00 7.867E+00 4.054E-01 1.378E+01 1.603E+01 1.890E+05 13.7399 1.00000
  1.400E+06 1.400E+06 2.261E+00 6.494E+00 9.248E+00 4.769E-01 1.622E+01 1.848E+01 2.006E+05 14.0481 1.00000
  1.700E+06 1.700E+06 2.279E+00 7.978E+00 1.133E+01 5.860E-01 1.989E+01 2.217E+01 2.154E+05 14.4363 1.00000
  2.000E+06 2.000E+06 2.294E+00 9.470E+00 1.342E+01 6.968E-01 2.358E+01 2.588E+01 2.280E+05 14.7613 1.00000
  2.500E+06 2.500E+06 2.315E+00 1.197E+01 1.690E+01 8.849E-01 2.976E+01 3.207E+01 2.453E+05 15.2075 1.00000
  3.000E+06 3.000E+06 2.332E+00 1.448E+01 2.040E+01 1.077E+00 3.596E+01 3.829E+01 2.595E+05 15.5721 1.00000
  3.500E+06 3.500E+06 2.347E+00 1.701E+01 2.390E+01 1.272E+00 4.218E+01 4.453E+01 2.716E+05 15.8804 1.00000
  4.000E+06 4.000E+06 2.359E+00 1.954E+01 2.741E+01 1.469E+00 4.842E+01 5.078E+01 2.821E+05 16.1475 1.00000
  4.500E+06 4.500E+06 2.371E+00 2.207E+01 3.093E+01 1.670E+00 5.467E+01 5.704E+01 2.914E+05 16.3830 1.00000
  5.000E+06 5.000E+06 2.381E+00 2.461E+01 3.444E+01 1.872E+00 6.093E+01 6.331E+01 2.997E+05 16.5937 1.00000
  5.500E+06 5.500E+06 2.390E+00 2.716E+01 3.796E+01 2.077E+00 6.720E+01 6.959E+01 3.073E+05 16.7844 1.00000
  6.000E+06 6.000E+06 2.398E+00 2.970E+01 4.149E+01 2.284E+00 7.347E+01 7.587E+01 3.141E+05 16.9584 1.00000
  7.000E+06 7.000E+06 2.413E+00 3.481E+01 4.853E+01 2.702E+00 8.604E+01 8.846E+01 3.263E+05 17.2667 1.00000
  8.000E+06 8.000E+06 2.427E+00 3.992E+01 5.559E+01 3.127E+00 9.864E+01 1.011E+02 3.369E+05 17.5337 1.00000
  9.000E+06 9.000E+06 2.438E+00 4.504E+01 6.265E+01 3.558E+00 1.112E+02 1.137E+02 3.462E+05 17.7693 1.00000
  1.000E+07 1.000E+07 2.449E+00 5.017E+01 6.971E+01 3.994E+00 1.239E+02 1.263E+02 3.546E+05 17.9800 1.00000
  1.200E+07 1.200E+07 2.467E+00 6.043E+01 8.385E+01 4.879E+00 1.492E+02 1.516E+02 3.690E+05 18.3446 1.00000
  1.400E+07 1.400E+07 2.482E+00 7.071E+01 9.799E+01 5.781E+00 1.745E+02 1.770E+02 3.812E+05 18.6529 1.00000
  1.700E+07 1.700E+07 2.502E+00 8.614E+01 1.192E+02 7.161E+00 2.125E+02 2.150E+02 3.966E+05 19.0413 1.00000
  2.000E+07 2.000E+07 2.518E+00 1.016E+02 1.405E+02 8.568E+00 2.506E+02 2.531E+02 4.094E+05 19.3663 1.00000
  2.500E+07 2.500E+07 2.541E+00 1.274E+02 1.759E+02 1.096E+01 3.142E+02 3.168E+02 4.270E+05 19.8126 1.00000
  3.000E+07 3.000E+07 2.560E+00 1.532E+02 2.113E+02 1.341E+01 3.779E+02 3.805E+02 4.414E+05 20.1772 1.00000
  3.500E+07 3.500E+07 2.576E+00 1.790E+02 2.468E+02 1.591E+01 4.417E+02 4.442E+02 4.536E+05 20.4855 1.00000
  4.000E+07 4.000E+07 2.591E+00 2.048E+02 2.822E+02 1.845E+01 5.055E+02 5.081E+02 4.641E+05 20.7526 1.00000
  4.500E+07 4.500E+07 2.603E+00 2.306E+02 3.177E+02 2.103E+01 5.693E+02 5.719E+02 4.734E+05 20.9881 1.00000
  5.000E+07 5.000E+07 2.614E+00 2.565E+02 3.531E+02 2.364E+01 6.333E+02 6.359E+02 4.817E+05 21.1989 1.00000
  5.500E+07 5.500E+07 2.624E+00 2.823E+02 3.886E+02 2.628E+01 6.972E+02 6.998E+02 4.891E+05 21.3895 1.00000
  6.000E+07 6.000E+07 2.634E+00 3.082E+02 4.241E+02 2.894E+01 7.612E+02 7.638E+02 4.960E+05 21.5635 1.00000
  7.000E+07 7.000E+07 2.651E+00 3.599E+02 4.950E+02 3.435E+01 8.893E+02 8.919E+02 5.081E+05 21.8718 1.00000
  8.000E+07 8.000E+07 2.665E+00 4.116E+02 5.660E+02 3.985E+01 1.017E+03 1.020E+03 5.186E+05 22.1389 1.00000
  9.000E+07 9.000E+07 2.678E+00 4.634E+02 6.370E+02 4.544E+01 1.146E+03 1.148E+03 5.278E+05 22.3744 1.00000
  1.000E+08 1.000E+08 2.690E+00 5.151E+02 7.079E+02 5.109E+01 1.274E+03 1.277E+03 5.361E+05 22.5852 1.00000
  1.200E+08 1.200E+08 2.710E+00 6.186E+02 8.499E+02 6.260E+01 1.531E+03 1.534E+03 5.503E+05 22.9498 1.00000
  1.400E+08 1.400E+08 2.727E+00 7.221E+02 9.919E+02 7.433E+01 1.788E+03 1.791E+03 5.624E+05 23.2581 1.00000
  1.700E+08 1.700E+08 2.749E+00 8.774E+02 1.205E+03 9.231E+01 2.175E+03 2.177E+03 5.776E+05 23.6464 1.00000
  2.000E+08 2.000E+08 2.767E+00 1.033E+03 1.418E+03 1.107E+02 2.561E+03 2.564E+03 5.902E+05 23.9715 1.00000
  2.500E+08 2.500E+08 2.793E+00 1.292E+03 1.773E+03 1.420E+02 3.206E+03 3.209E+03 6.076E+05 24.4177 1.00000
  3.000E+08 3.000E+08 2.814E+00 1.551E+03 2.128E+03 1.741E+02 3.852E+03 3.855E+03 6.218E+05 24.7824 1.00000
  3.500E+08 3.500E+08 2.832E+00 1.809E+03 2.483E+03 2.068E+02 4.499E+03 4.502E+03 6.338E+05 25.0907 1.00000
  4.000E+08 4.000E+08 2.848E+00 2.068E+03 2.838E+03 2.401E+02 5.146E+03 5.149E+03 6.442E+05 25.3577 1.00000
  4.500E+08 4.500E+08 2.862E+00 2.327E+03 3.193E+03 2.739E+02 5.794E+03 5.797E+03 6.533E+05 25.5933 1.00000
  5.000E+08 5.000E+08 2.874E+00 2.586E+03 3.548E+03 3.082E+02 6.442E+03 6.445E+03 6.615E+05 25.8040 1.00000
  5.500E+08 5.500E+08 2.886E+00 2.845E+03 3.903E+03 3.429E+02 7.091E+03 7.094E+03 6.689E+05 25.9946 1.00000
  6.000E+08 6.000E+08 2.896E+00 3.104E+03 4.258E+03 3.780E+02 7.740E+03 7.743E+03 6.757E+05 26.1687 1.00000
  7.000E+08 7.000E+08 2.915E+00 3.622E+03 4.968E+03 4.492E+02 9.040E+03 9.043E+03 6.876E+05 26.4769 1.00000
  8.000E+08 8.000E+08 2.931E+00 4.140E+03 5.678E+03 5.217E+02 1.034E+04 1.034E+04 6.979E+05 26.7440 1.00000
  9.000E+08 9.000E+08 2.946E+00 4.658E+03 6.389E+03 5.953E+02 1.164E+04 1.164E+04 7.070E+05 26.9795 1.00000
  1.000E+09 1.000E+09 2.959E+00 5.176E+03 7.099E+03 6.700E+02 1.294E+04 1.295E+04 7.152E+05 27.1902 1.00000
  1.200E+09 1.200E+09 2.981E+00 6.212E+03 8.519E+03 8.220E+02 1.555E+04 1.556E+04 7.293E+05 27.5548 1.00000
  1.400E+09 1.400E+09 3.000E+00 7.248E+03 9.939E+03 9.772E+02 1.816E+04 1.817E+04 7.411E+05 27.8628 1.00000
  1.700E+09 1.700E+09 3.025E+00 8.802E+03 1.207E+04 1.215E+03 2.209E+04 2.209E+04 7.561E+05 28.2511 1.00000
  2.000E+09 2.000E+09 3.046E+00 1.036E+04 1.420E+04 1.458E+03 2.601E+04 2.602E+04 7.686E+05 28.5746 1.00000
  2.500E+09 2.500E+09 3.074E+00 1.295E+04 1.775E+04 1.874E+03 3.257E+04 3.257E+04 7.857E+05 29.0209 1.00000
  3.000E+09 3.000E+09 3.098E+00 1.553E+04 2.130E+04 2.300E+03 3.914E+04 3.914E+04 7.997E+05 29.3790 1.00000
  3.500E+09 3.500E+09 3.119E+00 1.812E+04 2.485E+04 2.736E+03 4.571E+04 4.572E+04 8.115E+05 29.6873 1.00000
  4.000E+09 4.000E+09 3.136E+00 2.071E+04 2.840E+04 3.180E+03 5.230E+04 5.230E+04 8.218E+05 29.9544 1.00000
  4.500E+09 4.500E+09 3.154E+00 2.330E+04 3.195E+04 3.630E+03 5.889E+04 5.889E+04 8.308E+05 30.1608 1.00000
  5.000E+09 5.000E+09 3.168E+00 2.589E+04 3.551E+04 4.088E+03 6.549E+04 6.549E+04 8.388E+05 30.3715 1.00000
  5.500E+09 5.500E+09 3.180E+00 2.848E+04 3.906E+04 4.551E+03 7.209E+04 7.209E+04 8.461E+05 30.5621 1.00000
  6.000E+09 6.000E+09 3.192E+00 3.107E+04 4.261E+04 5.019E+03 7.870E+04 7.870E+04 8.527E+05 30.7362 1.00000
  7.000E+09 7.000E+09 3.213E+00 3.625E+04 4.971E+04 5.971E+03 9.193E+04 9.194E+04 8.645E+05 31.0445 1.00000
  8.000E+09 8.000E+09 3.241E+00 4.143E+04 5.681E+04 6.942E+03 1.052E+05 1.052E+05 8.746E+05 31.1561 1.00000
  9.000E+09 9.000E+09 3.258E+00 4.661E+04 6.391E+04 7.928E+03 1.185E+05 1.185E+05 8.836E+05 31.3916 1.00000
  1.000E+10 1.000E+10 3.272E+00 5.179E+04 7.102E+04 8.928E+03 1.317E+05 1.317E+05 8.916E+05 31.6023 1.00000
  1.200E+10 1.200E+10 3.297E+00 6.215E+04 8.522E+04 1.097E+04 1.583E+05 1.583E+05 9.054E+05 31.9670 1.00000
  1.400E+10 1.400E+10 3.319E+00 7.251E+04 9.942E+04 1.305E+04 1.850E+05 1.850E+05 9.171E+05 32.2753 1.00000
  1.700E+10 1.700E+10 3.346E+00 8.805E+04 1.207E+05 1.625E+04 2.250E+05 2.250E+05 9.318E+05 32.6636 1.00000
  2.000E+10 2.000E+10 3.369E+00 1.036E+05 1.420E+05 1.953E+04 2.652E+05 2.652E+05 9.440E+05 32.9886 1.00000
  2.500E+10 2.500E+10 3.401E+00 1.295E+05 1.775E+05 2.513E+04 3.322E+05 3.322E+05 9.609E+05 33.4349 1.00000
  3.000E+10 3.000E+10 3.428E+00 1.554E+05 2.131E+05 3.089E+04 3.993E+05 3.993E+05 9.746E+05 33.7996 1.00000
  3.500E+10 3.500E+10 3.450E+00 1.813E+05 2.486E+05 3.678E+04 4.666E+05 4.666E+05 9.861E+05 34.1079 1.00000
  4.000E+10 4.000E+10 3.470E+00 2.072E+05 2.841E+05 4.279E+04 5.340E+05 5.340E+05 9.961E+05 34.3749 1.00000
  4.500E+10 4.500E+10 3.487E+00 2.331E+05 3.196E+05 4.889E+04 6.015E+05 6.015E+05 1.005E+06 34.6105 1.00000
  5.000E+10 5.000E+10 3.503E+00 2.590E+05 3.551E+05 5.509E+04 6.692E+05 6.692E+05 1.013E+06 34.8212 1.00000
  5.500E+10 5.500E+10 3.517E+00 2.849E+05 3.906E+05 6.138E+04 7.368E+05 7.368E+05 1.020E+06 35.0118 1.00000
  6.000E+10 6.000E+10 3.530E+00 3.108E+05 4.261E+05 6.774E+04 8.046E+05 8.046E+05 1.026E+06 35.1859 1.00000
  7.000E+10 7.000E+10 3.554E+00 3.626E+05 4.971E+05 8.068E+04 9.404E+05 9.404E+05 1.038E+06 35.4942 1.00000
  8.000E+10 8.000E+10 3.574E+00 4.144E+05 5.681E+05 9.389E+04 1.076E+06 1.076E+06 1.048E+06 35.7612 1.00000
  9.000E+10 9.000E+10 3.592E+00 4.662E+05 6.391E+05 1.073E+05 1.213E+06 1.213E+06 1.057E+06 35.9968 1.00000
  1.000E+11 1.000E+11 3.608E+00 5.180E+05 7.102E+05 1.210E+05 1.349E+06 1.349E+06 1.064E+06 36.2075 1.00000
  1.200E+11 1.200E+11 3.637E+00 6.215E+05 8.522E+05 1.488E+05 1.623E+06 1.623E+06 1.078E+06 36.5722 1.00000
  1.400E+11 1.400E+11 3.661E+00 7.251E+05 9.942E+05 1.773E+05 1.897E+06 1.897E+06 1.089E+06 36.8805 1.00000
  1.700E+11 1.700E+11 3.691E+00 8.805E+05 1.207E+06 2.211E+05 2.309E+06 2.309E+06 1.104E+06 37.2688 1.00000
  2.000E+11 2.000E+11 3.717E+00 1.036E+06 1.420E+06 2.660E+05 2.722E+06 2.722E+06 1.116E+06 37.5938 1.00000
  2.500E+11 2.500E+11 3.753E+00 1.295E+06 1.775E+06 3.429E+05 3.413E+06 3.413E+06 1.132E+06 38.0401 1.00000
  3.000E+11 3.000E+11 3.782E+00 1.554E+06 2.130E+06 4.221E+05 4.106E+06 4.106E+06 1.145E+06 38.4047 1.00000
  3.500E+11 3.500E+11 3.807E+00 1.813E+06 2.486E+06 5.032E+05 4.802E+06 4.802E+06 1.157E+06 38.7130 1.00000
  4.000E+11 4.000E+11 3.829E+00 2.072E+06 2.841E+06 5.860E+05 5.498E+06 5.498E+06 1.166E+06 38.9801 1.00000
  4.500E+11 4.500E+11 3.849E+00 2.331E+06 3.196E+06 6.703E+05 6.197E+06 6.197E+06 1.175E+06 39.2157 1.00000
  5.000E+11 5.000E+11 3.866E+00 2.590E+06 3.551E+06 7.559E+05 6.896E+06 6.896E+06 1.182E+06 39.4264 1.00000
  5.500E+11 5.500E+11 3.882E+00 2.849E+06 3.906E+06 8.428E+05 7.597E+06 7.597E+06 1.189E+06 39.6170 1.00000
  6.000E+11 6.000E+11 3.897E+00 3.108E+06 4.261E+06 9.309E+05 8.299E+06 8.299E+06 1.196E+06 39.7910 1.00000
  7.000E+11 7.000E+11 3.923E+00 3.626E+06 4.971E+06 1.110E+06 9.707E+06 9.707E+06 1.207E+06 40.0993 1.00000
  8.000E+11 8.000E+11 3.946E+00 4.144E+06 5.681E+06 1.293E+06 1.112E+07 1.112E+07 1.216E+06 40.3664 1.00000
  9.000E+11 9.000E+11 3.966E+00 4.662E+06 6.391E+06 1.480E+06 1.253E+07 1.253E+07 1.225E+06 40.6020 1.00000
  1.000E+12 1.000E+12 3.984E+00 5.180E+06 7.101E+06 1.669E+06 1.395E+07 1.395E+07 1.232E+06 40.8127 1.00000
