 Incident particle is a Muon with M = 105.65839 MeV
 Index = 0: Platinum
      Absorber with <Z/A> = 0.39983
 Density effect computed following Fano (1963)
 Models for Radloss: brems =  SSR, pair =  SSR, photonuc = DRSS

 *** Table generated with PUMAS v1.1 ***

      T         p     Ionization  brems     pair     photonuc  Radloss    dE/dx   CSDA Range  delta   beta
    [MeV]    [MeV/c]  -----------------------[MeV cm^2/g]------------------------  [g/cm^2]
  1.000E+00 1.457E+01 2.076E+01 0.000E+00 0.000E+00 0.000E+00 0.000E+00 2.076E+01 2.408E-02  0.0469 0.13661
  1.200E+00 1.597E+01 1.834E+01 0.000E+00 0.000E+00 0.000E+00 0.000E+00 1.834E+01 3.436E-02  0.0472 0.14944
  1.400E+00 1.726E+01 1.648E+01 0.000E+00 0.000E+00 0.000E+00 0.000E+00 1.648E+01 4.588E-02  0.0475 0.16119
  1.700E+00 1.903E+01 1.437E+01 0.000E+00 0.000E+00 0.000E+00 0.000E+00 1.437E+01 6.544E-02  0.0480 0.17725
  2.000E+00 2.066E+01 1.279E+01 0.000E+00 0.000E+00 0.000E+00 0.000E+00 1.279E+01 8.761E-02  0.0485 0.19186
  2.500E+00 2.312E+01 1.088E+01 0.000E+00 0.000E+00 0.000E+00 0.000E+00 1.088E+01 1.302E-01  0.0494 0.21376
  3.000E+00 2.536E+01 9.529E+00 0.000E+00 0.000E+00 0.000E+00 0.000E+00 9.529E+00 1.794E-01  0.0502 0.23336
  3.500E+00 2.742E+01 8.510E+00 0.000E+00 0.000E+00 0.000E+00 0.000E+00 8.510E+00 2.350E-01  0.0511 0.25120
  4.000E+00 2.935E+01 7.715E+00 0.000E+00 0.000E+00 0.000E+00 0.000E+00 7.715E+00 2.968E-01  0.0519 0.26763
  4.500E+00 3.116E+01 7.075E+00 0.000E+00 0.000E+00 0.000E+00 0.000E+00 7.075E+00 3.646E-01  0.0527 0.28290
  5.000E+00 3.289E+01 6.548E+00 0.000E+00 0.000E+00 0.000E+00 0.000E+00 6.548E+00 4.381E-01  0.0536 0.29720
  5.500E+00 3.453E+01 6.106E+00 0.000E+00 0.000E+00 0.000E+00 0.000E+00 6.106E+00 5.172E-01  0.0544 0.31066
  6.000E+00 3.611E+01 5.730E+00 0.000E+00 0.000E+00 0.000E+00 0.000E+00 5.730E+00 6.018E-01  0.0553 0.32339
  7.000E+00 3.909E+01 5.121E+00 0.000E+00 0.000E+00 0.000E+00 0.000E+00 5.121E+00 7.868E-01  0.0570 0.34700
  8.000E+00 4.189E+01 4.651E+00 0.000E+00 0.000E+00 0.000E+00 0.000E+00 4.651E+00 9.920E-01  0.0587 0.36854
  9.000E+00 4.453E+01 4.274E+00 0.000E+00 0.000E+00 0.000E+00 0.000E+00 4.274E+00 1.217E+00  0.0604 0.38836
  1.000E+01 4.704E+01 3.967E+00 0.000E+00 0.000E+00 0.000E+00 0.000E+00 3.967E+00 1.460E+00  0.0621 0.40675
  1.200E+01 5.177E+01 3.493E+00 0.000E+00 0.000E+00 0.000E+00 0.000E+00 3.493E+00 1.998E+00  0.0656 0.43998
  1.400E+01 5.616E+01 3.144E+00 0.000E+00 0.000E+00 0.000E+00 0.000E+00 3.144E+00 2.603E+00  0.0690 0.46937
  1.700E+01 6.230E+01 2.764E+00 0.000E+00 0.000E+00 0.000E+00 0.000E+00 2.764E+00 3.624E+00  0.0742 0.50792
  2.000E+01 6.802E+01 2.492E+00 0.000E+00 0.000E+00 0.000E+00 0.000E+00 2.492E+00 4.770E+00  0.0794 0.54129
  2.500E+01 7.686E+01 2.176E+00 0.000E+00 0.000E+00 0.000E+00 0.000E+00 2.176E+00 6.925E+00  0.0881 0.58827
  3.000E+01 8.509E+01 1.961E+00 0.000E+00 0.000E+00 0.000E+00 0.000E+00 1.961E+00 9.352E+00  0.0968 0.62720
  3.500E+01 9.285E+01 1.807E+00 0.000E+00 0.000E+00 0.000E+00 0.000E+00 1.807E+00 1.201E+01  0.1055 0.66011
  4.000E+01 1.003E+02 1.690E+00 0.000E+00 0.000E+00 0.000E+00 0.000E+00 1.690E+00 1.488E+01  0.1141 0.68834
  4.500E+01 1.074E+02 1.600E+00 0.000E+00 0.000E+00 0.000E+00 0.000E+00 1.600E+00 1.792E+01  0.1228 0.71286
  5.000E+01 1.143E+02 1.528E+00 0.000E+00 0.000E+00 0.000E+00 0.000E+00 1.528E+00 2.112E+01  0.1313 0.73434
  5.500E+01 1.210E+02 1.470E+00 0.000E+00 0.000E+00 0.000E+00 0.000E+00 1.470E+00 2.446E+01  0.1399 0.75332
  6.000E+01 1.276E+02 1.422E+00 0.000E+00 0.000E+00 0.000E+00 0.000E+00 1.422E+00 2.792E+01  0.1484 0.77019
  7.000E+01 1.403E+02 1.348E+00 0.000E+00 0.000E+00 0.000E+00 0.000E+00 1.348E+00 3.515E+01  0.1652 0.79887
  8.000E+01 1.527E+02 1.294E+00 0.000E+00 0.000E+00 0.000E+00 0.000E+00 1.294E+00 4.273E+01  0.1819 0.82227
  9.000E+01 1.647E+02 1.254E+00 0.000E+00 0.000E+00 0.000E+00 0.000E+00 1.254E+00 5.059E+01  0.1984 0.84166
  1.000E+02 1.764E+02 1.224E+00 0.000E+00 0.000E+00 0.000E+00 0.000E+00 1.224E+00 5.866E+01  0.2148 0.85794
  1.200E+02 1.994E+02 1.183E+00 0.000E+00 0.000E+00 0.000E+00 0.000E+00 1.183E+00 7.530E+01  0.2472 0.88361
  1.400E+02 2.218E+02 1.158E+00 0.000E+00 0.000E+00 0.000E+00 0.000E+00 1.158E+00 9.240E+01  0.2793 0.90278
  1.700E+02 2.546E+02 1.137E+00 0.000E+00 0.000E+00 0.000E+00 0.000E+00 1.137E+00 1.186E+02  0.3269 0.92363
  2.000E+02 2.868E+02 1.127E+00 0.000E+00 0.000E+00 0.000E+00 0.000E+00 1.127E+00 1.451E+02  0.3740 0.93835
  2.500E+02 3.396E+02 1.125E+00 0.000E+00 0.000E+00 0.000E+00 0.000E+00 1.125E+00 1.895E+02  0.4515 0.95485
  3.000E+02 3.917E+02 1.130E+00 0.000E+00 0.000E+00 0.000E+00 0.000E+00 1.130E+00 2.339E+02  0.5268 0.96548
  3.500E+02 4.432E+02 1.139E+00 0.000E+00 0.000E+00 0.000E+00 0.000E+00 1.139E+00 2.780E+02  0.5996 0.97274
  4.000E+02 4.945E+02 1.149E+00 0.000E+00 0.000E+00 0.000E+00 0.000E+00 1.149E+00 3.217E+02  0.6695 0.97793
  4.500E+02 5.455E+02 1.159E+00 0.000E+00 0.000E+00 0.000E+00 0.000E+00 1.159E+00 3.650E+02  0.7365 0.98176
  5.000E+02 5.964E+02 1.170E+00 2.182E-04 7.049E-05 0.000E+00 2.887E-04 1.171E+00 4.080E+02  0.8005 0.98467
  5.500E+02 6.471E+02 1.181E+00 3.634E-04 1.038E-04 1.454E-05 4.817E-04 1.181E+00 4.505E+02  0.8617 0.98693
  6.000E+02 6.977E+02 1.191E+00 4.839E-04 1.386E-04 4.866E-05 6.712E-04 1.192E+00 4.926E+02  0.9203 0.98873
  7.000E+02 7.987E+02 1.211E+00 6.961E-04 2.201E-04 1.163E-04 1.033E-03 1.212E+00 5.758E+02  1.0304 0.99136
  8.000E+02 8.995E+02 1.229E+00 8.952E-04 3.178E-04 1.799E-04 1.393E-03 1.230E+00 6.577E+02  1.1324 0.99317
  9.000E+02 1.000E+03 1.246E+00 1.093E-03 4.311E-04 2.405E-04 1.764E-03 1.248E+00 7.384E+02  1.2273 0.99447
  1.000E+03 1.101E+03 1.261E+00 1.293E-03 5.590E-04 2.989E-04 2.151E-03 1.263E+00 8.180E+02  1.3162 0.99542
  1.200E+03 1.301E+03 1.288E+00 1.708E-03 8.550E-04 4.113E-04 2.974E-03 1.291E+00 9.746E+02  1.4791 0.99672
  1.400E+03 1.502E+03 1.312E+00 2.145E-03 1.200E-03 5.195E-04 3.865E-03 1.316E+00 1.128E+03  1.6257 0.99753
  1.700E+03 1.803E+03 1.342E+00 2.842E-03 1.800E-03 6.763E-04 5.318E-03 1.347E+00 1.353E+03  1.8217 0.99829
  2.000E+03 2.103E+03 1.367E+00 3.584E-03 2.486E-03 8.280E-04 6.898E-03 1.374E+00 1.574E+03  1.9953 0.99874
  2.500E+03 2.604E+03 1.401E+00 4.908E-03 3.797E-03 1.072E-03 9.777E-03 1.411E+00 1.933E+03  2.2472 0.99918
  3.000E+03 3.104E+03 1.429E+00 6.326E-03 5.286E-03 1.308E-03 1.292E-02 1.442E+00 2.283E+03  2.4642 0.99942
  3.500E+03 3.604E+03 1.453E+00 7.825E-03 6.928E-03 1.537E-03 1.629E-02 1.469E+00 2.626E+03  2.6554 0.99957
  4.000E+03 4.104E+03 1.472E+00 9.392E-03 8.712E-03 1.759E-03 1.986E-02 1.492E+00 2.964E+03  2.8267 0.99967
  4.500E+03 4.604E+03 1.490E+00 1.102E-02 1.062E-02 1.977E-03 2.362E-02 1.513E+00 3.297E+03  2.9822 0.99974
  5.000E+03 5.105E+03 1.505E+00 1.270E-02 1.263E-02 2.191E-03 2.753E-02 1.533E+00 3.625E+03  3.1249 0.99979
  5.500E+03 5.605E+03 1.519E+00 1.443E-02 1.475E-02 2.401E-03 3.158E-02 1.550E+00 3.949E+03  3.2569 0.99982
  6.000E+03 6.105E+03 1.531E+00 1.621E-02 1.694E-02 2.608E-03 3.576E-02 1.567E+00 4.270E+03  3.3799 0.99985
  7.000E+03 7.105E+03 1.552E+00 1.988E-02 2.158E-02 3.013E-03 4.447E-02 1.597E+00 4.902E+03  3.6037 0.99989
  8.000E+03 8.105E+03 1.570E+00 2.369E-02 2.649E-02 3.408E-03 5.359E-02 1.624E+00 5.523E+03  3.8035 0.99992
  9.000E+03 9.105E+03 1.586E+00 2.762E-02 3.165E-02 3.795E-03 6.306E-02 1.649E+00 6.134E+03  3.9843 0.99993
  1.000E+04 1.011E+04 1.599E+00 3.166E-02 3.702E-02 4.174E-03 7.285E-02 1.672E+00 6.737E+03  4.1494 0.99995
  1.200E+04 1.211E+04 1.622E+00 4.001E-02 4.832E-02 4.916E-03 9.325E-02 1.715E+00 7.917E+03  4.4422 0.99996
  1.400E+04 1.411E+04 1.641E+00 4.869E-02 6.025E-02 5.640E-03 1.146E-01 1.755E+00 9.070E+03  4.6962 0.99997
  1.700E+04 1.711E+04 1.664E+00 6.219E-02 7.911E-02 6.697E-03 1.480E-01 1.812E+00 1.075E+04  5.0236 0.99998
  2.000E+04 2.011E+04 1.682E+00 7.620E-02 9.892E-02 7.728E-03 1.828E-01 1.865E+00 1.238E+04  5.3035 0.99999
  2.500E+04 2.511E+04 1.707E+00 1.004E-01 1.336E-01 9.405E-03 2.435E-01 1.950E+00 1.500E+04  5.6956 0.99999
  3.000E+04 3.011E+04 1.726E+00 1.256E-01 1.700E-01 1.104E-02 3.066E-01 2.032E+00 1.752E+04  6.0223 0.99999
  3.500E+04 3.511E+04 1.742E+00 1.514E-01 2.078E-01 1.265E-02 3.718E-01 2.113E+00 1.993E+04  6.3026 1.00000
  4.000E+04 4.011E+04 1.755E+00 1.779E-01 2.466E-01 1.424E-02 4.387E-01 2.194E+00 2.225E+04  6.5482 1.00000
  4.500E+04 4.511E+04 1.766E+00 2.049E-01 2.863E-01 1.581E-02 5.070E-01 2.273E+00 2.449E+04  6.7669 1.00000
  5.000E+04 5.011E+04 1.776E+00 2.324E-01 3.268E-01 1.737E-02 5.766E-01 2.353E+00 2.665E+04  6.9640 1.00000
  5.500E+04 5.511E+04 1.786E+00 2.603E-01 3.680E-01 1.892E-02 6.472E-01 2.433E+00 2.874E+04  7.1434 1.00000
  6.000E+04 6.011E+04 1.794E+00 2.885E-01 4.098E-01 2.046E-02 7.188E-01 2.512E+00 3.076E+04  7.3080 1.00000
  7.000E+04 7.011E+04 1.808E+00 3.460E-01 4.948E-01 2.352E-02 8.644E-01 2.672E+00 3.462E+04  7.6014 1.00000
  8.000E+04 8.011E+04 1.820E+00 4.046E-01 5.816E-01 2.656E-02 1.013E+00 2.833E+00 3.826E+04  7.8571 1.00000
  9.000E+04 9.011E+04 1.830E+00 4.641E-01 6.698E-01 2.959E-02 1.163E+00 2.994E+00 4.169E+04  8.0838 1.00000
  1.000E+05 1.001E+05 1.840E+00 5.244E-01 7.591E-01 3.261E-02 1.316E+00 3.156E+00 4.494E+04  8.2873 1.00000
  1.200E+05 1.201E+05 1.855E+00 6.471E-01 9.407E-01 3.863E-02 1.626E+00 3.482E+00 5.098E+04  8.6410 1.00000
  1.400E+05 1.401E+05 1.869E+00 7.721E-01 1.125E+00 4.464E-02 1.942E+00 3.811E+00 5.646E+04  8.9413 1.00000
  1.700E+05 1.701E+05 1.885E+00 9.631E-01 1.407E+00 5.366E-02 2.424E+00 4.309E+00 6.386E+04  9.3212 1.00000
  2.000E+05 2.001E+05 1.899E+00 1.157E+00 1.692E+00 6.271E-02 2.912E+00 4.811E+00 7.045E+04  9.6404 1.00000
  2.500E+05 2.501E+05 1.918E+00 1.487E+00 2.175E+00 7.784E-02 3.739E+00 5.657E+00 8.003E+04 10.0803 1.00000
  3.000E+05 3.001E+05 1.933E+00 1.822E+00 2.664E+00 9.307E-02 4.578E+00 6.511E+00 8.826E+04 10.4410 1.00000
  3.500E+05 3.501E+05 1.945E+00 2.161E+00 3.157E+00 1.084E-01 5.426E+00 7.372E+00 9.547E+04 10.7466 1.00000
  4.000E+05 4.001E+05 1.956E+00 2.504E+00 3.654E+00 1.239E-01 6.282E+00 8.238E+00 1.019E+05 11.0118 1.00000
  4.500E+05 4.501E+05 1.966E+00 2.850E+00 4.154E+00 1.394E-01 7.143E+00 9.109E+00 1.077E+05 11.2461 1.00000
  5.000E+05 5.001E+05 1.975E+00 3.198E+00 4.656E+00 1.550E-01 8.009E+00 9.983E+00 1.129E+05 11.4558 1.00000
  5.500E+05 5.501E+05 1.983E+00 3.548E+00 5.160E+00 1.708E-01 8.879E+00 1.086E+01 1.177E+05 11.6457 1.00000
  6.000E+05 6.001E+05 1.990E+00 3.900E+00 5.665E+00 1.866E-01 9.752E+00 1.174E+01 1.221E+05 11.8191 1.00000
  7.000E+05 7.001E+05 2.003E+00 4.609E+00 6.681E+00 2.185E-01 1.151E+01 1.351E+01 1.301E+05 12.1266 1.00000
  8.000E+05 8.001E+05 2.014E+00 5.323E+00 7.701E+00 2.508E-01 1.328E+01 1.529E+01 1.370E+05 12.3931 1.00000
  9.000E+05 9.001E+05 2.024E+00 6.041E+00 8.725E+00 2.834E-01 1.505E+01 1.707E+01 1.432E+05 12.6283 1.00000
  1.000E+06 1.000E+06 2.033E+00 6.763E+00 9.752E+00 3.162E-01 1.683E+01 1.886E+01 1.488E+05 12.8387 1.00000
  1.200E+06 1.200E+06 2.048E+00 8.215E+00 1.181E+01 3.827E-01 2.041E+01 2.246E+01 1.585E+05 13.2030 1.00000
  1.400E+06 1.400E+06 2.061E+00 9.677E+00 1.388E+01 4.501E-01 2.401E+01 2.607E+01 1.667E+05 13.5111 1.00000
  1.700E+06 1.700E+06 2.077E+00 1.188E+01 1.699E+01 5.528E-01 2.943E+01 3.150E+01 1.772E+05 13.8992 1.00000
  2.000E+06 2.000E+06 2.091E+00 1.410E+01 2.011E+01 6.572E-01 3.487E+01 3.696E+01 1.860E+05 14.2241 1.00000
  2.500E+06 2.500E+06 2.111E+00 1.781E+01 2.533E+01 8.343E-01 4.397E+01 4.609E+01 1.981E+05 14.6702 1.00000
  3.000E+06 3.000E+06 2.126E+00 2.154E+01 3.056E+01 1.015E+00 5.312E+01 5.524E+01 2.080E+05 15.0348 1.00000
  3.500E+06 3.500E+06 2.140E+00 2.529E+01 3.580E+01 1.198E+00 6.228E+01 6.442E+01 2.163E+05 15.3431 1.00000
  4.000E+06 4.000E+06 2.152E+00 2.904E+01 4.104E+01 1.385E+00 7.146E+01 7.362E+01 2.236E+05 15.6101 1.00000
  4.500E+06 4.500E+06 2.162E+00 3.280E+01 4.629E+01 1.573E+00 8.067E+01 8.283E+01 2.300E+05 15.8457 1.00000
  5.000E+06 5.000E+06 2.171E+00 3.657E+01 5.154E+01 1.764E+00 8.988E+01 9.205E+01 2.357E+05 16.0564 1.00000
  5.500E+06 5.500E+06 2.180E+00 4.034E+01 5.680E+01 1.957E+00 9.910E+01 1.013E+02 2.409E+05 16.2470 1.00000
  6.000E+06 6.000E+06 2.188E+00 4.412E+01 6.206E+01 2.151E+00 1.083E+02 1.105E+02 2.456E+05 16.4210 1.00000
  7.000E+06 7.000E+06 2.202E+00 5.169E+01 7.260E+01 2.545E+00 1.268E+02 1.290E+02 2.540E+05 16.7293 1.00000
  8.000E+06 8.000E+06 2.214E+00 5.927E+01 8.313E+01 2.945E+00 1.453E+02 1.476E+02 2.612E+05 16.9963 1.00000
  9.000E+06 9.000E+06 2.224E+00 6.685E+01 9.368E+01 3.351E+00 1.639E+02 1.661E+02 2.676E+05 17.2319 1.00000
  1.000E+07 1.000E+07 2.234E+00 7.445E+01 1.042E+02 3.761E+00 1.824E+02 1.847E+02 2.733E+05 17.4426 1.00000
  1.200E+07 1.200E+07 2.251E+00 8.966E+01 1.253E+02 4.595E+00 2.196E+02 2.218E+02 2.832E+05 17.8072 1.00000
  1.400E+07 1.400E+07 2.265E+00 1.049E+02 1.465E+02 5.444E+00 2.568E+02 2.591E+02 2.915E+05 18.1155 1.00000
  1.700E+07 1.700E+07 2.283E+00 1.277E+02 1.782E+02 6.742E+00 3.127E+02 3.149E+02 3.020E+05 18.5038 1.00000
  2.000E+07 2.000E+07 2.299E+00 1.506E+02 2.099E+02 8.066E+00 3.686E+02 3.709E+02 3.108E+05 18.8289 1.00000
  2.500E+07 2.500E+07 2.320E+00 1.888E+02 2.628E+02 1.032E+01 4.619E+02 4.642E+02 3.228E+05 19.2752 1.00000
  3.000E+07 3.000E+07 2.338E+00 2.270E+02 3.157E+02 1.263E+01 5.553E+02 5.576E+02 3.326E+05 19.6398 1.00000
  3.500E+07 3.500E+07 2.352E+00 2.652E+02 3.686E+02 1.498E+01 6.488E+02 6.512E+02 3.409E+05 19.9481 1.00000
  4.000E+07 4.000E+07 2.365E+00 3.035E+02 4.215E+02 1.737E+01 7.424E+02 7.447E+02 3.481E+05 20.2152 1.00000
  4.500E+07 4.500E+07 2.377E+00 3.417E+02 4.745E+02 1.979E+01 8.360E+02 8.384E+02 3.544E+05 20.4507 1.00000
  5.000E+07 5.000E+07 2.387E+00 3.800E+02 5.274E+02 2.225E+01 9.296E+02 9.320E+02 3.601E+05 20.6614 1.00000
  5.500E+07 5.500E+07 2.397E+00 4.182E+02 5.804E+02 2.473E+01 1.023E+03 1.026E+03 3.652E+05 20.8521 1.00000
  6.000E+07 6.000E+07 2.406E+00 4.565E+02 6.333E+02 2.724E+01 1.117E+03 1.119E+03 3.698E+05 21.0261 1.00000
  7.000E+07 7.000E+07 2.421E+00 5.331E+02 7.393E+02 3.234E+01 1.305E+03 1.307E+03 3.781E+05 21.3344 1.00000
  8.000E+07 8.000E+07 2.434E+00 6.096E+02 8.452E+02 3.751E+01 1.492E+03 1.495E+03 3.853E+05 21.6015 1.00000
  9.000E+07 9.000E+07 2.446E+00 6.862E+02 9.511E+02 4.277E+01 1.680E+03 1.683E+03 3.916E+05 21.8370 1.00000
  1.000E+08 1.000E+08 2.457E+00 7.628E+02 1.057E+03 4.809E+01 1.868E+03 1.870E+03 3.972E+05 22.0477 1.00000
  1.200E+08 1.200E+08 2.476E+00 9.160E+02 1.269E+03 5.892E+01 2.244E+03 2.246E+03 4.069E+05 22.4124 1.00000
  1.400E+08 1.400E+08 2.492E+00 1.069E+03 1.481E+03 6.997E+01 2.620E+03 2.623E+03 4.152E+05 22.7207 1.00000
  1.700E+08 1.700E+08 2.512E+00 1.299E+03 1.799E+03 8.688E+01 3.185E+03 3.187E+03 4.255E+05 23.1090 1.00000
  2.000E+08 2.000E+08 2.529E+00 1.529E+03 2.117E+03 1.042E+02 3.750E+03 3.753E+03 4.342E+05 23.4340 1.00000
  2.500E+08 2.500E+08 2.553E+00 1.912E+03 2.647E+03 1.336E+02 4.693E+03 4.695E+03 4.461E+05 23.8803 1.00000
  3.000E+08 3.000E+08 2.572E+00 2.295E+03 3.177E+03 1.638E+02 5.636E+03 5.639E+03 4.558E+05 24.2450 1.00000
  3.500E+08 3.500E+08 2.589E+00 2.679E+03 3.707E+03 1.946E+02 6.580E+03 6.583E+03 4.640E+05 24.5533 1.00000
  4.000E+08 4.000E+08 2.604E+00 3.062E+03 4.237E+03 2.260E+02 7.525E+03 7.527E+03 4.711E+05 24.8203 1.00000
  4.500E+08 4.500E+08 2.616E+00 3.445E+03 4.767E+03 2.578E+02 8.470E+03 8.472E+03 4.773E+05 25.0559 1.00000
  5.000E+08 5.000E+08 2.628E+00 3.828E+03 5.297E+03 2.901E+02 9.415E+03 9.418E+03 4.829E+05 25.2666 1.00000
  5.500E+08 5.500E+08 2.639E+00 4.212E+03 5.827E+03 3.227E+02 1.036E+04 1.036E+04 4.880E+05 25.4572 1.00000
  6.000E+08 6.000E+08 2.648E+00 4.595E+03 6.357E+03 3.557E+02 1.131E+04 1.131E+04 4.926E+05 25.6312 1.00000
  7.000E+08 7.000E+08 2.666E+00 5.361E+03 7.417E+03 4.228E+02 1.320E+04 1.320E+04 5.008E+05 25.9395 1.00000
  8.000E+08 8.000E+08 2.681E+00 6.128E+03 8.477E+03 4.910E+02 1.510E+04 1.510E+04 5.079E+05 26.2066 1.00000
  9.000E+08 9.000E+08 2.694E+00 6.895E+03 9.537E+03 5.603E+02 1.699E+04 1.699E+04 5.141E+05 26.4421 1.00000
  1.000E+09 1.000E+09 2.706E+00 7.661E+03 1.060E+04 6.306E+02 1.889E+04 1.889E+04 5.197E+05 26.6528 1.00000
  1.200E+09 1.200E+09 2.727E+00 9.194E+03 1.272E+04 7.736E+02 2.269E+04 2.269E+04 5.293E+05 27.0174 1.00000
  1.400E+09 1.400E+09 2.745E+00 1.073E+04 1.484E+04 9.197E+02 2.648E+04 2.649E+04 5.375E+05 27.3254 1.00000
  1.700E+09 1.700E+09 2.767E+00 1.303E+04 1.802E+04 1.144E+03 3.219E+04 3.219E+04 5.477E+05 27.7137 1.00000
  2.000E+09 2.000E+09 2.786E+00 1.533E+04 2.120E+04 1.373E+03 3.790E+04 3.790E+04 5.563E+05 28.0372 1.00000
  2.500E+09 2.500E+09 2.813E+00 1.916E+04 2.650E+04 1.764E+03 4.742E+04 4.743E+04 5.681E+05 28.4835 1.00000
  3.000E+09 3.000E+09 2.835E+00 2.299E+04 3.180E+04 2.165E+03 5.696E+04 5.696E+04 5.777E+05 28.8416 1.00000
  3.500E+09 3.500E+09 2.854E+00 2.683E+04 3.710E+04 2.575E+03 6.650E+04 6.650E+04 5.858E+05 29.1499 1.00000
  4.000E+09 4.000E+09 2.870E+00 3.066E+04 4.240E+04 2.993E+03 7.605E+04 7.605E+04 5.928E+05 29.4170 1.00000
  4.500E+09 4.500E+09 2.886E+00 3.449E+04 4.770E+04 3.417E+03 8.561E+04 8.561E+04 5.990E+05 29.6234 1.00000
  5.000E+09 5.000E+09 2.899E+00 3.832E+04 5.300E+04 3.847E+03 9.517E+04 9.518E+04 6.046E+05 29.8341 1.00000
  5.500E+09 5.500E+09 2.911E+00 4.216E+04 5.830E+04 4.283E+03 1.047E+05 1.047E+05 6.096E+05 30.0247 1.00000
  6.000E+09 6.000E+09 2.922E+00 4.599E+04 6.360E+04 4.724E+03 1.143E+05 1.143E+05 6.142E+05 30.1987 1.00000
  7.000E+09 7.000E+09 2.941E+00 5.366E+04 7.420E+04 5.620E+03 1.335E+05 1.335E+05 6.222E+05 30.5070 1.00000
  8.000E+09 8.000E+09 2.968E+00 6.132E+04 8.481E+04 6.533E+03 1.527E+05 1.527E+05 6.292E+05 30.6186 1.00000
  9.000E+09 9.000E+09 2.982E+00 6.899E+04 9.541E+04 7.461E+03 1.719E+05 1.719E+05 6.354E+05 30.8542 1.00000
  1.000E+10 1.000E+10 2.996E+00 7.665E+04 1.060E+05 8.403E+03 1.911E+05 1.911E+05 6.409E+05 31.0649 1.00000
  1.200E+10 1.200E+10 3.019E+00 9.198E+04 1.272E+05 1.032E+04 2.295E+05 2.295E+05 6.505E+05 31.4296 1.00000
  1.400E+10 1.400E+10 3.039E+00 1.073E+05 1.484E+05 1.228E+04 2.680E+05 2.680E+05 6.585E+05 31.7379 1.00000
  1.700E+10 1.700E+10 3.064E+00 1.303E+05 1.802E+05 1.530E+04 3.258E+05 3.258E+05 6.687E+05 32.1262 1.00000
  2.000E+10 2.000E+10 3.086E+00 1.533E+05 2.120E+05 1.838E+04 3.837E+05 3.837E+05 6.771E+05 32.4512 1.00000
  2.500E+10 2.500E+10 3.115E+00 1.916E+05 2.650E+05 2.366E+04 4.803E+05 4.803E+05 6.888E+05 32.8975 1.00000
  3.000E+10 3.000E+10 3.140E+00 2.300E+05 3.180E+05 2.908E+04 5.771E+05 5.771E+05 6.982E+05 33.2622 1.00000
  3.500E+10 3.500E+10 3.161E+00 2.683E+05 3.710E+05 3.462E+04 6.740E+05 6.740E+05 7.063E+05 33.5705 1.00000
  4.000E+10 4.000E+10 3.179E+00 3.066E+05 4.240E+05 4.027E+04 7.709E+05 7.709E+05 7.132E+05 33.8375 1.00000
  4.500E+10 4.500E+10 3.195E+00 3.450E+05 4.770E+05 4.602E+04 8.680E+05 8.680E+05 7.193E+05 34.0731 1.00000
  5.000E+10 5.000E+10 3.210E+00 3.833E+05 5.300E+05 5.185E+04 9.652E+05 9.652E+05 7.248E+05 34.2838 1.00000
  5.500E+10 5.500E+10 3.223E+00 4.216E+05 5.831E+05 5.777E+04 1.062E+06 1.062E+06 7.297E+05 34.4744 1.00000
  6.000E+10 6.000E+10 3.235E+00 4.599E+05 6.361E+05 6.376E+04 1.160E+06 1.160E+06 7.342E+05 34.6485 1.00000
  7.000E+10 7.000E+10 3.256E+00 5.366E+05 7.421E+05 7.594E+04 1.355E+06 1.355E+06 7.422E+05 34.9568 1.00000
  8.000E+10 8.000E+10 3.275E+00 6.133E+05 8.481E+05 8.836E+04 1.550E+06 1.550E+06 7.491E+05 35.2238 1.00000
  9.000E+10 9.000E+10 3.292E+00 6.899E+05 9.541E+05 1.010E+05 1.745E+06 1.745E+06 7.551E+05 35.4594 1.00000
  1.000E+11 1.000E+11 3.307E+00 7.666E+05 1.060E+06 1.138E+05 1.941E+06 1.941E+06 7.606E+05 35.6701 1.00000
  1.200E+11 1.200E+11 3.333E+00 9.199E+05 1.272E+06 1.400E+05 2.332E+06 2.332E+06 7.700E+05 36.0347 1.00000
  1.400E+11 1.400E+11 3.355E+00 1.073E+06 1.484E+06 1.669E+05 2.724E+06 2.724E+06 7.779E+05 36.3430 1.00000
  1.700E+11 1.700E+11 3.384E+00 1.303E+06 1.802E+06 2.081E+05 3.313E+06 3.313E+06 7.879E+05 36.7314 1.00000
  2.000E+11 2.000E+11 3.407E+00 1.533E+06 2.120E+06 2.504E+05 3.904E+06 3.904E+06 7.962E+05 37.0564 1.00000
  2.500E+11 2.500E+11 3.441E+00 1.916E+06 2.650E+06 3.228E+05 4.889E+06 4.889E+06 8.076E+05 37.5027 1.00000
  3.000E+11 3.000E+11 3.468E+00 2.300E+06 3.180E+06 3.973E+05 5.877E+06 5.877E+06 8.169E+05 37.8673 1.00000
  3.500E+11 3.500E+11 3.491E+00 2.683E+06 3.710E+06 4.736E+05 6.867E+06 6.867E+06 8.248E+05 38.1756 1.00000
  4.000E+11 4.000E+11 3.511E+00 3.066E+06 4.240E+06 5.515E+05 7.858E+06 7.858E+06 8.316E+05 38.4427 1.00000
  4.500E+11 4.500E+11 3.529E+00 3.450E+06 4.770E+06 6.308E+05 8.851E+06 8.851E+06 8.376E+05 38.6783 1.00000
  5.000E+11 5.000E+11 3.546E+00 3.833E+06 5.300E+06 7.115E+05 9.845E+06 9.845E+06 8.429E+05 38.8890 1.00000
  5.500E+11 5.500E+11 3.560E+00 4.216E+06 5.830E+06 7.933E+05 1.084E+07 1.084E+07 8.478E+05 39.0796 1.00000
  6.000E+11 6.000E+11 3.574E+00 4.599E+06 6.360E+06 8.761E+05 1.184E+07 1.184E+07 8.522E+05 39.2536 1.00000
  7.000E+11 7.000E+11 3.598E+00 5.366E+06 7.420E+06 1.045E+06 1.383E+07 1.383E+07 8.600E+05 39.5619 1.00000
  8.000E+11 8.000E+11 3.619E+00 6.133E+06 8.480E+06 1.217E+06 1.583E+07 1.583E+07 8.668E+05 39.8290 1.00000
  9.000E+11 9.000E+11 3.637E+00 6.899E+06 9.540E+06 1.393E+06 1.783E+07 1.783E+07 8.727E+05 40.0646 1.00000
  1.000E+12 1.000E+12 3.654E+00 7.666E+06 1.060E+07 1.571E+06 1.984E+07 1.984E+07 8.780E+05 40.2753 1.00000
