 Incident particle is a Muon with M = 105.65839 MeV
 Index = 0: Polonium
      Absorber with <Z/A> = 0.40195
 Sternheimer coef:  a     k=m_s   x_0    x_1    I[eV]   Cbar  delta0
                 0.0928  3.1830  0.4267  3.8293  830.0  6.4003 0.14

 *** Table generated with PUMAS v1.00 ***

      T         p     Ionization  brems     pair     photonuc  Radloss    dE/dx   CSDA Range  delta   beta
    [MeV]    [MeV/c]  -----------------------[MeV cm^2/g]------------------------  [g/cm^2]
  1.000E+00 1.457E+01 2.070E+01 5.783E-06 0.000E+00 0.000E+00 5.783E-06 2.070E+01 2.416E-02  0.0004 0.13661
  1.200E+00 1.597E+01 1.829E+01 6.640E-06 0.000E+00 0.000E+00 6.640E-06 1.829E+01 3.445E-02  0.0004 0.14944
  1.400E+00 1.726E+01 1.644E+01 7.452E-06 0.000E+00 0.000E+00 7.452E-06 1.644E+01 4.600E-02  0.0005 0.16119
  1.700E+00 1.903E+01 1.434E+01 8.597E-06 0.000E+00 0.000E+00 8.597E-06 1.434E+01 6.559E-02  0.0006 0.17725
  2.000E+00 2.066E+01 1.277E+01 9.672E-06 0.000E+00 0.000E+00 9.672E-06 1.277E+01 8.779E-02  0.0007 0.19186
  2.500E+00 2.312E+01 1.087E+01 1.134E-05 0.000E+00 0.000E+00 1.134E-05 1.087E+01 1.304E-01  0.0009 0.21376
  3.000E+00 2.536E+01 9.523E+00 1.287E-05 0.000E+00 0.000E+00 1.287E-05 9.523E+00 1.796E-01  0.0011 0.23336
  3.500E+00 2.742E+01 8.508E+00 1.430E-05 0.000E+00 0.000E+00 1.430E-05 8.508E+00 2.352E-01  0.0013 0.25120
  4.000E+00 2.935E+01 7.714E+00 1.565E-05 0.000E+00 0.000E+00 1.565E-05 7.714E+00 2.970E-01  0.0015 0.26763
  4.500E+00 3.116E+01 7.076E+00 1.692E-05 0.000E+00 0.000E+00 1.692E-05 7.076E+00 3.648E-01  0.0017 0.28290
  5.000E+00 3.289E+01 6.550E+00 1.813E-05 0.000E+00 0.000E+00 1.813E-05 6.550E+00 4.383E-01  0.0019 0.29720
  5.500E+00 3.453E+01 6.109E+00 1.929E-05 0.000E+00 0.000E+00 1.929E-05 6.109E+00 5.173E-01  0.0021 0.31066
  6.000E+00 3.611E+01 5.733E+00 2.039E-05 0.000E+00 0.000E+00 2.039E-05 5.733E+00 6.019E-01  0.0023 0.32339
  7.000E+00 3.909E+01 5.126E+00 2.247E-05 0.000E+00 0.000E+00 2.247E-05 5.126E+00 7.866E-01  0.0027 0.34700
  8.000E+00 4.189E+01 4.656E+00 2.442E-05 0.000E+00 0.000E+00 2.442E-05 4.656E+00 9.916E-01  0.0031 0.36854
  9.000E+00 4.453E+01 4.280E+00 2.624E-05 0.000E+00 0.000E+00 2.624E-05 4.280E+00 1.216E+00  0.0035 0.38836
  1.000E+01 4.704E+01 3.973E+00 2.797E-05 0.000E+00 0.000E+00 2.797E-05 3.973E+00 1.458E+00  0.0039 0.40675
  1.200E+01 5.177E+01 3.499E+00 3.119E-05 0.000E+00 0.000E+00 3.119E-05 3.499E+00 1.996E+00  0.0047 0.43998
  1.400E+01 5.616E+01 3.151E+00 3.416E-05 0.000E+00 0.000E+00 3.416E-05 3.151E+00 2.599E+00  0.0055 0.46937
  1.700E+01 6.230E+01 2.771E+00 3.827E-05 0.000E+00 0.000E+00 3.827E-05 2.771E+00 3.617E+00  0.0068 0.50792
  2.000E+01 6.802E+01 2.499E+00 4.208E-05 0.000E+00 0.000E+00 4.208E-05 2.499E+00 4.758E+00  0.0081 0.54129
  2.500E+01 7.686E+01 2.184E+00 4.797E-05 0.000E+00 0.000E+00 4.797E-05 2.184E+00 6.903E+00  0.0104 0.58827
  3.000E+01 8.509E+01 1.969E+00 5.349E-05 0.000E+00 0.000E+00 5.349E-05 1.970E+00 9.318E+00  0.0127 0.62720
  3.500E+01 9.285E+01 1.815E+00 5.877E-05 0.000E+00 0.000E+00 5.877E-05 1.815E+00 1.196E+01  0.0152 0.66011
  4.000E+01 1.003E+02 1.699E+00 6.391E-05 0.000E+00 0.000E+00 6.391E-05 1.699E+00 1.481E+01  0.0177 0.68834
  4.500E+01 1.074E+02 1.609E+00 6.897E-05 0.000E+00 0.000E+00 6.897E-05 1.609E+00 1.784E+01  0.0203 0.71286
  5.000E+01 1.143E+02 1.537E+00 7.397E-05 0.000E+00 0.000E+00 7.397E-05 1.537E+00 2.102E+01  0.0230 0.73434
  5.500E+01 1.210E+02 1.479E+00 7.896E-05 0.000E+00 0.000E+00 7.896E-05 1.479E+00 2.433E+01  0.0257 0.75332
  6.000E+01 1.276E+02 1.431E+00 8.395E-05 0.000E+00 0.000E+00 8.395E-05 1.431E+00 2.777E+01  0.0286 0.77019
  7.000E+01 1.403E+02 1.358E+00 9.399E-05 0.000E+00 0.000E+00 9.399E-05 1.358E+00 3.495E+01  0.0346 0.79887
  8.000E+01 1.527E+02 1.305E+00 1.042E-04 0.000E+00 0.000E+00 1.042E-04 1.305E+00 4.246E+01  0.0410 0.82227
  9.000E+01 1.647E+02 1.266E+00 1.145E-04 0.000E+00 0.000E+00 1.145E-04 1.266E+00 5.024E+01  0.0477 0.84166
  1.000E+02 1.764E+02 1.236E+00 1.251E-04 0.000E+00 0.000E+00 1.251E-04 1.236E+00 5.824E+01  0.0547 0.85794
  1.200E+02 1.994E+02 1.195E+00 1.468E-04 0.000E+00 0.000E+00 1.468E-04 1.196E+00 7.469E+01  0.0699 0.88361
  1.400E+02 2.218E+02 1.171E+00 1.695E-04 0.000E+00 0.000E+00 1.695E-04 1.171E+00 9.160E+01  0.0864 0.90278
  1.700E+02 2.546E+02 1.151E+00 2.052E-04 0.000E+00 0.000E+00 2.052E-04 1.151E+00 1.174E+02  0.1139 0.92363
  2.000E+02 2.868E+02 1.143E+00 2.429E-04 0.000E+00 0.000E+00 2.429E-04 1.143E+00 1.436E+02  0.1411 0.93835
  2.500E+02 3.396E+02 1.143E+00 3.099E-04 0.000E+00 0.000E+00 3.099E-04 1.143E+00 1.873E+02  0.1738 0.95485
  3.000E+02 3.917E+02 1.150E+00 3.817E-04 0.000E+00 0.000E+00 3.817E-04 1.150E+00 2.309E+02  0.2126 0.96548
  3.500E+02 4.432E+02 1.161E+00 4.580E-04 0.000E+00 0.000E+00 4.580E-04 1.161E+00 2.742E+02  0.2543 0.97274
  4.000E+02 4.945E+02 1.172E+00 5.382E-04 0.000E+00 0.000E+00 5.382E-04 1.173E+00 3.170E+02  0.2974 0.97793
  4.500E+02 5.455E+02 1.185E+00 6.222E-04 0.000E+00 0.000E+00 6.222E-04 1.185E+00 3.595E+02  0.3409 0.98176
  5.000E+02 5.964E+02 1.197E+00 7.097E-04 7.285E-05 0.000E+00 7.826E-04 1.197E+00 4.014E+02  0.3843 0.98467
  5.500E+02 6.471E+02 1.208E+00 8.005E-04 1.134E-04 0.000E+00 9.139E-04 1.209E+00 4.430E+02  0.4272 0.98693
  6.000E+02 6.977E+02 1.220E+00 8.943E-04 1.522E-04 0.000E+00 1.046E-03 1.221E+00 4.841E+02  0.4695 0.98873
  7.000E+02 7.987E+02 1.241E+00 1.090E-03 2.419E-04 0.000E+00 1.332E-03 1.243E+00 5.653E+02  0.5518 0.99136
  8.000E+02 8.995E+02 1.261E+00 1.297E-03 3.494E-04 0.000E+00 1.646E-03 1.262E+00 6.452E+02  0.6307 0.99317
  9.000E+02 1.000E+03 1.279E+00 1.513E-03 4.736E-04 0.000E+00 1.986E-03 1.281E+00 7.238E+02  0.7062 0.99447
  1.000E+03 1.101E+03 1.295E+00 1.737E-03 6.135E-04 0.000E+00 2.351E-03 1.297E+00 8.014E+02  0.7785 0.99542
  1.200E+03 1.301E+03 1.324E+00 2.209E-03 9.368E-04 2.245E-05 3.169E-03 1.327E+00 9.538E+02  0.9141 0.99672
  1.400E+03 1.502E+03 1.349E+00 2.709E-03 1.313E-03 6.083E-05 4.083E-03 1.353E+00 1.103E+03  1.0390 0.99753
  1.700E+03 1.803E+03 1.381E+00 3.503E-03 1.966E-03 1.287E-04 5.597E-03 1.386E+00 1.322E+03  1.2095 0.99829
  2.000E+03 2.103E+03 1.407E+00 4.343E-03 2.712E-03 2.075E-04 7.262E-03 1.414E+00 1.536E+03  1.3634 0.99874
  2.500E+03 2.604E+03 1.443E+00 5.831E-03 4.135E-03 3.576E-04 1.032E-02 1.454E+00 1.885E+03  1.5908 0.99918
  3.000E+03 3.104E+03 1.472E+00 7.411E-03 5.750E-03 5.127E-04 1.367E-02 1.486E+00 2.225E+03  1.7899 0.99942
  3.500E+03 3.604E+03 1.497E+00 9.069E-03 7.530E-03 6.751E-04 1.727E-02 1.514E+00 2.559E+03  1.9674 0.99957
  4.000E+03 4.104E+03 1.517E+00 1.079E-02 9.463E-03 8.472E-04 2.110E-02 1.538E+00 2.886E+03  2.1277 0.99967
  4.500E+03 4.604E+03 1.535E+00 1.258E-02 1.153E-02 1.025E-03 2.513E-02 1.560E+00 3.209E+03  2.2740 0.99974
  5.000E+03 5.105E+03 1.551E+00 1.442E-02 1.371E-02 1.194E-03 2.932E-02 1.580E+00 3.527E+03  2.4086 0.99979
  5.500E+03 5.605E+03 1.565E+00 1.630E-02 1.600E-02 1.377E-03 3.368E-02 1.599E+00 3.842E+03  2.5333 0.99982
  6.000E+03 6.105E+03 1.578E+00 1.823E-02 1.838E-02 1.545E-03 3.816E-02 1.616E+00 4.153E+03  2.6497 0.99985
  7.000E+03 7.105E+03 1.600E+00 2.221E-02 2.340E-02 1.902E-03 4.751E-02 1.648E+00 4.766E+03  2.8614 0.99989
  8.000E+03 8.105E+03 1.619E+00 2.633E-02 2.872E-02 2.254E-03 5.730E-02 1.676E+00 5.368E+03  3.0503 0.99992
  9.000E+03 9.105E+03 1.635E+00 3.057E-02 3.430E-02 2.583E-03 6.745E-02 1.703E+00 5.960E+03  3.2210 0.99993
  1.000E+04 1.011E+04 1.649E+00 3.491E-02 4.011E-02 2.921E-03 7.794E-02 1.727E+00 6.543E+03  3.3769 0.99995
  1.200E+04 1.211E+04 1.673E+00 4.389E-02 5.233E-02 3.604E-03 9.983E-02 1.773E+00 7.686E+03  3.6536 0.99996
  1.400E+04 1.411E+04 1.693E+00 5.318E-02 6.524E-02 4.284E-03 1.227E-01 1.816E+00 8.800E+03  3.8939 0.99997
  1.700E+04 1.711E+04 1.717E+00 6.763E-02 8.565E-02 5.287E-03 1.586E-01 1.875E+00 1.043E+04  4.2046 0.99998
  2.000E+04 2.011E+04 1.736E+00 8.258E-02 1.071E-01 6.265E-03 1.959E-01 1.932E+00 1.200E+04  4.4711 0.99999
  2.500E+04 2.511E+04 1.762E+00 1.084E-01 1.447E-01 7.862E-03 2.609E-01 2.023E+00 1.453E+04  4.8461 0.99999
  3.000E+04 3.011E+04 1.782E+00 1.351E-01 1.840E-01 9.422E-03 3.286E-01 2.111E+00 1.695E+04  5.1597 0.99999
  3.500E+04 3.511E+04 1.799E+00 1.626E-01 2.249E-01 1.099E-02 3.985E-01 2.197E+00 1.927E+04  5.4295 1.00000
  4.000E+04 4.011E+04 1.813E+00 1.908E-01 2.669E-01 1.254E-02 4.702E-01 2.283E+00 2.151E+04  5.6666 1.00000
  4.500E+04 4.511E+04 1.825E+00 2.194E-01 3.098E-01 1.406E-02 5.433E-01 2.368E+00 2.366E+04  5.8781 1.00000
  5.000E+04 5.011E+04 1.835E+00 2.486E-01 3.537E-01 1.558E-02 6.178E-01 2.453E+00 2.573E+04  6.0692 1.00000
  5.500E+04 5.511E+04 1.844E+00 2.782E-01 3.982E-01 1.711E-02 6.935E-01 2.538E+00 2.774E+04  6.2434 1.00000
  6.000E+04 6.011E+04 1.853E+00 3.081E-01 4.434E-01 1.862E-02 7.701E-01 2.623E+00 2.968E+04  6.4036 1.00000
  7.000E+04 7.011E+04 1.868E+00 3.690E-01 5.355E-01 2.161E-02 9.261E-01 2.794E+00 3.337E+04  6.6898 1.00000
  8.000E+04 8.011E+04 1.880E+00 4.310E-01 6.294E-01 2.460E-02 1.085E+00 2.965E+00 3.685E+04  6.9402 1.00000
  9.000E+04 9.011E+04 1.891E+00 4.939E-01 7.247E-01 2.758E-02 1.246E+00 3.137E+00 4.013E+04  7.1627 1.00000
  1.000E+05 1.001E+05 1.900E+00 5.577E-01 8.214E-01 3.050E-02 1.410E+00 3.310E+00 4.323E+04  7.3631 1.00000
  1.200E+05 1.201E+05 1.916E+00 6.875E-01 1.018E+00 3.645E-02 1.742E+00 3.658E+00 4.899E+04  7.7125 1.00000
  1.400E+05 1.401E+05 1.930E+00 8.195E-01 1.218E+00 4.238E-02 2.079E+00 4.009E+00 5.422E+04  8.0103 1.00000
  1.700E+05 1.701E+05 1.947E+00 1.021E+00 1.522E+00 5.127E-02 2.594E+00 4.541E+00 6.126E+04  8.3882 1.00000
  2.000E+05 2.001E+05 1.960E+00 1.226E+00 1.831E+00 6.019E-02 3.117E+00 5.078E+00 6.752E+04  8.7065 1.00000
  2.500E+05 2.501E+05 1.979E+00 1.574E+00 2.353E+00 7.508E-02 4.001E+00 5.981E+00 7.662E+04  9.1461 1.00000
  3.000E+05 3.001E+05 1.994E+00 1.927E+00 2.881E+00 9.006E-02 4.898E+00 6.892E+00 8.443E+04  9.5072 1.00000
  3.500E+05 3.501E+05 2.007E+00 2.285E+00 3.414E+00 1.052E-01 5.804E+00 7.811E+00 9.126E+04  9.8135 1.00000
  4.000E+05 4.001E+05 2.018E+00 2.646E+00 3.951E+00 1.204E-01 6.718E+00 8.736E+00 9.732E+04 10.0794 1.00000
  4.500E+05 4.501E+05 2.028E+00 3.010E+00 4.491E+00 1.357E-01 7.637E+00 9.665E+00 1.028E+05 10.3143 1.00000
  5.000E+05 5.001E+05 2.037E+00 3.377E+00 5.034E+00 1.511E-01 8.562E+00 1.060E+01 1.077E+05 10.5247 1.00000
  5.500E+05 5.501E+05 2.045E+00 3.745E+00 5.579E+00 1.663E-01 9.490E+00 1.154E+01 1.122E+05 10.7151 1.00000
  6.000E+05 6.001E+05 2.052E+00 4.116E+00 6.125E+00 1.817E-01 1.042E+01 1.247E+01 1.164E+05 10.8890 1.00000
  7.000E+05 7.001E+05 2.065E+00 4.862E+00 7.222E+00 2.126E-01 1.230E+01 1.436E+01 1.239E+05 11.1973 1.00000
  8.000E+05 8.001E+05 2.076E+00 5.613E+00 8.324E+00 2.439E-01 1.418E+01 1.626E+01 1.305E+05 11.4643 1.00000
  9.000E+05 9.001E+05 2.086E+00 6.369E+00 9.430E+00 2.754E-01 1.607E+01 1.816E+01 1.363E+05 11.6998 1.00000
  1.000E+06 1.000E+06 2.095E+00 7.128E+00 1.054E+01 3.073E-01 1.797E+01 2.007E+01 1.415E+05 11.9105 1.00000
  1.200E+06 1.200E+06 2.110E+00 8.655E+00 1.276E+01 3.717E-01 2.179E+01 2.390E+01 1.507E+05 12.2751 1.00000
  1.400E+06 1.400E+06 2.123E+00 1.019E+01 1.500E+01 4.370E-01 2.562E+01 2.775E+01 1.585E+05 12.5834 1.00000
  1.700E+06 1.700E+06 2.140E+00 1.251E+01 1.835E+01 5.364E-01 3.140E+01 3.354E+01 1.684E+05 12.9717 1.00000
  2.000E+06 2.000E+06 2.154E+00 1.484E+01 2.172E+01 6.374E-01 3.720E+01 3.935E+01 1.766E+05 13.2967 1.00000
  2.500E+06 2.500E+06 2.173E+00 1.874E+01 2.735E+01 8.088E-01 4.690E+01 4.907E+01 1.881E+05 13.7430 1.00000
  3.000E+06 3.000E+06 2.189E+00 2.266E+01 3.299E+01 9.834E-01 5.664E+01 5.883E+01 1.974E+05 14.1076 1.00000
  3.500E+06 3.500E+06 2.202E+00 2.660E+01 3.864E+01 1.161E+00 6.640E+01 6.860E+01 2.053E+05 14.4159 1.00000
  4.000E+06 4.000E+06 2.214E+00 3.054E+01 4.429E+01 1.341E+00 7.618E+01 7.839E+01 2.122E+05 14.6829 1.00000
  4.500E+06 4.500E+06 2.225E+00 3.449E+01 4.996E+01 1.523E+00 8.597E+01 8.820E+01 2.182E+05 14.9185 1.00000
  5.000E+06 5.000E+06 2.234E+00 3.845E+01 5.562E+01 1.707E+00 9.578E+01 9.801E+01 2.236E+05 15.1292 1.00000
  5.500E+06 5.500E+06 2.243E+00 4.241E+01 6.129E+01 1.893E+00 1.056E+02 1.078E+02 2.284E+05 15.3198 1.00000
  6.000E+06 6.000E+06 2.250E+00 4.638E+01 6.696E+01 2.081E+00 1.154E+02 1.177E+02 2.329E+05 15.4939 1.00000
  7.000E+06 7.000E+06 2.264E+00 5.433E+01 7.831E+01 2.461E+00 1.351E+02 1.374E+02 2.408E+05 15.8021 1.00000
  8.000E+06 8.000E+06 2.277E+00 6.229E+01 8.967E+01 2.847E+00 1.548E+02 1.571E+02 2.476E+05 16.0692 1.00000
  9.000E+06 9.000E+06 2.287E+00 7.026E+01 1.010E+02 3.238E+00 1.745E+02 1.768E+02 2.536E+05 16.3048 1.00000
  1.000E+07 1.000E+07 2.297E+00 7.824E+01 1.124E+02 3.634E+00 1.943E+02 1.966E+02 2.590E+05 16.5155 1.00000
  1.200E+07 1.200E+07 2.314E+00 9.421E+01 1.352E+02 4.437E+00 2.338E+02 2.361E+02 2.683E+05 16.8801 1.00000
  1.400E+07 1.400E+07 2.328E+00 1.102E+02 1.579E+02 5.254E+00 2.734E+02 2.757E+02 2.762E+05 17.1884 1.00000
  1.700E+07 1.700E+07 2.347E+00 1.342E+02 1.921E+02 6.504E+00 3.328E+02 3.351E+02 2.861E+05 17.5767 1.00000
  2.000E+07 2.000E+07 2.362E+00 1.583E+02 2.262E+02 7.777E+00 3.923E+02 3.946E+02 2.944E+05 17.9018 1.00000
  2.500E+07 2.500E+07 2.383E+00 1.983E+02 2.832E+02 9.944E+00 4.915E+02 4.939E+02 3.058E+05 18.3481 1.00000
  3.000E+07 3.000E+07 2.401E+00 2.385E+02 3.402E+02 1.216E+01 5.908E+02 5.932E+02 3.150E+05 18.7127 1.00000
  3.500E+07 3.500E+07 2.416E+00 2.786E+02 3.972E+02 1.442E+01 6.902E+02 6.926E+02 3.229E+05 19.0210 1.00000
  4.000E+07 4.000E+07 2.429E+00 3.188E+02 4.542E+02 1.671E+01 7.896E+02 7.921E+02 3.296E+05 19.2881 1.00000
  4.500E+07 4.500E+07 2.441E+00 3.589E+02 5.112E+02 1.903E+01 8.891E+02 8.916E+02 3.356E+05 19.5236 1.00000
  5.000E+07 5.000E+07 2.451E+00 3.991E+02 5.682E+02 2.138E+01 9.887E+02 9.911E+02 3.409E+05 19.7343 1.00000
  5.500E+07 5.500E+07 2.461E+00 4.393E+02 6.252E+02 2.376E+01 1.088E+03 1.091E+03 3.457E+05 19.9250 1.00000
  6.000E+07 6.000E+07 2.469E+00 4.795E+02 6.822E+02 2.617E+01 1.188E+03 1.190E+03 3.501E+05 20.0990 1.00000
  7.000E+07 7.000E+07 2.485E+00 5.599E+02 7.963E+02 3.104E+01 1.387E+03 1.390E+03 3.579E+05 20.4073 1.00000
  8.000E+07 8.000E+07 2.498E+00 6.403E+02 9.103E+02 3.599E+01 1.587E+03 1.589E+03 3.647E+05 20.6744 1.00000
  9.000E+07 9.000E+07 2.510E+00 7.207E+02 1.024E+03 4.101E+01 1.786E+03 1.789E+03 3.706E+05 20.9099 1.00000
  1.000E+08 1.000E+08 2.521E+00 8.012E+02 1.138E+03 4.610E+01 1.986E+03 1.988E+03 3.759E+05 21.1206 1.00000
  1.200E+08 1.200E+08 2.540E+00 9.621E+02 1.367E+03 5.643E+01 2.385E+03 2.388E+03 3.851E+05 21.4853 1.00000
  1.400E+08 1.400E+08 2.556E+00 1.123E+03 1.595E+03 6.697E+01 2.785E+03 2.787E+03 3.929E+05 21.7936 1.00000
  1.700E+08 1.700E+08 2.576E+00 1.364E+03 1.937E+03 8.310E+01 3.384E+03 3.387E+03 4.027E+05 22.1819 1.00000
  2.000E+08 2.000E+08 2.594E+00 1.606E+03 2.279E+03 9.955E+01 3.985E+03 3.987E+03 4.109E+05 22.5069 1.00000
  2.500E+08 2.500E+08 2.617E+00 2.008E+03 2.850E+03 1.276E+02 4.985E+03 4.988E+03 4.222E+05 22.9532 1.00000
  3.000E+08 3.000E+08 2.637E+00 2.411E+03 3.420E+03 1.563E+02 5.987E+03 5.990E+03 4.314E+05 23.3179 1.00000
  3.500E+08 3.500E+08 2.654E+00 2.813E+03 3.990E+03 1.856E+02 6.989E+03 6.992E+03 4.391E+05 23.6262 1.00000
  4.000E+08 4.000E+08 2.668E+00 3.216E+03 4.561E+03 2.153E+02 7.992E+03 7.994E+03 4.458E+05 23.8932 1.00000
  4.500E+08 4.500E+08 2.681E+00 3.618E+03 5.131E+03 2.455E+02 8.995E+03 8.997E+03 4.517E+05 24.1288 1.00000
  5.000E+08 5.000E+08 2.693E+00 4.021E+03 5.701E+03 2.761E+02 9.998E+03 1.000E+04 4.570E+05 24.3395 1.00000
  5.500E+08 5.500E+08 2.704E+00 4.423E+03 6.272E+03 3.070E+02 1.100E+04 1.100E+04 4.618E+05 24.5301 1.00000
  6.000E+08 6.000E+08 2.713E+00 4.826E+03 6.842E+03 3.383E+02 1.201E+04 1.201E+04 4.661E+05 24.7042 1.00000
  7.000E+08 7.000E+08 2.731E+00 5.631E+03 7.983E+03 4.018E+02 1.402E+04 1.402E+04 4.739E+05 25.0125 1.00000
  8.000E+08 8.000E+08 2.746E+00 6.436E+03 9.123E+03 4.663E+02 1.603E+04 1.603E+04 4.806E+05 25.2795 1.00000
  9.000E+08 9.000E+08 2.759E+00 7.241E+03 1.026E+04 5.319E+02 1.804E+04 1.804E+04 4.864E+05 25.5151 1.00000
  1.000E+09 1.000E+09 2.771E+00 8.046E+03 1.140E+04 5.982E+02 2.005E+04 2.005E+04 4.917E+05 25.7258 1.00000
