 Incident particle is a Muon with M = 105.65839 MeV
 Index = 0: Polyvinyltoluene
      Absorber with <Z/A> = 0.54142
 Density effect computed following Fano (1963)
 Models for Radloss: brems =  SSR, pair =  SSR, photonuc = DRSS

 *** Table generated with PUMAS v1.1 ***

      T         p     Ionization  brems     pair     photonuc  Radloss    dE/dx   CSDA Range  delta   beta
    [MeV]    [MeV/c]  -----------------------[MeV cm^2/g]------------------------  [g/cm^2]
  1.000E+00 1.457E+01 5.061E+01 0.000E+00 0.000E+00 0.000E+00 0.000E+00 5.061E+01 9.879E-03  0.0000 0.13661
  1.200E+00 1.597E+01 4.363E+01 0.000E+00 0.000E+00 0.000E+00 0.000E+00 4.363E+01 1.415E-02  0.0000 0.14944
  1.400E+00 1.726E+01 3.847E+01 0.000E+00 0.000E+00 0.000E+00 0.000E+00 3.847E+01 1.904E-02  0.0000 0.16119
  1.700E+00 1.903E+01 3.282E+01 0.000E+00 0.000E+00 0.000E+00 0.000E+00 3.282E+01 2.751E-02  0.0000 0.17725
  2.000E+00 2.066E+01 2.873E+01 0.000E+00 0.000E+00 0.000E+00 0.000E+00 2.873E+01 3.731E-02  0.0000 0.19186
  2.500E+00 2.312E+01 2.393E+01 0.000E+00 0.000E+00 0.000E+00 0.000E+00 2.393E+01 5.647E-02  0.0000 0.21376
  3.000E+00 2.536E+01 2.062E+01 0.000E+00 0.000E+00 0.000E+00 0.000E+00 2.062E+01 7.905E-02  0.0000 0.23336
  3.500E+00 2.742E+01 1.818E+01 0.000E+00 0.000E+00 0.000E+00 0.000E+00 1.818E+01 1.049E-01  0.0000 0.25120
  4.000E+00 2.935E+01 1.632E+01 0.000E+00 0.000E+00 0.000E+00 0.000E+00 1.632E+01 1.340E-01  0.0000 0.26763
  4.500E+00 3.116E+01 1.483E+01 0.000E+00 0.000E+00 0.000E+00 0.000E+00 1.483E+01 1.662E-01  0.0000 0.28290
  5.000E+00 3.289E+01 1.363E+01 0.000E+00 0.000E+00 0.000E+00 0.000E+00 1.363E+01 2.014E-01  0.0000 0.29720
  5.500E+00 3.453E+01 1.263E+01 0.000E+00 0.000E+00 0.000E+00 0.000E+00 1.263E+01 2.395E-01  0.0000 0.31066
  6.000E+00 3.611E+01 1.178E+01 0.000E+00 0.000E+00 0.000E+00 0.000E+00 1.178E+01 2.806E-01  0.0000 0.32339
  7.000E+00 3.909E+01 1.043E+01 0.000E+00 0.000E+00 0.000E+00 0.000E+00 1.043E+01 3.710E-01  0.0000 0.34700
  8.000E+00 4.189E+01 9.396E+00 0.000E+00 0.000E+00 0.000E+00 0.000E+00 9.396E+00 4.722E-01  0.0000 0.36854
  9.000E+00 4.453E+01 8.580E+00 0.000E+00 0.000E+00 0.000E+00 0.000E+00 8.580E+00 5.837E-01  0.0000 0.38836
  1.000E+01 4.704E+01 7.917E+00 0.000E+00 0.000E+00 0.000E+00 0.000E+00 7.917E+00 7.052E-01  0.0000 0.40675
  1.200E+01 5.177E+01 6.907E+00 0.000E+00 0.000E+00 0.000E+00 0.000E+00 6.907E+00 9.765E-01  0.0000 0.43998
  1.400E+01 5.616E+01 6.172E+00 0.000E+00 0.000E+00 0.000E+00 0.000E+00 6.172E+00 1.283E+00  0.0000 0.46937
  1.700E+01 6.230E+01 5.380E+00 0.000E+00 0.000E+00 0.000E+00 0.000E+00 5.380E+00 1.806E+00  0.0000 0.50792
  2.000E+01 6.802E+01 4.817E+00 0.000E+00 0.000E+00 0.000E+00 0.000E+00 4.817E+00 2.397E+00  0.0000 0.54129
  2.500E+01 7.686E+01 4.170E+00 5.565E-10 0.000E+00 0.000E+00 5.565E-10 4.170E+00 3.517E+00  0.0000 0.58827
  3.000E+01 8.509E+01 3.734E+00 8.156E-08 0.000E+00 0.000E+00 8.156E-08 3.734E+00 4.788E+00  0.0000 0.62720
  3.500E+01 9.285E+01 3.422E+00 9.526E-08 0.000E+00 0.000E+00 9.526E-08 3.422E+00 6.189E+00  0.0000 0.66011
  4.000E+01 1.003E+02 3.187E+00 1.020E-07 0.000E+00 0.000E+00 1.020E-07 3.187E+00 7.706E+00  0.0000 0.68834
  4.500E+01 1.074E+02 3.005E+00 1.090E-07 0.000E+00 0.000E+00 1.090E-07 3.005E+00 9.323E+00  0.0000 0.71286
  5.000E+01 1.143E+02 2.861E+00 1.162E-07 0.000E+00 0.000E+00 1.162E-07 2.861E+00 1.103E+01  0.0001 0.73434
  5.500E+01 1.210E+02 2.743E+00 1.236E-07 0.000E+00 0.000E+00 1.236E-07 2.743E+00 1.282E+01  0.0021 0.75332
  6.000E+01 1.276E+02 2.646E+00 1.312E-07 0.000E+00 0.000E+00 1.312E-07 2.646E+00 1.467E+01  0.0063 0.77019
  7.000E+01 1.403E+02 2.496E+00 1.471E-07 0.000E+00 0.000E+00 1.471E-07 2.496E+00 1.857E+01  0.0203 0.79887
  8.000E+01 1.527E+02 2.385E+00 1.638E-07 0.000E+00 0.000E+00 1.638E-07 2.385E+00 2.267E+01  0.0402 0.82227
  9.000E+01 1.647E+02 2.302E+00 1.815E-07 0.000E+00 0.000E+00 1.815E-07 2.302E+00 2.694E+01  0.0644 0.84166
  1.000E+02 1.764E+02 2.237E+00 1.999E-07 0.000E+00 0.000E+00 1.999E-07 2.237E+00 3.135E+01  0.0918 0.85794
  1.200E+02 1.994E+02 2.145E+00 2.393E-07 0.000E+00 0.000E+00 2.393E-07 2.145E+00 4.049E+01  0.1532 0.88361
  1.400E+02 2.218E+02 2.084E+00 4.702E-06 0.000E+00 0.000E+00 4.702E-06 2.084E+00 4.996E+01  0.2196 0.90278
  1.700E+02 2.546E+02 2.027E+00 1.240E-05 1.166E-09 0.000E+00 1.240E-05 2.027E+00 6.457E+01  0.3229 0.92363
  2.000E+02 2.868E+02 1.994E+00 1.729E-05 8.584E-09 0.000E+00 1.730E-05 1.994E+00 7.951E+01  0.4263 0.93835
  2.500E+02 3.396E+02 1.966E+00 2.393E-05 1.042E-07 0.000E+00 2.404E-05 1.966E+00 1.048E+02  0.5926 0.95485
  3.000E+02 3.917E+02 1.957E+00 3.026E-05 6.400E-07 0.000E+00 3.090E-05 1.957E+00 1.303E+02  0.7482 0.96548
  3.500E+02 4.432E+02 1.956E+00 3.701E-05 1.651E-06 0.000E+00 3.866E-05 1.956E+00 1.558E+02  0.8925 0.97274
  4.000E+02 4.945E+02 1.959E+00 4.425E-05 3.126E-06 0.000E+00 4.737E-05 1.960E+00 1.814E+02  1.0262 0.97793
  4.500E+02 5.455E+02 1.966E+00 5.193E-05 5.057E-06 0.000E+00 5.699E-05 1.966E+00 2.069E+02  1.1503 0.98176
  5.000E+02 5.964E+02 1.974E+00 6.005E-05 7.432E-06 0.000E+00 6.749E-05 1.974E+00 2.323E+02  1.2658 0.98467
  5.500E+02 6.471E+02 1.983E+00 6.857E-05 1.024E-05 1.559E-05 9.440E-05 1.983E+00 2.575E+02  1.3737 0.98693
  6.000E+02 6.977E+02 1.992E+00 7.746E-05 1.346E-05 5.183E-05 1.428E-04 1.992E+00 2.827E+02  1.4750 0.98873
  7.000E+02 7.987E+02 2.010E+00 9.630E-05 2.112E-05 1.240E-04 2.414E-04 2.010E+00 3.327E+02  1.6602 0.99136
  8.000E+02 8.995E+02 2.028E+00 1.164E-04 3.030E-05 1.923E-04 3.390E-04 2.028E+00 3.822E+02  1.8263 0.99317
  9.000E+02 1.000E+03 2.045E+00 1.378E-04 4.091E-05 2.576E-04 4.363E-04 2.045E+00 4.313E+02  1.9770 0.99447
  1.000E+03 1.101E+03 2.061E+00 1.602E-04 5.287E-05 3.211E-04 5.341E-04 2.061E+00 4.800E+02  2.1150 0.99542
  1.200E+03 1.301E+03 2.090E+00 2.079E-04 8.052E-05 4.440E-04 7.324E-04 2.090E+00 5.763E+02  2.3607 0.99672
  1.400E+03 1.502E+03 2.115E+00 2.592E-04 1.127E-04 5.633E-04 9.352E-04 2.116E+00 6.714E+02  2.5754 0.99753
  1.700E+03 1.803E+03 2.148E+00 3.417E-04 1.686E-04 7.378E-04 1.248E-03 2.149E+00 8.121E+02  2.8554 0.99829
  2.000E+03 2.103E+03 2.176E+00 4.302E-04 2.326E-04 9.081E-04 1.571E-03 2.178E+00 9.507E+02  3.0984 0.99874
  2.500E+03 2.604E+03 2.215E+00 5.887E-04 3.548E-04 1.185E-03 2.128E-03 2.217E+00 1.178E+03  3.4463 0.99918
  3.000E+03 3.104E+03 2.245E+00 7.591E-04 4.936E-04 1.454E-03 2.707E-03 2.248E+00 1.402E+03  3.7433 0.99942
  3.500E+03 3.604E+03 2.271E+00 9.390E-04 6.468E-04 1.718E-03 3.304E-03 2.274E+00 1.623E+03  4.0035 0.99957
  4.000E+03 4.104E+03 2.293E+00 1.128E-03 8.277E-04 1.977E-03 3.932E-03 2.297E+00 1.842E+03  4.2353 0.99967
  4.500E+03 4.604E+03 2.312E+00 1.324E-03 1.027E-03 2.231E-03 4.582E-03 2.317E+00 2.059E+03  4.4443 0.99974
  5.000E+03 5.105E+03 2.329E+00 1.527E-03 1.238E-03 2.482E-03 5.247E-03 2.334E+00 2.274E+03  4.6346 0.99979
  5.500E+03 5.605E+03 2.344E+00 1.736E-03 1.459E-03 2.730E-03 5.925E-03 2.349E+00 2.487E+03  4.8092 0.99982
  6.000E+03 6.105E+03 2.357E+00 1.950E-03 1.692E-03 2.974E-03 6.616E-03 2.364E+00 2.699E+03  4.9705 0.99985
  7.000E+03 7.105E+03 2.380E+00 2.395E-03 2.183E-03 3.456E-03 8.034E-03 2.388E+00 3.120E+03  5.2598 0.99989
  8.000E+03 8.105E+03 2.400E+00 2.857E-03 2.707E-03 3.929E-03 9.493E-03 2.410E+00 3.537E+03  5.5137 0.99992
  9.000E+03 9.105E+03 2.417E+00 3.334E-03 3.260E-03 4.394E-03 1.099E-02 2.428E+00 3.950E+03  5.7397 0.99993
  1.000E+04 1.011E+04 2.433E+00 3.825E-03 3.839E-03 4.854E-03 1.252E-02 2.445E+00 4.361E+03  5.9432 0.99995
  1.200E+04 1.211E+04 2.458E+00 4.840E-03 5.063E-03 5.757E-03 1.566E-02 2.474E+00 5.174E+03  6.2979 0.99996
  1.400E+04 1.411E+04 2.480E+00 5.896E-03 6.364E-03 6.643E-03 1.890E-02 2.499E+00 5.978E+03  6.5998 0.99997
  1.700E+04 1.711E+04 2.506E+00 7.545E-03 8.437E-03 7.949E-03 2.393E-02 2.530E+00 7.171E+03  6.9819 0.99998
  2.000E+04 2.011E+04 2.528E+00 9.260E-03 1.063E-02 9.231E-03 2.912E-02 2.557E+00 8.351E+03  7.3030 0.99999
  2.500E+04 2.511E+04 2.557E+00 1.223E-02 1.451E-02 1.133E-02 3.807E-02 2.595E+00 1.029E+04  7.7451 0.99999
  3.000E+04 3.011E+04 2.580E+00 1.532E-02 1.860E-02 1.340E-02 4.733E-02 2.627E+00 1.221E+04  8.1073 0.99999
  3.500E+04 3.511E+04 2.599E+00 1.851E-02 2.288E-02 1.545E-02 5.684E-02 2.656E+00 1.410E+04  8.4139 1.00000
  4.000E+04 4.011E+04 2.615E+00 2.178E-02 2.731E-02 1.748E-02 6.657E-02 2.682E+00 1.597E+04  8.6798 1.00000
  4.500E+04 4.511E+04 2.629E+00 2.512E-02 3.187E-02 1.949E-02 7.649E-02 2.706E+00 1.783E+04  8.9145 1.00000
  5.000E+04 5.011E+04 2.642E+00 2.852E-02 3.655E-02 2.150E-02 8.657E-02 2.729E+00 1.967E+04  9.1245 1.00000
  5.500E+04 5.511E+04 2.653E+00 3.198E-02 4.132E-02 2.349E-02 9.680E-02 2.750E+00 2.149E+04  9.3146 1.00000
  6.000E+04 6.011E+04 2.664E+00 3.549E-02 4.618E-02 2.548E-02 1.072E-01 2.771E+00 2.331E+04  9.4882 1.00000
  7.000E+04 7.011E+04 2.682E+00 4.264E-02 5.613E-02 2.946E-02 1.282E-01 2.810E+00 2.689E+04  9.7958 1.00000
  8.000E+04 8.011E+04 2.697E+00 4.995E-02 6.635E-02 3.342E-02 1.497E-01 2.847E+00 3.042E+04 10.0624 1.00000
  9.000E+04 9.011E+04 2.710E+00 5.739E-02 7.678E-02 3.737E-02 1.715E-01 2.882E+00 3.392E+04 10.2976 1.00000
  1.000E+05 1.001E+05 2.722E+00 6.495E-02 8.741E-02 4.132E-02 1.937E-01 2.916E+00 3.737E+04 10.5080 1.00000
  1.200E+05 1.201E+05 2.743E+00 8.038E-02 1.091E-01 4.924E-02 2.387E-01 2.982E+00 4.415E+04 10.8723 1.00000
  1.400E+05 1.401E+05 2.760E+00 9.613E-02 1.314E-01 5.716E-02 2.847E-01 3.045E+00 5.078E+04 11.1803 1.00000
  1.700E+05 1.701E+05 2.782E+00 1.203E-01 1.655E-01 6.909E-02 3.549E-01 3.137E+00 6.049E+04 11.5683 1.00000
  2.000E+05 2.001E+05 2.800E+00 1.449E-01 2.004E-01 8.108E-02 4.264E-01 3.226E+00 6.992E+04 11.8931 1.00000
  2.500E+05 2.501E+05 2.825E+00 1.869E-01 2.597E-01 1.012E-01 5.478E-01 3.373E+00 8.507E+04 12.3392 1.00000
  3.000E+05 3.001E+05 2.845E+00 2.298E-01 3.201E-01 1.215E-01 6.714E-01 3.516E+00 9.959E+04 12.7037 1.00000
  3.500E+05 3.501E+05 2.862E+00 2.733E-01 3.815E-01 1.420E-01 7.968E-01 3.659E+00 1.135E+05 13.0119 1.00000
  4.000E+05 4.001E+05 2.877E+00 3.175E-01 4.436E-01 1.626E-01 9.237E-01 3.801E+00 1.269E+05 13.2788 1.00000
  4.500E+05 4.501E+05 2.890E+00 3.621E-01 5.062E-01 1.835E-01 1.052E+00 3.942E+00 1.399E+05 13.5143 1.00000
  5.000E+05 5.001E+05 2.902E+00 4.072E-01 5.693E-01 2.044E-01 1.181E+00 4.083E+00 1.523E+05 13.7250 1.00000
  5.500E+05 5.501E+05 2.912E+00 4.526E-01 6.328E-01 2.255E-01 1.311E+00 4.223E+00 1.644E+05 13.9156 1.00000
  6.000E+05 6.001E+05 2.922E+00 4.983E-01 6.967E-01 2.468E-01 1.442E+00 4.364E+00 1.760E+05 14.0896 1.00000
  7.000E+05 7.001E+05 2.939E+00 5.906E-01 8.253E-01 2.897E-01 1.706E+00 4.645E+00 1.982E+05 14.3978 1.00000
  8.000E+05 8.001E+05 2.954E+00 6.839E-01 9.549E-01 3.330E-01 1.972E+00 4.926E+00 2.191E+05 14.6649 1.00000
  9.000E+05 9.001E+05 2.968E+00 7.779E-01 1.085E+00 3.768E-01 2.240E+00 5.208E+00 2.389E+05 14.9004 1.00000
  1.000E+06 1.000E+06 2.980E+00 8.726E-01 1.216E+00 4.210E-01 2.510E+00 5.489E+00 2.576E+05 15.1111 1.00000
  1.200E+06 1.200E+06 3.000E+00 1.064E+00 1.480E+00 5.105E-01 3.054E+00 6.054E+00 2.922E+05 15.4757 1.00000
  1.400E+06 1.400E+06 3.018E+00 1.257E+00 1.745E+00 6.014E-01 3.603E+00 6.621E+00 3.238E+05 15.7840 1.00000
  1.700E+06 1.700E+06 3.040E+00 1.548E+00 2.145E+00 7.398E-01 4.433E+00 7.473E+00 3.664E+05 16.1723 1.00000
  2.000E+06 2.000E+06 3.059E+00 1.843E+00 2.547E+00 8.806E-01 5.270E+00 8.329E+00 4.044E+05 16.4973 1.00000
  2.500E+06 2.500E+06 3.085E+00 2.337E+00 3.220E+00 1.120E+00 6.677E+00 9.763E+00 4.599E+05 16.9435 1.00000
  3.000E+06 3.000E+06 3.107E+00 2.836E+00 3.897E+00 1.363E+00 8.096E+00 1.120E+01 5.076E+05 17.3082 1.00000
  3.500E+06 3.500E+06 3.125E+00 3.337E+00 4.575E+00 1.611E+00 9.524E+00 1.265E+01 5.496E+05 17.6165 1.00000
  4.000E+06 4.000E+06 3.141E+00 3.841E+00 5.255E+00 1.863E+00 1.096E+01 1.410E+01 5.870E+05 17.8835 1.00000
  4.500E+06 4.500E+06 3.155E+00 4.347E+00 5.936E+00 2.118E+00 1.240E+01 1.556E+01 6.208E+05 18.1191 1.00000
  5.000E+06 5.000E+06 3.167E+00 4.854E+00 6.619E+00 2.375E+00 1.385E+01 1.702E+01 6.515E+05 18.3298 1.00000
  5.500E+06 5.500E+06 3.179E+00 5.363E+00 7.302E+00 2.636E+00 1.530E+01 1.848E+01 6.797E+05 18.5204 1.00000
  6.000E+06 6.000E+06 3.190E+00 5.872E+00 7.986E+00 2.899E+00 1.676E+01 1.995E+01 7.057E+05 18.6944 1.00000
  7.000E+06 7.000E+06 3.208E+00 6.894E+00 9.355E+00 3.431E+00 1.968E+01 2.289E+01 7.525E+05 19.0027 1.00000
  8.000E+06 8.000E+06 3.225E+00 7.920E+00 1.073E+01 3.972E+00 2.262E+01 2.584E+01 7.936E+05 19.2698 1.00000
  9.000E+06 9.000E+06 3.239E+00 8.947E+00 1.210E+01 4.520E+00 2.557E+01 2.881E+01 8.302E+05 19.5053 1.00000
  1.000E+07 1.000E+07 3.252E+00 9.977E+00 1.347E+01 5.075E+00 2.853E+01 3.178E+01 8.633E+05 19.7161 1.00000
  1.200E+07 1.200E+07 3.275E+00 1.204E+01 1.622E+01 6.203E+00 3.447E+01 3.774E+01 9.210E+05 20.0807 1.00000
  1.400E+07 1.400E+07 3.294E+00 1.411E+01 1.898E+01 7.351E+00 4.044E+01 4.373E+01 9.701E+05 20.3890 1.00000
  1.700E+07 1.700E+07 3.319E+00 1.722E+01 2.311E+01 9.107E+00 4.944E+01 5.276E+01 1.033E+06 20.7773 1.00000
  2.000E+07 2.000E+07 3.340E+00 2.034E+01 2.725E+01 1.090E+01 5.849E+01 6.183E+01 1.085E+06 21.1023 1.00000
  2.500E+07 2.500E+07 3.369E+00 2.554E+01 3.415E+01 1.395E+01 7.364E+01 7.701E+01 1.157E+06 21.5486 1.00000
  3.000E+07 3.000E+07 3.392E+00 3.076E+01 4.106E+01 1.707E+01 8.888E+01 9.228E+01 1.217E+06 21.9133 1.00000
  3.500E+07 3.500E+07 3.413E+00 3.598E+01 4.797E+01 2.025E+01 1.042E+02 1.076E+02 1.267E+06 22.2216 1.00000
  4.000E+07 4.000E+07 3.430E+00 4.120E+01 5.488E+01 2.349E+01 1.196E+02 1.230E+02 1.310E+06 22.4886 1.00000
  4.500E+07 4.500E+07 3.446E+00 4.643E+01 6.179E+01 2.677E+01 1.350E+02 1.384E+02 1.348E+06 22.7242 1.00000
  5.000E+07 5.000E+07 3.460E+00 5.166E+01 6.871E+01 3.009E+01 1.505E+02 1.539E+02 1.383E+06 22.9349 1.00000
  5.500E+07 5.500E+07 3.473E+00 5.689E+01 7.562E+01 3.345E+01 1.660E+02 1.694E+02 1.414E+06 23.1255 1.00000
  6.000E+07 6.000E+07 3.484E+00 6.213E+01 8.254E+01 3.685E+01 1.815E+02 1.850E+02 1.442E+06 23.2996 1.00000
  7.000E+07 7.000E+07 3.505E+00 7.261E+01 9.638E+01 4.374E+01 2.127E+02 2.162E+02 1.492E+06 23.6079 1.00000
  8.000E+07 8.000E+07 3.524E+00 8.309E+01 1.102E+02 5.074E+01 2.441E+02 2.476E+02 1.535E+06 23.8749 1.00000
  9.000E+07 9.000E+07 3.540E+00 9.358E+01 1.241E+02 5.785E+01 2.755E+02 2.790E+02 1.573E+06 24.1105 1.00000
  1.000E+08 1.000E+08 3.554E+00 1.041E+02 1.379E+02 6.505E+01 3.070E+02 3.106E+02 1.607E+06 24.3212 1.00000
  1.200E+08 1.200E+08 3.580E+00 1.251E+02 1.656E+02 7.971E+01 3.704E+02 3.739E+02 1.666E+06 24.6859 1.00000
  1.400E+08 1.400E+08 3.601E+00 1.460E+02 1.933E+02 9.466E+01 4.340E+02 4.376E+02 1.715E+06 24.9942 1.00000
  1.700E+08 1.700E+08 3.629E+00 1.776E+02 2.348E+02 1.175E+02 5.299E+02 5.336E+02 1.777E+06 25.3825 1.00000
  2.000E+08 2.000E+08 3.652E+00 2.091E+02 2.764E+02 1.409E+02 6.264E+02 6.300E+02 1.829E+06 25.7075 1.00000
  2.500E+08 2.500E+08 3.684E+00 2.616E+02 3.457E+02 1.808E+02 7.881E+02 7.918E+02 1.899E+06 26.1538 1.00000
  3.000E+08 3.000E+08 3.710E+00 3.141E+02 4.149E+02 2.217E+02 9.507E+02 9.545E+02 1.957E+06 26.5184 1.00000
  3.500E+08 3.500E+08 3.733E+00 3.667E+02 4.842E+02 2.633E+02 1.114E+03 1.118E+03 2.005E+06 26.8267 1.00000
  4.000E+08 4.000E+08 3.753E+00 4.193E+02 5.535E+02 3.058E+02 1.279E+03 1.282E+03 2.047E+06 27.0938 1.00000
  4.500E+08 4.500E+08 3.770E+00 4.718E+02 6.228E+02 3.488E+02 1.443E+03 1.447E+03 2.084E+06 27.3294 1.00000
  5.000E+08 5.000E+08 3.786E+00 5.244E+02 6.921E+02 3.925E+02 1.609E+03 1.613E+03 2.116E+06 27.5401 1.00000
  5.500E+08 5.500E+08 3.800E+00 5.770E+02 7.613E+02 4.367E+02 1.775E+03 1.779E+03 2.146E+06 27.7307 1.00000
  6.000E+08 6.000E+08 3.813E+00 6.295E+02 8.306E+02 4.814E+02 1.942E+03 1.945E+03 2.173E+06 27.9047 1.00000
  7.000E+08 7.000E+08 3.836E+00 7.347E+02 9.692E+02 5.721E+02 2.276E+03 2.280E+03 2.220E+06 28.2130 1.00000
  8.000E+08 8.000E+08 3.857E+00 8.399E+02 1.108E+03 6.644E+02 2.612E+03 2.616E+03 2.261E+06 28.4801 1.00000
  9.000E+08 9.000E+08 3.875E+00 9.450E+02 1.246E+03 7.582E+02 2.950E+03 2.953E+03 2.297E+06 28.7155 1.00000
  1.000E+09 1.000E+09 3.891E+00 1.050E+03 1.385E+03 8.532E+02 3.288E+03 3.292E+03 2.329E+06 28.9263 1.00000
  1.200E+09 1.200E+09 3.919E+00 1.261E+03 1.662E+03 1.047E+03 3.969E+03 3.973E+03 2.384E+06 29.2909 1.00000
  1.400E+09 1.400E+09 3.944E+00 1.471E+03 1.939E+03 1.245E+03 4.655E+03 4.659E+03 2.431E+06 29.5988 1.00000
  1.700E+09 1.700E+09 3.974E+00 1.786E+03 2.355E+03 1.548E+03 5.689E+03 5.693E+03 2.489E+06 29.9871 1.00000
  2.000E+09 2.000E+09 4.000E+00 2.102E+03 2.771E+03 1.858E+03 6.730E+03 6.734E+03 2.537E+06 30.3106 1.00000
  2.500E+09 2.500E+09 4.036E+00 2.628E+03 3.464E+03 2.387E+03 8.479E+03 8.483E+03 2.603E+06 30.7569 1.00000
  3.000E+09 3.000E+09 4.066E+00 3.154E+03 4.157E+03 2.930E+03 1.024E+04 1.024E+04 2.657E+06 31.1151 1.00000
  3.500E+09 3.500E+09 4.092E+00 3.680E+03 4.850E+03 3.485E+03 1.201E+04 1.202E+04 2.702E+06 31.4234 1.00000
  4.000E+09 4.000E+09 4.114E+00 4.206E+03 5.543E+03 4.050E+03 1.380E+04 1.380E+04 2.741E+06 31.6904 1.00000
  4.500E+09 4.500E+09 4.135E+00 4.731E+03 6.236E+03 4.624E+03 1.559E+04 1.559E+04 2.775E+06 31.8969 1.00000
  5.000E+09 5.000E+09 4.153E+00 5.257E+03 6.929E+03 5.206E+03 1.739E+04 1.740E+04 2.805E+06 32.1076 1.00000
  5.500E+09 5.500E+09 4.169E+00 5.783E+03 7.622E+03 5.796E+03 1.920E+04 1.920E+04 2.832E+06 32.2982 1.00000
  6.000E+09 6.000E+09 4.184E+00 6.309E+03 8.315E+03 6.393E+03 2.102E+04 2.102E+04 2.857E+06 32.4722 1.00000
  7.000E+09 7.000E+09 4.210E+00 7.361E+03 9.701E+03 7.605E+03 2.467E+04 2.467E+04 2.901E+06 32.7805 1.00000
  8.000E+09 8.000E+09 4.245E+00 8.413E+03 1.109E+04 8.841E+03 2.834E+04 2.834E+04 2.939E+06 32.8921 1.00000
  9.000E+09 9.000E+09 4.266E+00 9.465E+03 1.247E+04 1.010E+04 3.203E+04 3.204E+04 2.972E+06 33.1277 1.00000
  1.000E+10 1.000E+10 4.284E+00 1.052E+04 1.386E+04 1.137E+04 3.575E+04 3.575E+04 3.002E+06 33.3384 1.00000
  1.200E+10 1.200E+10 4.315E+00 1.262E+04 1.663E+04 1.397E+04 4.322E+04 4.322E+04 3.053E+06 33.7030 1.00000
  1.400E+10 1.400E+10 4.342E+00 1.472E+04 1.940E+04 1.662E+04 5.075E+04 5.075E+04 3.095E+06 34.0114 1.00000
  1.700E+10 1.700E+10 4.377E+00 1.788E+04 2.356E+04 2.070E+04 6.214E+04 6.214E+04 3.149E+06 34.3997 1.00000
  2.000E+10 2.000E+10 4.406E+00 2.104E+04 2.772E+04 2.487E+04 7.363E+04 7.363E+04 3.193E+06 34.7247 1.00000
  2.500E+10 2.500E+10 4.446E+00 2.629E+04 3.465E+04 3.201E+04 9.295E+04 9.296E+04 3.253E+06 35.1710 1.00000
  3.000E+10 3.000E+10 4.479E+00 3.155E+04 4.158E+04 3.935E+04 1.125E+05 1.125E+05 3.302E+06 35.5356 1.00000
  3.500E+10 3.500E+10 4.507E+00 3.681E+04 4.851E+04 4.685E+04 1.322E+05 1.322E+05 3.343E+06 35.8439 1.00000
  4.000E+10 4.000E+10 4.532E+00 4.207E+04 5.544E+04 5.449E+04 1.520E+05 1.520E+05 3.378E+06 36.1110 1.00000
  4.500E+10 4.500E+10 4.554E+00 4.733E+04 6.237E+04 6.227E+04 1.720E+05 1.720E+05 3.409E+06 36.3466 1.00000
  5.000E+10 5.000E+10 4.573E+00 5.259E+04 6.930E+04 7.017E+04 1.921E+05 1.921E+05 3.437E+06 36.5573 1.00000
  5.500E+10 5.500E+10 4.591E+00 5.785E+04 7.623E+04 7.817E+04 2.122E+05 2.123E+05 3.461E+06 36.7479 1.00000
  6.000E+10 6.000E+10 4.607E+00 6.311E+04 8.316E+04 8.628E+04 2.325E+05 2.325E+05 3.484E+06 36.9219 1.00000
  7.000E+10 7.000E+10 4.637E+00 7.363E+04 9.701E+04 1.028E+05 2.734E+05 2.734E+05 3.524E+06 37.2302 1.00000
  8.000E+10 8.000E+10 4.662E+00 8.415E+04 1.109E+05 1.196E+05 3.146E+05 3.146E+05 3.558E+06 37.4973 1.00000
  9.000E+10 9.000E+10 4.685E+00 9.466E+04 1.247E+05 1.367E+05 3.561E+05 3.561E+05 3.587E+06 37.7329 1.00000
  1.000E+11 1.000E+11 4.705E+00 1.052E+05 1.386E+05 1.541E+05 3.978E+05 3.978E+05 3.614E+06 37.9436 1.00000
  1.200E+11 1.200E+11 4.740E+00 1.262E+05 1.663E+05 1.895E+05 4.820E+05 4.820E+05 3.660E+06 38.3082 1.00000
  1.400E+11 1.400E+11 4.770E+00 1.473E+05 1.940E+05 2.258E+05 5.671E+05 5.671E+05 3.698E+06 38.6165 1.00000
  1.700E+11 1.700E+11 4.809E+00 1.788E+05 2.356E+05 2.816E+05 6.960E+05 6.960E+05 3.746E+06 39.0048 1.00000
  2.000E+11 2.000E+11 4.841E+00 2.104E+05 2.772E+05 3.388E+05 8.263E+05 8.263E+05 3.785E+06 39.3299 1.00000
  2.500E+11 2.500E+11 4.886E+00 2.630E+05 3.465E+05 4.368E+05 1.046E+06 1.046E+06 3.839E+06 39.7762 1.00000
  3.000E+11 3.000E+11 4.923E+00 3.156E+05 4.158E+05 5.376E+05 1.269E+06 1.269E+06 3.882E+06 40.1408 1.00000
  3.500E+11 3.500E+11 4.954E+00 3.681E+05 4.851E+05 6.409E+05 1.494E+06 1.494E+06 3.918E+06 40.4491 1.00000
  4.000E+11 4.000E+11 4.982E+00 4.207E+05 5.544E+05 7.463E+05 1.721E+06 1.721E+06 3.950E+06 40.7162 1.00000
  4.500E+11 4.500E+11 5.006E+00 4.733E+05 6.236E+05 8.537E+05 1.951E+06 1.951E+06 3.977E+06 40.9517 1.00000
  5.000E+11 5.000E+11 5.028E+00 5.259E+05 6.929E+05 9.627E+05 2.182E+06 2.182E+06 4.001E+06 41.1625 1.00000
  5.500E+11 5.500E+11 5.048E+00 5.785E+05 7.622E+05 1.073E+06 2.414E+06 2.414E+06 4.023E+06 41.3531 1.00000
  6.000E+11 6.000E+11 5.066E+00 6.311E+05 8.315E+05 1.186E+06 2.648E+06 2.648E+06 4.043E+06 41.5271 1.00000
  7.000E+11 7.000E+11 5.099E+00 7.363E+05 9.701E+05 1.414E+06 3.120E+06 3.120E+06 4.077E+06 41.8354 1.00000
  8.000E+11 8.000E+11 5.127E+00 8.415E+05 1.109E+06 1.647E+06 3.597E+06 3.597E+06 4.107E+06 42.1025 1.00000
  9.000E+11 9.000E+11 5.153E+00 9.467E+05 1.247E+06 1.885E+06 4.078E+06 4.078E+06 4.133E+06 42.3380 1.00000
  1.000E+12 1.000E+12 5.175E+00 1.052E+06 1.386E+06 2.126E+06 4.564E+06 4.564E+06 4.156E+06 42.5487 1.00000
