 Incident particle is a Muon with M = 105.65839 MeV
 Index = 0: Polyoxymethylene
      Absorber with <Z/A> = 0.53287
 Density effect computed following Fano (1963)
 Models for Radloss: brems =  SSR, pair =  SSR, photonuc = DRSS

 *** Table generated with PUMAS v1.1 ***

      T         p     Ionization  brems     pair     photonuc  Radloss    dE/dx   CSDA Range  delta   beta
    [MeV]    [MeV/c]  -----------------------[MeV cm^2/g]------------------------  [g/cm^2]
  1.000E+00 1.457E+01 4.824E+01 0.000E+00 0.000E+00 0.000E+00 0.000E+00 4.824E+01 1.036E-02  0.0000 0.13661
  1.200E+00 1.597E+01 4.163E+01 0.000E+00 0.000E+00 0.000E+00 0.000E+00 4.163E+01 1.484E-02  0.0000 0.14944
  1.400E+00 1.726E+01 3.674E+01 0.000E+00 0.000E+00 0.000E+00 0.000E+00 3.674E+01 1.997E-02  0.0000 0.16119
  1.700E+00 1.903E+01 3.137E+01 0.000E+00 0.000E+00 0.000E+00 0.000E+00 3.137E+01 2.883E-02  0.0000 0.17725
  2.000E+00 2.066E+01 2.748E+01 0.000E+00 0.000E+00 0.000E+00 0.000E+00 2.748E+01 3.908E-02  0.0000 0.19186
  2.500E+00 2.312E+01 2.291E+01 0.000E+00 0.000E+00 0.000E+00 0.000E+00 2.291E+01 5.910E-02  0.0000 0.21376
  3.000E+00 2.536E+01 1.976E+01 0.000E+00 0.000E+00 0.000E+00 0.000E+00 1.976E+01 8.267E-02  0.0000 0.23336
  3.500E+00 2.742E+01 1.743E+01 0.000E+00 0.000E+00 0.000E+00 0.000E+00 1.743E+01 1.097E-01  0.0000 0.25120
  4.000E+00 2.935E+01 1.565E+01 0.000E+00 0.000E+00 0.000E+00 0.000E+00 1.565E+01 1.400E-01  0.0000 0.26763
  4.500E+00 3.116E+01 1.423E+01 0.000E+00 0.000E+00 0.000E+00 0.000E+00 1.423E+01 1.736E-01  0.0000 0.28290
  5.000E+00 3.289E+01 1.308E+01 0.000E+00 0.000E+00 0.000E+00 0.000E+00 1.308E+01 2.102E-01  0.0000 0.29720
  5.500E+00 3.453E+01 1.212E+01 0.000E+00 0.000E+00 0.000E+00 0.000E+00 1.212E+01 2.500E-01  0.0000 0.31066
  6.000E+00 3.611E+01 1.131E+01 0.000E+00 0.000E+00 0.000E+00 0.000E+00 1.131E+01 2.927E-01  0.0000 0.32339
  7.000E+00 3.909E+01 1.002E+01 0.000E+00 0.000E+00 0.000E+00 0.000E+00 1.002E+01 3.868E-01  0.0000 0.34700
  8.000E+00 4.189E+01 9.032E+00 0.000E+00 0.000E+00 0.000E+00 0.000E+00 9.032E+00 4.921E-01  0.0000 0.36854
  9.000E+00 4.453E+01 8.250E+00 0.000E+00 0.000E+00 0.000E+00 0.000E+00 8.250E+00 6.081E-01  0.0000 0.38836
  1.000E+01 4.704E+01 7.615E+00 0.000E+00 0.000E+00 0.000E+00 0.000E+00 7.615E+00 7.344E-01  0.0000 0.40675
  1.200E+01 5.177E+01 6.646E+00 0.000E+00 0.000E+00 0.000E+00 0.000E+00 6.646E+00 1.016E+00  0.0000 0.43998
  1.400E+01 5.616E+01 5.941E+00 0.000E+00 0.000E+00 0.000E+00 0.000E+00 5.941E+00 1.335E+00  0.0000 0.46937
  1.700E+01 6.230E+01 5.181E+00 0.000E+00 0.000E+00 0.000E+00 0.000E+00 5.181E+00 1.878E+00  0.0000 0.50792
  2.000E+01 6.802E+01 4.640E+00 0.000E+00 0.000E+00 0.000E+00 0.000E+00 4.640E+00 2.491E+00  0.0000 0.54129
  2.500E+01 7.686E+01 4.019E+00 4.395E-10 0.000E+00 0.000E+00 4.395E-10 4.019E+00 3.654E+00  0.0000 0.58827
  3.000E+01 8.509E+01 3.601E+00 6.442E-08 0.000E+00 0.000E+00 6.442E-08 3.601E+00 4.972E+00  0.0000 0.62720
  3.500E+01 9.285E+01 3.300E+00 7.524E-08 0.000E+00 0.000E+00 7.524E-08 3.300E+00 6.425E+00  0.0000 0.66011
  4.000E+01 1.003E+02 3.075E+00 8.056E-08 0.000E+00 0.000E+00 8.056E-08 3.075E+00 7.997E+00  0.0000 0.68834
  4.500E+01 1.074E+02 2.900E+00 8.607E-08 0.000E+00 0.000E+00 8.607E-08 2.900E+00 9.673E+00  0.0002 0.71286
  5.000E+01 1.143E+02 2.761E+00 9.174E-08 0.000E+00 0.000E+00 9.174E-08 2.761E+00 1.144E+01  0.0022 0.73434
  5.500E+01 1.210E+02 2.648E+00 9.760E-08 0.000E+00 0.000E+00 9.760E-08 2.648E+00 1.329E+01  0.0062 0.75332
  6.000E+01 1.276E+02 2.554E+00 1.036E-07 0.000E+00 0.000E+00 1.036E-07 2.554E+00 1.522E+01  0.0119 0.77019
  7.000E+01 1.403E+02 2.409E+00 1.162E-07 0.000E+00 0.000E+00 1.162E-07 2.409E+00 1.925E+01  0.0276 0.79887
  8.000E+01 1.527E+02 2.303E+00 1.294E-07 0.000E+00 0.000E+00 1.294E-07 2.303E+00 2.350E+01  0.0477 0.82227
  9.000E+01 1.647E+02 2.223E+00 1.433E-07 0.000E+00 0.000E+00 1.433E-07 2.223E+00 2.792E+01  0.0711 0.84166
  1.000E+02 1.764E+02 2.161E+00 1.579E-07 0.000E+00 0.000E+00 1.579E-07 2.161E+00 3.249E+01  0.0970 0.85794
  1.200E+02 1.994E+02 2.073E+00 1.890E-07 0.000E+00 0.000E+00 1.890E-07 2.073E+00 4.195E+01  0.1540 0.88361
  1.400E+02 2.218E+02 2.016E+00 2.155E-06 0.000E+00 0.000E+00 2.155E-06 2.016E+00 5.174E+01  0.2152 0.90278
  1.700E+02 2.546E+02 1.962E+00 1.074E-05 9.989E-10 0.000E+00 1.074E-05 1.962E+00 6.684E+01  0.3101 0.92363
  2.000E+02 2.868E+02 1.931E+00 1.861E-05 8.809E-09 0.000E+00 1.862E-05 1.931E+00 8.226E+01  0.4057 0.93835
  2.500E+02 3.396E+02 1.906E+00 2.799E-05 1.205E-07 0.000E+00 2.811E-05 1.906E+00 1.083E+02  0.5610 0.95485
  3.000E+02 3.917E+02 1.898E+00 3.630E-05 7.590E-07 0.000E+00 3.706E-05 1.898E+00 1.347E+02  0.7085 0.96548
  3.500E+02 4.432E+02 1.898E+00 4.467E-05 1.968E-06 0.000E+00 4.664E-05 1.898E+00 1.610E+02  0.8470 0.97274
  4.000E+02 4.945E+02 1.902E+00 5.339E-05 3.734E-06 0.000E+00 5.712E-05 1.902E+00 1.873E+02  0.9768 0.97793
  4.500E+02 5.455E+02 1.909E+00 6.260E-05 6.047E-06 0.000E+00 6.865E-05 1.909E+00 2.136E+02  1.0984 0.98176
  5.000E+02 5.964E+02 1.917E+00 7.231E-05 8.893E-06 0.000E+00 8.120E-05 1.917E+00 2.397E+02  1.2124 0.98467
  5.500E+02 6.471E+02 1.926E+00 8.249E-05 1.226E-05 1.552E-05 1.103E-04 1.926E+00 2.657E+02  1.3197 0.98693
  6.000E+02 6.977E+02 1.935E+00 9.311E-05 1.612E-05 5.161E-05 1.608E-04 1.935E+00 2.916E+02  1.4208 0.98873
  7.000E+02 7.987E+02 1.953E+00 1.156E-04 2.530E-05 1.235E-04 2.644E-04 1.953E+00 3.431E+02  1.6070 0.99136
  8.000E+02 8.995E+02 1.970E+00 1.396E-04 3.631E-05 1.914E-04 3.673E-04 1.971E+00 3.940E+02  1.7749 0.99317
  9.000E+02 1.000E+03 1.987E+00 1.649E-04 4.904E-05 2.565E-04 4.705E-04 1.987E+00 4.446E+02  1.9279 0.99447
  1.000E+03 1.101E+03 2.002E+00 1.916E-04 6.338E-05 3.196E-04 5.745E-04 2.003E+00 4.947E+02  2.0683 0.99542
  1.200E+03 1.301E+03 2.031E+00 2.482E-04 9.656E-05 4.417E-04 7.865E-04 2.031E+00 5.938E+02  2.3188 0.99672
  1.400E+03 1.502E+03 2.055E+00 3.089E-04 1.352E-04 5.603E-04 1.004E-03 2.056E+00 6.917E+02  2.5378 0.99753
  1.700E+03 1.803E+03 2.088E+00 4.065E-04 2.023E-04 7.335E-04 1.342E-03 2.089E+00 8.364E+02  2.8229 0.99829
  2.000E+03 2.103E+03 2.115E+00 5.110E-04 2.790E-04 9.025E-04 1.692E-03 2.116E+00 9.791E+02  3.0696 0.99874
  2.500E+03 2.604E+03 2.152E+00 6.977E-04 4.256E-04 1.177E-03 2.300E-03 2.155E+00 1.213E+03  3.4206 0.99918
  3.000E+03 3.104E+03 2.183E+00 8.982E-04 5.921E-04 1.444E-03 2.934E-03 2.186E+00 1.443E+03  3.7182 0.99942
  3.500E+03 3.604E+03 2.208E+00 1.110E-03 7.759E-04 1.705E-03 3.591E-03 2.212E+00 1.671E+03  3.9774 0.99957
  4.000E+03 4.104E+03 2.230E+00 1.331E-03 9.896E-04 1.961E-03 4.282E-03 2.234E+00 1.896E+03  4.2075 0.99967
  4.500E+03 4.604E+03 2.249E+00 1.561E-03 1.223E-03 2.213E-03 4.998E-03 2.254E+00 2.119E+03  4.4146 0.99974
  5.000E+03 5.105E+03 2.265E+00 1.799E-03 1.471E-03 2.461E-03 5.731E-03 2.271E+00 2.340E+03  4.6028 0.99979
  5.500E+03 5.605E+03 2.280E+00 2.044E-03 1.732E-03 2.706E-03 6.482E-03 2.286E+00 2.559E+03  4.7755 0.99982
  6.000E+03 6.105E+03 2.293E+00 2.295E-03 2.004E-03 2.948E-03 7.247E-03 2.301E+00 2.777E+03  4.9350 0.99985
  7.000E+03 7.105E+03 2.317E+00 2.814E-03 2.580E-03 3.424E-03 8.818E-03 2.325E+00 3.209E+03  5.2213 0.99989
  8.000E+03 8.105E+03 2.336E+00 3.354E-03 3.194E-03 3.891E-03 1.044E-02 2.347E+00 3.637E+03  5.4728 0.99992
  9.000E+03 9.105E+03 2.353E+00 3.910E-03 3.841E-03 4.351E-03 1.210E-02 2.365E+00 4.062E+03  5.6970 0.99993
  1.000E+04 1.011E+04 2.368E+00 4.482E-03 4.518E-03 4.804E-03 1.380E-02 2.382E+00 4.483E+03  5.8991 0.99995
  1.200E+04 1.211E+04 2.394E+00 5.666E-03 5.949E-03 5.696E-03 1.731E-02 2.411E+00 5.317E+03  6.2518 0.99996
  1.400E+04 1.411E+04 2.415E+00 6.897E-03 7.469E-03 6.570E-03 2.094E-02 2.436E+00 6.142E+03  6.5523 0.99997
  1.700E+04 1.711E+04 2.441E+00 8.816E-03 9.888E-03 7.857E-03 2.656E-02 2.468E+00 7.366E+03  6.9331 0.99998
  2.000E+04 2.011E+04 2.462E+00 1.081E-02 1.245E-02 9.121E-03 3.238E-02 2.495E+00 8.575E+03  7.2534 0.99999
  2.500E+04 2.511E+04 2.491E+00 1.426E-02 1.696E-02 1.119E-02 4.241E-02 2.533E+00 1.056E+04  7.6948 0.99999
  3.000E+04 3.011E+04 2.514E+00 1.785E-02 2.173E-02 1.323E-02 5.281E-02 2.567E+00 1.252E+04  8.0566 0.99999
  3.500E+04 3.511E+04 2.533E+00 2.154E-02 2.671E-02 1.524E-02 6.349E-02 2.596E+00 1.446E+04  8.3630 1.00000
  4.000E+04 4.011E+04 2.549E+00 2.533E-02 3.185E-02 1.724E-02 7.442E-02 2.623E+00 1.638E+04  8.6287 1.00000
  4.500E+04 4.511E+04 2.563E+00 2.920E-02 3.715E-02 1.922E-02 8.557E-02 2.648E+00 1.827E+04  8.8632 1.00000
  5.000E+04 5.011E+04 2.575E+00 3.314E-02 4.257E-02 2.119E-02 9.691E-02 2.672E+00 2.015E+04  9.0732 1.00000
  5.500E+04 5.511E+04 2.586E+00 3.715E-02 4.811E-02 2.315E-02 1.084E-01 2.695E+00 2.202E+04  9.2632 1.00000
  6.000E+04 6.011E+04 2.596E+00 4.121E-02 5.375E-02 2.511E-02 1.201E-01 2.716E+00 2.386E+04  9.4368 1.00000
  7.000E+04 7.011E+04 2.614E+00 4.949E-02 6.528E-02 2.902E-02 1.438E-01 2.758E+00 2.752E+04  9.7443 1.00000
  8.000E+04 8.011E+04 2.629E+00 5.794E-02 7.711E-02 3.291E-02 1.680E-01 2.797E+00 3.112E+04 10.0109 1.00000
  9.000E+04 9.011E+04 2.643E+00 6.654E-02 8.919E-02 3.679E-02 1.925E-01 2.835E+00 3.467E+04 10.2460 1.00000
  1.000E+05 1.001E+05 2.654E+00 7.528E-02 1.015E-01 4.068E-02 2.174E-01 2.872E+00 3.817E+04 10.4564 1.00000
  1.200E+05 1.201E+05 2.675E+00 9.309E-02 1.266E-01 4.845E-02 2.681E-01 2.943E+00 4.505E+04 10.8206 1.00000
  1.400E+05 1.401E+05 2.692E+00 1.113E-01 1.523E-01 5.623E-02 3.198E-01 3.011E+00 5.177E+04 11.1286 1.00000
  1.700E+05 1.701E+05 2.713E+00 1.391E-01 1.917E-01 6.794E-02 3.988E-01 3.112E+00 6.157E+04 11.5166 1.00000
  2.000E+05 2.001E+05 2.731E+00 1.676E-01 2.319E-01 7.971E-02 4.792E-01 3.210E+00 7.106E+04 11.8414 1.00000
  2.500E+05 2.501E+05 2.755E+00 2.160E-01 3.002E-01 9.946E-02 6.156E-01 3.371E+00 8.626E+04 12.2875 1.00000
  3.000E+05 3.001E+05 2.775E+00 2.653E-01 3.699E-01 1.194E-01 7.546E-01 3.530E+00 1.008E+05 12.6520 1.00000
  3.500E+05 3.501E+05 2.792E+00 3.155E-01 4.405E-01 1.395E-01 8.954E-01 3.687E+00 1.146E+05 12.9602 1.00000
  4.000E+05 4.001E+05 2.806E+00 3.663E-01 5.118E-01 1.597E-01 1.038E+00 3.844E+00 1.279E+05 13.2272 1.00000
  4.500E+05 4.501E+05 2.819E+00 4.176E-01 5.838E-01 1.802E-01 1.182E+00 4.001E+00 1.406E+05 13.4627 1.00000
  5.000E+05 5.001E+05 2.831E+00 4.694E-01 6.563E-01 2.007E-01 1.326E+00 4.157E+00 1.529E+05 13.6733 1.00000
  5.500E+05 5.501E+05 2.841E+00 5.216E-01 7.293E-01 2.214E-01 1.472E+00 4.314E+00 1.647E+05 13.8639 1.00000
  6.000E+05 6.001E+05 2.851E+00 5.742E-01 8.026E-01 2.423E-01 1.619E+00 4.470E+00 1.761E+05 14.0379 1.00000
  7.000E+05 7.001E+05 2.868E+00 6.802E-01 9.503E-01 2.843E-01 1.915E+00 4.783E+00 1.977E+05 14.3461 1.00000
  8.000E+05 8.001E+05 2.883E+00 7.873E-01 1.099E+00 3.269E-01 2.213E+00 5.096E+00 2.180E+05 14.6132 1.00000
  9.000E+05 9.001E+05 2.896E+00 8.953E-01 1.248E+00 3.698E-01 2.514E+00 5.409E+00 2.370E+05 14.8487 1.00000
  1.000E+06 1.000E+06 2.907E+00 1.004E+00 1.399E+00 4.132E-01 2.816E+00 5.723E+00 2.550E+05 15.0594 1.00000
  1.200E+06 1.200E+06 2.928E+00 1.223E+00 1.701E+00 5.009E-01 3.425E+00 6.353E+00 2.881E+05 15.4240 1.00000
  1.400E+06 1.400E+06 2.945E+00 1.444E+00 2.005E+00 5.900E-01 4.039E+00 6.984E+00 3.182E+05 15.7323 1.00000
  1.700E+06 1.700E+06 2.967E+00 1.779E+00 2.463E+00 7.258E-01 4.968E+00 7.935E+00 3.584E+05 16.1206 1.00000
  2.000E+06 2.000E+06 2.986E+00 2.116E+00 2.923E+00 8.638E-01 5.903E+00 8.889E+00 3.941E+05 16.4456 1.00000
  2.500E+06 2.500E+06 3.011E+00 2.683E+00 3.694E+00 1.098E+00 7.475E+00 1.049E+01 4.459E+05 16.8919 1.00000
  3.000E+06 3.000E+06 3.032E+00 3.254E+00 4.468E+00 1.337E+00 9.059E+00 1.209E+01 4.903E+05 17.2565 1.00000
  3.500E+06 3.500E+06 3.050E+00 3.828E+00 5.244E+00 1.580E+00 1.065E+01 1.370E+01 5.291E+05 17.5648 1.00000
  4.000E+06 4.000E+06 3.066E+00 4.404E+00 6.022E+00 1.827E+00 1.225E+01 1.532E+01 5.636E+05 17.8318 1.00000
  4.500E+06 4.500E+06 3.080E+00 4.983E+00 6.801E+00 2.077E+00 1.386E+01 1.694E+01 5.946E+05 18.0674 1.00000
  5.000E+06 5.000E+06 3.092E+00 5.563E+00 7.581E+00 2.329E+00 1.547E+01 1.857E+01 6.228E+05 18.2781 1.00000
  5.500E+06 5.500E+06 3.104E+00 6.144E+00 8.363E+00 2.585E+00 1.709E+01 2.020E+01 6.486E+05 18.4687 1.00000
  6.000E+06 6.000E+06 3.114E+00 6.727E+00 9.145E+00 2.842E+00 1.871E+01 2.183E+01 6.724E+05 18.6427 1.00000
  7.000E+06 7.000E+06 3.133E+00 7.896E+00 1.071E+01 3.365E+00 2.197E+01 2.510E+01 7.151E+05 18.9510 1.00000
  8.000E+06 8.000E+06 3.149E+00 9.068E+00 1.228E+01 3.895E+00 2.524E+01 2.839E+01 7.525E+05 19.2181 1.00000
  9.000E+06 9.000E+06 3.163E+00 1.024E+01 1.385E+01 4.433E+00 2.852E+01 3.169E+01 7.859E+05 19.4537 1.00000
  1.000E+07 1.000E+07 3.176E+00 1.142E+01 1.542E+01 4.977E+00 3.181E+01 3.499E+01 8.159E+05 19.6644 1.00000
  1.200E+07 1.200E+07 3.198E+00 1.378E+01 1.856E+01 6.082E+00 3.842E+01 4.162E+01 8.682E+05 20.0290 1.00000
  1.400E+07 1.400E+07 3.217E+00 1.614E+01 2.171E+01 7.208E+00 4.506E+01 4.828E+01 9.128E+05 20.3373 1.00000
  1.700E+07 1.700E+07 3.242E+00 1.969E+01 2.644E+01 8.929E+00 5.506E+01 5.830E+01 9.693E+05 20.7256 1.00000
  2.000E+07 2.000E+07 3.262E+00 2.325E+01 3.116E+01 1.069E+01 6.510E+01 6.836E+01 1.017E+06 21.0507 1.00000
  2.500E+07 2.500E+07 3.290E+00 2.919E+01 3.905E+01 1.368E+01 8.192E+01 8.521E+01 1.082E+06 21.4969 1.00000
  3.000E+07 3.000E+07 3.314E+00 3.515E+01 4.694E+01 1.674E+01 9.883E+01 1.021E+02 1.136E+06 21.8616 1.00000
  3.500E+07 3.500E+07 3.334E+00 4.110E+01 5.484E+01 1.986E+01 1.158E+02 1.191E+02 1.181E+06 22.1699 1.00000
  4.000E+07 4.000E+07 3.351E+00 4.707E+01 6.274E+01 2.303E+01 1.328E+02 1.362E+02 1.220E+06 22.4370 1.00000
  4.500E+07 4.500E+07 3.366E+00 5.303E+01 7.064E+01 2.624E+01 1.499E+02 1.533E+02 1.255E+06 22.6725 1.00000
  5.000E+07 5.000E+07 3.380E+00 5.900E+01 7.854E+01 2.950E+01 1.670E+02 1.704E+02 1.286E+06 22.8832 1.00000
  5.500E+07 5.500E+07 3.393E+00 6.498E+01 8.644E+01 3.279E+01 1.842E+02 1.876E+02 1.314E+06 23.0739 1.00000
  6.000E+07 6.000E+07 3.404E+00 7.095E+01 9.435E+01 3.612E+01 2.014E+02 2.048E+02 1.339E+06 23.2479 1.00000
  7.000E+07 7.000E+07 3.425E+00 8.291E+01 1.102E+02 4.288E+01 2.359E+02 2.394E+02 1.384E+06 23.5562 1.00000
  8.000E+07 8.000E+07 3.443E+00 9.487E+01 1.260E+02 4.975E+01 2.706E+02 2.740E+02 1.423E+06 23.8232 1.00000
  9.000E+07 9.000E+07 3.459E+00 1.068E+02 1.418E+02 5.672E+01 3.053E+02 3.088E+02 1.458E+06 24.0588 1.00000
  1.000E+08 1.000E+08 3.473E+00 1.188E+02 1.576E+02 6.378E+01 3.402E+02 3.437E+02 1.488E+06 24.2695 1.00000
  1.200E+08 1.200E+08 3.498E+00 1.427E+02 1.892E+02 7.815E+01 4.101E+02 4.136E+02 1.541E+06 24.6342 1.00000
  1.400E+08 1.400E+08 3.519E+00 1.667E+02 2.209E+02 9.280E+01 4.804E+02 4.839E+02 1.586E+06 24.9425 1.00000
  1.700E+08 1.700E+08 3.546E+00 2.026E+02 2.684E+02 1.152E+02 5.862E+02 5.898E+02 1.642E+06 25.3308 1.00000
  2.000E+08 2.000E+08 3.569E+00 2.386E+02 3.158E+02 1.382E+02 6.926E+02 6.962E+02 1.689E+06 25.6558 1.00000
  2.500E+08 2.500E+08 3.601E+00 2.985E+02 3.950E+02 1.773E+02 8.708E+02 8.744E+02 1.753E+06 26.1021 1.00000
  3.000E+08 3.000E+08 3.627E+00 3.585E+02 4.741E+02 2.173E+02 1.050E+03 1.054E+03 1.805E+06 26.4668 1.00000
  3.500E+08 3.500E+08 3.649E+00 4.184E+02 5.533E+02 2.582E+02 1.230E+03 1.234E+03 1.849E+06 26.7751 1.00000
  4.000E+08 4.000E+08 3.668E+00 4.784E+02 6.324E+02 2.998E+02 1.411E+03 1.414E+03 1.887E+06 27.0421 1.00000
  4.500E+08 4.500E+08 3.685E+00 5.383E+02 7.116E+02 3.420E+02 1.592E+03 1.596E+03 1.920E+06 27.2777 1.00000
  5.000E+08 5.000E+08 3.701E+00 5.983E+02 7.908E+02 3.848E+02 1.774E+03 1.778E+03 1.949E+06 27.4884 1.00000
  5.500E+08 5.500E+08 3.715E+00 6.583E+02 8.699E+02 4.281E+02 1.956E+03 1.960E+03 1.976E+06 27.6790 1.00000
  6.000E+08 6.000E+08 3.728E+00 7.182E+02 9.491E+02 4.719E+02 2.139E+03 2.143E+03 2.001E+06 27.8530 1.00000
  7.000E+08 7.000E+08 3.751E+00 8.382E+02 1.107E+03 5.609E+02 2.506E+03 2.510E+03 2.044E+06 28.1613 1.00000
  8.000E+08 8.000E+08 3.771E+00 9.581E+02 1.266E+03 6.514E+02 2.875E+03 2.879E+03 2.081E+06 28.4284 1.00000
  9.000E+08 9.000E+08 3.789E+00 1.078E+03 1.424E+03 7.433E+02 3.245E+03 3.249E+03 2.114E+06 28.6639 1.00000
  1.000E+09 1.000E+09 3.805E+00 1.198E+03 1.582E+03 8.365E+02 3.617E+03 3.621E+03 2.143E+06 28.8746 1.00000
  1.200E+09 1.200E+09 3.832E+00 1.438E+03 1.899E+03 1.026E+03 4.363E+03 4.367E+03 2.193E+06 29.2392 1.00000
  1.400E+09 1.400E+09 3.856E+00 1.678E+03 2.216E+03 1.220E+03 5.114E+03 5.118E+03 2.235E+06 29.5471 1.00000
  1.700E+09 1.700E+09 3.886E+00 2.038E+03 2.691E+03 1.517E+03 6.246E+03 6.250E+03 2.288E+06 29.9355 1.00000
  2.000E+09 2.000E+09 3.912E+00 2.398E+03 3.166E+03 1.821E+03 7.385E+03 7.388E+03 2.332E+06 30.2590 1.00000
  2.500E+09 2.500E+09 3.947E+00 2.998E+03 3.958E+03 2.340E+03 9.295E+03 9.299E+03 2.393E+06 30.7052 1.00000
  3.000E+09 3.000E+09 3.977E+00 3.597E+03 4.749E+03 2.872E+03 1.122E+04 1.122E+04 2.441E+06 31.0634 1.00000
  3.500E+09 3.500E+09 4.002E+00 4.197E+03 5.541E+03 3.416E+03 1.315E+04 1.316E+04 2.482E+06 31.3717 1.00000
  4.000E+09 4.000E+09 4.024E+00 4.797E+03 6.333E+03 3.970E+03 1.510E+04 1.510E+04 2.518E+06 31.6388 1.00000
  4.500E+09 4.500E+09 4.045E+00 5.397E+03 7.125E+03 4.533E+03 1.705E+04 1.706E+04 2.549E+06 31.8452 1.00000
  5.000E+09 5.000E+09 4.062E+00 5.997E+03 7.916E+03 5.104E+03 1.902E+04 1.902E+04 2.577E+06 32.0559 1.00000
  5.500E+09 5.500E+09 4.078E+00 6.597E+03 8.708E+03 5.682E+03 2.099E+04 2.099E+04 2.602E+06 32.2465 1.00000
  6.000E+09 6.000E+09 4.093E+00 7.197E+03 9.500E+03 6.267E+03 2.296E+04 2.297E+04 2.625E+06 32.4205 1.00000
  7.000E+09 7.000E+09 4.118E+00 8.396E+03 1.108E+04 7.456E+03 2.694E+04 2.694E+04 2.665E+06 32.7288 1.00000
  8.000E+09 8.000E+09 4.153E+00 9.596E+03 1.267E+04 8.667E+03 3.093E+04 3.093E+04 2.699E+06 32.8404 1.00000
  9.000E+09 9.000E+09 4.173E+00 1.080E+04 1.425E+04 9.898E+03 3.494E+04 3.495E+04 2.730E+06 33.0760 1.00000
  1.000E+10 1.000E+10 4.191E+00 1.200E+04 1.583E+04 1.115E+04 3.898E+04 3.898E+04 2.757E+06 33.2867 1.00000
  1.200E+10 1.200E+10 4.222E+00 1.439E+04 1.900E+04 1.369E+04 4.709E+04 4.709E+04 2.803E+06 33.6514 1.00000
  1.400E+10 1.400E+10 4.249E+00 1.679E+04 2.217E+04 1.630E+04 5.526E+04 5.526E+04 2.843E+06 33.9597 1.00000
  1.700E+10 1.700E+10 4.283E+00 2.039E+04 2.692E+04 2.029E+04 6.761E+04 6.761E+04 2.892E+06 34.3480 1.00000
  2.000E+10 2.000E+10 4.311E+00 2.399E+04 3.167E+04 2.438E+04 8.005E+04 8.005E+04 2.932E+06 34.6730 1.00000
  2.500E+10 2.500E+10 4.351E+00 2.999E+04 3.959E+04 3.138E+04 1.010E+05 1.010E+05 2.988E+06 35.1193 1.00000
  3.000E+10 3.000E+10 4.383E+00 3.599E+04 4.750E+04 3.857E+04 1.221E+05 1.221E+05 3.033E+06 35.4839 1.00000
  3.500E+10 3.500E+10 4.411E+00 4.199E+04 5.542E+04 4.593E+04 1.433E+05 1.433E+05 3.071E+06 35.7922 1.00000
  4.000E+10 4.000E+10 4.435E+00 4.799E+04 6.334E+04 5.342E+04 1.647E+05 1.648E+05 3.103E+06 36.0593 1.00000
  4.500E+10 4.500E+10 4.457E+00 5.399E+04 7.126E+04 6.105E+04 1.863E+05 1.863E+05 3.132E+06 36.2949 1.00000
  5.000E+10 5.000E+10 4.476E+00 5.999E+04 7.917E+04 6.879E+04 2.079E+05 2.080E+05 3.157E+06 36.5056 1.00000
  5.500E+10 5.500E+10 4.493E+00 6.598E+04 8.709E+04 7.664E+04 2.297E+05 2.297E+05 3.180E+06 36.6962 1.00000
  6.000E+10 6.000E+10 4.510E+00 7.198E+04 9.501E+04 8.458E+04 2.516E+05 2.516E+05 3.201E+06 36.8702 1.00000
  7.000E+10 7.000E+10 4.538E+00 8.398E+04 1.108E+05 1.007E+05 2.956E+05 2.956E+05 3.237E+06 37.1785 1.00000
  8.000E+10 8.000E+10 4.563E+00 9.598E+04 1.267E+05 1.172E+05 3.399E+05 3.399E+05 3.269E+06 37.4456 1.00000
  9.000E+10 9.000E+10 4.586E+00 1.080E+05 1.425E+05 1.340E+05 3.845E+05 3.845E+05 3.297E+06 37.6812 1.00000
  1.000E+11 1.000E+11 4.606E+00 1.200E+05 1.583E+05 1.510E+05 4.293E+05 4.293E+05 3.321E+06 37.8919 1.00000
  1.200E+11 1.200E+11 4.640E+00 1.440E+05 1.900E+05 1.858E+05 5.198E+05 5.198E+05 3.363E+06 38.2565 1.00000
  1.400E+11 1.400E+11 4.670E+00 1.680E+05 2.217E+05 2.214E+05 6.110E+05 6.110E+05 3.399E+06 38.5648 1.00000
  1.700E+11 1.700E+11 4.708E+00 2.040E+05 2.692E+05 2.761E+05 7.492E+05 7.492E+05 3.443E+06 38.9531 1.00000
  2.000E+11 2.000E+11 4.740E+00 2.399E+05 3.167E+05 3.321E+05 8.888E+05 8.888E+05 3.480E+06 39.2782 1.00000
  2.500E+11 2.500E+11 4.784E+00 2.999E+05 3.959E+05 4.282E+05 1.124E+06 1.124E+06 3.530E+06 39.7245 1.00000
  3.000E+11 3.000E+11 4.820E+00 3.599E+05 4.750E+05 5.271E+05 1.362E+06 1.362E+06 3.570E+06 40.0891 1.00000
  3.500E+11 3.500E+11 4.851E+00 4.199E+05 5.542E+05 6.283E+05 1.602E+06 1.602E+06 3.604E+06 40.3974 1.00000
  4.000E+11 4.000E+11 4.878E+00 4.799E+05 6.334E+05 7.317E+05 1.845E+06 1.845E+06 3.633E+06 40.6645 1.00000
  4.500E+11 4.500E+11 4.902E+00 5.399E+05 7.125E+05 8.369E+05 2.089E+06 2.089E+06 3.659E+06 40.9000 1.00000
  5.000E+11 5.000E+11 4.924E+00 5.999E+05 7.917E+05 9.438E+05 2.335E+06 2.335E+06 3.681E+06 41.1108 1.00000
  5.500E+11 5.500E+11 4.943E+00 6.599E+05 8.709E+05 1.052E+06 2.583E+06 2.583E+06 3.702E+06 41.3014 1.00000
  6.000E+11 6.000E+11 4.961E+00 7.198E+05 9.500E+05 1.162E+06 2.832E+06 2.832E+06 3.720E+06 41.4754 1.00000
  7.000E+11 7.000E+11 4.993E+00 8.398E+05 1.108E+06 1.386E+06 3.334E+06 3.334E+06 3.753E+06 41.7837 1.00000
  8.000E+11 8.000E+11 5.021E+00 9.598E+05 1.267E+06 1.615E+06 3.841E+06 3.841E+06 3.780E+06 42.0508 1.00000
  9.000E+11 9.000E+11 5.046E+00 1.080E+06 1.425E+06 1.848E+06 4.352E+06 4.352E+06 3.805E+06 42.2863 1.00000
  1.000E+12 1.000E+12 5.068E+00 1.200E+06 1.583E+06 2.084E+06 4.867E+06 4.867E+06 3.827E+06 42.4971 1.00000
