 Incident particle is a Muon with M = 105.65839 MeV
 Index = 0: Polytrifluorochloroethylene
      Absorber with <Z/A> = 0.48081
 Sternheimer coef:  a     k=m_s   x_0    x_1    I[eV]   Cbar  delta0
                 0.0773  3.5085  0.1714  3.0265  120.7  3.8551 0.00

 *** Table generated with PUMAS v1.00 ***

      T         p     Ionization  brems     pair     photonuc  Radloss    dE/dx   CSDA Range  delta   beta
    [MeV]    [MeV/c]  -----------------------[MeV cm^2/g]------------------------  [g/cm^2]
  1.000E+00 1.457E+01 4.001E+01 1.060E-06 0.000E+00 0.000E+00 1.060E-06 4.001E+01 1.250E-02  0.0000 0.13661
  1.200E+00 1.597E+01 3.463E+01 1.217E-06 0.000E+00 0.000E+00 1.217E-06 3.463E+01 1.788E-02  0.0000 0.14944
  1.400E+00 1.726E+01 3.062E+01 1.367E-06 0.000E+00 0.000E+00 1.367E-06 3.062E+01 2.404E-02  0.0000 0.16119
  1.700E+00 1.903E+01 2.622E+01 1.580E-06 0.000E+00 0.000E+00 1.580E-06 2.622E+01 3.466E-02  0.0000 0.17725
  2.000E+00 2.066E+01 2.301E+01 1.782E-06 0.000E+00 0.000E+00 1.782E-06 2.301E+01 4.689E-02  0.0000 0.19186
  2.500E+00 2.312E+01 1.924E+01 2.098E-06 0.000E+00 0.000E+00 2.098E-06 1.924E+01 7.075E-02  0.0000 0.21376
  3.000E+00 2.536E+01 1.662E+01 2.392E-06 0.000E+00 0.000E+00 2.392E-06 1.662E+01 9.879E-02  0.0000 0.23336
  3.500E+00 2.742E+01 1.469E+01 2.670E-06 0.000E+00 0.000E+00 2.670E-06 1.469E+01 1.308E-01  0.0000 0.25120
  4.000E+00 2.935E+01 1.320E+01 2.933E-06 0.000E+00 0.000E+00 2.933E-06 1.320E+01 1.668E-01  0.0000 0.26763
  4.500E+00 3.116E+01 1.202E+01 3.184E-06 0.000E+00 0.000E+00 3.184E-06 1.202E+01 2.065E-01  0.0000 0.28290
  5.000E+00 3.289E+01 1.106E+01 3.424E-06 0.000E+00 0.000E+00 3.424E-06 1.106E+01 2.499E-01  0.0000 0.29720
  5.500E+00 3.453E+01 1.026E+01 3.654E-06 0.000E+00 0.000E+00 3.654E-06 1.026E+01 2.969E-01  0.0000 0.31066
  6.000E+00 3.611E+01 9.582E+00 3.877E-06 0.000E+00 0.000E+00 3.877E-06 9.582E+00 3.474E-01  0.0000 0.32339
  7.000E+00 3.909E+01 8.497E+00 4.299E-06 0.000E+00 0.000E+00 4.299E-06 8.497E+00 4.584E-01  0.0000 0.34700
  8.000E+00 4.189E+01 7.667E+00 4.696E-06 0.000E+00 0.000E+00 4.696E-06 7.667E+00 5.824E-01  0.0000 0.36854
  9.000E+00 4.453E+01 7.009E+00 5.072E-06 0.000E+00 0.000E+00 5.072E-06 7.009E+00 7.190E-01  0.0000 0.38836
  1.000E+01 4.704E+01 6.474E+00 5.431E-06 0.000E+00 0.000E+00 5.431E-06 6.474E+00 8.676E-01  0.0000 0.40675
  1.200E+01 5.177E+01 5.658E+00 6.104E-06 0.000E+00 0.000E+00 6.104E-06 5.658E+00 1.199E+00  0.0000 0.43998
  1.400E+01 5.616E+01 5.063E+00 6.730E-06 0.000E+00 0.000E+00 6.730E-06 5.063E+00 1.573E+00  0.0000 0.46937
  1.700E+01 6.230E+01 4.420E+00 7.602E-06 0.000E+00 0.000E+00 7.602E-06 4.420E+00 2.209E+00  0.0000 0.50792
  2.000E+01 6.802E+01 3.963E+00 8.413E-06 0.000E+00 0.000E+00 8.413E-06 3.963E+00 2.926E+00  0.0000 0.54129
  2.500E+01 7.686E+01 3.437E+00 9.672E-06 0.000E+00 0.000E+00 9.672E-06 3.437E+00 4.285E+00  0.0000 0.58827
  3.000E+01 8.509E+01 3.082E+00 1.085E-05 0.000E+00 0.000E+00 1.085E-05 3.082E+00 5.823E+00  0.0000 0.62720
  3.500E+01 9.285E+01 2.827E+00 1.198E-05 0.000E+00 0.000E+00 1.198E-05 2.827E+00 7.519E+00  0.0000 0.66011
  4.000E+01 1.003E+02 2.636E+00 1.307E-05 0.000E+00 0.000E+00 1.307E-05 2.636E+00 9.352E+00  0.0000 0.68834
  4.500E+01 1.074E+02 2.488E+00 1.414E-05 0.000E+00 0.000E+00 1.414E-05 2.488E+00 1.130E+01  0.0000 0.71286
  5.000E+01 1.143E+02 2.370E+00 1.520E-05 0.000E+00 0.000E+00 1.520E-05 2.370E+00 1.336E+01  0.0000 0.73434
  5.500E+01 1.210E+02 2.274E+00 1.625E-05 0.000E+00 0.000E+00 1.625E-05 2.274E+00 1.552E+01  0.0000 0.75332
  6.000E+01 1.276E+02 2.196E+00 1.729E-05 0.000E+00 0.000E+00 1.729E-05 2.196E+00 1.776E+01  0.0000 0.77019
  7.000E+01 1.403E+02 2.074E+00 1.939E-05 0.000E+00 0.000E+00 1.939E-05 2.074E+00 2.244E+01  0.0000 0.79887
  8.000E+01 1.527E+02 1.986E+00 2.150E-05 0.000E+00 0.000E+00 2.150E-05 1.986E+00 2.737E+01  0.0000 0.82227
  9.000E+01 1.647E+02 1.919E+00 2.364E-05 0.000E+00 0.000E+00 2.364E-05 1.919E+00 3.250E+01  0.0199 0.84166
  1.000E+02 1.764E+02 1.866E+00 2.581E-05 0.000E+00 0.000E+00 2.581E-05 1.866E+00 3.778E+01  0.0485 0.85794
  1.200E+02 1.994E+02 1.791E+00 3.027E-05 0.000E+00 0.000E+00 3.027E-05 1.791E+00 4.872E+01  0.1063 0.88361
  1.400E+02 2.218E+02 1.743E+00 3.489E-05 0.000E+00 0.000E+00 3.489E-05 1.743E+00 6.004E+01  0.1638 0.90278
  1.700E+02 2.546E+02 1.699E+00 4.212E-05 3.408E-14 0.000E+00 4.212E-05 1.699E+00 7.748E+01  0.2481 0.92363
  2.000E+02 2.868E+02 1.674E+00 4.972E-05 7.622E-12 0.000E+00 4.972E-05 1.675E+00 9.527E+01  0.3294 0.93835
  2.500E+02 3.396E+02 1.656E+00 6.314E-05 1.029E-07 0.000E+00 6.324E-05 1.656E+00 1.253E+02  0.4577 0.95485
  3.000E+02 3.917E+02 1.652E+00 7.744E-05 1.041E-06 0.000E+00 7.848E-05 1.652E+00 1.555E+02  0.5775 0.96548
  3.500E+02 4.432E+02 1.655E+00 9.254E-05 2.906E-06 0.000E+00 9.545E-05 1.655E+00 1.857E+02  0.6897 0.97274
  4.000E+02 4.945E+02 1.662E+00 1.084E-04 5.663E-06 0.000E+00 1.140E-04 1.662E+00 2.159E+02  0.7951 0.97793
  4.500E+02 5.455E+02 1.670E+00 1.249E-04 9.279E-06 0.000E+00 1.342E-04 1.670E+00 2.459E+02  0.8945 0.98176
  5.000E+02 5.964E+02 1.679E+00 1.420E-04 1.372E-05 0.000E+00 1.557E-04 1.679E+00 2.758E+02  0.9884 0.98467
  5.500E+02 6.471E+02 1.688E+00 1.597E-04 1.897E-05 0.000E+00 1.787E-04 1.689E+00 3.055E+02  1.0776 0.98693
  6.000E+02 6.977E+02 1.698E+00 1.780E-04 2.498E-05 0.000E+00 2.030E-04 1.698E+00 3.350E+02  1.1624 0.98873
  7.000E+02 7.987E+02 1.717E+00 2.161E-04 3.922E-05 0.000E+00 2.553E-04 1.717E+00 3.936E+02  1.3206 0.99136
  8.000E+02 8.995E+02 1.734E+00 2.559E-04 5.626E-05 0.000E+00 3.122E-04 1.735E+00 4.515E+02  1.4658 0.99317
  9.000E+02 1.000E+03 1.751E+00 2.975E-04 7.590E-05 0.000E+00 3.734E-04 1.751E+00 5.089E+02  1.6001 0.99447
  1.000E+03 1.101E+03 1.766E+00 3.406E-04 9.799E-05 0.000E+00 4.386E-04 1.766E+00 5.657E+02  1.7250 0.99542
  1.200E+03 1.301E+03 1.793E+00 4.308E-04 1.490E-04 2.254E-05 6.023E-04 1.794E+00 6.781E+02  1.9517 0.99672
  1.400E+03 1.502E+03 1.817E+00 5.259E-04 2.083E-04 6.160E-05 7.958E-04 1.818E+00 7.888E+02  2.1533 0.99753
  1.700E+03 1.803E+03 1.848E+00 6.763E-04 3.110E-04 1.318E-04 1.119E-03 1.849E+00 9.525E+02  2.4198 0.99829
  2.000E+03 2.103E+03 1.873E+00 8.349E-04 4.283E-04 2.145E-04 1.478E-03 1.875E+00 1.114E+03  2.6530 0.99874
  2.500E+03 2.604E+03 1.908E+00 1.115E-03 6.522E-04 3.742E-04 2.141E-03 1.910E+00 1.378E+03  2.9874 0.99918
  3.000E+03 3.104E+03 1.937E+00 1.410E-03 9.064E-04 5.418E-04 2.859E-03 1.940E+00 1.638E+03  3.2720 0.99942
  3.500E+03 3.604E+03 1.961E+00 1.720E-03 1.187E-03 7.194E-04 3.626E-03 1.964E+00 1.894E+03  3.5200 0.99957
  4.000E+03 4.104E+03 1.981E+00 2.041E-03 1.503E-03 9.091E-04 4.454E-03 1.985E+00 2.147E+03  3.7400 0.99967
  4.500E+03 4.604E+03 1.998E+00 2.373E-03 1.846E-03 1.106E-03 5.326E-03 2.004E+00 2.398E+03  3.9378 0.99974
  5.000E+03 5.105E+03 2.014E+00 2.715E-03 2.209E-03 1.296E-03 6.220E-03 2.020E+00 2.646E+03  4.1175 0.99979
  5.500E+03 5.605E+03 2.028E+00 3.065E-03 2.590E-03 1.500E-03 7.155E-03 2.035E+00 2.893E+03  4.2822 0.99982
  6.000E+03 6.105E+03 2.041E+00 3.423E-03 2.987E-03 1.691E-03 8.101E-03 2.049E+00 3.138E+03  4.4343 0.99985
  7.000E+03 7.105E+03 2.063E+00 4.160E-03 3.828E-03 2.095E-03 1.008E-02 2.073E+00 3.623E+03  4.7076 0.99989
  8.000E+03 8.105E+03 2.081E+00 4.922E-03 4.722E-03 2.496E-03 1.214E-02 2.093E+00 4.103E+03  4.9480 0.99992
  9.000E+03 9.105E+03 2.097E+00 5.706E-03 5.663E-03 2.873E-03 1.424E-02 2.112E+00 4.579E+03  5.1626 0.99993
  1.000E+04 1.011E+04 2.111E+00 6.510E-03 6.646E-03 3.262E-03 1.642E-02 2.128E+00 5.050E+03  5.3565 0.99995
  1.200E+04 1.211E+04 2.135E+00 8.169E-03 8.722E-03 4.053E-03 2.094E-02 2.156E+00 5.984E+03  5.6961 0.99996
  1.400E+04 1.411E+04 2.155E+00 9.887E-03 1.092E-02 4.845E-03 2.566E-02 2.181E+00 6.906E+03  5.9867 0.99997
  1.700E+04 1.711E+04 2.180E+00 1.256E-02 1.442E-02 6.020E-03 3.300E-02 2.213E+00 8.272E+03  6.3569 0.99998
  2.000E+04 2.011E+04 2.199E+00 1.532E-02 1.811E-02 7.174E-03 4.061E-02 2.240E+00 9.620E+03  6.6698 0.99999
  2.500E+04 2.511E+04 2.226E+00 2.010E-02 2.462E-02 9.070E-03 5.379E-02 2.279E+00 1.183E+04  7.1033 0.99999
  3.000E+04 3.011E+04 2.247E+00 2.505E-02 3.148E-02 1.093E-02 6.747E-02 2.314E+00 1.401E+04  7.4603 0.99999
  3.500E+04 3.511E+04 2.264E+00 3.015E-02 3.863E-02 1.282E-02 8.160E-02 2.345E+00 1.616E+04  7.7637 1.00000
  4.000E+04 4.011E+04 2.278E+00 3.537E-02 4.602E-02 1.468E-02 9.608E-02 2.375E+00 1.827E+04  8.0276 1.00000
  4.500E+04 4.511E+04 2.291E+00 4.070E-02 5.362E-02 1.652E-02 1.108E-01 2.402E+00 2.037E+04  8.2610 1.00000
  5.000E+04 5.011E+04 2.303E+00 4.612E-02 6.139E-02 1.836E-02 1.259E-01 2.428E+00 2.244E+04  8.4702 1.00000
  5.500E+04 5.511E+04 2.313E+00 5.162E-02 6.932E-02 2.022E-02 1.412E-01 2.454E+00 2.449E+04  8.6597 1.00000
  6.000E+04 6.011E+04 2.322E+00 5.720E-02 7.738E-02 2.206E-02 1.566E-01 2.478E+00 2.651E+04  8.8330 1.00000
  7.000E+04 7.011E+04 2.338E+00 6.855E-02 9.387E-02 2.570E-02 1.881E-01 2.526E+00 3.051E+04  9.1403 1.00000
  8.000E+04 8.011E+04 2.351E+00 8.013E-02 1.108E-01 2.936E-02 2.202E-01 2.572E+00 3.444E+04  9.4068 1.00000
  9.000E+04 9.011E+04 2.363E+00 9.191E-02 1.280E-01 3.302E-02 2.529E-01 2.616E+00 3.829E+04  9.6420 1.00000
  1.000E+05 1.001E+05 2.374E+00 1.039E-01 1.455E-01 3.662E-02 2.860E-01 2.660E+00 4.208E+04  9.8524 1.00000
  1.200E+05 1.201E+05 2.392E+00 1.282E-01 1.813E-01 4.394E-02 3.534E-01 2.746E+00 4.948E+04 10.2167 1.00000
  1.400E+05 1.401E+05 2.408E+00 1.530E-01 2.178E-01 5.126E-02 4.221E-01 2.830E+00 5.666E+04 10.5248 1.00000
  1.700E+05 1.701E+05 2.427E+00 1.910E-01 2.737E-01 6.226E-02 5.270E-01 2.954E+00 6.704E+04 10.9128 1.00000
  2.000E+05 2.001E+05 2.443E+00 2.297E-01 3.308E-01 7.332E-02 6.338E-01 3.077E+00 7.699E+04 11.2377 1.00000
  2.500E+05 2.501E+05 2.465E+00 2.955E-01 4.276E-01 9.183E-02 8.149E-01 3.280E+00 9.274E+04 11.6838 1.00000
  3.000E+05 3.001E+05 2.483E+00 3.626E-01 5.261E-01 1.105E-01 9.991E-01 3.482E+00 1.075E+05 12.0483 1.00000
  3.500E+05 3.501E+05 2.498E+00 4.306E-01 6.258E-01 1.294E-01 1.186E+00 3.684E+00 1.215E+05 12.3565 1.00000
  4.000E+05 4.001E+05 2.511E+00 4.995E-01 7.266E-01 1.483E-01 1.374E+00 3.886E+00 1.347E+05 12.6234 1.00000
  4.500E+05 4.501E+05 2.523E+00 5.690E-01 8.281E-01 1.674E-01 1.565E+00 4.087E+00 1.473E+05 12.8590 1.00000
  5.000E+05 5.001E+05 2.533E+00 6.392E-01 9.303E-01 1.867E-01 1.756E+00 4.289E+00 1.592E+05 13.0696 1.00000
  5.500E+05 5.501E+05 2.543E+00 7.099E-01 1.033E+00 2.058E-01 1.949E+00 4.491E+00 1.706E+05 13.2602 1.00000
  6.000E+05 6.001E+05 2.551E+00 7.810E-01 1.136E+00 2.250E-01 2.142E+00 4.694E+00 1.815E+05 13.4342 1.00000
  7.000E+05 7.001E+05 2.567E+00 9.244E-01 1.344E+00 2.638E-01 2.532E+00 5.099E+00 2.020E+05 13.7425 1.00000
  8.000E+05 8.001E+05 2.580E+00 1.069E+00 1.553E+00 3.030E-01 2.925E+00 5.505E+00 2.209E+05 14.0095 1.00000
  9.000E+05 9.001E+05 2.592E+00 1.215E+00 1.763E+00 3.426E-01 3.321E+00 5.912E+00 2.384E+05 14.2450 1.00000
  1.000E+06 1.000E+06 2.602E+00 1.361E+00 1.974E+00 3.825E-01 3.718E+00 6.320E+00 2.548E+05 14.4557 1.00000
  1.200E+06 1.200E+06 2.621E+00 1.657E+00 2.398E+00 4.633E-01 4.518E+00 7.139E+00 2.846E+05 14.8203 1.00000
  1.400E+06 1.400E+06 2.636E+00 1.955E+00 2.824E+00 5.454E-01 5.324E+00 7.961E+00 3.112E+05 15.1286 1.00000
  1.700E+06 1.700E+06 2.656E+00 2.405E+00 3.466E+00 6.703E-01 6.542E+00 9.198E+00 3.463E+05 15.5169 1.00000
  2.000E+06 2.000E+06 2.673E+00 2.859E+00 4.111E+00 7.973E-01 7.767E+00 1.044E+01 3.770E+05 15.8419 1.00000
  2.500E+06 2.500E+06 2.696E+00 3.620E+00 5.189E+00 1.013E+00 9.823E+00 1.252E+01 4.209E+05 16.2882 1.00000
  3.000E+06 3.000E+06 2.715E+00 4.387E+00 6.272E+00 1.232E+00 1.189E+01 1.461E+01 4.580E+05 16.6528 1.00000
  3.500E+06 3.500E+06 2.731E+00 5.158E+00 7.357E+00 1.456E+00 1.397E+01 1.670E+01 4.901E+05 16.9611 1.00000
  4.000E+06 4.000E+06 2.745E+00 5.931E+00 8.444E+00 1.682E+00 1.606E+01 1.880E+01 5.183E+05 17.2281 1.00000
  4.500E+06 4.500E+06 2.758E+00 6.707E+00 9.532E+00 1.911E+00 1.815E+01 2.091E+01 5.436E+05 17.4637 1.00000
  5.000E+06 5.000E+06 2.769E+00 7.485E+00 1.062E+01 2.143E+00 2.025E+01 2.302E+01 5.664E+05 17.6744 1.00000
  5.500E+06 5.500E+06 2.779E+00 8.264E+00 1.171E+01 2.378E+00 2.235E+01 2.513E+01 5.872E+05 17.8650 1.00000
  6.000E+06 6.000E+06 2.789E+00 9.045E+00 1.281E+01 2.614E+00 2.446E+01 2.725E+01 6.063E+05 18.0391 1.00000
  7.000E+06 7.000E+06 2.805E+00 1.061E+01 1.499E+01 3.093E+00 2.869E+01 3.150E+01 6.406E+05 18.3473 1.00000
  8.000E+06 8.000E+06 2.820E+00 1.218E+01 1.718E+01 3.579E+00 3.294E+01 3.576E+01 6.704E+05 18.6144 1.00000
  9.000E+06 9.000E+06 2.833E+00 1.375E+01 1.937E+01 4.071E+00 3.719E+01 4.002E+01 6.969E+05 18.8500 1.00000
  1.000E+07 1.000E+07 2.845E+00 1.533E+01 2.156E+01 4.569E+00 4.146E+01 4.430E+01 7.207E+05 19.0607 1.00000
  1.200E+07 1.200E+07 2.865E+00 1.848E+01 2.595E+01 5.580E+00 5.001E+01 5.287E+01 7.622E+05 19.4253 1.00000
  1.400E+07 1.400E+07 2.882E+00 2.164E+01 3.034E+01 6.610E+00 5.859E+01 6.147E+01 7.973E+05 19.7336 1.00000
  1.700E+07 1.700E+07 2.904E+00 2.639E+01 3.692E+01 8.184E+00 7.150E+01 7.441E+01 8.419E+05 20.1219 1.00000
  2.000E+07 2.000E+07 2.922E+00 3.115E+01 4.352E+01 9.787E+00 8.446E+01 8.738E+01 8.792E+05 20.4470 1.00000
  2.500E+07 2.500E+07 2.948E+00 3.909E+01 5.451E+01 1.252E+01 1.061E+02 1.091E+02 9.308E+05 20.8933 1.00000
  3.000E+07 3.000E+07 2.969E+00 4.704E+01 6.551E+01 1.531E+01 1.279E+02 1.308E+02 9.728E+05 21.2579 1.00000
  3.500E+07 3.500E+07 2.987E+00 5.500E+01 7.651E+01 1.815E+01 1.497E+02 1.527E+02 1.008E+06 21.5662 1.00000
  4.000E+07 4.000E+07 3.003E+00 6.297E+01 8.752E+01 2.104E+01 1.715E+02 1.745E+02 1.039E+06 21.8333 1.00000
  4.500E+07 4.500E+07 3.016E+00 7.094E+01 9.853E+01 2.397E+01 1.934E+02 1.964E+02 1.066E+06 22.0688 1.00000
  5.000E+07 5.000E+07 3.029E+00 7.891E+01 1.095E+02 2.693E+01 2.154E+02 2.184E+02 1.090E+06 22.2795 1.00000
  5.500E+07 5.500E+07 3.040E+00 8.689E+01 1.205E+02 2.993E+01 2.374E+02 2.404E+02 1.112E+06 22.4702 1.00000
  6.000E+07 6.000E+07 3.051E+00 9.486E+01 1.316E+02 3.295E+01 2.594E+02 2.624E+02 1.132E+06 22.6442 1.00000
  7.000E+07 7.000E+07 3.069E+00 1.108E+02 1.536E+02 3.909E+01 3.035E+02 3.066E+02 1.167E+06 22.9525 1.00000
  8.000E+07 8.000E+07 3.085E+00 1.268E+02 1.756E+02 4.533E+01 3.477E+02 3.508E+02 1.198E+06 23.2196 1.00000
  9.000E+07 9.000E+07 3.100E+00 1.428E+02 1.976E+02 5.166E+01 3.921E+02 3.952E+02 1.225E+06 23.4551 1.00000
  1.000E+08 1.000E+08 3.113E+00 1.587E+02 2.197E+02 5.806E+01 4.365E+02 4.396E+02 1.249E+06 23.6658 1.00000
  1.200E+08 1.200E+08 3.135E+00 1.907E+02 2.637E+02 7.109E+01 5.255E+02 5.287E+02 1.290E+06 24.0305 1.00000
  1.400E+08 1.400E+08 3.154E+00 2.227E+02 3.078E+02 8.436E+01 6.148E+02 6.180E+02 1.326E+06 24.3388 1.00000
  1.700E+08 1.700E+08 3.179E+00 2.706E+02 3.739E+02 1.047E+02 7.492E+02 7.524E+02 1.370E+06 24.7271 1.00000
  2.000E+08 2.000E+08 3.199E+00 3.186E+02 4.400E+02 1.254E+02 8.840E+02 8.872E+02 1.407E+06 25.0521 1.00000
  2.500E+08 2.500E+08 3.228E+00 3.986E+02 5.502E+02 1.607E+02 1.110E+03 1.113E+03 1.457E+06 25.4984 1.00000
  3.000E+08 3.000E+08 3.251E+00 4.786E+02 6.604E+02 1.969E+02 1.336E+03 1.339E+03 1.498E+06 25.8631 1.00000
  3.500E+08 3.500E+08 3.271E+00 5.586E+02 7.706E+02 2.338E+02 1.563E+03 1.566E+03 1.533E+06 26.1714 1.00000
  4.000E+08 4.000E+08 3.289E+00 6.386E+02 8.808E+02 2.713E+02 1.791E+03 1.794E+03 1.563E+06 26.4384 1.00000
  4.500E+08 4.500E+08 3.304E+00 7.186E+02 9.910E+02 3.093E+02 2.019E+03 2.022E+03 1.589E+06 26.6740 1.00000
  5.000E+08 5.000E+08 3.318E+00 7.986E+02 1.101E+03 3.478E+02 2.248E+03 2.251E+03 1.613E+06 26.8847 1.00000
  5.500E+08 5.500E+08 3.331E+00 8.786E+02 1.211E+03 3.868E+02 2.477E+03 2.480E+03 1.634E+06 27.0753 1.00000
  6.000E+08 6.000E+08 3.343E+00 9.587E+02 1.322E+03 4.262E+02 2.706E+03 2.710E+03 1.653E+06 27.2494 1.00000
  7.000E+08 7.000E+08 3.363E+00 1.119E+03 1.542E+03 5.062E+02 3.167E+03 3.170E+03 1.687E+06 27.5577 1.00000
  8.000E+08 8.000E+08 3.381E+00 1.279E+03 1.762E+03 5.875E+02 3.629E+03 3.632E+03 1.717E+06 27.8247 1.00000
  9.000E+08 9.000E+08 3.397E+00 1.439E+03 1.983E+03 6.701E+02 4.092E+03 4.095E+03 1.743E+06 28.0603 1.00000
  1.000E+09 1.000E+09 3.412E+00 1.599E+03 2.203E+03 7.537E+02 4.556E+03 4.559E+03 1.766E+06 28.2710 1.00000
