 Incident particle is a Muon with M = 105.65839 MeV
 Index = 0: PVC
      Absorber with <Z/A> = 0.51201
 Density effect computed following Fano (1963)
 Models for Radloss: brems =  SSR, pair =  SSR, photonuc = DRSS

 *** Table generated with PUMAS v1.1 ***

      T         p     Ionization  brems     pair     photonuc  Radloss    dE/dx   CSDA Range  delta   beta
    [MeV]    [MeV/c]  -----------------------[MeV cm^2/g]------------------------  [g/cm^2]
  1.000E+00 1.457E+01 4.353E+01 0.000E+00 0.000E+00 0.000E+00 0.000E+00 4.353E+01 1.149E-02  0.0000 0.13661
  1.200E+00 1.597E+01 3.764E+01 0.000E+00 0.000E+00 0.000E+00 0.000E+00 3.764E+01 1.644E-02  0.0000 0.14944
  1.400E+00 1.726E+01 3.327E+01 0.000E+00 0.000E+00 0.000E+00 0.000E+00 3.327E+01 2.211E-02  0.0000 0.16119
  1.700E+00 1.903E+01 2.847E+01 0.000E+00 0.000E+00 0.000E+00 0.000E+00 2.847E+01 3.189E-02  0.0000 0.17725
  2.000E+00 2.066E+01 2.497E+01 0.000E+00 0.000E+00 0.000E+00 0.000E+00 2.497E+01 4.317E-02  0.0000 0.19186
  2.500E+00 2.312E+01 2.086E+01 0.000E+00 0.000E+00 0.000E+00 0.000E+00 2.086E+01 6.517E-02  0.0000 0.21376
  3.000E+00 2.536E+01 1.801E+01 0.000E+00 0.000E+00 0.000E+00 0.000E+00 1.801E+01 9.104E-02  0.0000 0.23336
  3.500E+00 2.742E+01 1.592E+01 0.000E+00 0.000E+00 0.000E+00 0.000E+00 1.592E+01 1.206E-01  0.0000 0.25120
  4.000E+00 2.935E+01 1.430E+01 0.000E+00 0.000E+00 0.000E+00 0.000E+00 1.430E+01 1.538E-01  0.0000 0.26763
  4.500E+00 3.116E+01 1.302E+01 0.000E+00 0.000E+00 0.000E+00 0.000E+00 1.302E+01 1.905E-01  0.0000 0.28290
  5.000E+00 3.289E+01 1.197E+01 0.000E+00 0.000E+00 0.000E+00 0.000E+00 1.197E+01 2.306E-01  0.0000 0.29720
  5.500E+00 3.453E+01 1.110E+01 0.000E+00 0.000E+00 0.000E+00 0.000E+00 1.110E+01 2.740E-01  0.0000 0.31066
  6.000E+00 3.611E+01 1.037E+01 0.000E+00 0.000E+00 0.000E+00 0.000E+00 1.037E+01 3.207E-01  0.0000 0.32339
  7.000E+00 3.909E+01 9.192E+00 0.000E+00 0.000E+00 0.000E+00 0.000E+00 9.192E+00 4.233E-01  0.0000 0.34700
  8.000E+00 4.189E+01 8.291E+00 0.000E+00 0.000E+00 0.000E+00 0.000E+00 8.291E+00 5.381E-01  0.0000 0.36854
  9.000E+00 4.453E+01 7.578E+00 0.000E+00 0.000E+00 0.000E+00 0.000E+00 7.578E+00 6.644E-01  0.0000 0.38836
  1.000E+01 4.704E+01 6.998E+00 0.000E+00 0.000E+00 0.000E+00 0.000E+00 6.998E+00 8.019E-01  0.0000 0.40675
  1.200E+01 5.177E+01 6.114E+00 0.000E+00 0.000E+00 0.000E+00 0.000E+00 6.114E+00 1.109E+00  0.0000 0.43998
  1.400E+01 5.616E+01 5.469E+00 0.000E+00 0.000E+00 0.000E+00 0.000E+00 5.469E+00 1.455E+00  0.0000 0.46937
  1.700E+01 6.230E+01 4.774E+00 0.000E+00 0.000E+00 0.000E+00 0.000E+00 4.774E+00 2.044E+00  0.0000 0.50792
  2.000E+01 6.802E+01 4.279E+00 0.000E+00 0.000E+00 0.000E+00 0.000E+00 4.279E+00 2.710E+00  0.0000 0.54129
  2.500E+01 7.686E+01 3.710E+00 3.167E-10 0.000E+00 0.000E+00 3.167E-10 3.710E+00 3.970E+00  0.0000 0.58827
  3.000E+01 8.509E+01 3.326E+00 4.642E-08 0.000E+00 0.000E+00 4.642E-08 3.326E+00 5.397E+00  0.0000 0.62720
  3.500E+01 9.285E+01 3.050E+00 5.422E-08 0.000E+00 0.000E+00 5.422E-08 3.050E+00 6.970E+00  0.0000 0.66011
  4.000E+01 1.003E+02 2.843E+00 5.806E-08 0.000E+00 0.000E+00 5.806E-08 2.843E+00 8.670E+00  0.0000 0.68834
  4.500E+01 1.074E+02 2.683E+00 6.203E-08 0.000E+00 0.000E+00 6.203E-08 2.683E+00 1.048E+01  0.0000 0.71286
  5.000E+01 1.143E+02 2.556E+00 6.611E-08 0.000E+00 0.000E+00 6.611E-08 2.556E+00 1.239E+01  0.0001 0.73434
  5.500E+01 1.210E+02 2.452E+00 7.033E-08 0.000E+00 0.000E+00 7.033E-08 2.452E+00 1.439E+01  0.0015 0.75332
  6.000E+01 1.276E+02 2.366E+00 7.467E-08 0.000E+00 0.000E+00 7.467E-08 2.366E+00 1.647E+01  0.0047 0.77019
  7.000E+01 1.403E+02 2.234E+00 8.371E-08 0.000E+00 0.000E+00 8.371E-08 2.234E+00 2.082E+01  0.0153 0.79887
  8.000E+01 1.527E+02 2.137E+00 9.325E-08 0.000E+00 0.000E+00 9.325E-08 2.137E+00 2.540E+01  0.0305 0.82227
  9.000E+01 1.647E+02 2.064E+00 1.033E-07 0.000E+00 0.000E+00 1.033E-07 2.064E+00 3.017E+01  0.0490 0.84166
  1.000E+02 1.764E+02 2.008E+00 1.138E-07 0.000E+00 0.000E+00 1.138E-07 2.008E+00 3.508E+01  0.0701 0.85794
  1.200E+02 1.994E+02 1.928E+00 1.362E-07 0.000E+00 0.000E+00 1.362E-07 1.928E+00 4.526E+01  0.1172 0.88361
  1.400E+02 2.218E+02 1.877E+00 2.017E-06 0.000E+00 0.000E+00 2.017E-06 1.877E+00 5.578E+01  0.1682 0.90278
  1.700E+02 2.546E+02 1.829E+00 5.263E-06 4.965E-10 0.000E+00 5.263E-06 1.829E+00 7.199E+01  0.2479 0.92363
  2.000E+02 2.868E+02 1.803E+00 7.327E-06 3.660E-09 0.000E+00 7.331E-06 1.803E+00 8.852E+01  0.3278 0.93835
  2.500E+02 3.396E+02 1.783E+00 2.520E-05 1.400E-07 0.000E+00 2.534E-05 1.783E+00 1.164E+02  0.4569 0.95485
  3.000E+02 3.917E+02 1.778E+00 4.870E-05 1.223E-06 0.000E+00 4.992E-05 1.778E+00 1.445E+02  0.5783 0.96548
  3.500E+02 4.432E+02 1.781E+00 6.701E-05 3.260E-06 0.000E+00 7.027E-05 1.781E+00 1.726E+02  0.6914 0.97274
  4.000E+02 4.945E+02 1.787E+00 8.400E-05 6.248E-06 0.000E+00 9.025E-05 1.787E+00 2.007E+02  0.7966 0.97793
  4.500E+02 5.455E+02 1.796E+00 1.008E-04 1.017E-05 0.000E+00 1.109E-04 1.796E+00 2.286E+02  0.8946 0.98176
  5.000E+02 5.964E+02 1.806E+00 1.177E-04 1.500E-05 0.000E+00 1.327E-04 1.806E+00 2.563E+02  0.9863 0.98467
  5.500E+02 6.471E+02 1.816E+00 1.351E-04 2.071E-05 1.534E-05 1.711E-04 1.816E+00 2.839E+02  1.0724 0.98693
  6.000E+02 6.977E+02 1.827E+00 1.529E-04 2.728E-05 5.108E-05 2.313E-04 1.827E+00 3.114E+02  1.1534 0.98873
  7.000E+02 7.987E+02 1.847E+00 1.902E-04 4.290E-05 1.222E-04 3.553E-04 1.847E+00 3.658E+02  1.3026 0.99136
  8.000E+02 8.995E+02 1.866E+00 2.295E-04 6.164E-05 1.894E-04 4.805E-04 1.867E+00 4.197E+02  1.4377 0.99317
  9.000E+02 1.000E+03 1.885E+00 2.708E-04 8.331E-05 2.536E-04 6.077E-04 1.885E+00 4.730E+02  1.5613 0.99447
  1.000E+03 1.101E+03 1.902E+00 3.140E-04 1.077E-04 3.158E-04 7.376E-04 1.903E+00 5.258E+02  1.6756 0.99542
  1.200E+03 1.301E+03 1.933E+00 4.058E-04 1.643E-04 4.362E-04 1.006E-03 1.934E+00 6.300E+02  1.8819 0.99672
  1.400E+03 1.502E+03 1.959E+00 5.040E-04 2.301E-04 5.529E-04 1.287E-03 1.961E+00 7.327E+02  2.0657 0.99753
  1.700E+03 1.803E+03 1.993E+00 6.614E-04 3.444E-04 7.230E-04 1.729E-03 1.995E+00 8.844E+02  2.3106 0.99829
  2.000E+03 2.103E+03 2.022E+00 8.295E-04 4.753E-04 8.887E-04 2.193E-03 2.024E+00 1.034E+03  2.5280 0.99874
  2.500E+03 2.604E+03 2.061E+00 1.129E-03 7.251E-04 1.157E-03 3.012E-03 2.064E+00 1.278E+03  2.8461 0.99918
  3.000E+03 3.104E+03 2.091E+00 1.450E-03 1.009E-03 1.418E-03 3.878E-03 2.095E+00 1.519E+03  3.1225 0.99942
  3.500E+03 3.604E+03 2.117E+00 1.788E-03 1.322E-03 1.673E-03 4.784E-03 2.122E+00 1.756E+03  3.3669 0.99957
  4.000E+03 4.104E+03 2.139E+00 2.141E-03 1.675E-03 1.923E-03 5.740E-03 2.144E+00 1.990E+03  3.5856 0.99967
  4.500E+03 4.604E+03 2.158E+00 2.508E-03 2.057E-03 2.169E-03 6.734E-03 2.164E+00 2.222E+03  3.7833 0.99974
  5.000E+03 5.105E+03 2.174E+00 2.886E-03 2.461E-03 2.410E-03 7.758E-03 2.182E+00 2.452E+03  3.9635 0.99979
  5.500E+03 5.605E+03 2.189E+00 3.275E-03 2.886E-03 2.648E-03 8.809E-03 2.198E+00 2.681E+03  4.1289 0.99982
  6.000E+03 6.105E+03 2.202E+00 3.674E-03 3.329E-03 2.883E-03 9.887E-03 2.212E+00 2.907E+03  4.2816 0.99985
  7.000E+03 7.105E+03 2.225E+00 4.498E-03 4.266E-03 3.346E-03 1.211E-02 2.238E+00 3.357E+03  4.5557 0.99989
  8.000E+03 8.105E+03 2.245E+00 5.352E-03 5.262E-03 3.799E-03 1.441E-02 2.260E+00 3.801E+03  4.7964 0.99992
  9.000E+03 9.105E+03 2.262E+00 6.233E-03 6.310E-03 4.245E-03 1.679E-02 2.279E+00 4.242E+03  5.0108 0.99993
  1.000E+04 1.011E+04 2.278E+00 7.138E-03 7.404E-03 4.684E-03 1.923E-02 2.297E+00 4.679E+03  5.2040 0.99995
  1.200E+04 1.211E+04 2.303E+00 9.008E-03 9.714E-03 5.547E-03 2.427E-02 2.328E+00 5.544E+03  5.5414 0.99996
  1.400E+04 1.411E+04 2.325E+00 1.095E-02 1.216E-02 6.392E-03 2.950E-02 2.354E+00 6.398E+03  5.8292 0.99997
  1.700E+04 1.711E+04 2.351E+00 1.397E-02 1.605E-02 7.634E-03 3.766E-02 2.389E+00 7.663E+03  6.1950 0.99998
  2.000E+04 2.011E+04 2.372E+00 1.710E-02 2.015E-02 8.853E-03 4.611E-02 2.418E+00 8.911E+03  6.5037 0.99999
  2.500E+04 2.511E+04 2.401E+00 2.252E-02 2.738E-02 1.085E-02 6.075E-02 2.462E+00 1.096E+04  6.9315 0.99999
  3.000E+04 3.011E+04 2.423E+00 2.814E-02 3.499E-02 1.281E-02 7.594E-02 2.499E+00 1.298E+04  7.2840 0.99999
  3.500E+04 3.511E+04 2.442E+00 3.393E-02 4.292E-02 1.474E-02 9.160E-02 2.534E+00 1.496E+04  7.5839 1.00000
  4.000E+04 4.011E+04 2.458E+00 3.987E-02 5.111E-02 1.666E-02 1.076E-01 2.566E+00 1.692E+04  7.8451 1.00000
  4.500E+04 4.511E+04 2.472E+00 4.592E-02 5.952E-02 1.856E-02 1.240E-01 2.596E+00 1.886E+04  8.0763 1.00000
  5.000E+04 5.011E+04 2.484E+00 5.208E-02 6.812E-02 2.045E-02 1.407E-01 2.624E+00 2.078E+04  8.2837 1.00000
  5.500E+04 5.511E+04 2.495E+00 5.834E-02 7.689E-02 2.233E-02 1.576E-01 2.652E+00 2.267E+04  8.4718 1.00000
  6.000E+04 6.011E+04 2.504E+00 6.468E-02 8.581E-02 2.421E-02 1.747E-01 2.679E+00 2.455E+04  8.6438 1.00000
  7.000E+04 7.011E+04 2.522E+00 7.758E-02 1.040E-01 2.795E-02 2.096E-01 2.731E+00 2.824E+04  8.9491 1.00000
  8.000E+04 8.011E+04 2.536E+00 9.075E-02 1.227E-01 3.168E-02 2.451E-01 2.781E+00 3.187E+04  9.2142 1.00000
  9.000E+04 9.011E+04 2.549E+00 1.041E-01 1.417E-01 3.539E-02 2.812E-01 2.830E+00 3.544E+04  9.4483 1.00000
  1.000E+05 1.001E+05 2.561E+00 1.177E-01 1.610E-01 3.911E-02 3.179E-01 2.878E+00 3.894E+04  9.6580 1.00000
  1.200E+05 1.201E+05 2.580E+00 1.454E-01 2.005E-01 4.654E-02 3.924E-01 2.972E+00 4.578E+04 10.0212 1.00000
  1.400E+05 1.401E+05 2.596E+00 1.736E-01 2.407E-01 5.397E-02 4.683E-01 3.065E+00 5.240E+04 10.3286 1.00000
  1.700E+05 1.701E+05 2.617E+00 2.168E-01 3.023E-01 6.516E-02 5.843E-01 3.201E+00 6.198E+04 10.7161 1.00000
  2.000E+05 2.001E+05 2.634E+00 2.609E-01 3.651E-01 7.640E-02 7.023E-01 3.336E+00 7.116E+04 11.0406 1.00000
  2.500E+05 2.501E+05 2.658E+00 3.357E-01 4.716E-01 9.525E-02 9.025E-01 3.560E+00 8.566E+04 11.4863 1.00000
  3.000E+05 3.001E+05 2.677E+00 4.119E-01 5.798E-01 1.143E-01 1.106E+00 3.783E+00 9.928E+04 11.8506 1.00000
  3.500E+05 3.501E+05 2.693E+00 4.893E-01 6.894E-01 1.334E-01 1.312E+00 4.005E+00 1.121E+05 12.1587 1.00000
  4.000E+05 4.001E+05 2.707E+00 5.676E-01 8.001E-01 1.527E-01 1.520E+00 4.227E+00 1.243E+05 12.4256 1.00000
  4.500E+05 4.501E+05 2.719E+00 6.466E-01 9.116E-01 1.722E-01 1.730E+00 4.450E+00 1.358E+05 12.6611 1.00000
  5.000E+05 5.001E+05 2.730E+00 7.263E-01 1.024E+00 1.918E-01 1.942E+00 4.672E+00 1.468E+05 12.8717 1.00000
  5.500E+05 5.501E+05 2.740E+00 8.066E-01 1.137E+00 2.115E-01 2.155E+00 4.895E+00 1.572E+05 13.0623 1.00000
  6.000E+05 6.001E+05 2.750E+00 8.874E-01 1.250E+00 2.314E-01 2.369E+00 5.118E+00 1.672E+05 13.2363 1.00000
  7.000E+05 7.001E+05 2.766E+00 1.050E+00 1.478E+00 2.715E-01 2.800E+00 5.566E+00 1.859E+05 13.5445 1.00000
  8.000E+05 8.001E+05 2.780E+00 1.215E+00 1.707E+00 3.120E-01 3.234E+00 6.014E+00 2.032E+05 13.8115 1.00000
  9.000E+05 9.001E+05 2.793E+00 1.380E+00 1.938E+00 3.529E-01 3.671E+00 6.464E+00 2.193E+05 14.0470 1.00000
  1.000E+06 1.000E+06 2.804E+00 1.547E+00 2.169E+00 3.942E-01 4.110E+00 6.914E+00 2.342E+05 14.2577 1.00000
  1.200E+06 1.200E+06 2.824E+00 1.882E+00 2.634E+00 4.778E-01 4.994E+00 7.818E+00 2.614E+05 14.6223 1.00000
  1.400E+06 1.400E+06 2.840E+00 2.221E+00 3.102E+00 5.626E-01 5.885E+00 8.725E+00 2.856E+05 14.9306 1.00000
  1.700E+06 1.700E+06 2.861E+00 2.732E+00 3.806E+00 6.919E-01 7.230E+00 1.009E+01 3.176E+05 15.3188 1.00000
  2.000E+06 2.000E+06 2.879E+00 3.247E+00 4.513E+00 8.234E-01 8.583E+00 1.146E+01 3.454E+05 15.6439 1.00000
  2.500E+06 2.500E+06 2.904E+00 4.111E+00 5.696E+00 1.047E+00 1.085E+01 1.376E+01 3.852E+05 16.0901 1.00000
  3.000E+06 3.000E+06 2.924E+00 4.981E+00 6.883E+00 1.274E+00 1.314E+01 1.606E+01 4.188E+05 16.4548 1.00000
  3.500E+06 3.500E+06 2.941E+00 5.855E+00 8.073E+00 1.506E+00 1.543E+01 1.837E+01 4.479E+05 16.7630 1.00000
  4.000E+06 4.000E+06 2.956E+00 6.732E+00 9.265E+00 1.740E+00 1.774E+01 2.069E+01 4.735E+05 17.0301 1.00000
  4.500E+06 4.500E+06 2.970E+00 7.612E+00 1.046E+01 1.978E+00 2.005E+01 2.302E+01 4.964E+05 17.2657 1.00000
  5.000E+06 5.000E+06 2.982E+00 8.494E+00 1.165E+01 2.219E+00 2.237E+01 2.535E+01 5.171E+05 17.4764 1.00000
  5.500E+06 5.500E+06 2.993E+00 9.378E+00 1.285E+01 2.462E+00 2.469E+01 2.768E+01 5.360E+05 17.6670 1.00000
  6.000E+06 6.000E+06 3.003E+00 1.026E+01 1.405E+01 2.707E+00 2.702E+01 3.002E+01 5.533E+05 17.8410 1.00000
  7.000E+06 7.000E+06 3.020E+00 1.204E+01 1.645E+01 3.204E+00 3.169E+01 3.471E+01 5.843E+05 18.1493 1.00000
  8.000E+06 8.000E+06 3.036E+00 1.382E+01 1.885E+01 3.709E+00 3.637E+01 3.941E+01 6.113E+05 18.4164 1.00000
  9.000E+06 9.000E+06 3.050E+00 1.560E+01 2.125E+01 4.221E+00 4.107E+01 4.412E+01 6.353E+05 18.6519 1.00000
  1.000E+07 1.000E+07 3.062E+00 1.738E+01 2.365E+01 4.738E+00 4.578E+01 4.884E+01 6.568E+05 18.8626 1.00000
  1.200E+07 1.200E+07 3.083E+00 2.096E+01 2.847E+01 5.791E+00 5.522E+01 5.830E+01 6.943E+05 19.2273 1.00000
  1.400E+07 1.400E+07 3.102E+00 2.454E+01 3.328E+01 6.862E+00 6.469E+01 6.779E+01 7.260E+05 19.5356 1.00000
  1.700E+07 1.700E+07 3.125E+00 2.992E+01 4.051E+01 8.501E+00 7.894E+01 8.206E+01 7.662E+05 19.9239 1.00000
  2.000E+07 2.000E+07 3.145E+00 3.532E+01 4.775E+01 1.017E+01 9.324E+01 9.638E+01 7.999E+05 20.2489 1.00000
  2.500E+07 2.500E+07 3.172E+00 4.431E+01 5.981E+01 1.302E+01 1.171E+02 1.203E+02 8.463E+05 20.6952 1.00000
  3.000E+07 3.000E+07 3.194E+00 5.332E+01 7.189E+01 1.593E+01 1.411E+02 1.443E+02 8.842E+05 21.0599 1.00000
  3.500E+07 3.500E+07 3.213E+00 6.234E+01 8.396E+01 1.890E+01 1.652E+02 1.684E+02 9.162E+05 21.3682 1.00000
  4.000E+07 4.000E+07 3.230E+00 7.136E+01 9.604E+01 2.192E+01 1.893E+02 1.926E+02 9.439E+05 21.6352 1.00000
  4.500E+07 4.500E+07 3.245E+00 8.039E+01 1.081E+02 2.498E+01 2.135E+02 2.167E+02 9.684E+05 21.8708 1.00000
  5.000E+07 5.000E+07 3.258E+00 8.942E+01 1.202E+02 2.808E+01 2.377E+02 2.410E+02 9.903E+05 22.0815 1.00000
  5.500E+07 5.500E+07 3.270E+00 9.845E+01 1.323E+02 3.122E+01 2.620E+02 2.652E+02 1.010E+06 22.2721 1.00000
  6.000E+07 6.000E+07 3.281E+00 1.075E+02 1.444E+02 3.438E+01 2.863E+02 2.895E+02 1.028E+06 22.4461 1.00000
  7.000E+07 7.000E+07 3.301E+00 1.256E+02 1.686E+02 4.081E+01 3.350E+02 3.383E+02 1.060E+06 22.7544 1.00000
  8.000E+07 8.000E+07 3.318E+00 1.437E+02 1.928E+02 4.735E+01 3.838E+02 3.871E+02 1.088E+06 23.0215 1.00000
  9.000E+07 9.000E+07 3.334E+00 1.617E+02 2.169E+02 5.398E+01 4.327E+02 4.360E+02 1.112E+06 23.2571 1.00000
  1.000E+08 1.000E+08 3.347E+00 1.798E+02 2.411E+02 6.071E+01 4.817E+02 4.850E+02 1.134E+06 23.4678 1.00000
  1.200E+08 1.200E+08 3.371E+00 2.160E+02 2.895E+02 7.438E+01 5.799E+02 5.833E+02 1.171E+06 23.8324 1.00000
  1.400E+08 1.400E+08 3.392E+00 2.523E+02 3.379E+02 8.832E+01 6.785E+02 6.819E+02 1.203E+06 24.1407 1.00000
  1.700E+08 1.700E+08 3.418E+00 3.066E+02 4.105E+02 1.097E+02 8.268E+02 8.302E+02 1.243E+06 24.5290 1.00000
  2.000E+08 2.000E+08 3.440E+00 3.609E+02 4.831E+02 1.315E+02 9.755E+02 9.790E+02 1.276E+06 24.8541 1.00000
  2.500E+08 2.500E+08 3.470E+00 4.515E+02 6.041E+02 1.687E+02 1.224E+03 1.228E+03 1.322E+06 25.3004 1.00000
  3.000E+08 3.000E+08 3.495E+00 5.421E+02 7.251E+02 2.068E+02 1.474E+03 1.478E+03 1.359E+06 25.6650 1.00000
  3.500E+08 3.500E+08 3.516E+00 6.327E+02 8.462E+02 2.457E+02 1.725E+03 1.728E+03 1.390E+06 25.9733 1.00000
  4.000E+08 4.000E+08 3.535E+00 7.233E+02 9.672E+02 2.853E+02 1.976E+03 1.979E+03 1.417E+06 26.2404 1.00000
  4.500E+08 4.500E+08 3.552E+00 8.139E+02 1.088E+03 3.255E+02 2.228E+03 2.231E+03 1.441E+06 26.4759 1.00000
  5.000E+08 5.000E+08 3.566E+00 9.045E+02 1.209E+03 3.662E+02 2.480E+03 2.484E+03 1.462E+06 26.6867 1.00000
  5.500E+08 5.500E+08 3.580E+00 9.951E+02 1.330E+03 4.075E+02 2.733E+03 2.736E+03 1.481E+06 26.8773 1.00000
  6.000E+08 6.000E+08 3.592E+00 1.086E+03 1.451E+03 4.492E+02 2.986E+03 2.990E+03 1.499E+06 27.0513 1.00000
  7.000E+08 7.000E+08 3.614E+00 1.267E+03 1.693E+03 5.338E+02 3.494E+03 3.498E+03 1.529E+06 27.3596 1.00000
  8.000E+08 8.000E+08 3.634E+00 1.448E+03 1.936E+03 6.200E+02 4.004E+03 4.007E+03 1.556E+06 27.6266 1.00000
  9.000E+08 9.000E+08 3.651E+00 1.629E+03 2.178E+03 7.074E+02 4.515E+03 4.518E+03 1.580E+06 27.8621 1.00000
  1.000E+09 1.000E+09 3.666E+00 1.811E+03 2.420E+03 7.961E+02 5.027E+03 5.030E+03 1.601E+06 28.0728 1.00000
  1.200E+09 1.200E+09 3.693E+00 2.173E+03 2.904E+03 9.768E+02 6.054E+03 6.058E+03 1.637E+06 28.4375 1.00000
  1.400E+09 1.400E+09 3.716E+00 2.536E+03 3.388E+03 1.161E+03 7.085E+03 7.089E+03 1.667E+06 28.7454 1.00000
  1.700E+09 1.700E+09 3.745E+00 3.080E+03 4.115E+03 1.444E+03 8.638E+03 8.642E+03 1.706E+06 29.1337 1.00000
  2.000E+09 2.000E+09 3.769E+00 3.623E+03 4.841E+03 1.733E+03 1.020E+04 1.020E+04 1.737E+06 29.4572 1.00000
  2.500E+09 2.500E+09 3.803E+00 4.530E+03 6.051E+03 2.227E+03 1.281E+04 1.281E+04 1.781E+06 29.9035 1.00000
  3.000E+09 3.000E+09 3.832E+00 5.436E+03 7.262E+03 2.734E+03 1.543E+04 1.544E+04 1.817E+06 30.2617 1.00000
  3.500E+09 3.500E+09 3.856E+00 6.342E+03 8.473E+03 3.251E+03 1.807E+04 1.807E+04 1.847E+06 30.5700 1.00000
  4.000E+09 4.000E+09 3.876E+00 7.249E+03 9.683E+03 3.779E+03 2.071E+04 2.071E+04 1.872E+06 30.8370 1.00000
  4.500E+09 4.500E+09 3.897E+00 8.155E+03 1.089E+04 4.314E+03 2.336E+04 2.337E+04 1.895E+06 31.0434 1.00000
  5.000E+09 5.000E+09 3.914E+00 9.062E+03 1.210E+04 4.858E+03 2.602E+04 2.603E+04 1.915E+06 31.2542 1.00000
  5.500E+09 5.500E+09 3.929E+00 9.968E+03 1.331E+04 5.408E+03 2.869E+04 2.869E+04 1.934E+06 31.4448 1.00000
  6.000E+09 6.000E+09 3.943E+00 1.087E+04 1.453E+04 5.965E+03 3.136E+04 3.137E+04 1.950E+06 31.6188 1.00000
  7.000E+09 7.000E+09 3.967E+00 1.269E+04 1.695E+04 7.096E+03 3.673E+04 3.673E+04 1.980E+06 31.9271 1.00000
  8.000E+09 8.000E+09 4.001E+00 1.450E+04 1.937E+04 8.249E+03 4.212E+04 4.212E+04 2.005E+06 32.0387 1.00000
  9.000E+09 9.000E+09 4.020E+00 1.631E+04 2.179E+04 9.421E+03 4.752E+04 4.753E+04 2.027E+06 32.2743 1.00000
  1.000E+10 1.000E+10 4.037E+00 1.813E+04 2.421E+04 1.061E+04 5.295E+04 5.295E+04 2.047E+06 32.4850 1.00000
  1.200E+10 1.200E+10 4.067E+00 2.175E+04 2.905E+04 1.303E+04 6.384E+04 6.384E+04 2.082E+06 32.8496 1.00000
  1.400E+10 1.400E+10 4.093E+00 2.538E+04 3.390E+04 1.551E+04 7.478E+04 7.479E+04 2.111E+06 33.1579 1.00000
  1.700E+10 1.700E+10 4.125E+00 3.081E+04 4.116E+04 1.931E+04 9.129E+04 9.129E+04 2.147E+06 33.5462 1.00000
  2.000E+10 2.000E+10 4.153E+00 3.625E+04 4.842E+04 2.321E+04 1.079E+05 1.079E+05 2.177E+06 33.8713 1.00000
  2.500E+10 2.500E+10 4.191E+00 4.532E+04 6.053E+04 2.987E+04 1.357E+05 1.357E+05 2.218E+06 34.3176 1.00000
  3.000E+10 3.000E+10 4.222E+00 5.438E+04 7.263E+04 3.671E+04 1.637E+05 1.637E+05 2.252E+06 34.6822 1.00000
  3.500E+10 3.500E+10 4.249E+00 6.344E+04 8.474E+04 4.371E+04 1.919E+05 1.919E+05 2.280E+06 34.9905 1.00000
  4.000E+10 4.000E+10 4.272E+00 7.251E+04 9.685E+04 5.085E+04 2.202E+05 2.202E+05 2.304E+06 35.2576 1.00000
  4.500E+10 4.500E+10 4.292E+00 8.157E+04 1.090E+05 5.810E+04 2.486E+05 2.486E+05 2.326E+06 35.4931 1.00000
  5.000E+10 5.000E+10 4.311E+00 9.063E+04 1.211E+05 6.547E+04 2.772E+05 2.772E+05 2.345E+06 35.7039 1.00000
  5.500E+10 5.500E+10 4.328E+00 9.970E+04 1.332E+05 7.294E+04 3.058E+05 3.058E+05 2.362E+06 35.8945 1.00000
  6.000E+10 6.000E+10 4.343E+00 1.088E+05 1.453E+05 8.050E+04 3.345E+05 3.345E+05 2.378E+06 36.0685 1.00000
  7.000E+10 7.000E+10 4.371E+00 1.269E+05 1.695E+05 9.588E+04 3.923E+05 3.923E+05 2.405E+06 36.3768 1.00000
  8.000E+10 8.000E+10 4.395E+00 1.450E+05 1.937E+05 1.116E+05 4.503E+05 4.503E+05 2.429E+06 36.6439 1.00000
  9.000E+10 9.000E+10 4.416E+00 1.631E+05 2.179E+05 1.275E+05 5.086E+05 5.086E+05 2.450E+06 36.8794 1.00000
  1.000E+11 1.000E+11 4.436E+00 1.813E+05 2.421E+05 1.437E+05 5.671E+05 5.671E+05 2.468E+06 37.0902 1.00000
  1.200E+11 1.200E+11 4.469E+00 2.175E+05 2.905E+05 1.768E+05 6.849E+05 6.849E+05 2.500E+06 37.4548 1.00000
  1.400E+11 1.400E+11 4.498E+00 2.538E+05 3.390E+05 2.107E+05 8.034E+05 8.034E+05 2.527E+06 37.7631 1.00000
  1.700E+11 1.700E+11 4.534E+00 3.082E+05 4.116E+05 2.627E+05 9.825E+05 9.825E+05 2.561E+06 38.1514 1.00000
  2.000E+11 2.000E+11 4.564E+00 3.625E+05 4.842E+05 3.161E+05 1.163E+06 1.163E+06 2.589E+06 38.4765 1.00000
  2.500E+11 2.500E+11 4.607E+00 4.532E+05 6.053E+05 4.075E+05 1.466E+06 1.466E+06 2.627E+06 38.9227 1.00000
  3.000E+11 3.000E+11 4.642E+00 5.438E+05 7.263E+05 5.016E+05 1.772E+06 1.772E+06 2.658E+06 39.2874 1.00000
  3.500E+11 3.500E+11 4.672E+00 6.345E+05 8.474E+05 5.980E+05 2.080E+06 2.080E+06 2.684E+06 39.5957 1.00000
  4.000E+11 4.000E+11 4.698E+00 7.251E+05 9.684E+05 6.964E+05 2.390E+06 2.390E+06 2.707E+06 39.8627 1.00000
  4.500E+11 4.500E+11 4.721E+00 8.157E+05 1.089E+06 7.965E+05 2.702E+06 2.702E+06 2.726E+06 40.0983 1.00000
  5.000E+11 5.000E+11 4.741E+00 9.064E+05 1.211E+06 8.983E+05 3.015E+06 3.015E+06 2.744E+06 40.3090 1.00000
  5.500E+11 5.500E+11 4.760E+00 9.970E+05 1.332E+06 1.002E+06 3.330E+06 3.330E+06 2.760E+06 40.4997 1.00000
  6.000E+11 6.000E+11 4.777E+00 1.088E+06 1.453E+06 1.106E+06 3.646E+06 3.646E+06 2.774E+06 40.6737 1.00000
  7.000E+11 7.000E+11 4.808E+00 1.269E+06 1.695E+06 1.319E+06 4.283E+06 4.283E+06 2.799E+06 40.9820 1.00000
  8.000E+11 8.000E+11 4.835E+00 1.450E+06 1.937E+06 1.537E+06 4.924E+06 4.924E+06 2.821E+06 41.2490 1.00000
  9.000E+11 9.000E+11 4.859E+00 1.631E+06 2.179E+06 1.758E+06 5.569E+06 5.569E+06 2.840E+06 41.4846 1.00000
  1.000E+12 1.000E+12 4.880E+00 1.813E+06 2.421E+06 1.984E+06 6.217E+06 6.217E+06 2.857E+06 41.6953 1.00000
