 Incident particle is a Muon with M = 105.65839 MeV
 Index = 0: RubberButyl
      Absorber with <Z/A> = 0.57023
 Sternheimer coef:  a     k=m_s   x_0    x_1    I[eV]   Cbar  delta0
                 0.1211  3.4296  0.1347  2.5154   56.5  2.9915 0.00

 *** Table generated with PUMAS v1.00 ***

      T         p     Ionization  brems     pair     photonuc  Radloss    dE/dx   CSDA Range  delta   beta
    [MeV]    [MeV/c]  -----------------------[MeV cm^2/g]------------------------  [g/cm^2]
  1.000E+00 1.457E+01 5.458E+01 6.086E-07 0.000E+00 0.000E+00 6.086E-07 5.458E+01 9.161E-03  0.0000 0.13661
  1.200E+00 1.597E+01 4.702E+01 6.959E-07 0.000E+00 0.000E+00 6.959E-07 4.702E+01 1.312E-02  0.0000 0.14944
  1.400E+00 1.726E+01 4.143E+01 7.793E-07 0.000E+00 0.000E+00 7.793E-07 4.143E+01 1.766E-02  0.0000 0.16119
  1.700E+00 1.903E+01 3.533E+01 8.985E-07 0.000E+00 0.000E+00 8.985E-07 3.533E+01 2.553E-02  0.0000 0.17725
  2.000E+00 2.066E+01 3.091E+01 1.012E-06 0.000E+00 0.000E+00 1.012E-06 3.091E+01 3.463E-02  0.0000 0.19186
  2.500E+00 2.312E+01 2.573E+01 1.189E-06 0.000E+00 0.000E+00 1.189E-06 2.573E+01 5.243E-02  0.0000 0.21376
  3.000E+00 2.536E+01 2.215E+01 1.355E-06 0.000E+00 0.000E+00 1.355E-06 2.215E+01 7.344E-02  0.0000 0.23336
  3.500E+00 2.742E+01 1.953E+01 1.513E-06 0.000E+00 0.000E+00 1.513E-06 1.953E+01 9.752E-02  0.0000 0.25120
  4.000E+00 2.935E+01 1.752E+01 1.662E-06 0.000E+00 0.000E+00 1.662E-06 1.752E+01 1.246E-01  0.0000 0.26763
  4.500E+00 3.116E+01 1.592E+01 1.805E-06 0.000E+00 0.000E+00 1.805E-06 1.592E+01 1.546E-01  0.0000 0.28290
  5.000E+00 3.289E+01 1.462E+01 1.942E-06 0.000E+00 0.000E+00 1.942E-06 1.462E+01 1.874E-01  0.0000 0.29720
  5.500E+00 3.453E+01 1.354E+01 2.074E-06 0.000E+00 0.000E+00 2.074E-06 1.354E+01 2.229E-01  0.0000 0.31066
  6.000E+00 3.611E+01 1.263E+01 2.202E-06 0.000E+00 0.000E+00 2.202E-06 1.263E+01 2.612E-01  0.0000 0.32339
  7.000E+00 3.909E+01 1.118E+01 2.445E-06 0.000E+00 0.000E+00 2.445E-06 1.118E+01 3.455E-01  0.0000 0.34700
  8.000E+00 4.189E+01 1.007E+01 2.674E-06 0.000E+00 0.000E+00 2.674E-06 1.007E+01 4.398E-01  0.0000 0.36854
  9.000E+00 4.453E+01 9.193E+00 2.892E-06 0.000E+00 0.000E+00 2.892E-06 9.193E+00 5.439E-01  0.0000 0.38836
  1.000E+01 4.704E+01 8.482E+00 3.100E-06 0.000E+00 0.000E+00 3.100E-06 8.482E+00 6.572E-01  0.0000 0.40675
  1.200E+01 5.177E+01 7.397E+00 3.492E-06 0.000E+00 0.000E+00 3.492E-06 7.397E+00 9.103E-01  0.0000 0.43998
  1.400E+01 5.616E+01 6.608E+00 3.858E-06 0.000E+00 0.000E+00 3.858E-06 6.608E+00 1.197E+00  0.0000 0.46937
  1.700E+01 6.230E+01 5.758E+00 4.369E-06 0.000E+00 0.000E+00 4.369E-06 5.758E+00 1.684E+00  0.0000 0.50792
  2.000E+01 6.802E+01 5.154E+00 4.845E-06 0.000E+00 0.000E+00 4.845E-06 5.154E+00 2.236E+00  0.0000 0.54129
  2.500E+01 7.686E+01 4.460E+00 5.586E-06 0.000E+00 0.000E+00 5.586E-06 4.460E+00 3.282E+00  0.0000 0.58827
  3.000E+01 8.509E+01 3.993E+00 6.281E-06 0.000E+00 0.000E+00 6.281E-06 3.993E+00 4.468E+00  0.0000 0.62720
  3.500E+01 9.285E+01 3.658E+00 6.945E-06 0.000E+00 0.000E+00 6.945E-06 3.658E+00 5.778E+00  0.0000 0.66011
  4.000E+01 1.003E+02 3.407E+00 7.589E-06 0.000E+00 0.000E+00 7.589E-06 3.407E+00 7.195E+00  0.0000 0.68834
  4.500E+01 1.074E+02 3.212E+00 8.220E-06 0.000E+00 0.000E+00 8.220E-06 3.212E+00 8.707E+00  0.0000 0.71286
  5.000E+01 1.143E+02 3.057E+00 8.841E-06 0.000E+00 0.000E+00 8.841E-06 3.057E+00 1.030E+01  0.0000 0.73434
  5.500E+01 1.210E+02 2.931E+00 9.458E-06 0.000E+00 0.000E+00 9.458E-06 2.931E+00 1.197E+01  0.0000 0.75332
  6.000E+01 1.276E+02 2.828E+00 1.007E-05 0.000E+00 0.000E+00 1.007E-05 2.828E+00 1.371E+01  0.0000 0.77019
  7.000E+01 1.403E+02 2.668E+00 1.130E-05 0.000E+00 0.000E+00 1.130E-05 2.668E+00 1.735E+01  0.0000 0.79887
  8.000E+01 1.527E+02 2.548E+00 1.254E-05 0.000E+00 0.000E+00 1.254E-05 2.548E+00 2.119E+01  0.0316 0.82227
  9.000E+01 1.647E+02 2.456E+00 1.379E-05 0.000E+00 0.000E+00 1.379E-05 2.456E+00 2.519E+01  0.0754 0.84166
  1.000E+02 1.764E+02 2.385E+00 1.505E-05 0.000E+00 0.000E+00 1.505E-05 2.385E+00 2.932E+01  0.1185 0.85794
  1.200E+02 1.994E+02 2.284E+00 1.765E-05 0.000E+00 0.000E+00 1.765E-05 2.284E+00 3.789E+01  0.2021 0.88361
  1.400E+02 2.218E+02 2.217E+00 2.033E-05 0.000E+00 0.000E+00 2.033E-05 2.217E+00 4.678E+01  0.2822 0.90278
  1.700E+02 2.546E+02 2.156E+00 2.453E-05 3.564E-14 0.000E+00 2.453E-05 2.156E+00 6.050E+01  0.3959 0.92363
  2.000E+02 2.868E+02 2.120E+00 2.894E-05 7.958E-12 0.000E+00 2.894E-05 2.120E+00 7.454E+01  0.5027 0.93835
  2.500E+02 3.396E+02 2.090E+00 3.670E-05 6.566E-08 0.000E+00 3.676E-05 2.090E+00 9.829E+01  0.6672 0.95485
  3.000E+02 3.917E+02 2.080E+00 4.495E-05 5.738E-07 0.000E+00 4.553E-05 2.080E+00 1.223E+02  0.8176 0.96548
  3.500E+02 4.432E+02 2.079E+00 5.366E-05 1.572E-06 0.000E+00 5.523E-05 2.079E+00 1.463E+02  0.9562 0.97274
  4.000E+02 4.945E+02 2.083E+00 6.277E-05 3.038E-06 0.000E+00 6.581E-05 2.083E+00 1.704E+02  1.0849 0.97793
  4.500E+02 5.455E+02 2.090E+00 7.227E-05 4.954E-06 0.000E+00 7.722E-05 2.090E+00 1.943E+02  1.2050 0.98176
  5.000E+02 5.964E+02 2.099E+00 8.211E-05 7.303E-06 0.000E+00 8.942E-05 2.099E+00 2.182E+02  1.3177 0.98467
  5.500E+02 6.471E+02 2.108E+00 9.229E-05 1.007E-05 0.000E+00 1.024E-04 2.108E+00 2.420E+02  1.4239 0.98693
  6.000E+02 6.977E+02 2.117E+00 1.028E-04 1.324E-05 0.000E+00 1.160E-04 2.117E+00 2.656E+02  1.5244 0.98873
  7.000E+02 7.987E+02 2.136E+00 1.246E-04 2.075E-05 0.000E+00 1.454E-04 2.137E+00 3.126E+02  1.7105 0.99136
  8.000E+02 8.995E+02 2.155E+00 1.475E-04 2.971E-05 0.000E+00 1.772E-04 2.155E+00 3.592E+02  1.8798 0.99317
  9.000E+02 1.000E+03 2.172E+00 1.713E-04 4.005E-05 0.000E+00 2.113E-04 2.172E+00 4.055E+02  2.0353 0.99447
  1.000E+03 1.101E+03 2.188E+00 1.959E-04 5.167E-05 0.000E+00 2.476E-04 2.189E+00 4.513E+02  2.1792 0.99542
  1.200E+03 1.301E+03 2.218E+00 2.476E-04 7.848E-05 2.257E-05 3.486E-04 2.218E+00 5.421E+02  2.4383 0.99672
  1.400E+03 1.502E+03 2.243E+00 3.020E-04 1.096E-04 6.193E-05 4.735E-04 2.244E+00 6.317E+02  2.6671 0.99753
  1.700E+03 1.803E+03 2.277E+00 3.880E-04 1.636E-04 1.332E-04 6.848E-04 2.277E+00 7.645E+02  2.9670 0.99829
  2.000E+03 2.103E+03 2.304E+00 4.788E-04 2.253E-04 2.175E-04 9.216E-04 2.305E+00 8.954E+02  3.2275 0.99874
  2.500E+03 2.604E+03 2.343E+00 6.388E-04 3.429E-04 3.815E-04 1.363E-03 2.344E+00 1.110E+03  3.5980 0.99918
  3.000E+03 3.104E+03 2.374E+00 8.083E-04 4.765E-04 5.547E-04 1.839E-03 2.376E+00 1.322E+03  3.9108 0.99942
  3.500E+03 3.604E+03 2.400E+00 9.858E-04 6.238E-04 7.391E-04 2.349E-03 2.403E+00 1.532E+03  4.1817 0.99957
  4.000E+03 4.104E+03 2.423E+00 1.170E-03 7.992E-04 9.368E-04 2.906E-03 2.425E+00 1.739E+03  4.4207 0.99967
  4.500E+03 4.604E+03 2.442E+00 1.361E-03 9.924E-04 1.143E-03 3.497E-03 2.446E+00 1.944E+03  4.6346 0.99974
  5.000E+03 5.105E+03 2.459E+00 1.558E-03 1.197E-03 1.342E-03 4.097E-03 2.463E+00 2.148E+03  4.8281 0.99979
  5.500E+03 5.605E+03 2.475E+00 1.759E-03 1.413E-03 1.557E-03 4.729E-03 2.480E+00 2.350E+03  5.0049 0.99982
  6.000E+03 6.105E+03 2.489E+00 1.965E-03 1.639E-03 1.757E-03 5.361E-03 2.494E+00 2.551E+03  5.1676 0.99985
  7.000E+03 7.105E+03 2.513E+00 2.391E-03 2.117E-03 2.182E-03 6.690E-03 2.520E+00 2.950E+03  5.4587 0.99989
  8.000E+03 8.105E+03 2.534E+00 2.831E-03 2.627E-03 2.606E-03 8.064E-03 2.542E+00 3.345E+03  5.7134 0.99992
  9.000E+03 9.105E+03 2.552E+00 3.285E-03 3.164E-03 3.006E-03 9.455E-03 2.562E+00 3.737E+03  5.9399 0.99993
  1.000E+04 1.011E+04 2.568E+00 3.751E-03 3.727E-03 3.419E-03 1.090E-02 2.579E+00 4.126E+03  6.1438 0.99995
  1.200E+04 1.211E+04 2.595E+00 4.714E-03 4.919E-03 4.260E-03 1.389E-02 2.609E+00 4.897E+03  6.4991 0.99996
  1.400E+04 1.411E+04 2.618E+00 5.713E-03 6.187E-03 5.105E-03 1.701E-02 2.635E+00 5.660E+03  6.8015 0.99997
  1.700E+04 1.711E+04 2.645E+00 7.271E-03 8.206E-03 6.361E-03 2.184E-02 2.667E+00 6.792E+03  7.1845 0.99998
  2.000E+04 2.011E+04 2.668E+00 8.887E-03 1.035E-02 7.597E-03 2.683E-02 2.695E+00 7.911E+03  7.5064 0.99999
  2.500E+04 2.511E+04 2.698E+00 1.169E-02 1.413E-02 9.633E-03 3.545E-02 2.734E+00 9.753E+03  7.9499 0.99999
  3.000E+04 3.011E+04 2.723E+00 1.460E-02 1.813E-02 1.164E-02 4.437E-02 2.767E+00 1.157E+04  8.3130 0.99999
  3.500E+04 3.511E+04 2.743E+00 1.760E-02 2.231E-02 1.367E-02 5.358E-02 2.796E+00 1.337E+04  8.6203 1.00000
  4.000E+04 4.011E+04 2.760E+00 2.068E-02 2.664E-02 1.569E-02 6.301E-02 2.823E+00 1.515E+04  8.8866 1.00000
  4.500E+04 4.511E+04 2.775E+00 2.383E-02 3.109E-02 1.768E-02 7.260E-02 2.848E+00 1.691E+04  9.1216 1.00000
  5.000E+04 5.011E+04 2.788E+00 2.704E-02 3.566E-02 1.967E-02 8.238E-02 2.871E+00 1.866E+04  9.3319 1.00000
  5.500E+04 5.511E+04 2.800E+00 3.031E-02 4.033E-02 2.168E-02 9.232E-02 2.892E+00 2.040E+04  9.5221 1.00000
  6.000E+04 6.011E+04 2.811E+00 3.362E-02 4.509E-02 2.367E-02 1.024E-01 2.913E+00 2.212E+04  9.6958 1.00000
  7.000E+04 7.011E+04 2.830E+00 4.036E-02 5.483E-02 2.763E-02 1.228E-01 2.953E+00 2.553E+04 10.0036 1.00000
  8.000E+04 8.011E+04 2.846E+00 4.726E-02 6.483E-02 3.161E-02 1.437E-01 2.990E+00 2.889E+04 10.2703 1.00000
  9.000E+04 9.011E+04 2.860E+00 5.428E-02 7.506E-02 3.559E-02 1.649E-01 3.025E+00 3.222E+04 10.5056 1.00000
  1.000E+05 1.001E+05 2.873E+00 6.142E-02 8.547E-02 3.950E-02 1.864E-01 3.059E+00 3.551E+04 10.7160 1.00000
  1.200E+05 1.201E+05 2.895E+00 7.598E-02 1.068E-01 4.748E-02 2.302E-01 3.125E+00 4.198E+04 11.0803 1.00000
  1.400E+05 1.401E+05 2.913E+00 9.087E-02 1.286E-01 5.546E-02 2.749E-01 3.188E+00 4.831E+04 11.3884 1.00000
  1.700E+05 1.701E+05 2.936E+00 1.137E-01 1.621E-01 6.747E-02 3.433E-01 3.279E+00 5.759E+04 11.7764 1.00000
  2.000E+05 2.001E+05 2.955E+00 1.370E-01 1.963E-01 7.955E-02 4.129E-01 3.367E+00 6.662E+04 12.1013 1.00000
  2.500E+05 2.501E+05 2.981E+00 1.767E-01 2.546E-01 9.978E-02 5.311E-01 3.512E+00 8.117E+04 12.5474 1.00000
  3.000E+05 3.001E+05 3.002E+00 2.172E-01 3.141E-01 1.202E-01 6.515E-01 3.653E+00 9.513E+04 12.9119 1.00000
  3.500E+05 3.501E+05 3.020E+00 2.585E-01 3.744E-01 1.408E-01 7.737E-01 3.794E+00 1.086E+05 13.2201 1.00000
  4.000E+05 4.001E+05 3.035E+00 3.002E-01 4.355E-01 1.616E-01 8.973E-01 3.933E+00 1.215E+05 13.4870 1.00000
  4.500E+05 4.501E+05 3.049E+00 3.424E-01 4.971E-01 1.825E-01 1.022E+00 4.071E+00 1.340E+05 13.7226 1.00000
  5.000E+05 5.001E+05 3.062E+00 3.851E-01 5.592E-01 2.036E-01 1.148E+00 4.210E+00 1.461E+05 13.9332 1.00000
  5.500E+05 5.501E+05 3.073E+00 4.281E-01 6.217E-01 2.246E-01 1.274E+00 4.347E+00 1.578E+05 14.1238 1.00000
  6.000E+05 6.001E+05 3.083E+00 4.715E-01 6.846E-01 2.456E-01 1.402E+00 4.485E+00 1.691E+05 14.2978 1.00000
  7.000E+05 7.001E+05 3.101E+00 5.589E-01 8.112E-01 2.882E-01 1.658E+00 4.760E+00 1.908E+05 14.6061 1.00000
  8.000E+05 8.001E+05 3.117E+00 6.473E-01 9.388E-01 3.312E-01 1.917E+00 5.034E+00 2.112E+05 14.8731 1.00000
  9.000E+05 9.001E+05 3.131E+00 7.364E-01 1.067E+00 3.746E-01 2.178E+00 5.309E+00 2.305E+05 15.1086 1.00000
  1.000E+06 1.000E+06 3.144E+00 8.261E-01 1.196E+00 4.184E-01 2.441E+00 5.584E+00 2.489E+05 15.3193 1.00000
  1.200E+06 1.200E+06 3.165E+00 1.007E+00 1.456E+00 5.071E-01 2.970E+00 6.136E+00 2.831E+05 15.6839 1.00000
  1.400E+06 1.400E+06 3.184E+00 1.190E+00 1.717E+00 5.971E-01 3.504E+00 6.688E+00 3.144E+05 15.9922 1.00000
  1.700E+06 1.700E+06 3.208E+00 1.467E+00 2.111E+00 7.343E-01 4.312E+00 7.520E+00 3.567E+05 16.3805 1.00000
  2.000E+06 2.000E+06 3.227E+00 1.746E+00 2.507E+00 8.737E-01 5.127E+00 8.354E+00 3.946E+05 16.7055 1.00000
  2.500E+06 2.500E+06 3.255E+00 2.215E+00 3.170E+00 1.110E+00 6.496E+00 9.751E+00 4.502E+05 17.1518 1.00000
  3.000E+06 3.000E+06 3.277E+00 2.688E+00 3.836E+00 1.352E+00 7.876E+00 1.115E+01 4.983E+05 17.5164 1.00000
  3.500E+06 3.500E+06 3.297E+00 3.164E+00 4.505E+00 1.597E+00 9.266E+00 1.256E+01 5.406E+05 17.8247 1.00000
  4.000E+06 4.000E+06 3.313E+00 3.643E+00 5.175E+00 1.845E+00 1.066E+01 1.398E+01 5.784E+05 18.0917 1.00000
  4.500E+06 4.500E+06 3.328E+00 4.123E+00 5.846E+00 2.097E+00 1.207E+01 1.539E+01 6.125E+05 18.3273 1.00000
  5.000E+06 5.000E+06 3.342E+00 4.605E+00 6.518E+00 2.352E+00 1.347E+01 1.682E+01 6.436E+05 18.5380 1.00000
  5.500E+06 5.500E+06 3.354E+00 5.087E+00 7.191E+00 2.609E+00 1.489E+01 1.824E+01 6.722E+05 18.7286 1.00000
  6.000E+06 6.000E+06 3.365E+00 5.571E+00 7.864E+00 2.869E+00 1.630E+01 1.967E+01 6.986E+05 18.9027 1.00000
  7.000E+06 7.000E+06 3.385E+00 6.542E+00 9.213E+00 3.395E+00 1.915E+01 2.253E+01 7.462E+05 19.2109 1.00000
  8.000E+06 8.000E+06 3.402E+00 7.516E+00 1.056E+01 3.929E+00 2.201E+01 2.541E+01 7.881E+05 19.4780 1.00000
  9.000E+06 9.000E+06 3.417E+00 8.493E+00 1.192E+01 4.469E+00 2.488E+01 2.829E+01 8.254E+05 19.7136 1.00000
  1.000E+07 1.000E+07 3.431E+00 9.471E+00 1.327E+01 5.017E+00 2.776E+01 3.119E+01 8.591E+05 19.9243 1.00000
  1.200E+07 1.200E+07 3.455E+00 1.143E+01 1.598E+01 6.128E+00 3.354E+01 3.699E+01 9.182E+05 20.2889 1.00000
  1.400E+07 1.400E+07 3.475E+00 1.340E+01 1.869E+01 7.259E+00 3.935E+01 4.282E+01 9.686E+05 20.5972 1.00000
  1.700E+07 1.700E+07 3.501E+00 1.636E+01 2.276E+01 8.988E+00 4.810E+01 5.160E+01 1.033E+06 20.9855 1.00000
  2.000E+07 2.000E+07 3.523E+00 1.932E+01 2.683E+01 1.075E+01 5.690E+01 6.042E+01 1.087E+06 21.3106 1.00000
  2.500E+07 2.500E+07 3.553E+00 2.427E+01 3.363E+01 1.375E+01 7.164E+01 7.520E+01 1.161E+06 21.7569 1.00000
  3.000E+07 3.000E+07 3.578E+00 2.922E+01 4.043E+01 1.682E+01 8.646E+01 9.004E+01 1.222E+06 22.1215 1.00000
  3.500E+07 3.500E+07 3.600E+00 3.418E+01 4.723E+01 1.994E+01 1.013E+02 1.049E+02 1.274E+06 22.4298 1.00000
  4.000E+07 4.000E+07 3.618E+00 3.915E+01 5.403E+01 2.311E+01 1.163E+02 1.199E+02 1.318E+06 22.6969 1.00000
  4.500E+07 4.500E+07 3.635E+00 4.412E+01 6.083E+01 2.633E+01 1.313E+02 1.349E+02 1.358E+06 22.9324 1.00000
  5.000E+07 5.000E+07 3.650E+00 4.910E+01 6.764E+01 2.959E+01 1.463E+02 1.500E+02 1.393E+06 23.1431 1.00000
  5.500E+07 5.500E+07 3.663E+00 5.408E+01 7.445E+01 3.288E+01 1.614E+02 1.651E+02 1.425E+06 23.3338 1.00000
  6.000E+07 6.000E+07 3.675E+00 5.905E+01 8.125E+01 3.621E+01 1.765E+02 1.802E+02 1.454E+06 23.5078 1.00000
  7.000E+07 7.000E+07 3.697E+00 6.902E+01 9.487E+01 4.295E+01 2.068E+02 2.105E+02 1.505E+06 23.8161 1.00000
  8.000E+07 8.000E+07 3.717E+00 7.899E+01 1.085E+02 4.981E+01 2.373E+02 2.410E+02 1.550E+06 24.0832 1.00000
  9.000E+07 9.000E+07 3.734E+00 8.896E+01 1.221E+02 5.676E+01 2.678E+02 2.716E+02 1.589E+06 24.3187 1.00000
  1.000E+08 1.000E+08 3.749E+00 9.894E+01 1.357E+02 6.380E+01 2.985E+02 3.022E+02 1.624E+06 24.5294 1.00000
  1.200E+08 1.200E+08 3.776E+00 1.189E+02 1.630E+02 7.811E+01 3.600E+02 3.638E+02 1.685E+06 24.8941 1.00000
  1.400E+08 1.400E+08 3.798E+00 1.389E+02 1.902E+02 9.269E+01 4.218E+02 4.256E+02 1.736E+06 25.2024 1.00000
  1.700E+08 1.700E+08 3.827E+00 1.688E+02 2.311E+02 1.150E+02 5.149E+02 5.188E+02 1.800E+06 25.5907 1.00000
  2.000E+08 2.000E+08 3.852E+00 1.988E+02 2.720E+02 1.378E+02 6.086E+02 6.124E+02 1.853E+06 25.9157 1.00000
  2.500E+08 2.500E+08 3.885E+00 2.488E+02 3.401E+02 1.766E+02 7.655E+02 7.694E+02 1.926E+06 26.3620 1.00000
  3.000E+08 3.000E+08 3.913E+00 2.988E+02 4.083E+02 2.164E+02 9.234E+02 9.273E+02 1.986E+06 26.7267 1.00000
  3.500E+08 3.500E+08 3.937E+00 3.487E+02 4.764E+02 2.569E+02 1.082E+03 1.086E+03 2.036E+06 27.0350 1.00000
  4.000E+08 4.000E+08 3.958E+00 3.987E+02 5.445E+02 2.981E+02 1.241E+03 1.245E+03 2.079E+06 27.3020 1.00000
  4.500E+08 4.500E+08 3.976E+00 4.487E+02 6.127E+02 3.399E+02 1.401E+03 1.405E+03 2.117E+06 27.5376 1.00000
  5.000E+08 5.000E+08 3.993E+00 4.987E+02 6.808E+02 3.822E+02 1.562E+03 1.566E+03 2.151E+06 27.7483 1.00000
  5.500E+08 5.500E+08 4.008E+00 5.487E+02 7.490E+02 4.250E+02 1.723E+03 1.727E+03 2.181E+06 27.9389 1.00000
  6.000E+08 6.000E+08 4.022E+00 5.988E+02 8.171E+02 4.684E+02 1.884E+03 1.888E+03 2.209E+06 28.1130 1.00000
  7.000E+08 7.000E+08 4.046E+00 6.988E+02 9.534E+02 5.562E+02 2.208E+03 2.212E+03 2.258E+06 28.4213 1.00000
  8.000E+08 8.000E+08 4.068E+00 7.988E+02 1.090E+03 6.456E+02 2.534E+03 2.538E+03 2.300E+06 28.6883 1.00000
  9.000E+08 9.000E+08 4.087E+00 8.988E+02 1.226E+03 7.363E+02 2.861E+03 2.865E+03 2.337E+06 28.9239 1.00000
  1.000E+09 1.000E+09 4.104E+00 9.989E+02 1.362E+03 8.282E+02 3.189E+03 3.193E+03 2.370E+06 29.1346 1.00000
