 Incident particle is a Muon with M = 105.65839 MeV
 Index = 0: Rubidium
      Absorber with <Z/A> = 0.43291
 Density effect computed following Fano (1963)
 Models for Radloss: brems =  SSR, pair =  SSR, photonuc = DRSS

 *** Table generated with PUMAS v1.1 ***

      T         p     Ionization  brems     pair     photonuc  Radloss    dE/dx   CSDA Range  delta   beta
    [MeV]    [MeV/c]  -----------------------[MeV cm^2/g]------------------------  [g/cm^2]
  1.000E+00 1.457E+01 2.818E+01 0.000E+00 0.000E+00 0.000E+00 0.000E+00 2.818E+01 1.774E-02  0.0000 0.13661
  1.200E+00 1.597E+01 2.462E+01 0.000E+00 0.000E+00 0.000E+00 0.000E+00 2.462E+01 2.535E-02  0.0000 0.14944
  1.400E+00 1.726E+01 2.194E+01 0.000E+00 0.000E+00 0.000E+00 0.000E+00 2.194E+01 3.397E-02  0.0000 0.16119
  1.700E+00 1.903E+01 1.895E+01 0.000E+00 0.000E+00 0.000E+00 0.000E+00 1.895E+01 4.873E-02  0.0000 0.17725
  2.000E+00 2.066E+01 1.675E+01 0.000E+00 0.000E+00 0.000E+00 0.000E+00 1.675E+01 6.562E-02  0.0000 0.19186
  2.500E+00 2.312E+01 1.412E+01 0.000E+00 0.000E+00 0.000E+00 0.000E+00 1.412E+01 9.827E-02  0.0000 0.21376
  3.000E+00 2.536E+01 1.228E+01 0.000E+00 0.000E+00 0.000E+00 0.000E+00 1.228E+01 1.364E-01  0.0000 0.23336
  3.500E+00 2.742E+01 1.091E+01 0.000E+00 0.000E+00 0.000E+00 0.000E+00 1.091E+01 1.797E-01  0.0000 0.25120
  4.000E+00 2.935E+01 9.845E+00 0.000E+00 0.000E+00 0.000E+00 0.000E+00 9.845E+00 2.280E-01  0.0000 0.26763
  4.500E+00 3.116E+01 8.996E+00 0.000E+00 0.000E+00 0.000E+00 0.000E+00 8.996E+00 2.812E-01  0.0000 0.28290
  5.000E+00 3.289E+01 8.301E+00 0.000E+00 0.000E+00 0.000E+00 0.000E+00 8.301E+00 3.391E-01  0.0000 0.29720
  5.500E+00 3.453E+01 7.720E+00 0.000E+00 0.000E+00 0.000E+00 0.000E+00 7.720E+00 4.016E-01  0.0000 0.31066
  6.000E+00 3.611E+01 7.227E+00 0.000E+00 0.000E+00 0.000E+00 0.000E+00 7.227E+00 4.686E-01  0.0000 0.32339
  7.000E+00 3.909E+01 6.435E+00 0.000E+00 0.000E+00 0.000E+00 0.000E+00 6.435E+00 6.155E-01  0.0000 0.34700
  8.000E+00 4.189E+01 5.825E+00 0.000E+00 0.000E+00 0.000E+00 0.000E+00 5.825E+00 7.791E-01  0.0000 0.36854
  9.000E+00 4.453E+01 5.340E+00 0.000E+00 0.000E+00 0.000E+00 0.000E+00 5.340E+00 9.586E-01  0.0000 0.38836
  1.000E+01 4.704E+01 4.945E+00 0.000E+00 0.000E+00 0.000E+00 0.000E+00 4.945E+00 1.153E+00  0.0000 0.40675
  1.200E+01 5.177E+01 4.338E+00 0.000E+00 0.000E+00 0.000E+00 0.000E+00 4.338E+00 1.587E+00  0.0000 0.43998
  1.400E+01 5.616E+01 3.894E+00 0.000E+00 0.000E+00 0.000E+00 0.000E+00 3.894E+00 2.074E+00  0.0000 0.46937
  1.700E+01 6.230E+01 3.413E+00 0.000E+00 0.000E+00 0.000E+00 0.000E+00 3.413E+00 2.900E+00  0.0000 0.50792
  2.000E+01 6.802E+01 3.069E+00 0.000E+00 0.000E+00 0.000E+00 0.000E+00 3.069E+00 3.829E+00  0.0000 0.54129
  2.500E+01 7.686E+01 2.672E+00 0.000E+00 0.000E+00 0.000E+00 0.000E+00 2.672E+00 5.582E+00  0.0000 0.58827
  3.000E+01 8.509E+01 2.403E+00 0.000E+00 0.000E+00 0.000E+00 0.000E+00 2.403E+00 7.561E+00  0.0000 0.62720
  3.500E+01 9.285E+01 2.210E+00 0.000E+00 0.000E+00 0.000E+00 0.000E+00 2.210E+00 9.735E+00  0.0000 0.66011
  4.000E+01 1.003E+02 2.064E+00 0.000E+00 0.000E+00 0.000E+00 0.000E+00 2.064E+00 1.208E+01  0.0000 0.68834
  4.500E+01 1.074E+02 1.952E+00 0.000E+00 0.000E+00 0.000E+00 0.000E+00 1.952E+00 1.457E+01  0.0000 0.71286
  5.000E+01 1.143E+02 1.862E+00 0.000E+00 0.000E+00 0.000E+00 0.000E+00 1.862E+00 1.720E+01  0.0000 0.73434
  5.500E+01 1.210E+02 1.790E+00 0.000E+00 0.000E+00 0.000E+00 0.000E+00 1.790E+00 1.994E+01  0.0000 0.75332
  6.000E+01 1.276E+02 1.730E+00 0.000E+00 0.000E+00 0.000E+00 0.000E+00 1.730E+00 2.278E+01  0.0000 0.77019
  7.000E+01 1.403E+02 1.638E+00 0.000E+00 0.000E+00 0.000E+00 0.000E+00 1.638E+00 2.873E+01  0.0002 0.79887
  8.000E+01 1.527E+02 1.572E+00 0.000E+00 0.000E+00 0.000E+00 0.000E+00 1.572E+00 3.496E+01  0.0010 0.82227
  9.000E+01 1.647E+02 1.523E+00 0.000E+00 0.000E+00 0.000E+00 0.000E+00 1.523E+00 4.143E+01  0.0024 0.84166
  1.000E+02 1.764E+02 1.485E+00 0.000E+00 0.000E+00 0.000E+00 0.000E+00 1.485E+00 4.809E+01  0.0044 0.85794
  1.200E+02 1.994E+02 1.434E+00 0.000E+00 0.000E+00 0.000E+00 0.000E+00 1.434E+00 6.181E+01  0.0097 0.88361
  1.400E+02 2.218E+02 1.402E+00 0.000E+00 0.000E+00 0.000E+00 0.000E+00 1.402E+00 7.593E+01  0.0166 0.90278
  1.700E+02 2.546E+02 1.375E+00 0.000E+00 0.000E+00 0.000E+00 0.000E+00 1.375E+00 9.756E+01  0.0298 0.92363
  2.000E+02 2.868E+02 1.363E+00 0.000E+00 0.000E+00 0.000E+00 0.000E+00 1.363E+00 1.195E+02  0.0459 0.93835
  2.500E+02 3.396E+02 1.358E+00 0.000E+00 0.000E+00 0.000E+00 0.000E+00 1.358E+00 1.563E+02  0.0775 0.95485
  3.000E+02 3.917E+02 1.364E+00 0.000E+00 0.000E+00 0.000E+00 0.000E+00 1.364E+00 1.930E+02  0.1126 0.96548
  3.500E+02 4.432E+02 1.374E+00 5.639E-05 6.397E-06 0.000E+00 6.279E-05 1.374E+00 2.295E+02  0.1493 0.97274
  4.000E+02 4.945E+02 1.385E+00 1.375E-04 1.617E-05 0.000E+00 1.536E-04 1.386E+00 2.658E+02  0.1864 0.97793
  4.500E+02 5.455E+02 1.398E+00 1.982E-04 2.688E-05 0.000E+00 2.251E-04 1.398E+00 3.017E+02  0.2234 0.98176
  5.000E+02 5.964E+02 1.411E+00 2.519E-04 3.994E-05 0.000E+00 2.918E-04 1.411E+00 3.373E+02  0.2598 0.98467
  5.500E+02 6.471E+02 1.423E+00 3.025E-04 5.541E-05 1.481E-05 3.728E-04 1.424E+00 3.726E+02  0.2955 0.98693
  6.000E+02 6.977E+02 1.436E+00 3.521E-04 7.321E-05 4.947E-05 4.748E-04 1.436E+00 4.076E+02  0.3305 0.98873
  7.000E+02 7.987E+02 1.459E+00 4.511E-04 1.156E-04 1.183E-04 6.850E-04 1.460E+00 4.766E+02  0.3985 0.99136
  8.000E+02 8.995E+02 1.481E+00 5.525E-04 1.665E-04 1.830E-04 9.020E-04 1.482E+00 5.446E+02  0.4639 0.99317
  9.000E+02 1.000E+03 1.500E+00 6.574E-04 2.254E-04 2.448E-04 1.128E-03 1.502E+00 6.116E+02  0.5272 0.99447
  1.000E+03 1.101E+03 1.519E+00 7.661E-04 2.918E-04 3.045E-04 1.362E-03 1.520E+00 6.778E+02  0.5887 0.99542
  1.200E+03 1.301E+03 1.551E+00 9.949E-04 4.456E-04 4.195E-04 1.860E-03 1.553E+00 8.080E+02  0.7071 0.99672
  1.400E+03 1.502E+03 1.578E+00 1.238E-03 6.249E-04 5.305E-04 2.394E-03 1.580E+00 9.356E+02  0.8204 0.99753
  1.700E+03 1.803E+03 1.613E+00 1.627E-03 9.363E-04 6.918E-04 3.255E-03 1.616E+00 1.123E+03  0.9814 0.99829
  2.000E+03 2.103E+03 1.641E+00 2.042E-03 1.293E-03 8.481E-04 4.182E-03 1.645E+00 1.307E+03  1.1321 0.99874
  2.500E+03 2.604E+03 1.680E+00 2.781E-03 1.973E-03 1.100E-03 5.854E-03 1.686E+00 1.607E+03  1.3617 0.99918
  3.000E+03 3.104E+03 1.711E+00 3.571E-03 2.746E-03 1.345E-03 7.662E-03 1.718E+00 1.901E+03  1.5672 0.99942
  3.500E+03 3.604E+03 1.736E+00 4.405E-03 3.599E-03 1.582E-03 9.586E-03 1.746E+00 2.190E+03  1.7522 0.99957
  4.000E+03 4.104E+03 1.758E+00 5.276E-03 4.532E-03 1.814E-03 1.162E-02 1.770E+00 2.474E+03  1.9198 0.99967
  4.500E+03 4.604E+03 1.777E+00 6.179E-03 5.533E-03 2.041E-03 1.375E-02 1.791E+00 2.755E+03  2.0727 0.99974
  5.000E+03 5.105E+03 1.794E+00 7.111E-03 6.590E-03 2.264E-03 1.597E-02 1.810E+00 3.033E+03  2.2132 0.99979
  5.500E+03 5.605E+03 1.808E+00 8.070E-03 7.699E-03 2.483E-03 1.825E-02 1.827E+00 3.308E+03  2.3430 0.99982
  6.000E+03 6.105E+03 1.822E+00 9.052E-03 8.855E-03 2.699E-03 2.061E-02 1.843E+00 3.580E+03  2.4636 0.99985
  7.000E+03 7.105E+03 1.845E+00 1.108E-02 1.129E-02 3.123E-03 2.550E-02 1.871E+00 4.119E+03  2.6821 0.99989
  8.000E+03 8.105E+03 1.865E+00 1.318E-02 1.388E-02 3.538E-03 3.060E-02 1.896E+00 4.650E+03  2.8760 0.99992
  9.000E+03 9.105E+03 1.882E+00 1.535E-02 1.660E-02 3.944E-03 3.589E-02 1.918E+00 5.174E+03  3.0507 0.99993
  1.000E+04 1.011E+04 1.897E+00 1.757E-02 1.943E-02 4.343E-03 4.135E-02 1.939E+00 5.692E+03  3.2098 0.99995
  1.200E+04 1.211E+04 1.923E+00 2.217E-02 2.540E-02 5.125E-03 5.270E-02 1.976E+00 6.714E+03  3.4918 0.99996
  1.400E+04 1.411E+04 1.944E+00 2.695E-02 3.171E-02 5.889E-03 6.454E-02 2.008E+00 7.718E+03  3.7369 0.99997
  1.700E+04 1.711E+04 1.969E+00 3.437E-02 4.170E-02 7.007E-03 8.308E-02 2.052E+00 9.195E+03  4.0547 0.99998
  2.000E+04 2.011E+04 1.989E+00 4.206E-02 5.222E-02 8.101E-03 1.024E-01 2.092E+00 1.064E+04  4.3284 0.99999
  2.500E+04 2.511E+04 2.016E+00 5.536E-02 7.069E-02 9.882E-03 1.359E-01 2.152E+00 1.300E+04  4.7146 0.99999
  3.000E+04 3.011E+04 2.037E+00 6.915E-02 9.009E-02 1.163E-02 1.709E-01 2.208E+00 1.529E+04  5.0381 0.99999
  3.500E+04 3.511E+04 2.055E+00 8.334E-02 1.102E-01 1.334E-02 2.069E-01 2.262E+00 1.753E+04  5.3164 1.00000
  4.000E+04 4.011E+04 2.069E+00 9.786E-02 1.310E-01 1.504E-02 2.439E-01 2.313E+00 1.972E+04  5.5603 1.00000
  4.500E+04 4.511E+04 2.082E+00 1.127E-01 1.523E-01 1.672E-02 2.817E-01 2.363E+00 2.185E+04  5.7775 1.00000
  5.000E+04 5.011E+04 2.093E+00 1.277E-01 1.740E-01 1.839E-02 3.202E-01 2.413E+00 2.395E+04  5.9731 1.00000
  5.500E+04 5.511E+04 2.103E+00 1.430E-01 1.961E-01 2.005E-02 3.592E-01 2.462E+00 2.600E+04  6.1510 1.00000
  6.000E+04 6.011E+04 2.111E+00 1.585E-01 2.186E-01 2.170E-02 3.988E-01 2.510E+00 2.801E+04  6.3142 1.00000
  7.000E+04 7.011E+04 2.127E+00 1.901E-01 2.644E-01 2.498E-02 4.794E-01 2.606E+00 3.192E+04  6.6051 1.00000
  8.000E+04 8.011E+04 2.140E+00 2.222E-01 3.112E-01 2.825E-02 5.616E-01 2.702E+00 3.569E+04  6.8586 1.00000
  9.000E+04 9.011E+04 2.152E+00 2.548E-01 3.588E-01 3.150E-02 6.451E-01 2.797E+00 3.933E+04  7.0835 1.00000
  1.000E+05 1.001E+05 2.162E+00 2.880E-01 4.071E-01 3.475E-02 7.298E-01 2.892E+00 4.284E+04  7.2855 1.00000
  1.200E+05 1.201E+05 2.179E+00 3.553E-01 5.054E-01 4.123E-02 9.019E-01 3.081E+00 4.954E+04  7.6370 1.00000
  1.400E+05 1.401E+05 2.193E+00 4.240E-01 6.055E-01 4.771E-02 1.077E+00 3.271E+00 5.584E+04  7.9361 1.00000
  1.700E+05 1.701E+05 2.211E+00 5.289E-01 7.584E-01 5.745E-02 1.345E+00 3.556E+00 6.464E+04  8.3150 1.00000
  2.000E+05 2.001E+05 2.226E+00 6.357E-01 9.136E-01 6.721E-02 1.617E+00 3.843E+00 7.275E+04  8.6339 1.00000
  2.500E+05 2.501E+05 2.246E+00 8.170E-01 1.177E+00 8.357E-02 2.077E+00 4.323E+00 8.501E+04  9.0739 1.00000
  3.000E+05 3.001E+05 2.263E+00 1.001E+00 1.443E+00 1.000E-01 2.545E+00 4.807E+00 9.597E+04  9.4348 1.00000
  3.500E+05 3.501E+05 2.277E+00 1.188E+00 1.713E+00 1.166E-01 3.018E+00 5.294E+00 1.059E+05  9.7407 1.00000
  4.000E+05 4.001E+05 2.289E+00 1.377E+00 1.984E+00 1.333E-01 3.495E+00 5.783E+00 1.149E+05 10.0062 1.00000
  4.500E+05 4.501E+05 2.299E+00 1.568E+00 2.258E+00 1.502E-01 3.976E+00 6.275E+00 1.232E+05 10.2406 1.00000
  5.000E+05 5.001E+05 2.309E+00 1.760E+00 2.532E+00 1.671E-01 4.460E+00 6.768E+00 1.309E+05 10.4505 1.00000
  5.500E+05 5.501E+05 2.317E+00 1.953E+00 2.808E+00 1.842E-01 4.946E+00 7.263E+00 1.380E+05 10.6405 1.00000
  6.000E+05 6.001E+05 2.325E+00 2.148E+00 3.085E+00 2.013E-01 5.435E+00 7.760E+00 1.447E+05 10.8141 1.00000
  7.000E+05 7.001E+05 2.339E+00 2.539E+00 3.642E+00 2.359E-01 6.418E+00 8.756E+00 1.568E+05 11.1217 1.00000
  8.000E+05 8.001E+05 2.351E+00 2.934E+00 4.202E+00 2.709E-01 7.407E+00 9.758E+00 1.676E+05 11.3883 1.00000
  9.000E+05 9.001E+05 2.361E+00 3.331E+00 4.764E+00 3.062E-01 8.401E+00 1.076E+01 1.774E+05 11.6236 1.00000
  1.000E+06 1.000E+06 2.371E+00 3.731E+00 5.327E+00 3.418E-01 9.400E+00 1.177E+01 1.862E+05 11.8341 1.00000
  1.200E+06 1.200E+06 2.388E+00 4.535E+00 6.459E+00 4.139E-01 1.141E+01 1.379E+01 2.019E+05 12.1984 1.00000
  1.400E+06 1.400E+06 2.402E+00 5.344E+00 7.595E+00 4.870E-01 1.343E+01 1.583E+01 2.155E+05 12.5065 1.00000
  1.700E+06 1.700E+06 2.420E+00 6.566E+00 9.305E+00 5.984E-01 1.647E+01 1.889E+01 2.328E+05 12.8947 1.00000
  2.000E+06 2.000E+06 2.435E+00 7.795E+00 1.102E+01 7.117E-01 1.953E+01 2.196E+01 2.475E+05 13.2196 1.00000
  2.500E+06 2.500E+06 2.455E+00 9.856E+00 1.389E+01 9.039E-01 2.465E+01 2.711E+01 2.680E+05 13.6658 1.00000
  3.000E+06 3.000E+06 2.473E+00 1.193E+01 1.677E+01 1.100E+00 2.980E+01 3.227E+01 2.849E+05 14.0304 1.00000
  3.500E+06 3.500E+06 2.487E+00 1.401E+01 1.965E+01 1.299E+00 3.496E+01 3.744E+01 2.992E+05 14.3387 1.00000
  4.000E+06 4.000E+06 2.500E+00 1.609E+01 2.254E+01 1.501E+00 4.013E+01 4.263E+01 3.117E+05 14.6057 1.00000
  4.500E+06 4.500E+06 2.511E+00 1.818E+01 2.543E+01 1.706E+00 4.532E+01 4.783E+01 3.228E+05 14.8413 1.00000
  5.000E+06 5.000E+06 2.521E+00 2.028E+01 2.832E+01 1.913E+00 5.051E+01 5.304E+01 3.327E+05 15.0520 1.00000
  5.500E+06 5.500E+06 2.530E+00 2.238E+01 3.122E+01 2.122E+00 5.572E+01 5.825E+01 3.417E+05 15.2426 1.00000
  6.000E+06 6.000E+06 2.539E+00 2.448E+01 3.412E+01 2.333E+00 6.093E+01 6.347E+01 3.499E+05 15.4166 1.00000
  7.000E+06 7.000E+06 2.554E+00 2.869E+01 3.992E+01 2.761E+00 7.137E+01 7.392E+01 3.645E+05 15.7249 1.00000
  8.000E+06 8.000E+06 2.567E+00 3.291E+01 4.572E+01 3.196E+00 8.183E+01 8.439E+01 3.772E+05 15.9919 1.00000
  9.000E+06 9.000E+06 2.579E+00 3.713E+01 5.153E+01 3.636E+00 9.230E+01 9.488E+01 3.883E+05 16.2275 1.00000
  1.000E+07 1.000E+07 2.589E+00 4.136E+01 5.735E+01 4.081E+00 1.028E+02 1.054E+02 3.983E+05 16.4382 1.00000
  1.200E+07 1.200E+07 2.607E+00 4.983E+01 6.898E+01 4.987E+00 1.238E+02 1.264E+02 4.157E+05 16.8028 1.00000
  1.400E+07 1.400E+07 2.623E+00 5.831E+01 8.062E+01 5.909E+00 1.448E+02 1.475E+02 4.303E+05 17.1111 1.00000
  1.700E+07 1.700E+07 2.642E+00 7.104E+01 9.810E+01 7.319E+00 1.765E+02 1.791E+02 4.487E+05 17.4994 1.00000
  2.000E+07 2.000E+07 2.659E+00 8.379E+01 1.156E+02 8.756E+00 2.081E+02 2.108E+02 4.641E+05 17.8245 1.00000
  2.500E+07 2.500E+07 2.682E+00 1.051E+02 1.447E+02 1.121E+01 2.610E+02 2.637E+02 4.853E+05 18.2708 1.00000
  3.000E+07 3.000E+07 2.701E+00 1.264E+02 1.739E+02 1.371E+01 3.140E+02 3.167E+02 5.026E+05 18.6354 1.00000
  3.500E+07 3.500E+07 2.717E+00 1.477E+02 2.031E+02 1.626E+01 3.670E+02 3.697E+02 5.172E+05 18.9437 1.00000
  4.000E+07 4.000E+07 2.731E+00 1.690E+02 2.323E+02 1.886E+01 4.201E+02 4.228E+02 5.298E+05 19.2108 1.00000
  4.500E+07 4.500E+07 2.744E+00 1.903E+02 2.614E+02 2.149E+01 4.732E+02 4.760E+02 5.410E+05 19.4463 1.00000
  5.000E+07 5.000E+07 2.755E+00 2.116E+02 2.906E+02 2.416E+01 5.264E+02 5.292E+02 5.509E+05 19.6571 1.00000
  5.500E+07 5.500E+07 2.765E+00 2.330E+02 3.198E+02 2.686E+01 5.796E+02 5.824E+02 5.599E+05 19.8477 1.00000
  6.000E+07 6.000E+07 2.775E+00 2.543E+02 3.490E+02 2.958E+01 6.329E+02 6.357E+02 5.682E+05 20.0217 1.00000
  7.000E+07 7.000E+07 2.791E+00 2.970E+02 4.074E+02 3.511E+01 7.395E+02 7.423E+02 5.827E+05 20.3300 1.00000
  8.000E+07 8.000E+07 2.806E+00 3.397E+02 4.658E+02 4.074E+01 8.463E+02 8.491E+02 5.953E+05 20.5971 1.00000
  9.000E+07 9.000E+07 2.819E+00 3.824E+02 5.243E+02 4.644E+01 9.531E+02 9.559E+02 6.064E+05 20.8326 1.00000
  1.000E+08 1.000E+08 2.831E+00 4.251E+02 5.827E+02 5.222E+01 1.060E+03 1.063E+03 6.163E+05 21.0433 1.00000
  1.200E+08 1.200E+08 2.851E+00 5.105E+02 6.995E+02 6.398E+01 1.274E+03 1.277E+03 6.334E+05 21.4080 1.00000
  1.400E+08 1.400E+08 2.868E+00 5.960E+02 8.164E+02 7.598E+01 1.488E+03 1.491E+03 6.479E+05 21.7163 1.00000
  1.700E+08 1.700E+08 2.890E+00 7.242E+02 9.917E+02 9.435E+01 1.810E+03 1.813E+03 6.661E+05 22.1046 1.00000
  2.000E+08 2.000E+08 2.909E+00 8.524E+02 1.167E+03 1.131E+02 2.133E+03 2.135E+03 6.814E+05 22.4296 1.00000
  2.500E+08 2.500E+08 2.934E+00 1.066E+03 1.459E+03 1.451E+02 2.670E+03 2.673E+03 7.023E+05 22.8759 1.00000
  3.000E+08 3.000E+08 2.955E+00 1.280E+03 1.751E+03 1.779E+02 3.209E+03 3.212E+03 7.193E+05 23.2406 1.00000
  3.500E+08 3.500E+08 2.973E+00 1.494E+03 2.044E+03 2.114E+02 3.749E+03 3.752E+03 7.337E+05 23.5489 1.00000
  4.000E+08 4.000E+08 2.989E+00 1.707E+03 2.336E+03 2.454E+02 4.289E+03 4.292E+03 7.461E+05 23.8159 1.00000
  4.500E+08 4.500E+08 3.003E+00 1.921E+03 2.628E+03 2.800E+02 4.829E+03 4.832E+03 7.571E+05 24.0515 1.00000
  5.000E+08 5.000E+08 3.016E+00 2.135E+03 2.921E+03 3.150E+02 5.370E+03 5.373E+03 7.669E+05 24.2622 1.00000
  5.500E+08 5.500E+08 3.027E+00 2.349E+03 3.213E+03 3.505E+02 5.912E+03 5.915E+03 7.758E+05 24.4528 1.00000
  6.000E+08 6.000E+08 3.038E+00 2.562E+03 3.505E+03 3.863E+02 6.454E+03 6.457E+03 7.839E+05 24.6269 1.00000
  7.000E+08 7.000E+08 3.056E+00 2.990E+03 4.090E+03 4.591E+02 7.539E+03 7.542E+03 7.982E+05 24.9351 1.00000
  8.000E+08 8.000E+08 3.072E+00 3.417E+03 4.674E+03 5.333E+02 8.625E+03 8.628E+03 8.106E+05 25.2022 1.00000
  9.000E+08 9.000E+08 3.087E+00 3.845E+03 5.259E+03 6.085E+02 9.712E+03 9.715E+03 8.215E+05 25.4377 1.00000
  1.000E+09 1.000E+09 3.100E+00 4.273E+03 5.843E+03 6.848E+02 1.080E+04 1.080E+04 8.313E+05 25.6484 1.00000
  1.200E+09 1.200E+09 3.123E+00 5.128E+03 7.013E+03 8.402E+02 1.298E+04 1.298E+04 8.481E+05 26.0130 1.00000
  1.400E+09 1.400E+09 3.142E+00 5.983E+03 8.182E+03 9.988E+02 1.516E+04 1.517E+04 8.624E+05 26.3210 1.00000
  1.700E+09 1.700E+09 3.166E+00 7.266E+03 9.936E+03 1.242E+03 1.844E+04 1.845E+04 8.803E+05 26.7093 1.00000
  2.000E+09 2.000E+09 3.187E+00 8.548E+03 1.169E+04 1.491E+03 2.173E+04 2.173E+04 8.952E+05 27.0328 1.00000
  2.500E+09 2.500E+09 3.216E+00 1.069E+04 1.461E+04 1.916E+03 2.721E+04 2.722E+04 9.158E+05 27.4791 1.00000
  3.000E+09 3.000E+09 3.240E+00 1.282E+04 1.754E+04 2.351E+03 3.271E+04 3.271E+04 9.325E+05 27.8372 1.00000
  3.500E+09 3.500E+09 3.260E+00 1.496E+04 2.046E+04 2.797E+03 3.822E+04 3.822E+04 9.466E+05 28.1455 1.00000
  4.000E+09 4.000E+09 3.278E+00 1.710E+04 2.338E+04 3.250E+03 4.373E+04 4.373E+04 9.588E+05 28.4126 1.00000
  4.500E+09 4.500E+09 3.295E+00 1.924E+04 2.630E+04 3.711E+03 4.925E+04 4.926E+04 9.696E+05 28.6190 1.00000
  5.000E+09 5.000E+09 3.309E+00 2.138E+04 2.923E+04 4.178E+03 5.478E+04 5.478E+04 9.792E+05 28.8297 1.00000
  5.500E+09 5.500E+09 3.322E+00 2.351E+04 3.215E+04 4.652E+03 6.032E+04 6.032E+04 9.879E+05 29.0203 1.00000
  6.000E+09 6.000E+09 3.334E+00 2.565E+04 3.507E+04 5.131E+03 6.586E+04 6.586E+04 9.959E+05 29.1944 1.00000
  7.000E+09 7.000E+09 3.355E+00 2.993E+04 4.092E+04 6.104E+03 7.695E+04 7.695E+04 1.010E+06 29.5027 1.00000
  8.000E+09 8.000E+09 3.383E+00 3.420E+04 4.677E+04 7.095E+03 8.806E+04 8.807E+04 1.022E+06 29.6143 1.00000
  9.000E+09 9.000E+09 3.399E+00 3.848E+04 5.261E+04 8.103E+03 9.919E+04 9.920E+04 1.033E+06 29.8498 1.00000
  1.000E+10 1.000E+10 3.414E+00 4.275E+04 5.846E+04 9.126E+03 1.103E+05 1.103E+05 1.042E+06 30.0605 1.00000
  1.200E+10 1.200E+10 3.439E+00 5.131E+04 7.015E+04 1.121E+04 1.327E+05 1.327E+05 1.059E+06 30.4252 1.00000
  1.400E+10 1.400E+10 3.461E+00 5.986E+04 8.184E+04 1.334E+04 1.550E+05 1.550E+05 1.073E+06 30.7335 1.00000
  1.700E+10 1.700E+10 3.488E+00 7.268E+04 9.938E+04 1.661E+04 1.887E+05 1.887E+05 1.090E+06 31.1218 1.00000
  2.000E+10 2.000E+10 3.511E+00 8.551E+04 1.169E+05 1.996E+04 2.224E+05 2.224E+05 1.105E+06 31.4468 1.00000
  2.500E+10 2.500E+10 3.543E+00 1.069E+05 1.462E+05 2.569E+04 2.787E+05 2.787E+05 1.125E+06 31.8931 1.00000
  3.000E+10 3.000E+10 3.570E+00 1.283E+05 1.754E+05 3.158E+04 3.352E+05 3.352E+05 1.141E+06 32.2578 1.00000
  3.500E+10 3.500E+10 3.592E+00 1.496E+05 2.046E+05 3.760E+04 3.919E+05 3.919E+05 1.155E+06 32.5661 1.00000
  4.000E+10 4.000E+10 3.612E+00 1.710E+05 2.338E+05 4.373E+04 4.486E+05 4.486E+05 1.167E+06 32.8331 1.00000
  4.500E+10 4.500E+10 3.630E+00 1.924E+05 2.631E+05 4.998E+04 5.055E+05 5.055E+05 1.177E+06 33.0687 1.00000
  5.000E+10 5.000E+10 3.645E+00 2.138E+05 2.923E+05 5.631E+04 5.624E+05 5.624E+05 1.187E+06 33.2794 1.00000
  5.500E+10 5.500E+10 3.660E+00 2.352E+05 3.215E+05 6.274E+04 6.194E+05 6.194E+05 1.195E+06 33.4700 1.00000
  6.000E+10 6.000E+10 3.673E+00 2.565E+05 3.508E+05 6.924E+04 6.765E+05 6.766E+05 1.203E+06 33.6441 1.00000
  7.000E+10 7.000E+10 3.696E+00 2.993E+05 4.092E+05 8.247E+04 7.910E+05 7.910E+05 1.217E+06 33.9524 1.00000
  8.000E+10 8.000E+10 3.716E+00 3.421E+05 4.677E+05 9.597E+04 9.057E+05 9.057E+05 1.228E+06 34.2194 1.00000
  9.000E+10 9.000E+10 3.734E+00 3.848E+05 5.261E+05 1.097E+05 1.021E+06 1.021E+06 1.239E+06 34.4550 1.00000
  1.000E+11 1.000E+11 3.751E+00 4.276E+05 5.846E+05 1.236E+05 1.136E+06 1.136E+06 1.248E+06 34.6657 1.00000
  1.200E+11 1.200E+11 3.779E+00 5.131E+05 7.015E+05 1.521E+05 1.367E+06 1.367E+06 1.264E+06 35.0304 1.00000
  1.400E+11 1.400E+11 3.803E+00 5.986E+05 8.184E+05 1.812E+05 1.598E+06 1.598E+06 1.278E+06 35.3387 1.00000
  1.700E+11 1.700E+11 3.834E+00 7.269E+05 9.938E+05 2.260E+05 1.947E+06 1.947E+06 1.295E+06 35.7270 1.00000
  2.000E+11 2.000E+11 3.859E+00 8.551E+05 1.169E+06 2.719E+05 2.296E+06 2.296E+06 1.309E+06 36.0520 1.00000
  2.500E+11 2.500E+11 3.895E+00 1.069E+06 1.461E+06 3.505E+05 2.881E+06 2.881E+06 1.328E+06 36.4983 1.00000
  3.000E+11 3.000E+11 3.925E+00 1.283E+06 1.754E+06 4.315E+05 3.468E+06 3.468E+06 1.344E+06 36.8629 1.00000
  3.500E+11 3.500E+11 3.950E+00 1.497E+06 2.046E+06 5.144E+05 4.057E+06 4.057E+06 1.357E+06 37.1712 1.00000
  4.000E+11 4.000E+11 3.972E+00 1.710E+06 2.338E+06 5.990E+05 4.648E+06 4.648E+06 1.369E+06 37.4383 1.00000
  4.500E+11 4.500E+11 3.992E+00 1.924E+06 2.631E+06 6.851E+05 5.240E+06 5.240E+06 1.379E+06 37.6739 1.00000
  5.000E+11 5.000E+11 4.009E+00 2.138E+06 2.923E+06 7.727E+05 5.833E+06 5.833E+06 1.388E+06 37.8846 1.00000
  5.500E+11 5.500E+11 4.025E+00 2.352E+06 3.215E+06 8.615E+05 6.428E+06 6.428E+06 1.396E+06 38.0752 1.00000
  6.000E+11 6.000E+11 4.040E+00 2.565E+06 3.507E+06 9.515E+05 7.024E+06 7.024E+06 1.404E+06 38.2492 1.00000
  7.000E+11 7.000E+11 4.066E+00 2.993E+06 4.092E+06 1.135E+06 8.220E+06 8.220E+06 1.417E+06 38.5575 1.00000
  8.000E+11 8.000E+11 4.088E+00 3.421E+06 4.677E+06 1.322E+06 9.419E+06 9.419E+06 1.428E+06 38.8246 1.00000
  9.000E+11 9.000E+11 4.109E+00 3.848E+06 5.261E+06 1.512E+06 1.062E+07 1.062E+07 1.438E+06 39.0602 1.00000
  1.000E+12 1.000E+12 4.127E+00 4.276E+06 5.846E+06 1.706E+06 1.183E+07 1.183E+07 1.447E+06 39.2709 1.00000
