 Incident particle is a Muon with M = 105.65839 MeV
 Index = 0: Seaborgium
      Absorber with <Z/A> = 0.39386
 Density effect computed following Fano (1963)
 Models for Radloss: brems =  SSR, pair =  SSR, photonuc = DRSS

 *** Table generated with PUMAS v1.1 ***

      T         p     Ionization  brems     pair     photonuc  Radloss    dE/dx   CSDA Range  delta   beta
    [MeV]    [MeV/c]  -----------------------[MeV cm^2/g]------------------------  [g/cm^2]
  1.000E+00 1.457E+01 1.859E+01 0.000E+00 0.000E+00 0.000E+00 0.000E+00 1.859E+01 2.689E-02  0.0066 0.13661
  1.200E+00 1.597E+01 1.651E+01 0.000E+00 0.000E+00 0.000E+00 0.000E+00 1.651E+01 3.833E-02  0.0067 0.14944
  1.400E+00 1.726E+01 1.489E+01 0.000E+00 0.000E+00 0.000E+00 0.000E+00 1.489E+01 5.111E-02  0.0068 0.16119
  1.700E+00 1.903E+01 1.305E+01 0.000E+00 0.000E+00 0.000E+00 0.000E+00 1.305E+01 7.268E-02  0.0070 0.17725
  2.000E+00 2.066E+01 1.166E+01 0.000E+00 0.000E+00 0.000E+00 0.000E+00 1.166E+01 9.705E-02  0.0072 0.19186
  2.500E+00 2.312E+01 9.965E+00 0.000E+00 0.000E+00 0.000E+00 0.000E+00 9.965E+00 1.436E-01  0.0076 0.21376
  3.000E+00 2.536E+01 8.751E+00 0.000E+00 0.000E+00 0.000E+00 0.000E+00 8.751E+00 1.973E-01  0.0080 0.23336
  3.500E+00 2.742E+01 7.836E+00 0.000E+00 0.000E+00 0.000E+00 0.000E+00 7.836E+00 2.578E-01  0.0083 0.25120
  4.000E+00 2.935E+01 7.118E+00 0.000E+00 0.000E+00 0.000E+00 0.000E+00 7.118E+00 3.248E-01  0.0087 0.26763
  4.500E+00 3.116E+01 6.539E+00 0.000E+00 0.000E+00 0.000E+00 0.000E+00 6.539E+00 3.982E-01  0.0091 0.28290
  5.000E+00 3.289E+01 6.060E+00 0.000E+00 0.000E+00 0.000E+00 0.000E+00 6.060E+00 4.777E-01  0.0095 0.29720
  5.500E+00 3.453E+01 5.658E+00 0.000E+00 0.000E+00 0.000E+00 0.000E+00 5.658E+00 5.632E-01  0.0099 0.31066
  6.000E+00 3.611E+01 5.315E+00 0.000E+00 0.000E+00 0.000E+00 0.000E+00 5.315E+00 6.544E-01  0.0103 0.32339
  7.000E+00 3.909E+01 4.760E+00 0.000E+00 0.000E+00 0.000E+00 0.000E+00 4.760E+00 8.536E-01  0.0111 0.34700
  8.000E+00 4.189E+01 4.328E+00 0.000E+00 0.000E+00 0.000E+00 0.000E+00 4.328E+00 1.074E+00  0.0119 0.36854
  9.000E+00 4.453E+01 3.983E+00 0.000E+00 0.000E+00 0.000E+00 0.000E+00 3.983E+00 1.315E+00  0.0128 0.38836
  1.000E+01 4.704E+01 3.701E+00 0.000E+00 0.000E+00 0.000E+00 0.000E+00 3.701E+00 1.576E+00  0.0137 0.40675
  1.200E+01 5.177E+01 3.264E+00 0.000E+00 0.000E+00 0.000E+00 0.000E+00 3.264E+00 2.153E+00  0.0155 0.43998
  1.400E+01 5.616E+01 2.943E+00 0.000E+00 0.000E+00 0.000E+00 0.000E+00 2.943E+00 2.800E+00  0.0174 0.46937
  1.700E+01 6.230E+01 2.592E+00 0.000E+00 0.000E+00 0.000E+00 0.000E+00 2.592E+00 3.889E+00  0.0204 0.50792
  2.000E+01 6.802E+01 2.339E+00 0.000E+00 0.000E+00 0.000E+00 0.000E+00 2.339E+00 5.110E+00  0.0236 0.54129
  2.500E+01 7.686E+01 2.046E+00 0.000E+00 0.000E+00 0.000E+00 0.000E+00 2.046E+00 7.404E+00  0.0291 0.58827
  3.000E+01 8.509E+01 1.847E+00 0.000E+00 0.000E+00 0.000E+00 0.000E+00 1.847E+00 9.983E+00  0.0350 0.62720
  3.500E+01 9.285E+01 1.704E+00 0.000E+00 0.000E+00 0.000E+00 0.000E+00 1.704E+00 1.281E+01  0.0411 0.66011
  4.000E+01 1.003E+02 1.595E+00 0.000E+00 0.000E+00 0.000E+00 0.000E+00 1.595E+00 1.584E+01  0.0475 0.68834
  4.500E+01 1.074E+02 1.511E+00 0.000E+00 0.000E+00 0.000E+00 0.000E+00 1.511E+00 1.907E+01  0.0540 0.71286
  5.000E+01 1.143E+02 1.444E+00 0.000E+00 0.000E+00 0.000E+00 0.000E+00 1.444E+00 2.245E+01  0.0607 0.73434
  5.500E+01 1.210E+02 1.390E+00 0.000E+00 0.000E+00 0.000E+00 0.000E+00 1.390E+00 2.598E+01  0.0674 0.75332
  6.000E+01 1.276E+02 1.345E+00 0.000E+00 0.000E+00 0.000E+00 0.000E+00 1.345E+00 2.964E+01  0.0743 0.77019
  7.000E+01 1.403E+02 1.277E+00 0.000E+00 0.000E+00 0.000E+00 0.000E+00 1.277E+00 3.728E+01  0.0881 0.79887
  8.000E+01 1.527E+02 1.227E+00 0.000E+00 0.000E+00 0.000E+00 0.000E+00 1.227E+00 4.528E+01  0.1021 0.82227
  9.000E+01 1.647E+02 1.190E+00 0.000E+00 0.000E+00 0.000E+00 0.000E+00 1.190E+00 5.356E+01  0.1161 0.84166
  1.000E+02 1.764E+02 1.163E+00 0.000E+00 0.000E+00 0.000E+00 0.000E+00 1.163E+00 6.206E+01  0.1300 0.85794
  1.200E+02 1.994E+02 1.125E+00 0.000E+00 0.000E+00 0.000E+00 0.000E+00 1.125E+00 7.958E+01  0.1575 0.88361
  1.400E+02 2.218E+02 1.102E+00 0.000E+00 0.000E+00 0.000E+00 0.000E+00 1.102E+00 9.756E+01  0.1845 0.90278
  1.700E+02 2.546E+02 1.084E+00 0.000E+00 0.000E+00 0.000E+00 0.000E+00 1.084E+00 1.250E+02  0.2235 0.92363
  2.000E+02 2.868E+02 1.076E+00 0.000E+00 0.000E+00 0.000E+00 0.000E+00 1.076E+00 1.528E+02  0.2607 0.93835
  2.500E+02 3.396E+02 1.076E+00 0.000E+00 0.000E+00 0.000E+00 0.000E+00 1.076E+00 1.993E+02  0.3191 0.95485
  3.000E+02 3.917E+02 1.083E+00 0.000E+00 0.000E+00 0.000E+00 0.000E+00 1.083E+00 2.457E+02  0.3734 0.96548
  3.500E+02 4.432E+02 1.093E+00 0.000E+00 0.000E+00 0.000E+00 0.000E+00 1.093E+00 2.916E+02  0.4242 0.97274
  4.000E+02 4.945E+02 1.105E+00 0.000E+00 0.000E+00 0.000E+00 0.000E+00 1.105E+00 3.371E+02  0.4720 0.97793
  4.500E+02 5.455E+02 1.117E+00 0.000E+00 0.000E+00 0.000E+00 0.000E+00 1.117E+00 3.821E+02  0.5172 0.98176
  5.000E+02 5.964E+02 1.129E+00 0.000E+00 0.000E+00 0.000E+00 0.000E+00 1.129E+00 4.266E+02  0.5602 0.98467
  5.500E+02 6.471E+02 1.141E+00 2.512E-04 1.226E-04 1.444E-05 3.883E-04 1.142E+00 4.706E+02  0.6013 0.98693
  6.000E+02 6.977E+02 1.153E+00 4.657E-04 1.803E-04 4.838E-05 6.944E-04 1.154E+00 5.142E+02  0.6407 0.98873
  7.000E+02 7.987E+02 1.174E+00 7.926E-04 2.912E-04 1.157E-04 1.200E-03 1.176E+00 6.001E+02  0.7153 0.99136
  8.000E+02 8.995E+02 1.194E+00 1.074E-03 4.215E-04 1.789E-04 1.675E-03 1.196E+00 6.844E+02  0.7851 0.99317
  9.000E+02 1.000E+03 1.213E+00 1.343E-03 5.723E-04 2.391E-04 2.154E-03 1.215E+00 7.673E+02  0.8508 0.99447
  1.000E+03 1.101E+03 1.229E+00 1.609E-03 7.424E-04 2.970E-04 2.649E-03 1.232E+00 8.491E+02  0.9131 0.99542
  1.200E+03 1.301E+03 1.259E+00 2.154E-03 1.137E-03 4.085E-04 3.699E-03 1.263E+00 1.009E+03  1.0293 0.99672
  1.400E+03 1.502E+03 1.285E+00 2.723E-03 1.596E-03 5.158E-04 4.835E-03 1.290E+00 1.166E+03  1.1363 0.99753
  1.700E+03 1.803E+03 1.317E+00 3.626E-03 2.395E-03 6.710E-04 6.692E-03 1.324E+00 1.396E+03  1.2834 0.99829
  2.000E+03 2.103E+03 1.344E+00 4.587E-03 3.309E-03 8.211E-04 8.717E-03 1.353E+00 1.620E+03  1.4178 0.99874
  2.500E+03 2.604E+03 1.381E+00 6.301E-03 5.055E-03 1.062E-03 1.242E-02 1.394E+00 1.984E+03  1.6201 0.99918
  3.000E+03 3.104E+03 1.411E+00 8.139E-03 7.037E-03 1.295E-03 1.647E-02 1.427E+00 2.338E+03  1.8010 0.99942
  3.500E+03 3.604E+03 1.436E+00 1.008E-02 9.223E-03 1.520E-03 2.082E-02 1.456E+00 2.685E+03  1.9649 0.99957
  4.000E+03 4.104E+03 1.456E+00 1.211E-02 1.159E-02 1.740E-03 2.545E-02 1.482E+00 3.025E+03  2.1148 0.99967
  4.500E+03 4.604E+03 1.475E+00 1.423E-02 1.413E-02 1.955E-03 3.031E-02 1.505E+00 3.360E+03  2.2528 0.99974
  5.000E+03 5.105E+03 1.490E+00 1.641E-02 1.680E-02 2.165E-03 3.538E-02 1.526E+00 3.690E+03  2.3807 0.99979
  5.500E+03 5.605E+03 1.505E+00 1.866E-02 1.961E-02 2.372E-03 4.064E-02 1.545E+00 4.015E+03  2.4999 0.99982
  6.000E+03 6.105E+03 1.517E+00 2.097E-02 2.252E-02 2.575E-03 4.607E-02 1.563E+00 4.337E+03  2.6115 0.99985
  7.000E+03 7.105E+03 1.540E+00 2.574E-02 2.867E-02 2.973E-03 5.739E-02 1.597E+00 4.970E+03  2.8154 0.99989
  8.000E+03 8.105E+03 1.558E+00 3.070E-02 3.519E-02 3.361E-03 6.925E-02 1.628E+00 5.590E+03  2.9980 0.99992
  9.000E+03 9.105E+03 1.575E+00 3.582E-02 4.203E-02 3.741E-03 8.158E-02 1.656E+00 6.199E+03  3.1637 0.99993
  1.000E+04 1.011E+04 1.589E+00 4.108E-02 4.914E-02 4.113E-03 9.433E-02 1.683E+00 6.798E+03  3.3153 0.99995
  1.200E+04 1.211E+04 1.613E+00 5.196E-02 6.411E-02 4.841E-03 1.209E-01 1.733E+00 7.968E+03  3.5853 0.99996
  1.400E+04 1.411E+04 1.632E+00 6.327E-02 7.989E-02 5.549E-03 1.487E-01 1.781E+00 9.107E+03  3.8209 0.99997
  1.700E+04 1.711E+04 1.656E+00 8.088E-02 1.048E-01 6.583E-03 1.923E-01 1.848E+00 1.076E+04  4.1268 0.99998
  2.000E+04 2.011E+04 1.675E+00 9.915E-02 1.310E-01 7.592E-03 2.378E-01 1.913E+00 1.236E+04  4.3905 0.99999
  2.500E+04 2.511E+04 1.700E+00 1.308E-01 1.769E-01 9.230E-03 3.169E-01 2.017E+00 1.490E+04  4.7629 0.99999
  3.000E+04 3.011E+04 1.720E+00 1.636E-01 2.249E-01 1.083E-02 3.993E-01 2.119E+00 1.732E+04  5.0752 0.99999
  3.500E+04 3.511E+04 1.736E+00 1.973E-01 2.746E-01 1.240E-02 4.843E-01 2.221E+00 1.962E+04  5.3442 1.00000
  4.000E+04 4.011E+04 1.750E+00 2.319E-01 3.257E-01 1.395E-02 5.716E-01 2.322E+00 2.182E+04  5.5806 1.00000
  4.500E+04 4.511E+04 1.762E+00 2.672E-01 3.781E-01 1.548E-02 6.607E-01 2.423E+00 2.393E+04  5.7916 1.00000
  5.000E+04 5.011E+04 1.772E+00 3.030E-01 4.314E-01 1.700E-02 7.514E-01 2.524E+00 2.595E+04  5.9820 1.00000
  5.500E+04 5.511E+04 1.781E+00 3.395E-01 4.855E-01 1.851E-02 8.435E-01 2.625E+00 2.790E+04  6.1557 1.00000
  6.000E+04 6.011E+04 1.790E+00 3.763E-01 5.405E-01 2.000E-02 9.368E-01 2.727E+00 2.977E+04  6.3154 1.00000
  7.000E+04 7.011E+04 1.804E+00 4.514E-01 6.523E-01 2.298E-02 1.127E+00 2.931E+00 3.330E+04  6.6006 1.00000
  8.000E+04 8.011E+04 1.816E+00 5.278E-01 7.662E-01 2.594E-02 1.320E+00 3.136E+00 3.660E+04  6.8501 1.00000
  9.000E+04 9.011E+04 1.827E+00 6.055E-01 8.819E-01 2.888E-02 1.516E+00 3.343E+00 3.969E+04  7.0718 1.00000
  1.000E+05 1.001E+05 1.836E+00 6.843E-01 9.992E-01 3.182E-02 1.715E+00 3.552E+00 4.259E+04  7.2714 1.00000
  1.200E+05 1.201E+05 1.852E+00 8.444E-01 1.237E+00 3.767E-02 2.119E+00 3.972E+00 4.791E+04  7.6191 1.00000
  1.400E+05 1.401E+05 1.866E+00 1.008E+00 1.479E+00 4.351E-02 2.530E+00 4.396E+00 5.270E+04  7.9152 1.00000
  1.700E+05 1.701E+05 1.882E+00 1.257E+00 1.848E+00 5.227E-02 3.157E+00 5.039E+00 5.907E+04  8.2905 1.00000
  2.000E+05 2.001E+05 1.896E+00 1.510E+00 2.222E+00 6.105E-02 3.793E+00 5.689E+00 6.467E+04  8.6063 1.00000
  2.500E+05 2.501E+05 1.915E+00 1.940E+00 2.853E+00 7.573E-02 4.868E+00 6.783E+00 7.271E+04  9.0420 1.00000
  3.000E+05 3.001E+05 1.930E+00 2.377E+00 3.492E+00 9.051E-02 5.959E+00 7.888E+00 7.954E+04  9.3996 1.00000
  3.500E+05 3.501E+05 1.942E+00 2.819E+00 4.136E+00 1.054E-01 7.061E+00 9.003E+00 8.547E+04  9.7028 1.00000
  4.000E+05 4.001E+05 1.953E+00 3.266E+00 4.786E+00 1.204E-01 8.172E+00 1.012E+01 9.070E+04  9.9661 1.00000
  4.500E+05 4.501E+05 1.963E+00 3.716E+00 5.438E+00 1.354E-01 9.290E+00 1.125E+01 9.539E+04 10.1988 1.00000
  5.000E+05 5.001E+05 1.972E+00 4.170E+00 6.094E+00 1.506E-01 1.041E+01 1.239E+01 9.962E+04 10.4073 1.00000
  5.500E+05 5.501E+05 1.980E+00 4.626E+00 6.752E+00 1.659E-01 1.154E+01 1.352E+01 1.035E+05 10.5962 1.00000
  6.000E+05 6.001E+05 1.987E+00 5.084E+00 7.412E+00 1.812E-01 1.268E+01 1.466E+01 1.070E+05 10.7688 1.00000
  7.000E+05 7.001E+05 1.999E+00 6.007E+00 8.738E+00 2.121E-01 1.496E+01 1.696E+01 1.134E+05 11.0750 1.00000
  8.000E+05 8.001E+05 2.010E+00 6.937E+00 1.007E+01 2.434E-01 1.725E+01 1.926E+01 1.189E+05 11.3406 1.00000
  9.000E+05 9.001E+05 2.020E+00 7.872E+00 1.141E+01 2.750E-01 1.955E+01 2.157E+01 1.238E+05 11.5752 1.00000
  1.000E+06 1.000E+06 2.029E+00 8.811E+00 1.274E+01 3.068E-01 2.186E+01 2.389E+01 1.282E+05 11.7851 1.00000
  1.200E+06 1.200E+06 2.044E+00 1.070E+01 1.543E+01 3.712E-01 2.650E+01 2.855E+01 1.359E+05 12.1487 1.00000
  1.400E+06 1.400E+06 2.057E+00 1.260E+01 1.813E+01 4.365E-01 3.117E+01 3.322E+01 1.423E+05 12.4564 1.00000
  1.700E+06 1.700E+06 2.073E+00 1.547E+01 2.219E+01 5.360E-01 3.819E+01 4.026E+01 1.505E+05 12.8441 1.00000
  2.000E+06 2.000E+06 2.087E+00 1.835E+01 2.625E+01 6.371E-01 4.524E+01 4.733E+01 1.574E+05 13.1688 1.00000
  2.500E+06 2.500E+06 2.106E+00 2.318E+01 3.305E+01 8.087E-01 5.704E+01 5.914E+01 1.668E+05 13.6147 1.00000
  3.000E+06 3.000E+06 2.121E+00 2.803E+01 3.987E+01 9.836E-01 6.888E+01 7.100E+01 1.745E+05 13.9792 1.00000
  3.500E+06 3.500E+06 2.135E+00 3.289E+01 4.669E+01 1.161E+00 8.074E+01 8.288E+01 1.811E+05 14.2874 1.00000
  4.000E+06 4.000E+06 2.146E+00 3.777E+01 5.353E+01 1.342E+00 9.264E+01 9.478E+01 1.867E+05 14.5543 1.00000
  4.500E+06 4.500E+06 2.157E+00 4.265E+01 6.037E+01 1.524E+00 1.045E+02 1.067E+02 1.917E+05 14.7899 1.00000
  5.000E+06 5.000E+06 2.166E+00 4.755E+01 6.721E+01 1.709E+00 1.165E+02 1.186E+02 1.961E+05 15.0005 1.00000
  5.500E+06 5.500E+06 2.174E+00 5.245E+01 7.406E+01 1.896E+00 1.284E+02 1.306E+02 2.001E+05 15.1911 1.00000
  6.000E+06 6.000E+06 2.182E+00 5.735E+01 8.092E+01 2.084E+00 1.404E+02 1.425E+02 2.038E+05 15.3651 1.00000
  7.000E+06 7.000E+06 2.195E+00 6.718E+01 9.464E+01 2.466E+00 1.643E+02 1.665E+02 2.103E+05 15.6734 1.00000
  8.000E+06 8.000E+06 2.207E+00 7.702E+01 1.084E+02 2.853E+00 1.882E+02 1.904E+02 2.159E+05 15.9404 1.00000
  9.000E+06 9.000E+06 2.218E+00 8.687E+01 1.221E+02 3.246E+00 2.122E+02 2.144E+02 2.208E+05 16.1760 1.00000
  1.000E+07 1.000E+07 2.227E+00 9.673E+01 1.358E+02 3.643E+00 2.362E+02 2.385E+02 2.252E+05 16.3867 1.00000
  1.200E+07 1.200E+07 2.244E+00 1.165E+02 1.633E+02 4.451E+00 2.843E+02 2.865E+02 2.329E+05 16.7513 1.00000
  1.400E+07 1.400E+07 2.258E+00 1.362E+02 1.909E+02 5.273E+00 3.324E+02 3.346E+02 2.393E+05 17.0596 1.00000
  1.700E+07 1.700E+07 2.276E+00 1.659E+02 2.322E+02 6.530E+00 4.046E+02 4.069E+02 2.475E+05 17.4479 1.00000
  2.000E+07 2.000E+07 2.291E+00 1.956E+02 2.735E+02 7.812E+00 4.769E+02 4.792E+02 2.542E+05 17.7730 1.00000
  2.500E+07 2.500E+07 2.312E+00 2.452E+02 3.423E+02 9.996E+00 5.975E+02 5.998E+02 2.636E+05 18.2192 1.00000
  3.000E+07 3.000E+07 2.329E+00 2.947E+02 4.113E+02 1.223E+01 7.182E+02 7.206E+02 2.712E+05 18.5839 1.00000
  3.500E+07 3.500E+07 2.344E+00 3.444E+02 4.802E+02 1.451E+01 8.390E+02 8.414E+02 2.776E+05 18.8922 1.00000
  4.000E+07 4.000E+07 2.357E+00 3.940E+02 5.491E+02 1.682E+01 9.599E+02 9.623E+02 2.831E+05 19.1592 1.00000
  4.500E+07 4.500E+07 2.368E+00 4.436E+02 6.181E+02 1.917E+01 1.081E+03 1.083E+03 2.880E+05 19.3948 1.00000
  5.000E+07 5.000E+07 2.379E+00 4.933E+02 6.870E+02 2.155E+01 1.202E+03 1.204E+03 2.924E+05 19.6055 1.00000
  5.500E+07 5.500E+07 2.388E+00 5.429E+02 7.560E+02 2.395E+01 1.323E+03 1.325E+03 2.963E+05 19.7961 1.00000
  6.000E+07 6.000E+07 2.396E+00 5.926E+02 8.249E+02 2.638E+01 1.444E+03 1.446E+03 3.000E+05 19.9702 1.00000
  7.000E+07 7.000E+07 2.412E+00 6.919E+02 9.629E+02 3.131E+01 1.686E+03 1.689E+03 3.064E+05 20.2785 1.00000
  8.000E+07 8.000E+07 2.425E+00 7.913E+02 1.101E+03 3.633E+01 1.928E+03 1.931E+03 3.119E+05 20.5455 1.00000
  9.000E+07 9.000E+07 2.437E+00 8.907E+02 1.239E+03 4.142E+01 2.171E+03 2.173E+03 3.168E+05 20.7811 1.00000
  1.000E+08 1.000E+08 2.447E+00 9.901E+02 1.377E+03 4.657E+01 2.413E+03 2.416E+03 3.211E+05 20.9918 1.00000
  1.200E+08 1.200E+08 2.466E+00 1.189E+03 1.653E+03 5.706E+01 2.899E+03 2.901E+03 3.287E+05 21.3565 1.00000
  1.400E+08 1.400E+08 2.481E+00 1.388E+03 1.929E+03 6.775E+01 3.384E+03 3.387E+03 3.350E+05 21.6648 1.00000
  1.700E+08 1.700E+08 2.501E+00 1.686E+03 2.343E+03 8.413E+01 4.113E+03 4.115E+03 3.431E+05 22.0531 1.00000
  2.000E+08 2.000E+08 2.518E+00 1.984E+03 2.757E+03 1.009E+02 4.842E+03 4.844E+03 3.498E+05 22.3781 1.00000
  2.500E+08 2.500E+08 2.541E+00 2.481E+03 3.447E+03 1.294E+02 6.058E+03 6.060E+03 3.590E+05 22.8244 1.00000
  3.000E+08 3.000E+08 2.561E+00 2.979E+03 4.137E+03 1.586E+02 7.274E+03 7.277E+03 3.665E+05 23.1890 1.00000
  3.500E+08 3.500E+08 2.577E+00 3.476E+03 4.827E+03 1.885E+02 8.492E+03 8.494E+03 3.729E+05 23.4973 1.00000
  4.000E+08 4.000E+08 2.591E+00 3.973E+03 5.517E+03 2.188E+02 9.709E+03 9.712E+03 3.784E+05 23.7644 1.00000
  4.500E+08 4.500E+08 2.604E+00 4.470E+03 6.208E+03 2.496E+02 1.093E+04 1.093E+04 3.832E+05 24.0000 1.00000
  5.000E+08 5.000E+08 2.616E+00 4.968E+03 6.898E+03 2.809E+02 1.215E+04 1.215E+04 3.876E+05 24.2107 1.00000
  5.500E+08 5.500E+08 2.626E+00 5.465E+03 7.588E+03 3.125E+02 1.337E+04 1.337E+04 3.915E+05 24.4013 1.00000
  6.000E+08 6.000E+08 2.635E+00 5.962E+03 8.278E+03 3.445E+02 1.459E+04 1.459E+04 3.951E+05 24.5753 1.00000
  7.000E+08 7.000E+08 2.652E+00 6.957E+03 9.659E+03 4.094E+02 1.703E+04 1.703E+04 4.014E+05 24.8836 1.00000
  8.000E+08 8.000E+08 2.667E+00 7.952E+03 1.104E+04 4.755E+02 1.947E+04 1.947E+04 4.069E+05 25.1507 1.00000
  9.000E+08 9.000E+08 2.680E+00 8.946E+03 1.242E+04 5.426E+02 2.191E+04 2.191E+04 4.117E+05 25.3861 1.00000
  1.000E+09 1.000E+09 2.692E+00 9.941E+03 1.380E+04 6.106E+02 2.435E+04 2.435E+04 4.161E+05 25.5969 1.00000
  1.200E+09 1.200E+09 2.713E+00 1.193E+04 1.656E+04 7.491E+02 2.924E+04 2.924E+04 4.235E+05 25.9615 1.00000
  1.400E+09 1.400E+09 2.730E+00 1.392E+04 1.932E+04 8.906E+02 3.413E+04 3.413E+04 4.299E+05 26.2694 1.00000
  1.700E+09 1.700E+09 2.753E+00 1.690E+04 2.346E+04 1.107E+03 4.147E+04 4.148E+04 4.378E+05 26.6577 1.00000
  2.000E+09 2.000E+09 2.772E+00 1.989E+04 2.761E+04 1.329E+03 4.882E+04 4.882E+04 4.445E+05 26.9812 1.00000
  2.500E+09 2.500E+09 2.798E+00 2.486E+04 3.451E+04 1.708E+03 6.108E+04 6.108E+04 4.536E+05 27.4275 1.00000
  3.000E+09 3.000E+09 2.820E+00 2.983E+04 4.141E+04 2.097E+03 7.334E+04 7.334E+04 4.611E+05 27.7857 1.00000
  3.500E+09 3.500E+09 2.838E+00 3.481E+04 4.831E+04 2.494E+03 8.561E+04 8.562E+04 4.674E+05 28.0940 1.00000
  4.000E+09 4.000E+09 2.854E+00 3.978E+04 5.522E+04 2.898E+03 9.789E+04 9.790E+04 4.728E+05 28.3610 1.00000
  4.500E+09 4.500E+09 2.870E+00 4.475E+04 6.212E+04 3.309E+03 1.102E+05 1.102E+05 4.777E+05 28.5675 1.00000
  5.000E+09 5.000E+09 2.883E+00 4.973E+04 6.902E+04 3.725E+03 1.225E+05 1.225E+05 4.820E+05 28.7782 1.00000
  5.500E+09 5.500E+09 2.894E+00 5.470E+04 7.592E+04 4.147E+03 1.348E+05 1.348E+05 4.859E+05 28.9688 1.00000
  6.000E+09 6.000E+09 2.905E+00 5.967E+04 8.283E+04 4.575E+03 1.471E+05 1.471E+05 4.894E+05 29.1428 1.00000
  7.000E+09 7.000E+09 2.924E+00 6.962E+04 9.663E+04 5.442E+03 1.717E+05 1.717E+05 4.957E+05 29.4511 1.00000
  8.000E+09 8.000E+09 2.950E+00 7.956E+04 1.104E+05 6.326E+03 1.963E+05 1.963E+05 5.011E+05 29.5627 1.00000
  9.000E+09 9.000E+09 2.965E+00 8.951E+04 1.242E+05 7.225E+03 2.210E+05 2.210E+05 5.059E+05 29.7983 1.00000
  1.000E+10 1.000E+10 2.978E+00 9.946E+04 1.380E+05 8.137E+03 2.456E+05 2.456E+05 5.102E+05 30.0090 1.00000
  1.200E+10 1.200E+10 3.001E+00 1.194E+05 1.657E+05 9.996E+03 2.950E+05 2.950E+05 5.176E+05 30.3737 1.00000
  1.400E+10 1.400E+10 3.021E+00 1.392E+05 1.933E+05 1.190E+04 3.444E+05 3.444E+05 5.239E+05 30.6820 1.00000
  1.700E+10 1.700E+10 3.045E+00 1.691E+05 2.347E+05 1.481E+04 4.186E+05 4.186E+05 5.318E+05 31.0703 1.00000
  2.000E+10 2.000E+10 3.067E+00 1.989E+05 2.761E+05 1.780E+04 4.928E+05 4.928E+05 5.384E+05 31.3953 1.00000
  2.500E+10 2.500E+10 3.096E+00 2.487E+05 3.451E+05 2.291E+04 6.167E+05 6.167E+05 5.475E+05 31.8416 1.00000
  3.000E+10 3.000E+10 3.120E+00 2.984E+05 4.141E+05 2.816E+04 7.407E+05 7.407E+05 5.548E+05 32.2062 1.00000
  3.500E+10 3.500E+10 3.140E+00 3.481E+05 4.832E+05 3.352E+04 8.648E+05 8.648E+05 5.611E+05 32.5145 1.00000
  4.000E+10 4.000E+10 3.158E+00 3.978E+05 5.522E+05 3.899E+04 9.890E+05 9.890E+05 5.665E+05 32.7816 1.00000
  4.500E+10 4.500E+10 3.174E+00 4.476E+05 6.212E+05 4.456E+04 1.113E+06 1.113E+06 5.712E+05 33.0172 1.00000
  5.000E+10 5.000E+10 3.188E+00 4.973E+05 6.902E+05 5.021E+04 1.238E+06 1.238E+06 5.755E+05 33.2279 1.00000
  5.500E+10 5.500E+10 3.201E+00 5.470E+05 7.593E+05 5.594E+04 1.362E+06 1.362E+06 5.794E+05 33.4185 1.00000
  6.000E+10 6.000E+10 3.213E+00 5.968E+05 8.283E+05 6.174E+04 1.487E+06 1.487E+06 5.829E+05 33.5925 1.00000
  7.000E+10 7.000E+10 3.235E+00 6.962E+05 9.663E+05 7.354E+04 1.736E+06 1.736E+06 5.891E+05 33.9008 1.00000
  8.000E+10 8.000E+10 3.253E+00 7.957E+05 1.104E+06 8.557E+04 1.986E+06 1.986E+06 5.945E+05 34.1679 1.00000
  9.000E+10 9.000E+10 3.269E+00 8.952E+05 1.242E+06 9.781E+04 2.235E+06 2.235E+06 5.992E+05 34.4035 1.00000
  1.000E+11 1.000E+11 3.284E+00 9.946E+05 1.380E+06 1.102E+05 2.485E+06 2.485E+06 6.034E+05 34.6142 1.00000
  1.200E+11 1.200E+11 3.310E+00 1.194E+06 1.657E+06 1.356E+05 2.986E+06 2.986E+06 6.108E+05 34.9788 1.00000
  1.400E+11 1.400E+11 3.332E+00 1.392E+06 1.933E+06 1.616E+05 3.487E+06 3.487E+06 6.170E+05 35.2871 1.00000
  1.700E+11 1.700E+11 3.360E+00 1.691E+06 2.347E+06 2.015E+05 4.239E+06 4.239E+06 6.248E+05 35.6754 1.00000
  2.000E+11 2.000E+11 3.383E+00 1.989E+06 2.761E+06 2.424E+05 4.993E+06 4.993E+06 6.313E+05 36.0005 1.00000
  2.500E+11 2.500E+11 3.416E+00 2.487E+06 3.451E+06 3.126E+05 6.250E+06 6.250E+06 6.402E+05 36.4468 1.00000
  3.000E+11 3.000E+11 3.443E+00 2.984E+06 4.141E+06 3.847E+05 7.510E+06 7.510E+06 6.475E+05 36.8114 1.00000
  3.500E+11 3.500E+11 3.466E+00 3.481E+06 4.832E+06 4.586E+05 8.771E+06 8.771E+06 6.537E+05 37.1197 1.00000
  4.000E+11 4.000E+11 3.486E+00 3.979E+06 5.522E+06 5.341E+05 1.003E+07 1.003E+07 6.590E+05 37.3868 1.00000
  4.500E+11 4.500E+11 3.503E+00 4.476E+06 6.212E+06 6.109E+05 1.130E+07 1.130E+07 6.637E+05 37.6223 1.00000
  5.000E+11 5.000E+11 3.519E+00 4.973E+06 6.902E+06 6.889E+05 1.256E+07 1.256E+07 6.679E+05 37.8331 1.00000
  5.500E+11 5.500E+11 3.534E+00 5.470E+06 7.592E+06 7.681E+05 1.383E+07 1.383E+07 6.717E+05 38.0237 1.00000
  6.000E+11 6.000E+11 3.547E+00 5.968E+06 8.283E+06 8.484E+05 1.510E+07 1.510E+07 6.751E+05 38.1977 1.00000
  7.000E+11 7.000E+11 3.571E+00 6.962E+06 9.663E+06 1.012E+06 1.764E+07 1.764E+07 6.812E+05 38.5060 1.00000
  8.000E+11 8.000E+11 3.592E+00 7.957E+06 1.104E+07 1.179E+06 2.018E+07 2.018E+07 6.865E+05 38.7731 1.00000
  9.000E+11 9.000E+11 3.610E+00 8.952E+06 1.242E+07 1.349E+06 2.272E+07 2.272E+07 6.912E+05 39.0086 1.00000
  1.000E+12 1.000E+12 3.626E+00 9.946E+06 1.380E+07 1.521E+06 2.527E+07 2.527E+07 6.954E+05 39.2193 1.00000
