 Incident particle is a Muon with M = 105.65839 MeV
 Index = 0: Silicon
      Absorber with <Z/A> = 0.49848
 Sternheimer coef:  a     k=m_s   x_0    x_1    I[eV]   Cbar  delta0
                 0.1492  3.2546  0.2015  2.8716  173.0  4.4355 0.14

 *** Table generated with PUMAS v1.00 ***

      T         p     Ionization  brems     pair     photonuc  Radloss    dE/dx   CSDA Range  delta   beta
    [MeV]    [MeV/c]  -----------------------[MeV cm^2/g]------------------------  [g/cm^2]
  1.000E+00 1.457E+01 3.853E+01 1.401E-06 0.000E+00 0.000E+00 1.401E-06 3.853E+01 1.298E-02  0.0011 0.13661
  1.200E+00 1.597E+01 3.343E+01 1.610E-06 0.000E+00 0.000E+00 1.610E-06 3.343E+01 1.856E-02  0.0013 0.14944
  1.400E+00 1.726E+01 2.962E+01 1.809E-06 0.000E+00 0.000E+00 1.809E-06 2.962E+01 2.493E-02  0.0015 0.16119
  1.700E+00 1.903E+01 2.542E+01 2.093E-06 0.000E+00 0.000E+00 2.093E-06 2.542E+01 3.590E-02  0.0018 0.17725
  2.000E+00 2.066E+01 2.236E+01 2.361E-06 0.000E+00 0.000E+00 2.361E-06 2.236E+01 4.850E-02  0.0021 0.19186
  2.500E+00 2.312E+01 1.874E+01 2.780E-06 0.000E+00 0.000E+00 2.780E-06 1.874E+01 7.303E-02  0.0027 0.21376
  3.000E+00 2.536E+01 1.622E+01 3.171E-06 0.000E+00 0.000E+00 3.171E-06 1.622E+01 1.018E-01  0.0032 0.23336
  3.500E+00 2.742E+01 1.435E+01 3.539E-06 0.000E+00 0.000E+00 3.539E-06 1.435E+01 1.346E-01  0.0037 0.25120
  4.000E+00 2.935E+01 1.292E+01 3.887E-06 0.000E+00 0.000E+00 3.887E-06 1.292E+01 1.714E-01  0.0043 0.26763
  4.500E+00 3.116E+01 1.177E+01 4.219E-06 0.000E+00 0.000E+00 4.219E-06 1.177E+01 2.120E-01  0.0048 0.28290
  5.000E+00 3.289E+01 1.084E+01 4.537E-06 0.000E+00 0.000E+00 4.537E-06 1.084E+01 2.563E-01  0.0054 0.29720
  5.500E+00 3.453E+01 1.006E+01 4.842E-06 0.000E+00 0.000E+00 4.842E-06 1.006E+01 3.042E-01  0.0059 0.31066
  6.000E+00 3.611E+01 9.402E+00 5.136E-06 0.000E+00 0.000E+00 5.136E-06 9.402E+00 3.557E-01  0.0065 0.32339
  7.000E+00 3.909E+01 8.347E+00 5.694E-06 0.000E+00 0.000E+00 5.694E-06 8.347E+00 4.687E-01  0.0076 0.34700
  8.000E+00 4.189E+01 7.538E+00 6.218E-06 0.000E+00 0.000E+00 6.218E-06 7.538E+00 5.950E-01  0.0087 0.36854
  9.000E+00 4.453E+01 6.896E+00 6.715E-06 0.000E+00 0.000E+00 6.715E-06 6.896E+00 7.338E-01  0.0098 0.38836
  1.000E+01 4.704E+01 6.374E+00 7.188E-06 0.000E+00 0.000E+00 7.188E-06 6.374E+00 8.848E-01  0.0110 0.40675
  1.200E+01 5.177E+01 5.576E+00 8.076E-06 0.000E+00 0.000E+00 8.076E-06 5.576E+00 1.221E+00  0.0133 0.43998
  1.400E+01 5.616E+01 4.993E+00 8.900E-06 0.000E+00 0.000E+00 8.900E-06 4.993E+00 1.601E+00  0.0156 0.46937
  1.700E+01 6.230E+01 4.364E+00 1.005E-05 0.000E+00 0.000E+00 1.005E-05 4.364E+00 2.245E+00  0.0192 0.50792
  2.000E+01 6.802E+01 3.915E+00 1.112E-05 0.000E+00 0.000E+00 1.112E-05 3.915E+00 2.972E+00  0.0229 0.54129
  2.500E+01 7.686E+01 3.397E+00 1.277E-05 0.000E+00 0.000E+00 1.277E-05 3.397E+00 4.346E+00  0.0293 0.58827
  3.000E+01 8.509E+01 3.048E+00 1.432E-05 0.000E+00 0.000E+00 1.432E-05 3.048E+00 5.902E+00  0.0359 0.62720
  3.500E+01 9.285E+01 2.797E+00 1.580E-05 0.000E+00 0.000E+00 1.580E-05 2.797E+00 7.616E+00  0.0427 0.66011
  4.000E+01 1.003E+02 2.608E+00 1.724E-05 0.000E+00 0.000E+00 1.724E-05 2.608E+00 9.468E+00  0.0498 0.68834
  4.500E+01 1.074E+02 2.462E+00 1.865E-05 0.000E+00 0.000E+00 1.865E-05 2.462E+00 1.144E+01  0.0572 0.71286
  5.000E+01 1.143E+02 2.346E+00 2.004E-05 0.000E+00 0.000E+00 2.004E-05 2.346E+00 1.352E+01  0.0648 0.73434
  5.500E+01 1.210E+02 2.251E+00 2.142E-05 0.000E+00 0.000E+00 2.142E-05 2.251E+00 1.570E+01  0.0726 0.75332
  6.000E+01 1.276E+02 2.173E+00 2.280E-05 0.000E+00 0.000E+00 2.280E-05 2.173E+00 1.796E+01  0.0807 0.77019
  7.000E+01 1.403E+02 2.052E+00 2.556E-05 0.000E+00 0.000E+00 2.556E-05 2.052E+00 2.270E+01  0.0976 0.79887
  8.000E+01 1.527E+02 1.965E+00 2.834E-05 0.000E+00 0.000E+00 2.834E-05 1.965E+00 2.768E+01  0.1156 0.82227
  9.000E+01 1.647E+02 1.899E+00 3.116E-05 0.000E+00 0.000E+00 3.116E-05 1.899E+00 3.286E+01  0.1345 0.84166
  1.000E+02 1.764E+02 1.850E+00 3.402E-05 0.000E+00 0.000E+00 3.402E-05 1.850E+00 3.819E+01  0.1437 0.85794
  1.200E+02 1.994E+02 1.781E+00 3.989E-05 0.000E+00 0.000E+00 3.989E-05 1.781E+00 4.921E+01  0.1616 0.88361
  1.400E+02 2.218E+02 1.737E+00 4.599E-05 0.000E+00 0.000E+00 4.599E-05 1.737E+00 6.059E+01  0.1855 0.90278
  1.700E+02 2.546E+02 1.699E+00 5.553E-05 0.000E+00 0.000E+00 5.553E-05 1.699E+00 7.805E+01  0.2277 0.92363
  2.000E+02 2.868E+02 1.678E+00 6.556E-05 0.000E+00 0.000E+00 6.556E-05 1.678E+00 9.582E+01  0.2741 0.93835
  2.500E+02 3.396E+02 1.665E+00 8.328E-05 1.437E-07 0.000E+00 8.342E-05 1.665E+00 1.257E+02  0.3552 0.95485
  3.000E+02 3.917E+02 1.665E+00 1.022E-04 1.383E-06 0.000E+00 1.035E-04 1.665E+00 1.557E+02  0.4372 0.96548
  3.500E+02 4.432E+02 1.672E+00 1.221E-04 3.876E-06 0.000E+00 1.260E-04 1.672E+00 1.857E+02  0.5181 0.97274
  4.000E+02 4.945E+02 1.681E+00 1.430E-04 7.569E-06 0.000E+00 1.506E-04 1.681E+00 2.155E+02  0.5969 0.97793
  4.500E+02 5.455E+02 1.692E+00 1.648E-04 1.242E-05 0.000E+00 1.773E-04 1.692E+00 2.452E+02  0.6732 0.98176
  5.000E+02 5.964E+02 1.703E+00 1.875E-04 1.838E-05 0.000E+00 2.059E-04 1.703E+00 2.746E+02  0.7471 0.98467
  5.500E+02 6.471E+02 1.714E+00 2.109E-04 2.542E-05 0.000E+00 2.363E-04 1.715E+00 3.039E+02  0.8184 0.98693
  6.000E+02 6.977E+02 1.726E+00 2.351E-04 3.350E-05 0.000E+00 2.686E-04 1.726E+00 3.330E+02  0.8873 0.98873
  7.000E+02 7.987E+02 1.747E+00 2.854E-04 5.262E-05 0.000E+00 3.380E-04 1.748E+00 3.906E+02  1.0181 0.99136
  8.000E+02 8.995E+02 1.767E+00 3.381E-04 7.550E-05 0.000E+00 4.136E-04 1.768E+00 4.475E+02  1.1406 0.99317
  9.000E+02 1.000E+03 1.786E+00 3.931E-04 1.019E-04 0.000E+00 4.950E-04 1.786E+00 5.037E+02  1.2555 0.99447
  1.000E+03 1.101E+03 1.803E+00 4.501E-04 1.316E-04 0.000E+00 5.816E-04 1.804E+00 5.594E+02  1.3637 0.99542
  1.200E+03 1.301E+03 1.834E+00 5.694E-04 2.001E-04 2.253E-05 7.921E-04 1.835E+00 6.694E+02  1.5629 0.99672
  1.400E+03 1.502E+03 1.860E+00 6.952E-04 2.797E-04 6.150E-05 1.036E-03 1.861E+00 7.776E+02  1.7428 0.99753
  1.700E+03 1.803E+03 1.894E+00 8.942E-04 4.177E-04 1.314E-04 1.443E-03 1.895E+00 9.374E+02  1.9839 0.99829
  2.000E+03 2.103E+03 1.922E+00 1.104E-03 5.755E-04 2.136E-04 1.893E-03 1.924E+00 1.094E+03  2.1976 0.99874
  2.500E+03 2.604E+03 1.960E+00 1.474E-03 8.763E-04 3.720E-04 2.722E-03 1.963E+00 1.352E+03  2.5077 0.99918
  3.000E+03 3.104E+03 1.991E+00 1.865E-03 1.218E-03 5.378E-04 3.621E-03 1.995E+00 1.605E+03  2.7746 0.99942
  3.500E+03 3.604E+03 2.017E+00 2.274E-03 1.594E-03 7.133E-04 4.582E-03 2.021E+00 1.854E+03  3.0093 0.99957
  4.000E+03 4.104E+03 2.038E+00 2.699E-03 2.015E-03 9.005E-04 5.615E-03 2.044E+00 2.100E+03  3.2188 0.99967
  4.500E+03 4.604E+03 2.057E+00 3.138E-03 2.470E-03 1.095E-03 6.703E-03 2.064E+00 2.343E+03  3.4081 0.99974
  5.000E+03 5.105E+03 2.074E+00 3.589E-03 2.951E-03 1.282E-03 7.822E-03 2.082E+00 2.584E+03  3.5809 0.99979
  5.500E+03 5.605E+03 2.089E+00 4.052E-03 3.456E-03 1.483E-03 8.991E-03 2.098E+00 2.823E+03  3.7399 0.99982
  6.000E+03 6.105E+03 2.102E+00 4.525E-03 3.982E-03 1.670E-03 1.018E-02 2.113E+00 3.061E+03  3.8872 0.99985
  7.000E+03 7.105E+03 2.126E+00 5.498E-03 5.095E-03 2.067E-03 1.266E-02 2.138E+00 3.531E+03  4.1528 0.99989
  8.000E+03 8.105E+03 2.145E+00 6.504E-03 6.278E-03 2.462E-03 1.524E-02 2.161E+00 3.997E+03  4.3874 0.99992
  9.000E+03 9.105E+03 2.162E+00 7.538E-03 7.522E-03 2.832E-03 1.789E-02 2.180E+00 4.457E+03  4.5976 0.99993
  1.000E+04 1.011E+04 2.177E+00 8.599E-03 8.821E-03 3.214E-03 2.063E-02 2.198E+00 4.914E+03  4.7881 0.99995
  1.200E+04 1.211E+04 2.203E+00 1.079E-02 1.156E-02 3.989E-03 2.634E-02 2.229E+00 5.818E+03  5.1228 0.99996
  1.400E+04 1.411E+04 2.223E+00 1.305E-02 1.447E-02 4.766E-03 3.228E-02 2.256E+00 6.710E+03  5.4102 0.99997
  1.700E+04 1.711E+04 2.249E+00 1.657E-02 1.908E-02 5.916E-03 4.157E-02 2.290E+00 8.030E+03  5.7774 0.99998
  2.000E+04 2.011E+04 2.269E+00 2.021E-02 2.395E-02 7.045E-03 5.120E-02 2.321E+00 9.331E+03  6.0887 0.99999
  2.500E+04 2.511E+04 2.297E+00 2.649E-02 3.252E-02 8.898E-03 6.792E-02 2.365E+00 1.147E+04  6.5210 0.99999
  3.000E+04 3.011E+04 2.319E+00 3.301E-02 4.156E-02 1.072E-02 8.528E-02 2.404E+00 1.356E+04  6.8777 0.99999
  3.500E+04 3.511E+04 2.336E+00 3.971E-02 5.097E-02 1.256E-02 1.032E-01 2.440E+00 1.563E+04  7.1812 1.00000
  4.000E+04 4.011E+04 2.352E+00 4.657E-02 6.068E-02 1.438E-02 1.216E-01 2.473E+00 1.766E+04  7.4453 1.00000
  4.500E+04 4.511E+04 2.365E+00 5.356E-02 7.067E-02 1.617E-02 1.404E-01 2.505E+00 1.967E+04  7.6791 1.00000
  5.000E+04 5.011E+04 2.377E+00 6.068E-02 8.087E-02 1.797E-02 1.595E-01 2.536E+00 2.165E+04  7.8886 1.00000
  5.500E+04 5.511E+04 2.387E+00 6.790E-02 9.128E-02 1.977E-02 1.790E-01 2.566E+00 2.362E+04  8.0784 1.00000
  6.000E+04 6.011E+04 2.396E+00 7.522E-02 1.019E-01 2.156E-02 1.987E-01 2.595E+00 2.555E+04  8.2519 1.00000
  7.000E+04 7.011E+04 2.413E+00 9.011E-02 1.235E-01 2.512E-02 2.387E-01 2.652E+00 2.937E+04  8.5596 1.00000
  8.000E+04 8.011E+04 2.427E+00 1.053E-01 1.457E-01 2.868E-02 2.796E-01 2.707E+00 3.310E+04  8.8263 1.00000
  9.000E+04 9.011E+04 2.440E+00 1.207E-01 1.682E-01 3.224E-02 3.212E-01 2.761E+00 3.676E+04  9.0616 1.00000
  1.000E+05 1.001E+05 2.451E+00 1.364E-01 1.912E-01 3.574E-02 3.633E-01 2.814E+00 4.034E+04  9.2720 1.00000
  1.200E+05 1.201E+05 2.470E+00 1.682E-01 2.380E-01 4.286E-02 4.491E-01 2.919E+00 4.732E+04  9.6363 1.00000
  1.400E+05 1.401E+05 2.485E+00 2.007E-01 2.858E-01 4.998E-02 5.366E-01 3.022E+00 5.406E+04  9.9444 1.00000
  1.700E+05 1.701E+05 2.505E+00 2.504E-01 3.590E-01 6.068E-02 6.701E-01 3.176E+00 6.375E+04 10.3324 1.00000
  2.000E+05 2.001E+05 2.522E+00 3.011E-01 4.335E-01 7.143E-02 8.060E-01 3.328E+00 7.298E+04 10.6573 1.00000
  2.500E+05 2.501E+05 2.545E+00 3.871E-01 5.600E-01 8.942E-02 1.037E+00 3.581E+00 8.747E+04 11.1034 1.00000
  3.000E+05 3.001E+05 2.563E+00 4.747E-01 6.886E-01 1.075E-01 1.271E+00 3.834E+00 1.010E+05 11.4679 1.00000
  3.500E+05 3.501E+05 2.579E+00 5.636E-01 8.187E-01 1.259E-01 1.508E+00 4.087E+00 1.136E+05 11.7761 1.00000
  4.000E+05 4.001E+05 2.593E+00 6.535E-01 9.501E-01 1.443E-01 1.748E+00 4.341E+00 1.255E+05 12.0430 1.00000
  4.500E+05 4.501E+05 2.605E+00 7.442E-01 1.083E+00 1.628E-01 1.990E+00 4.594E+00 1.367E+05 12.2786 1.00000
  5.000E+05 5.001E+05 2.616E+00 8.357E-01 1.216E+00 1.815E-01 2.233E+00 4.849E+00 1.473E+05 12.4892 1.00000
  5.500E+05 5.501E+05 2.625E+00 9.279E-01 1.350E+00 2.001E-01 2.478E+00 5.103E+00 1.573E+05 12.6798 1.00000
  6.000E+05 6.001E+05 2.634E+00 1.021E+00 1.484E+00 2.187E-01 2.724E+00 5.358E+00 1.669E+05 12.8538 1.00000
  7.000E+05 7.001E+05 2.650E+00 1.208E+00 1.755E+00 2.564E-01 3.219E+00 5.869E+00 1.848E+05 13.1621 1.00000
  8.000E+05 8.001E+05 2.664E+00 1.396E+00 2.027E+00 2.944E-01 3.717E+00 6.381E+00 2.011E+05 13.4291 1.00000
  9.000E+05 9.001E+05 2.676E+00 1.586E+00 2.300E+00 3.329E-01 4.219E+00 6.895E+00 2.162E+05 13.6646 1.00000
  1.000E+06 1.000E+06 2.687E+00 1.777E+00 2.575E+00 3.716E-01 4.723E+00 7.410E+00 2.302E+05 13.8753 1.00000
  1.200E+06 1.200E+06 2.706E+00 2.162E+00 3.126E+00 4.501E-01 5.738E+00 8.444E+00 2.555E+05 14.2399 1.00000
  1.400E+06 1.400E+06 2.723E+00 2.550E+00 3.680E+00 5.297E-01 6.759E+00 9.482E+00 2.779E+05 14.5482 1.00000
  1.700E+06 1.700E+06 2.743E+00 3.136E+00 4.515E+00 6.510E-01 8.301E+00 1.104E+01 3.073E+05 14.9365 1.00000
  2.000E+06 2.000E+06 2.760E+00 3.726E+00 5.353E+00 7.742E-01 9.852E+00 1.261E+01 3.328E+05 15.2615 1.00000
  2.500E+06 2.500E+06 2.784E+00 4.716E+00 6.754E+00 9.833E-01 1.245E+01 1.524E+01 3.690E+05 15.7078 1.00000
  3.000E+06 3.000E+06 2.804E+00 5.712E+00 8.160E+00 1.196E+00 1.507E+01 1.787E+01 3.994E+05 16.0724 1.00000
  3.500E+06 3.500E+06 2.821E+00 6.713E+00 9.569E+00 1.413E+00 1.770E+01 2.052E+01 4.256E+05 16.3807 1.00000
  4.000E+06 4.000E+06 2.836E+00 7.718E+00 1.098E+01 1.633E+00 2.033E+01 2.317E+01 4.486E+05 16.6477 1.00000
  4.500E+06 4.500E+06 2.849E+00 8.725E+00 1.239E+01 1.855E+00 2.298E+01 2.582E+01 4.690E+05 16.8833 1.00000
  5.000E+06 5.000E+06 2.860E+00 9.735E+00 1.381E+01 2.080E+00 2.563E+01 2.849E+01 4.875E+05 17.0940 1.00000
  5.500E+06 5.500E+06 2.871E+00 1.075E+01 1.523E+01 2.307E+00 2.828E+01 3.115E+01 5.043E+05 17.2846 1.00000
  6.000E+06 6.000E+06 2.881E+00 1.176E+01 1.664E+01 2.537E+00 3.094E+01 3.382E+01 5.197E+05 17.4587 1.00000
  7.000E+06 7.000E+06 2.898E+00 1.379E+01 1.948E+01 3.001E+00 3.628E+01 3.917E+01 5.473E+05 17.7669 1.00000
  8.000E+06 8.000E+06 2.913E+00 1.583E+01 2.232E+01 3.473E+00 4.163E+01 4.454E+01 5.712E+05 18.0340 1.00000
  9.000E+06 9.000E+06 2.926E+00 1.787E+01 2.517E+01 3.950E+00 4.699E+01 4.991E+01 5.925E+05 18.2696 1.00000
  1.000E+07 1.000E+07 2.938E+00 1.991E+01 2.801E+01 4.434E+00 5.236E+01 5.530E+01 6.116E+05 18.4803 1.00000
  1.200E+07 1.200E+07 2.959E+00 2.401E+01 3.370E+01 5.415E+00 6.312E+01 6.608E+01 6.448E+05 18.8449 1.00000
  1.400E+07 1.400E+07 2.977E+00 2.811E+01 3.940E+01 6.414E+00 7.392E+01 7.690E+01 6.729E+05 19.1532 1.00000
  1.700E+07 1.700E+07 3.000E+00 3.427E+01 4.795E+01 7.940E+00 9.016E+01 9.316E+01 7.085E+05 19.5415 1.00000
  2.000E+07 2.000E+07 3.019E+00 4.044E+01 5.651E+01 9.496E+00 1.064E+02 1.095E+02 7.383E+05 19.8666 1.00000
  2.500E+07 2.500E+07 3.045E+00 5.073E+01 7.078E+01 1.215E+01 1.337E+02 1.367E+02 7.794E+05 20.3129 1.00000
  3.000E+07 3.000E+07 3.067E+00 6.104E+01 8.505E+01 1.485E+01 1.609E+02 1.640E+02 8.130E+05 20.6775 1.00000
  3.500E+07 3.500E+07 3.086E+00 7.136E+01 9.933E+01 1.761E+01 1.883E+02 1.914E+02 8.413E+05 20.9858 1.00000
  4.000E+07 4.000E+07 3.102E+00 8.168E+01 1.136E+02 2.041E+01 2.157E+02 2.188E+02 8.658E+05 21.2529 1.00000
  4.500E+07 4.500E+07 3.117E+00 9.201E+01 1.279E+02 2.325E+01 2.432E+02 2.463E+02 8.873E+05 21.4884 1.00000
  5.000E+07 5.000E+07 3.130E+00 1.023E+02 1.422E+02 2.613E+01 2.707E+02 2.738E+02 9.066E+05 21.6991 1.00000
  5.500E+07 5.500E+07 3.141E+00 1.127E+02 1.565E+02 2.903E+01 2.982E+02 3.013E+02 9.241E+05 21.8898 1.00000
  6.000E+07 6.000E+07 3.152E+00 1.230E+02 1.708E+02 3.197E+01 3.258E+02 3.289E+02 9.400E+05 22.0638 1.00000
  7.000E+07 7.000E+07 3.171E+00 1.437E+02 1.993E+02 3.793E+01 3.810E+02 3.842E+02 9.682E+05 22.3721 1.00000
  8.000E+07 8.000E+07 3.188E+00 1.644E+02 2.279E+02 4.398E+01 4.363E+02 4.395E+02 9.926E+05 22.6392 1.00000
  9.000E+07 9.000E+07 3.203E+00 1.851E+02 2.565E+02 5.012E+01 4.917E+02 4.949E+02 1.014E+06 22.8747 1.00000
  1.000E+08 1.000E+08 3.216E+00 2.058E+02 2.851E+02 5.633E+01 5.472E+02 5.505E+02 1.033E+06 23.0854 1.00000
  1.200E+08 1.200E+08 3.240E+00 2.472E+02 3.423E+02 6.897E+01 6.585E+02 6.617E+02 1.067E+06 23.4501 1.00000
  1.400E+08 1.400E+08 3.260E+00 2.886E+02 3.995E+02 8.185E+01 7.700E+02 7.732E+02 1.095E+06 23.7584 1.00000
  1.700E+08 1.700E+08 3.285E+00 3.508E+02 4.853E+02 1.016E+02 9.376E+02 9.409E+02 1.130E+06 24.1467 1.00000
  2.000E+08 2.000E+08 3.306E+00 4.130E+02 5.711E+02 1.217E+02 1.106E+03 1.109E+03 1.159E+06 24.4717 1.00000
  2.500E+08 2.500E+08 3.336E+00 5.166E+02 7.140E+02 1.559E+02 1.387E+03 1.390E+03 1.200E+06 24.9180 1.00000
  3.000E+08 3.000E+08 3.360E+00 6.202E+02 8.570E+02 1.910E+02 1.668E+03 1.672E+03 1.233E+06 25.2827 1.00000
  3.500E+08 3.500E+08 3.381E+00 7.239E+02 1.000E+03 2.268E+02 1.951E+03 1.954E+03 1.261E+06 25.5910 1.00000
  4.000E+08 4.000E+08 3.399E+00 8.275E+02 1.143E+03 2.632E+02 2.234E+03 2.237E+03 1.285E+06 25.8580 1.00000
  4.500E+08 4.500E+08 3.415E+00 9.312E+02 1.286E+03 3.001E+02 2.517E+03 2.521E+03 1.306E+06 26.0936 1.00000
  5.000E+08 5.000E+08 3.430E+00 1.035E+03 1.429E+03 3.375E+02 2.801E+03 2.805E+03 1.324E+06 26.3043 1.00000
  5.500E+08 5.500E+08 3.443E+00 1.138E+03 1.572E+03 3.753E+02 3.086E+03 3.089E+03 1.341E+06 26.4949 1.00000
  6.000E+08 6.000E+08 3.455E+00 1.242E+03 1.715E+03 4.135E+02 3.371E+03 3.374E+03 1.357E+06 26.6690 1.00000
  7.000E+08 7.000E+08 3.476E+00 1.450E+03 2.001E+03 4.911E+02 3.942E+03 3.945E+03 1.384E+06 26.9773 1.00000
  8.000E+08 8.000E+08 3.495E+00 1.657E+03 2.287E+03 5.700E+02 4.514E+03 4.517E+03 1.408E+06 27.2443 1.00000
  9.000E+08 9.000E+08 3.512E+00 1.864E+03 2.573E+03 6.501E+02 5.087E+03 5.091E+03 1.429E+06 27.4799 1.00000
  1.000E+09 1.000E+09 3.527E+00 2.072E+03 2.859E+03 7.312E+02 5.662E+03 5.665E+03 1.448E+06 27.6906 1.00000
