 Incident particle is a Muon with M = 105.65839 MeV
 Index = 0: Silver
      Absorber with <Z/A> = 0.43572
 Sternheimer coef:  a     k=m_s   x_0    x_1    I[eV]   Cbar  delta0
                 0.2458  2.6899  0.0657  3.1074  470.0  5.0630 0.14

 *** Table generated with PUMAS v1.00 ***

      T         p     Ionization  brems     pair     photonuc  Radloss    dE/dx   CSDA Range  delta   beta
    [MeV]    [MeV/c]  -----------------------[MeV cm^2/g]------------------------  [g/cm^2]
  1.000E+00 1.457E+01 2.651E+01 3.689E-06 0.000E+00 0.000E+00 3.689E-06 2.651E+01 1.886E-02  0.0020 0.13661
  1.200E+00 1.597E+01 2.323E+01 4.239E-06 0.000E+00 0.000E+00 4.239E-06 2.323E+01 2.694E-02  0.0024 0.14944
  1.400E+00 1.726E+01 2.074E+01 4.762E-06 0.000E+00 0.000E+00 4.762E-06 2.074E+01 3.606E-02  0.0028 0.16119
  1.700E+00 1.903E+01 1.796E+01 5.501E-06 0.000E+00 0.000E+00 5.501E-06 1.796E+01 5.165E-02  0.0034 0.17725
  2.000E+00 2.066E+01 1.591E+01 6.197E-06 0.000E+00 0.000E+00 6.197E-06 1.591E+01 6.943E-02  0.0040 0.19186
  2.500E+00 2.312E+01 1.345E+01 7.278E-06 0.000E+00 0.000E+00 7.278E-06 1.345E+01 1.037E-01  0.0050 0.21376
  3.000E+00 2.536E+01 1.171E+01 8.279E-06 0.000E+00 0.000E+00 8.279E-06 1.171E+01 1.437E-01  0.0060 0.23336
  3.500E+00 2.742E+01 1.042E+01 9.216E-06 0.000E+00 0.000E+00 9.216E-06 1.042E+01 1.890E-01  0.0070 0.25120
  4.000E+00 2.935E+01 9.419E+00 1.010E-05 0.000E+00 0.000E+00 1.010E-05 9.419E+00 2.395E-01  0.0080 0.26763
  4.500E+00 3.116E+01 8.615E+00 1.094E-05 0.000E+00 0.000E+00 1.094E-05 8.615E+00 2.951E-01  0.0090 0.28290
  5.000E+00 3.289E+01 7.956E+00 1.173E-05 0.000E+00 0.000E+00 1.173E-05 7.956E+00 3.555E-01  0.0100 0.29720
  5.500E+00 3.453E+01 7.404E+00 1.249E-05 0.000E+00 0.000E+00 1.249E-05 7.404E+00 4.207E-01  0.0111 0.31066
  6.000E+00 3.611E+01 6.936E+00 1.323E-05 0.000E+00 0.000E+00 1.323E-05 6.936E+00 4.905E-01  0.0121 0.32339
  7.000E+00 3.909E+01 6.182E+00 1.461E-05 0.000E+00 0.000E+00 1.461E-05 6.182E+00 6.435E-01  0.0142 0.34700
  8.000E+00 4.189E+01 5.600E+00 1.590E-05 0.000E+00 0.000E+00 1.590E-05 5.600E+00 8.136E-01  0.0163 0.36854
  9.000E+00 4.453E+01 5.137E+00 1.712E-05 0.000E+00 0.000E+00 1.712E-05 5.137E+00 1.000E+00  0.0184 0.38836
  1.000E+01 4.704E+01 4.759E+00 1.827E-05 0.000E+00 0.000E+00 1.827E-05 4.760E+00 1.203E+00  0.0205 0.40675
  1.200E+01 5.177E+01 4.179E+00 2.043E-05 0.000E+00 0.000E+00 2.043E-05 4.179E+00 1.652E+00  0.0248 0.43998
  1.400E+01 5.616E+01 3.753E+00 2.242E-05 0.000E+00 0.000E+00 2.242E-05 3.753E+00 2.158E+00  0.0292 0.46937
  1.700E+01 6.230E+01 3.291E+00 2.519E-05 0.000E+00 0.000E+00 2.519E-05 3.292E+00 3.013E+00  0.0360 0.50792
  2.000E+01 6.802E+01 2.961E+00 2.775E-05 0.000E+00 0.000E+00 2.775E-05 2.961E+00 3.975E+00  0.0429 0.54129
  2.500E+01 7.686E+01 2.578E+00 3.172E-05 0.000E+00 0.000E+00 3.172E-05 2.578E+00 5.789E+00  0.0547 0.58827
  3.000E+01 8.509E+01 2.319E+00 3.543E-05 0.000E+00 0.000E+00 3.543E-05 2.319E+00 7.837E+00  0.0671 0.62720
  3.500E+01 9.285E+01 2.132E+00 3.899E-05 0.000E+00 0.000E+00 3.899E-05 2.132E+00 1.009E+01  0.0799 0.66011
  4.000E+01 1.003E+02 1.992E+00 4.244E-05 0.000E+00 0.000E+00 4.244E-05 1.992E+00 1.252E+01  0.0932 0.68834
  4.500E+01 1.074E+02 1.882E+00 4.583E-05 0.000E+00 0.000E+00 4.583E-05 1.882E+00 1.510E+01  0.1069 0.71286
  5.000E+01 1.143E+02 1.795E+00 4.919E-05 0.000E+00 0.000E+00 4.919E-05 1.795E+00 1.782E+01  0.1211 0.73434
  5.500E+01 1.210E+02 1.724E+00 5.253E-05 0.000E+00 0.000E+00 5.253E-05 1.724E+00 2.066E+01  0.1357 0.75332
  6.000E+01 1.276E+02 1.667E+00 5.586E-05 0.000E+00 0.000E+00 5.586E-05 1.667E+00 2.361E+01  0.1434 0.77019
  7.000E+01 1.403E+02 1.578E+00 6.257E-05 0.000E+00 0.000E+00 6.257E-05 1.578E+00 2.978E+01  0.1583 0.79887
  8.000E+01 1.527E+02 1.514E+00 6.935E-05 0.000E+00 0.000E+00 6.935E-05 1.514E+00 3.625E+01  0.1749 0.82227
  9.000E+01 1.647E+02 1.466E+00 7.623E-05 0.000E+00 0.000E+00 7.623E-05 1.466E+00 4.296E+01  0.1925 0.84166
  1.000E+02 1.764E+02 1.429E+00 8.325E-05 0.000E+00 0.000E+00 8.325E-05 1.429E+00 4.987E+01  0.2108 0.85794
  1.200E+02 1.994E+02 1.378E+00 9.770E-05 0.000E+00 0.000E+00 9.770E-05 1.378E+00 6.413E+01  0.2482 0.88361
  1.400E+02 2.218E+02 1.346E+00 1.127E-04 0.000E+00 0.000E+00 1.127E-04 1.346E+00 7.881E+01  0.2861 0.90278
  1.700E+02 2.546E+02 1.319E+00 1.364E-04 0.000E+00 0.000E+00 1.364E-04 1.319E+00 1.013E+02  0.3424 0.92363
  2.000E+02 2.868E+02 1.306E+00 1.613E-04 0.000E+00 0.000E+00 1.613E-04 1.306E+00 1.242E+02  0.3974 0.93835
  2.500E+02 3.396E+02 1.299E+00 2.054E-04 0.000E+00 0.000E+00 2.054E-04 1.300E+00 1.626E+02  0.4856 0.95485
  3.000E+02 3.917E+02 1.303E+00 2.527E-04 0.000E+00 0.000E+00 2.527E-04 1.303E+00 2.010E+02  0.5690 0.96548
  3.500E+02 4.432E+02 1.311E+00 3.027E-04 0.000E+00 0.000E+00 3.027E-04 1.311E+00 2.392E+02  0.6480 0.97274
  4.000E+02 4.945E+02 1.321E+00 3.554E-04 1.895E-05 0.000E+00 3.743E-04 1.321E+00 2.772E+02  0.7230 0.97793
  4.500E+02 5.455E+02 1.332E+00 4.104E-04 3.423E-05 0.000E+00 4.446E-04 1.332E+00 3.149E+02  0.7942 0.98176
  5.000E+02 5.964E+02 1.343E+00 4.677E-04 5.142E-05 0.000E+00 5.191E-04 1.343E+00 3.523E+02  0.8620 0.98467
  5.500E+02 6.471E+02 1.354E+00 5.270E-04 7.159E-05 0.000E+00 5.986E-04 1.354E+00 3.894E+02  0.9268 0.98693
  6.000E+02 6.977E+02 1.365E+00 5.882E-04 9.478E-05 0.000E+00 6.830E-04 1.365E+00 4.262E+02  0.9888 0.98873
  7.000E+02 7.987E+02 1.385E+00 7.161E-04 1.498E-04 0.000E+00 8.659E-04 1.386E+00 4.989E+02  1.1054 0.99136
  8.000E+02 8.995E+02 1.404E+00 8.506E-04 2.157E-04 0.000E+00 1.066E-03 1.405E+00 5.705E+02  1.2134 0.99317
  9.000E+02 1.000E+03 1.422E+00 9.910E-04 2.919E-04 0.000E+00 1.283E-03 1.423E+00 6.412E+02  1.3141 0.99447
  1.000E+03 1.101E+03 1.438E+00 1.137E-03 3.776E-04 0.000E+00 1.514E-03 1.440E+00 7.111E+02  1.4085 0.99542
  1.200E+03 1.301E+03 1.467E+00 1.443E-03 5.757E-04 2.247E-05 2.041E-03 1.469E+00 8.486E+02  1.5813 0.99672
  1.400E+03 1.502E+03 1.492E+00 1.767E-03 8.060E-04 6.104E-05 2.634E-03 1.495E+00 9.836E+02  1.7368 0.99753
  1.700E+03 1.803E+03 1.524E+00 2.280E-03 1.205E-03 1.296E-04 3.615E-03 1.527E+00 1.182E+03  1.9446 0.99829
  2.000E+03 2.103E+03 1.550E+00 2.823E-03 1.662E-03 2.094E-04 4.694E-03 1.555E+00 1.377E+03  2.1286 0.99874
  2.500E+03 2.604E+03 1.587E+00 3.782E-03 2.533E-03 3.622E-04 6.677E-03 1.594E+00 1.694E+03  2.3959 0.99918
  3.000E+03 3.104E+03 1.616E+00 4.798E-03 3.521E-03 5.207E-04 8.840E-03 1.625E+00 2.005E+03  2.6265 0.99942
  3.500E+03 3.604E+03 1.641E+00 5.864E-03 4.611E-03 6.872E-04 1.116E-02 1.652E+00 2.310E+03  2.8297 0.99957
  4.000E+03 4.104E+03 1.662E+00 6.971E-03 5.800E-03 8.640E-04 1.364E-02 1.675E+00 2.611E+03  3.0117 0.99967
  4.500E+03 4.604E+03 1.680E+00 8.116E-03 7.073E-03 1.047E-03 1.624E-02 1.696E+00 2.908E+03  3.1766 0.99974
  5.000E+03 5.105E+03 1.696E+00 9.295E-03 8.418E-03 1.222E-03 1.893E-02 1.715E+00 3.201E+03  3.3276 0.99979
  5.500E+03 5.605E+03 1.710E+00 1.050E-02 9.828E-03 1.410E-03 2.174E-02 1.732E+00 3.491E+03  3.4670 0.99982
  6.000E+03 6.105E+03 1.723E+00 1.174E-02 1.130E-02 1.585E-03 2.462E-02 1.748E+00 3.778E+03  3.5965 0.99985
  7.000E+03 7.105E+03 1.746E+00 1.428E-02 1.440E-02 1.954E-03 3.063E-02 1.776E+00 4.346E+03  3.8309 0.99989
  8.000E+03 8.105E+03 1.765E+00 1.692E-02 1.768E-02 2.319E-03 3.692E-02 1.802E+00 4.905E+03  4.0391 0.99992
  9.000E+03 9.105E+03 1.781E+00 1.963E-02 2.113E-02 2.661E-03 4.342E-02 1.825E+00 5.456E+03  4.2265 0.99993
  1.000E+04 1.011E+04 1.796E+00 2.240E-02 2.473E-02 3.013E-03 5.015E-02 1.846E+00 6.001E+03  4.3970 0.99995
  1.200E+04 1.211E+04 1.820E+00 2.813E-02 3.230E-02 3.724E-03 6.416E-02 1.884E+00 7.073E+03  4.6984 0.99996
  1.400E+04 1.411E+04 1.840E+00 3.406E-02 4.031E-02 4.434E-03 7.880E-02 1.919E+00 8.125E+03  4.9592 0.99997
  1.700E+04 1.711E+04 1.864E+00 4.328E-02 5.298E-02 5.483E-03 1.017E-01 1.966E+00 9.670E+03  5.2950 0.99998
  2.000E+04 2.011E+04 1.884E+00 5.281E-02 6.631E-02 6.507E-03 1.256E-01 2.010E+00 1.118E+04  5.5820 0.99999
  2.500E+04 2.511E+04 1.910E+00 6.927E-02 8.970E-02 8.184E-03 1.672E-01 2.077E+00 1.363E+04  5.9843 0.99999
  3.000E+04 3.011E+04 1.930E+00 8.631E-02 1.143E-01 9.825E-03 2.104E-01 2.141E+00 1.600E+04  6.3195 0.99999
  3.500E+04 3.511E+04 1.947E+00 1.038E-01 1.398E-01 1.148E-02 2.551E-01 2.202E+00 1.830E+04  6.6072 1.00000
  4.000E+04 4.011E+04 1.961E+00 1.218E-01 1.660E-01 1.311E-02 3.009E-01 2.262E+00 2.054E+04  6.8592 1.00000
  4.500E+04 4.511E+04 1.973E+00 1.400E-01 1.930E-01 1.472E-02 3.477E-01 2.321E+00 2.272E+04  7.0837 1.00000
  5.000E+04 5.011E+04 1.984E+00 1.586E-01 2.204E-01 1.632E-02 3.953E-01 2.379E+00 2.485E+04  7.2860 1.00000
  5.500E+04 5.511E+04 1.993E+00 1.774E-01 2.484E-01 1.793E-02 4.438E-01 2.437E+00 2.693E+04  7.4701 1.00000
  6.000E+04 6.011E+04 2.002E+00 1.965E-01 2.768E-01 1.953E-02 4.928E-01 2.495E+00 2.896E+04  7.6392 1.00000
  7.000E+04 7.011E+04 2.017E+00 2.353E-01 3.346E-01 2.269E-02 5.926E-01 2.609E+00 3.288E+04  7.9405 1.00000
  8.000E+04 8.011E+04 2.029E+00 2.749E-01 3.937E-01 2.586E-02 6.944E-01 2.724E+00 3.663E+04  8.2034 1.00000
  9.000E+04 9.011E+04 2.040E+00 3.150E-01 4.538E-01 2.902E-02 7.978E-01 2.838E+00 4.023E+04  8.4364 1.00000
  1.000E+05 1.001E+05 2.050E+00 3.557E-01 5.147E-01 3.212E-02 9.025E-01 2.953E+00 4.368E+04  8.6456 1.00000
  1.200E+05 1.201E+05 2.067E+00 4.384E-01 6.387E-01 3.843E-02 1.116E+00 3.182E+00 5.021E+04  9.0089 1.00000
  1.400E+05 1.401E+05 2.081E+00 5.227E-01 7.649E-01 4.473E-02 1.332E+00 3.413E+00 5.628E+04  9.3169 1.00000
  1.700E+05 1.701E+05 2.098E+00 6.514E-01 9.576E-01 5.418E-02 1.663E+00 3.761E+00 6.467E+04  9.7049 1.00000
  2.000E+05 2.001E+05 2.113E+00 7.824E-01 1.153E+00 6.367E-02 1.999E+00 4.112E+00 7.230E+04 10.0298 1.00000
  2.500E+05 2.501E+05 2.133E+00 1.004E+00 1.484E+00 7.951E-02 2.568E+00 4.701E+00 8.370E+04 10.4759 1.00000
  3.000E+05 3.001E+05 2.149E+00 1.230E+00 1.820E+00 9.546E-02 3.145E+00 5.294E+00 9.374E+04 10.8404 1.00000
  3.500E+05 3.501E+05 2.163E+00 1.459E+00 2.159E+00 1.116E-01 3.729E+00 5.892E+00 1.027E+05 11.1486 1.00000
  4.000E+05 4.001E+05 2.175E+00 1.690E+00 2.500E+00 1.278E-01 4.318E+00 6.493E+00 1.108E+05 11.4155 1.00000
  4.500E+05 4.501E+05 2.185E+00 1.923E+00 2.844E+00 1.441E-01 4.911E+00 7.096E+00 1.182E+05 11.6511 1.00000
  5.000E+05 5.001E+05 2.195E+00 2.158E+00 3.189E+00 1.605E-01 5.508E+00 7.702E+00 1.249E+05 11.8617 1.00000
  5.500E+05 5.501E+05 2.203E+00 2.394E+00 3.536E+00 1.767E-01 6.107E+00 8.310E+00 1.312E+05 12.0523 1.00000
  6.000E+05 6.001E+05 2.211E+00 2.632E+00 3.884E+00 1.931E-01 6.709E+00 8.920E+00 1.370E+05 12.2263 1.00000
  7.000E+05 7.001E+05 2.225E+00 3.110E+00 4.583E+00 2.261E-01 7.920E+00 1.014E+01 1.475E+05 12.5346 1.00000
  8.000E+05 8.001E+05 2.237E+00 3.592E+00 5.286E+00 2.595E-01 9.137E+00 1.137E+01 1.569E+05 12.8016 1.00000
  9.000E+05 9.001E+05 2.248E+00 4.077E+00 5.991E+00 2.931E-01 1.036E+01 1.261E+01 1.652E+05 13.0371 1.00000
  1.000E+06 1.000E+06 2.257E+00 4.564E+00 6.698E+00 3.271E-01 1.159E+01 1.385E+01 1.728E+05 13.2478 1.00000
  1.200E+06 1.200E+06 2.274E+00 5.545E+00 8.118E+00 3.958E-01 1.406E+01 1.633E+01 1.861E+05 13.6124 1.00000
  1.400E+06 1.400E+06 2.288E+00 6.531E+00 9.543E+00 4.655E-01 1.654E+01 1.883E+01 1.976E+05 13.9207 1.00000
  1.700E+06 1.700E+06 2.306E+00 8.021E+00 1.169E+01 5.717E-01 2.028E+01 2.259E+01 2.122E+05 14.3090 1.00000
  2.000E+06 2.000E+06 2.321E+00 9.519E+00 1.384E+01 6.795E-01 2.404E+01 2.636E+01 2.245E+05 14.6340 1.00000
  2.500E+06 2.500E+06 2.342E+00 1.203E+01 1.744E+01 8.625E-01 3.033E+01 3.267E+01 2.417E+05 15.0803 1.00000
  3.000E+06 3.000E+06 2.359E+00 1.455E+01 2.104E+01 1.049E+00 3.664E+01 3.900E+01 2.557E+05 15.4449 1.00000
  3.500E+06 3.500E+06 2.374E+00 1.708E+01 2.465E+01 1.239E+00 4.297E+01 4.535E+01 2.676E+05 15.7532 1.00000
  4.000E+06 4.000E+06 2.387E+00 1.962E+01 2.827E+01 1.431E+00 4.932E+01 5.171E+01 2.780E+05 16.0202 1.00000
  4.500E+06 4.500E+06 2.398E+00 2.217E+01 3.189E+01 1.625E+00 5.568E+01 5.808E+01 2.871E+05 16.2558 1.00000
  5.000E+06 5.000E+06 2.408E+00 2.472E+01 3.551E+01 1.822E+00 6.205E+01 6.446E+01 2.953E+05 16.4665 1.00000
  5.500E+06 5.500E+06 2.418E+00 2.727E+01 3.914E+01 2.021E+00 6.843E+01 7.085E+01 3.027E+05 16.6571 1.00000
  6.000E+06 6.000E+06 2.426E+00 2.983E+01 4.276E+01 2.221E+00 7.481E+01 7.724E+01 3.095E+05 16.8312 1.00000
  7.000E+06 7.000E+06 2.441E+00 3.495E+01 5.002E+01 2.628E+00 8.760E+01 9.004E+01 3.215E+05 17.1394 1.00000
  8.000E+06 8.000E+06 2.454E+00 4.008E+01 5.729E+01 3.040E+00 1.004E+02 1.029E+02 3.319E+05 17.4065 1.00000
  9.000E+06 9.000E+06 2.466E+00 4.522E+01 6.456E+01 3.457E+00 1.132E+02 1.157E+02 3.411E+05 17.6421 1.00000
  1.000E+07 1.000E+07 2.477E+00 5.036E+01 7.184E+01 3.880E+00 1.261E+02 1.286E+02 3.493E+05 17.8528 1.00000
  1.200E+07 1.200E+07 2.495E+00 6.066E+01 8.639E+01 4.738E+00 1.518E+02 1.543E+02 3.636E+05 18.2174 1.00000
  1.400E+07 1.400E+07 2.511E+00 7.098E+01 1.010E+02 5.611E+00 1.775E+02 1.801E+02 3.756E+05 18.5257 1.00000
  1.700E+07 1.700E+07 2.530E+00 8.646E+01 1.228E+02 6.946E+00 2.162E+02 2.188E+02 3.908E+05 18.9140 1.00000
  2.000E+07 2.000E+07 2.547E+00 1.020E+02 1.447E+02 8.306E+00 2.550E+02 2.575E+02 4.035E+05 19.2391 1.00000
  2.500E+07 2.500E+07 2.570E+00 1.278E+02 1.811E+02 1.062E+01 3.196E+02 3.222E+02 4.210E+05 19.6854 1.00000
  3.000E+07 3.000E+07 2.589E+00 1.537E+02 2.176E+02 1.299E+01 3.843E+02 3.869E+02 4.352E+05 20.0500 1.00000
  3.500E+07 3.500E+07 2.606E+00 1.796E+02 2.541E+02 1.540E+01 4.491E+02 4.517E+02 4.472E+05 20.3583 1.00000
  4.000E+07 4.000E+07 2.620E+00 2.055E+02 2.906E+02 1.785E+01 5.139E+02 5.166E+02 4.575E+05 20.6254 1.00000
  4.500E+07 4.500E+07 2.632E+00 2.315E+02 3.270E+02 2.033E+01 5.788E+02 5.815E+02 4.667E+05 20.8609 1.00000
  5.000E+07 5.000E+07 2.644E+00 2.574E+02 3.635E+02 2.284E+01 6.438E+02 6.464E+02 4.749E+05 21.0716 1.00000
  5.500E+07 5.500E+07 2.654E+00 2.833E+02 4.000E+02 2.538E+01 7.087E+02 7.114E+02 4.822E+05 21.2623 1.00000
  6.000E+07 6.000E+07 2.663E+00 3.093E+02 4.365E+02 2.795E+01 7.738E+02 7.764E+02 4.890E+05 21.4363 1.00000
  7.000E+07 7.000E+07 2.680E+00 3.612E+02 5.095E+02 3.316E+01 9.038E+02 9.065E+02 5.009E+05 21.7446 1.00000
  8.000E+07 8.000E+07 2.695E+00 4.131E+02 5.825E+02 3.845E+01 1.034E+03 1.037E+03 5.113E+05 22.0117 1.00000
  9.000E+07 9.000E+07 2.708E+00 4.650E+02 6.555E+02 4.381E+01 1.164E+03 1.167E+03 5.204E+05 22.2472 1.00000
  1.000E+08 1.000E+08 2.720E+00 5.169E+02 7.285E+02 4.924E+01 1.295E+03 1.297E+03 5.285E+05 22.4579 1.00000
  1.200E+08 1.200E+08 2.740E+00 6.208E+02 8.746E+02 6.029E+01 1.556E+03 1.558E+03 5.426E+05 22.8226 1.00000
  1.400E+08 1.400E+08 2.757E+00 7.246E+02 1.021E+03 7.155E+01 1.817E+03 1.820E+03 5.545E+05 23.1309 1.00000
  1.700E+08 1.700E+08 2.780E+00 8.805E+02 1.240E+03 8.877E+01 2.209E+03 2.212E+03 5.696E+05 23.5192 1.00000
  2.000E+08 2.000E+08 2.798E+00 1.036E+03 1.459E+03 1.064E+02 2.601E+03 2.604E+03 5.821E+05 23.8442 1.00000
  2.500E+08 2.500E+08 2.824E+00 1.296E+03 1.824E+03 1.363E+02 3.256E+03 3.259E+03 5.994E+05 24.2905 1.00000
  3.000E+08 3.000E+08 2.845E+00 1.556E+03 2.189E+03 1.670E+02 3.912E+03 3.915E+03 6.134E+05 24.6552 1.00000
  3.500E+08 3.500E+08 2.863E+00 1.816E+03 2.554E+03 1.982E+02 4.568E+03 4.571E+03 6.253E+05 24.9635 1.00000
  4.000E+08 4.000E+08 2.879E+00 2.076E+03 2.919E+03 2.300E+02 5.225E+03 5.228E+03 6.355E+05 25.2305 1.00000
  4.500E+08 4.500E+08 2.893E+00 2.335E+03 3.284E+03 2.623E+02 5.882E+03 5.885E+03 6.446E+05 25.4661 1.00000
  5.000E+08 5.000E+08 2.906E+00 2.595E+03 3.649E+03 2.950E+02 6.540E+03 6.543E+03 6.526E+05 25.6768 1.00000
  5.500E+08 5.500E+08 2.917E+00 2.855E+03 4.015E+03 3.280E+02 7.198E+03 7.201E+03 6.599E+05 25.8674 1.00000
  6.000E+08 6.000E+08 2.928E+00 3.115E+03 4.380E+03 3.615E+02 7.856E+03 7.859E+03 6.666E+05 26.0415 1.00000
  7.000E+08 7.000E+08 2.947E+00 3.635E+03 5.110E+03 4.293E+02 9.174E+03 9.177E+03 6.784E+05 26.3498 1.00000
  8.000E+08 8.000E+08 2.963E+00 4.154E+03 5.840E+03 4.982E+02 1.049E+04 1.050E+04 6.886E+05 26.6168 1.00000
  9.000E+08 9.000E+08 2.978E+00 4.674E+03 6.570E+03 5.682E+02 1.181E+04 1.182E+04 6.976E+05 26.8524 1.00000
  1.000E+09 1.000E+09 2.991E+00 5.194E+03 7.300E+03 6.391E+02 1.313E+04 1.314E+04 7.056E+05 27.0631 1.00000
