 Incident particle is a Muon with M = 105.65839 MeV
 Index = 0: Stilbene
      Absorber with <Z/A> = 0.53255
 Sternheimer coef:  a     k=m_s   x_0    x_1    I[eV]   Cbar  delta0
                 0.1666  3.2168  0.1734  2.5142   67.7  3.3680 0.00

 *** Table generated with PUMAS v1.00 ***

      T         p     Ionization  brems     pair     photonuc  Radloss    dE/dx   CSDA Range  delta   beta
    [MeV]    [MeV/c]  -----------------------[MeV cm^2/g]------------------------  [g/cm^2]
  1.000E+00 1.457E+01 4.939E+01 6.345E-07 0.000E+00 0.000E+00 6.345E-07 4.939E+01 1.012E-02  0.0000 0.13661
  1.200E+00 1.597E+01 4.259E+01 7.263E-07 0.000E+00 0.000E+00 7.263E-07 4.259E+01 1.450E-02  0.0000 0.14944
  1.400E+00 1.726E+01 3.756E+01 8.140E-07 0.000E+00 0.000E+00 8.140E-07 3.756E+01 1.951E-02  0.0000 0.16119
  1.700E+00 1.903E+01 3.205E+01 9.391E-07 0.000E+00 0.000E+00 9.391E-07 3.205E+01 2.818E-02  0.0000 0.17725
  2.000E+00 2.066E+01 2.806E+01 1.058E-06 0.000E+00 0.000E+00 1.058E-06 2.806E+01 3.821E-02  0.0000 0.19186
  2.500E+00 2.312E+01 2.338E+01 1.244E-06 0.000E+00 0.000E+00 1.244E-06 2.338E+01 5.781E-02  0.0000 0.21376
  3.000E+00 2.536E+01 2.015E+01 1.419E-06 0.000E+00 0.000E+00 1.419E-06 2.015E+01 8.091E-02  0.0000 0.23336
  3.500E+00 2.742E+01 1.777E+01 1.584E-06 0.000E+00 0.000E+00 1.584E-06 1.777E+01 1.074E-01  0.0000 0.25120
  4.000E+00 2.935E+01 1.595E+01 1.741E-06 0.000E+00 0.000E+00 1.741E-06 1.595E+01 1.371E-01  0.0000 0.26763
  4.500E+00 3.116E+01 1.450E+01 1.891E-06 0.000E+00 0.000E+00 1.891E-06 1.450E+01 1.701E-01  0.0000 0.28290
  5.000E+00 3.289E+01 1.332E+01 2.034E-06 0.000E+00 0.000E+00 2.034E-06 1.332E+01 2.061E-01  0.0000 0.29720
  5.500E+00 3.453E+01 1.234E+01 2.173E-06 0.000E+00 0.000E+00 2.173E-06 1.234E+01 2.451E-01  0.0000 0.31066
  6.000E+00 3.611E+01 1.152E+01 2.306E-06 0.000E+00 0.000E+00 2.306E-06 1.152E+01 2.871E-01  0.0000 0.32339
  7.000E+00 3.909E+01 1.020E+01 2.561E-06 0.000E+00 0.000E+00 2.561E-06 1.020E+01 3.795E-01  0.0000 0.34700
  8.000E+00 4.189E+01 9.188E+00 2.801E-06 0.000E+00 0.000E+00 2.801E-06 9.188E+00 4.830E-01  0.0000 0.36854
  9.000E+00 4.453E+01 8.390E+00 3.029E-06 0.000E+00 0.000E+00 3.029E-06 8.390E+00 5.970E-01  0.0000 0.38836
  1.000E+01 4.704E+01 7.743E+00 3.247E-06 0.000E+00 0.000E+00 3.247E-06 7.743E+00 7.211E-01  0.0000 0.40675
  1.200E+01 5.177E+01 6.755E+00 3.657E-06 0.000E+00 0.000E+00 3.657E-06 6.755E+00 9.983E-01  0.0000 0.43998
  1.400E+01 5.616E+01 6.037E+00 4.039E-06 0.000E+00 0.000E+00 4.039E-06 6.037E+00 1.312E+00  0.0000 0.46937
  1.700E+01 6.230E+01 5.263E+00 4.574E-06 0.000E+00 0.000E+00 4.574E-06 5.263E+00 1.846E+00  0.0000 0.50792
  2.000E+01 6.802E+01 4.712E+00 5.072E-06 0.000E+00 0.000E+00 5.072E-06 4.712E+00 2.449E+00  0.0000 0.54129
  2.500E+01 7.686E+01 4.080E+00 5.846E-06 0.000E+00 0.000E+00 5.846E-06 4.080E+00 3.592E+00  0.0000 0.58827
  3.000E+01 8.509E+01 3.654E+00 6.572E-06 0.000E+00 0.000E+00 6.572E-06 3.654E+00 4.889E+00  0.0000 0.62720
  3.500E+01 9.285E+01 3.348E+00 7.265E-06 0.000E+00 0.000E+00 7.265E-06 3.348E+00 6.320E+00  0.0000 0.66011
  4.000E+01 1.003E+02 3.119E+00 7.938E-06 0.000E+00 0.000E+00 7.938E-06 3.119E+00 7.868E+00  0.0000 0.68834
  4.500E+01 1.074E+02 2.941E+00 8.596E-06 0.000E+00 0.000E+00 8.596E-06 2.941E+00 9.520E+00  0.0000 0.71286
  5.000E+01 1.143E+02 2.800E+00 9.246E-06 0.000E+00 0.000E+00 9.246E-06 2.800E+00 1.126E+01  0.0000 0.73434
  5.500E+01 1.210E+02 2.686E+00 9.890E-06 0.000E+00 0.000E+00 9.890E-06 2.686E+00 1.309E+01  0.0000 0.75332
  6.000E+01 1.276E+02 2.591E+00 1.053E-05 0.000E+00 0.000E+00 1.053E-05 2.591E+00 1.498E+01  0.0000 0.77019
  7.000E+01 1.403E+02 2.446E+00 1.181E-05 0.000E+00 0.000E+00 1.181E-05 2.446E+00 1.896E+01  0.0000 0.79887
  8.000E+01 1.527E+02 2.340E+00 1.311E-05 0.000E+00 0.000E+00 1.311E-05 2.340E+00 2.314E+01  0.0000 0.82227
  9.000E+01 1.647E+02 2.258E+00 1.441E-05 0.000E+00 0.000E+00 1.441E-05 2.258E+00 2.749E+01  0.0214 0.84166
  1.000E+02 1.764E+02 2.194E+00 1.574E-05 0.000E+00 0.000E+00 1.574E-05 2.194E+00 3.198E+01  0.0570 0.85794
  1.200E+02 1.994E+02 2.103E+00 1.845E-05 0.000E+00 0.000E+00 1.845E-05 2.103E+00 4.129E+01  0.1272 0.88361
  1.400E+02 2.218E+02 2.043E+00 2.126E-05 0.000E+00 0.000E+00 2.126E-05 2.043E+00 5.094E+01  0.1956 0.90278
  1.700E+02 2.546E+02 1.988E+00 2.565E-05 3.746E-14 0.000E+00 2.565E-05 1.988E+00 6.583E+01  0.2942 0.92363
  2.000E+02 2.868E+02 1.957E+00 3.025E-05 8.365E-12 0.000E+00 3.025E-05 1.957E+00 8.104E+01  0.3878 0.93835
  2.500E+02 3.396E+02 1.931E+00 3.837E-05 6.908E-08 0.000E+00 3.844E-05 1.931E+00 1.068E+02  0.5339 0.95485
  3.000E+02 3.917E+02 1.923E+00 4.700E-05 6.051E-07 0.000E+00 4.761E-05 1.924E+00 1.327E+02  0.6688 0.96548
  3.500E+02 4.432E+02 1.924E+00 5.611E-05 1.659E-06 0.000E+00 5.777E-05 1.924E+00 1.587E+02  0.7942 0.97274
  4.000E+02 4.945E+02 1.929E+00 6.564E-05 3.207E-06 0.000E+00 6.885E-05 1.929E+00 1.846E+02  0.9114 0.97793
  4.500E+02 5.455E+02 1.937E+00 7.558E-05 5.230E-06 0.000E+00 8.081E-05 1.937E+00 2.105E+02  1.0213 0.98176
  5.000E+02 5.964E+02 1.946E+00 8.588E-05 7.710E-06 0.000E+00 9.359E-05 1.946E+00 2.363E+02  1.1249 0.98467
  5.500E+02 6.471E+02 1.955E+00 9.653E-05 1.063E-05 0.000E+00 1.072E-04 1.955E+00 2.619E+02  1.2228 0.98693
  6.000E+02 6.977E+02 1.965E+00 1.075E-04 1.399E-05 0.000E+00 1.215E-04 1.965E+00 2.874E+02  1.3158 0.98873
  7.000E+02 7.987E+02 1.984E+00 1.303E-04 2.191E-05 0.000E+00 1.522E-04 1.984E+00 3.381E+02  1.4888 0.99136
  8.000E+02 8.995E+02 2.002E+00 1.542E-04 3.138E-05 0.000E+00 1.856E-04 2.002E+00 3.882E+02  1.6469 0.99317
  9.000E+02 1.000E+03 2.019E+00 1.791E-04 4.230E-05 0.000E+00 2.214E-04 2.019E+00 4.380E+02  1.7928 0.99447
  1.000E+03 1.101E+03 2.035E+00 2.049E-04 5.458E-05 0.000E+00 2.595E-04 2.035E+00 4.873E+02  1.9281 0.99542
  1.200E+03 1.301E+03 2.063E+00 2.590E-04 8.290E-05 2.257E-05 3.644E-04 2.064E+00 5.849E+02  2.1730 0.99672
  1.400E+03 1.502E+03 2.088E+00 3.158E-04 1.158E-04 6.186E-05 4.935E-04 2.089E+00 6.812E+02  2.3901 0.99753
  1.700E+03 1.803E+03 2.120E+00 4.058E-04 1.728E-04 1.329E-04 7.115E-04 2.121E+00 8.238E+02  2.6762 0.99829
  2.000E+03 2.103E+03 2.147E+00 5.007E-04 2.380E-04 2.169E-04 9.555E-04 2.148E+00 9.643E+02  2.9257 0.99874
  2.500E+03 2.604E+03 2.184E+00 6.679E-04 3.622E-04 3.799E-04 1.410E-03 2.186E+00 1.195E+03  3.2825 0.99918
  3.000E+03 3.104E+03 2.214E+00 8.449E-04 5.033E-04 5.519E-04 1.900E-03 2.216E+00 1.422E+03  3.5850 0.99942
  3.500E+03 3.604E+03 2.239E+00 1.030E-03 6.589E-04 7.347E-04 2.424E-03 2.242E+00 1.647E+03  3.8480 0.99957
  4.000E+03 4.104E+03 2.261E+00 1.223E-03 8.422E-04 9.306E-04 2.996E-03 2.264E+00 1.869E+03  4.0807 0.99967
  4.500E+03 4.604E+03 2.279E+00 1.422E-03 1.043E-03 1.135E-03 3.600E-03 2.283E+00 2.089E+03  4.2895 0.99974
  5.000E+03 5.105E+03 2.296E+00 1.627E-03 1.257E-03 1.332E-03 4.215E-03 2.300E+00 2.307E+03  4.4789 0.99979
  5.500E+03 5.605E+03 2.311E+00 1.837E-03 1.481E-03 1.544E-03 4.862E-03 2.315E+00 2.523E+03  4.6522 0.99982
  6.000E+03 6.105E+03 2.324E+00 2.052E-03 1.716E-03 1.742E-03 5.510E-03 2.329E+00 2.739E+03  4.8119 0.99985
  7.000E+03 7.105E+03 2.347E+00 2.495E-03 2.213E-03 2.163E-03 6.871E-03 2.354E+00 3.166E+03  5.0983 0.99989
  8.000E+03 8.105E+03 2.367E+00 2.954E-03 2.743E-03 2.581E-03 8.278E-03 2.375E+00 3.589E+03  5.3496 0.99992
  9.000E+03 9.105E+03 2.384E+00 3.426E-03 3.302E-03 2.976E-03 9.704E-03 2.394E+00 4.008E+03  5.5734 0.99993
  1.000E+04 1.011E+04 2.399E+00 3.911E-03 3.887E-03 3.384E-03 1.118E-02 2.410E+00 4.424E+03  5.7753 0.99995
  1.200E+04 1.211E+04 2.425E+00 4.913E-03 5.124E-03 4.213E-03 1.425E-02 2.439E+00 5.249E+03  6.1276 0.99996
  1.400E+04 1.411E+04 2.446E+00 5.952E-03 6.439E-03 5.046E-03 1.744E-02 2.463E+00 6.065E+03  6.4282 0.99997
  1.700E+04 1.711E+04 2.472E+00 7.571E-03 8.534E-03 6.283E-03 2.239E-02 2.494E+00 7.276E+03  6.8095 0.99998
  2.000E+04 2.011E+04 2.493E+00 9.249E-03 1.075E-02 7.501E-03 2.750E-02 2.520E+00 8.472E+03  7.1306 0.99999
  2.500E+04 2.511E+04 2.521E+00 1.216E-02 1.467E-02 9.505E-03 3.633E-02 2.558E+00 1.044E+04  7.5735 0.99999
  3.000E+04 3.011E+04 2.544E+00 1.518E-02 1.881E-02 1.148E-02 4.547E-02 2.589E+00 1.238E+04  7.9365 0.99999
  3.500E+04 3.511E+04 2.563E+00 1.829E-02 2.314E-02 1.348E-02 5.491E-02 2.618E+00 1.431E+04  8.2438 1.00000
  4.000E+04 4.011E+04 2.579E+00 2.148E-02 2.762E-02 1.546E-02 6.456E-02 2.643E+00 1.621E+04  8.5101 1.00000
  4.500E+04 4.511E+04 2.593E+00 2.475E-02 3.223E-02 1.741E-02 7.439E-02 2.667E+00 1.809E+04  8.7451 1.00000
  5.000E+04 5.011E+04 2.605E+00 2.807E-02 3.696E-02 1.937E-02 8.440E-02 2.690E+00 1.996E+04  8.9554 1.00000
  5.500E+04 5.511E+04 2.616E+00 3.145E-02 4.179E-02 2.135E-02 9.458E-02 2.711E+00 2.181E+04  9.1456 1.00000
  6.000E+04 6.011E+04 2.626E+00 3.488E-02 4.671E-02 2.330E-02 1.049E-01 2.731E+00 2.365E+04  9.3193 1.00000
  7.000E+04 7.011E+04 2.644E+00 4.186E-02 5.678E-02 2.719E-02 1.258E-01 2.770E+00 2.728E+04  9.6271 1.00000
  8.000E+04 8.011E+04 2.659E+00 4.899E-02 6.712E-02 3.109E-02 1.472E-01 2.806E+00 3.087E+04  9.8938 1.00000
  9.000E+04 9.011E+04 2.672E+00 5.626E-02 7.768E-02 3.500E-02 1.689E-01 2.841E+00 3.441E+04 10.1291 1.00000
  1.000E+05 1.001E+05 2.684E+00 6.364E-02 8.844E-02 3.884E-02 1.909E-01 2.875E+00 3.791E+04 10.3395 1.00000
  1.200E+05 1.201E+05 2.704E+00 7.868E-02 1.104E-01 4.667E-02 2.358E-01 2.940E+00 4.479E+04 10.7038 1.00000
  1.400E+05 1.401E+05 2.721E+00 9.407E-02 1.330E-01 5.450E-02 2.815E-01 3.003E+00 5.152E+04 11.0119 1.00000
  1.700E+05 1.701E+05 2.743E+00 1.176E-01 1.675E-01 6.627E-02 3.515E-01 3.094E+00 6.136E+04 11.3999 1.00000
  2.000E+05 2.001E+05 2.761E+00 1.417E-01 2.029E-01 7.812E-02 4.227E-01 3.183E+00 7.092E+04 11.7248 1.00000
  2.500E+05 2.501E+05 2.785E+00 1.827E-01 2.630E-01 9.796E-02 5.436E-01 3.328E+00 8.629E+04 12.1709 1.00000
  3.000E+05 3.001E+05 2.805E+00 2.245E-01 3.243E-01 1.180E-01 6.667E-01 3.471E+00 1.010E+05 12.5354 1.00000
  3.500E+05 3.501E+05 2.822E+00 2.670E-01 3.865E-01 1.382E-01 7.917E-01 3.613E+00 1.151E+05 12.8436 1.00000
  4.000E+05 4.001E+05 2.836E+00 3.101E-01 4.494E-01 1.586E-01 9.181E-01 3.754E+00 1.287E+05 13.1105 1.00000
  4.500E+05 4.501E+05 2.849E+00 3.536E-01 5.129E-01 1.791E-01 1.046E+00 3.895E+00 1.418E+05 13.3461 1.00000
  5.000E+05 5.001E+05 2.861E+00 3.976E-01 5.768E-01 1.997E-01 1.174E+00 4.035E+00 1.544E+05 13.5567 1.00000
  5.500E+05 5.501E+05 2.871E+00 4.419E-01 6.412E-01 2.203E-01 1.303E+00 4.174E+00 1.666E+05 13.7473 1.00000
  6.000E+05 6.001E+05 2.881E+00 4.866E-01 7.060E-01 2.409E-01 1.433E+00 4.314E+00 1.784E+05 13.9213 1.00000
  7.000E+05 7.001E+05 2.898E+00 5.767E-01 8.363E-01 2.826E-01 1.696E+00 4.593E+00 2.008E+05 14.2296 1.00000
  8.000E+05 8.001E+05 2.912E+00 6.677E-01 9.677E-01 3.247E-01 1.960E+00 4.872E+00 2.220E+05 14.4966 1.00000
  9.000E+05 9.001E+05 2.925E+00 7.595E-01 1.100E+00 3.672E-01 2.227E+00 5.152E+00 2.419E+05 14.7321 1.00000
  1.000E+06 1.000E+06 2.937E+00 8.519E-01 1.233E+00 4.102E-01 2.495E+00 5.432E+00 2.609E+05 14.9428 1.00000
  1.200E+06 1.200E+06 2.958E+00 1.038E+00 1.500E+00 4.971E-01 3.035E+00 5.993E+00 2.960E+05 15.3074 1.00000
  1.400E+06 1.400E+06 2.975E+00 1.227E+00 1.768E+00 5.852E-01 3.580E+00 6.555E+00 3.279E+05 15.6157 1.00000
  1.700E+06 1.700E+06 2.997E+00 1.512E+00 2.174E+00 7.196E-01 4.405E+00 7.402E+00 3.710E+05 16.0040 1.00000
  2.000E+06 2.000E+06 3.015E+00 1.799E+00 2.581E+00 8.561E-01 5.236E+00 8.251E+00 4.095E+05 16.3290 1.00000
  2.500E+06 2.500E+06 3.041E+00 2.282E+00 3.263E+00 1.088E+00 6.633E+00 9.674E+00 4.656E+05 16.7753 1.00000
  3.000E+06 3.000E+06 3.062E+00 2.768E+00 3.948E+00 1.324E+00 8.041E+00 1.110E+01 5.140E+05 17.1399 1.00000
  3.500E+06 3.500E+06 3.080E+00 3.258E+00 4.635E+00 1.564E+00 9.457E+00 1.254E+01 5.565E+05 17.4482 1.00000
  4.000E+06 4.000E+06 3.096E+00 3.750E+00 5.324E+00 1.808E+00 1.088E+01 1.398E+01 5.943E+05 17.7152 1.00000
  4.500E+06 4.500E+06 3.109E+00 4.243E+00 6.014E+00 2.055E+00 1.231E+01 1.542E+01 6.284E+05 17.9508 1.00000
  5.000E+06 5.000E+06 3.122E+00 4.739E+00 6.705E+00 2.304E+00 1.375E+01 1.687E+01 6.594E+05 18.1615 1.00000
  5.500E+06 5.500E+06 3.133E+00 5.235E+00 7.397E+00 2.556E+00 1.519E+01 1.832E+01 6.879E+05 18.3521 1.00000
  6.000E+06 6.000E+06 3.144E+00 5.733E+00 8.089E+00 2.810E+00 1.663E+01 1.978E+01 7.142E+05 18.5262 1.00000
  7.000E+06 7.000E+06 3.162E+00 6.731E+00 9.475E+00 3.325E+00 1.953E+01 2.269E+01 7.615E+05 18.8344 1.00000
  8.000E+06 8.000E+06 3.178E+00 7.732E+00 1.086E+01 3.848E+00 2.244E+01 2.562E+01 8.030E+05 19.1015 1.00000
  9.000E+06 9.000E+06 3.193E+00 8.735E+00 1.225E+01 4.378E+00 2.537E+01 2.856E+01 8.401E+05 19.3371 1.00000
  1.000E+07 1.000E+07 3.205E+00 9.740E+00 1.364E+01 4.914E+00 2.830E+01 3.150E+01 8.734E+05 19.5478 1.00000
  1.200E+07 1.200E+07 3.228E+00 1.176E+01 1.643E+01 6.002E+00 3.419E+01 3.741E+01 9.319E+05 19.9124 1.00000
  1.400E+07 1.400E+07 3.247E+00 1.378E+01 1.921E+01 7.110E+00 4.010E+01 4.335E+01 9.817E+05 20.2207 1.00000
  1.700E+07 1.700E+07 3.271E+00 1.681E+01 2.340E+01 8.803E+00 4.902E+01 5.229E+01 1.045E+06 20.6090 1.00000
  2.000E+07 2.000E+07 3.291E+00 1.986E+01 2.758E+01 1.053E+01 5.797E+01 6.126E+01 1.098E+06 20.9341 1.00000
  2.500E+07 2.500E+07 3.320E+00 2.494E+01 3.457E+01 1.347E+01 7.297E+01 7.629E+01 1.172E+06 21.3804 1.00000
  3.000E+07 3.000E+07 3.343E+00 3.003E+01 4.155E+01 1.647E+01 8.805E+01 9.140E+01 1.232E+06 21.7450 1.00000
  3.500E+07 3.500E+07 3.363E+00 3.513E+01 4.854E+01 1.953E+01 1.032E+02 1.066E+02 1.283E+06 22.0533 1.00000
  4.000E+07 4.000E+07 3.380E+00 4.023E+01 5.553E+01 2.263E+01 1.184E+02 1.218E+02 1.327E+06 22.3204 1.00000
  4.500E+07 4.500E+07 3.396E+00 4.534E+01 6.252E+01 2.578E+01 1.336E+02 1.370E+02 1.365E+06 22.5559 1.00000
  5.000E+07 5.000E+07 3.410E+00 5.045E+01 6.952E+01 2.897E+01 1.489E+02 1.524E+02 1.400E+06 22.7666 1.00000
  5.500E+07 5.500E+07 3.422E+00 5.556E+01 7.651E+01 3.220E+01 1.643E+02 1.677E+02 1.431E+06 22.9573 1.00000
  6.000E+07 6.000E+07 3.434E+00 6.067E+01 8.351E+01 3.546E+01 1.796E+02 1.831E+02 1.460E+06 23.1313 1.00000
  7.000E+07 7.000E+07 3.454E+00 7.091E+01 9.750E+01 4.206E+01 2.105E+02 2.139E+02 1.511E+06 23.4396 1.00000
  8.000E+07 8.000E+07 3.472E+00 8.114E+01 1.115E+02 4.878E+01 2.414E+02 2.449E+02 1.554E+06 23.7067 1.00000
  9.000E+07 9.000E+07 3.488E+00 9.139E+01 1.255E+02 5.558E+01 2.725E+02 2.759E+02 1.593E+06 23.9422 1.00000
  1.000E+08 1.000E+08 3.502E+00 1.016E+02 1.395E+02 6.248E+01 3.036E+02 3.071E+02 1.627E+06 24.1529 1.00000
  1.200E+08 1.200E+08 3.527E+00 1.221E+02 1.675E+02 7.649E+01 3.661E+02 3.696E+02 1.687E+06 24.5176 1.00000
  1.400E+08 1.400E+08 3.549E+00 1.426E+02 1.955E+02 9.078E+01 4.289E+02 4.325E+02 1.737E+06 24.8259 1.00000
  1.700E+08 1.700E+08 3.576E+00 1.734E+02 2.375E+02 1.126E+02 5.235E+02 5.271E+02 1.800E+06 25.2142 1.00000
  2.000E+08 2.000E+08 3.598E+00 2.042E+02 2.795E+02 1.349E+02 6.186E+02 6.222E+02 1.853E+06 25.5392 1.00000
  2.500E+08 2.500E+08 3.630E+00 2.555E+02 3.495E+02 1.730E+02 7.780E+02 7.816E+02 1.925E+06 25.9855 1.00000
  3.000E+08 3.000E+08 3.656E+00 3.068E+02 4.195E+02 2.119E+02 9.382E+02 9.419E+02 1.984E+06 26.3502 1.00000
  3.500E+08 3.500E+08 3.678E+00 3.582E+02 4.895E+02 2.516E+02 1.099E+03 1.103E+03 2.033E+06 26.6585 1.00000
  4.000E+08 4.000E+08 3.697E+00 4.095E+02 5.596E+02 2.919E+02 1.261E+03 1.265E+03 2.075E+06 26.9255 1.00000
  4.500E+08 4.500E+08 3.715E+00 4.608E+02 6.296E+02 3.328E+02 1.423E+03 1.427E+03 2.113E+06 27.1611 1.00000
  5.000E+08 5.000E+08 3.730E+00 5.122E+02 6.996E+02 3.743E+02 1.586E+03 1.590E+03 2.146E+06 27.3718 1.00000
  5.500E+08 5.500E+08 3.744E+00 5.635E+02 7.696E+02 4.162E+02 1.749E+03 1.753E+03 2.176E+06 27.5624 1.00000
  6.000E+08 6.000E+08 3.757E+00 6.149E+02 8.396E+02 4.587E+02 1.913E+03 1.917E+03 2.203E+06 27.7365 1.00000
  7.000E+08 7.000E+08 3.780E+00 7.176E+02 9.797E+02 5.447E+02 2.242E+03 2.246E+03 2.251E+06 28.0448 1.00000
  8.000E+08 8.000E+08 3.800E+00 8.203E+02 1.120E+03 6.322E+02 2.572E+03 2.576E+03 2.293E+06 28.3118 1.00000
  9.000E+08 9.000E+08 3.818E+00 9.230E+02 1.260E+03 7.210E+02 2.904E+03 2.908E+03 2.330E+06 28.5474 1.00000
  1.000E+09 1.000E+09 3.834E+00 1.026E+03 1.400E+03 8.110E+02 3.237E+03 3.240E+03 2.362E+06 28.7581 1.00000
