 Incident particle is a Muon with M = 105.65839 MeV
 Index = 0: StriatedMuscle
      Absorber with <Z/A> = 0.55102
 Density effect computed following Fano (1963)
 Models for Radloss: brems =  SSR, pair =  SSR, photonuc = DRSS

 *** Table generated with PUMAS v1.1 ***

      T         p     Ionization  brems     pair     photonuc  Radloss    dE/dx   CSDA Range  delta   beta
    [MeV]    [MeV/c]  -----------------------[MeV cm^2/g]------------------------  [g/cm^2]
  1.000E+00 1.457E+01 5.021E+01 0.000E+00 0.000E+00 0.000E+00 0.000E+00 5.021E+01 9.959E-03  0.0000 0.13661
  1.200E+00 1.597E+01 4.332E+01 0.000E+00 0.000E+00 0.000E+00 0.000E+00 4.332E+01 1.426E-02  0.0000 0.14944
  1.400E+00 1.726E+01 3.822E+01 0.000E+00 0.000E+00 0.000E+00 0.000E+00 3.822E+01 1.919E-02  0.0000 0.16119
  1.700E+00 1.903E+01 3.263E+01 0.000E+00 0.000E+00 0.000E+00 0.000E+00 3.263E+01 2.771E-02  0.0000 0.17725
  2.000E+00 2.066E+01 2.858E+01 0.000E+00 0.000E+00 0.000E+00 0.000E+00 2.858E+01 3.756E-02  0.0000 0.19186
  2.500E+00 2.312E+01 2.383E+01 0.000E+00 0.000E+00 0.000E+00 0.000E+00 2.383E+01 5.681E-02  0.0000 0.21376
  3.000E+00 2.536E+01 2.054E+01 0.000E+00 0.000E+00 0.000E+00 0.000E+00 2.054E+01 7.949E-02  0.0000 0.23336
  3.500E+00 2.742E+01 1.812E+01 0.000E+00 0.000E+00 0.000E+00 0.000E+00 1.812E+01 1.055E-01  0.0000 0.25120
  4.000E+00 2.935E+01 1.627E+01 0.000E+00 0.000E+00 0.000E+00 0.000E+00 1.627E+01 1.346E-01  0.0000 0.26763
  4.500E+00 3.116E+01 1.479E+01 0.000E+00 0.000E+00 0.000E+00 0.000E+00 1.479E+01 1.669E-01  0.0000 0.28290
  5.000E+00 3.289E+01 1.359E+01 0.000E+00 0.000E+00 0.000E+00 0.000E+00 1.359E+01 2.022E-01  0.0000 0.29720
  5.500E+00 3.453E+01 1.260E+01 0.000E+00 0.000E+00 0.000E+00 0.000E+00 1.260E+01 2.405E-01  0.0000 0.31066
  6.000E+00 3.611E+01 1.176E+01 0.000E+00 0.000E+00 0.000E+00 0.000E+00 1.176E+01 2.816E-01  0.0000 0.32339
  7.000E+00 3.909E+01 1.041E+01 0.000E+00 0.000E+00 0.000E+00 0.000E+00 1.041E+01 3.721E-01  0.0000 0.34700
  8.000E+00 4.189E+01 9.384E+00 0.000E+00 0.000E+00 0.000E+00 0.000E+00 9.384E+00 4.735E-01  0.0000 0.36854
  9.000E+00 4.453E+01 8.571E+00 0.000E+00 0.000E+00 0.000E+00 0.000E+00 8.571E+00 5.851E-01  0.0000 0.38836
  1.000E+01 4.704E+01 7.911E+00 0.000E+00 0.000E+00 0.000E+00 0.000E+00 7.911E+00 7.067E-01  0.0000 0.40675
  1.200E+01 5.177E+01 6.904E+00 0.000E+00 0.000E+00 0.000E+00 0.000E+00 6.904E+00 9.782E-01  0.0000 0.43998
  1.400E+01 5.616E+01 6.171E+00 0.000E+00 0.000E+00 0.000E+00 0.000E+00 6.171E+00 1.285E+00  0.0000 0.46937
  1.700E+01 6.230E+01 5.381E+00 0.000E+00 0.000E+00 0.000E+00 0.000E+00 5.381E+00 1.808E+00  0.0000 0.50792
  2.000E+01 6.802E+01 4.819E+00 0.000E+00 0.000E+00 0.000E+00 0.000E+00 4.819E+00 2.398E+00  0.0000 0.54129
  2.500E+01 7.686E+01 4.173E+00 6.677E-10 0.000E+00 0.000E+00 6.677E-10 4.173E+00 3.518E+00  0.0000 0.58827
  3.000E+01 8.509E+01 3.739E+00 9.787E-08 0.000E+00 0.000E+00 9.787E-08 3.739E+00 4.787E+00  0.0000 0.62720
  3.500E+01 9.285E+01 3.426E+00 1.143E-07 0.000E+00 0.000E+00 1.143E-07 3.426E+00 6.187E+00  0.0000 0.66011
  4.000E+01 1.003E+02 3.192E+00 1.224E-07 0.000E+00 0.000E+00 1.224E-07 3.192E+00 7.701E+00  0.0000 0.68834
  4.500E+01 1.074E+02 3.011E+00 1.308E-07 0.000E+00 0.000E+00 1.308E-07 3.011E+00 9.315E+00  0.0000 0.71286
  5.000E+01 1.143E+02 2.867E+00 1.394E-07 0.000E+00 0.000E+00 1.394E-07 2.867E+00 1.102E+01  0.0000 0.73434
  5.500E+01 1.210E+02 2.750E+00 1.483E-07 0.000E+00 0.000E+00 1.483E-07 2.750E+00 1.280E+01  0.0000 0.75332
  6.000E+01 1.276E+02 2.653E+00 1.574E-07 0.000E+00 0.000E+00 1.574E-07 2.653E+00 1.465E+01  0.0000 0.77019
  7.000E+01 1.403E+02 2.504E+00 1.765E-07 0.000E+00 0.000E+00 1.765E-07 2.504E+00 1.854E+01  0.0008 0.79887
  8.000E+01 1.527E+02 2.396E+00 1.966E-07 0.000E+00 0.000E+00 1.966E-07 2.396E+00 2.262E+01  0.0068 0.82227
  9.000E+01 1.647E+02 2.314E+00 2.177E-07 0.000E+00 0.000E+00 2.177E-07 2.314E+00 2.687E+01  0.0179 0.84166
  1.000E+02 1.764E+02 2.250E+00 2.399E-07 0.000E+00 0.000E+00 2.399E-07 2.250E+00 3.126E+01  0.0328 0.85794
  1.200E+02 1.994E+02 2.161E+00 2.872E-07 0.000E+00 0.000E+00 2.872E-07 2.161E+00 4.034E+01  0.0711 0.88361
  1.400E+02 2.218E+02 2.102E+00 9.326E-07 0.000E+00 0.000E+00 9.326E-07 2.102E+00 4.974E+01  0.1171 0.90278
  1.700E+02 2.546E+02 2.048E+00 9.583E-06 8.978E-10 0.000E+00 9.584E-06 2.048E+00 6.421E+01  0.1941 0.92363
  2.000E+02 2.868E+02 2.016E+00 1.841E-05 8.615E-09 0.000E+00 1.842E-05 2.016E+00 7.899E+01  0.2760 0.93835
  2.500E+02 3.396E+02 1.991E+00 2.890E-05 1.247E-07 0.000E+00 2.902E-05 1.991E+00 1.040E+02  0.4151 0.95485
  3.000E+02 3.917E+02 1.983E+00 3.820E-05 8.031E-07 0.000E+00 3.901E-05 1.983E+00 1.291E+02  0.5519 0.96548
  3.500E+02 4.432E+02 1.983E+00 4.728E-05 2.087E-06 0.000E+00 4.937E-05 1.983E+00 1.544E+02  0.6835 0.97274
  4.000E+02 4.945E+02 1.988E+00 5.661E-05 3.964E-06 0.000E+00 6.057E-05 1.988E+00 1.795E+02  0.8087 0.97793
  4.500E+02 5.455E+02 1.995E+00 6.642E-05 6.422E-06 0.000E+00 7.284E-05 1.995E+00 2.046E+02  0.9275 0.98176
  5.000E+02 5.964E+02 2.003E+00 7.673E-05 9.446E-06 0.000E+00 8.618E-05 2.004E+00 2.297E+02  1.0399 0.98467
  5.500E+02 6.471E+02 2.012E+00 8.754E-05 1.302E-05 1.557E-05 1.161E-04 2.013E+00 2.546E+02  1.1464 0.98693
  6.000E+02 6.977E+02 2.022E+00 9.881E-05 1.713E-05 5.182E-05 1.678E-04 2.022E+00 2.793E+02  1.2472 0.98873
  7.000E+02 7.987E+02 2.040E+00 1.226E-04 2.689E-05 1.240E-04 2.735E-04 2.040E+00 3.286E+02  1.4339 0.99136
  8.000E+02 8.995E+02 2.058E+00 1.480E-04 3.859E-05 1.923E-04 3.789E-04 2.058E+00 3.774E+02  1.6032 0.99317
  9.000E+02 1.000E+03 2.075E+00 1.749E-04 5.213E-05 2.576E-04 4.847E-04 2.075E+00 4.257E+02  1.7577 0.99447
  1.000E+03 1.101E+03 2.091E+00 2.031E-04 6.738E-05 3.210E-04 5.915E-04 2.092E+00 4.737E+02  1.8998 0.99542
  1.200E+03 1.301E+03 2.120E+00 2.631E-04 1.027E-04 4.437E-04 8.094E-04 2.121E+00 5.687E+02  2.1533 0.99672
  1.400E+03 1.502E+03 2.145E+00 3.273E-04 1.437E-04 5.628E-04 1.034E-03 2.146E+00 6.624E+02  2.3746 0.99753
  1.700E+03 1.803E+03 2.178E+00 4.306E-04 2.150E-04 7.368E-04 1.382E-03 2.180E+00 8.011E+02  2.6617 0.99829
  2.000E+03 2.103E+03 2.206E+00 5.411E-04 2.967E-04 9.064E-04 1.744E-03 2.208E+00 9.378E+02  2.9088 0.99874
  2.500E+03 2.604E+03 2.245E+00 7.386E-04 4.525E-04 1.182E-03 2.373E-03 2.248E+00 1.162E+03  3.2583 0.99918
  3.000E+03 3.104E+03 2.277E+00 9.505E-04 6.296E-04 1.450E-03 3.030E-03 2.280E+00 1.383E+03  3.5528 0.99942
  3.500E+03 3.604E+03 2.304E+00 1.174E-03 8.250E-04 1.712E-03 3.712E-03 2.307E+00 1.601E+03  3.8082 0.99957
  4.000E+03 4.104E+03 2.326E+00 1.408E-03 1.052E-03 1.970E-03 4.430E-03 2.331E+00 1.816E+03  4.0344 0.99967
  4.500E+03 4.604E+03 2.346E+00 1.651E-03 1.300E-03 2.222E-03 5.173E-03 2.351E+00 2.030E+03  4.2377 0.99974
  5.000E+03 5.105E+03 2.364E+00 1.903E-03 1.562E-03 2.471E-03 5.937E-03 2.370E+00 2.242E+03  4.4226 0.99979
  5.500E+03 5.605E+03 2.379E+00 2.162E-03 1.839E-03 2.717E-03 6.718E-03 2.386E+00 2.452E+03  4.5922 0.99982
  6.000E+03 6.105E+03 2.393E+00 2.427E-03 2.127E-03 2.960E-03 7.515E-03 2.401E+00 2.661E+03  4.7490 0.99985
  7.000E+03 7.105E+03 2.418E+00 2.976E-03 2.738E-03 3.438E-03 9.152E-03 2.427E+00 3.075E+03  5.0309 0.99989
  8.000E+03 8.105E+03 2.438E+00 3.546E-03 3.389E-03 3.907E-03 1.084E-02 2.449E+00 3.485E+03  5.2790 0.99992
  9.000E+03 9.105E+03 2.456E+00 4.134E-03 4.075E-03 4.369E-03 1.258E-02 2.469E+00 3.892E+03  5.5005 0.99993
  1.000E+04 1.011E+04 2.472E+00 4.738E-03 4.792E-03 4.824E-03 1.435E-02 2.486E+00 4.296E+03  5.7006 0.99995
  1.200E+04 1.211E+04 2.499E+00 5.989E-03 6.308E-03 5.719E-03 1.802E-02 2.517E+00 5.095E+03  6.0503 0.99996
  1.400E+04 1.411E+04 2.521E+00 7.290E-03 7.918E-03 6.597E-03 2.180E-02 2.542E+00 5.886E+03  6.3488 0.99997
  1.700E+04 1.711E+04 2.548E+00 9.319E-03 1.048E-02 7.889E-03 2.769E-02 2.575E+00 7.058E+03  6.7277 0.99998
  2.000E+04 2.011E+04 2.570E+00 1.142E-02 1.319E-02 9.158E-03 3.377E-02 2.604E+00 8.216E+03  7.0468 0.99999
  2.500E+04 2.511E+04 2.599E+00 1.507E-02 1.797E-02 1.124E-02 4.428E-02 2.644E+00 1.012E+04  7.4870 0.99999
  3.000E+04 3.011E+04 2.623E+00 1.886E-02 2.302E-02 1.328E-02 5.516E-02 2.678E+00 1.200E+04  7.8480 0.99999
  3.500E+04 3.511E+04 2.643E+00 2.276E-02 2.828E-02 1.530E-02 6.635E-02 2.709E+00 1.386E+04  8.1539 1.00000
  4.000E+04 4.011E+04 2.659E+00 2.677E-02 3.373E-02 1.731E-02 7.780E-02 2.737E+00 1.569E+04  8.4193 1.00000
  4.500E+04 4.511E+04 2.674E+00 3.085E-02 3.933E-02 1.930E-02 8.949E-02 2.763E+00 1.751E+04  8.6537 1.00000
  5.000E+04 5.011E+04 2.687E+00 3.502E-02 4.507E-02 2.128E-02 1.014E-01 2.788E+00 1.931E+04  8.8635 1.00000
  5.500E+04 5.511E+04 2.698E+00 3.925E-02 5.093E-02 2.325E-02 1.134E-01 2.812E+00 2.110E+04  9.0534 1.00000
  6.000E+04 6.011E+04 2.709E+00 4.353E-02 5.689E-02 2.522E-02 1.256E-01 2.834E+00 2.287E+04  9.2268 1.00000
  7.000E+04 7.011E+04 2.727E+00 5.228E-02 6.908E-02 2.914E-02 1.505E-01 2.877E+00 2.637E+04  9.5343 1.00000
  8.000E+04 8.011E+04 2.743E+00 6.120E-02 8.159E-02 3.304E-02 1.758E-01 2.918E+00 2.982E+04  9.8007 1.00000
  9.000E+04 9.011E+04 2.756E+00 7.029E-02 9.436E-02 3.695E-02 2.016E-01 2.958E+00 3.322E+04 10.0358 1.00000
  1.000E+05 1.001E+05 2.769E+00 7.952E-02 1.073E-01 4.085E-02 2.277E-01 2.996E+00 3.658E+04 10.2462 1.00000
  1.200E+05 1.201E+05 2.790E+00 9.832E-02 1.339E-01 4.865E-02 2.809E-01 3.070E+00 4.318E+04 10.6103 1.00000
  1.400E+05 1.401E+05 2.807E+00 1.175E-01 1.610E-01 5.647E-02 3.350E-01 3.142E+00 4.962E+04 10.9183 1.00000
  1.700E+05 1.701E+05 2.829E+00 1.469E-01 2.027E-01 6.823E-02 4.178E-01 3.247E+00 5.901E+04 11.3062 1.00000
  2.000E+05 2.001E+05 2.848E+00 1.770E-01 2.451E-01 8.005E-02 5.021E-01 3.350E+00 6.810E+04 11.6311 1.00000
  2.500E+05 2.501E+05 2.873E+00 2.280E-01 3.173E-01 9.989E-02 6.452E-01 3.518E+00 8.267E+04 12.0771 1.00000
  3.000E+05 3.001E+05 2.893E+00 2.801E-01 3.908E-01 1.199E-01 7.908E-01 3.684E+00 9.655E+04 12.4416 1.00000
  3.500E+05 3.501E+05 2.911E+00 3.330E-01 4.653E-01 1.401E-01 9.384E-01 3.849E+00 1.098E+05 12.7497 1.00000
  4.000E+05 4.001E+05 2.926E+00 3.866E-01 5.407E-01 1.604E-01 1.088E+00 4.014E+00 1.225E+05 13.0167 1.00000
  4.500E+05 4.501E+05 2.939E+00 4.408E-01 6.166E-01 1.809E-01 1.238E+00 4.177E+00 1.348E+05 13.2522 1.00000
  5.000E+05 5.001E+05 2.951E+00 4.954E-01 6.932E-01 2.016E-01 1.390E+00 4.341E+00 1.465E+05 13.4629 1.00000
  5.500E+05 5.501E+05 2.962E+00 5.505E-01 7.702E-01 2.224E-01 1.543E+00 4.505E+00 1.578E+05 13.6535 1.00000
  6.000E+05 6.001E+05 2.972E+00 6.060E-01 8.475E-01 2.433E-01 1.697E+00 4.669E+00 1.687E+05 13.8275 1.00000
  7.000E+05 7.001E+05 2.989E+00 7.178E-01 1.003E+00 2.856E-01 2.007E+00 4.996E+00 1.894E+05 14.1357 1.00000
  8.000E+05 8.001E+05 3.005E+00 8.308E-01 1.160E+00 3.283E-01 2.319E+00 5.324E+00 2.088E+05 14.4027 1.00000
  9.000E+05 9.001E+05 3.018E+00 9.447E-01 1.318E+00 3.714E-01 2.634E+00 5.652E+00 2.270E+05 14.6383 1.00000
  1.000E+06 1.000E+06 3.030E+00 1.059E+00 1.476E+00 4.150E-01 2.951E+00 5.981E+00 2.442E+05 14.8490 1.00000
  1.200E+06 1.200E+06 3.051E+00 1.290E+00 1.795E+00 5.031E-01 3.588E+00 6.640E+00 2.759E+05 15.2136 1.00000
  1.400E+06 1.400E+06 3.069E+00 1.524E+00 2.115E+00 5.926E-01 4.232E+00 7.301E+00 3.047E+05 15.5218 1.00000
  1.700E+06 1.700E+06 3.092E+00 1.876E+00 2.598E+00 7.290E-01 5.204E+00 8.296E+00 3.432E+05 15.9101 1.00000
  2.000E+06 2.000E+06 3.111E+00 2.232E+00 3.084E+00 8.676E-01 6.184E+00 9.295E+00 3.773E+05 16.2351 1.00000
  2.500E+06 2.500E+06 3.138E+00 2.829E+00 3.896E+00 1.103E+00 7.829E+00 1.097E+01 4.268E+05 16.6814 1.00000
  3.000E+06 3.000E+06 3.159E+00 3.431E+00 4.712E+00 1.343E+00 9.486E+00 1.265E+01 4.692E+05 17.0460 1.00000
  3.500E+06 3.500E+06 3.178E+00 4.036E+00 5.530E+00 1.587E+00 1.115E+01 1.433E+01 5.064E+05 17.3543 1.00000
  4.000E+06 4.000E+06 3.194E+00 4.644E+00 6.350E+00 1.835E+00 1.283E+01 1.602E+01 5.393E+05 17.6214 1.00000
  4.500E+06 4.500E+06 3.209E+00 5.253E+00 7.172E+00 2.086E+00 1.451E+01 1.772E+01 5.690E+05 17.8569 1.00000
  5.000E+06 5.000E+06 3.222E+00 5.865E+00 7.994E+00 2.340E+00 1.620E+01 1.942E+01 5.959E+05 18.0677 1.00000
  5.500E+06 5.500E+06 3.233E+00 6.477E+00 8.818E+00 2.596E+00 1.789E+01 2.112E+01 6.206E+05 18.2583 1.00000
  6.000E+06 6.000E+06 3.244E+00 7.092E+00 9.642E+00 2.855E+00 1.959E+01 2.283E+01 6.434E+05 18.4323 1.00000
  7.000E+06 7.000E+06 3.263E+00 8.323E+00 1.129E+01 3.380E+00 2.299E+01 2.626E+01 6.842E+05 18.7406 1.00000
  8.000E+06 8.000E+06 3.280E+00 9.558E+00 1.294E+01 3.912E+00 2.641E+01 2.969E+01 7.200E+05 19.0077 1.00000
  9.000E+06 9.000E+06 3.295E+00 1.079E+01 1.460E+01 4.452E+00 2.985E+01 3.314E+01 7.519E+05 19.2432 1.00000
  1.000E+07 1.000E+07 3.308E+00 1.203E+01 1.625E+01 4.999E+00 3.329E+01 3.660E+01 7.806E+05 19.4539 1.00000
  1.200E+07 1.200E+07 3.331E+00 1.452E+01 1.957E+01 6.109E+00 4.020E+01 4.353E+01 8.306E+05 19.8186 1.00000
  1.400E+07 1.400E+07 3.351E+00 1.701E+01 2.289E+01 7.240E+00 4.713E+01 5.048E+01 8.732E+05 20.1269 1.00000
  1.700E+07 1.700E+07 3.376E+00 2.075E+01 2.787E+01 8.969E+00 5.759E+01 6.096E+01 9.273E+05 20.5152 1.00000
  2.000E+07 2.000E+07 3.397E+00 2.450E+01 3.285E+01 1.073E+01 6.808E+01 7.148E+01 9.727E+05 20.8402 1.00000
  2.500E+07 2.500E+07 3.426E+00 3.076E+01 4.116E+01 1.374E+01 8.566E+01 8.908E+01 1.035E+06 21.2865 1.00000
  3.000E+07 3.000E+07 3.450E+00 3.703E+01 4.948E+01 1.681E+01 1.033E+02 1.068E+02 1.086E+06 21.6511 1.00000
  3.500E+07 3.500E+07 3.471E+00 4.330E+01 5.780E+01 1.994E+01 1.210E+02 1.245E+02 1.130E+06 21.9594 1.00000
  4.000E+07 4.000E+07 3.489E+00 4.959E+01 6.612E+01 2.313E+01 1.388E+02 1.423E+02 1.167E+06 22.2265 1.00000
  4.500E+07 4.500E+07 3.505E+00 5.587E+01 7.445E+01 2.636E+01 1.567E+02 1.602E+02 1.200E+06 22.4621 1.00000
  5.000E+07 5.000E+07 3.519E+00 6.216E+01 8.278E+01 2.963E+01 1.746E+02 1.781E+02 1.230E+06 22.6728 1.00000
  5.500E+07 5.500E+07 3.532E+00 6.845E+01 9.110E+01 3.294E+01 1.925E+02 1.960E+02 1.257E+06 22.8634 1.00000
  6.000E+07 6.000E+07 3.544E+00 7.474E+01 9.944E+01 3.629E+01 2.105E+02 2.140E+02 1.281E+06 23.0374 1.00000
  7.000E+07 7.000E+07 3.565E+00 8.733E+01 1.161E+02 4.307E+01 2.465E+02 2.501E+02 1.324E+06 23.3457 1.00000
  8.000E+07 8.000E+07 3.584E+00 9.993E+01 1.328E+02 4.997E+01 2.827E+02 2.862E+02 1.362E+06 23.6128 1.00000
  9.000E+07 9.000E+07 3.600E+00 1.125E+02 1.494E+02 5.697E+01 3.189E+02 3.225E+02 1.395E+06 23.8484 1.00000
  1.000E+08 1.000E+08 3.615E+00 1.251E+02 1.661E+02 6.406E+01 3.553E+02 3.589E+02 1.424E+06 24.0591 1.00000
  1.200E+08 1.200E+08 3.641E+00 1.504E+02 1.994E+02 7.849E+01 4.283E+02 4.319E+02 1.475E+06 24.4237 1.00000
  1.400E+08 1.400E+08 3.663E+00 1.756E+02 2.328E+02 9.321E+01 5.016E+02 5.053E+02 1.517E+06 24.7320 1.00000
  1.700E+08 1.700E+08 3.691E+00 2.134E+02 2.828E+02 1.158E+02 6.120E+02 6.157E+02 1.571E+06 25.1203 1.00000
  2.000E+08 2.000E+08 3.714E+00 2.513E+02 3.329E+02 1.388E+02 7.229E+02 7.266E+02 1.616E+06 25.4454 1.00000
  2.500E+08 2.500E+08 3.747E+00 3.144E+02 4.163E+02 1.780E+02 9.087E+02 9.125E+02 1.677E+06 25.8917 1.00000
  3.000E+08 3.000E+08 3.774E+00 3.775E+02 4.997E+02 2.183E+02 1.095E+03 1.099E+03 1.727E+06 26.2563 1.00000
  3.500E+08 3.500E+08 3.797E+00 4.407E+02 5.831E+02 2.593E+02 1.283E+03 1.287E+03 1.769E+06 26.5646 1.00000
  4.000E+08 4.000E+08 3.817E+00 5.038E+02 6.665E+02 3.011E+02 1.471E+03 1.475E+03 1.805E+06 26.8317 1.00000
  4.500E+08 4.500E+08 3.835E+00 5.670E+02 7.499E+02 3.435E+02 1.660E+03 1.664E+03 1.837E+06 27.0672 1.00000
  5.000E+08 5.000E+08 3.851E+00 6.301E+02 8.334E+02 3.865E+02 1.850E+03 1.854E+03 1.866E+06 27.2780 1.00000
  5.500E+08 5.500E+08 3.865E+00 6.933E+02 9.168E+02 4.300E+02 2.040E+03 2.044E+03 1.891E+06 27.4686 1.00000
  6.000E+08 6.000E+08 3.879E+00 7.564E+02 1.000E+03 4.740E+02 2.231E+03 2.235E+03 1.915E+06 27.6426 1.00000
  7.000E+08 7.000E+08 3.902E+00 8.827E+02 1.167E+03 5.634E+02 2.613E+03 2.617E+03 1.956E+06 27.9509 1.00000
  8.000E+08 8.000E+08 3.923E+00 1.009E+03 1.334E+03 6.543E+02 2.997E+03 3.001E+03 1.992E+06 28.2179 1.00000
  9.000E+08 9.000E+08 3.941E+00 1.135E+03 1.501E+03 7.466E+02 3.383E+03 3.387E+03 2.023E+06 28.4534 1.00000
  1.000E+09 1.000E+09 3.958E+00 1.262E+03 1.668E+03 8.402E+02 3.770E+03 3.774E+03 2.051E+06 28.6641 1.00000
  1.200E+09 1.200E+09 3.987E+00 1.514E+03 2.001E+03 1.031E+03 4.547E+03 4.551E+03 2.099E+06 29.0288 1.00000
  1.400E+09 1.400E+09 4.011E+00 1.767E+03 2.335E+03 1.226E+03 5.328E+03 5.332E+03 2.140E+06 29.3367 1.00000
  1.700E+09 1.700E+09 4.043E+00 2.146E+03 2.836E+03 1.524E+03 6.506E+03 6.510E+03 2.191E+06 29.7250 1.00000
  2.000E+09 2.000E+09 4.069E+00 2.525E+03 3.336E+03 1.829E+03 7.691E+03 7.695E+03 2.233E+06 30.0485 1.00000
  2.500E+09 2.500E+09 4.106E+00 3.157E+03 4.171E+03 2.350E+03 9.678E+03 9.682E+03 2.291E+06 30.4948 1.00000
  3.000E+09 3.000E+09 4.136E+00 3.788E+03 5.005E+03 2.885E+03 1.168E+04 1.168E+04 2.338E+06 30.8529 1.00000
  3.500E+09 3.500E+09 4.162E+00 4.420E+03 5.839E+03 3.431E+03 1.369E+04 1.370E+04 2.377E+06 31.1612 1.00000
  4.000E+09 4.000E+09 4.184E+00 5.052E+03 6.674E+03 3.988E+03 1.571E+04 1.572E+04 2.411E+06 31.4283 1.00000
  4.500E+09 4.500E+09 4.207E+00 5.684E+03 7.508E+03 4.553E+03 1.774E+04 1.775E+04 2.441E+06 31.6347 1.00000
  5.000E+09 5.000E+09 4.225E+00 6.315E+03 8.343E+03 5.127E+03 1.978E+04 1.979E+04 2.468E+06 31.8454 1.00000
  5.500E+09 5.500E+09 4.241E+00 6.947E+03 9.177E+03 5.707E+03 2.183E+04 2.184E+04 2.492E+06 32.0361 1.00000
  6.000E+09 6.000E+09 4.256E+00 7.579E+03 1.001E+04 6.295E+03 2.389E+04 2.389E+04 2.514E+06 32.2101 1.00000
  7.000E+09 7.000E+09 4.282E+00 8.842E+03 1.168E+04 7.489E+03 2.801E+04 2.802E+04 2.553E+06 32.5184 1.00000
  8.000E+09 8.000E+09 4.319E+00 1.011E+04 1.335E+04 8.706E+03 3.216E+04 3.216E+04 2.586E+06 32.6300 1.00000
  9.000E+09 9.000E+09 4.339E+00 1.137E+04 1.502E+04 9.943E+03 3.633E+04 3.633E+04 2.615E+06 32.8656 1.00000
  1.000E+10 1.000E+10 4.358E+00 1.263E+04 1.669E+04 1.120E+04 4.052E+04 4.052E+04 2.641E+06 33.0763 1.00000
  1.200E+10 1.200E+10 4.390E+00 1.516E+04 2.002E+04 1.376E+04 4.894E+04 4.894E+04 2.686E+06 33.4409 1.00000
  1.400E+10 1.400E+10 4.417E+00 1.769E+04 2.336E+04 1.637E+04 5.742E+04 5.742E+04 2.724E+06 33.7492 1.00000
  1.700E+10 1.700E+10 4.452E+00 2.148E+04 2.837E+04 2.038E+04 7.023E+04 7.023E+04 2.771E+06 34.1375 1.00000
  2.000E+10 2.000E+10 4.482E+00 2.527E+04 3.337E+04 2.449E+04 8.314E+04 8.314E+04 2.810E+06 34.4626 1.00000
  2.500E+10 2.500E+10 4.523E+00 3.158E+04 4.172E+04 3.152E+04 1.048E+05 1.048E+05 2.864E+06 34.9089 1.00000
  3.000E+10 3.000E+10 4.556E+00 3.790E+04 5.006E+04 3.875E+04 1.267E+05 1.267E+05 2.907E+06 35.2735 1.00000
  3.500E+10 3.500E+10 4.585E+00 4.422E+04 5.841E+04 4.613E+04 1.488E+05 1.488E+05 2.943E+06 35.5818 1.00000
  4.000E+10 4.000E+10 4.610E+00 5.054E+04 6.675E+04 5.366E+04 1.709E+05 1.710E+05 2.975E+06 35.8489 1.00000
  4.500E+10 4.500E+10 4.632E+00 5.685E+04 7.509E+04 6.132E+04 1.933E+05 1.933E+05 3.002E+06 36.0844 1.00000
  5.000E+10 5.000E+10 4.652E+00 6.317E+04 8.344E+04 6.910E+04 2.157E+05 2.157E+05 3.027E+06 36.2952 1.00000
  5.500E+10 5.500E+10 4.670E+00 6.949E+04 9.178E+04 7.698E+04 2.382E+05 2.383E+05 3.049E+06 36.4858 1.00000
  6.000E+10 6.000E+10 4.687E+00 7.580E+04 1.001E+05 8.496E+04 2.609E+05 2.609E+05 3.069E+06 36.6598 1.00000
  7.000E+10 7.000E+10 4.717E+00 8.844E+04 1.168E+05 1.012E+05 3.064E+05 3.065E+05 3.104E+06 36.9681 1.00000
  8.000E+10 8.000E+10 4.743E+00 1.011E+05 1.335E+05 1.178E+05 3.523E+05 3.523E+05 3.134E+06 37.2352 1.00000
  9.000E+10 9.000E+10 4.766E+00 1.137E+05 1.502E+05 1.346E+05 3.985E+05 3.985E+05 3.161E+06 37.4707 1.00000
  1.000E+11 1.000E+11 4.786E+00 1.263E+05 1.669E+05 1.517E+05 4.449E+05 4.449E+05 3.185E+06 37.6814 1.00000
  1.200E+11 1.200E+11 4.822E+00 1.516E+05 2.002E+05 1.866E+05 5.385E+05 5.385E+05 3.226E+06 38.0461 1.00000
  1.400E+11 1.400E+11 4.853E+00 1.769E+05 2.336E+05 2.223E+05 6.329E+05 6.329E+05 3.260E+06 38.3544 1.00000
  1.700E+11 1.700E+11 4.892E+00 2.148E+05 2.837E+05 2.773E+05 7.758E+05 7.758E+05 3.303E+06 38.7427 1.00000
  2.000E+11 2.000E+11 4.925E+00 2.527E+05 3.337E+05 3.336E+05 9.200E+05 9.200E+05 3.338E+06 39.0677 1.00000
  2.500E+11 2.500E+11 4.970E+00 3.159E+05 4.172E+05 4.301E+05 1.163E+06 1.163E+06 3.386E+06 39.5140 1.00000
  3.000E+11 3.000E+11 5.008E+00 3.790E+05 5.006E+05 5.294E+05 1.409E+06 1.409E+06 3.425E+06 39.8787 1.00000
  3.500E+11 3.500E+11 5.040E+00 4.422E+05 5.840E+05 6.311E+05 1.657E+06 1.657E+06 3.458E+06 40.1870 1.00000
  4.000E+11 4.000E+11 5.068E+00 5.054E+05 6.675E+05 7.349E+05 1.908E+06 1.908E+06 3.486E+06 40.4540 1.00000
  4.500E+11 4.500E+11 5.093E+00 5.685E+05 7.509E+05 8.406E+05 2.160E+06 2.160E+06 3.511E+06 40.6896 1.00000
  5.000E+11 5.000E+11 5.115E+00 6.317E+05 8.343E+05 9.481E+05 2.414E+06 2.414E+06 3.533E+06 40.9003 1.00000
  5.500E+11 5.500E+11 5.136E+00 6.949E+05 9.178E+05 1.057E+06 2.670E+06 2.670E+06 3.552E+06 41.0909 1.00000
  6.000E+11 6.000E+11 5.154E+00 7.581E+05 1.001E+06 1.168E+06 2.927E+06 2.927E+06 3.570E+06 41.2650 1.00000
  7.000E+11 7.000E+11 5.187E+00 8.844E+05 1.168E+06 1.392E+06 3.445E+06 3.445E+06 3.602E+06 41.5733 1.00000
  8.000E+11 8.000E+11 5.216E+00 1.011E+06 1.335E+06 1.622E+06 3.968E+06 3.968E+06 3.629E+06 41.8403 1.00000
  9.000E+11 9.000E+11 5.242E+00 1.137E+06 1.502E+06 1.856E+06 4.495E+06 4.495E+06 3.652E+06 42.0759 1.00000
  1.000E+12 1.000E+12 5.265E+00 1.263E+06 1.669E+06 2.094E+06 5.026E+06 5.026E+06 3.673E+06 42.2866 1.00000
