 Incident particle is a Muon with M = 105.65839 MeV
 Index = 0: Sucrose
      Absorber with <Z/A> = 0.53165
 Sternheimer coef:  a     k=m_s   x_0    x_1    I[eV]   Cbar  delta0
                 0.1130  3.3630  0.1341  2.6558   77.5  3.1526 0.00

 *** Table generated with PUMAS v1.00 ***

      T         p     Ionization  brems     pair     photonuc  Radloss    dE/dx   CSDA Range  delta   beta
    [MeV]    [MeV/c]  -----------------------[MeV cm^2/g]------------------------  [g/cm^2]
  1.000E+00 1.457E+01 4.812E+01 7.338E-07 0.000E+00 0.000E+00 7.338E-07 4.812E+01 1.039E-02  0.0000 0.13661
  1.200E+00 1.597E+01 4.153E+01 8.408E-07 0.000E+00 0.000E+00 8.408E-07 4.153E+01 1.488E-02  0.0000 0.14944
  1.400E+00 1.726E+01 3.665E+01 9.430E-07 0.000E+00 0.000E+00 9.430E-07 3.665E+01 2.001E-02  0.0000 0.16119
  1.700E+00 1.903E+01 3.129E+01 1.089E-06 0.000E+00 0.000E+00 1.089E-06 3.129E+01 2.890E-02  0.0000 0.17725
  2.000E+00 2.066E+01 2.741E+01 1.227E-06 0.000E+00 0.000E+00 1.227E-06 2.741E+01 3.917E-02  0.0000 0.19186
  2.500E+00 2.312E+01 2.286E+01 1.444E-06 0.000E+00 0.000E+00 1.444E-06 2.286E+01 5.922E-02  0.0000 0.21376
  3.000E+00 2.536E+01 1.971E+01 1.647E-06 0.000E+00 0.000E+00 1.647E-06 1.971E+01 8.285E-02  0.0000 0.23336
  3.500E+00 2.742E+01 1.739E+01 1.838E-06 0.000E+00 0.000E+00 1.838E-06 1.739E+01 1.099E-01  0.0000 0.25120
  4.000E+00 2.935E+01 1.561E+01 2.020E-06 0.000E+00 0.000E+00 2.020E-06 1.561E+01 1.403E-01  0.0000 0.26763
  4.500E+00 3.116E+01 1.420E+01 2.194E-06 0.000E+00 0.000E+00 2.194E-06 1.420E+01 1.739E-01  0.0000 0.28290
  5.000E+00 3.289E+01 1.305E+01 2.360E-06 0.000E+00 0.000E+00 2.360E-06 1.305E+01 2.107E-01  0.0000 0.29720
  5.500E+00 3.453E+01 1.209E+01 2.521E-06 0.000E+00 0.000E+00 2.521E-06 1.209E+01 2.505E-01  0.0000 0.31066
  6.000E+00 3.611E+01 1.129E+01 2.675E-06 0.000E+00 0.000E+00 2.675E-06 1.129E+01 2.933E-01  0.0000 0.32339
  7.000E+00 3.909E+01 9.997E+00 2.970E-06 0.000E+00 0.000E+00 2.970E-06 9.997E+00 3.877E-01  0.0000 0.34700
  8.000E+00 4.189E+01 9.010E+00 3.248E-06 0.000E+00 0.000E+00 3.248E-06 9.010E+00 4.932E-01  0.0000 0.36854
  9.000E+00 4.453E+01 8.229E+00 3.511E-06 0.000E+00 0.000E+00 3.511E-06 8.229E+00 6.094E-01  0.0000 0.38836
  1.000E+01 4.704E+01 7.596E+00 3.763E-06 0.000E+00 0.000E+00 3.763E-06 7.596E+00 7.360E-01  0.0000 0.40675
  1.200E+01 5.177E+01 6.630E+00 4.236E-06 0.000E+00 0.000E+00 4.236E-06 6.630E+00 1.018E+00  0.0000 0.43998
  1.400E+01 5.616E+01 5.926E+00 4.677E-06 0.000E+00 0.000E+00 4.677E-06 5.926E+00 1.338E+00  0.0000 0.46937
  1.700E+01 6.230E+01 5.168E+00 5.293E-06 0.000E+00 0.000E+00 5.293E-06 5.168E+00 1.881E+00  0.0000 0.50792
  2.000E+01 6.802E+01 4.629E+00 5.867E-06 0.000E+00 0.000E+00 5.867E-06 4.629E+00 2.496E+00  0.0000 0.54129
  2.500E+01 7.686E+01 4.009E+00 6.758E-06 0.000E+00 0.000E+00 6.758E-06 4.009E+00 3.659E+00  0.0000 0.58827
  3.000E+01 8.509E+01 3.592E+00 7.594E-06 0.000E+00 0.000E+00 7.594E-06 3.592E+00 4.979E+00  0.0000 0.62720
  3.500E+01 9.285E+01 3.292E+00 8.392E-06 0.000E+00 0.000E+00 8.392E-06 3.292E+00 6.434E+00  0.0000 0.66011
  4.000E+01 1.003E+02 3.067E+00 9.166E-06 0.000E+00 0.000E+00 9.166E-06 3.067E+00 8.009E+00  0.0000 0.68834
  4.500E+01 1.074E+02 2.893E+00 9.924E-06 0.000E+00 0.000E+00 9.924E-06 2.893E+00 9.688E+00  0.0000 0.71286
  5.000E+01 1.143E+02 2.755E+00 1.067E-05 0.000E+00 0.000E+00 1.067E-05 2.755E+00 1.146E+01  0.0000 0.73434
  5.500E+01 1.210E+02 2.642E+00 1.141E-05 0.000E+00 0.000E+00 1.141E-05 2.642E+00 1.331E+01  0.0000 0.75332
  6.000E+01 1.276E+02 2.550E+00 1.215E-05 0.000E+00 0.000E+00 1.215E-05 2.550E+00 1.524E+01  0.0000 0.77019
  7.000E+01 1.403E+02 2.407E+00 1.363E-05 0.000E+00 0.000E+00 1.363E-05 2.407E+00 1.928E+01  0.0000 0.79887
  8.000E+01 1.527E+02 2.299E+00 1.512E-05 0.000E+00 0.000E+00 1.512E-05 2.299E+00 2.353E+01  0.0325 0.82227
  9.000E+01 1.647E+02 2.217E+00 1.663E-05 0.000E+00 0.000E+00 1.663E-05 2.217E+00 2.796E+01  0.0771 0.84166
  1.000E+02 1.764E+02 2.153E+00 1.815E-05 0.000E+00 0.000E+00 1.815E-05 2.153E+00 3.254E+01  0.1206 0.85794
  1.200E+02 1.994E+02 2.063E+00 2.129E-05 0.000E+00 0.000E+00 2.129E-05 2.063E+00 4.203E+01  0.2044 0.88361
  1.400E+02 2.218E+02 2.004E+00 2.453E-05 0.000E+00 0.000E+00 2.453E-05 2.004E+00 5.187E+01  0.2841 0.90278
  1.700E+02 2.546E+02 1.949E+00 2.960E-05 4.342E-14 0.000E+00 2.960E-05 1.949E+00 6.705E+01  0.3964 0.92363
  2.000E+02 2.868E+02 1.918E+00 3.492E-05 9.705E-12 0.000E+00 3.492E-05 1.918E+00 8.256E+01  0.5014 0.93835
  2.500E+02 3.396E+02 1.892E+00 4.430E-05 7.984E-08 0.000E+00 4.438E-05 1.892E+00 1.088E+02  0.6623 0.95485
  3.000E+02 3.917E+02 1.884E+00 5.428E-05 7.078E-07 0.000E+00 5.499E-05 1.884E+00 1.353E+02  0.8089 0.96548
  3.500E+02 4.432E+02 1.885E+00 6.481E-05 1.946E-06 0.000E+00 6.675E-05 1.885E+00 1.618E+02  0.9437 0.97274
  4.000E+02 4.945E+02 1.890E+00 7.584E-05 3.768E-06 0.000E+00 7.960E-05 1.890E+00 1.883E+02  1.0687 0.97793
  4.500E+02 5.455E+02 1.897E+00 8.733E-05 6.150E-06 0.000E+00 9.348E-05 1.897E+00 2.147E+02  1.1852 0.98176
  5.000E+02 5.964E+02 1.905E+00 9.925E-05 9.074E-06 0.000E+00 1.083E-04 1.905E+00 2.410E+02  1.2944 0.98467
  5.500E+02 6.471E+02 1.914E+00 1.116E-04 1.252E-05 0.000E+00 1.241E-04 1.915E+00 2.672E+02  1.3973 0.98693
  6.000E+02 6.977E+02 1.924E+00 1.243E-04 1.647E-05 0.000E+00 1.407E-04 1.924E+00 2.933E+02  1.4946 0.98873
  7.000E+02 7.987E+02 1.942E+00 1.507E-04 2.582E-05 0.000E+00 1.765E-04 1.943E+00 3.450E+02  1.6746 0.99136
  8.000E+02 8.995E+02 1.960E+00 1.784E-04 3.700E-05 0.000E+00 2.154E-04 1.960E+00 3.962E+02  1.8386 0.99317
  9.000E+02 1.000E+03 1.977E+00 2.072E-04 4.987E-05 0.000E+00 2.571E-04 1.977E+00 4.470E+02  1.9891 0.99447
  1.000E+03 1.101E+03 1.992E+00 2.371E-04 6.436E-05 0.000E+00 3.014E-04 1.993E+00 4.974E+02  2.1283 0.99542
  1.200E+03 1.301E+03 2.021E+00 2.996E-04 9.778E-05 2.256E-05 4.200E-04 2.021E+00 5.971E+02  2.3793 0.99672
  1.400E+03 1.502E+03 2.045E+00 3.655E-04 1.366E-04 6.180E-05 5.639E-04 2.046E+00 6.954E+02  2.6009 0.99753
  1.700E+03 1.803E+03 2.077E+00 4.697E-04 2.039E-04 1.326E-04 8.062E-04 2.078E+00 8.409E+02  2.8917 0.99829
  2.000E+03 2.103E+03 2.104E+00 5.795E-04 2.808E-04 2.164E-04 1.077E-03 2.105E+00 9.844E+02  3.1446 0.99874
  2.500E+03 2.604E+03 2.140E+00 7.731E-04 4.274E-04 3.787E-04 1.579E-03 2.142E+00 1.220E+03  3.5048 0.99918
  3.000E+03 3.104E+03 2.170E+00 9.780E-04 5.940E-04 5.497E-04 2.122E-03 2.172E+00 1.452E+03  3.8094 0.99942
  3.500E+03 3.604E+03 2.195E+00 1.192E-03 7.776E-04 7.315E-04 2.701E-03 2.198E+00 1.681E+03  4.0735 0.99957
  4.000E+03 4.104E+03 2.216E+00 1.415E-03 9.911E-04 9.261E-04 3.332E-03 2.220E+00 1.907E+03  4.3069 0.99967
  4.500E+03 4.604E+03 2.235E+00 1.645E-03 1.225E-03 1.129E-03 3.999E-03 2.239E+00 2.131E+03  4.5159 0.99974
  5.000E+03 5.105E+03 2.251E+00 1.882E-03 1.472E-03 1.324E-03 4.678E-03 2.256E+00 2.354E+03  4.7054 0.99979
  5.500E+03 5.605E+03 2.266E+00 2.125E-03 1.732E-03 1.535E-03 5.392E-03 2.272E+00 2.575E+03  4.8786 0.99982
  6.000E+03 6.105E+03 2.279E+00 2.374E-03 2.004E-03 1.731E-03 6.109E-03 2.286E+00 2.794E+03  5.0382 0.99985
  7.000E+03 7.105E+03 2.303E+00 2.886E-03 2.580E-03 2.148E-03 7.614E-03 2.310E+00 3.229E+03  5.3240 0.99989
  8.000E+03 8.105E+03 2.322E+00 3.415E-03 3.193E-03 2.563E-03 9.172E-03 2.332E+00 3.660E+03  5.5746 0.99992
  9.000E+03 9.105E+03 2.340E+00 3.961E-03 3.839E-03 2.954E-03 1.075E-02 2.350E+00 4.087E+03  5.7977 0.99993
  1.000E+04 1.011E+04 2.355E+00 4.520E-03 4.515E-03 3.358E-03 1.239E-02 2.367E+00 4.511E+03  5.9987 0.99995
  1.200E+04 1.211E+04 2.380E+00 5.676E-03 5.945E-03 4.179E-03 1.580E-02 2.396E+00 5.351E+03  6.3497 0.99996
  1.400E+04 1.411E+04 2.401E+00 6.874E-03 7.463E-03 5.004E-03 1.934E-02 2.421E+00 6.182E+03  6.6490 0.99997
  1.700E+04 1.711E+04 2.427E+00 8.738E-03 9.880E-03 6.228E-03 2.485E-02 2.452E+00 7.413E+03  7.0288 0.99998
  2.000E+04 2.011E+04 2.449E+00 1.067E-02 1.244E-02 7.432E-03 3.054E-02 2.479E+00 8.629E+03  7.3487 0.99999
  2.500E+04 2.511E+04 2.477E+00 1.402E-02 1.695E-02 9.413E-03 4.038E-02 2.518E+00 1.063E+04  7.7902 0.99999
  3.000E+04 3.011E+04 2.500E+00 1.749E-02 2.172E-02 1.136E-02 5.057E-02 2.551E+00 1.260E+04  8.1524 0.99999
  3.500E+04 3.511E+04 2.519E+00 2.107E-02 2.670E-02 1.334E-02 6.111E-02 2.580E+00 1.455E+04  8.4593 1.00000
  4.000E+04 4.011E+04 2.535E+00 2.474E-02 3.185E-02 1.529E-02 7.188E-02 2.607E+00 1.648E+04  8.7255 1.00000
  4.500E+04 4.511E+04 2.549E+00 2.848E-02 3.716E-02 1.722E-02 8.286E-02 2.632E+00 1.839E+04  8.9605 1.00000
  5.000E+04 5.011E+04 2.561E+00 3.230E-02 4.259E-02 1.916E-02 9.404E-02 2.655E+00 2.028E+04  9.1708 1.00000
  5.500E+04 5.511E+04 2.572E+00 3.617E-02 4.813E-02 2.111E-02 1.054E-01 2.678E+00 2.216E+04  9.3610 1.00000
  6.000E+04 6.011E+04 2.582E+00 4.010E-02 5.378E-02 2.304E-02 1.169E-01 2.699E+00 2.402E+04  9.5347 1.00000
  7.000E+04 7.011E+04 2.600E+00 4.811E-02 6.534E-02 2.688E-02 1.403E-01 2.740E+00 2.769E+04  9.8425 1.00000
  8.000E+04 8.011E+04 2.615E+00 5.629E-02 7.720E-02 3.073E-02 1.642E-01 2.779E+00 3.132E+04 10.1092 1.00000
  9.000E+04 9.011E+04 2.628E+00 6.461E-02 8.931E-02 3.459E-02 1.885E-01 2.817E+00 3.489E+04 10.3445 1.00000
  1.000E+05 1.001E+05 2.640E+00 7.307E-02 1.016E-01 3.837E-02 2.131E-01 2.853E+00 3.842E+04 10.5549 1.00000
  1.200E+05 1.201E+05 2.660E+00 9.029E-02 1.268E-01 4.609E-02 2.632E-01 2.923E+00 4.535E+04 10.9192 1.00000
  1.400E+05 1.401E+05 2.677E+00 1.079E-01 1.526E-01 5.382E-02 3.144E-01 2.992E+00 5.211E+04 11.2273 1.00000
  1.700E+05 1.701E+05 2.698E+00 1.349E-01 1.922E-01 6.543E-02 3.925E-01 3.091E+00 6.198E+04 11.6153 1.00000
  2.000E+05 2.001E+05 2.716E+00 1.624E-01 2.326E-01 7.711E-02 4.721E-01 3.188E+00 7.153E+04 11.9402 1.00000
  2.500E+05 2.501E+05 2.741E+00 2.092E-01 3.013E-01 9.666E-02 6.071E-01 3.348E+00 8.684E+04 12.3863 1.00000
  3.000E+05 3.001E+05 2.760E+00 2.570E-01 3.713E-01 1.164E-01 7.447E-01 3.505E+00 1.014E+05 12.7508 1.00000
  3.500E+05 3.501E+05 2.777E+00 3.055E-01 4.423E-01 1.363E-01 8.841E-01 3.661E+00 1.154E+05 13.0590 1.00000
  4.000E+05 4.001E+05 2.792E+00 3.547E-01 5.141E-01 1.564E-01 1.025E+00 3.817E+00 1.288E+05 13.3259 1.00000
  4.500E+05 4.501E+05 2.805E+00 4.043E-01 5.865E-01 1.766E-01 1.167E+00 3.972E+00 1.416E+05 13.5615 1.00000
  5.000E+05 5.001E+05 2.816E+00 4.545E-01 6.594E-01 1.970E-01 1.311E+00 4.127E+00 1.540E+05 13.7721 1.00000
  5.500E+05 5.501E+05 2.826E+00 5.050E-01 7.328E-01 2.172E-01 1.455E+00 4.282E+00 1.659E+05 13.9627 1.00000
  6.000E+05 6.001E+05 2.836E+00 5.559E-01 8.066E-01 2.375E-01 1.600E+00 4.436E+00 1.773E+05 14.1367 1.00000
  7.000E+05 7.001E+05 2.853E+00 6.586E-01 9.552E-01 2.786E-01 1.892E+00 4.745E+00 1.992E+05 14.4450 1.00000
  8.000E+05 8.001E+05 2.868E+00 7.624E-01 1.105E+00 3.201E-01 2.187E+00 5.055E+00 2.196E+05 14.7120 1.00000
  9.000E+05 9.001E+05 2.881E+00 8.669E-01 1.255E+00 3.620E-01 2.484E+00 5.365E+00 2.388E+05 14.9475 1.00000
  1.000E+06 1.000E+06 2.893E+00 9.722E-01 1.406E+00 4.043E-01 2.783E+00 5.675E+00 2.569E+05 15.1582 1.00000
  1.200E+06 1.200E+06 2.913E+00 1.184E+00 1.710E+00 4.900E-01 3.385E+00 6.298E+00 2.904E+05 15.5228 1.00000
  1.400E+06 1.400E+06 2.930E+00 1.399E+00 2.016E+00 5.768E-01 3.992E+00 6.922E+00 3.207E+05 15.8311 1.00000
  1.700E+06 1.700E+06 2.952E+00 1.723E+00 2.477E+00 7.092E-01 4.909E+00 7.861E+00 3.615E+05 16.2194 1.00000
  2.000E+06 2.000E+06 2.971E+00 2.049E+00 2.940E+00 8.437E-01 5.833E+00 8.804E+00 3.976E+05 16.5444 1.00000
  2.500E+06 2.500E+06 2.996E+00 2.598E+00 3.716E+00 1.072E+00 7.386E+00 1.038E+01 4.501E+05 16.9907 1.00000
  3.000E+06 3.000E+06 3.017E+00 3.151E+00 4.494E+00 1.305E+00 8.951E+00 1.197E+01 4.951E+05 17.3553 1.00000
  3.500E+06 3.500E+06 3.035E+00 3.708E+00 5.275E+00 1.541E+00 1.052E+01 1.356E+01 5.344E+05 17.6636 1.00000
  4.000E+06 4.000E+06 3.051E+00 4.266E+00 6.058E+00 1.781E+00 1.211E+01 1.516E+01 5.693E+05 17.9306 1.00000
  4.500E+06 4.500E+06 3.065E+00 4.827E+00 6.842E+00 2.024E+00 1.369E+01 1.676E+01 6.007E+05 18.1662 1.00000
  5.000E+06 5.000E+06 3.077E+00 5.389E+00 7.627E+00 2.270E+00 1.529E+01 1.836E+01 6.293E+05 18.3769 1.00000
  5.500E+06 5.500E+06 3.088E+00 5.953E+00 8.412E+00 2.518E+00 1.688E+01 1.997E+01 6.554E+05 18.5675 1.00000
  6.000E+06 6.000E+06 3.099E+00 6.518E+00 9.199E+00 2.769E+00 1.849E+01 2.158E+01 6.795E+05 18.7416 1.00000
  7.000E+06 7.000E+06 3.117E+00 7.651E+00 1.077E+01 3.276E+00 2.170E+01 2.482E+01 7.228E+05 19.0498 1.00000
  8.000E+06 8.000E+06 3.133E+00 8.787E+00 1.235E+01 3.791E+00 2.493E+01 2.806E+01 7.608E+05 19.3169 1.00000
  9.000E+06 9.000E+06 3.147E+00 9.925E+00 1.393E+01 4.313E+00 2.817E+01 3.131E+01 7.946E+05 19.5525 1.00000
  1.000E+07 1.000E+07 3.160E+00 1.107E+01 1.551E+01 4.841E+00 3.142E+01 3.458E+01 8.250E+05 19.7632 1.00000
  1.200E+07 1.200E+07 3.183E+00 1.335E+01 1.867E+01 5.913E+00 3.794E+01 4.112E+01 8.782E+05 20.1278 1.00000
  1.400E+07 1.400E+07 3.202E+00 1.564E+01 2.183E+01 7.004E+00 4.448E+01 4.768E+01 9.235E+05 20.4361 1.00000
  1.700E+07 1.700E+07 3.226E+00 1.909E+01 2.659E+01 8.672E+00 5.435E+01 5.757E+01 9.810E+05 20.8244 1.00000
  2.000E+07 2.000E+07 3.246E+00 2.254E+01 3.134E+01 1.037E+01 6.425E+01 6.750E+01 1.029E+06 21.1495 1.00000
  2.500E+07 2.500E+07 3.275E+00 2.830E+01 3.927E+01 1.327E+01 8.084E+01 8.411E+01 1.096E+06 21.5958 1.00000
  3.000E+07 3.000E+07 3.298E+00 3.407E+01 4.720E+01 1.622E+01 9.750E+01 1.008E+02 1.151E+06 21.9604 1.00000
  3.500E+07 3.500E+07 3.318E+00 3.985E+01 5.513E+01 1.924E+01 1.142E+02 1.175E+02 1.197E+06 22.2687 1.00000
  4.000E+07 4.000E+07 3.335E+00 4.564E+01 6.307E+01 2.230E+01 1.310E+02 1.343E+02 1.237E+06 22.5358 1.00000
  4.500E+07 4.500E+07 3.350E+00 5.142E+01 7.101E+01 2.540E+01 1.478E+02 1.512E+02 1.272E+06 22.7713 1.00000
  5.000E+07 5.000E+07 3.364E+00 5.721E+01 7.895E+01 2.854E+01 1.647E+02 1.681E+02 1.303E+06 22.9820 1.00000
  5.500E+07 5.500E+07 3.377E+00 6.301E+01 8.689E+01 3.172E+01 1.816E+02 1.850E+02 1.331E+06 23.1727 1.00000
  6.000E+07 6.000E+07 3.388E+00 6.880E+01 9.484E+01 3.493E+01 1.986E+02 2.020E+02 1.357E+06 23.3467 1.00000
  7.000E+07 7.000E+07 3.409E+00 8.040E+01 1.107E+02 4.144E+01 2.326E+02 2.360E+02 1.403E+06 23.6550 1.00000
  8.000E+07 8.000E+07 3.427E+00 9.200E+01 1.266E+02 4.805E+01 2.667E+02 2.701E+02 1.443E+06 23.9221 1.00000
  9.000E+07 9.000E+07 3.443E+00 1.036E+02 1.425E+02 5.476E+01 3.009E+02 3.043E+02 1.478E+06 24.1576 1.00000
  1.000E+08 1.000E+08 3.457E+00 1.152E+02 1.584E+02 6.155E+01 3.352E+02 3.386E+02 1.509E+06 24.3683 1.00000
  1.200E+08 1.200E+08 3.482E+00 1.384E+02 1.902E+02 7.535E+01 4.040E+02 4.075E+02 1.563E+06 24.7330 1.00000
  1.400E+08 1.400E+08 3.503E+00 1.617E+02 2.220E+02 8.942E+01 4.731E+02 4.766E+02 1.609E+06 25.0413 1.00000
  1.700E+08 1.700E+08 3.530E+00 1.965E+02 2.697E+02 1.110E+02 5.772E+02 5.807E+02 1.666E+06 25.4296 1.00000
  2.000E+08 2.000E+08 3.553E+00 2.314E+02 3.174E+02 1.329E+02 6.817E+02 6.853E+02 1.714E+06 25.7546 1.00000
  2.500E+08 2.500E+08 3.584E+00 2.896E+02 3.968E+02 1.704E+02 8.568E+02 8.604E+02 1.779E+06 26.2009 1.00000
  3.000E+08 3.000E+08 3.610E+00 3.477E+02 4.763E+02 2.087E+02 1.033E+03 1.036E+03 1.833E+06 26.5656 1.00000
  3.500E+08 3.500E+08 3.632E+00 4.059E+02 5.558E+02 2.478E+02 1.209E+03 1.213E+03 1.877E+06 26.8739 1.00000
  4.000E+08 4.000E+08 3.652E+00 4.640E+02 6.353E+02 2.875E+02 1.387E+03 1.391E+03 1.916E+06 27.1409 1.00000
  4.500E+08 4.500E+08 3.669E+00 5.222E+02 7.148E+02 3.279E+02 1.565E+03 1.569E+03 1.950E+06 27.3765 1.00000
  5.000E+08 5.000E+08 3.684E+00 5.804E+02 7.943E+02 3.687E+02 1.743E+03 1.747E+03 1.980E+06 27.5872 1.00000
  5.500E+08 5.500E+08 3.698E+00 6.385E+02 8.738E+02 4.100E+02 1.922E+03 1.926E+03 2.007E+06 27.7778 1.00000
  6.000E+08 6.000E+08 3.711E+00 6.967E+02 9.533E+02 4.518E+02 2.102E+03 2.106E+03 2.032E+06 27.9519 1.00000
  7.000E+08 7.000E+08 3.734E+00 8.131E+02 1.112E+03 5.366E+02 2.462E+03 2.466E+03 2.076E+06 28.2602 1.00000
  8.000E+08 8.000E+08 3.754E+00 9.294E+02 1.271E+03 6.228E+02 2.823E+03 2.827E+03 2.114E+06 28.5272 1.00000
  9.000E+08 9.000E+08 3.772E+00 1.046E+03 1.430E+03 7.103E+02 3.186E+03 3.190E+03 2.147E+06 28.7628 1.00000
  1.000E+09 1.000E+09 3.788E+00 1.162E+03 1.589E+03 7.989E+02 3.550E+03 3.554E+03 2.177E+06 28.9735 1.00000
