 Incident particle is a Muon with M = 105.65839 MeV
 Index = 0: Thallium
      Absorber with <Z/A> = 0.39632
 Density effect computed following Fano (1963)
 Models for Radloss: brems =  SSR, pair =  SSR, photonuc = DRSS

 *** Table generated with PUMAS v1.1 ***

      T         p     Ionization  brems     pair     photonuc  Radloss    dE/dx   CSDA Range  delta   beta
    [MeV]    [MeV/c]  -----------------------[MeV cm^2/g]------------------------  [g/cm^2]
  1.000E+00 1.457E+01 2.056E+01 0.000E+00 0.000E+00 0.000E+00 0.000E+00 2.056E+01 2.432E-02  0.0018 0.13661
  1.200E+00 1.597E+01 1.816E+01 0.000E+00 0.000E+00 0.000E+00 0.000E+00 1.816E+01 3.469E-02  0.0018 0.14944
  1.400E+00 1.726E+01 1.632E+01 0.000E+00 0.000E+00 0.000E+00 0.000E+00 1.632E+01 4.632E-02  0.0019 0.16119
  1.700E+00 1.903E+01 1.423E+01 0.000E+00 0.000E+00 0.000E+00 0.000E+00 1.423E+01 6.606E-02  0.0020 0.17725
  2.000E+00 2.066E+01 1.267E+01 0.000E+00 0.000E+00 0.000E+00 0.000E+00 1.267E+01 8.845E-02  0.0021 0.19186
  2.500E+00 2.312E+01 1.079E+01 0.000E+00 0.000E+00 0.000E+00 0.000E+00 1.079E+01 1.314E-01  0.0022 0.21376
  3.000E+00 2.536E+01 9.443E+00 0.000E+00 0.000E+00 0.000E+00 0.000E+00 9.443E+00 1.811E-01  0.0024 0.23336
  3.500E+00 2.742E+01 8.434E+00 0.000E+00 0.000E+00 0.000E+00 0.000E+00 8.434E+00 2.372E-01  0.0026 0.25120
  4.000E+00 2.935E+01 7.647E+00 0.000E+00 0.000E+00 0.000E+00 0.000E+00 7.647E+00 2.995E-01  0.0027 0.26763
  4.500E+00 3.116E+01 7.013E+00 0.000E+00 0.000E+00 0.000E+00 0.000E+00 7.013E+00 3.679E-01  0.0029 0.28290
  5.000E+00 3.289E+01 6.491E+00 0.000E+00 0.000E+00 0.000E+00 0.000E+00 6.491E+00 4.421E-01  0.0031 0.29720
  5.500E+00 3.453E+01 6.053E+00 0.000E+00 0.000E+00 0.000E+00 0.000E+00 6.053E+00 5.219E-01  0.0033 0.31066
  6.000E+00 3.611E+01 5.681E+00 0.000E+00 0.000E+00 0.000E+00 0.000E+00 5.681E+00 6.072E-01  0.0035 0.32339
  7.000E+00 3.909E+01 5.078E+00 0.000E+00 0.000E+00 0.000E+00 0.000E+00 5.078E+00 7.938E-01  0.0039 0.34700
  8.000E+00 4.189E+01 4.612E+00 0.000E+00 0.000E+00 0.000E+00 0.000E+00 4.612E+00 1.001E+00  0.0043 0.36854
  9.000E+00 4.453E+01 4.239E+00 0.000E+00 0.000E+00 0.000E+00 0.000E+00 4.239E+00 1.227E+00  0.0048 0.38836
  1.000E+01 4.704E+01 3.934E+00 0.000E+00 0.000E+00 0.000E+00 0.000E+00 3.934E+00 1.472E+00  0.0052 0.40675
  1.200E+01 5.177E+01 3.465E+00 0.000E+00 0.000E+00 0.000E+00 0.000E+00 3.465E+00 2.015E+00  0.0062 0.43998
  1.400E+01 5.616E+01 3.120E+00 0.000E+00 0.000E+00 0.000E+00 0.000E+00 3.120E+00 2.625E+00  0.0072 0.46937
  1.700E+01 6.230E+01 2.744E+00 0.000E+00 0.000E+00 0.000E+00 0.000E+00 2.744E+00 3.654E+00  0.0089 0.50792
  2.000E+01 6.802E+01 2.474E+00 0.000E+00 0.000E+00 0.000E+00 0.000E+00 2.474E+00 4.808E+00  0.0107 0.54129
  2.500E+01 7.686E+01 2.161E+00 0.000E+00 0.000E+00 0.000E+00 0.000E+00 2.161E+00 6.979E+00  0.0140 0.58827
  3.000E+01 8.509E+01 1.949E+00 0.000E+00 0.000E+00 0.000E+00 0.000E+00 1.949E+00 9.421E+00  0.0176 0.62720
  3.500E+01 9.285E+01 1.796E+00 0.000E+00 0.000E+00 0.000E+00 0.000E+00 1.796E+00 1.210E+01  0.0214 0.66011
  4.000E+01 1.003E+02 1.681E+00 0.000E+00 0.000E+00 0.000E+00 0.000E+00 1.681E+00 1.498E+01  0.0255 0.68834
  4.500E+01 1.074E+02 1.591E+00 0.000E+00 0.000E+00 0.000E+00 0.000E+00 1.591E+00 1.804E+01  0.0299 0.71286
  5.000E+01 1.143E+02 1.520E+00 0.000E+00 0.000E+00 0.000E+00 0.000E+00 1.520E+00 2.126E+01  0.0344 0.73434
  5.500E+01 1.210E+02 1.462E+00 0.000E+00 0.000E+00 0.000E+00 0.000E+00 1.462E+00 2.462E+01  0.0391 0.75332
  6.000E+01 1.276E+02 1.415E+00 0.000E+00 0.000E+00 0.000E+00 0.000E+00 1.415E+00 2.809E+01  0.0439 0.77019
  7.000E+01 1.403E+02 1.342E+00 0.000E+00 0.000E+00 0.000E+00 0.000E+00 1.342E+00 3.536E+01  0.0540 0.79887
  8.000E+01 1.527E+02 1.289E+00 0.000E+00 0.000E+00 0.000E+00 0.000E+00 1.289E+00 4.297E+01  0.0645 0.82227
  9.000E+01 1.647E+02 1.250E+00 0.000E+00 0.000E+00 0.000E+00 0.000E+00 1.250E+00 5.086E+01  0.0753 0.84166
  1.000E+02 1.764E+02 1.220E+00 0.000E+00 0.000E+00 0.000E+00 0.000E+00 1.220E+00 5.896E+01  0.0863 0.85794
  1.200E+02 1.994E+02 1.180E+00 0.000E+00 0.000E+00 0.000E+00 0.000E+00 1.180E+00 7.565E+01  0.1087 0.88361
  1.400E+02 2.218E+02 1.155E+00 0.000E+00 0.000E+00 0.000E+00 0.000E+00 1.155E+00 9.280E+01  0.1313 0.90278
  1.700E+02 2.546E+02 1.135E+00 0.000E+00 0.000E+00 0.000E+00 0.000E+00 1.135E+00 1.190E+02  0.1653 0.92363
  2.000E+02 2.868E+02 1.126E+00 0.000E+00 0.000E+00 0.000E+00 0.000E+00 1.126E+00 1.456E+02  0.1988 0.93835
  2.500E+02 3.396E+02 1.125E+00 0.000E+00 0.000E+00 0.000E+00 0.000E+00 1.125E+00 1.900E+02  0.2535 0.95485
  3.000E+02 3.917E+02 1.131E+00 0.000E+00 0.000E+00 0.000E+00 0.000E+00 1.131E+00 2.344E+02  0.3068 0.96548
  3.500E+02 4.432E+02 1.141E+00 0.000E+00 0.000E+00 0.000E+00 0.000E+00 1.141E+00 2.784E+02  0.3587 0.97274
  4.000E+02 4.945E+02 1.152E+00 0.000E+00 0.000E+00 0.000E+00 0.000E+00 1.152E+00 3.220E+02  0.4096 0.97793
  4.500E+02 5.455E+02 1.164E+00 0.000E+00 0.000E+00 0.000E+00 0.000E+00 1.164E+00 3.652E+02  0.4595 0.98176
  5.000E+02 5.964E+02 1.175E+00 2.001E-04 7.044E-05 0.000E+00 2.705E-04 1.175E+00 4.080E+02  0.5084 0.98467
  5.500E+02 6.471E+02 1.187E+00 3.563E-04 1.063E-04 1.452E-05 4.771E-04 1.187E+00 4.503E+02  0.5562 0.98693
  6.000E+02 6.977E+02 1.197E+00 4.833E-04 1.423E-04 4.861E-05 6.742E-04 1.198E+00 4.922E+02  0.6031 0.98873
  7.000E+02 7.987E+02 1.218E+00 7.042E-04 2.262E-04 1.162E-04 1.047E-03 1.219E+00 5.750E+02  0.6935 0.99136
  8.000E+02 8.995E+02 1.237E+00 9.099E-04 3.268E-04 1.797E-04 1.416E-03 1.238E+00 6.563E+02  0.7795 0.99317
  9.000E+02 1.000E+03 1.254E+00 1.113E-03 4.433E-04 2.402E-04 1.797E-03 1.256E+00 7.365E+02  0.8613 0.99447
  1.000E+03 1.101E+03 1.270E+00 1.319E-03 5.748E-04 2.985E-04 2.192E-03 1.272E+00 8.156E+02  0.9390 0.99542
  1.200E+03 1.301E+03 1.298E+00 1.744E-03 8.793E-04 4.107E-04 3.034E-03 1.301E+00 9.710E+02  1.0835 0.99672
  1.400E+03 1.502E+03 1.322E+00 2.192E-03 1.234E-03 5.188E-04 3.945E-03 1.326E+00 1.123E+03  1.2155 0.99753
  1.700E+03 1.803E+03 1.353E+00 2.906E-03 1.851E-03 6.753E-04 5.432E-03 1.359E+00 1.347E+03  1.3941 0.99829
  2.000E+03 2.103E+03 1.379E+00 3.666E-03 2.558E-03 8.268E-04 7.050E-03 1.386E+00 1.565E+03  1.5541 0.99874
  2.500E+03 2.604E+03 1.414E+00 5.023E-03 3.906E-03 1.070E-03 9.999E-03 1.424E+00 1.921E+03  1.7888 0.99918
  3.000E+03 3.104E+03 1.442E+00 6.476E-03 5.437E-03 1.306E-03 1.322E-02 1.456E+00 2.268E+03  1.9929 0.99942
  3.500E+03 3.604E+03 1.466E+00 8.011E-03 7.126E-03 1.534E-03 1.667E-02 1.483E+00 2.608E+03  2.1738 0.99957
  4.000E+03 4.104E+03 1.486E+00 9.617E-03 8.961E-03 1.756E-03 2.033E-02 1.507E+00 2.943E+03  2.3363 0.99967
  4.500E+03 4.604E+03 1.504E+00 1.129E-02 1.092E-02 1.974E-03 2.418E-02 1.528E+00 3.272E+03  2.4841 0.99974
  5.000E+03 5.105E+03 1.520E+00 1.301E-02 1.299E-02 2.187E-03 2.819E-02 1.548E+00 3.597E+03  2.6197 0.99979
  5.500E+03 5.605E+03 1.533E+00 1.478E-02 1.517E-02 2.396E-03 3.235E-02 1.566E+00 3.919E+03  2.7452 0.99982
  6.000E+03 6.105E+03 1.546E+00 1.660E-02 1.743E-02 2.603E-03 3.663E-02 1.583E+00 4.236E+03  2.8622 0.99985
  7.000E+03 7.105E+03 1.568E+00 2.037E-02 2.219E-02 3.006E-03 4.557E-02 1.613E+00 4.862E+03  3.0749 0.99989
  8.000E+03 8.105E+03 1.586E+00 2.427E-02 2.725E-02 3.400E-03 5.492E-02 1.641E+00 5.476E+03  3.2651 0.99992
  9.000E+03 9.105E+03 1.602E+00 2.830E-02 3.255E-02 3.786E-03 6.463E-02 1.667E+00 6.081E+03  3.4373 0.99993
  1.000E+04 1.011E+04 1.616E+00 3.244E-02 3.807E-02 4.165E-03 7.468E-02 1.691E+00 6.677E+03  3.5950 0.99995
  1.200E+04 1.211E+04 1.639E+00 4.101E-02 4.968E-02 4.905E-03 9.560E-02 1.735E+00 7.844E+03  3.8756 0.99996
  1.400E+04 1.411E+04 1.658E+00 4.991E-02 6.194E-02 5.625E-03 1.175E-01 1.776E+00 8.983E+03  4.1202 0.99997
  1.700E+04 1.711E+04 1.682E+00 6.376E-02 8.133E-02 6.679E-03 1.518E-01 1.833E+00 1.065E+04  4.4371 0.99998
  2.000E+04 2.011E+04 1.700E+00 7.812E-02 1.017E-01 7.707E-03 1.875E-01 1.888E+00 1.226E+04  4.7091 0.99999
  2.500E+04 2.511E+04 1.725E+00 1.030E-01 1.374E-01 9.378E-03 2.497E-01 1.975E+00 1.485E+04  5.0915 0.99999
  3.000E+04 3.011E+04 1.745E+00 1.288E-01 1.748E-01 1.101E-02 3.145E-01 2.059E+00 1.733E+04  5.4108 0.99999
  3.500E+04 3.511E+04 1.761E+00 1.553E-01 2.135E-01 1.261E-02 3.814E-01 2.142E+00 1.971E+04  5.6852 1.00000
  4.000E+04 4.011E+04 1.774E+00 1.825E-01 2.534E-01 1.420E-02 4.500E-01 2.224E+00 2.200E+04  5.9260 1.00000
  4.500E+04 4.511E+04 1.786E+00 2.102E-01 2.942E-01 1.576E-02 5.201E-01 2.306E+00 2.420E+04  6.1407 1.00000
  5.000E+04 5.011E+04 1.796E+00 2.383E-01 3.358E-01 1.732E-02 5.915E-01 2.388E+00 2.633E+04  6.3344 1.00000
  5.500E+04 5.511E+04 1.805E+00 2.670E-01 3.781E-01 1.886E-02 6.639E-01 2.469E+00 2.839E+04  6.5110 1.00000
  6.000E+04 6.011E+04 1.813E+00 2.959E-01 4.210E-01 2.039E-02 7.373E-01 2.551E+00 3.039E+04  6.6732 1.00000
  7.000E+04 7.011E+04 1.828E+00 3.549E-01 5.084E-01 2.344E-02 8.867E-01 2.714E+00 3.419E+04  6.9628 1.00000
  8.000E+04 8.011E+04 1.840E+00 4.150E-01 5.975E-01 2.647E-02 1.039E+00 2.879E+00 3.776E+04  7.2157 1.00000
  9.000E+04 9.011E+04 1.850E+00 4.760E-01 6.880E-01 2.948E-02 1.194E+00 3.044E+00 4.114E+04  7.4401 1.00000
  1.000E+05 1.001E+05 1.860E+00 5.379E-01 7.798E-01 3.249E-02 1.350E+00 3.210E+00 4.434E+04  7.6419 1.00000
  1.200E+05 1.201E+05 1.876E+00 6.638E-01 9.662E-01 3.848E-02 1.668E+00 3.544E+00 5.027E+04  7.9929 1.00000
  1.400E+05 1.401E+05 1.889E+00 7.920E-01 1.156E+00 4.447E-02 1.992E+00 3.881E+00 5.566E+04  8.2913 1.00000
  1.700E+05 1.701E+05 1.905E+00 9.879E-01 1.445E+00 5.346E-02 2.486E+00 4.391E+00 6.292E+04  8.6690 1.00000
  2.000E+05 2.001E+05 1.919E+00 1.187E+00 1.738E+00 6.246E-02 2.987E+00 4.906E+00 6.938E+04  8.9866 1.00000
  2.500E+05 2.501E+05 1.938E+00 1.525E+00 2.233E+00 7.753E-02 3.836E+00 5.773E+00 7.877E+04  9.4244 1.00000
  3.000E+05 3.001E+05 1.953E+00 1.869E+00 2.735E+00 9.270E-02 4.696E+00 6.649E+00 8.684E+04  9.7835 1.00000
  3.500E+05 3.501E+05 1.965E+00 2.217E+00 3.241E+00 1.080E-01 5.566E+00 7.531E+00 9.390E+04 10.0880 1.00000
  4.000E+05 4.001E+05 1.976E+00 2.568E+00 3.751E+00 1.233E-01 6.443E+00 8.419E+00 1.002E+05 10.3524 1.00000
  4.500E+05 4.501E+05 1.986E+00 2.923E+00 4.264E+00 1.388E-01 7.325E+00 9.312E+00 1.058E+05 10.5860 1.00000
  5.000E+05 5.001E+05 1.995E+00 3.280E+00 4.779E+00 1.544E-01 8.213E+00 1.021E+01 1.109E+05 10.7952 1.00000
  5.500E+05 5.501E+05 2.003E+00 3.639E+00 5.296E+00 1.701E-01 9.106E+00 1.111E+01 1.156E+05 10.9847 1.00000
  6.000E+05 6.001E+05 2.010E+00 4.000E+00 5.815E+00 1.858E-01 1.000E+01 1.201E+01 1.200E+05 11.1578 1.00000
  7.000E+05 7.001E+05 2.023E+00 4.727E+00 6.857E+00 2.176E-01 1.180E+01 1.382E+01 1.277E+05 11.4648 1.00000
  8.000E+05 8.001E+05 2.034E+00 5.460E+00 7.904E+00 2.497E-01 1.361E+01 1.565E+01 1.345E+05 11.7310 1.00000
  9.000E+05 9.001E+05 2.043E+00 6.196E+00 8.955E+00 2.821E-01 1.543E+01 1.748E+01 1.406E+05 11.9660 1.00000
  1.000E+06 1.000E+06 2.052E+00 6.936E+00 1.001E+01 3.148E-01 1.726E+01 1.931E+01 1.460E+05 12.1763 1.00000
  1.200E+06 1.200E+06 2.067E+00 8.425E+00 1.212E+01 3.810E-01 2.093E+01 2.300E+01 1.555E+05 12.5403 1.00000
  1.400E+06 1.400E+06 2.080E+00 9.924E+00 1.424E+01 4.481E-01 2.462E+01 2.670E+01 1.635E+05 12.8482 1.00000
  1.700E+06 1.700E+06 2.097E+00 1.218E+01 1.744E+01 5.503E-01 3.017E+01 3.227E+01 1.738E+05 13.2362 1.00000
  2.000E+06 2.000E+06 2.110E+00 1.446E+01 2.064E+01 6.542E-01 3.575E+01 3.786E+01 1.823E+05 13.5610 1.00000
  2.500E+06 2.500E+06 2.129E+00 1.826E+01 2.599E+01 8.305E-01 4.509E+01 4.722E+01 1.941E+05 14.0071 1.00000
  3.000E+06 3.000E+06 2.145E+00 2.209E+01 3.135E+01 1.010E+00 5.445E+01 5.660E+01 2.038E+05 14.3717 1.00000
  3.500E+06 3.500E+06 2.158E+00 2.593E+01 3.673E+01 1.193E+00 6.385E+01 6.601E+01 2.120E+05 14.6799 1.00000
  4.000E+06 4.000E+06 2.170E+00 2.978E+01 4.211E+01 1.378E+00 7.326E+01 7.543E+01 2.191E+05 14.9469 1.00000
  4.500E+06 4.500E+06 2.180E+00 3.363E+01 4.749E+01 1.566E+00 8.269E+01 8.487E+01 2.253E+05 15.1825 1.00000
  5.000E+06 5.000E+06 2.190E+00 3.750E+01 5.289E+01 1.756E+00 9.214E+01 9.433E+01 2.309E+05 15.3932 1.00000
  5.500E+06 5.500E+06 2.198E+00 4.137E+01 5.828E+01 1.948E+00 1.016E+02 1.038E+02 2.359E+05 15.5838 1.00000
  6.000E+06 6.000E+06 2.206E+00 4.524E+01 6.368E+01 2.141E+00 1.111E+02 1.133E+02 2.405E+05 15.7578 1.00000
  7.000E+06 7.000E+06 2.220E+00 5.300E+01 7.448E+01 2.534E+00 1.300E+02 1.322E+02 2.487E+05 16.0660 1.00000
  8.000E+06 8.000E+06 2.232E+00 6.077E+01 8.529E+01 2.932E+00 1.490E+02 1.512E+02 2.558E+05 16.3331 1.00000
  9.000E+06 9.000E+06 2.242E+00 6.854E+01 9.611E+01 3.335E+00 1.680E+02 1.702E+02 2.620E+05 16.5687 1.00000
  1.000E+07 1.000E+07 2.252E+00 7.633E+01 1.069E+02 3.744E+00 1.870E+02 1.893E+02 2.676E+05 16.7794 1.00000
  1.200E+07 1.200E+07 2.268E+00 9.192E+01 1.286E+02 4.574E+00 2.251E+02 2.274E+02 2.772E+05 17.1440 1.00000
  1.400E+07 1.400E+07 2.283E+00 1.075E+02 1.503E+02 5.419E+00 2.632E+02 2.655E+02 2.853E+05 17.4523 1.00000
  1.700E+07 1.700E+07 2.301E+00 1.310E+02 1.828E+02 6.711E+00 3.205E+02 3.228E+02 2.956E+05 17.8406 1.00000
  2.000E+07 2.000E+07 2.316E+00 1.544E+02 2.153E+02 8.029E+00 3.778E+02 3.801E+02 3.041E+05 18.1656 1.00000
  2.500E+07 2.500E+07 2.337E+00 1.936E+02 2.696E+02 1.027E+01 4.734E+02 4.757E+02 3.159E+05 18.6119 1.00000
  3.000E+07 3.000E+07 2.354E+00 2.327E+02 3.238E+02 1.257E+01 5.691E+02 5.715E+02 3.254E+05 18.9766 1.00000
  3.500E+07 3.500E+07 2.369E+00 2.719E+02 3.781E+02 1.491E+01 6.650E+02 6.673E+02 3.335E+05 19.2849 1.00000
  4.000E+07 4.000E+07 2.382E+00 3.111E+02 4.324E+02 1.729E+01 7.608E+02 7.632E+02 3.405E+05 19.5519 1.00000
  4.500E+07 4.500E+07 2.393E+00 3.503E+02 4.867E+02 1.970E+01 8.568E+02 8.592E+02 3.467E+05 19.7875 1.00000
  5.000E+07 5.000E+07 2.404E+00 3.895E+02 5.411E+02 2.215E+01 9.527E+02 9.551E+02 3.522E+05 19.9982 1.00000
  5.500E+07 5.500E+07 2.413E+00 4.288E+02 5.954E+02 2.462E+01 1.049E+03 1.051E+03 3.572E+05 20.1888 1.00000
  6.000E+07 6.000E+07 2.422E+00 4.680E+02 6.497E+02 2.712E+01 1.145E+03 1.147E+03 3.618E+05 20.3629 1.00000
  7.000E+07 7.000E+07 2.437E+00 5.465E+02 7.584E+02 3.219E+01 1.337E+03 1.339E+03 3.698E+05 20.6712 1.00000
  8.000E+07 8.000E+07 2.450E+00 6.250E+02 8.670E+02 3.734E+01 1.529E+03 1.532E+03 3.768E+05 20.9382 1.00000
  9.000E+07 9.000E+07 2.462E+00 7.035E+02 9.757E+02 4.257E+01 1.722E+03 1.724E+03 3.829E+05 21.1738 1.00000
  1.000E+08 1.000E+08 2.473E+00 7.820E+02 1.084E+03 4.787E+01 1.914E+03 1.917E+03 3.884E+05 21.3845 1.00000
  1.200E+08 1.200E+08 2.491E+00 9.390E+02 1.302E+03 5.865E+01 2.299E+03 2.302E+03 3.980E+05 21.7491 1.00000
  1.400E+08 1.400E+08 2.507E+00 1.096E+03 1.519E+03 6.964E+01 2.685E+03 2.687E+03 4.060E+05 22.0574 1.00000
  1.700E+08 1.700E+08 2.527E+00 1.332E+03 1.845E+03 8.648E+01 3.264E+03 3.266E+03 4.161E+05 22.4458 1.00000
  2.000E+08 2.000E+08 2.544E+00 1.567E+03 2.172E+03 1.037E+02 3.843E+03 3.845E+03 4.246E+05 22.7708 1.00000
  2.500E+08 2.500E+08 2.568E+00 1.960E+03 2.715E+03 1.330E+02 4.808E+03 4.811E+03 4.362E+05 23.2171 1.00000
  3.000E+08 3.000E+08 2.587E+00 2.353E+03 3.259E+03 1.631E+02 5.775E+03 5.778E+03 4.456E+05 23.5817 1.00000
  3.500E+08 3.500E+08 2.604E+00 2.746E+03 3.802E+03 1.937E+02 6.742E+03 6.745E+03 4.536E+05 23.8900 1.00000
  4.000E+08 4.000E+08 2.618E+00 3.139E+03 4.346E+03 2.249E+02 7.710E+03 7.712E+03 4.606E+05 24.1571 1.00000
  4.500E+08 4.500E+08 2.631E+00 3.532E+03 4.890E+03 2.566E+02 8.678E+03 8.681E+03 4.667E+05 24.3926 1.00000
  5.000E+08 5.000E+08 2.642E+00 3.925E+03 5.434E+03 2.887E+02 9.647E+03 9.649E+03 4.721E+05 24.6034 1.00000
  5.500E+08 5.500E+08 2.653E+00 4.317E+03 5.977E+03 3.212E+02 1.062E+04 1.062E+04 4.771E+05 24.7940 1.00000
  6.000E+08 6.000E+08 2.662E+00 4.710E+03 6.521E+03 3.541E+02 1.159E+04 1.159E+04 4.816E+05 24.9680 1.00000
  7.000E+08 7.000E+08 2.679E+00 5.496E+03 7.608E+03 4.208E+02 1.353E+04 1.353E+04 4.896E+05 25.2763 1.00000
  8.000E+08 8.000E+08 2.694E+00 6.282E+03 8.696E+03 4.887E+02 1.547E+04 1.547E+04 4.965E+05 25.5433 1.00000
  9.000E+08 9.000E+08 2.708E+00 7.068E+03 9.783E+03 5.577E+02 1.741E+04 1.741E+04 5.026E+05 25.7788 1.00000
  1.000E+09 1.000E+09 2.719E+00 7.854E+03 1.087E+04 6.276E+02 1.935E+04 1.935E+04 5.080E+05 25.9895 1.00000
  1.200E+09 1.200E+09 2.740E+00 9.425E+03 1.305E+04 7.700E+02 2.324E+04 2.324E+04 5.174E+05 26.3542 1.00000
  1.400E+09 1.400E+09 2.758E+00 1.100E+04 1.522E+04 9.154E+02 2.713E+04 2.714E+04 5.254E+05 26.6621 1.00000
  1.700E+09 1.700E+09 2.780E+00 1.335E+04 1.848E+04 1.138E+03 3.298E+04 3.298E+04 5.354E+05 27.0504 1.00000
  2.000E+09 2.000E+09 2.799E+00 1.571E+04 2.175E+04 1.366E+03 3.882E+04 3.883E+04 5.438E+05 27.3739 1.00000
  2.500E+09 2.500E+09 2.826E+00 1.964E+04 2.718E+04 1.756E+03 4.858E+04 4.858E+04 5.553E+05 27.8202 1.00000
  3.000E+09 3.000E+09 2.848E+00 2.357E+04 3.262E+04 2.155E+03 5.835E+04 5.835E+04 5.646E+05 28.1784 1.00000
  3.500E+09 3.500E+09 2.866E+00 2.750E+04 3.806E+04 2.563E+03 6.812E+04 6.812E+04 5.726E+05 28.4867 1.00000
  4.000E+09 4.000E+09 2.882E+00 3.143E+04 4.350E+04 2.979E+03 7.790E+04 7.791E+04 5.794E+05 28.7537 1.00000
  4.500E+09 4.500E+09 2.898E+00 3.536E+04 4.893E+04 3.401E+03 8.769E+04 8.769E+04 5.855E+05 28.9601 1.00000
  5.000E+09 5.000E+09 2.911E+00 3.929E+04 5.437E+04 3.829E+03 9.749E+04 9.749E+04 5.909E+05 29.1709 1.00000
  5.500E+09 5.500E+09 2.923E+00 4.322E+04 5.981E+04 4.263E+03 1.073E+05 1.073E+05 5.958E+05 29.3615 1.00000
  6.000E+09 6.000E+09 2.934E+00 4.714E+04 6.525E+04 4.702E+03 1.171E+05 1.171E+05 6.002E+05 29.5355 1.00000
  7.000E+09 7.000E+09 2.953E+00 5.500E+04 7.612E+04 5.594E+03 1.367E+05 1.367E+05 6.081E+05 29.8438 1.00000
  8.000E+09 8.000E+09 2.979E+00 6.286E+04 8.700E+04 6.503E+03 1.564E+05 1.564E+05 6.149E+05 29.9554 1.00000
  9.000E+09 9.000E+09 2.994E+00 7.072E+04 9.787E+04 7.427E+03 1.760E+05 1.760E+05 6.210E+05 30.1910 1.00000
  1.000E+10 1.000E+10 3.007E+00 7.858E+04 1.087E+05 8.364E+03 1.957E+05 1.957E+05 6.264E+05 30.4017 1.00000
  1.200E+10 1.200E+10 3.030E+00 9.429E+04 1.305E+05 1.027E+04 2.351E+05 2.351E+05 6.357E+05 30.7663 1.00000
  1.400E+10 1.400E+10 3.050E+00 1.100E+05 1.522E+05 1.223E+04 2.745E+05 2.745E+05 6.435E+05 31.0746 1.00000
  1.700E+10 1.700E+10 3.075E+00 1.336E+05 1.849E+05 1.523E+04 3.337E+05 3.337E+05 6.534E+05 31.4629 1.00000
  2.000E+10 2.000E+10 3.096E+00 1.572E+05 2.175E+05 1.830E+04 3.930E+05 3.930E+05 6.617E+05 31.7880 1.00000
  2.500E+10 2.500E+10 3.125E+00 1.965E+05 2.719E+05 2.355E+04 4.919E+05 4.919E+05 6.731E+05 32.2343 1.00000
  3.000E+10 3.000E+10 3.150E+00 2.357E+05 3.262E+05 2.894E+04 5.909E+05 5.909E+05 6.823E+05 32.5989 1.00000
  3.500E+10 3.500E+10 3.170E+00 2.750E+05 3.806E+05 3.446E+04 6.901E+05 6.901E+05 6.901E+05 32.9072 1.00000
  4.000E+10 4.000E+10 3.188E+00 3.143E+05 4.350E+05 4.008E+04 7.894E+05 7.894E+05 6.969E+05 33.1743 1.00000
  4.500E+10 4.500E+10 3.204E+00 3.536E+05 4.894E+05 4.580E+04 8.888E+05 8.888E+05 7.029E+05 33.4098 1.00000
  5.000E+10 5.000E+10 3.219E+00 3.929E+05 5.437E+05 5.161E+04 9.883E+05 9.883E+05 7.082E+05 33.6206 1.00000
  5.500E+10 5.500E+10 3.232E+00 4.322E+05 5.981E+05 5.750E+04 1.088E+06 1.088E+06 7.130E+05 33.8112 1.00000
  6.000E+10 6.000E+10 3.244E+00 4.715E+05 6.525E+05 6.346E+04 1.187E+06 1.187E+06 7.174E+05 33.9852 1.00000
  7.000E+10 7.000E+10 3.265E+00 5.501E+05 7.612E+05 7.559E+04 1.387E+06 1.387E+06 7.252E+05 34.2935 1.00000
  8.000E+10 8.000E+10 3.284E+00 6.287E+05 8.700E+05 8.795E+04 1.587E+06 1.587E+06 7.320E+05 34.5606 1.00000
  9.000E+10 9.000E+10 3.300E+00 7.072E+05 9.787E+05 1.005E+05 1.786E+06 1.786E+06 7.379E+05 34.7961 1.00000
  1.000E+11 1.000E+11 3.315E+00 7.858E+05 1.087E+06 1.133E+05 1.987E+06 1.987E+06 7.432E+05 35.0069 1.00000
  1.200E+11 1.200E+11 3.341E+00 9.430E+05 1.305E+06 1.394E+05 2.387E+06 2.387E+06 7.524E+05 35.3715 1.00000
  1.400E+11 1.400E+11 3.363E+00 1.100E+06 1.522E+06 1.661E+05 2.789E+06 2.789E+06 7.601E+05 35.6798 1.00000
  1.700E+11 1.700E+11 3.391E+00 1.336E+06 1.849E+06 2.071E+05 3.392E+06 3.392E+06 7.699E+05 36.0681 1.00000
  2.000E+11 2.000E+11 3.415E+00 1.572E+06 2.175E+06 2.492E+05 3.996E+06 3.996E+06 7.780E+05 36.3932 1.00000
  2.500E+11 2.500E+11 3.448E+00 1.965E+06 2.719E+06 3.213E+05 5.004E+06 5.004E+06 7.892E+05 36.8394 1.00000
  3.000E+11 3.000E+11 3.475E+00 2.357E+06 3.262E+06 3.954E+05 6.015E+06 6.015E+06 7.983E+05 37.2041 1.00000
  3.500E+11 3.500E+11 3.498E+00 2.750E+06 3.806E+06 4.714E+05 7.028E+06 7.028E+06 8.059E+05 37.5124 1.00000
  4.000E+11 4.000E+11 3.518E+00 3.143E+06 4.350E+06 5.490E+05 8.042E+06 8.042E+06 8.126E+05 37.7794 1.00000
  4.500E+11 4.500E+11 3.536E+00 3.536E+06 4.893E+06 6.279E+05 9.058E+06 9.058E+06 8.184E+05 38.0150 1.00000
  5.000E+11 5.000E+11 3.552E+00 3.929E+06 5.437E+06 7.082E+05 1.007E+07 1.007E+07 8.237E+05 38.2257 1.00000
  5.500E+11 5.500E+11 3.566E+00 4.322E+06 5.981E+06 7.896E+05 1.109E+07 1.109E+07 8.284E+05 38.4164 1.00000
  6.000E+11 6.000E+11 3.580E+00 4.715E+06 6.525E+06 8.721E+05 1.211E+07 1.211E+07 8.327E+05 38.5904 1.00000
  7.000E+11 7.000E+11 3.604E+00 5.501E+06 7.612E+06 1.040E+06 1.415E+07 1.415E+07 8.404E+05 38.8987 1.00000
  8.000E+11 8.000E+11 3.624E+00 6.287E+06 8.699E+06 1.212E+06 1.620E+07 1.620E+07 8.469E+05 39.1657 1.00000
  9.000E+11 9.000E+11 3.643E+00 7.072E+06 9.787E+06 1.386E+06 1.825E+07 1.825E+07 8.528E+05 39.4013 1.00000
  1.000E+12 1.000E+12 3.659E+00 7.858E+06 1.087E+07 1.564E+06 2.030E+07 2.030E+07 8.580E+05 39.6120 1.00000
