 Incident particle is a Muon with M = 105.65839 MeV
 Index = 0: Tin
      Absorber with <Z/A> = 0.42119
 Density effect computed following Fano (1963)
 Models for Radloss: brems =  SSR, pair =  SSR, photonuc = DRSS

 *** Table generated with PUMAS v1.1 ***

      T         p     Ionization  brems     pair     photonuc  Radloss    dE/dx   CSDA Range  delta   beta
    [MeV]    [MeV/c]  -----------------------[MeV cm^2/g]------------------------  [g/cm^2]
  1.000E+00 1.457E+01 2.537E+01 0.000E+00 0.000E+00 0.000E+00 0.000E+00 2.537E+01 1.971E-02  0.0006 0.13661
  1.200E+00 1.597E+01 2.224E+01 0.000E+00 0.000E+00 0.000E+00 0.000E+00 2.224E+01 2.815E-02  0.0007 0.14944
  1.400E+00 1.726E+01 1.987E+01 0.000E+00 0.000E+00 0.000E+00 0.000E+00 1.987E+01 3.768E-02  0.0007 0.16119
  1.700E+00 1.903E+01 1.721E+01 0.000E+00 0.000E+00 0.000E+00 0.000E+00 1.721E+01 5.395E-02  0.0008 0.17725
  2.000E+00 2.066E+01 1.525E+01 0.000E+00 0.000E+00 0.000E+00 0.000E+00 1.525E+01 7.251E-02  0.0009 0.19186
  2.500E+00 2.312E+01 1.290E+01 0.000E+00 0.000E+00 0.000E+00 0.000E+00 1.290E+01 1.083E-01  0.0010 0.21376
  3.000E+00 2.536E+01 1.124E+01 0.000E+00 0.000E+00 0.000E+00 0.000E+00 1.124E+01 1.500E-01  0.0011 0.23336
  3.500E+00 2.742E+01 1.000E+01 0.000E+00 0.000E+00 0.000E+00 0.000E+00 1.000E+01 1.972E-01  0.0013 0.25120
  4.000E+00 2.935E+01 9.043E+00 0.000E+00 0.000E+00 0.000E+00 0.000E+00 9.043E+00 2.499E-01  0.0014 0.26763
  4.500E+00 3.116E+01 8.273E+00 0.000E+00 0.000E+00 0.000E+00 0.000E+00 8.273E+00 3.077E-01  0.0016 0.28290
  5.000E+00 3.289E+01 7.642E+00 0.000E+00 0.000E+00 0.000E+00 0.000E+00 7.642E+00 3.707E-01  0.0018 0.29720
  5.500E+00 3.453E+01 7.113E+00 0.000E+00 0.000E+00 0.000E+00 0.000E+00 7.113E+00 4.385E-01  0.0019 0.31066
  6.000E+00 3.611E+01 6.665E+00 0.000E+00 0.000E+00 0.000E+00 0.000E+00 6.665E+00 5.112E-01  0.0021 0.32339
  7.000E+00 3.909E+01 5.942E+00 0.000E+00 0.000E+00 0.000E+00 0.000E+00 5.942E+00 6.705E-01  0.0025 0.34700
  8.000E+00 4.189E+01 5.384E+00 0.000E+00 0.000E+00 0.000E+00 0.000E+00 5.384E+00 8.475E-01  0.0029 0.36854
  9.000E+00 4.453E+01 4.940E+00 0.000E+00 0.000E+00 0.000E+00 0.000E+00 4.940E+00 1.042E+00  0.0033 0.38836
  1.000E+01 4.704E+01 4.578E+00 0.000E+00 0.000E+00 0.000E+00 0.000E+00 4.578E+00 1.252E+00  0.0038 0.40675
  1.200E+01 5.177E+01 4.021E+00 0.000E+00 0.000E+00 0.000E+00 0.000E+00 4.021E+00 1.720E+00  0.0048 0.43998
  1.400E+01 5.616E+01 3.613E+00 0.000E+00 0.000E+00 0.000E+00 0.000E+00 3.613E+00 2.245E+00  0.0059 0.46937
  1.700E+01 6.230E+01 3.170E+00 0.000E+00 0.000E+00 0.000E+00 0.000E+00 3.170E+00 3.135E+00  0.0077 0.50792
  2.000E+01 6.802E+01 2.853E+00 0.000E+00 0.000E+00 0.000E+00 0.000E+00 2.853E+00 4.134E+00  0.0097 0.54129
  2.500E+01 7.686E+01 2.486E+00 0.000E+00 0.000E+00 0.000E+00 0.000E+00 2.486E+00 6.019E+00  0.0134 0.58827
  3.000E+01 8.509E+01 2.238E+00 0.000E+00 0.000E+00 0.000E+00 0.000E+00 2.238E+00 8.145E+00  0.0175 0.62720
  3.500E+01 9.285E+01 2.059E+00 0.000E+00 0.000E+00 0.000E+00 0.000E+00 2.059E+00 1.048E+01  0.0220 0.66011
  4.000E+01 1.003E+02 1.924E+00 0.000E+00 0.000E+00 0.000E+00 0.000E+00 1.924E+00 1.299E+01  0.0268 0.68834
  4.500E+01 1.074E+02 1.820E+00 0.000E+00 0.000E+00 0.000E+00 0.000E+00 1.820E+00 1.567E+01  0.0320 0.71286
  5.000E+01 1.143E+02 1.737E+00 0.000E+00 0.000E+00 0.000E+00 0.000E+00 1.737E+00 1.848E+01  0.0374 0.73434
  5.500E+01 1.210E+02 1.669E+00 0.000E+00 0.000E+00 0.000E+00 0.000E+00 1.669E+00 2.142E+01  0.0431 0.75332
  6.000E+01 1.276E+02 1.613E+00 0.000E+00 0.000E+00 0.000E+00 0.000E+00 1.613E+00 2.447E+01  0.0490 0.77019
  7.000E+01 1.403E+02 1.528E+00 0.000E+00 0.000E+00 0.000E+00 0.000E+00 1.528E+00 3.085E+01  0.0615 0.79887
  8.000E+01 1.527E+02 1.466E+00 0.000E+00 0.000E+00 0.000E+00 0.000E+00 1.466E+00 3.754E+01  0.0747 0.82227
  9.000E+01 1.647E+02 1.420E+00 0.000E+00 0.000E+00 0.000E+00 0.000E+00 1.420E+00 4.447E+01  0.0885 0.84166
  1.000E+02 1.764E+02 1.384E+00 0.000E+00 0.000E+00 0.000E+00 0.000E+00 1.384E+00 5.161E+01  0.1028 0.85794
  1.200E+02 1.994E+02 1.336E+00 0.000E+00 0.000E+00 0.000E+00 0.000E+00 1.336E+00 6.634E+01  0.1323 0.88361
  1.400E+02 2.218E+02 1.305E+00 0.000E+00 0.000E+00 0.000E+00 0.000E+00 1.305E+00 8.150E+01  0.1628 0.90278
  1.700E+02 2.546E+02 1.280E+00 0.000E+00 0.000E+00 0.000E+00 0.000E+00 1.280E+00 1.047E+02  0.2090 0.92363
  2.000E+02 2.868E+02 1.267E+00 0.000E+00 0.000E+00 0.000E+00 0.000E+00 1.267E+00 1.283E+02  0.2552 0.93835
  2.500E+02 3.396E+02 1.262E+00 0.000E+00 0.000E+00 0.000E+00 0.000E+00 1.262E+00 1.679E+02  0.3302 0.95485
  3.000E+02 3.917E+02 1.266E+00 0.000E+00 0.000E+00 0.000E+00 0.000E+00 1.266E+00 2.075E+02  0.4021 0.96548
  3.500E+02 4.432E+02 1.274E+00 0.000E+00 0.000E+00 0.000E+00 0.000E+00 1.274E+00 2.468E+02  0.4705 0.97274
  4.000E+02 4.945E+02 1.284E+00 8.680E-05 1.717E-05 0.000E+00 1.040E-04 1.284E+00 2.859E+02  0.5355 0.97793
  4.500E+02 5.455E+02 1.295E+00 1.941E-04 3.433E-05 0.000E+00 2.284E-04 1.296E+00 3.247E+02  0.5975 0.98176
  5.000E+02 5.964E+02 1.307E+00 2.764E-04 5.172E-05 0.000E+00 3.281E-04 1.307E+00 3.631E+02  0.6565 0.98467
  5.500E+02 6.471E+02 1.318E+00 3.491E-04 7.197E-05 1.470E-05 4.358E-04 1.318E+00 4.012E+02  0.7129 0.98693
  6.000E+02 6.977E+02 1.329E+00 4.174E-04 9.524E-05 4.915E-05 5.618E-04 1.329E+00 4.390E+02  0.7669 0.98873
  7.000E+02 7.987E+02 1.350E+00 5.496E-04 1.506E-04 1.175E-04 8.177E-04 1.351E+00 5.136E+02  0.8684 0.99136
  8.000E+02 8.995E+02 1.369E+00 6.818E-04 2.171E-04 1.818E-04 1.081E-03 1.370E+00 5.871E+02  0.9624 0.99317
  9.000E+02 1.000E+03 1.387E+00 8.170E-04 2.942E-04 2.431E-04 1.354E-03 1.388E+00 6.596E+02  1.0500 0.99447
  1.000E+03 1.101E+03 1.403E+00 9.563E-04 3.811E-04 3.023E-04 1.640E-03 1.405E+00 7.312E+02  1.1322 0.99542
  1.200E+03 1.301E+03 1.433E+00 1.248E-03 5.823E-04 4.163E-04 2.247E-03 1.435E+00 8.720E+02  1.2831 0.99672
  1.400E+03 1.502E+03 1.458E+00 1.558E-03 8.169E-04 5.262E-04 2.901E-03 1.461E+00 1.010E+03  1.4197 0.99753
  1.700E+03 1.803E+03 1.490E+00 2.053E-03 1.224E-03 6.857E-04 3.963E-03 1.494E+00 1.213E+03  1.6045 0.99829
  2.000E+03 2.103E+03 1.517E+00 2.580E-03 1.691E-03 8.402E-04 5.111E-03 1.522E+00 1.412E+03  1.7710 0.99874
  2.500E+03 2.604E+03 1.554E+00 3.520E-03 2.581E-03 1.089E-03 7.190E-03 1.561E+00 1.736E+03  2.0186 0.99918
  3.000E+03 3.104E+03 1.583E+00 4.526E-03 3.592E-03 1.330E-03 9.448E-03 1.592E+00 2.053E+03  2.2378 0.99942
  3.500E+03 3.604E+03 1.607E+00 5.588E-03 4.707E-03 1.564E-03 1.186E-02 1.619E+00 2.365E+03  2.4346 0.99957
  4.000E+03 4.104E+03 1.627E+00 6.697E-03 5.924E-03 1.792E-03 1.441E-02 1.642E+00 2.671E+03  2.6131 0.99967
  4.500E+03 4.604E+03 1.645E+00 7.848E-03 7.226E-03 2.016E-03 1.709E-02 1.662E+00 2.974E+03  2.7763 0.99974
  5.000E+03 5.105E+03 1.661E+00 9.037E-03 8.602E-03 2.235E-03 1.987E-02 1.681E+00 3.273E+03  2.9265 0.99979
  5.500E+03 5.605E+03 1.675E+00 1.026E-02 1.004E-02 2.450E-03 2.275E-02 1.697E+00 3.569E+03  3.0655 0.99982
  6.000E+03 6.105E+03 1.687E+00 1.151E-02 1.155E-02 2.663E-03 2.572E-02 1.713E+00 3.862E+03  3.1948 0.99985
  7.000E+03 7.105E+03 1.709E+00 1.410E-02 1.472E-02 3.079E-03 3.189E-02 1.741E+00 4.442E+03  3.4291 0.99989
  8.000E+03 8.105E+03 1.727E+00 1.678E-02 1.808E-02 3.485E-03 3.835E-02 1.766E+00 5.012E+03  3.6372 0.99992
  9.000E+03 9.105E+03 1.743E+00 1.955E-02 2.161E-02 3.884E-03 4.504E-02 1.788E+00 5.575E+03  3.8244 0.99993
  1.000E+04 1.011E+04 1.757E+00 2.239E-02 2.528E-02 4.275E-03 5.195E-02 1.809E+00 6.131E+03  3.9947 0.99995
  1.200E+04 1.211E+04 1.781E+00 2.827E-02 3.302E-02 5.041E-03 6.633E-02 1.847E+00 7.225E+03  4.2955 0.99996
  1.400E+04 1.411E+04 1.800E+00 3.437E-02 4.120E-02 5.788E-03 8.136E-02 1.881E+00 8.297E+03  4.5557 0.99997
  1.700E+04 1.711E+04 1.823E+00 4.386E-02 5.414E-02 6.882E-03 1.049E-01 1.928E+00 9.872E+03  4.8910 0.99998
  2.000E+04 2.011E+04 1.842E+00 5.369E-02 6.775E-02 7.950E-03 1.294E-01 1.972E+00 1.141E+04  5.1778 0.99999
  2.500E+04 2.511E+04 1.868E+00 7.069E-02 9.161E-02 9.689E-03 1.720E-01 2.040E+00 1.390E+04  5.5797 0.99999
  3.000E+04 3.011E+04 1.887E+00 8.833E-02 1.167E-01 1.139E-02 2.164E-01 2.104E+00 1.632E+04  5.9141 0.99999
  3.500E+04 3.511E+04 1.904E+00 1.065E-01 1.426E-01 1.306E-02 2.622E-01 2.166E+00 1.866E+04  6.2004 1.00000
  4.000E+04 4.011E+04 1.917E+00 1.250E-01 1.694E-01 1.472E-02 3.092E-01 2.226E+00 2.094E+04  6.4506 1.00000
  4.500E+04 4.511E+04 1.929E+00 1.440E-01 1.968E-01 1.635E-02 3.571E-01 2.286E+00 2.315E+04  6.6728 1.00000
  5.000E+04 5.011E+04 1.940E+00 1.632E-01 2.248E-01 1.798E-02 4.060E-01 2.346E+00 2.531E+04  6.8726 1.00000
  5.500E+04 5.511E+04 1.949E+00 1.828E-01 2.532E-01 1.959E-02 4.556E-01 2.405E+00 2.742E+04  7.0542 1.00000
  6.000E+04 6.011E+04 1.957E+00 2.026E-01 2.821E-01 2.120E-02 5.059E-01 2.463E+00 2.947E+04  7.2205 1.00000
  7.000E+04 7.011E+04 1.972E+00 2.429E-01 3.409E-01 2.439E-02 6.082E-01 2.580E+00 3.344E+04  7.5166 1.00000
  8.000E+04 8.011E+04 1.985E+00 2.839E-01 4.009E-01 2.756E-02 7.124E-01 2.697E+00 3.723E+04  7.7743 1.00000
  9.000E+04 9.011E+04 1.996E+00 3.257E-01 4.620E-01 3.072E-02 8.184E-01 2.814E+00 4.086E+04  8.0025 1.00000
  1.000E+05 1.001E+05 2.005E+00 3.680E-01 5.239E-01 3.388E-02 9.257E-01 2.931E+00 4.434E+04  8.2074 1.00000
  1.200E+05 1.201E+05 2.022E+00 4.540E-01 6.498E-01 4.017E-02 1.144E+00 3.166E+00 5.090E+04  8.5634 1.00000
  1.400E+05 1.401E+05 2.036E+00 5.416E-01 7.779E-01 4.646E-02 1.366E+00 3.402E+00 5.700E+04  8.8658 1.00000
  1.700E+05 1.701E+05 2.053E+00 6.756E-01 9.733E-01 5.591E-02 1.705E+00 3.758E+00 6.538E+04  9.2482 1.00000
  2.000E+05 2.001E+05 2.067E+00 8.118E-01 1.172E+00 6.538E-02 2.049E+00 4.116E+00 7.301E+04  9.5694 1.00000
  2.500E+05 2.501E+05 2.087E+00 1.043E+00 1.507E+00 8.123E-02 2.631E+00 4.718E+00 8.435E+04 10.0119 1.00000
  3.000E+05 3.001E+05 2.103E+00 1.278E+00 1.847E+00 9.720E-02 3.223E+00 5.325E+00 9.432E+04 10.3743 1.00000
  3.500E+05 3.501E+05 2.116E+00 1.516E+00 2.191E+00 1.133E-01 3.820E+00 5.936E+00 1.032E+05 10.6812 1.00000
  4.000E+05 4.001E+05 2.128E+00 1.757E+00 2.537E+00 1.295E-01 4.423E+00 6.551E+00 1.112E+05 10.9473 1.00000
  4.500E+05 4.501E+05 2.138E+00 2.000E+00 2.885E+00 1.458E-01 5.030E+00 7.168E+00 1.185E+05 11.1822 1.00000
  5.000E+05 5.001E+05 2.147E+00 2.245E+00 3.235E+00 1.622E-01 5.641E+00 7.788E+00 1.252E+05 11.3924 1.00000
  5.500E+05 5.501E+05 2.155E+00 2.491E+00 3.586E+00 1.787E-01 6.255E+00 8.410E+00 1.314E+05 11.5827 1.00000
  6.000E+05 6.001E+05 2.163E+00 2.738E+00 3.938E+00 1.953E-01 6.872E+00 9.035E+00 1.371E+05 11.7564 1.00000
  7.000E+05 7.001E+05 2.176E+00 3.236E+00 4.647E+00 2.288E-01 8.112E+00 1.029E+01 1.475E+05 12.0643 1.00000
  8.000E+05 8.001E+05 2.188E+00 3.738E+00 5.358E+00 2.627E-01 9.359E+00 1.155E+01 1.567E+05 12.3311 1.00000
  9.000E+05 9.001E+05 2.198E+00 4.243E+00 6.073E+00 2.969E-01 1.061E+01 1.281E+01 1.649E+05 12.5665 1.00000
  1.000E+06 1.000E+06 2.208E+00 4.751E+00 6.789E+00 3.314E-01 1.187E+01 1.408E+01 1.723E+05 12.7771 1.00000
  1.200E+06 1.200E+06 2.224E+00 5.773E+00 8.227E+00 4.012E-01 1.440E+01 1.662E+01 1.854E+05 13.1416 1.00000
  1.400E+06 1.400E+06 2.237E+00 6.801E+00 9.670E+00 4.720E-01 1.694E+01 1.918E+01 1.966E+05 13.4498 1.00000
  1.700E+06 1.700E+06 2.255E+00 8.353E+00 1.184E+01 5.798E-01 2.078E+01 2.303E+01 2.108E+05 13.8380 1.00000
  2.000E+06 2.000E+06 2.269E+00 9.914E+00 1.402E+01 6.894E-01 2.463E+01 2.689E+01 2.229E+05 14.1629 1.00000
  2.500E+06 2.500E+06 2.290E+00 1.253E+01 1.767E+01 8.755E-01 3.107E+01 3.336E+01 2.395E+05 14.6092 1.00000
  3.000E+06 3.000E+06 2.306E+00 1.516E+01 2.132E+01 1.065E+00 3.754E+01 3.985E+01 2.532E+05 14.9738 1.00000
  3.500E+06 3.500E+06 2.321E+00 1.780E+01 2.498E+01 1.258E+00 4.403E+01 4.635E+01 2.649E+05 15.2820 1.00000
  4.000E+06 4.000E+06 2.333E+00 2.044E+01 2.864E+01 1.454E+00 5.053E+01 5.287E+01 2.750E+05 15.5491 1.00000
  4.500E+06 4.500E+06 2.344E+00 2.309E+01 3.231E+01 1.652E+00 5.705E+01 5.940E+01 2.839E+05 15.7846 1.00000
  5.000E+06 5.000E+06 2.354E+00 2.575E+01 3.598E+01 1.852E+00 6.358E+01 6.593E+01 2.919E+05 15.9953 1.00000
  5.500E+06 5.500E+06 2.363E+00 2.841E+01 3.966E+01 2.055E+00 7.012E+01 7.248E+01 2.991E+05 16.1860 1.00000
  6.000E+06 6.000E+06 2.371E+00 3.107E+01 4.333E+01 2.259E+00 7.666E+01 7.903E+01 3.057E+05 16.3600 1.00000
  7.000E+06 7.000E+06 2.386E+00 3.641E+01 5.069E+01 2.673E+00 8.977E+01 9.216E+01 3.174E+05 16.6683 1.00000
  8.000E+06 8.000E+06 2.398E+00 4.175E+01 5.806E+01 3.094E+00 1.029E+02 1.053E+02 3.275E+05 16.9353 1.00000
  9.000E+06 9.000E+06 2.410E+00 4.710E+01 6.543E+01 3.520E+00 1.160E+02 1.185E+02 3.365E+05 17.1709 1.00000
  1.000E+07 1.000E+07 2.420E+00 5.246E+01 7.280E+01 3.951E+00 1.292E+02 1.316E+02 3.445E+05 17.3816 1.00000
  1.200E+07 1.200E+07 2.437E+00 6.319E+01 8.756E+01 4.827E+00 1.556E+02 1.580E+02 3.584E+05 17.7462 1.00000
  1.400E+07 1.400E+07 2.453E+00 7.393E+01 1.023E+02 5.719E+00 1.820E+02 1.844E+02 3.701E+05 18.0545 1.00000
  1.700E+07 1.700E+07 2.472E+00 9.006E+01 1.245E+02 7.083E+00 2.216E+02 2.241E+02 3.848E+05 18.4429 1.00000
  2.000E+07 2.000E+07 2.488E+00 1.062E+02 1.467E+02 8.475E+00 2.613E+02 2.638E+02 3.971E+05 18.7679 1.00000
  2.500E+07 2.500E+07 2.510E+00 1.331E+02 1.836E+02 1.085E+01 3.276E+02 3.301E+02 4.140E+05 19.2142 1.00000
  3.000E+07 3.000E+07 2.529E+00 1.601E+02 2.206E+02 1.327E+01 3.940E+02 3.965E+02 4.278E+05 19.5788 1.00000
  3.500E+07 3.500E+07 2.544E+00 1.871E+02 2.576E+02 1.574E+01 4.604E+02 4.630E+02 4.395E+05 19.8871 1.00000
  4.000E+07 4.000E+07 2.558E+00 2.140E+02 2.946E+02 1.825E+01 5.269E+02 5.295E+02 4.496E+05 20.1542 1.00000
  4.500E+07 4.500E+07 2.570E+00 2.410E+02 3.316E+02 2.080E+01 5.935E+02 5.960E+02 4.585E+05 20.3897 1.00000
  5.000E+07 5.000E+07 2.581E+00 2.680E+02 3.686E+02 2.338E+01 6.601E+02 6.626E+02 4.664E+05 20.6005 1.00000
  5.500E+07 5.500E+07 2.591E+00 2.950E+02 4.057E+02 2.599E+01 7.267E+02 7.293E+02 4.736E+05 20.7911 1.00000
  6.000E+07 6.000E+07 2.600E+00 3.221E+02 4.427E+02 2.863E+01 7.934E+02 7.960E+02 4.802E+05 20.9651 1.00000
  7.000E+07 7.000E+07 2.617E+00 3.761E+02 5.168E+02 3.398E+01 9.268E+02 9.294E+02 4.918E+05 21.2734 1.00000
  8.000E+07 8.000E+07 2.631E+00 4.301E+02 5.908E+02 3.942E+01 1.060E+03 1.063E+03 5.019E+05 21.5405 1.00000
  9.000E+07 9.000E+07 2.643E+00 4.842E+02 6.649E+02 4.494E+01 1.194E+03 1.197E+03 5.107E+05 21.7760 1.00000
  1.000E+08 1.000E+08 2.655E+00 5.382E+02 7.390E+02 5.054E+01 1.328E+03 1.330E+03 5.186E+05 21.9868 1.00000
  1.200E+08 1.200E+08 2.674E+00 6.464E+02 8.871E+02 6.192E+01 1.595E+03 1.598E+03 5.323E+05 22.3514 1.00000
  1.400E+08 1.400E+08 2.691E+00 7.545E+02 1.035E+03 7.353E+01 1.863E+03 1.866E+03 5.439E+05 22.6597 1.00000
  1.700E+08 1.700E+08 2.712E+00 9.168E+02 1.258E+03 9.130E+01 2.266E+03 2.268E+03 5.585E+05 23.0480 1.00000
  2.000E+08 2.000E+08 2.731E+00 1.079E+03 1.480E+03 1.095E+02 2.668E+03 2.671E+03 5.706E+05 23.3730 1.00000
  2.500E+08 2.500E+08 2.755E+00 1.350E+03 1.850E+03 1.404E+02 3.340E+03 3.343E+03 5.873E+05 23.8193 1.00000
  3.000E+08 3.000E+08 2.776E+00 1.620E+03 2.221E+03 1.722E+02 4.013E+03 4.016E+03 6.010E+05 24.1840 1.00000
  3.500E+08 3.500E+08 2.794E+00 1.891E+03 2.592E+03 2.045E+02 4.687E+03 4.689E+03 6.125E+05 24.4923 1.00000
  4.000E+08 4.000E+08 2.809E+00 2.161E+03 2.962E+03 2.375E+02 5.361E+03 5.363E+03 6.224E+05 24.7593 1.00000
  4.500E+08 4.500E+08 2.823E+00 2.432E+03 3.333E+03 2.709E+02 6.035E+03 6.038E+03 6.312E+05 24.9949 1.00000
  5.000E+08 5.000E+08 2.835E+00 2.702E+03 3.703E+03 3.048E+02 6.710E+03 6.713E+03 6.391E+05 25.2056 1.00000
  5.500E+08 5.500E+08 2.846E+00 2.973E+03 4.074E+03 3.392E+02 7.386E+03 7.389E+03 6.462E+05 25.3962 1.00000
  6.000E+08 6.000E+08 2.856E+00 3.243E+03 4.444E+03 3.739E+02 8.062E+03 8.064E+03 6.526E+05 25.5703 1.00000
  7.000E+08 7.000E+08 2.874E+00 3.784E+03 5.186E+03 4.443E+02 9.414E+03 9.417E+03 6.641E+05 25.8785 1.00000
  8.000E+08 8.000E+08 2.890E+00 4.325E+03 5.927E+03 5.160E+02 1.077E+04 1.077E+04 6.740E+05 26.1456 1.00000
  9.000E+08 9.000E+08 2.904E+00 4.867E+03 6.668E+03 5.888E+02 1.212E+04 1.213E+04 6.828E+05 26.3811 1.00000
  1.000E+09 1.000E+09 2.917E+00 5.408E+03 7.409E+03 6.627E+02 1.348E+04 1.348E+04 6.906E+05 26.5918 1.00000
  1.200E+09 1.200E+09 2.939E+00 6.490E+03 8.892E+03 8.130E+02 1.619E+04 1.620E+04 7.041E+05 26.9564 1.00000
  1.400E+09 1.400E+09 2.958E+00 7.572E+03 1.037E+04 9.666E+02 1.891E+04 1.892E+04 7.155E+05 27.2644 1.00000
  1.700E+09 1.700E+09 2.981E+00 9.195E+03 1.260E+04 1.202E+03 2.300E+04 2.300E+04 7.299E+05 27.6527 1.00000
  2.000E+09 2.000E+09 3.002E+00 1.082E+04 1.482E+04 1.443E+03 2.708E+04 2.709E+04 7.419E+05 27.9762 1.00000
  2.500E+09 2.500E+09 3.030E+00 1.352E+04 1.853E+04 1.854E+03 3.391E+04 3.391E+04 7.584E+05 28.4225 1.00000
  3.000E+09 3.000E+09 3.053E+00 1.623E+04 2.223E+04 2.275E+03 4.074E+04 4.074E+04 7.718E+05 28.7806 1.00000
  3.500E+09 3.500E+09 3.073E+00 1.894E+04 2.594E+04 2.706E+03 4.758E+04 4.759E+04 7.832E+05 29.0889 1.00000
  4.000E+09 4.000E+09 3.090E+00 2.164E+04 2.965E+04 3.145E+03 5.443E+04 5.444E+04 7.930E+05 29.3560 1.00000
  4.500E+09 4.500E+09 3.107E+00 2.435E+04 3.335E+04 3.591E+03 6.129E+04 6.129E+04 8.016E+05 29.5624 1.00000
  5.000E+09 5.000E+09 3.120E+00 2.705E+04 3.706E+04 4.043E+03 6.815E+04 6.816E+04 8.094E+05 29.7731 1.00000
  5.500E+09 5.500E+09 3.133E+00 2.976E+04 4.077E+04 4.501E+03 7.502E+04 7.503E+04 8.163E+05 29.9637 1.00000
  6.000E+09 6.000E+09 3.144E+00 3.246E+04 4.447E+04 4.965E+03 8.190E+04 8.190E+04 8.227E+05 30.1378 1.00000
  7.000E+09 7.000E+09 3.165E+00 3.787E+04 5.188E+04 5.907E+03 9.567E+04 9.567E+04 8.340E+05 30.4461 1.00000
  8.000E+09 8.000E+09 3.192E+00 4.329E+04 5.930E+04 6.866E+03 1.094E+05 1.095E+05 8.438E+05 30.5577 1.00000
  9.000E+09 9.000E+09 3.208E+00 4.870E+04 6.671E+04 7.841E+03 1.232E+05 1.233E+05 8.524E+05 30.7932 1.00000
  1.000E+10 1.000E+10 3.222E+00 5.411E+04 7.412E+04 8.831E+03 1.371E+05 1.371E+05 8.601E+05 31.0039 1.00000
  1.200E+10 1.200E+10 3.247E+00 6.493E+04 8.895E+04 1.085E+04 1.647E+05 1.647E+05 8.734E+05 31.3686 1.00000
  1.400E+10 1.400E+10 3.268E+00 7.575E+04 1.038E+05 1.291E+04 1.924E+05 1.924E+05 8.846E+05 31.6769 1.00000
  1.700E+10 1.700E+10 3.295E+00 9.199E+04 1.260E+05 1.608E+04 2.341E+05 2.341E+05 8.987E+05 32.0652 1.00000
  2.000E+10 2.000E+10 3.317E+00 1.082E+05 1.482E+05 1.932E+04 2.758E+05 2.758E+05 9.105E+05 32.3902 1.00000
  2.500E+10 2.500E+10 3.348E+00 1.353E+05 1.853E+05 2.486E+04 3.454E+05 3.454E+05 9.267E+05 32.8365 1.00000
  3.000E+10 3.000E+10 3.374E+00 1.623E+05 2.224E+05 3.056E+04 4.153E+05 4.153E+05 9.399E+05 33.2012 1.00000
  3.500E+10 3.500E+10 3.396E+00 1.894E+05 2.594E+05 3.638E+04 4.852E+05 4.852E+05 9.510E+05 33.5095 1.00000
  4.000E+10 4.000E+10 3.415E+00 2.164E+05 2.965E+05 4.232E+04 5.553E+05 5.553E+05 9.606E+05 33.7765 1.00000
  4.500E+10 4.500E+10 3.432E+00 2.435E+05 3.336E+05 4.836E+04 6.254E+05 6.254E+05 9.691E+05 34.0121 1.00000
  5.000E+10 5.000E+10 3.447E+00 2.706E+05 3.706E+05 5.449E+04 6.957E+05 6.957E+05 9.767E+05 34.2228 1.00000
  5.500E+10 5.500E+10 3.461E+00 2.976E+05 4.077E+05 6.071E+04 7.660E+05 7.660E+05 9.835E+05 34.4134 1.00000
  6.000E+10 6.000E+10 3.474E+00 3.247E+05 4.447E+05 6.701E+04 8.364E+05 8.364E+05 9.898E+05 34.5875 1.00000
  7.000E+10 7.000E+10 3.497E+00 3.788E+05 5.189E+05 7.981E+04 9.774E+05 9.775E+05 1.001E+06 34.8958 1.00000
  8.000E+10 8.000E+10 3.516E+00 4.329E+05 5.930E+05 9.286E+04 1.119E+06 1.119E+06 1.010E+06 35.1628 1.00000
  9.000E+10 9.000E+10 3.534E+00 4.870E+05 6.671E+05 1.061E+05 1.260E+06 1.260E+06 1.019E+06 35.3984 1.00000
  1.000E+11 1.000E+11 3.550E+00 5.411E+05 7.412E+05 1.196E+05 1.402E+06 1.402E+06 1.026E+06 35.6091 1.00000
  1.200E+11 1.200E+11 3.577E+00 6.493E+05 8.895E+05 1.472E+05 1.686E+06 1.686E+06 1.039E+06 35.9738 1.00000
  1.400E+11 1.400E+11 3.601E+00 7.576E+05 1.038E+06 1.754E+05 1.971E+06 1.971E+06 1.050E+06 36.2821 1.00000
  1.700E+11 1.700E+11 3.631E+00 9.199E+05 1.260E+06 2.187E+05 2.399E+06 2.399E+06 1.064E+06 36.6704 1.00000
  2.000E+11 2.000E+11 3.656E+00 1.082E+06 1.482E+06 2.631E+05 2.828E+06 2.828E+06 1.076E+06 36.9954 1.00000
  2.500E+11 2.500E+11 3.691E+00 1.353E+06 1.853E+06 3.392E+05 3.545E+06 3.545E+06 1.091E+06 37.4417 1.00000
  3.000E+11 3.000E+11 3.719E+00 1.623E+06 2.224E+06 4.175E+05 4.265E+06 4.265E+06 1.104E+06 37.8063 1.00000
  3.500E+11 3.500E+11 3.744E+00 1.894E+06 2.594E+06 4.977E+05 4.986E+06 4.986E+06 1.115E+06 38.1146 1.00000
  4.000E+11 4.000E+11 3.765E+00 2.164E+06 2.965E+06 5.796E+05 5.709E+06 5.709E+06 1.124E+06 38.3817 1.00000
  4.500E+11 4.500E+11 3.784E+00 2.435E+06 3.335E+06 6.630E+05 6.433E+06 6.433E+06 1.133E+06 38.6173 1.00000
  5.000E+11 5.000E+11 3.801E+00 2.706E+06 3.706E+06 7.477E+05 7.159E+06 7.159E+06 1.140E+06 38.8280 1.00000
  5.500E+11 5.500E+11 3.817E+00 2.976E+06 4.077E+06 8.337E+05 7.886E+06 7.886E+06 1.147E+06 39.0186 1.00000
  6.000E+11 6.000E+11 3.831E+00 3.247E+06 4.447E+06 9.208E+05 8.615E+06 8.615E+06 1.153E+06 39.1926 1.00000
  7.000E+11 7.000E+11 3.856E+00 3.788E+06 5.188E+06 1.098E+06 1.007E+07 1.007E+07 1.163E+06 39.5009 1.00000
  8.000E+11 8.000E+11 3.878E+00 4.329E+06 5.929E+06 1.279E+06 1.154E+07 1.154E+07 1.173E+06 39.7680 1.00000
  9.000E+11 9.000E+11 3.898E+00 4.870E+06 6.671E+06 1.464E+06 1.300E+07 1.300E+07 1.181E+06 40.0036 1.00000
  1.000E+12 1.000E+12 3.916E+00 5.411E+06 7.412E+06 1.651E+06 1.447E+07 1.447E+07 1.188E+06 40.2143 1.00000
