 Incident particle is a Muon with M = 105.65839 MeV
 Index = 0: Trichloroethylene
      Absorber with <Z/A> = 0.48711
 Density effect computed following Fano (1963)
 Models for Radloss: brems =  SSR, pair =  SSR, photonuc = DRSS

 *** Table generated with PUMAS v1.1 ***

      T         p     Ionization  brems     pair     photonuc  Radloss    dE/dx   CSDA Range  delta   beta
    [MeV]    [MeV/c]  -----------------------[MeV cm^2/g]------------------------  [g/cm^2]
  1.000E+00 1.457E+01 3.890E+01 0.000E+00 0.000E+00 0.000E+00 0.000E+00 3.890E+01 1.285E-02  0.0000 0.13661
  1.200E+00 1.597E+01 3.371E+01 0.000E+00 0.000E+00 0.000E+00 0.000E+00 3.371E+01 1.839E-02  0.0000 0.14944
  1.400E+00 1.726E+01 2.985E+01 0.000E+00 0.000E+00 0.000E+00 0.000E+00 2.985E+01 2.471E-02  0.0000 0.16119
  1.700E+00 1.903E+01 2.559E+01 0.000E+00 0.000E+00 0.000E+00 0.000E+00 2.559E+01 3.561E-02  0.0000 0.17725
  2.000E+00 2.066E+01 2.248E+01 0.000E+00 0.000E+00 0.000E+00 0.000E+00 2.248E+01 4.814E-02  0.0000 0.19186
  2.500E+00 2.312E+01 1.882E+01 0.000E+00 0.000E+00 0.000E+00 0.000E+00 1.882E+01 7.256E-02  0.0000 0.21376
  3.000E+00 2.536E+01 1.628E+01 0.000E+00 0.000E+00 0.000E+00 0.000E+00 1.628E+01 1.012E-01  0.0000 0.23336
  3.500E+00 2.742E+01 1.440E+01 0.000E+00 0.000E+00 0.000E+00 0.000E+00 1.440E+01 1.340E-01  0.0000 0.25120
  4.000E+00 2.935E+01 1.295E+01 0.000E+00 0.000E+00 0.000E+00 0.000E+00 1.295E+01 1.706E-01  0.0000 0.26763
  4.500E+00 3.116E+01 1.180E+01 0.000E+00 0.000E+00 0.000E+00 0.000E+00 1.180E+01 2.111E-01  0.0000 0.28290
  5.000E+00 3.289E+01 1.086E+01 0.000E+00 0.000E+00 0.000E+00 0.000E+00 1.086E+01 2.554E-01  0.0000 0.29720
  5.500E+00 3.453E+01 1.008E+01 0.000E+00 0.000E+00 0.000E+00 0.000E+00 1.008E+01 3.032E-01  0.0000 0.31066
  6.000E+00 3.611E+01 9.414E+00 0.000E+00 0.000E+00 0.000E+00 0.000E+00 9.414E+00 3.546E-01  0.0000 0.32339
  7.000E+00 3.909E+01 8.355E+00 0.000E+00 0.000E+00 0.000E+00 0.000E+00 8.355E+00 4.676E-01  0.0000 0.34700
  8.000E+00 4.189E+01 7.542E+00 0.000E+00 0.000E+00 0.000E+00 0.000E+00 7.542E+00 5.938E-01  0.0000 0.36854
  9.000E+00 4.453E+01 6.898E+00 0.000E+00 0.000E+00 0.000E+00 0.000E+00 6.898E+00 7.326E-01  0.0000 0.38836
  1.000E+01 4.704E+01 6.374E+00 0.000E+00 0.000E+00 0.000E+00 0.000E+00 6.374E+00 8.836E-01  0.0000 0.40675
  1.200E+01 5.177E+01 5.574E+00 0.000E+00 0.000E+00 0.000E+00 0.000E+00 5.574E+00 1.220E+00  0.0000 0.43998
  1.400E+01 5.616E+01 4.990E+00 0.000E+00 0.000E+00 0.000E+00 0.000E+00 4.990E+00 1.600E+00  0.0000 0.46937
  1.700E+01 6.230E+01 4.360E+00 0.000E+00 0.000E+00 0.000E+00 0.000E+00 4.360E+00 2.245E+00  0.0000 0.50792
  2.000E+01 6.802E+01 3.911E+00 0.000E+00 0.000E+00 0.000E+00 0.000E+00 3.911E+00 2.974E+00  0.0000 0.54129
  2.500E+01 7.686E+01 3.394E+00 5.022E-11 0.000E+00 0.000E+00 5.022E-11 3.394E+00 4.352E+00  0.0000 0.58827
  3.000E+01 8.509E+01 3.045E+00 7.361E-09 0.000E+00 0.000E+00 7.361E-09 3.045E+00 5.912E+00  0.0000 0.62720
  3.500E+01 9.285E+01 2.794E+00 8.597E-09 0.000E+00 0.000E+00 8.597E-09 2.794E+00 7.629E+00  0.0000 0.66011
  4.000E+01 1.003E+02 2.606E+00 9.205E-09 0.000E+00 0.000E+00 9.205E-09 2.606E+00 9.485E+00  0.0000 0.68834
  4.500E+01 1.074E+02 2.460E+00 9.835E-09 0.000E+00 0.000E+00 9.835E-09 2.460E+00 1.146E+01  0.0000 0.71286
  5.000E+01 1.143E+02 2.344E+00 1.048E-08 0.000E+00 0.000E+00 1.048E-08 2.344E+00 1.355E+01  0.0000 0.73434
  5.500E+01 1.210E+02 2.250E+00 1.115E-08 0.000E+00 0.000E+00 1.115E-08 2.250E+00 1.572E+01  0.0000 0.75332
  6.000E+01 1.276E+02 2.173E+00 1.184E-08 0.000E+00 0.000E+00 1.184E-08 2.173E+00 1.799E+01  0.0001 0.77019
  7.000E+01 1.403E+02 2.053E+00 1.327E-08 0.000E+00 0.000E+00 1.327E-08 2.053E+00 2.273E+01  0.0038 0.79887
  8.000E+01 1.527E+02 1.966E+00 1.479E-08 0.000E+00 0.000E+00 1.479E-08 1.966E+00 2.771E+01  0.0118 0.82227
  9.000E+01 1.647E+02 1.900E+00 1.638E-08 0.000E+00 0.000E+00 1.638E-08 1.900E+00 3.289E+01  0.0232 0.84166
  1.000E+02 1.764E+02 1.850E+00 1.804E-08 0.000E+00 0.000E+00 1.804E-08 1.850E+00 3.822E+01  0.0371 0.85794
  1.200E+02 1.994E+02 1.779E+00 2.160E-08 0.000E+00 0.000E+00 2.160E-08 1.779E+00 4.926E+01  0.0703 0.88361
  1.400E+02 2.218E+02 1.733E+00 9.086E-07 0.000E+00 0.000E+00 9.086E-07 1.733E+00 6.066E+01  0.1079 0.90278
  1.700E+02 2.546E+02 1.692E+00 2.440E-06 2.282E-10 0.000E+00 2.440E-06 1.692E+00 7.820E+01  0.1684 0.92363
  2.000E+02 2.868E+02 1.670E+00 3.408E-06 1.676E-09 0.000E+00 3.410E-06 1.670E+00 9.606E+01  0.2305 0.93835
  2.500E+02 3.396E+02 1.655E+00 2.621E-05 1.569E-07 0.000E+00 2.636E-05 1.655E+00 1.262E+02  0.3329 0.95485
  3.000E+02 3.917E+02 1.653E+00 5.716E-05 1.483E-06 0.000E+00 5.865E-05 1.653E+00 1.564E+02  0.4307 0.96548
  3.500E+02 4.432E+02 1.658E+00 8.054E-05 3.975E-06 0.000E+00 8.451E-05 1.658E+00 1.866E+02  0.5228 0.97274
  4.000E+02 4.945E+02 1.666E+00 1.018E-04 7.635E-06 0.000E+00 1.095E-04 1.666E+00 2.167E+02  0.6092 0.97793
  4.500E+02 5.455E+02 1.676E+00 1.226E-04 1.244E-05 0.000E+00 1.350E-04 1.676E+00 2.466E+02  0.6903 0.98176
  5.000E+02 5.964E+02 1.687E+00 1.435E-04 1.836E-05 0.000E+00 1.619E-04 1.687E+00 2.764E+02  0.7665 0.98467
  5.500E+02 6.471E+02 1.698E+00 1.648E-04 2.536E-05 1.520E-05 2.054E-04 1.698E+00 3.059E+02  0.8384 0.98693
  6.000E+02 6.977E+02 1.709E+00 1.866E-04 3.342E-05 5.064E-05 2.707E-04 1.709E+00 3.353E+02  0.9064 0.98873
  7.000E+02 7.987E+02 1.730E+00 2.320E-04 5.257E-05 1.211E-04 4.057E-04 1.730E+00 3.934E+02  1.0325 0.99136
  8.000E+02 8.995E+02 1.750E+00 2.799E-04 7.555E-05 1.876E-04 5.431E-04 1.751E+00 4.509E+02  1.1476 0.99317
  9.000E+02 1.000E+03 1.769E+00 3.301E-04 1.021E-04 2.512E-04 6.834E-04 1.770E+00 5.077E+02  1.2539 0.99447
  1.000E+03 1.101E+03 1.786E+00 3.826E-04 1.321E-04 3.127E-04 8.274E-04 1.787E+00 5.639E+02  1.3528 0.99542
  1.200E+03 1.301E+03 1.818E+00 4.940E-04 2.015E-04 4.316E-04 1.127E-03 1.819E+00 6.748E+02  1.5337 0.99672
  1.400E+03 1.502E+03 1.844E+00 6.131E-04 2.822E-04 5.467E-04 1.442E-03 1.846E+00 7.840E+02  1.6973 0.99753
  1.700E+03 1.803E+03 1.879E+00 8.038E-04 4.225E-04 7.144E-04 1.941E-03 1.881E+00 9.449E+02  1.9193 0.99829
  2.000E+03 2.103E+03 1.907E+00 1.007E-03 5.830E-04 8.776E-04 2.468E-03 1.910E+00 1.103E+03  2.1199 0.99874
  2.500E+03 2.604E+03 1.945E+00 1.370E-03 8.895E-04 1.142E-03 3.401E-03 1.949E+00 1.362E+03  2.4184 0.99918
  3.000E+03 3.104E+03 1.976E+00 1.757E-03 1.238E-03 1.398E-03 4.394E-03 1.980E+00 1.617E+03  2.6812 0.99942
  3.500E+03 3.604E+03 2.001E+00 2.166E-03 1.622E-03 1.649E-03 5.436E-03 2.006E+00 1.868E+03  2.9152 0.99957
  4.000E+03 4.104E+03 2.022E+00 2.592E-03 2.051E-03 1.894E-03 6.536E-03 2.029E+00 2.115E+03  3.1256 0.99967
  4.500E+03 4.604E+03 2.041E+00 3.034E-03 2.514E-03 2.134E-03 7.681E-03 2.048E+00 2.361E+03  3.3162 0.99974
  5.000E+03 5.105E+03 2.057E+00 3.490E-03 3.003E-03 2.371E-03 8.863E-03 2.066E+00 2.604E+03  3.4902 0.99979
  5.500E+03 5.605E+03 2.071E+00 3.959E-03 3.517E-03 2.604E-03 1.008E-02 2.081E+00 2.845E+03  3.6502 0.99982
  6.000E+03 6.105E+03 2.084E+00 4.439E-03 4.054E-03 2.834E-03 1.133E-02 2.096E+00 3.084E+03  3.7980 0.99985
  7.000E+03 7.105E+03 2.107E+00 5.431E-03 5.186E-03 3.286E-03 1.390E-02 2.121E+00 3.558E+03  4.0636 0.99989
  8.000E+03 8.105E+03 2.126E+00 6.459E-03 6.390E-03 3.728E-03 1.658E-02 2.143E+00 4.027E+03  4.2971 0.99992
  9.000E+03 9.105E+03 2.143E+00 7.519E-03 7.657E-03 4.164E-03 1.934E-02 2.163E+00 4.492E+03  4.5053 0.99993
  1.000E+04 1.011E+04 2.158E+00 8.607E-03 8.979E-03 4.592E-03 2.218E-02 2.180E+00 4.952E+03  4.6932 0.99995
  1.200E+04 1.211E+04 2.183E+00 1.086E-02 1.177E-02 5.433E-03 2.805E-02 2.211E+00 5.863E+03  5.0217 0.99996
  1.400E+04 1.411E+04 2.204E+00 1.319E-02 1.472E-02 6.256E-03 3.416E-02 2.238E+00 6.762E+03  5.3027 0.99997
  1.700E+04 1.711E+04 2.230E+00 1.681E-02 1.941E-02 7.465E-03 4.369E-02 2.273E+00 8.092E+03  5.6607 0.99998
  2.000E+04 2.011E+04 2.250E+00 2.057E-02 2.435E-02 8.650E-03 5.358E-02 2.304E+00 9.402E+03  5.9638 0.99999
  2.500E+04 2.511E+04 2.278E+00 2.707E-02 3.305E-02 1.059E-02 7.071E-02 2.349E+00 1.155E+04  6.3852 0.99999
  3.000E+04 3.011E+04 2.300E+00 3.381E-02 4.222E-02 1.249E-02 8.851E-02 2.388E+00 1.366E+04  6.7337 0.99999
  3.500E+04 3.511E+04 2.318E+00 4.075E-02 5.175E-02 1.436E-02 1.069E-01 2.425E+00 1.574E+04  7.0310 1.00000
  4.000E+04 4.011E+04 2.333E+00 4.785E-02 6.159E-02 1.622E-02 1.257E-01 2.459E+00 1.779E+04  7.2902 1.00000
  4.500E+04 4.511E+04 2.346E+00 5.510E-02 7.170E-02 1.806E-02 1.449E-01 2.491E+00 1.981E+04  7.5201 1.00000
  5.000E+04 5.011E+04 2.358E+00 6.248E-02 8.203E-02 1.989E-02 1.644E-01 2.522E+00 2.180E+04  7.7266 1.00000
  5.500E+04 5.511E+04 2.368E+00 6.997E-02 9.256E-02 2.172E-02 1.842E-01 2.552E+00 2.377E+04  7.9139 1.00000
  6.000E+04 6.011E+04 2.377E+00 7.756E-02 1.033E-01 2.353E-02 2.043E-01 2.582E+00 2.572E+04  8.0853 1.00000
  7.000E+04 7.011E+04 2.394E+00 9.300E-02 1.251E-01 2.715E-02 2.453E-01 2.639E+00 2.955E+04  8.3899 1.00000
  8.000E+04 8.011E+04 2.408E+00 1.087E-01 1.475E-01 3.075E-02 2.870E-01 2.695E+00 3.330E+04  8.6544 1.00000
  9.000E+04 9.011E+04 2.420E+00 1.248E-01 1.703E-01 3.434E-02 3.294E-01 2.749E+00 3.698E+04  8.8882 1.00000
  1.000E+05 1.001E+05 2.431E+00 1.410E-01 1.934E-01 3.793E-02 3.724E-01 2.803E+00 4.058E+04  9.0976 1.00000
  1.200E+05 1.201E+05 2.450E+00 1.741E-01 2.407E-01 4.510E-02 4.598E-01 2.909E+00 4.758E+04  9.4604 1.00000
  1.400E+05 1.401E+05 2.465E+00 2.078E-01 2.888E-01 5.228E-02 5.489E-01 3.014E+00 5.433E+04  9.7676 1.00000
  1.700E+05 1.701E+05 2.485E+00 2.594E-01 3.625E-01 6.307E-02 6.850E-01 3.170E+00 6.404E+04 10.1549 1.00000
  2.000E+05 2.001E+05 2.501E+00 3.119E-01 4.375E-01 7.391E-02 8.234E-01 3.324E+00 7.328E+04 10.4792 1.00000
  2.500E+05 2.501E+05 2.523E+00 4.012E-01 5.648E-01 9.208E-02 1.058E+00 3.581E+00 8.777E+04 10.9249 1.00000
  3.000E+05 3.001E+05 2.542E+00 4.921E-01 6.940E-01 1.104E-01 1.297E+00 3.838E+00 1.012E+05 11.2891 1.00000
  3.500E+05 3.501E+05 2.557E+00 5.843E-01 8.248E-01 1.289E-01 1.538E+00 4.095E+00 1.139E+05 11.5972 1.00000
  4.000E+05 4.001E+05 2.570E+00 6.776E-01 9.568E-01 1.475E-01 1.782E+00 4.352E+00 1.257E+05 11.8641 1.00000
  4.500E+05 4.501E+05 2.582E+00 7.718E-01 1.090E+00 1.662E-01 2.028E+00 4.610E+00 1.369E+05 12.0995 1.00000
  5.000E+05 5.001E+05 2.593E+00 8.668E-01 1.224E+00 1.851E-01 2.276E+00 4.868E+00 1.474E+05 12.3102 1.00000
  5.500E+05 5.501E+05 2.602E+00 9.624E-01 1.358E+00 2.041E-01 2.525E+00 5.127E+00 1.574E+05 12.5007 1.00000
  6.000E+05 6.001E+05 2.611E+00 1.059E+00 1.493E+00 2.232E-01 2.775E+00 5.386E+00 1.669E+05 12.6747 1.00000
  7.000E+05 7.001E+05 2.626E+00 1.253E+00 1.765E+00 2.618E-01 3.279E+00 5.906E+00 1.847E+05 12.9829 1.00000
  8.000E+05 8.001E+05 2.640E+00 1.448E+00 2.038E+00 3.008E-01 3.787E+00 6.427E+00 2.009E+05 13.2499 1.00000
  9.000E+05 9.001E+05 2.652E+00 1.645E+00 2.312E+00 3.402E-01 4.298E+00 6.950E+00 2.159E+05 13.4854 1.00000
  1.000E+06 1.000E+06 2.663E+00 1.843E+00 2.588E+00 3.800E-01 4.811E+00 7.474E+00 2.297E+05 13.6961 1.00000
  1.200E+06 1.200E+06 2.681E+00 2.242E+00 3.141E+00 4.604E-01 5.844E+00 8.525E+00 2.548E+05 14.0607 1.00000
  1.400E+06 1.400E+06 2.697E+00 2.645E+00 3.697E+00 5.421E-01 6.884E+00 9.581E+00 2.769E+05 14.3690 1.00000
  1.700E+06 1.700E+06 2.717E+00 3.252E+00 4.535E+00 6.665E-01 8.454E+00 1.117E+01 3.059E+05 14.7572 1.00000
  2.000E+06 2.000E+06 2.734E+00 3.864E+00 5.376E+00 7.930E-01 1.003E+01 1.277E+01 3.310E+05 15.0823 1.00000
  2.500E+06 2.500E+06 2.758E+00 4.891E+00 6.783E+00 1.008E+00 1.268E+01 1.544E+01 3.665E+05 15.5285 1.00000
  3.000E+06 3.000E+06 2.777E+00 5.924E+00 8.194E+00 1.227E+00 1.534E+01 1.812E+01 3.964E+05 15.8931 1.00000
  3.500E+06 3.500E+06 2.793E+00 6.961E+00 9.608E+00 1.449E+00 1.802E+01 2.081E+01 4.221E+05 16.2014 1.00000
  4.000E+06 4.000E+06 2.808E+00 8.003E+00 1.103E+01 1.675E+00 2.070E+01 2.351E+01 4.447E+05 16.4685 1.00000
  4.500E+06 4.500E+06 2.820E+00 9.047E+00 1.244E+01 1.904E+00 2.340E+01 2.622E+01 4.648E+05 16.7040 1.00000
  5.000E+06 5.000E+06 2.832E+00 1.009E+01 1.387E+01 2.136E+00 2.609E+01 2.893E+01 4.830E+05 16.9148 1.00000
  5.500E+06 5.500E+06 2.842E+00 1.114E+01 1.529E+01 2.369E+00 2.880E+01 3.164E+01 4.995E+05 17.1054 1.00000
  6.000E+06 6.000E+06 2.852E+00 1.219E+01 1.671E+01 2.606E+00 3.151E+01 3.436E+01 5.147E+05 17.2794 1.00000
  7.000E+06 7.000E+06 2.868E+00 1.430E+01 1.956E+01 3.084E+00 3.694E+01 3.981E+01 5.417E+05 17.5877 1.00000
  8.000E+06 8.000E+06 2.883E+00 1.641E+01 2.241E+01 3.569E+00 4.239E+01 4.527E+01 5.652E+05 17.8548 1.00000
  9.000E+06 9.000E+06 2.896E+00 1.852E+01 2.527E+01 4.062E+00 4.785E+01 5.074E+01 5.861E+05 18.0903 1.00000
  1.000E+07 1.000E+07 2.908E+00 2.064E+01 2.812E+01 4.560E+00 5.332E+01 5.623E+01 6.048E+05 18.3010 1.00000
  1.200E+07 1.200E+07 2.928E+00 2.488E+01 3.384E+01 5.572E+00 6.429E+01 6.722E+01 6.373E+05 18.6657 1.00000
  1.400E+07 1.400E+07 2.946E+00 2.912E+01 3.956E+01 6.603E+00 7.529E+01 7.823E+01 6.649E+05 18.9740 1.00000
  1.700E+07 1.700E+07 2.968E+00 3.550E+01 4.815E+01 8.180E+00 9.183E+01 9.480E+01 6.997E+05 19.3623 1.00000
  2.000E+07 2.000E+07 2.987E+00 4.189E+01 5.674E+01 9.787E+00 1.084E+02 1.114E+02 7.288E+05 19.6873 1.00000
  2.500E+07 2.500E+07 3.013E+00 5.255E+01 7.107E+01 1.253E+01 1.362E+02 1.392E+02 7.689E+05 20.1336 1.00000
  3.000E+07 3.000E+07 3.034E+00 6.323E+01 8.541E+01 1.533E+01 1.640E+02 1.670E+02 8.017E+05 20.4982 1.00000
  3.500E+07 3.500E+07 3.052E+00 7.391E+01 9.976E+01 1.818E+01 1.919E+02 1.949E+02 8.293E+05 20.8065 1.00000
  4.000E+07 4.000E+07 3.068E+00 8.460E+01 1.141E+02 2.109E+01 2.198E+02 2.229E+02 8.533E+05 21.0736 1.00000
  4.500E+07 4.500E+07 3.082E+00 9.530E+01 1.285E+02 2.403E+01 2.478E+02 2.509E+02 8.744E+05 21.3092 1.00000
  5.000E+07 5.000E+07 3.095E+00 1.060E+02 1.428E+02 2.701E+01 2.758E+02 2.789E+02 8.933E+05 21.5199 1.00000
  5.500E+07 5.500E+07 3.106E+00 1.167E+02 1.572E+02 3.003E+01 3.039E+02 3.070E+02 9.104E+05 21.7105 1.00000
  6.000E+07 6.000E+07 3.117E+00 1.274E+02 1.715E+02 3.308E+01 3.320E+02 3.351E+02 9.260E+05 21.8845 1.00000
  7.000E+07 7.000E+07 3.136E+00 1.488E+02 2.002E+02 3.926E+01 3.883E+02 3.915E+02 9.536E+05 22.1928 1.00000
  8.000E+07 8.000E+07 3.152E+00 1.702E+02 2.290E+02 4.555E+01 4.448E+02 4.479E+02 9.775E+05 22.4599 1.00000
  9.000E+07 9.000E+07 3.167E+00 1.917E+02 2.577E+02 5.193E+01 5.013E+02 5.045E+02 9.985E+05 22.6955 1.00000
  1.000E+08 1.000E+08 3.180E+00 2.131E+02 2.864E+02 5.840E+01 5.579E+02 5.611E+02 1.017E+06 22.9062 1.00000
  1.200E+08 1.200E+08 3.202E+00 2.560E+02 3.439E+02 7.155E+01 6.714E+02 6.746E+02 1.050E+06 23.2708 1.00000
  1.400E+08 1.400E+08 3.222E+00 2.989E+02 4.014E+02 8.497E+01 7.852E+02 7.884E+02 1.077E+06 23.5791 1.00000
  1.700E+08 1.700E+08 3.247E+00 3.632E+02 4.876E+02 1.055E+02 9.563E+02 9.595E+02 1.112E+06 23.9674 1.00000
  2.000E+08 2.000E+08 3.267E+00 4.276E+02 5.738E+02 1.265E+02 1.128E+03 1.131E+03 1.140E+06 24.2925 1.00000
  2.500E+08 2.500E+08 3.296E+00 5.348E+02 7.175E+02 1.623E+02 1.415E+03 1.418E+03 1.180E+06 24.7388 1.00000
  3.000E+08 3.000E+08 3.320E+00 6.421E+02 8.612E+02 1.990E+02 1.702E+03 1.706E+03 1.212E+06 25.1034 1.00000
  3.500E+08 3.500E+08 3.340E+00 7.494E+02 1.005E+03 2.364E+02 1.991E+03 1.994E+03 1.239E+06 25.4117 1.00000
  4.000E+08 4.000E+08 3.358E+00 8.567E+02 1.149E+03 2.745E+02 2.280E+03 2.283E+03 1.262E+06 25.6788 1.00000
  4.500E+08 4.500E+08 3.374E+00 9.640E+02 1.292E+03 3.131E+02 2.570E+03 2.573E+03 1.283E+06 25.9143 1.00000
  5.000E+08 5.000E+08 3.388E+00 1.071E+03 1.436E+03 3.523E+02 2.860E+03 2.863E+03 1.301E+06 26.1251 1.00000
  5.500E+08 5.500E+08 3.401E+00 1.179E+03 1.580E+03 3.920E+02 3.151E+03 3.154E+03 1.318E+06 26.3157 1.00000
  6.000E+08 6.000E+08 3.413E+00 1.286E+03 1.724E+03 4.321E+02 3.442E+03 3.445E+03 1.333E+06 26.4897 1.00000
  7.000E+08 7.000E+08 3.434E+00 1.501E+03 2.011E+03 5.135E+02 4.025E+03 4.029E+03 1.360E+06 26.7980 1.00000
  8.000E+08 8.000E+08 3.452E+00 1.715E+03 2.299E+03 5.964E+02 4.610E+03 4.614E+03 1.383E+06 27.0650 1.00000
  9.000E+08 9.000E+08 3.468E+00 1.930E+03 2.586E+03 6.805E+02 5.197E+03 5.200E+03 1.404E+06 27.3005 1.00000
  1.000E+09 1.000E+09 3.483E+00 2.145E+03 2.874E+03 7.659E+02 5.784E+03 5.788E+03 1.422E+06 27.5112 1.00000
  1.200E+09 1.200E+09 3.508E+00 2.574E+03 3.449E+03 9.396E+02 6.962E+03 6.966E+03 1.453E+06 27.8759 1.00000
  1.400E+09 1.400E+09 3.530E+00 3.003E+03 4.024E+03 1.117E+03 8.144E+03 8.148E+03 1.480E+06 28.1838 1.00000
  1.700E+09 1.700E+09 3.558E+00 3.647E+03 4.886E+03 1.389E+03 9.923E+03 9.926E+03 1.513E+06 28.5721 1.00000
  2.000E+09 2.000E+09 3.581E+00 4.291E+03 5.749E+03 1.667E+03 1.171E+04 1.171E+04 1.541E+06 28.8956 1.00000
  2.500E+09 2.500E+09 3.613E+00 5.364E+03 7.187E+03 2.142E+03 1.469E+04 1.470E+04 1.579E+06 29.3419 1.00000
  3.000E+09 3.000E+09 3.640E+00 6.438E+03 8.624E+03 2.630E+03 1.769E+04 1.770E+04 1.610E+06 29.7000 1.00000
  3.500E+09 3.500E+09 3.663E+00 7.511E+03 1.006E+04 3.128E+03 2.070E+04 2.070E+04 1.636E+06 30.0084 1.00000
  4.000E+09 4.000E+09 3.683E+00 8.584E+03 1.150E+04 3.635E+03 2.372E+04 2.372E+04 1.659E+06 30.2754 1.00000
  4.500E+09 4.500E+09 3.703E+00 9.658E+03 1.294E+04 4.150E+03 2.674E+04 2.675E+04 1.678E+06 30.4818 1.00000
  5.000E+09 5.000E+09 3.718E+00 1.073E+04 1.438E+04 4.673E+03 2.978E+04 2.978E+04 1.696E+06 30.6926 1.00000
  5.500E+09 5.500E+09 3.733E+00 1.180E+04 1.581E+04 5.202E+03 3.282E+04 3.282E+04 1.712E+06 30.8832 1.00000
  6.000E+09 6.000E+09 3.746E+00 1.288E+04 1.725E+04 5.738E+03 3.587E+04 3.587E+04 1.727E+06 31.0572 1.00000
  7.000E+09 7.000E+09 3.769E+00 1.502E+04 2.013E+04 6.827E+03 4.198E+04 4.198E+04 1.752E+06 31.3655 1.00000
  8.000E+09 8.000E+09 3.802E+00 1.717E+04 2.300E+04 7.935E+03 4.811E+04 4.811E+04 1.775E+06 31.4771 1.00000
  9.000E+09 9.000E+09 3.820E+00 1.932E+04 2.588E+04 9.063E+03 5.426E+04 5.426E+04 1.794E+06 31.7127 1.00000
  1.000E+10 1.000E+10 3.836E+00 2.146E+04 2.875E+04 1.021E+04 6.042E+04 6.043E+04 1.812E+06 31.9234 1.00000
  1.200E+10 1.200E+10 3.865E+00 2.576E+04 3.450E+04 1.254E+04 7.280E+04 7.280E+04 1.842E+06 32.2880 1.00000
  1.400E+10 1.400E+10 3.889E+00 3.005E+04 4.025E+04 1.492E+04 8.522E+04 8.523E+04 1.867E+06 32.5963 1.00000
  1.700E+10 1.700E+10 3.920E+00 3.649E+04 4.888E+04 1.858E+04 1.039E+05 1.040E+05 1.899E+06 32.9846 1.00000
  2.000E+10 2.000E+10 3.946E+00 4.293E+04 5.751E+04 2.233E+04 1.228E+05 1.228E+05 1.926E+06 33.3097 1.00000
  2.500E+10 2.500E+10 3.982E+00 5.366E+04 7.188E+04 2.873E+04 1.543E+05 1.543E+05 1.962E+06 33.7560 1.00000
  3.000E+10 3.000E+10 4.012E+00 6.440E+04 8.626E+04 3.532E+04 1.860E+05 1.860E+05 1.991E+06 34.1206 1.00000
  3.500E+10 3.500E+10 4.037E+00 7.513E+04 1.006E+05 4.205E+04 2.178E+05 2.178E+05 2.016E+06 34.4289 1.00000
  4.000E+10 4.000E+10 4.059E+00 8.586E+04 1.150E+05 4.891E+04 2.498E+05 2.498E+05 2.038E+06 34.6960 1.00000
  4.500E+10 4.500E+10 4.079E+00 9.660E+04 1.294E+05 5.589E+04 2.819E+05 2.819E+05 2.056E+06 34.9315 1.00000
  5.000E+10 5.000E+10 4.096E+00 1.073E+05 1.438E+05 6.298E+04 3.141E+05 3.141E+05 2.073E+06 35.1423 1.00000
  5.500E+10 5.500E+10 4.112E+00 1.181E+05 1.581E+05 7.017E+04 3.464E+05 3.464E+05 2.088E+06 35.3329 1.00000
  6.000E+10 6.000E+10 4.127E+00 1.288E+05 1.725E+05 7.744E+04 3.788E+05 3.788E+05 2.102E+06 35.5069 1.00000
  7.000E+10 7.000E+10 4.153E+00 1.503E+05 2.013E+05 9.224E+04 4.438E+05 4.438E+05 2.126E+06 35.8152 1.00000
  8.000E+10 8.000E+10 4.176E+00 1.717E+05 2.300E+05 1.073E+05 5.091E+05 5.091E+05 2.147E+06 36.0823 1.00000
  9.000E+10 9.000E+10 4.197E+00 1.932E+05 2.588E+05 1.227E+05 5.746E+05 5.747E+05 2.166E+06 36.3178 1.00000
  1.000E+11 1.000E+11 4.215E+00 2.147E+05 2.875E+05 1.383E+05 6.405E+05 6.405E+05 2.182E+06 36.5285 1.00000
  1.200E+11 1.200E+11 4.247E+00 2.576E+05 3.450E+05 1.701E+05 7.727E+05 7.727E+05 2.211E+06 36.8932 1.00000
  1.400E+11 1.400E+11 4.274E+00 3.005E+05 4.025E+05 2.027E+05 9.057E+05 9.057E+05 2.235E+06 37.2015 1.00000
  1.700E+11 1.700E+11 4.308E+00 3.649E+05 4.888E+05 2.527E+05 1.106E+06 1.106E+06 2.265E+06 37.5898 1.00000
  2.000E+11 2.000E+11 4.337E+00 4.293E+05 5.750E+05 3.041E+05 1.308E+06 1.308E+06 2.290E+06 37.9148 1.00000
  2.500E+11 2.500E+11 4.378E+00 5.367E+05 7.188E+05 3.920E+05 1.647E+06 1.648E+06 2.324E+06 38.3611 1.00000
  3.000E+11 3.000E+11 4.411E+00 6.440E+05 8.626E+05 4.826E+05 1.989E+06 1.989E+06 2.351E+06 38.7258 1.00000
  3.500E+11 3.500E+11 4.439E+00 7.513E+05 1.006E+06 5.753E+05 2.333E+06 2.333E+06 2.374E+06 39.0341 1.00000
  4.000E+11 4.000E+11 4.464E+00 8.586E+05 1.150E+06 6.699E+05 2.679E+06 2.679E+06 2.394E+06 39.3011 1.00000
  4.500E+11 4.500E+11 4.486E+00 9.660E+05 1.294E+06 7.662E+05 3.026E+06 3.026E+06 2.412E+06 39.5367 1.00000
  5.000E+11 5.000E+11 4.506E+00 1.073E+06 1.438E+06 8.641E+05 3.375E+06 3.375E+06 2.428E+06 39.7474 1.00000
  5.500E+11 5.500E+11 4.524E+00 1.181E+06 1.581E+06 9.635E+05 3.725E+06 3.725E+06 2.442E+06 39.9380 1.00000
  6.000E+11 6.000E+11 4.540E+00 1.288E+06 1.725E+06 1.064E+06 4.077E+06 4.077E+06 2.454E+06 40.1121 1.00000
  7.000E+11 7.000E+11 4.569E+00 1.503E+06 2.013E+06 1.269E+06 4.784E+06 4.784E+06 2.477E+06 40.4204 1.00000
  8.000E+11 8.000E+11 4.595E+00 1.717E+06 2.300E+06 1.478E+06 5.496E+06 5.496E+06 2.497E+06 40.6874 1.00000
  9.000E+11 9.000E+11 4.618E+00 1.932E+06 2.588E+06 1.692E+06 6.211E+06 6.211E+06 2.514E+06 40.9230 1.00000
  1.000E+12 1.000E+12 4.638E+00 2.147E+06 2.875E+06 1.908E+06 6.930E+06 6.930E+06 2.529E+06 41.1337 1.00000
