 Incident particle is a Muon with M = 105.65839 MeV
 Index = 0: Tungsten
      Absorber with <Z/A> = 0.40252
 Density effect computed following Fano (1963)
 Models for Radloss: brems =  SSR, pair =  SSR, photonuc = DRSS

 *** Table generated with PUMAS v1.1 ***

      T         p     Ionization  brems     pair     photonuc  Radloss    dE/dx   CSDA Range  delta   beta
    [MeV]    [MeV/c]  -----------------------[MeV cm^2/g]------------------------  [g/cm^2]
  1.000E+00 1.457E+01 2.153E+01 0.000E+00 0.000E+00 0.000E+00 0.000E+00 2.153E+01 2.322E-02  0.0227 0.13661
  1.200E+00 1.597E+01 1.899E+01 0.000E+00 0.000E+00 0.000E+00 0.000E+00 1.899E+01 3.314E-02  0.0229 0.14944
  1.400E+00 1.726E+01 1.704E+01 0.000E+00 0.000E+00 0.000E+00 0.000E+00 1.704E+01 4.428E-02  0.0231 0.16119
  1.700E+00 1.903E+01 1.484E+01 0.000E+00 0.000E+00 0.000E+00 0.000E+00 1.484E+01 6.320E-02  0.0235 0.17725
  2.000E+00 2.066E+01 1.320E+01 0.000E+00 0.000E+00 0.000E+00 0.000E+00 1.320E+01 8.468E-02  0.0239 0.19186
  2.500E+00 2.312E+01 1.122E+01 0.000E+00 0.000E+00 0.000E+00 0.000E+00 1.122E+01 1.259E-01  0.0245 0.21376
  3.000E+00 2.536E+01 9.810E+00 0.000E+00 0.000E+00 0.000E+00 0.000E+00 9.810E+00 1.737E-01  0.0251 0.23336
  3.500E+00 2.742E+01 8.755E+00 0.000E+00 0.000E+00 0.000E+00 0.000E+00 8.755E+00 2.278E-01  0.0257 0.25120
  4.000E+00 2.935E+01 7.933E+00 0.000E+00 0.000E+00 0.000E+00 0.000E+00 7.933E+00 2.879E-01  0.0263 0.26763
  4.500E+00 3.116E+01 7.271E+00 0.000E+00 0.000E+00 0.000E+00 0.000E+00 7.271E+00 3.538E-01  0.0269 0.28290
  5.000E+00 3.289E+01 6.727E+00 0.000E+00 0.000E+00 0.000E+00 0.000E+00 6.727E+00 4.253E-01  0.0276 0.29720
  5.500E+00 3.453E+01 6.271E+00 0.000E+00 0.000E+00 0.000E+00 0.000E+00 6.271E+00 5.024E-01  0.0282 0.31066
  6.000E+00 3.611E+01 5.882E+00 0.000E+00 0.000E+00 0.000E+00 0.000E+00 5.882E+00 5.848E-01  0.0288 0.32339
  7.000E+00 3.909E+01 5.255E+00 0.000E+00 0.000E+00 0.000E+00 0.000E+00 5.255E+00 7.650E-01  0.0301 0.34700
  8.000E+00 4.189E+01 4.770E+00 0.000E+00 0.000E+00 0.000E+00 0.000E+00 4.770E+00 9.650E-01  0.0314 0.36854
  9.000E+00 4.453E+01 4.383E+00 0.000E+00 0.000E+00 0.000E+00 0.000E+00 4.383E+00 1.184E+00  0.0327 0.38836
  1.000E+01 4.704E+01 4.066E+00 0.000E+00 0.000E+00 0.000E+00 0.000E+00 4.066E+00 1.421E+00  0.0340 0.40675
  1.200E+01 5.177E+01 3.578E+00 0.000E+00 0.000E+00 0.000E+00 0.000E+00 3.578E+00 1.947E+00  0.0367 0.43998
  1.400E+01 5.616E+01 3.220E+00 0.000E+00 0.000E+00 0.000E+00 0.000E+00 3.220E+00 2.537E+00  0.0395 0.46937
  1.700E+01 6.230E+01 2.830E+00 0.000E+00 0.000E+00 0.000E+00 0.000E+00 2.830E+00 3.534E+00  0.0437 0.50792
  2.000E+01 6.802E+01 2.550E+00 0.000E+00 0.000E+00 0.000E+00 0.000E+00 2.550E+00 4.653E+00  0.0480 0.54129
  2.500E+01 7.686E+01 2.226E+00 0.000E+00 0.000E+00 0.000E+00 0.000E+00 2.226E+00 6.760E+00  0.0555 0.58827
  3.000E+01 8.509E+01 2.006E+00 0.000E+00 0.000E+00 0.000E+00 0.000E+00 2.006E+00 9.132E+00  0.0631 0.62720
  3.500E+01 9.285E+01 1.847E+00 0.000E+00 0.000E+00 0.000E+00 0.000E+00 1.847E+00 1.173E+01  0.0710 0.66011
  4.000E+01 1.003E+02 1.728E+00 0.000E+00 0.000E+00 0.000E+00 0.000E+00 1.728E+00 1.454E+01  0.0792 0.68834
  4.500E+01 1.074E+02 1.635E+00 0.000E+00 0.000E+00 0.000E+00 0.000E+00 1.635E+00 1.751E+01  0.0875 0.71286
  5.000E+01 1.143E+02 1.561E+00 0.000E+00 0.000E+00 0.000E+00 0.000E+00 1.561E+00 2.064E+01  0.0960 0.73434
  5.500E+01 1.210E+02 1.502E+00 0.000E+00 0.000E+00 0.000E+00 0.000E+00 1.502E+00 2.391E+01  0.1047 0.75332
  6.000E+01 1.276E+02 1.452E+00 0.000E+00 0.000E+00 0.000E+00 0.000E+00 1.452E+00 2.730E+01  0.1135 0.77019
  7.000E+01 1.403E+02 1.376E+00 0.000E+00 0.000E+00 0.000E+00 0.000E+00 1.376E+00 3.438E+01  0.1317 0.79887
  8.000E+01 1.527E+02 1.321E+00 0.000E+00 0.000E+00 0.000E+00 0.000E+00 1.321E+00 4.181E+01  0.1503 0.82227
  9.000E+01 1.647E+02 1.280E+00 0.000E+00 0.000E+00 0.000E+00 0.000E+00 1.280E+00 4.950E+01  0.1694 0.84166
  1.000E+02 1.764E+02 1.249E+00 0.000E+00 0.000E+00 0.000E+00 0.000E+00 1.249E+00 5.742E+01  0.1888 0.85794
  1.200E+02 1.994E+02 1.206E+00 0.000E+00 0.000E+00 0.000E+00 0.000E+00 1.206E+00 7.374E+01  0.2281 0.88361
  1.400E+02 2.218E+02 1.179E+00 0.000E+00 0.000E+00 0.000E+00 0.000E+00 1.179E+00 9.053E+01  0.2678 0.90278
  1.700E+02 2.546E+02 1.157E+00 0.000E+00 0.000E+00 0.000E+00 0.000E+00 1.157E+00 1.162E+02  0.3270 0.92363
  2.000E+02 2.868E+02 1.146E+00 0.000E+00 0.000E+00 0.000E+00 0.000E+00 1.146E+00 1.423E+02  0.3847 0.93835
  2.500E+02 3.396E+02 1.142E+00 0.000E+00 0.000E+00 0.000E+00 0.000E+00 1.142E+00 1.861E+02  0.4768 0.95485
  3.000E+02 3.917E+02 1.146E+00 0.000E+00 0.000E+00 0.000E+00 0.000E+00 1.146E+00 2.298E+02  0.5630 0.96548
  3.500E+02 4.432E+02 1.154E+00 0.000E+00 0.000E+00 0.000E+00 0.000E+00 1.154E+00 2.733E+02  0.6436 0.97274
  4.000E+02 4.945E+02 1.164E+00 0.000E+00 0.000E+00 0.000E+00 0.000E+00 1.164E+00 3.164E+02  0.7190 0.97793
  4.500E+02 5.455E+02 1.174E+00 4.741E-05 1.007E-05 0.000E+00 5.748E-05 1.175E+00 3.592E+02  0.7898 0.98176
  5.000E+02 5.964E+02 1.185E+00 2.371E-04 6.906E-05 0.000E+00 3.062E-04 1.185E+00 4.015E+02  0.8566 0.98467
  5.500E+02 6.471E+02 1.196E+00 3.686E-04 9.954E-05 1.456E-05 4.827E-04 1.196E+00 4.435E+02  0.9198 0.98693
  6.000E+02 6.977E+02 1.206E+00 4.802E-04 1.326E-04 4.872E-05 6.615E-04 1.207E+00 4.851E+02  0.9799 0.98873
  7.000E+02 7.987E+02 1.226E+00 6.798E-04 2.104E-04 1.165E-04 1.007E-03 1.227E+00 5.673E+02  1.0920 0.99136
  8.000E+02 8.995E+02 1.244E+00 8.690E-04 3.038E-04 1.802E-04 1.353E-03 1.245E+00 6.482E+02  1.1951 0.99317
  9.000E+02 1.000E+03 1.261E+00 1.058E-03 4.120E-04 2.408E-04 1.710E-03 1.262E+00 7.280E+02  1.2907 0.99447
  1.000E+03 1.101E+03 1.276E+00 1.249E-03 5.341E-04 2.993E-04 2.083E-03 1.278E+00 8.067E+02  1.3801 0.99542
  1.200E+03 1.301E+03 1.303E+00 1.647E-03 8.169E-04 4.119E-04 2.876E-03 1.306E+00 9.615E+02  1.5435 0.99672
  1.400E+03 1.502E+03 1.327E+00 2.067E-03 1.147E-03 5.203E-04 3.734E-03 1.331E+00 1.113E+03  1.6902 0.99753
  1.700E+03 1.803E+03 1.357E+00 2.736E-03 1.719E-03 6.774E-04 5.133E-03 1.362E+00 1.336E+03  1.8860 0.99829
  2.000E+03 2.103E+03 1.383E+00 3.449E-03 2.375E-03 8.295E-04 6.654E-03 1.389E+00 1.554E+03  2.0591 0.99874
  2.500E+03 2.604E+03 1.417E+00 4.721E-03 3.627E-03 1.074E-03 9.422E-03 1.427E+00 1.909E+03  2.3099 0.99918
  3.000E+03 3.104E+03 1.445E+00 6.084E-03 5.048E-03 1.310E-03 1.244E-02 1.458E+00 2.255E+03  2.5259 0.99942
  3.500E+03 3.604E+03 1.469E+00 7.523E-03 6.616E-03 1.540E-03 1.568E-02 1.485E+00 2.595E+03  2.7162 0.99957
  4.000E+03 4.104E+03 1.489E+00 9.027E-03 8.320E-03 1.763E-03 1.911E-02 1.508E+00 2.929E+03  2.8868 0.99967
  4.500E+03 4.604E+03 1.506E+00 1.059E-02 1.014E-02 1.982E-03 2.271E-02 1.529E+00 3.259E+03  3.0420 0.99974
  5.000E+03 5.105E+03 1.522E+00 1.221E-02 1.207E-02 2.196E-03 2.647E-02 1.548E+00 3.584E+03  3.1844 0.99979
  5.500E+03 5.605E+03 1.535E+00 1.387E-02 1.408E-02 2.407E-03 3.036E-02 1.566E+00 3.905E+03  3.3164 0.99982
  6.000E+03 6.105E+03 1.548E+00 1.557E-02 1.618E-02 2.615E-03 3.437E-02 1.582E+00 4.222E+03  3.4395 0.99985
  7.000E+03 7.105E+03 1.569E+00 1.909E-02 2.061E-02 3.021E-03 4.273E-02 1.612E+00 4.848E+03  3.6637 0.99989
  8.000E+03 8.105E+03 1.587E+00 2.275E-02 2.531E-02 3.417E-03 5.147E-02 1.639E+00 5.463E+03  3.8640 0.99992
  9.000E+03 9.105E+03 1.603E+00 2.652E-02 3.023E-02 3.805E-03 6.055E-02 1.663E+00 6.069E+03  4.0452 0.99993
  1.000E+04 1.011E+04 1.617E+00 3.039E-02 3.536E-02 4.186E-03 6.994E-02 1.686E+00 6.666E+03  4.2107 0.99995
  1.200E+04 1.211E+04 1.639E+00 3.841E-02 4.615E-02 4.931E-03 8.949E-02 1.729E+00 7.837E+03  4.5041 0.99996
  1.400E+04 1.411E+04 1.658E+00 4.673E-02 5.754E-02 5.657E-03 1.099E-01 1.768E+00 8.981E+03  4.7584 0.99997
  1.700E+04 1.711E+04 1.681E+00 5.968E-02 7.555E-02 6.718E-03 1.419E-01 1.823E+00 1.065E+04  5.0862 0.99998
  2.000E+04 2.011E+04 1.700E+00 7.311E-02 9.447E-02 7.754E-03 1.753E-01 1.875E+00 1.227E+04  5.3663 0.99999
  2.500E+04 2.511E+04 1.724E+00 9.633E-02 1.276E-01 9.438E-03 2.334E-01 1.958E+00 1.488E+04  5.7589 0.99999
  3.000E+04 3.011E+04 1.744E+00 1.204E-01 1.624E-01 1.108E-02 2.939E-01 2.038E+00 1.739E+04  6.0859 0.99999
  3.500E+04 3.511E+04 1.760E+00 1.452E-01 1.984E-01 1.270E-02 3.563E-01 2.116E+00 1.979E+04  6.3666 1.00000
  4.000E+04 4.011E+04 1.773E+00 1.706E-01 2.354E-01 1.430E-02 4.203E-01 2.193E+00 2.211E+04  6.6126 1.00000
  4.500E+04 4.511E+04 1.785E+00 1.965E-01 2.733E-01 1.588E-02 4.857E-01 2.270E+00 2.435E+04  6.8315 1.00000
  5.000E+04 5.011E+04 1.795E+00 2.228E-01 3.120E-01 1.744E-02 5.523E-01 2.347E+00 2.652E+04  7.0289 1.00000
  5.500E+04 5.511E+04 1.804E+00 2.495E-01 3.513E-01 1.900E-02 6.199E-01 2.424E+00 2.862E+04  7.2085 1.00000
  6.000E+04 6.011E+04 1.812E+00 2.766E-01 3.912E-01 2.055E-02 6.883E-01 2.500E+00 3.065E+04  7.3732 1.00000
  7.000E+04 7.011E+04 1.826E+00 3.317E-01 4.724E-01 2.362E-02 8.277E-01 2.654E+00 3.453E+04  7.6669 1.00000
  8.000E+04 8.011E+04 1.838E+00 3.878E-01 5.552E-01 2.668E-02 9.696E-01 2.808E+00 3.819E+04  7.9228 1.00000
  9.000E+04 9.011E+04 1.849E+00 4.448E-01 6.393E-01 2.972E-02 1.114E+00 2.963E+00 4.166E+04  8.1495 1.00000
  1.000E+05 1.001E+05 1.858E+00 5.026E-01 7.246E-01 3.275E-02 1.260E+00 3.118E+00 4.495E+04  8.3531 1.00000
  1.200E+05 1.201E+05 1.874E+00 6.201E-01 8.978E-01 3.881E-02 1.557E+00 3.431E+00 5.106E+04  8.7069 1.00000
  1.400E+05 1.401E+05 1.887E+00 7.399E-01 1.074E+00 4.485E-02 1.859E+00 3.746E+00 5.664E+04  9.0074 1.00000
  1.700E+05 1.701E+05 1.904E+00 9.227E-01 1.343E+00 5.393E-02 2.319E+00 4.223E+00 6.418E+04  9.3874 1.00000
  2.000E+05 2.001E+05 1.918E+00 1.109E+00 1.615E+00 6.302E-02 2.787E+00 4.705E+00 7.091E+04  9.7068 1.00000
  2.500E+05 2.501E+05 1.937E+00 1.424E+00 2.075E+00 7.824E-02 3.578E+00 5.514E+00 8.072E+04 10.1469 1.00000
  3.000E+05 3.001E+05 1.952E+00 1.745E+00 2.541E+00 9.356E-02 4.380E+00 6.332E+00 8.917E+04 10.5077 1.00000
  3.500E+05 3.501E+05 1.965E+00 2.070E+00 3.012E+00 1.090E-01 5.191E+00 7.156E+00 9.660E+04 10.8134 1.00000
  4.000E+05 4.001E+05 1.976E+00 2.398E+00 3.486E+00 1.245E-01 6.009E+00 7.984E+00 1.032E+05 11.0787 1.00000
  4.500E+05 4.501E+05 1.986E+00 2.729E+00 3.962E+00 1.401E-01 6.832E+00 8.817E+00 1.092E+05 11.3131 1.00000
  5.000E+05 5.001E+05 1.994E+00 3.063E+00 4.441E+00 1.559E-01 7.660E+00 9.654E+00 1.146E+05 11.5229 1.00000
  5.500E+05 5.501E+05 2.002E+00 3.398E+00 4.922E+00 1.717E-01 8.492E+00 1.049E+01 1.195E+05 11.7128 1.00000
  6.000E+05 6.001E+05 2.010E+00 3.735E+00 5.404E+00 1.876E-01 9.327E+00 1.134E+01 1.241E+05 11.8862 1.00000
  7.000E+05 7.001E+05 2.022E+00 4.414E+00 6.373E+00 2.197E-01 1.101E+01 1.303E+01 1.324E+05 12.1938 1.00000
  8.000E+05 8.001E+05 2.034E+00 5.097E+00 7.346E+00 2.522E-01 1.270E+01 1.473E+01 1.396E+05 12.4603 1.00000
  9.000E+05 9.001E+05 2.044E+00 5.785E+00 8.323E+00 2.849E-01 1.439E+01 1.644E+01 1.460E+05 12.6955 1.00000
  1.000E+06 1.000E+06 2.052E+00 6.475E+00 9.302E+00 3.180E-01 1.610E+01 1.815E+01 1.518E+05 12.9060 1.00000
  1.200E+06 1.200E+06 2.068E+00 7.865E+00 1.127E+01 3.848E-01 1.952E+01 2.158E+01 1.619E+05 13.2703 1.00000
  1.400E+06 1.400E+06 2.081E+00 9.264E+00 1.324E+01 4.527E-01 2.296E+01 2.504E+01 1.705E+05 13.5783 1.00000
  1.700E+06 1.700E+06 2.098E+00 1.137E+01 1.621E+01 5.560E-01 2.814E+01 3.023E+01 1.814E+05 13.9665 1.00000
  2.000E+06 2.000E+06 2.112E+00 1.350E+01 1.918E+01 6.609E-01 3.334E+01 3.545E+01 1.905E+05 14.2914 1.00000
  2.500E+06 2.500E+06 2.131E+00 1.705E+01 2.416E+01 8.391E-01 4.204E+01 4.418E+01 2.031E+05 14.7375 1.00000
  3.000E+06 3.000E+06 2.147E+00 2.062E+01 2.914E+01 1.021E+00 5.078E+01 5.293E+01 2.135E+05 15.1021 1.00000
  3.500E+06 3.500E+06 2.160E+00 2.420E+01 3.414E+01 1.205E+00 5.954E+01 6.170E+01 2.222E+05 15.4104 1.00000
  4.000E+06 4.000E+06 2.172E+00 2.779E+01 3.914E+01 1.393E+00 6.832E+01 7.050E+01 2.298E+05 15.6774 1.00000
  4.500E+06 4.500E+06 2.183E+00 3.139E+01 4.414E+01 1.582E+00 7.712E+01 7.930E+01 2.365E+05 15.9130 1.00000
  5.000E+06 5.000E+06 2.192E+00 3.500E+01 4.915E+01 1.774E+00 8.593E+01 8.812E+01 2.424E+05 16.1237 1.00000
  5.500E+06 5.500E+06 2.201E+00 3.861E+01 5.417E+01 1.968E+00 9.475E+01 9.695E+01 2.478E+05 16.3143 1.00000
  6.000E+06 6.000E+06 2.209E+00 4.223E+01 5.918E+01 2.164E+00 1.036E+02 1.058E+02 2.528E+05 16.4883 1.00000
  7.000E+06 7.000E+06 2.223E+00 4.947E+01 6.922E+01 2.560E+00 1.213E+02 1.235E+02 2.615E+05 16.7966 1.00000
  8.000E+06 8.000E+06 2.235E+00 5.672E+01 7.927E+01 2.963E+00 1.390E+02 1.412E+02 2.691E+05 17.0636 1.00000
  9.000E+06 9.000E+06 2.246E+00 6.398E+01 8.933E+01 3.371E+00 1.567E+02 1.589E+02 2.758E+05 17.2992 1.00000
  1.000E+07 1.000E+07 2.255E+00 7.125E+01 9.939E+01 3.783E+00 1.744E+02 1.767E+02 2.817E+05 17.5099 1.00000
  1.200E+07 1.200E+07 2.272E+00 8.580E+01 1.195E+02 4.622E+00 2.099E+02 2.122E+02 2.921E+05 17.8746 1.00000
  1.400E+07 1.400E+07 2.287E+00 1.004E+02 1.397E+02 5.476E+00 2.455E+02 2.478E+02 3.008E+05 18.1828 1.00000
  1.700E+07 1.700E+07 2.305E+00 1.222E+02 1.699E+02 6.782E+00 2.989E+02 3.012E+02 3.117E+05 18.5712 1.00000
  2.000E+07 2.000E+07 2.320E+00 1.441E+02 2.001E+02 8.114E+00 3.524E+02 3.547E+02 3.209E+05 18.8962 1.00000
  2.500E+07 2.500E+07 2.342E+00 1.807E+02 2.506E+02 1.038E+01 4.416E+02 4.439E+02 3.335E+05 19.3425 1.00000
  3.000E+07 3.000E+07 2.359E+00 2.172E+02 3.010E+02 1.270E+01 5.309E+02 5.333E+02 3.437E+05 19.7071 1.00000
  3.500E+07 3.500E+07 2.374E+00 2.538E+02 3.515E+02 1.507E+01 6.203E+02 6.227E+02 3.524E+05 20.0154 1.00000
  4.000E+07 4.000E+07 2.388E+00 2.904E+02 4.019E+02 1.747E+01 7.098E+02 7.122E+02 3.599E+05 20.2825 1.00000
  4.500E+07 4.500E+07 2.399E+00 3.270E+02 4.524E+02 1.991E+01 7.993E+02 8.017E+02 3.665E+05 20.5180 1.00000
  5.000E+07 5.000E+07 2.410E+00 3.636E+02 5.029E+02 2.238E+01 8.888E+02 8.913E+02 3.724E+05 20.7288 1.00000
  5.500E+07 5.500E+07 2.419E+00 4.002E+02 5.534E+02 2.488E+01 9.784E+02 9.809E+02 3.778E+05 20.9194 1.00000
  6.000E+07 6.000E+07 2.428E+00 4.368E+02 6.039E+02 2.741E+01 1.068E+03 1.071E+03 3.827E+05 21.0934 1.00000
  7.000E+07 7.000E+07 2.443E+00 5.101E+02 7.049E+02 3.253E+01 1.247E+03 1.250E+03 3.913E+05 21.4017 1.00000
  8.000E+07 8.000E+07 2.457E+00 5.833E+02 8.059E+02 3.774E+01 1.427E+03 1.429E+03 3.988E+05 21.6688 1.00000
  9.000E+07 9.000E+07 2.469E+00 6.566E+02 9.069E+02 4.302E+01 1.606E+03 1.609E+03 4.054E+05 21.9043 1.00000
  1.000E+08 1.000E+08 2.480E+00 7.299E+02 1.008E+03 4.838E+01 1.786E+03 1.789E+03 4.113E+05 22.1151 1.00000
  1.200E+08 1.200E+08 2.499E+00 8.765E+02 1.210E+03 5.927E+01 2.146E+03 2.148E+03 4.214E+05 22.4797 1.00000
  1.400E+08 1.400E+08 2.515E+00 1.023E+03 1.412E+03 7.038E+01 2.505E+03 2.508E+03 4.301E+05 22.7880 1.00000
  1.700E+08 1.700E+08 2.535E+00 1.243E+03 1.715E+03 8.740E+01 3.046E+03 3.048E+03 4.409E+05 23.1763 1.00000
  2.000E+08 2.000E+08 2.552E+00 1.463E+03 2.018E+03 1.048E+02 3.586E+03 3.589E+03 4.499E+05 23.5013 1.00000
  2.500E+08 2.500E+08 2.576E+00 1.830E+03 2.524E+03 1.344E+02 4.488E+03 4.490E+03 4.624E+05 23.9476 1.00000
  3.000E+08 3.000E+08 2.596E+00 2.196E+03 3.029E+03 1.648E+02 5.390E+03 5.393E+03 4.725E+05 24.3123 1.00000
  3.500E+08 3.500E+08 2.613E+00 2.563E+03 3.534E+03 1.958E+02 6.293E+03 6.296E+03 4.811E+05 24.6206 1.00000
  4.000E+08 4.000E+08 2.627E+00 2.930E+03 4.040E+03 2.273E+02 7.196E+03 7.199E+03 4.885E+05 24.8876 1.00000
  4.500E+08 4.500E+08 2.640E+00 3.296E+03 4.545E+03 2.593E+02 8.101E+03 8.103E+03 4.951E+05 25.1232 1.00000
  5.000E+08 5.000E+08 2.652E+00 3.663E+03 5.050E+03 2.918E+02 9.005E+03 9.008E+03 5.009E+05 25.3339 1.00000
  5.500E+08 5.500E+08 2.663E+00 4.030E+03 5.556E+03 3.246E+02 9.910E+03 9.913E+03 5.062E+05 25.5245 1.00000
  6.000E+08 6.000E+08 2.672E+00 4.396E+03 6.061E+03 3.579E+02 1.082E+04 1.082E+04 5.110E+05 25.6986 1.00000
  7.000E+08 7.000E+08 2.690E+00 5.130E+03 7.072E+03 4.253E+02 1.263E+04 1.263E+04 5.196E+05 26.0068 1.00000
  8.000E+08 8.000E+08 2.705E+00 5.863E+03 8.082E+03 4.939E+02 1.444E+04 1.444E+04 5.270E+05 26.2739 1.00000
  9.000E+08 9.000E+08 2.718E+00 6.597E+03 9.093E+03 5.636E+02 1.625E+04 1.626E+04 5.335E+05 26.5094 1.00000
  1.000E+09 1.000E+09 2.730E+00 7.330E+03 1.010E+04 6.343E+02 1.807E+04 1.807E+04 5.393E+05 26.7201 1.00000
  1.200E+09 1.200E+09 2.751E+00 8.797E+03 1.213E+04 7.782E+02 2.170E+04 2.170E+04 5.494E+05 27.0847 1.00000
  1.400E+09 1.400E+09 2.769E+00 1.026E+04 1.415E+04 9.252E+02 2.534E+04 2.534E+04 5.579E+05 27.3927 1.00000
  1.700E+09 1.700E+09 2.792E+00 1.246E+04 1.718E+04 1.151E+03 3.079E+04 3.080E+04 5.687E+05 27.7810 1.00000
  2.000E+09 2.000E+09 2.811E+00 1.466E+04 2.021E+04 1.381E+03 3.626E+04 3.626E+04 5.776E+05 28.1045 1.00000
  2.500E+09 2.500E+09 2.838E+00 1.833E+04 2.527E+04 1.774E+03 4.537E+04 4.537E+04 5.899E+05 28.5508 1.00000
  3.000E+09 3.000E+09 2.860E+00 2.200E+04 3.032E+04 2.178E+03 5.450E+04 5.450E+04 6.000E+05 28.9089 1.00000
  3.500E+09 3.500E+09 2.879E+00 2.567E+04 3.537E+04 2.590E+03 6.363E+04 6.363E+04 6.085E+05 29.2172 1.00000
  4.000E+09 4.000E+09 2.896E+00 2.933E+04 4.043E+04 3.010E+03 7.277E+04 7.277E+04 6.158E+05 29.4843 1.00000
  4.500E+09 4.500E+09 2.912E+00 3.300E+04 4.548E+04 3.437E+03 8.192E+04 8.192E+04 6.223E+05 29.6907 1.00000
  5.000E+09 5.000E+09 2.925E+00 3.667E+04 5.053E+04 3.870E+03 9.107E+04 9.108E+04 6.281E+05 29.9014 1.00000
  5.500E+09 5.500E+09 2.937E+00 4.034E+04 5.559E+04 4.309E+03 1.002E+05 1.002E+05 6.333E+05 30.0920 1.00000
  6.000E+09 6.000E+09 2.948E+00 4.400E+04 6.064E+04 4.752E+03 1.094E+05 1.094E+05 6.381E+05 30.2661 1.00000
  7.000E+09 7.000E+09 2.967E+00 5.134E+04 7.075E+04 5.654E+03 1.277E+05 1.277E+05 6.465E+05 30.5744 1.00000
  8.000E+09 8.000E+09 2.994E+00 5.867E+04 8.086E+04 6.572E+03 1.461E+05 1.461E+05 6.538E+05 30.6860 1.00000
  9.000E+09 9.000E+09 3.009E+00 6.601E+04 9.097E+04 7.506E+03 1.645E+05 1.645E+05 6.603E+05 30.9215 1.00000
  1.000E+10 1.000E+10 3.022E+00 7.334E+04 1.011E+05 8.453E+03 1.829E+05 1.829E+05 6.660E+05 31.1322 1.00000
  1.200E+10 1.200E+10 3.046E+00 8.801E+04 1.213E+05 1.038E+04 2.197E+05 2.197E+05 6.760E+05 31.4969 1.00000
  1.400E+10 1.400E+10 3.066E+00 1.027E+05 1.415E+05 1.236E+04 2.565E+05 2.565E+05 6.844E+05 31.8052 1.00000
  1.700E+10 1.700E+10 3.091E+00 1.247E+05 1.718E+05 1.539E+04 3.119E+05 3.119E+05 6.950E+05 32.1935 1.00000
  2.000E+10 2.000E+10 3.113E+00 1.467E+05 2.022E+05 1.849E+04 3.673E+05 3.673E+05 7.039E+05 32.5185 1.00000
  2.500E+10 2.500E+10 3.143E+00 1.834E+05 2.527E+05 2.380E+04 4.598E+05 4.599E+05 7.160E+05 32.9648 1.00000
  3.000E+10 3.000E+10 3.167E+00 2.200E+05 3.032E+05 2.925E+04 5.525E+05 5.525E+05 7.259E+05 33.3295 1.00000
  3.500E+10 3.500E+10 3.188E+00 2.567E+05 3.538E+05 3.482E+04 6.453E+05 6.453E+05 7.343E+05 33.6378 1.00000
  4.000E+10 4.000E+10 3.206E+00 2.934E+05 4.043E+05 4.051E+04 7.382E+05 7.382E+05 7.415E+05 33.9048 1.00000
  4.500E+10 4.500E+10 3.223E+00 3.301E+05 4.548E+05 4.629E+04 8.312E+05 8.312E+05 7.479E+05 34.1404 1.00000
  5.000E+10 5.000E+10 3.237E+00 3.667E+05 5.054E+05 5.216E+04 9.243E+05 9.243E+05 7.536E+05 34.3511 1.00000
  5.500E+10 5.500E+10 3.251E+00 4.034E+05 5.559E+05 5.811E+04 1.017E+06 1.017E+06 7.588E+05 34.5417 1.00000
  6.000E+10 6.000E+10 3.263E+00 4.401E+05 6.065E+05 6.414E+04 1.111E+06 1.111E+06 7.635E+05 34.7158 1.00000
  7.000E+10 7.000E+10 3.284E+00 5.134E+05 7.075E+05 7.639E+04 1.297E+06 1.297E+06 7.718E+05 35.0241 1.00000
  8.000E+10 8.000E+10 3.303E+00 5.868E+05 8.086E+05 8.889E+04 1.484E+06 1.484E+06 7.790E+05 35.2911 1.00000
  9.000E+10 9.000E+10 3.320E+00 6.601E+05 9.097E+05 1.016E+05 1.671E+06 1.671E+06 7.853E+05 35.5267 1.00000
  1.000E+11 1.000E+11 3.335E+00 7.335E+05 1.011E+06 1.145E+05 1.859E+06 1.859E+06 7.910E+05 35.7374 1.00000
  1.200E+11 1.200E+11 3.362E+00 8.801E+05 1.213E+06 1.409E+05 2.234E+06 2.234E+06 8.008E+05 36.1021 1.00000
  1.400E+11 1.400E+11 3.384E+00 1.027E+06 1.415E+06 1.679E+05 2.610E+06 2.610E+06 8.091E+05 36.4104 1.00000
  1.700E+11 1.700E+11 3.412E+00 1.247E+06 1.718E+06 2.093E+05 3.174E+06 3.174E+06 8.195E+05 36.7987 1.00000
  2.000E+11 2.000E+11 3.437E+00 1.467E+06 2.021E+06 2.518E+05 3.740E+06 3.740E+06 8.282E+05 37.1237 1.00000
  2.500E+11 2.500E+11 3.470E+00 1.834E+06 2.527E+06 3.247E+05 4.685E+06 4.685E+06 8.401E+05 37.5700 1.00000
  3.000E+11 3.000E+11 3.497E+00 2.200E+06 3.032E+06 3.997E+05 5.632E+06 5.632E+06 8.498E+05 37.9346 1.00000
  3.500E+11 3.500E+11 3.521E+00 2.567E+06 3.538E+06 4.764E+05 6.581E+06 6.581E+06 8.580E+05 38.2429 1.00000
  4.000E+11 4.000E+11 3.541E+00 2.934E+06 4.043E+06 5.548E+05 7.532E+06 7.532E+06 8.651E+05 38.5100 1.00000
  4.500E+11 4.500E+11 3.559E+00 3.301E+06 4.548E+06 6.346E+05 8.483E+06 8.483E+06 8.714E+05 38.7456 1.00000
  5.000E+11 5.000E+11 3.576E+00 3.667E+06 5.054E+06 7.157E+05 9.437E+06 9.437E+06 8.770E+05 38.9563 1.00000
  5.500E+11 5.500E+11 3.590E+00 4.034E+06 5.559E+06 7.980E+05 1.039E+07 1.039E+07 8.820E+05 39.1469 1.00000
  6.000E+11 6.000E+11 3.604E+00 4.401E+06 6.064E+06 8.813E+05 1.135E+07 1.135E+07 8.866E+05 39.3209 1.00000
  7.000E+11 7.000E+11 3.628E+00 5.134E+06 7.075E+06 1.051E+06 1.326E+07 1.326E+07 8.948E+05 39.6292 1.00000
  8.000E+11 8.000E+11 3.649E+00 5.868E+06 8.086E+06 1.224E+06 1.518E+07 1.518E+07 9.018E+05 39.8963 1.00000
  9.000E+11 9.000E+11 3.668E+00 6.601E+06 9.096E+06 1.401E+06 1.710E+07 1.710E+07 9.080E+05 40.1319 1.00000
  1.000E+12 1.000E+12 3.685E+00 7.335E+06 1.011E+07 1.580E+06 1.902E+07 1.902E+07 9.136E+05 40.3426 1.00000
