 Incident particle is a Muon with M = 105.65839 MeV
 Index = 0: WaterIce
      Absorber with <Z/A> = 0.55509
 Density effect computed following Fano (1963)
 Models for Radloss: brems =  SSR, pair =  SSR, photonuc = DRSS

 *** Table generated with PUMAS v1.1 ***

      T         p     Ionization  brems     pair     photonuc  Radloss    dE/dx   CSDA Range  delta   beta
    [MeV]    [MeV/c]  -----------------------[MeV cm^2/g]------------------------  [g/cm^2]
  1.000E+00 1.457E+01 4.999E+01 0.000E+00 0.000E+00 0.000E+00 0.000E+00 4.999E+01 1.000E-02  0.0000 0.13661
  1.200E+00 1.597E+01 4.314E+01 0.000E+00 0.000E+00 0.000E+00 0.000E+00 4.314E+01 1.432E-02  0.0000 0.14944
  1.400E+00 1.726E+01 3.808E+01 0.000E+00 0.000E+00 0.000E+00 0.000E+00 3.808E+01 1.927E-02  0.0000 0.16119
  1.700E+00 1.903E+01 3.252E+01 0.000E+00 0.000E+00 0.000E+00 0.000E+00 3.252E+01 2.782E-02  0.0000 0.17725
  2.000E+00 2.066E+01 2.849E+01 0.000E+00 0.000E+00 0.000E+00 0.000E+00 2.849E+01 3.770E-02  0.0000 0.19186
  2.500E+00 2.312E+01 2.376E+01 0.000E+00 0.000E+00 0.000E+00 0.000E+00 2.376E+01 5.701E-02  0.0000 0.21376
  3.000E+00 2.536E+01 2.049E+01 0.000E+00 0.000E+00 0.000E+00 0.000E+00 2.049E+01 7.975E-02  0.0000 0.23336
  3.500E+00 2.742E+01 1.808E+01 0.000E+00 0.000E+00 0.000E+00 0.000E+00 1.808E+01 1.058E-01  0.0000 0.25120
  4.000E+00 2.935E+01 1.623E+01 0.000E+00 0.000E+00 0.000E+00 0.000E+00 1.623E+01 1.350E-01  0.0000 0.26763
  4.500E+00 3.116E+01 1.476E+01 0.000E+00 0.000E+00 0.000E+00 0.000E+00 1.476E+01 1.674E-01  0.0000 0.28290
  5.000E+00 3.289E+01 1.357E+01 0.000E+00 0.000E+00 0.000E+00 0.000E+00 1.357E+01 2.027E-01  0.0000 0.29720
  5.500E+00 3.453E+01 1.258E+01 0.000E+00 0.000E+00 0.000E+00 0.000E+00 1.258E+01 2.410E-01  0.0000 0.31066
  6.000E+00 3.611E+01 1.174E+01 0.000E+00 0.000E+00 0.000E+00 0.000E+00 1.174E+01 2.822E-01  0.0000 0.32339
  7.000E+00 3.909E+01 1.040E+01 0.000E+00 0.000E+00 0.000E+00 0.000E+00 1.040E+01 3.729E-01  0.0000 0.34700
  8.000E+00 4.189E+01 9.372E+00 0.000E+00 0.000E+00 0.000E+00 0.000E+00 9.372E+00 4.744E-01  0.0000 0.36854
  9.000E+00 4.453E+01 8.561E+00 0.000E+00 0.000E+00 0.000E+00 0.000E+00 8.561E+00 5.862E-01  0.0000 0.38836
  1.000E+01 4.704E+01 7.902E+00 0.000E+00 0.000E+00 0.000E+00 0.000E+00 7.902E+00 7.079E-01  0.0000 0.40675
  1.200E+01 5.177E+01 6.898E+00 0.000E+00 0.000E+00 0.000E+00 0.000E+00 6.898E+00 9.796E-01  0.0000 0.43998
  1.400E+01 5.616E+01 6.166E+00 0.000E+00 0.000E+00 0.000E+00 0.000E+00 6.166E+00 1.287E+00  0.0000 0.46937
  1.700E+01 6.230E+01 5.378E+00 0.000E+00 0.000E+00 0.000E+00 0.000E+00 5.378E+00 1.810E+00  0.0000 0.50792
  2.000E+01 6.802E+01 4.817E+00 0.000E+00 0.000E+00 0.000E+00 0.000E+00 4.817E+00 2.401E+00  0.0000 0.54129
  2.500E+01 7.686E+01 4.172E+00 7.325E-10 0.000E+00 0.000E+00 7.325E-10 4.172E+00 3.521E+00  0.0000 0.58827
  3.000E+01 8.509E+01 3.738E+00 1.074E-07 0.000E+00 0.000E+00 1.074E-07 3.738E+00 4.790E+00  0.0000 0.62720
  3.500E+01 9.285E+01 3.426E+00 1.254E-07 0.000E+00 0.000E+00 1.254E-07 3.426E+00 6.190E+00  0.0000 0.66011
  4.000E+01 1.003E+02 3.193E+00 1.343E-07 0.000E+00 0.000E+00 1.343E-07 3.193E+00 7.704E+00  0.0000 0.68834
  4.500E+01 1.074E+02 3.011E+00 1.435E-07 0.000E+00 0.000E+00 1.435E-07 3.011E+00 9.318E+00  0.0000 0.71286
  5.000E+01 1.143E+02 2.867E+00 1.529E-07 0.000E+00 0.000E+00 1.529E-07 2.867E+00 1.102E+01  0.0000 0.73434
  5.500E+01 1.210E+02 2.750E+00 1.627E-07 0.000E+00 0.000E+00 1.627E-07 2.750E+00 1.280E+01  0.0000 0.75332
  6.000E+01 1.276E+02 2.654E+00 1.727E-07 0.000E+00 0.000E+00 1.727E-07 2.654E+00 1.465E+01  0.0000 0.77019
  7.000E+01 1.403E+02 2.506E+00 1.936E-07 0.000E+00 0.000E+00 1.936E-07 2.506E+00 1.854E+01  0.0000 0.79887
  8.000E+01 1.527E+02 2.398E+00 2.157E-07 0.000E+00 0.000E+00 2.157E-07 2.398E+00 2.262E+01  0.0000 0.82227
  9.000E+01 1.647E+02 2.317E+00 2.389E-07 0.000E+00 0.000E+00 2.389E-07 2.317E+00 2.687E+01  0.0000 0.84166
  1.000E+02 1.764E+02 2.256E+00 2.632E-07 0.000E+00 0.000E+00 2.632E-07 2.256E+00 3.124E+01  0.0017 0.85794
  1.200E+02 1.994E+02 2.168E+00 3.150E-07 0.000E+00 0.000E+00 3.150E-07 2.168E+00 4.030E+01  0.0174 0.88361
  1.400E+02 2.218E+02 2.112E+00 3.713E-07 0.000E+00 0.000E+00 3.713E-07 2.112E+00 4.965E+01  0.0450 0.90278
  1.700E+02 2.546E+02 2.059E+00 9.121E-06 8.473E-10 0.000E+00 9.122E-06 2.059E+00 6.406E+01  0.1000 0.92363
  2.000E+02 2.868E+02 2.030E+00 1.874E-05 8.689E-09 0.000E+00 1.875E-05 2.030E+00 7.874E+01  0.1646 0.93835
  2.500E+02 3.396E+02 2.006E+00 2.964E-05 1.277E-07 0.000E+00 2.977E-05 2.006E+00 1.035E+02  0.2821 0.95485
  3.000E+02 3.917E+02 1.999E+00 3.898E-05 8.141E-07 0.000E+00 3.980E-05 1.999E+00 1.285E+02  0.4034 0.96548
  3.500E+02 4.432E+02 2.001E+00 4.815E-05 2.115E-06 0.000E+00 5.027E-05 2.001E+00 1.535E+02  0.5236 0.97274
  4.000E+02 4.945E+02 2.006E+00 5.756E-05 4.017E-06 0.000E+00 6.158E-05 2.006E+00 1.785E+02  0.6404 0.97793
  4.500E+02 5.455E+02 2.014E+00 6.746E-05 6.508E-06 0.000E+00 7.397E-05 2.014E+00 2.034E+02  0.7528 0.98176
  5.000E+02 5.964E+02 2.023E+00 7.790E-05 9.573E-06 0.000E+00 8.747E-05 2.023E+00 2.281E+02  0.8604 0.98467
  5.500E+02 6.471E+02 2.032E+00 8.885E-05 1.320E-05 1.554E-05 1.176E-04 2.032E+00 2.528E+02  0.9632 0.98693
  6.000E+02 6.977E+02 2.042E+00 1.003E-04 1.736E-05 5.174E-05 1.694E-04 2.042E+00 2.773E+02  1.0613 0.98873
  7.000E+02 7.987E+02 2.060E+00 1.244E-04 2.725E-05 1.239E-04 2.755E-04 2.061E+00 3.261E+02  1.2443 0.99136
  8.000E+02 8.995E+02 2.079E+00 1.502E-04 3.911E-05 1.920E-04 3.813E-04 2.079E+00 3.744E+02  1.4113 0.99317
  9.000E+02 1.000E+03 2.096E+00 1.774E-04 5.283E-05 2.573E-04 4.875E-04 2.096E+00 4.223E+02  1.5645 0.99447
  1.000E+03 1.101E+03 2.112E+00 2.059E-04 6.829E-05 3.206E-04 5.948E-04 2.112E+00 4.698E+02  1.7058 0.99542
  1.200E+03 1.301E+03 2.141E+00 2.667E-04 1.040E-04 4.431E-04 8.139E-04 2.142E+00 5.638E+02  1.9585 0.99672
  1.400E+03 1.502E+03 2.167E+00 3.318E-04 1.457E-04 5.620E-04 1.040E-03 2.168E+00 6.566E+02  2.1795 0.99753
  1.700E+03 1.803E+03 2.200E+00 4.365E-04 2.180E-04 7.357E-04 1.390E-03 2.201E+00 7.939E+02  2.4659 0.99829
  2.000E+03 2.103E+03 2.229E+00 5.484E-04 3.007E-04 9.051E-04 1.754E-03 2.230E+00 9.293E+02  2.7121 0.99874
  2.500E+03 2.604E+03 2.268E+00 7.484E-04 4.586E-04 1.180E-03 2.387E-03 2.270E+00 1.151E+03  3.0590 0.99918
  3.000E+03 3.104E+03 2.300E+00 9.632E-04 6.381E-04 1.448E-03 3.049E-03 2.303E+00 1.370E+03  3.3501 0.99942
  3.500E+03 3.604E+03 2.327E+00 1.190E-03 8.361E-04 1.710E-03 3.736E-03 2.331E+00 1.586E+03  3.6018 0.99957
  4.000E+03 4.104E+03 2.350E+00 1.427E-03 1.066E-03 1.966E-03 4.459E-03 2.355E+00 1.799E+03  3.8242 0.99967
  4.500E+03 4.604E+03 2.371E+00 1.673E-03 1.317E-03 2.219E-03 5.209E-03 2.376E+00 2.011E+03  4.0239 0.99974
  5.000E+03 5.105E+03 2.388E+00 1.928E-03 1.583E-03 2.468E-03 5.978E-03 2.394E+00 2.220E+03  4.2054 0.99979
  5.500E+03 5.605E+03 2.404E+00 2.190E-03 1.863E-03 2.713E-03 6.766E-03 2.411E+00 2.428E+03  4.3719 0.99982
  6.000E+03 6.105E+03 2.419E+00 2.459E-03 2.155E-03 2.955E-03 7.569E-03 2.426E+00 2.635E+03  4.5259 0.99985
  7.000E+03 7.105E+03 2.444E+00 3.015E-03 2.774E-03 3.432E-03 9.221E-03 2.453E+00 3.045E+03  4.8031 0.99989
  8.000E+03 8.105E+03 2.465E+00 3.592E-03 3.433E-03 3.901E-03 1.093E-02 2.476E+00 3.451E+03  5.0476 0.99992
  9.000E+03 9.105E+03 2.483E+00 4.187E-03 4.128E-03 4.361E-03 1.268E-02 2.496E+00 3.853E+03  5.2663 0.99993
  1.000E+04 1.011E+04 2.499E+00 4.799E-03 4.854E-03 4.816E-03 1.447E-02 2.514E+00 4.252E+03  5.4642 0.99995
  1.200E+04 1.211E+04 2.526E+00 6.065E-03 6.389E-03 5.709E-03 1.816E-02 2.545E+00 5.043E+03  5.8108 0.99996
  1.400E+04 1.411E+04 2.549E+00 7.383E-03 8.020E-03 6.585E-03 2.199E-02 2.571E+00 5.825E+03  6.1073 0.99997
  1.700E+04 1.711E+04 2.576E+00 9.437E-03 1.061E-02 7.875E-03 2.793E-02 2.604E+00 6.984E+03  6.4844 0.99998
  2.000E+04 2.011E+04 2.599E+00 1.157E-02 1.336E-02 9.142E-03 3.407E-02 2.633E+00 8.129E+03  6.8024 0.99999
  2.500E+04 2.511E+04 2.628E+00 1.526E-02 1.820E-02 1.122E-02 4.468E-02 2.673E+00 1.001E+04  7.2416 0.99999
  3.000E+04 3.011E+04 2.652E+00 1.910E-02 2.331E-02 1.326E-02 5.566E-02 2.708E+00 1.187E+04  7.6020 0.99999
  3.500E+04 3.511E+04 2.672E+00 2.305E-02 2.864E-02 1.528E-02 6.697E-02 2.739E+00 1.371E+04  7.9077 1.00000
  4.000E+04 4.011E+04 2.689E+00 2.710E-02 3.416E-02 1.728E-02 7.853E-02 2.767E+00 1.552E+04  8.1729 1.00000
  4.500E+04 4.511E+04 2.703E+00 3.124E-02 3.983E-02 1.926E-02 9.033E-02 2.794E+00 1.732E+04  8.4071 1.00000
  5.000E+04 5.011E+04 2.716E+00 3.545E-02 4.564E-02 2.124E-02 1.023E-01 2.819E+00 1.910E+04  8.6168 1.00000
  5.500E+04 5.511E+04 2.728E+00 3.973E-02 5.157E-02 2.321E-02 1.145E-01 2.843E+00 2.087E+04  8.8067 1.00000
  6.000E+04 6.011E+04 2.739E+00 4.408E-02 5.760E-02 2.517E-02 1.268E-01 2.865E+00 2.262E+04  8.9801 1.00000
  7.000E+04 7.011E+04 2.757E+00 5.293E-02 6.995E-02 2.908E-02 1.520E-01 2.909E+00 2.609E+04  9.2874 1.00000
  8.000E+04 8.011E+04 2.773E+00 6.197E-02 8.261E-02 3.298E-02 1.776E-01 2.950E+00 2.950E+04  9.5538 1.00000
  9.000E+04 9.011E+04 2.787E+00 7.116E-02 9.553E-02 3.688E-02 2.036E-01 2.990E+00 3.286E+04  9.7889 1.00000
  1.000E+05 1.001E+05 2.799E+00 8.050E-02 1.087E-01 4.077E-02 2.300E-01 3.029E+00 3.619E+04  9.9993 1.00000
  1.200E+05 1.201E+05 2.820E+00 9.954E-02 1.355E-01 4.856E-02 2.836E-01 3.104E+00 4.271E+04 10.3634 1.00000
  1.400E+05 1.401E+05 2.838E+00 1.190E-01 1.630E-01 5.636E-02 3.384E-01 3.176E+00 4.908E+04 10.6713 1.00000
  1.700E+05 1.701E+05 2.860E+00 1.488E-01 2.051E-01 6.810E-02 4.220E-01 3.282E+00 5.837E+04 11.0593 1.00000
  2.000E+05 2.001E+05 2.879E+00 1.791E-01 2.481E-01 7.990E-02 5.072E-01 3.386E+00 6.737E+04 11.3841 1.00000
  2.500E+05 2.501E+05 2.904E+00 2.308E-01 3.212E-01 9.970E-02 6.517E-01 3.556E+00 8.178E+04 11.8301 1.00000
  3.000E+05 3.001E+05 2.925E+00 2.835E-01 3.956E-01 1.197E-01 7.988E-01 3.723E+00 9.552E+04 12.1946 1.00000
  3.500E+05 3.501E+05 2.942E+00 3.371E-01 4.710E-01 1.398E-01 9.479E-01 3.890E+00 1.087E+05 12.5027 1.00000
  4.000E+05 4.001E+05 2.957E+00 3.914E-01 5.472E-01 1.601E-01 1.099E+00 4.056E+00 1.212E+05 12.7697 1.00000
  4.500E+05 4.501E+05 2.971E+00 4.462E-01 6.241E-01 1.806E-01 1.251E+00 4.222E+00 1.333E+05 13.0052 1.00000
  5.000E+05 5.001E+05 2.983E+00 5.015E-01 7.015E-01 2.012E-01 1.404E+00 4.387E+00 1.449E+05 13.2159 1.00000
  5.500E+05 5.501E+05 2.994E+00 5.572E-01 7.794E-01 2.220E-01 1.559E+00 4.552E+00 1.561E+05 13.4065 1.00000
  6.000E+05 6.001E+05 3.004E+00 6.133E-01 8.577E-01 2.429E-01 1.714E+00 4.718E+00 1.669E+05 13.5804 1.00000
  7.000E+05 7.001E+05 3.021E+00 7.266E-01 1.015E+00 2.850E-01 2.027E+00 5.048E+00 1.874E+05 13.8887 1.00000
  8.000E+05 8.001E+05 3.037E+00 8.409E-01 1.174E+00 3.277E-01 2.343E+00 5.379E+00 2.066E+05 14.1557 1.00000
  9.000E+05 9.001E+05 3.050E+00 9.561E-01 1.334E+00 3.707E-01 2.660E+00 5.711E+00 2.246E+05 14.3913 1.00000
  1.000E+06 1.000E+06 3.063E+00 1.072E+00 1.494E+00 4.142E-01 2.980E+00 6.043E+00 2.416E+05 14.6019 1.00000
  1.200E+06 1.200E+06 3.084E+00 1.306E+00 1.816E+00 5.022E-01 3.624E+00 6.708E+00 2.731E+05 14.9666 1.00000
  1.400E+06 1.400E+06 3.102E+00 1.542E+00 2.140E+00 5.915E-01 4.274E+00 7.376E+00 3.015E+05 15.2748 1.00000
  1.700E+06 1.700E+06 3.125E+00 1.899E+00 2.629E+00 7.276E-01 5.256E+00 8.381E+00 3.396E+05 15.6631 1.00000
  2.000E+06 2.000E+06 3.144E+00 2.259E+00 3.120E+00 8.660E-01 6.245E+00 9.389E+00 3.734E+05 15.9881 1.00000
  2.500E+06 2.500E+06 3.171E+00 2.863E+00 3.942E+00 1.101E+00 7.906E+00 1.108E+01 4.224E+05 16.4344 1.00000
  3.000E+06 3.000E+06 3.193E+00 3.472E+00 4.767E+00 1.341E+00 9.580E+00 1.277E+01 4.644E+05 16.7990 1.00000
  3.500E+06 3.500E+06 3.212E+00 4.084E+00 5.595E+00 1.584E+00 1.126E+01 1.447E+01 5.012E+05 17.1073 1.00000
  4.000E+06 4.000E+06 3.228E+00 4.699E+00 6.424E+00 1.832E+00 1.295E+01 1.618E+01 5.338E+05 17.3744 1.00000
  4.500E+06 4.500E+06 3.242E+00 5.316E+00 7.255E+00 2.082E+00 1.465E+01 1.790E+01 5.632E+05 17.6099 1.00000
  5.000E+06 5.000E+06 3.255E+00 5.934E+00 8.087E+00 2.335E+00 1.636E+01 1.961E+01 5.899E+05 17.8207 1.00000
  5.500E+06 5.500E+06 3.267E+00 6.554E+00 8.920E+00 2.591E+00 1.807E+01 2.133E+01 6.143E+05 18.0113 1.00000
  6.000E+06 6.000E+06 3.278E+00 7.176E+00 9.754E+00 2.850E+00 1.978E+01 2.306E+01 6.368E+05 18.1853 1.00000
  7.000E+06 7.000E+06 3.297E+00 8.421E+00 1.142E+01 3.373E+00 2.322E+01 2.651E+01 6.773E+05 18.4936 1.00000
  8.000E+06 8.000E+06 3.314E+00 9.671E+00 1.309E+01 3.905E+00 2.667E+01 2.998E+01 7.127E+05 18.7606 1.00000
  9.000E+06 9.000E+06 3.329E+00 1.092E+01 1.477E+01 4.444E+00 3.013E+01 3.346E+01 7.443E+05 18.9962 1.00000
  1.000E+07 1.000E+07 3.342E+00 1.218E+01 1.644E+01 4.989E+00 3.361E+01 3.695E+01 7.727E+05 19.2069 1.00000
  1.200E+07 1.200E+07 3.366E+00 1.469E+01 1.979E+01 6.097E+00 4.058E+01 4.395E+01 8.223E+05 19.5716 1.00000
  1.400E+07 1.400E+07 3.385E+00 1.721E+01 2.315E+01 7.226E+00 4.758E+01 5.097E+01 8.645E+05 19.8799 1.00000
  1.700E+07 1.700E+07 3.411E+00 2.100E+01 2.819E+01 8.952E+00 5.813E+01 6.154E+01 9.180E+05 20.2682 1.00000
  2.000E+07 2.000E+07 3.432E+00 2.479E+01 3.323E+01 1.071E+01 6.873E+01 7.216E+01 9.629E+05 20.5932 1.00000
  2.500E+07 2.500E+07 3.461E+00 3.112E+01 4.163E+01 1.371E+01 8.647E+01 8.993E+01 1.025E+06 21.0395 1.00000
  3.000E+07 3.000E+07 3.486E+00 3.746E+01 5.005E+01 1.678E+01 1.043E+02 1.078E+02 1.076E+06 21.4041 1.00000
  3.500E+07 3.500E+07 3.507E+00 4.381E+01 5.846E+01 1.991E+01 1.222E+02 1.257E+02 1.119E+06 21.7124 1.00000
  4.000E+07 4.000E+07 3.525E+00 5.016E+01 6.688E+01 2.309E+01 1.401E+02 1.437E+02 1.156E+06 21.9795 1.00000
  4.500E+07 4.500E+07 3.541E+00 5.652E+01 7.530E+01 2.631E+01 1.581E+02 1.617E+02 1.189E+06 22.2151 1.00000
  5.000E+07 5.000E+07 3.555E+00 6.288E+01 8.373E+01 2.958E+01 1.762E+02 1.797E+02 1.218E+06 22.4258 1.00000
  5.500E+07 5.500E+07 3.568E+00 6.925E+01 9.215E+01 3.288E+01 1.943E+02 1.978E+02 1.244E+06 22.6164 1.00000
  6.000E+07 6.000E+07 3.580E+00 7.561E+01 1.006E+02 3.622E+01 2.124E+02 2.160E+02 1.269E+06 22.7904 1.00000
  7.000E+07 7.000E+07 3.602E+00 8.835E+01 1.174E+02 4.299E+01 2.488E+02 2.524E+02 1.311E+06 23.0987 1.00000
  8.000E+07 8.000E+07 3.620E+00 1.011E+02 1.343E+02 4.988E+01 2.853E+02 2.889E+02 1.348E+06 23.3658 1.00000
  9.000E+07 9.000E+07 3.637E+00 1.138E+02 1.511E+02 5.686E+01 3.219E+02 3.255E+02 1.381E+06 23.6014 1.00000
  1.000E+08 1.000E+08 3.652E+00 1.266E+02 1.680E+02 6.394E+01 3.585E+02 3.622E+02 1.410E+06 23.8121 1.00000
  1.200E+08 1.200E+08 3.678E+00 1.521E+02 2.017E+02 7.835E+01 4.322E+02 4.359E+02 1.460E+06 24.1767 1.00000
  1.400E+08 1.400E+08 3.700E+00 1.776E+02 2.355E+02 9.304E+01 5.061E+02 5.098E+02 1.503E+06 24.4850 1.00000
  1.700E+08 1.700E+08 3.728E+00 2.159E+02 2.861E+02 1.155E+02 6.175E+02 6.212E+02 1.556E+06 24.8733 1.00000
  2.000E+08 2.000E+08 3.752E+00 2.542E+02 3.367E+02 1.385E+02 7.294E+02 7.332E+02 1.600E+06 25.1984 1.00000
  2.500E+08 2.500E+08 3.785E+00 3.181E+02 4.210E+02 1.777E+02 9.168E+02 9.206E+02 1.661E+06 25.6447 1.00000
  3.000E+08 3.000E+08 3.812E+00 3.819E+02 5.054E+02 2.179E+02 1.105E+03 1.109E+03 1.711E+06 26.0093 1.00000
  3.500E+08 3.500E+08 3.835E+00 4.458E+02 5.898E+02 2.588E+02 1.294E+03 1.298E+03 1.752E+06 26.3176 1.00000
  4.000E+08 4.000E+08 3.855E+00 5.097E+02 6.741E+02 3.005E+02 1.484E+03 1.488E+03 1.788E+06 26.5847 1.00000
  4.500E+08 4.500E+08 3.873E+00 5.735E+02 7.585E+02 3.429E+02 1.675E+03 1.679E+03 1.820E+06 26.8202 1.00000
  5.000E+08 5.000E+08 3.889E+00 6.374E+02 8.429E+02 3.858E+02 1.866E+03 1.870E+03 1.848E+06 27.0309 1.00000
  5.500E+08 5.500E+08 3.904E+00 7.013E+02 9.273E+02 4.292E+02 2.058E+03 2.062E+03 1.873E+06 27.2216 1.00000
  6.000E+08 6.000E+08 3.917E+00 7.652E+02 1.012E+03 4.731E+02 2.250E+03 2.254E+03 1.897E+06 27.3956 1.00000
  7.000E+08 7.000E+08 3.941E+00 8.930E+02 1.180E+03 5.623E+02 2.636E+03 2.640E+03 1.938E+06 27.7039 1.00000
  8.000E+08 8.000E+08 3.962E+00 1.021E+03 1.349E+03 6.530E+02 3.023E+03 3.027E+03 1.973E+06 27.9709 1.00000
  9.000E+08 9.000E+08 3.981E+00 1.149E+03 1.518E+03 7.452E+02 3.412E+03 3.416E+03 2.004E+06 28.2064 1.00000
  1.000E+09 1.000E+09 3.997E+00 1.276E+03 1.687E+03 8.387E+02 3.802E+03 3.806E+03 2.032E+06 28.4171 1.00000
  1.200E+09 1.200E+09 4.026E+00 1.532E+03 2.024E+03 1.029E+03 4.585E+03 4.589E+03 2.080E+06 28.7818 1.00000
  1.400E+09 1.400E+09 4.051E+00 1.787E+03 2.362E+03 1.223E+03 5.373E+03 5.377E+03 2.120E+06 29.0897 1.00000
  1.700E+09 1.700E+09 4.082E+00 2.171E+03 2.868E+03 1.521E+03 6.560E+03 6.564E+03 2.170E+06 29.4780 1.00000
  2.000E+09 2.000E+09 4.109E+00 2.554E+03 3.375E+03 1.826E+03 7.755E+03 7.759E+03 2.212E+06 29.8015 1.00000
  2.500E+09 2.500E+09 4.146E+00 3.193E+03 4.218E+03 2.346E+03 9.758E+03 9.762E+03 2.270E+06 30.2478 1.00000
  3.000E+09 3.000E+09 4.177E+00 3.832E+03 5.062E+03 2.880E+03 1.177E+04 1.178E+04 2.316E+06 30.6059 1.00000
  3.500E+09 3.500E+09 4.203E+00 4.471E+03 5.906E+03 3.425E+03 1.380E+04 1.381E+04 2.355E+06 30.9142 1.00000
  4.000E+09 4.000E+09 4.225E+00 5.110E+03 6.750E+03 3.980E+03 1.584E+04 1.585E+04 2.389E+06 31.1813 1.00000
  4.500E+09 4.500E+09 4.248E+00 5.749E+03 7.594E+03 4.545E+03 1.789E+04 1.789E+04 2.419E+06 31.3877 1.00000
  5.000E+09 5.000E+09 4.266E+00 6.388E+03 8.438E+03 5.117E+03 1.994E+04 1.995E+04 2.445E+06 31.5984 1.00000
  5.500E+09 5.500E+09 4.282E+00 7.027E+03 9.282E+03 5.697E+03 2.201E+04 2.201E+04 2.469E+06 31.7891 1.00000
  6.000E+09 6.000E+09 4.297E+00 7.666E+03 1.013E+04 6.283E+03 2.408E+04 2.408E+04 2.491E+06 31.9631 1.00000
  7.000E+09 7.000E+09 4.324E+00 8.945E+03 1.181E+04 7.475E+03 2.823E+04 2.824E+04 2.529E+06 32.2714 1.00000
  8.000E+09 8.000E+09 4.360E+00 1.022E+04 1.350E+04 8.690E+03 3.241E+04 3.242E+04 2.562E+06 32.3830 1.00000
  9.000E+09 9.000E+09 4.381E+00 1.150E+04 1.519E+04 9.924E+03 3.661E+04 3.662E+04 2.591E+06 32.6185 1.00000
  1.000E+10 1.000E+10 4.400E+00 1.278E+04 1.688E+04 1.118E+04 4.083E+04 4.084E+04 2.617E+06 32.8293 1.00000
  1.200E+10 1.200E+10 4.432E+00 1.533E+04 2.025E+04 1.373E+04 4.932E+04 4.932E+04 2.661E+06 33.1939 1.00000
  1.400E+10 1.400E+10 4.460E+00 1.789E+04 2.363E+04 1.634E+04 5.786E+04 5.786E+04 2.699E+06 33.5022 1.00000
  1.700E+10 1.700E+10 4.495E+00 2.173E+04 2.869E+04 2.035E+04 7.076E+04 7.077E+04 2.746E+06 33.8905 1.00000
  2.000E+10 2.000E+10 4.525E+00 2.556E+04 3.376E+04 2.445E+04 8.376E+04 8.377E+04 2.785E+06 34.2156 1.00000
  2.500E+10 2.500E+10 4.566E+00 3.195E+04 4.220E+04 3.146E+04 1.056E+05 1.056E+05 2.838E+06 34.6618 1.00000
  3.000E+10 3.000E+10 4.600E+00 3.834E+04 5.063E+04 3.867E+04 1.276E+05 1.277E+05 2.881E+06 35.0265 1.00000
  3.500E+10 3.500E+10 4.629E+00 4.473E+04 5.907E+04 4.604E+04 1.498E+05 1.499E+05 2.917E+06 35.3348 1.00000
  4.000E+10 4.000E+10 4.654E+00 5.112E+04 6.751E+04 5.356E+04 1.722E+05 1.722E+05 2.948E+06 35.6019 1.00000
  4.500E+10 4.500E+10 4.676E+00 5.751E+04 7.595E+04 6.121E+04 1.947E+05 1.947E+05 2.975E+06 35.8374 1.00000
  5.000E+10 5.000E+10 4.697E+00 6.390E+04 8.439E+04 6.897E+04 2.173E+05 2.173E+05 2.999E+06 36.0481 1.00000
  5.500E+10 5.500E+10 4.715E+00 7.029E+04 9.283E+04 7.684E+04 2.400E+05 2.400E+05 3.021E+06 36.2388 1.00000
  6.000E+10 6.000E+10 4.732E+00 7.668E+04 1.013E+05 8.480E+04 2.628E+05 2.628E+05 3.041E+06 36.4128 1.00000
  7.000E+10 7.000E+10 4.761E+00 8.946E+04 1.181E+05 1.010E+05 3.086E+05 3.086E+05 3.076E+06 36.7211 1.00000
  8.000E+10 8.000E+10 4.788E+00 1.022E+05 1.350E+05 1.175E+05 3.548E+05 3.548E+05 3.107E+06 36.9881 1.00000
  9.000E+10 9.000E+10 4.811E+00 1.150E+05 1.519E+05 1.343E+05 4.013E+05 4.013E+05 3.133E+06 37.2237 1.00000
  1.000E+11 1.000E+11 4.832E+00 1.278E+05 1.688E+05 1.514E+05 4.480E+05 4.480E+05 3.157E+06 37.4344 1.00000
  1.200E+11 1.200E+11 4.868E+00 1.534E+05 2.025E+05 1.863E+05 5.422E+05 5.422E+05 3.197E+06 37.7991 1.00000
  1.400E+11 1.400E+11 4.899E+00 1.789E+05 2.363E+05 2.219E+05 6.372E+05 6.372E+05 3.231E+06 38.1074 1.00000
  1.700E+11 1.700E+11 4.938E+00 2.173E+05 2.869E+05 2.768E+05 7.810E+05 7.810E+05 3.274E+06 38.4957 1.00000
  2.000E+11 2.000E+11 4.971E+00 2.556E+05 3.376E+05 3.330E+05 9.262E+05 9.262E+05 3.309E+06 38.8207 1.00000
  2.500E+11 2.500E+11 5.017E+00 3.195E+05 4.220E+05 4.293E+05 1.171E+06 1.171E+06 3.357E+06 39.2670 1.00000
  3.000E+11 3.000E+11 5.055E+00 3.834E+05 5.063E+05 5.284E+05 1.418E+06 1.418E+06 3.396E+06 39.6317 1.00000
  3.500E+11 3.500E+11 5.087E+00 4.473E+05 5.907E+05 6.299E+05 1.668E+06 1.668E+06 3.428E+06 39.9400 1.00000
  4.000E+11 4.000E+11 5.116E+00 5.112E+05 6.751E+05 7.336E+05 1.920E+06 1.920E+06 3.456E+06 40.2070 1.00000
  4.500E+11 4.500E+11 5.141E+00 5.751E+05 7.595E+05 8.391E+05 2.174E+06 2.174E+06 3.480E+06 40.4426 1.00000
  5.000E+11 5.000E+11 5.163E+00 6.390E+05 8.439E+05 9.463E+05 2.429E+06 2.429E+06 3.502E+06 40.6533 1.00000
  5.500E+11 5.500E+11 5.183E+00 7.029E+05 9.283E+05 1.055E+06 2.686E+06 2.686E+06 3.522E+06 40.8439 1.00000
  6.000E+11 6.000E+11 5.202E+00 7.668E+05 1.013E+06 1.165E+06 2.945E+06 2.945E+06 3.540E+06 41.0180 1.00000
  7.000E+11 7.000E+11 5.236E+00 8.946E+05 1.181E+06 1.390E+06 3.466E+06 3.466E+06 3.571E+06 41.3263 1.00000
  8.000E+11 8.000E+11 5.265E+00 1.022E+06 1.350E+06 1.619E+06 3.992E+06 3.992E+06 3.598E+06 41.5933 1.00000
  9.000E+11 9.000E+11 5.291E+00 1.150E+06 1.519E+06 1.852E+06 4.522E+06 4.522E+06 3.621E+06 41.8289 1.00000
  1.000E+12 1.000E+12 5.314E+00 1.278E+06 1.688E+06 2.090E+06 5.055E+06 5.055E+06 3.642E+06 42.0396 1.00000
