 Incident particle is a Muon with M = 105.65839 MeV
 Index = 0: YttriumAluminumOxide2
      Absorber with <Z/A> = 0.46832
 Density effect computed following Fano (1963)
 Models for Radloss: brems =  SSR, pair =  SSR, photonuc = DRSS

 *** Table generated with PUMAS v1.1 ***

      T         p     Ionization  brems     pair     photonuc  Radloss    dE/dx   CSDA Range  delta   beta
    [MeV]    [MeV/c]  -----------------------[MeV cm^2/g]------------------------  [g/cm^2]
  1.000E+00 1.457E+01 3.442E+01 0.000E+00 0.000E+00 0.000E+00 0.000E+00 3.442E+01 1.453E-02  0.0001 0.13661
  1.200E+00 1.597E+01 2.992E+01 0.000E+00 0.000E+00 0.000E+00 0.000E+00 2.992E+01 2.078E-02  0.0002 0.14944
  1.400E+00 1.726E+01 2.655E+01 0.000E+00 0.000E+00 0.000E+00 0.000E+00 2.655E+01 2.789E-02  0.0002 0.16119
  1.700E+00 1.903E+01 2.283E+01 0.000E+00 0.000E+00 0.000E+00 0.000E+00 2.283E+01 4.011E-02  0.0002 0.17725
  2.000E+00 2.066E+01 2.011E+01 0.000E+00 0.000E+00 0.000E+00 0.000E+00 2.011E+01 5.415E-02  0.0003 0.19186
  2.500E+00 2.312E+01 1.688E+01 0.000E+00 0.000E+00 0.000E+00 0.000E+00 1.688E+01 8.141E-02  0.0004 0.21376
  3.000E+00 2.536E+01 1.463E+01 0.000E+00 0.000E+00 0.000E+00 0.000E+00 1.463E+01 1.133E-01  0.0005 0.23336
  3.500E+00 2.742E+01 1.296E+01 0.000E+00 0.000E+00 0.000E+00 0.000E+00 1.296E+01 1.497E-01  0.0006 0.25120
  4.000E+00 2.935E+01 1.167E+01 0.000E+00 0.000E+00 0.000E+00 0.000E+00 1.167E+01 1.904E-01  0.0007 0.26763
  4.500E+00 3.116E+01 1.065E+01 0.000E+00 0.000E+00 0.000E+00 0.000E+00 1.065E+01 2.353E-01  0.0008 0.28290
  5.000E+00 3.289E+01 9.809E+00 0.000E+00 0.000E+00 0.000E+00 0.000E+00 9.809E+00 2.843E-01  0.0010 0.29720
  5.500E+00 3.453E+01 9.111E+00 0.000E+00 0.000E+00 0.000E+00 0.000E+00 9.111E+00 3.373E-01  0.0011 0.31066
  6.000E+00 3.611E+01 8.519E+00 0.000E+00 0.000E+00 0.000E+00 0.000E+00 8.519E+00 3.941E-01  0.0013 0.32339
  7.000E+00 3.909E+01 7.570E+00 0.000E+00 0.000E+00 0.000E+00 0.000E+00 7.570E+00 5.189E-01  0.0017 0.34700
  8.000E+00 4.189E+01 6.840E+00 0.000E+00 0.000E+00 0.000E+00 0.000E+00 6.840E+00 6.581E-01  0.0021 0.36854
  9.000E+00 4.453E+01 6.262E+00 0.000E+00 0.000E+00 0.000E+00 0.000E+00 6.262E+00 8.110E-01  0.0025 0.38836
  1.000E+01 4.704E+01 5.791E+00 0.000E+00 0.000E+00 0.000E+00 0.000E+00 5.791E+00 9.773E-01  0.0030 0.40675
  1.200E+01 5.177E+01 5.070E+00 0.000E+00 0.000E+00 0.000E+00 0.000E+00 5.070E+00 1.347E+00  0.0041 0.43998
  1.400E+01 5.616E+01 4.544E+00 0.000E+00 0.000E+00 0.000E+00 0.000E+00 4.544E+00 1.765E+00  0.0053 0.46937
  1.700E+01 6.230E+01 3.974E+00 0.000E+00 0.000E+00 0.000E+00 0.000E+00 3.974E+00 2.473E+00  0.0073 0.50792
  2.000E+01 6.802E+01 3.568E+00 0.000E+00 0.000E+00 0.000E+00 0.000E+00 3.568E+00 3.272E+00  0.0097 0.54129
  2.500E+01 7.686E+01 3.099E+00 0.000E+00 0.000E+00 0.000E+00 0.000E+00 3.099E+00 4.782E+00  0.0142 0.58827
  3.000E+01 8.509E+01 2.782E+00 0.000E+00 0.000E+00 0.000E+00 0.000E+00 2.782E+00 6.489E+00  0.0193 0.62720
  3.500E+01 9.285E+01 2.555E+00 0.000E+00 0.000E+00 0.000E+00 0.000E+00 2.555E+00 8.368E+00  0.0249 0.66011
  4.000E+01 1.003E+02 2.383E+00 0.000E+00 0.000E+00 0.000E+00 0.000E+00 2.383E+00 1.040E+01  0.0311 0.68834
  4.500E+01 1.074E+02 2.250E+00 0.000E+00 0.000E+00 0.000E+00 0.000E+00 2.250E+00 1.256E+01  0.0377 0.71286
  5.000E+01 1.143E+02 2.145E+00 0.000E+00 0.000E+00 0.000E+00 0.000E+00 2.145E+00 1.484E+01  0.0447 0.73434
  5.500E+01 1.210E+02 2.059E+00 0.000E+00 0.000E+00 0.000E+00 0.000E+00 2.059E+00 1.722E+01  0.0520 0.75332
  6.000E+01 1.276E+02 1.988E+00 0.000E+00 0.000E+00 0.000E+00 0.000E+00 1.988E+00 1.969E+01  0.0597 0.77019
  7.000E+01 1.403E+02 1.879E+00 0.000E+00 0.000E+00 0.000E+00 0.000E+00 1.879E+00 2.487E+01  0.0759 0.79887
  8.000E+01 1.527E+02 1.799E+00 0.000E+00 0.000E+00 0.000E+00 0.000E+00 1.799E+00 3.032E+01  0.0930 0.82227
  9.000E+01 1.647E+02 1.740E+00 0.000E+00 0.000E+00 0.000E+00 0.000E+00 1.740E+00 3.597E+01  0.1108 0.84166
  1.000E+02 1.764E+02 1.694E+00 0.000E+00 0.000E+00 0.000E+00 0.000E+00 1.694E+00 4.180E+01  0.1293 0.85794
  1.200E+02 1.994E+02 1.630E+00 0.000E+00 0.000E+00 0.000E+00 0.000E+00 1.630E+00 5.385E+01  0.1676 0.88361
  1.400E+02 2.218E+02 1.590E+00 0.000E+00 0.000E+00 0.000E+00 0.000E+00 1.590E+00 6.629E+01  0.2071 0.90278
  1.700E+02 2.546E+02 1.554E+00 3.153E-06 2.874E-10 0.000E+00 3.153E-06 1.554E+00 8.540E+01  0.2677 0.92363
  2.000E+02 2.868E+02 1.535E+00 6.618E-06 2.992E-09 0.000E+00 6.621E-06 1.535E+00 1.048E+02  0.3287 0.93835
  2.500E+02 3.396E+02 1.522E+00 1.887E-05 8.628E-08 0.000E+00 1.896E-05 1.522E+00 1.376E+02  0.4296 0.95485
  3.000E+02 3.917E+02 1.522E+00 2.707E-05 5.881E-07 0.000E+00 2.766E-05 1.522E+00 1.704E+02  0.5277 0.96548
  3.500E+02 4.432E+02 1.528E+00 5.334E-05 3.659E-06 0.000E+00 5.700E-05 1.528E+00 2.032E+02  0.6222 0.97274
  4.000E+02 4.945E+02 1.536E+00 1.032E-04 1.063E-05 0.000E+00 1.138E-04 1.536E+00 2.359E+02  0.7128 0.97793
  4.500E+02 5.455E+02 1.545E+00 1.410E-04 1.765E-05 0.000E+00 1.587E-04 1.546E+00 2.683E+02  0.7996 0.98176
  5.000E+02 5.964E+02 1.556E+00 1.751E-04 2.618E-05 0.000E+00 2.013E-04 1.556E+00 3.006E+02  0.8827 0.98467
  5.500E+02 6.471E+02 1.566E+00 2.079E-04 3.627E-05 1.508E-05 2.592E-04 1.566E+00 3.326E+02  0.9622 0.98693
  6.000E+02 6.977E+02 1.576E+00 2.402E-04 4.789E-05 5.029E-05 3.384E-04 1.576E+00 3.644E+02  1.0385 0.98873
  7.000E+02 7.987E+02 1.596E+00 3.055E-04 7.550E-05 1.203E-04 5.013E-04 1.596E+00 4.275E+02  1.1821 0.99136
  8.000E+02 8.995E+02 1.614E+00 3.729E-04 1.087E-04 1.862E-04 6.678E-04 1.615E+00 4.898E+02  1.3151 0.99317
  9.000E+02 1.000E+03 1.631E+00 4.429E-04 1.471E-04 2.492E-04 8.392E-04 1.632E+00 5.514E+02  1.4390 0.99447
  1.000E+03 1.101E+03 1.647E+00 5.156E-04 1.904E-04 3.102E-04 1.016E-03 1.648E+00 6.123E+02  1.5548 0.99542
  1.200E+03 1.301E+03 1.675E+00 6.690E-04 2.906E-04 4.280E-04 1.388E-03 1.676E+00 7.327E+02  1.7663 0.99672
  1.400E+03 1.502E+03 1.699E+00 8.323E-04 4.074E-04 5.419E-04 1.782E-03 1.701E+00 8.511E+02  1.9556 0.99753
  1.700E+03 1.803E+03 1.730E+00 1.094E-03 6.101E-04 7.077E-04 2.411E-03 1.732E+00 1.026E+03  2.2070 0.99829
  2.000E+03 2.103E+03 1.756E+00 1.372E-03 8.422E-04 8.689E-04 3.083E-03 1.759E+00 1.198E+03  2.4281 0.99874
  2.500E+03 2.604E+03 1.791E+00 1.869E-03 1.285E-03 1.130E-03 4.284E-03 1.795E+00 1.479E+03  2.7463 0.99918
  3.000E+03 3.104E+03 1.820E+00 2.400E-03 1.789E-03 1.383E-03 5.572E-03 1.825E+00 1.755E+03  3.0181 0.99942
  3.500E+03 3.604E+03 1.844E+00 2.960E-03 2.344E-03 1.629E-03 6.934E-03 1.850E+00 2.027E+03  3.2555 0.99957
  4.000E+03 4.104E+03 1.864E+00 3.545E-03 2.957E-03 1.870E-03 8.373E-03 1.872E+00 2.296E+03  3.4663 0.99967
  4.500E+03 4.604E+03 1.882E+00 4.152E-03 3.617E-03 2.107E-03 9.876E-03 1.892E+00 2.561E+03  3.6561 0.99974
  5.000E+03 5.105E+03 1.897E+00 4.779E-03 4.314E-03 2.340E-03 1.143E-02 1.909E+00 2.825E+03  3.8287 0.99979
  5.500E+03 5.605E+03 1.912E+00 5.423E-03 5.045E-03 2.569E-03 1.304E-02 1.925E+00 3.085E+03  3.9870 0.99982
  6.000E+03 6.105E+03 1.924E+00 6.084E-03 5.808E-03 2.795E-03 1.469E-02 1.939E+00 3.344E+03  4.1333 0.99985
  7.000E+03 7.105E+03 1.946E+00 7.447E-03 7.417E-03 3.239E-03 1.810E-02 1.964E+00 3.857E+03  4.3964 0.99989
  8.000E+03 8.105E+03 1.965E+00 8.860E-03 9.126E-03 3.673E-03 2.166E-02 1.987E+00 4.363E+03  4.6283 0.99992
  9.000E+03 9.105E+03 1.981E+00 1.032E-02 1.092E-02 4.100E-03 2.534E-02 2.007E+00 4.863E+03  4.8357 0.99993
  1.000E+04 1.011E+04 1.996E+00 1.181E-02 1.280E-02 4.521E-03 2.913E-02 2.025E+00 5.360E+03  5.0235 0.99995
  1.200E+04 1.211E+04 2.020E+00 1.491E-02 1.674E-02 5.345E-03 3.700E-02 2.057E+00 6.339E+03  5.3531 0.99996
  1.400E+04 1.411E+04 2.039E+00 1.812E-02 2.092E-02 6.151E-03 4.519E-02 2.085E+00 7.305E+03  5.6361 0.99997
  1.700E+04 1.711E+04 2.064E+00 2.311E-02 2.755E-02 7.334E-03 5.799E-02 2.122E+00 8.731E+03  5.9975 0.99998
  2.000E+04 2.011E+04 2.083E+00 2.828E-02 3.452E-02 8.493E-03 7.130E-02 2.155E+00 1.013E+04  6.3036 0.99999
  2.500E+04 2.511E+04 2.110E+00 3.723E-02 4.678E-02 1.039E-02 9.440E-02 2.204E+00 1.243E+04  6.7284 0.99999
  3.000E+04 3.011E+04 2.131E+00 4.651E-02 5.967E-02 1.224E-02 1.184E-01 2.249E+00 1.467E+04  7.0786 0.99999
  3.500E+04 3.511E+04 2.148E+00 5.606E-02 7.307E-02 1.407E-02 1.432E-01 2.291E+00 1.688E+04  7.3763 1.00000
  4.000E+04 4.011E+04 2.162E+00 6.584E-02 8.688E-02 1.588E-02 1.686E-01 2.331E+00 1.904E+04  7.6353 1.00000
  4.500E+04 4.511E+04 2.175E+00 7.582E-02 1.010E-01 1.768E-02 1.945E-01 2.370E+00 2.117E+04  7.8645 1.00000
  5.000E+04 5.011E+04 2.186E+00 8.597E-02 1.155E-01 1.947E-02 2.210E-01 2.407E+00 2.326E+04  8.0700 1.00000
  5.500E+04 5.511E+04 2.196E+00 9.627E-02 1.303E-01 2.124E-02 2.478E-01 2.444E+00 2.532E+04  8.2563 1.00000
  6.000E+04 6.011E+04 2.206E+00 1.067E-01 1.452E-01 2.301E-02 2.749E-01 2.481E+00 2.735E+04  8.4267 1.00000
  7.000E+04 7.011E+04 2.221E+00 1.279E-01 1.758E-01 2.653E-02 3.303E-01 2.552E+00 3.133E+04  8.7293 1.00000
  8.000E+04 8.011E+04 2.235E+00 1.496E-01 2.070E-01 3.004E-02 3.867E-01 2.622E+00 3.519E+04  8.9920 1.00000
  9.000E+04 9.011E+04 2.247E+00 1.716E-01 2.388E-01 3.354E-02 4.440E-01 2.691E+00 3.896E+04  9.2243 1.00000
  1.000E+05 1.001E+05 2.258E+00 1.939E-01 2.711E-01 3.703E-02 5.020E-01 2.760E+00 4.263E+04  9.4324 1.00000
  1.200E+05 1.201E+05 2.276E+00 2.394E-01 3.368E-01 4.401E-02 6.202E-01 2.896E+00 4.970E+04  9.7933 1.00000
  1.400E+05 1.401E+05 2.291E+00 2.857E-01 4.038E-01 5.099E-02 7.405E-01 3.031E+00 5.645E+04 10.0991 1.00000
  1.700E+05 1.701E+05 2.310E+00 3.565E-01 5.062E-01 6.148E-02 9.242E-01 3.234E+00 6.603E+04 10.4849 1.00000
  2.000E+05 2.001E+05 2.325E+00 4.286E-01 6.102E-01 7.201E-02 1.111E+00 3.436E+00 7.503E+04 10.8084 1.00000
  2.500E+05 2.501E+05 2.347E+00 5.510E-01 7.865E-01 8.967E-02 1.427E+00 3.774E+00 8.891E+04 11.2531 1.00000
  3.000E+05 3.001E+05 2.364E+00 6.757E-01 9.655E-01 1.075E-01 1.749E+00 4.113E+00 1.016E+05 11.6168 1.00000
  3.500E+05 3.501E+05 2.379E+00 8.021E-01 1.146E+00 1.254E-01 2.074E+00 4.453E+00 1.133E+05 11.9245 1.00000
  4.000E+05 4.001E+05 2.392E+00 9.298E-01 1.329E+00 1.435E-01 2.402E+00 4.794E+00 1.241E+05 12.1912 1.00000
  4.500E+05 4.501E+05 2.403E+00 1.059E+00 1.513E+00 1.617E-01 2.733E+00 5.136E+00 1.342E+05 12.4265 1.00000
  5.000E+05 5.001E+05 2.413E+00 1.189E+00 1.697E+00 1.800E-01 3.066E+00 5.480E+00 1.436E+05 12.6370 1.00000
  5.500E+05 5.501E+05 2.423E+00 1.320E+00 1.883E+00 1.985E-01 3.401E+00 5.824E+00 1.524E+05 12.8275 1.00000
  6.000E+05 6.001E+05 2.431E+00 1.451E+00 2.069E+00 2.170E-01 3.738E+00 6.169E+00 1.608E+05 13.0014 1.00000
  7.000E+05 7.001E+05 2.446E+00 1.716E+00 2.444E+00 2.545E-01 4.415E+00 6.861E+00 1.762E+05 13.3095 1.00000
  8.000E+05 8.001E+05 2.459E+00 1.984E+00 2.821E+00 2.924E-01 5.097E+00 7.556E+00 1.900E+05 13.5764 1.00000
  9.000E+05 9.001E+05 2.471E+00 2.253E+00 3.199E+00 3.306E-01 5.782E+00 8.253E+00 2.027E+05 13.8119 1.00000
  1.000E+06 1.000E+06 2.481E+00 2.523E+00 3.578E+00 3.692E-01 6.471E+00 8.952E+00 2.143E+05 14.0226 1.00000
  1.200E+06 1.200E+06 2.499E+00 3.068E+00 4.341E+00 4.473E-01 7.856E+00 1.035E+01 2.351E+05 14.3871 1.00000
  1.400E+06 1.400E+06 2.514E+00 3.617E+00 5.106E+00 5.266E-01 9.250E+00 1.176E+01 2.532E+05 14.6954 1.00000
  1.700E+06 1.700E+06 2.533E+00 4.446E+00 6.259E+00 6.473E-01 1.135E+01 1.389E+01 2.766E+05 15.0836 1.00000
  2.000E+06 2.000E+06 2.550E+00 5.280E+00 7.416E+00 7.701E-01 1.347E+01 1.602E+01 2.967E+05 15.4086 1.00000
  2.500E+06 2.500E+06 2.572E+00 6.679E+00 9.351E+00 9.785E-01 1.701E+01 1.958E+01 3.249E+05 15.8549 1.00000
  3.000E+06 3.000E+06 2.591E+00 8.085E+00 1.129E+01 1.191E+00 2.057E+01 2.316E+01 3.484E+05 16.2195 1.00000
  3.500E+06 3.500E+06 2.606E+00 9.498E+00 1.324E+01 1.407E+00 2.414E+01 2.675E+01 3.685E+05 16.5278 1.00000
  4.000E+06 4.000E+06 2.620E+00 1.092E+01 1.518E+01 1.626E+00 2.772E+01 3.035E+01 3.860E+05 16.7948 1.00000
  4.500E+06 4.500E+06 2.632E+00 1.234E+01 1.713E+01 1.848E+00 3.132E+01 3.395E+01 4.016E+05 17.0304 1.00000
  5.000E+06 5.000E+06 2.643E+00 1.376E+01 1.909E+01 2.073E+00 3.492E+01 3.756E+01 4.156E+05 17.2411 1.00000
  5.500E+06 5.500E+06 2.653E+00 1.519E+01 2.104E+01 2.300E+00 3.853E+01 4.118E+01 4.283E+05 17.4317 1.00000
  6.000E+06 6.000E+06 2.662E+00 1.661E+01 2.300E+01 2.529E+00 4.214E+01 4.480E+01 4.399E+05 17.6057 1.00000
  7.000E+06 7.000E+06 2.679E+00 1.948E+01 2.691E+01 2.993E+00 4.938E+01 5.206E+01 4.606E+05 17.9140 1.00000
  8.000E+06 8.000E+06 2.693E+00 2.234E+01 3.083E+01 3.464E+00 5.664E+01 5.933E+01 4.786E+05 18.1811 1.00000
  9.000E+06 9.000E+06 2.705E+00 2.522E+01 3.475E+01 3.942E+00 6.391E+01 6.661E+01 4.945E+05 18.4167 1.00000
  1.000E+07 1.000E+07 2.717E+00 2.809E+01 3.867E+01 4.425E+00 7.119E+01 7.391E+01 5.087E+05 18.6274 1.00000
  1.200E+07 1.200E+07 2.736E+00 3.385E+01 4.653E+01 5.407E+00 8.579E+01 8.852E+01 5.334E+05 18.9920 1.00000
  1.400E+07 1.400E+07 2.753E+00 3.962E+01 5.438E+01 6.407E+00 1.004E+02 1.032E+02 5.543E+05 19.3003 1.00000
  1.700E+07 1.700E+07 2.775E+00 4.829E+01 6.618E+01 7.937E+00 1.224E+02 1.252E+02 5.807E+05 19.6886 1.00000
  2.000E+07 2.000E+07 2.792E+00 5.697E+01 7.798E+01 9.497E+00 1.444E+02 1.472E+02 6.028E+05 20.0137 1.00000
  2.500E+07 2.500E+07 2.817E+00 7.144E+01 9.766E+01 1.215E+01 1.813E+02 1.841E+02 6.331E+05 20.4599 1.00000
  3.000E+07 3.000E+07 2.838E+00 8.594E+01 1.173E+02 1.487E+01 2.182E+02 2.210E+02 6.579E+05 20.8246 1.00000
  3.500E+07 3.500E+07 2.855E+00 1.004E+02 1.370E+02 1.764E+01 2.551E+02 2.580E+02 6.788E+05 21.1329 1.00000
  4.000E+07 4.000E+07 2.871E+00 1.149E+02 1.567E+02 2.046E+01 2.922E+02 2.950E+02 6.969E+05 21.4000 1.00000
  4.500E+07 4.500E+07 2.884E+00 1.295E+02 1.765E+02 2.332E+01 3.292E+02 3.321E+02 7.129E+05 21.6355 1.00000
  5.000E+07 5.000E+07 2.896E+00 1.440E+02 1.962E+02 2.621E+01 3.664E+02 3.693E+02 7.271E+05 21.8462 1.00000
  5.500E+07 5.500E+07 2.907E+00 1.585E+02 2.159E+02 2.914E+01 4.035E+02 4.064E+02 7.400E+05 22.0369 1.00000
  6.000E+07 6.000E+07 2.918E+00 1.730E+02 2.356E+02 3.209E+01 4.407E+02 4.436E+02 7.518E+05 22.2109 1.00000
  7.000E+07 7.000E+07 2.936E+00 2.021E+02 2.750E+02 3.809E+01 5.152E+02 5.181E+02 7.727E+05 22.5192 1.00000
  8.000E+07 8.000E+07 2.951E+00 2.312E+02 3.144E+02 4.419E+01 5.898E+02 5.928E+02 7.907E+05 22.7862 1.00000
  9.000E+07 9.000E+07 2.965E+00 2.603E+02 3.539E+02 5.039E+01 6.645E+02 6.675E+02 8.066E+05 23.0218 1.00000
  1.000E+08 1.000E+08 2.978E+00 2.893E+02 3.933E+02 5.666E+01 7.393E+02 7.423E+02 8.208E+05 23.2325 1.00000
  1.200E+08 1.200E+08 3.000E+00 3.475E+02 4.722E+02 6.942E+01 8.892E+02 8.922E+02 8.453E+05 23.5972 1.00000
  1.400E+08 1.400E+08 3.019E+00 4.057E+02 5.511E+02 8.243E+01 1.039E+03 1.042E+03 8.660E+05 23.9055 1.00000
  1.700E+08 1.700E+08 3.042E+00 4.930E+02 6.695E+02 1.024E+02 1.265E+03 1.268E+03 8.921E+05 24.2938 1.00000
  2.000E+08 2.000E+08 3.062E+00 5.803E+02 7.879E+02 1.227E+02 1.491E+03 1.494E+03 9.139E+05 24.6188 1.00000
  2.500E+08 2.500E+08 3.090E+00 7.259E+02 9.852E+02 1.575E+02 1.869E+03 1.872E+03 9.437E+05 25.0651 1.00000
  3.000E+08 3.000E+08 3.113E+00 8.715E+02 1.182E+03 1.930E+02 2.247E+03 2.250E+03 9.681E+05 25.4298 1.00000
  3.500E+08 3.500E+08 3.132E+00 1.017E+03 1.380E+03 2.293E+02 2.626E+03 2.629E+03 9.886E+05 25.7381 1.00000
  4.000E+08 4.000E+08 3.150E+00 1.163E+03 1.577E+03 2.663E+02 3.006E+03 3.009E+03 1.006E+06 26.0051 1.00000
  4.500E+08 4.500E+08 3.165E+00 1.308E+03 1.774E+03 3.038E+02 3.386E+03 3.390E+03 1.022E+06 26.2407 1.00000
  5.000E+08 5.000E+08 3.178E+00 1.454E+03 1.972E+03 3.418E+02 3.767E+03 3.771E+03 1.036E+06 26.4514 1.00000
  5.500E+08 5.500E+08 3.191E+00 1.599E+03 2.169E+03 3.803E+02 4.149E+03 4.152E+03 1.049E+06 26.6420 1.00000
  6.000E+08 6.000E+08 3.202E+00 1.745E+03 2.366E+03 4.192E+02 4.531E+03 4.534E+03 1.060E+06 26.8160 1.00000
  7.000E+08 7.000E+08 3.222E+00 2.036E+03 2.761E+03 4.982E+02 5.296E+03 5.299E+03 1.081E+06 27.1243 1.00000
  8.000E+08 8.000E+08 3.240E+00 2.327E+03 3.156E+03 5.786E+02 6.062E+03 6.065E+03 1.098E+06 27.3914 1.00000
  9.000E+08 9.000E+08 3.255E+00 2.619E+03 3.551E+03 6.602E+02 6.829E+03 6.833E+03 1.114E+06 27.6269 1.00000
  1.000E+09 1.000E+09 3.269E+00 2.910E+03 3.945E+03 7.430E+02 7.598E+03 7.601E+03 1.128E+06 27.8376 1.00000
  1.200E+09 1.200E+09 3.294E+00 3.492E+03 4.735E+03 9.116E+02 9.139E+03 9.142E+03 1.152E+06 28.2022 1.00000
  1.400E+09 1.400E+09 3.315E+00 4.075E+03 5.524E+03 1.084E+03 1.068E+04 1.069E+04 1.172E+06 28.5101 1.00000
  1.700E+09 1.700E+09 3.341E+00 4.948E+03 6.708E+03 1.348E+03 1.300E+04 1.301E+04 1.197E+06 28.8985 1.00000
  2.000E+09 2.000E+09 3.364E+00 5.822E+03 7.892E+03 1.618E+03 1.533E+04 1.534E+04 1.218E+06 29.2220 1.00000
  2.500E+09 2.500E+09 3.395E+00 7.278E+03 9.866E+03 2.078E+03 1.922E+04 1.923E+04 1.247E+06 29.6682 1.00000
  3.000E+09 3.000E+09 3.421E+00 8.734E+03 1.184E+04 2.551E+03 2.313E+04 2.313E+04 1.271E+06 30.0264 1.00000
  3.500E+09 3.500E+09 3.443E+00 1.019E+04 1.381E+04 3.034E+03 2.704E+04 2.704E+04 1.291E+06 30.3347 1.00000
  4.000E+09 4.000E+09 3.462E+00 1.165E+04 1.579E+04 3.526E+03 3.096E+04 3.096E+04 1.308E+06 30.6018 1.00000
  4.500E+09 4.500E+09 3.481E+00 1.310E+04 1.776E+04 4.026E+03 3.489E+04 3.489E+04 1.324E+06 30.8082 1.00000
  5.000E+09 5.000E+09 3.496E+00 1.456E+04 1.973E+04 4.533E+03 3.883E+04 3.883E+04 1.337E+06 31.0189 1.00000
  5.500E+09 5.500E+09 3.510E+00 1.602E+04 2.171E+04 5.047E+03 4.277E+04 4.277E+04 1.349E+06 31.2095 1.00000
  6.000E+09 6.000E+09 3.522E+00 1.747E+04 2.368E+04 5.567E+03 4.672E+04 4.672E+04 1.361E+06 31.3835 1.00000
  7.000E+09 7.000E+09 3.545E+00 2.038E+04 2.763E+04 6.623E+03 5.464E+04 5.464E+04 1.380E+06 31.6918 1.00000
  8.000E+09 8.000E+09 3.576E+00 2.330E+04 3.158E+04 7.699E+03 6.257E+04 6.257E+04 1.397E+06 31.8034 1.00000
  9.000E+09 9.000E+09 3.593E+00 2.621E+04 3.552E+04 8.792E+03 7.052E+04 7.053E+04 1.412E+06 32.0390 1.00000
  1.000E+10 1.000E+10 3.609E+00 2.912E+04 3.947E+04 9.902E+03 7.849E+04 7.850E+04 1.426E+06 32.2497 1.00000
  1.200E+10 1.200E+10 3.636E+00 3.495E+04 4.737E+04 1.216E+04 9.447E+04 9.448E+04 1.449E+06 32.6144 1.00000
  1.400E+10 1.400E+10 3.660E+00 4.077E+04 5.526E+04 1.448E+04 1.105E+05 1.105E+05 1.469E+06 32.9227 1.00000
  1.700E+10 1.700E+10 3.689E+00 4.951E+04 6.710E+04 1.803E+04 1.346E+05 1.346E+05 1.493E+06 33.3110 1.00000
  2.000E+10 2.000E+10 3.714E+00 5.824E+04 7.894E+04 2.166E+04 1.588E+05 1.588E+05 1.514E+06 33.6360 1.00000
  2.500E+10 2.500E+10 3.749E+00 7.281E+04 9.868E+04 2.788E+04 1.994E+05 1.994E+05 1.542E+06 34.0823 1.00000
  3.000E+10 3.000E+10 3.778E+00 8.737E+04 1.184E+05 3.426E+04 2.400E+05 2.400E+05 1.565E+06 34.4469 1.00000
  3.500E+10 3.500E+10 3.802E+00 1.019E+05 1.382E+05 4.079E+04 2.809E+05 2.809E+05 1.584E+06 34.7552 1.00000
  4.000E+10 4.000E+10 3.823E+00 1.165E+05 1.579E+05 4.745E+04 3.218E+05 3.218E+05 1.600E+06 35.0223 1.00000
  4.500E+10 4.500E+10 3.842E+00 1.311E+05 1.776E+05 5.422E+04 3.629E+05 3.629E+05 1.615E+06 35.2579 1.00000
  5.000E+10 5.000E+10 3.859E+00 1.456E+05 1.974E+05 6.110E+04 4.041E+05 4.041E+05 1.628E+06 35.4686 1.00000
  5.500E+10 5.500E+10 3.875E+00 1.602E+05 2.171E+05 6.807E+04 4.453E+05 4.453E+05 1.640E+06 35.6592 1.00000
  6.000E+10 6.000E+10 3.889E+00 1.747E+05 2.368E+05 7.513E+04 4.867E+05 4.867E+05 1.651E+06 35.8332 1.00000
  7.000E+10 7.000E+10 3.914E+00 2.039E+05 2.763E+05 8.948E+04 5.696E+05 5.696E+05 1.670E+06 36.1415 1.00000
  8.000E+10 8.000E+10 3.936E+00 2.330E+05 3.158E+05 1.041E+05 6.529E+05 6.529E+05 1.686E+06 36.4086 1.00000
  9.000E+10 9.000E+10 3.956E+00 2.621E+05 3.552E+05 1.190E+05 7.364E+05 7.364E+05 1.700E+06 36.6442 1.00000
  1.000E+11 1.000E+11 3.973E+00 2.912E+05 3.947E+05 1.341E+05 8.201E+05 8.201E+05 1.713E+06 36.8549 1.00000
  1.200E+11 1.200E+11 4.004E+00 3.495E+05 4.737E+05 1.650E+05 9.881E+05 9.882E+05 1.735E+06 37.2195 1.00000
  1.400E+11 1.400E+11 4.030E+00 4.077E+05 5.526E+05 1.966E+05 1.157E+06 1.157E+06 1.754E+06 37.5278 1.00000
  1.700E+11 1.700E+11 4.063E+00 4.951E+05 6.710E+05 2.452E+05 1.411E+06 1.411E+06 1.778E+06 37.9161 1.00000
  2.000E+11 2.000E+11 4.091E+00 5.825E+05 7.894E+05 2.950E+05 1.667E+06 1.667E+06 1.797E+06 38.2412 1.00000
  2.500E+11 2.500E+11 4.130E+00 7.281E+05 9.868E+05 3.803E+05 2.095E+06 2.095E+06 1.824E+06 38.6875 1.00000
  3.000E+11 3.000E+11 4.162E+00 8.737E+05 1.184E+06 4.681E+05 2.526E+06 2.526E+06 1.846E+06 39.0521 1.00000
  3.500E+11 3.500E+11 4.189E+00 1.019E+06 1.381E+06 5.581E+05 2.959E+06 2.959E+06 1.864E+06 39.3604 1.00000
  4.000E+11 4.000E+11 4.213E+00 1.165E+06 1.579E+06 6.499E+05 3.394E+06 3.394E+06 1.880E+06 39.6275 1.00000
  4.500E+11 4.500E+11 4.234E+00 1.311E+06 1.776E+06 7.434E+05 3.830E+06 3.830E+06 1.893E+06 39.8630 1.00000
  5.000E+11 5.000E+11 4.253E+00 1.456E+06 1.974E+06 8.383E+05 4.268E+06 4.268E+06 1.906E+06 40.0738 1.00000
  5.500E+11 5.500E+11 4.270E+00 1.602E+06 2.171E+06 9.347E+05 4.707E+06 4.707E+06 1.917E+06 40.2644 1.00000
  6.000E+11 6.000E+11 4.286E+00 1.747E+06 2.368E+06 1.032E+06 5.148E+06 5.148E+06 1.927E+06 40.4384 1.00000
  7.000E+11 7.000E+11 4.314E+00 2.039E+06 2.763E+06 1.231E+06 6.033E+06 6.033E+06 1.945E+06 40.7467 1.00000
  8.000E+11 8.000E+11 4.339E+00 2.330E+06 3.158E+06 1.434E+06 6.922E+06 6.922E+06 1.961E+06 41.0138 1.00000
  9.000E+11 9.000E+11 4.360E+00 2.621E+06 3.552E+06 1.641E+06 7.814E+06 7.814E+06 1.974E+06 41.2493 1.00000
  1.000E+12 1.000E+12 4.380E+00 2.912E+06 3.947E+06 1.851E+06 8.711E+06 8.711E+06 1.986E+06 41.4601 1.00000
