 Incident particle is a Muon with M = 105.65839 MeV
 Index = 0: Zinc
      Absorber with <Z/A> = 0.45886
 Density effect computed following Fano (1963)
 Models for Radloss: brems =  SSR, pair =  SSR, photonuc = DRSS

 *** Table generated with PUMAS v1.1 ***

      T         p     Ionization  brems     pair     photonuc  Radloss    dE/dx   CSDA Range  delta   beta
    [MeV]    [MeV/c]  -----------------------[MeV cm^2/g]------------------------  [g/cm^2]
  1.000E+00 1.457E+01 3.059E+01 0.000E+00 0.000E+00 0.000E+00 0.000E+00 3.059E+01 1.634E-02  0.0000 0.13661
  1.200E+00 1.597E+01 2.670E+01 0.000E+00 0.000E+00 0.000E+00 0.000E+00 2.670E+01 2.336E-02  0.0000 0.14944
  1.400E+00 1.726E+01 2.377E+01 0.000E+00 0.000E+00 0.000E+00 0.000E+00 2.377E+01 3.131E-02  0.0000 0.16119
  1.700E+00 1.903E+01 2.051E+01 0.000E+00 0.000E+00 0.000E+00 0.000E+00 2.051E+01 4.494E-02  0.0000 0.17725
  2.000E+00 2.066E+01 1.811E+01 0.000E+00 0.000E+00 0.000E+00 0.000E+00 1.811E+01 6.055E-02  0.0000 0.19186
  2.500E+00 2.312E+01 1.526E+01 0.000E+00 0.000E+00 0.000E+00 0.000E+00 1.526E+01 9.075E-02  0.0000 0.21376
  3.000E+00 2.536E+01 1.326E+01 0.000E+00 0.000E+00 0.000E+00 0.000E+00 1.326E+01 1.260E-01  0.0000 0.23336
  3.500E+00 2.742E+01 1.177E+01 0.000E+00 0.000E+00 0.000E+00 0.000E+00 1.177E+01 1.661E-01  0.0000 0.25120
  4.000E+00 2.935E+01 1.062E+01 0.000E+00 0.000E+00 0.000E+00 0.000E+00 1.062E+01 2.109E-01  0.0000 0.26763
  4.500E+00 3.116E+01 9.703E+00 0.000E+00 0.000E+00 0.000E+00 0.000E+00 9.703E+00 2.602E-01  0.0001 0.28290
  5.000E+00 3.289E+01 8.950E+00 0.000E+00 0.000E+00 0.000E+00 0.000E+00 8.950E+00 3.139E-01  0.0002 0.29720
  5.500E+00 3.453E+01 8.322E+00 0.000E+00 0.000E+00 0.000E+00 0.000E+00 8.322E+00 3.719E-01  0.0003 0.31066
  6.000E+00 3.611E+01 7.789E+00 0.000E+00 0.000E+00 0.000E+00 0.000E+00 7.789E+00 4.340E-01  0.0004 0.32339
  7.000E+00 3.909E+01 6.932E+00 0.000E+00 0.000E+00 0.000E+00 0.000E+00 6.932E+00 5.704E-01  0.0008 0.34700
  8.000E+00 4.189E+01 6.272E+00 0.000E+00 0.000E+00 0.000E+00 0.000E+00 6.272E+00 7.223E-01  0.0013 0.36854
  9.000E+00 4.453E+01 5.748E+00 0.000E+00 0.000E+00 0.000E+00 0.000E+00 5.748E+00 8.891E-01  0.0019 0.38836
  1.000E+01 4.704E+01 5.321E+00 0.000E+00 0.000E+00 0.000E+00 0.000E+00 5.321E+00 1.070E+00  0.0026 0.40675
  1.200E+01 5.177E+01 4.666E+00 0.000E+00 0.000E+00 0.000E+00 0.000E+00 4.666E+00 1.473E+00  0.0043 0.43998
  1.400E+01 5.616E+01 4.186E+00 0.000E+00 0.000E+00 0.000E+00 0.000E+00 4.186E+00 1.926E+00  0.0064 0.46937
  1.700E+01 6.230E+01 3.667E+00 0.000E+00 0.000E+00 0.000E+00 0.000E+00 3.667E+00 2.694E+00  0.0101 0.50792
  2.000E+01 6.802E+01 3.295E+00 0.000E+00 0.000E+00 0.000E+00 0.000E+00 3.295E+00 3.559E+00  0.0145 0.54129
  2.500E+01 7.686E+01 2.866E+00 0.000E+00 0.000E+00 0.000E+00 0.000E+00 2.866E+00 5.193E+00  0.0231 0.58827
  3.000E+01 8.509E+01 2.575E+00 0.000E+00 0.000E+00 0.000E+00 0.000E+00 2.575E+00 7.039E+00  0.0330 0.62720
  3.500E+01 9.285E+01 2.366E+00 0.000E+00 0.000E+00 0.000E+00 0.000E+00 2.366E+00 9.068E+00  0.0439 0.66011
  4.000E+01 1.003E+02 2.208E+00 0.000E+00 0.000E+00 0.000E+00 0.000E+00 2.208E+00 1.126E+01  0.0557 0.68834
  4.500E+01 1.074E+02 2.086E+00 0.000E+00 0.000E+00 0.000E+00 0.000E+00 2.086E+00 1.359E+01  0.0681 0.71286
  5.000E+01 1.143E+02 1.988E+00 0.000E+00 0.000E+00 0.000E+00 0.000E+00 1.988E+00 1.605E+01  0.0811 0.73434
  5.500E+01 1.210E+02 1.909E+00 0.000E+00 0.000E+00 0.000E+00 0.000E+00 1.909E+00 1.862E+01  0.0945 0.75332
  6.000E+01 1.276E+02 1.844E+00 0.000E+00 0.000E+00 0.000E+00 0.000E+00 1.844E+00 2.128E+01  0.1083 0.77019
  7.000E+01 1.403E+02 1.743E+00 0.000E+00 0.000E+00 0.000E+00 0.000E+00 1.743E+00 2.687E+01  0.1365 0.79887
  8.000E+01 1.527E+02 1.669E+00 0.000E+00 0.000E+00 0.000E+00 0.000E+00 1.669E+00 3.274E+01  0.1652 0.82227
  9.000E+01 1.647E+02 1.614E+00 0.000E+00 0.000E+00 0.000E+00 0.000E+00 1.614E+00 3.884E+01  0.1940 0.84166
  1.000E+02 1.764E+02 1.571E+00 0.000E+00 0.000E+00 0.000E+00 0.000E+00 1.571E+00 4.512E+01  0.2229 0.85794
  1.200E+02 1.994E+02 1.512E+00 0.000E+00 0.000E+00 0.000E+00 0.000E+00 1.512E+00 5.811E+01  0.2799 0.88361
  1.400E+02 2.218E+02 1.475E+00 0.000E+00 0.000E+00 0.000E+00 0.000E+00 1.475E+00 7.152E+01  0.3354 0.90278
  1.700E+02 2.546E+02 1.442E+00 0.000E+00 0.000E+00 0.000E+00 0.000E+00 1.442E+00 9.211E+01  0.4151 0.92363
  2.000E+02 2.868E+02 1.424E+00 0.000E+00 0.000E+00 0.000E+00 0.000E+00 1.424E+00 1.131E+02  0.4904 0.93835
  2.500E+02 3.396E+02 1.414E+00 0.000E+00 0.000E+00 0.000E+00 0.000E+00 1.414E+00 1.483E+02  0.6066 0.95485
  3.000E+02 3.917E+02 1.415E+00 0.000E+00 0.000E+00 0.000E+00 0.000E+00 1.415E+00 1.837E+02  0.7128 0.96548
  3.500E+02 4.432E+02 1.421E+00 9.116E-05 7.116E-06 0.000E+00 9.827E-05 1.421E+00 2.190E+02  0.8106 0.97274
  4.000E+02 4.945E+02 1.430E+00 1.466E-04 1.422E-05 0.000E+00 1.608E-04 1.430E+00 2.541E+02  0.9014 0.97793
  4.500E+02 5.455E+02 1.440E+00 1.934E-04 2.337E-05 0.000E+00 2.168E-04 1.440E+00 2.889E+02  0.9863 0.98176
  5.000E+02 5.964E+02 1.451E+00 2.370E-04 3.464E-05 0.000E+00 2.716E-04 1.451E+00 3.235E+02  1.0662 0.98467
  5.500E+02 6.471E+02 1.461E+00 2.793E-04 4.799E-05 1.491E-05 3.422E-04 1.462E+00 3.578E+02  1.1418 0.98693
  6.000E+02 6.977E+02 1.472E+00 3.215E-04 6.335E-05 4.981E-05 4.347E-04 1.472E+00 3.919E+02  1.2136 0.98873
  7.000E+02 7.987E+02 1.492E+00 4.071E-04 9.989E-05 1.192E-04 6.261E-04 1.493E+00 4.594E+02  1.3477 0.99136
  8.000E+02 8.995E+02 1.511E+00 4.956E-04 1.438E-04 1.844E-04 8.238E-04 1.512E+00 5.259E+02  1.4709 0.99317
  9.000E+02 1.000E+03 1.529E+00 5.876E-04 1.946E-04 2.467E-04 1.029E-03 1.530E+00 5.917E+02  1.5850 0.99447
  1.000E+03 1.101E+03 1.545E+00 6.832E-04 2.519E-04 3.070E-04 1.242E-03 1.546E+00 6.567E+02  1.6912 0.99542
  1.200E+03 1.301E+03 1.574E+00 8.849E-04 3.844E-04 4.231E-04 1.692E-03 1.575E+00 7.848E+02  1.8841 0.99672
  1.400E+03 1.502E+03 1.599E+00 1.099E-03 5.389E-04 5.352E-04 2.174E-03 1.601E+00 9.107E+02  2.0556 0.99753
  1.700E+03 1.803E+03 1.631E+00 1.443E-03 8.072E-04 6.982E-04 2.948E-03 1.634E+00 1.096E+03  2.2813 0.99829
  2.000E+03 2.103E+03 1.658E+00 1.808E-03 1.114E-03 8.563E-04 3.779E-03 1.662E+00 1.278E+03  2.4778 0.99874
  2.500E+03 2.604E+03 1.695E+00 2.460E-03 1.701E-03 1.112E-03 5.273E-03 1.701E+00 1.576E+03  2.7579 0.99918
  3.000E+03 3.104E+03 1.726E+00 3.157E-03 2.367E-03 1.359E-03 6.883E-03 1.733E+00 1.867E+03  2.9951 0.99942
  3.500E+03 3.604E+03 1.752E+00 3.892E-03 3.102E-03 1.600E-03 8.593E-03 1.760E+00 2.153E+03  3.2016 0.99957
  4.000E+03 4.104E+03 1.774E+00 4.659E-03 3.908E-03 1.835E-03 1.040E-02 1.784E+00 2.435E+03  3.3851 0.99967
  4.500E+03 4.604E+03 1.793E+00 5.454E-03 4.774E-03 2.065E-03 1.229E-02 1.805E+00 2.714E+03  3.5507 0.99974
  5.000E+03 5.105E+03 1.810E+00 6.275E-03 5.689E-03 2.291E-03 1.426E-02 1.824E+00 2.989E+03  3.7021 0.99979
  5.500E+03 5.605E+03 1.825E+00 7.118E-03 6.649E-03 2.514E-03 1.628E-02 1.841E+00 3.262E+03  3.8418 0.99982
  6.000E+03 6.105E+03 1.838E+00 7.982E-03 7.650E-03 2.733E-03 1.837E-02 1.857E+00 3.532E+03  3.9717 0.99985
  7.000E+03 7.105E+03 1.862E+00 9.766E-03 9.762E-03 3.164E-03 2.269E-02 1.885E+00 4.067E+03  4.2077 0.99989
  8.000E+03 8.105E+03 1.882E+00 1.161E-02 1.200E-02 3.585E-03 2.720E-02 1.909E+00 4.594E+03  4.4183 0.99992
  9.000E+03 9.105E+03 1.899E+00 1.352E-02 1.436E-02 3.998E-03 3.188E-02 1.931E+00 5.115E+03  4.6088 0.99993
  1.000E+04 1.011E+04 1.914E+00 1.548E-02 1.682E-02 4.405E-03 3.670E-02 1.950E+00 5.630E+03  4.7826 0.99995
  1.200E+04 1.211E+04 1.939E+00 1.952E-02 2.199E-02 5.201E-03 4.671E-02 1.986E+00 6.646E+03  5.0908 0.99996
  1.400E+04 1.411E+04 1.959E+00 2.371E-02 2.747E-02 5.978E-03 5.715E-02 2.017E+00 7.646E+03  5.3578 0.99997
  1.700E+04 1.711E+04 1.985E+00 3.023E-02 3.614E-02 7.118E-03 7.349E-02 2.058E+00 9.118E+03  5.7010 0.99998
  2.000E+04 2.011E+04 2.005E+00 3.698E-02 4.528E-02 8.233E-03 9.049E-02 2.095E+00 1.056E+04  5.9932 0.99999
  2.500E+04 2.511E+04 2.032E+00 4.866E-02 6.133E-02 1.005E-02 1.200E-01 2.152E+00 1.292E+04  6.4003 0.99999
  3.000E+04 3.011E+04 2.053E+00 6.077E-02 7.820E-02 1.183E-02 1.508E-01 2.204E+00 1.521E+04  6.7373 0.99999
  3.500E+04 3.511E+04 2.071E+00 7.323E-02 9.573E-02 1.359E-02 1.825E-01 2.253E+00 1.746E+04  7.0248 1.00000
  4.000E+04 4.011E+04 2.086E+00 8.598E-02 1.138E-01 1.532E-02 2.151E-01 2.301E+00 1.965E+04  7.2757 1.00000
  4.500E+04 4.511E+04 2.099E+00 9.899E-02 1.323E-01 1.704E-02 2.484E-01 2.347E+00 2.180E+04  7.4983 1.00000
  5.000E+04 5.011E+04 2.110E+00 1.122E-01 1.513E-01 1.874E-02 2.822E-01 2.392E+00 2.391E+04  7.6986 1.00000
  5.500E+04 5.511E+04 2.120E+00 1.256E-01 1.705E-01 2.044E-02 3.166E-01 2.437E+00 2.598E+04  7.8806 1.00000
  6.000E+04 6.011E+04 2.129E+00 1.392E-01 1.901E-01 2.213E-02 3.515E-01 2.481E+00 2.802E+04  8.0474 1.00000
  7.000E+04 7.011E+04 2.145E+00 1.669E-01 2.300E-01 2.549E-02 4.225E-01 2.568E+00 3.198E+04  8.3446 1.00000
  8.000E+04 8.011E+04 2.159E+00 1.951E-01 2.709E-01 2.883E-02 4.948E-01 2.654E+00 3.581E+04  8.6035 1.00000
  9.000E+04 9.011E+04 2.171E+00 2.238E-01 3.124E-01 3.217E-02 5.684E-01 2.739E+00 3.952E+04  8.8330 1.00000
  1.000E+05 1.001E+05 2.181E+00 2.529E-01 3.546E-01 3.549E-02 6.430E-01 2.824E+00 4.311E+04  9.0391 1.00000
  1.200E+05 1.201E+05 2.199E+00 3.121E-01 4.404E-01 4.213E-02 7.946E-01 2.994E+00 4.999E+04  9.3973 1.00000
  1.400E+05 1.401E+05 2.214E+00 3.724E-01 5.279E-01 4.878E-02 9.491E-01 3.163E+00 5.649E+04  9.7014 1.00000
  1.700E+05 1.701E+05 2.233E+00 4.645E-01 6.615E-01 5.875E-02 1.185E+00 3.417E+00 6.561E+04 10.0857 1.00000
  2.000E+05 2.001E+05 2.248E+00 5.584E-01 7.974E-01 6.876E-02 1.425E+00 3.673E+00 7.408E+04 10.4083 1.00000
  2.500E+05 2.501E+05 2.269E+00 7.177E-01 1.027E+00 8.554E-02 1.831E+00 4.100E+00 8.696E+04 10.8522 1.00000
  3.000E+05 3.001E+05 2.286E+00 8.798E-01 1.261E+00 1.024E-01 2.243E+00 4.529E+00 9.856E+04 11.2155 1.00000
  3.500E+05 3.501E+05 2.301E+00 1.044E+00 1.497E+00 1.195E-01 2.660E+00 4.961E+00 1.091E+05 11.5230 1.00000
  4.000E+05 4.001E+05 2.314E+00 1.210E+00 1.735E+00 1.366E-01 3.082E+00 5.395E+00 1.188E+05 11.7895 1.00000
  4.500E+05 4.501E+05 2.325E+00 1.378E+00 1.974E+00 1.539E-01 3.506E+00 5.831E+00 1.277E+05 12.0247 1.00000
  5.000E+05 5.001E+05 2.335E+00 1.547E+00 2.215E+00 1.713E-01 3.933E+00 6.268E+00 1.359E+05 12.2351 1.00000
  5.500E+05 5.501E+05 2.344E+00 1.717E+00 2.457E+00 1.888E-01 4.363E+00 6.706E+00 1.437E+05 12.4255 1.00000
  6.000E+05 6.001E+05 2.352E+00 1.888E+00 2.700E+00 2.064E-01 4.794E+00 7.146E+00 1.509E+05 12.5994 1.00000
  7.000E+05 7.001E+05 2.367E+00 2.233E+00 3.188E+00 2.419E-01 5.662E+00 8.029E+00 1.641E+05 12.9075 1.00000
  8.000E+05 8.001E+05 2.379E+00 2.580E+00 3.679E+00 2.778E-01 6.536E+00 8.916E+00 1.759E+05 13.1744 1.00000
  9.000E+05 9.001E+05 2.391E+00 2.929E+00 4.171E+00 3.140E-01 7.415E+00 9.805E+00 1.866E+05 13.4098 1.00000
  1.000E+06 1.000E+06 2.401E+00 3.281E+00 4.666E+00 3.506E-01 8.297E+00 1.070E+01 1.963E+05 13.6205 1.00000
  1.200E+06 1.200E+06 2.418E+00 3.989E+00 5.659E+00 4.246E-01 1.007E+01 1.249E+01 2.136E+05 13.9850 1.00000
  1.400E+06 1.400E+06 2.433E+00 4.701E+00 6.655E+00 4.997E-01 1.186E+01 1.429E+01 2.286E+05 14.2932 1.00000
  1.700E+06 1.700E+06 2.452E+00 5.778E+00 8.156E+00 6.141E-01 1.455E+01 1.700E+01 2.478E+05 14.6815 1.00000
  2.000E+06 2.000E+06 2.468E+00 6.860E+00 9.663E+00 7.304E-01 1.725E+01 1.972E+01 2.642E+05 15.0065 1.00000
  2.500E+06 2.500E+06 2.490E+00 8.676E+00 1.218E+01 9.277E-01 2.178E+01 2.427E+01 2.870E+05 15.4527 1.00000
  3.000E+06 3.000E+06 2.508E+00 1.050E+01 1.471E+01 1.129E+00 2.634E+01 2.885E+01 3.059E+05 15.8173 1.00000
  3.500E+06 3.500E+06 2.524E+00 1.233E+01 1.724E+01 1.334E+00 3.091E+01 3.343E+01 3.220E+05 16.1256 1.00000
  4.000E+06 4.000E+06 2.537E+00 1.417E+01 1.977E+01 1.541E+00 3.549E+01 3.802E+01 3.360E+05 16.3926 1.00000
  4.500E+06 4.500E+06 2.549E+00 1.602E+01 2.231E+01 1.751E+00 4.008E+01 4.263E+01 3.484E+05 16.6282 1.00000
  5.000E+06 5.000E+06 2.560E+00 1.786E+01 2.485E+01 1.964E+00 4.468E+01 4.724E+01 3.595E+05 16.8389 1.00000
  5.500E+06 5.500E+06 2.570E+00 1.971E+01 2.739E+01 2.179E+00 4.929E+01 5.186E+01 3.696E+05 17.0295 1.00000
  6.000E+06 6.000E+06 2.579E+00 2.157E+01 2.994E+01 2.396E+00 5.390E+01 5.648E+01 3.789E+05 17.2035 1.00000
  7.000E+06 7.000E+06 2.595E+00 2.528E+01 3.503E+01 2.835E+00 6.315E+01 6.574E+01 3.953E+05 17.5118 1.00000
  8.000E+06 8.000E+06 2.608E+00 2.900E+01 4.013E+01 3.281E+00 7.241E+01 7.502E+01 4.095E+05 17.7789 1.00000
  9.000E+06 9.000E+06 2.621E+00 3.272E+01 4.523E+01 3.734E+00 8.169E+01 8.431E+01 4.221E+05 18.0145 1.00000
  1.000E+07 1.000E+07 2.632E+00 3.645E+01 5.034E+01 4.191E+00 9.098E+01 9.361E+01 4.333E+05 18.2252 1.00000
  1.200E+07 1.200E+07 2.651E+00 4.392E+01 6.056E+01 5.121E+00 1.096E+02 1.122E+02 4.528E+05 18.5898 1.00000
  1.400E+07 1.400E+07 2.668E+00 5.140E+01 7.078E+01 6.068E+00 1.282E+02 1.309E+02 4.693E+05 18.8981 1.00000
  1.700E+07 1.700E+07 2.688E+00 6.263E+01 8.613E+01 7.516E+00 1.563E+02 1.590E+02 4.901E+05 19.2864 1.00000
  2.000E+07 2.000E+07 2.706E+00 7.388E+01 1.015E+02 8.993E+00 1.844E+02 1.871E+02 5.074E+05 19.6115 1.00000
  2.500E+07 2.500E+07 2.730E+00 9.265E+01 1.271E+02 1.151E+01 2.312E+02 2.340E+02 5.313E+05 20.0577 1.00000
  3.000E+07 3.000E+07 2.750E+00 1.114E+02 1.527E+02 1.408E+01 2.782E+02 2.810E+02 5.508E+05 20.4224 1.00000
  3.500E+07 3.500E+07 2.768E+00 1.302E+02 1.783E+02 1.670E+01 3.253E+02 3.280E+02 5.672E+05 20.7307 1.00000
  4.000E+07 4.000E+07 2.783E+00 1.490E+02 2.040E+02 1.937E+01 3.724E+02 3.752E+02 5.815E+05 20.9978 1.00000
  4.500E+07 4.500E+07 2.796E+00 1.678E+02 2.296E+02 2.208E+01 4.195E+02 4.223E+02 5.940E+05 21.2333 1.00000
  5.000E+07 5.000E+07 2.808E+00 1.867E+02 2.552E+02 2.481E+01 4.667E+02 4.695E+02 6.052E+05 21.4440 1.00000
  5.500E+07 5.500E+07 2.819E+00 2.055E+02 2.809E+02 2.759E+01 5.140E+02 5.168E+02 6.154E+05 21.6347 1.00000
  6.000E+07 6.000E+07 2.829E+00 2.243E+02 3.065E+02 3.039E+01 5.612E+02 5.641E+02 6.246E+05 21.8087 1.00000
  7.000E+07 7.000E+07 2.846E+00 2.620E+02 3.578E+02 3.607E+01 6.559E+02 6.587E+02 6.410E+05 22.1170 1.00000
  8.000E+07 8.000E+07 2.862E+00 2.997E+02 4.092E+02 4.184E+01 7.506E+02 7.535E+02 6.552E+05 22.3840 1.00000
  9.000E+07 9.000E+07 2.875E+00 3.373E+02 4.605E+02 4.770E+01 8.455E+02 8.484E+02 6.677E+05 22.6196 1.00000
  1.000E+08 1.000E+08 2.888E+00 3.750E+02 5.118E+02 5.364E+01 9.405E+02 9.433E+02 6.789E+05 22.8303 1.00000
  1.200E+08 1.200E+08 2.909E+00 4.504E+02 6.144E+02 6.572E+01 1.131E+03 1.133E+03 6.982E+05 23.1950 1.00000
  1.400E+08 1.400E+08 2.927E+00 5.258E+02 7.171E+02 7.804E+01 1.321E+03 1.324E+03 7.145E+05 23.5033 1.00000
  1.700E+08 1.700E+08 2.951E+00 6.390E+02 8.711E+02 9.691E+01 1.607E+03 1.610E+03 7.351E+05 23.8916 1.00000
  2.000E+08 2.000E+08 2.970E+00 7.521E+02 1.025E+03 1.162E+02 1.893E+03 1.896E+03 7.522E+05 24.2166 1.00000
  2.500E+08 2.500E+08 2.998E+00 9.407E+02 1.282E+03 1.491E+02 2.372E+03 2.375E+03 7.757E+05 24.6629 1.00000
  3.000E+08 3.000E+08 3.020E+00 1.129E+03 1.539E+03 1.827E+02 2.851E+03 2.854E+03 7.949E+05 25.0276 1.00000
  3.500E+08 3.500E+08 3.039E+00 1.318E+03 1.795E+03 2.171E+02 3.330E+03 3.333E+03 8.111E+05 25.3359 1.00000
  4.000E+08 4.000E+08 3.056E+00 1.507E+03 2.052E+03 2.521E+02 3.811E+03 3.814E+03 8.251E+05 25.6029 1.00000
  4.500E+08 4.500E+08 3.071E+00 1.695E+03 2.309E+03 2.876E+02 4.291E+03 4.295E+03 8.375E+05 25.8385 1.00000
  5.000E+08 5.000E+08 3.084E+00 1.884E+03 2.565E+03 3.236E+02 4.773E+03 4.776E+03 8.485E+05 26.0492 1.00000
  5.500E+08 5.500E+08 3.096E+00 2.072E+03 2.822E+03 3.600E+02 5.255E+03 5.258E+03 8.585E+05 26.2398 1.00000
  6.000E+08 6.000E+08 3.107E+00 2.261E+03 3.079E+03 3.968E+02 5.737E+03 5.740E+03 8.676E+05 26.4138 1.00000
  7.000E+08 7.000E+08 3.127E+00 2.638E+03 3.592E+03 4.716E+02 6.703E+03 6.706E+03 8.837E+05 26.7221 1.00000
  8.000E+08 8.000E+08 3.144E+00 3.016E+03 4.106E+03 5.477E+02 7.669E+03 7.673E+03 8.976E+05 26.9892 1.00000
  9.000E+08 9.000E+08 3.159E+00 3.393E+03 4.620E+03 6.250E+02 8.638E+03 8.641E+03 9.099E+05 27.2247 1.00000
  1.000E+09 1.000E+09 3.173E+00 3.770E+03 5.133E+03 7.034E+02 9.607E+03 9.610E+03 9.208E+05 27.4354 1.00000
  1.200E+09 1.200E+09 3.197E+00 4.525E+03 6.160E+03 8.630E+02 1.155E+04 1.155E+04 9.398E+05 27.8000 1.00000
  1.400E+09 1.400E+09 3.218E+00 5.280E+03 7.187E+03 1.026E+03 1.349E+04 1.350E+04 9.558E+05 28.1079 1.00000
  1.700E+09 1.700E+09 3.244E+00 6.412E+03 8.728E+03 1.276E+03 1.642E+04 1.642E+04 9.759E+05 28.4963 1.00000
  2.000E+09 2.000E+09 3.266E+00 7.544E+03 1.027E+04 1.531E+03 1.934E+04 1.935E+04 9.927E+05 28.8198 1.00000
  2.500E+09 2.500E+09 3.296E+00 9.430E+03 1.284E+04 1.968E+03 2.423E+04 2.424E+04 1.016E+06 29.2660 1.00000
  3.000E+09 3.000E+09 3.322E+00 1.132E+04 1.540E+04 2.415E+03 2.914E+04 2.914E+04 1.035E+06 29.6242 1.00000
  3.500E+09 3.500E+09 3.343E+00 1.320E+04 1.797E+04 2.873E+03 3.405E+04 3.405E+04 1.050E+06 29.9325 1.00000
  4.000E+09 4.000E+09 3.362E+00 1.509E+04 2.054E+04 3.338E+03 3.897E+04 3.897E+04 1.064E+06 30.1996 1.00000
  4.500E+09 4.500E+09 3.380E+00 1.698E+04 2.311E+04 3.812E+03 4.390E+04 4.390E+04 1.076E+06 30.4060 1.00000
  5.000E+09 5.000E+09 3.395E+00 1.886E+04 2.568E+04 4.292E+03 4.883E+04 4.883E+04 1.087E+06 30.6167 1.00000
  5.500E+09 5.500E+09 3.409E+00 2.075E+04 2.824E+04 4.778E+03 5.377E+04 5.377E+04 1.097E+06 30.8073 1.00000
  6.000E+09 6.000E+09 3.421E+00 2.264E+04 3.081E+04 5.270E+03 5.872E+04 5.872E+04 1.106E+06 30.9813 1.00000
  7.000E+09 7.000E+09 3.443E+00 2.641E+04 3.595E+04 6.270E+03 6.863E+04 6.863E+04 1.121E+06 31.2896 1.00000
  8.000E+09 8.000E+09 3.473E+00 3.018E+04 4.108E+04 7.288E+03 7.855E+04 7.856E+04 1.135E+06 31.4012 1.00000
  9.000E+09 9.000E+09 3.491E+00 3.396E+04 4.622E+04 8.323E+03 8.850E+04 8.850E+04 1.147E+06 31.6368 1.00000
  1.000E+10 1.000E+10 3.506E+00 3.773E+04 5.135E+04 9.374E+03 9.846E+04 9.846E+04 1.158E+06 31.8475 1.00000
  1.200E+10 1.200E+10 3.533E+00 4.528E+04 6.162E+04 1.151E+04 1.184E+05 1.184E+05 1.176E+06 32.2122 1.00000
  1.400E+10 1.400E+10 3.556E+00 5.282E+04 7.190E+04 1.370E+04 1.384E+05 1.384E+05 1.192E+06 32.5205 1.00000
  1.700E+10 1.700E+10 3.585E+00 6.414E+04 8.730E+04 1.706E+04 1.685E+05 1.685E+05 1.211E+06 32.9088 1.00000
  2.000E+10 2.000E+10 3.609E+00 7.546E+04 1.027E+05 2.050E+04 1.987E+05 1.987E+05 1.228E+06 33.2338 1.00000
  2.500E+10 2.500E+10 3.643E+00 9.433E+04 1.284E+05 2.639E+04 2.491E+05 2.491E+05 1.250E+06 33.6801 1.00000
  3.000E+10 3.000E+10 3.671E+00 1.132E+05 1.541E+05 3.243E+04 2.997E+05 2.997E+05 1.269E+06 34.0447 1.00000
  3.500E+10 3.500E+10 3.695E+00 1.321E+05 1.797E+05 3.862E+04 3.504E+05 3.504E+05 1.284E+06 34.3530 1.00000
  4.000E+10 4.000E+10 3.716E+00 1.509E+05 2.054E+05 4.492E+04 4.013E+05 4.013E+05 1.297E+06 34.6201 1.00000
  4.500E+10 4.500E+10 3.735E+00 1.698E+05 2.311E+05 5.133E+04 4.522E+05 4.522E+05 1.309E+06 34.8557 1.00000
  5.000E+10 5.000E+10 3.751E+00 1.887E+05 2.568E+05 5.784E+04 5.033E+05 5.033E+05 1.319E+06 35.0664 1.00000
  5.500E+10 5.500E+10 3.766E+00 2.075E+05 2.825E+05 6.444E+04 5.544E+05 5.544E+05 1.329E+06 35.2570 1.00000
  6.000E+10 6.000E+10 3.780E+00 2.264E+05 3.081E+05 7.112E+04 6.056E+05 6.057E+05 1.338E+06 35.4310 1.00000
  7.000E+10 7.000E+10 3.805E+00 2.641E+05 3.595E+05 8.471E+04 7.083E+05 7.083E+05 1.353E+06 35.7393 1.00000
  8.000E+10 8.000E+10 3.827E+00 3.019E+05 4.108E+05 9.857E+04 8.113E+05 8.113E+05 1.366E+06 36.0064 1.00000
  9.000E+10 9.000E+10 3.846E+00 3.396E+05 4.622E+05 1.127E+05 9.145E+05 9.145E+05 1.378E+06 36.2420 1.00000
  1.000E+11 1.000E+11 3.863E+00 3.773E+05 5.135E+05 1.270E+05 1.018E+06 1.018E+06 1.388E+06 36.4527 1.00000
  1.200E+11 1.200E+11 3.893E+00 4.528E+05 6.163E+05 1.562E+05 1.225E+06 1.225E+06 1.406E+06 36.8173 1.00000
  1.400E+11 1.400E+11 3.918E+00 5.283E+05 7.190E+05 1.861E+05 1.433E+06 1.433E+06 1.421E+06 37.1256 1.00000
  1.700E+11 1.700E+11 3.951E+00 6.415E+05 8.730E+05 2.321E+05 1.747E+06 1.747E+06 1.440E+06 37.5139 1.00000
  2.000E+11 2.000E+11 3.978E+00 7.547E+05 1.027E+06 2.793E+05 2.061E+06 2.061E+06 1.456E+06 37.8390 1.00000
  2.500E+11 2.500E+11 4.016E+00 9.433E+05 1.284E+06 3.601E+05 2.587E+06 2.587E+06 1.477E+06 38.2853 1.00000
  3.000E+11 3.000E+11 4.048E+00 1.132E+06 1.541E+06 4.432E+05 3.116E+06 3.116E+06 1.495E+06 38.6499 1.00000
  3.500E+11 3.500E+11 4.074E+00 1.321E+06 1.797E+06 5.283E+05 3.646E+06 3.646E+06 1.510E+06 38.9582 1.00000
  4.000E+11 4.000E+11 4.098E+00 1.509E+06 2.054E+06 6.152E+05 4.179E+06 4.179E+06 1.522E+06 39.2253 1.00000
  4.500E+11 4.500E+11 4.118E+00 1.698E+06 2.311E+06 7.037E+05 4.713E+06 4.713E+06 1.534E+06 39.4608 1.00000
  5.000E+11 5.000E+11 4.137E+00 1.887E+06 2.568E+06 7.936E+05 5.248E+06 5.248E+06 1.544E+06 39.6716 1.00000
  5.500E+11 5.500E+11 4.154E+00 2.075E+06 2.824E+06 8.849E+05 5.785E+06 5.785E+06 1.553E+06 39.8622 1.00000
  6.000E+11 6.000E+11 4.169E+00 2.264E+06 3.081E+06 9.773E+05 6.322E+06 6.322E+06 1.561E+06 40.0362 1.00000
  7.000E+11 7.000E+11 4.197E+00 2.641E+06 3.595E+06 1.166E+06 7.402E+06 7.402E+06 1.576E+06 40.3445 1.00000
  8.000E+11 8.000E+11 4.221E+00 3.019E+06 4.108E+06 1.358E+06 8.485E+06 8.485E+06 1.588E+06 40.6116 1.00000
  9.000E+11 9.000E+11 4.242E+00 3.396E+06 4.622E+06 1.554E+06 9.571E+06 9.571E+06 1.599E+06 40.8471 1.00000
  1.000E+12 1.000E+12 4.262E+00 3.773E+06 5.135E+06 1.753E+06 1.066E+07 1.066E+07 1.609E+06 41.0579 1.00000
